 31-Jan-26 07/09/2014
     1               1
  0.100000000E+01
*   1.000             1               0 DN    3   2 CLC    40   41
  0.000000000E+00 0.170000000E+03 0.200000000E+01 0.627927236E+06
  0.627927236E+06 0.170218927E+03-0.513395309E-01 0.442001546E+02
  0.164971168E+01 0.760888025E+00 0.764082571E+00 0.966441308E+07
  0.175240639E+03-0.391619815E-01 0.632112205E+01 0.226971425E+01
  0.207575683E+01 0.102259423E+01 0.100000000E+11 0.470166190E+01
  0.100000000E+11 0.100000000E+11 0.412969650E+01-0.664426464E+00
  0.139618904E+03 0.867818073E+02 0.427058247E+02
  0.000000000E+00 0.000000000E+00 0.000000000E+00
  0.884003093E+02 0.855984177E+02
  0.000000000E+00 0.000000000E+00
  0.582723055E+01 0.208866324E+00 0.280700192E+01 0.378210415E+01
  0.107912047E+01 0.126401779E+02-0.500000000E+02-0.500000000E+02
 -0.500000000E+02 0.795568465E-01 0.932985618E+04 0.522324250E+06
  0.933509850E-04 0.148039874E+01 0.224179808E+01-0.662094554E-02
  0.132512861E+01 0.169761539E+03 0.000000000E+00 0.000000000E+00
  0.136446359E+03-0.729688508E+02 0.136587558E+03 0.728661718E+02
 -0.100000000E+03-0.500000000E+02 0.185713526E+01 0.189143779E+01
  0.100000000E+03 0.133413503E+02 0.406170558E+02 0.470166190E+01
  0.179757432E+03-0.752451645E-02 0.213083246E+00 0.000000000E+00
  0.140615360E+01 0.153754372E+01 0.353831487E+06 0.000000000E+00
  0.000000000E+00 0.000000000E+00 0.746981558E+00 0.100000000E+02
    44   60   18    6
 -0.333729374E-01-0.681476345E-02 0.104559259E+00 0.154543853E+00
  0.182896994E+00-0.164468047E+00-0.345122243E+00 0.198691895E+00
  0.910091469E-01-0.351155228E-01-0.432663465E-02 0.105919816E+00
  0.153012431E+00 0.180402562E+00-0.164205273E+00-0.347619356E+00
  0.194733104E+00 0.916711897E-01-0.263581839E-01-0.160622476E-01
  0.525829393E-01 0.132001732E+00 0.158109918E+00 0.181195438E+00
  0.726354967E-01-0.272561696E+00-0.265578651E+00-0.202306849E+00
 -0.163748585E+00-0.159676612E-01 0.528335003E-01 0.131102767E+00
  0.156009119E+00 0.176877815E+00 0.769212394E-02-0.274737742E+00
 -0.260949256E+00-0.202589373E+00-0.163395033E+00 0.145269065E+00
  0.103913334E+00 0.117437897E+00 0.731308802E-01 0.155804766E-01
  0.295950112E+00 0.291478530E+00 0.242401754E+00-0.738186580E-01
 -0.907115356E-01-0.114008847E+00-0.164387299E+00-0.104089352E+00
  0.793103208E-01 0.230076484E+00 0.348039899E+00 0.250488841E+00
  0.219827229E+00 0.194945908E+00 0.183389539E+00 0.299224508E+00
  0.236458230E+00-0.725652672E-01-0.888313883E-01-0.116796460E+00
 -0.158378173E+00-0.106082930E+00-0.123093589E+00 0.142518772E+00
  0.304892456E+00 0.343788574E+00 0.253357277E+00 0.222042207E+00
  0.192812254E+00-0.167999892E+00-0.124407236E+00-0.108423101E+00
  0.778981458E-01 0.138277764E+00 0.250431207E+00 0.320209344E+00
  0.244529129E+00 0.216124682E+00 0.195038632E+00 0.181456383E+00
  0.193920720E+00 0.221012613E+00 0.252639062E+00 0.326630069E+00
  0.299150008E+00 0.142957157E+00-0.120866761E+00-0.103843763E+00
 -0.156367186E+00-0.115663583E+00-0.867360923E-01-0.677370605E-01
  0.235582001E+00 0.298619659E+00 0.295545000E+00 0.290882937E+00
  0.243706100E+00-0.644012721E-01-0.862163085E-01-0.120508983E+00
 -0.129531622E+06-0.155929414E+06 0.153850665E+06 0.189366399E+06
  0.164582093E+06-0.848078568E+05-0.366684006E+06 0.174433436E+06
  0.800853816E+05-0.140804615E+06-0.146016338E+06 0.159254174E+06
  0.184096541E+06 0.158597929E+06-0.826349047E+05-0.370963034E+06
  0.169495961E+06 0.840262033E+05
  0.000000000E+00 0.000000000E+00 0.000000000E+00 0.000000000E+00
  0.000000000E+00 0.000000000E+00
  0.000000000E+00 0.120880323E+03 0.759703960E+02 0.120880323E+03
  0.760016643E+02 0.000000000E+00 0.000000000E+00 0.000000000E+00
  0.000000000E+00 0.000000000E+00 0.438866324E+02 0.000000000E+00
  0.841144403E-02 0.485278003E+00 0.159759184E-02-0.151972108E+00
 -0.994334226E+00 0.000000000E+00 0.999000000E+03 0.119643581E+01
  0.139790176E+02 0.189745210E+01 0.000000000E+00-0.428912199E+00
 -0.999000000E+03-0.999000000E+03 0.718482852E+01 0.625975225E+00
  0.244084357E-02 0.958661685E-01 0.126018772E+01 0.214254782E+01
  0.386575641E+02 0.332869168E+01 0.165957465E+02 0.164290412E+02
 -0.890000000E+02-0.890000000E+02-0.890000000E+02-0.890000000E+02
  0.180124419E+01 0.120880323E+03 0.759703960E+02 0.120880323E+03
 -0.759995856E+02-0.890000000E+02-0.890000000E+02 0.137888216E+03
 -0.782235551E+02 0.000000000E+00-0.990000000E+02 0.650468613E+00
 -0.990000000E+02 0.163687500E+03 0.000000000E+00 0.813578406E+00
  0.100000000E+01 0.000000000E+00 0.000000000E+00 0.000000000E+00
                                            EQG
