&INSTATE
  DENSITY_MODEL = 0 
  MODEL_SHAPE = 2 
  NBDRY = 61 
  USE_INPED = 0 
  R0 = 1.76597910596 
  A0 = 0.460260718934 
  KAPPA = 1.6568763532 
  DELTA = 0.759407533276 
  IP = 0.584584461385 
  B0 = 1.79238500846 
  N_ION = 1 
  Z_ION = 1 
  A_ION = 2 
  F_ION = 1.0 
  N_IMP = 1 
  Z_IMP = 6 
  A_IMP = 12 
  F_IMP = 1.0 
  N_MIN = 0 
  Z_MIN = 1 
  A_MIN = 1 
  N_BEAM = 1 
  Z_BEAM = 1 
  A_BEAM = 2 
  N_FUSION = 1 
  Z_FUSION = 2 
  A_FUSION = 4 
  NRHO = 101 
  NE_AXIS = 4.5106154 
  NE_PED = 1.92 
  NE_SEP = 1.7 
  NE_ALPHA = 1.8 
  NE_BETA = 1.3 
  NE_FIT = 1 
  NE_XMID = 0.96 
  NE_XWID = 0.08 
  TE_AXIS = 5.3181793 
  TE_PED = 0.85 
  TE_SEP = 0.5 
  TE_ALPHA = 1.6 
  TE_BETA = 1.8 
  TE_FIT = 1 
  TE_XMID = 0.9 
  TE_XWID = 0.2 
  TI_AXIS = 5.8919967 
  TI_PED = 1.3 
  TI_SEP = 0.3 
  TI_ALPHA = 1.5 
  TI_BETA = 1.7 
  TI_FIT = 1 
  TI_XMID = 0.95 
  TI_XWID = 0.1 
  ZEFF_AXIS = 1.7 
  OMEGA_AXIS = 173800.0 
  OMEGA_SEP = 11000.0 
  OMEGA_ALPHA = 1.0 
  OMEGA_BETA = 0.65 
  JPAR_AXIS = 1.1805549 
  JPAR_SEP = 0.0 
  JPAR_ALPHA = 1.9 
  JPAR_BETA = 1.2 
  NBEAM_AXIS = 0.0 
  NBEAM_SEP = 0.0 
  NBEAM_ALPHA = 1.5 
  NBEAM_BETA = 1.5 
  TBEAMI = 20.0 20.0 20.0 20.0 20.0 20.0 20.0 20.0 20.0 20.0 20.0 20.0  
    20.0 20.0 20.0 20.0 20.0 20.0 20.0 20.0 20.0 20.0 20.0 20.0 20.0  
    20.0 20.0 20.0 20.0 20.0 20.0 20.0 20.0 20.0 20.0 20.0 20.0 20.0  
    20.0 20.0 20.0 20.0 20.0 20.0 20.0 20.0 20.0 20.0 20.0 20.0 20.0  
    20.0 20.0 20.0 20.0 20.0 20.0 20.0 20.0 20.0 20.0 20.0 20.0 20.0  
    20.0 20.0 20.0 20.0 20.0 20.0 20.0 20.0 20.0 20.0 20.0 20.0 20.0  
    20.0 20.0 20.0 20.0 20.0 20.0 20.0 20.0 20.0 20.0 20.0 20.0 20.0  
    20.0 20.0 20.0 20.0 20.0 20.0 20.0 20.0 20.0 20.0 20.0 
  BETAN_PED = -1.0 
  XMID = -1.0 
  XWID = -1.0 
  PRESSURE_MODEL = 'full' 
  PTOT_AXIS = 108071.38 
  PTOT_ALPHA = 1.8 
  PTOT_BETA = 2.3 
  PTOT_PED = 900.0 
  PTOT_SEP = 0.0 
  PTOT_XMID = 0.95 
  PTOT_XWID = 0.1 
  CURRENT_MODEL = 'broad' 
  RHO_JBDRY = 0.85 
  RHO_JPEAK = 0.65 
  JAXIS = 0.6 
  JAXIS_PRIME = 1.0 
  JBDRY_PRIME = -1.0 
  NE = 4.495969983 4.496684509 4.49623257 4.494631992 4.491900599  
    4.488056218 4.483116674 4.477099792 4.470023398 4.461905317  
    4.452763374 4.442615396 4.431479206 4.419372632 4.406313497  
    4.392319629 4.377408851 4.36159899 4.344907871 4.327353319  
    4.30895316 4.289725219 4.269687321 4.248857293 4.227252959  
    4.204892145 4.181792676 4.157972378 4.133449076 4.108240595  
    4.082364762 4.0558394 4.028682337 4.000911397 3.972544406  
    3.943599188 3.91409357 3.884045377 3.853472435 3.822392568  
    3.790823602 3.758783363 3.726289676 3.693360367 3.66001326  
    3.626266182 3.592136957 3.557643411 3.52280337 3.487634659  
    3.452155104 3.416382529 3.380334761 3.344029624 3.307484944  
    3.270718547 3.233748258 3.1965919019999998 3.159267305 3.121792292  
    3.084184689 3.04646232 3.008643013 2.970744591 2.93278488  
    2.894781707 2.856752895 2.818716271 2.78068966 2.7426908869999997  
    2.7047377789999993 2.666848159 2.629039854 2.59133069 2.553738491  
    2.516281083 2.478976291 2.441841941 2.404895858 2.368155868  
    2.331639796 2.295365468 2.259350708 2.2236133429999994 2.188171197  
    2.153042097 2.118243867 2.083794334 2.049711321 2.016012656  
    1.982716163 1.949839668 1.917400996 1.885417972 1.8539084219999995  
    1.8228901719999997 1.792381047 1.762398872 1.732951026 1.709191844  
    1.709240399 
  TE = 5.339826716 5.321253317 5.299717599 5.275297073 5.24806925  
    5.218111639 5.18550175 5.150317093 5.112635179 5.072533517  
    5.030089618 4.985380991 4.938485147 4.889479595 4.838441847  
    4.785449411 4.730579797 4.673910517 4.61551908 4.555482995  
    4.493879774 4.430786926 4.366281961 4.300442389 4.23334572  
    4.165069465 4.095691133 4.025288234 3.953938278 3.881718776  
    3.808707236 3.73498117 3.660618087 3.585695496 3.510290907  
    3.4344818309999994 3.358345775 3.281960249 3.205402762 3.128750821  
    3.052081935 2.9754736089999994 2.899003349 2.822748659 2.746787039  
    2.67119599 2.596053004 2.5214355709999996 2.447421174 2.374087286  
    2.301511368 2.229770863 2.158943194 2.089105756 2.020335905  
    1.952710948 1.886308127 1.8212045959999994 1.7574774 1.695203433  
    1.6344594 1.57532175 1.517866603 1.46216965 1.408306015 1.356350087  
    1.306375284 1.258453753 1.212655964 1.1690501619999996  
    1.1277016299999996 1.088671685 1.052016286 1.017784116 0.9860138932  
    0.9567306019 0.9299402088 0.9056222698 0.8837197059 0.8641249423  
    0.8466617553 0.8310628409 0.8169448074999998 0.8037856398999998  
    0.7909151247 0.7775354071 0.7627928896 0.7459159051 0.7264059372  
    0.7042257854 0.6798932438 0.6544063801 0.6290081952 0.6048901374  
    0.5829593599999998 0.5637391691999999 0.5473928211 0.533815997  
    0.5227434338 0.513837556 0.5067489416 
  TI = 5.924751309 5.901174168 5.875612383 5.84811332 5.818724345  
    5.787492823 5.754466121 5.719691605 5.68321664 5.645088592  
    5.605354827 5.564062712 5.521259611 5.47699289 5.431309917  
    5.384258056 5.335884673 5.286237134 5.235362805 5.183309052  
    5.130123241 5.075852738 5.020544908 4.964247117 4.907006732  
    4.848871118 4.78988764 4.730103666 4.66956656 4.608323689  
    4.546422418 4.483910114 4.420834142 4.357241867 4.293180657  
    4.228697876 4.163840892 4.098657068 4.033193772 3.967498369  
    3.901618226 3.8356007069999998 3.769493179 3.703343008 3.637197559  
    3.571104198 3.505110292 3.4392632049999996 3.373610304 3.308198954  
    3.24307652 3.178290369 3.113887864 3.04991637 2.986423251  
    2.92345587 2.861061587 2.799287761999999 2.738181749 2.677790899  
    2.618162554 2.559344043 2.501382678 2.444325744 2.388220487  
    2.333114092 2.279053653 2.22608613 2.174258281 2.1236165599999994  
    2.0742069679999995 2.026074823 1.979264419 1.933818515 1.88977756  
    1.847178533 1.80605319 1.766425429 1.728307306 1.691693047  
    1.656550011 1.622805122 1.5903245449999996 1.5588834579999995  
    1.528121617 1.497479257 1.466107599 1.432750743 1.395605515  
    1.352190913 1.2993101 1.233268413 1.150583091 1.049352168  
    0.9310341393999986 0.8016437323999985 0.6710162166 0.5498480094  
    0.4461666326 0.3634545055 0.3010815102 
  OMEGA = 173800.0 172739.9398 171676.1251 170608.5043 169537.0242  
    168461.6304 167382.2673 166298.8777 165211.403 164119.7832  
    163023.9567 161923.8603 160819.429 159710.5962 158597.2935  
    157479.4506 156356.9951 155229.8529 154097.9475 152961.2003  
    151819.5305 150672.8548 149521.0875 148364.1401 147201.9218  
    146034.3387 144861.2938 143682.6875 142498.4165 141308.3745  
    140112.4513 138910.5333 137702.5028 136488.2383 135267.6137  
    134040.49859999996 132806.7578 131566.2513 130318.8335 129064.3535  
    127802.6546 126533.5739 125256.942 123972.5825 122680.3119  
    121379.9387 120071.2636 118754.0781 117428.1649 116093.2965  
    114749.2351 113395.7314 112032.5245 110659.3403 109275.8913  
    107881.8748 106476.9727 105060.84949999998 103633.1514 102193.5049  
    100741.5146 99276.76206 97798.80346 96307.16733 94801.35214  
    93280.82345 91745.01074 90193.30383 88625.04884 87039.54360999998  
    85436.03237999999 83813.69984 82171.66419 80508.96907 78824.57432  
    77117.34506 75386.0389 73629.29081 71845.5951 70033.28381  
    68190.50056 66315.16869 64404.951979999976 62457.20576999998  
    60468.91548 58436.61806 56356.30048 54223.266 52031.95507  
    49775.69993 47446.38014 45033.92455 42525.56597 39904.67739  
    37148.85719999996 34226.56055999996 31090.62257 27664.15192  
    23803.35825 19159.32816 11000.0 
  ZEFF = 1.7 1.7 1.7 1.7 1.7 1.7 1.7 1.7 1.7 1.7 1.7 1.7 1.7 1.7 1.7  
    1.7 1.7 1.7 1.7 1.7 1.7 1.7 1.7 1.7 1.7 1.7 1.7 1.7 1.7 1.7 1.7 1.7  
    1.7 1.7 1.7 1.7 1.7 1.7 1.7 1.7 1.7 1.7 1.7 1.7 1.7 1.7 1.7 1.7 1.7  
    1.7 1.7 1.7 1.7 1.7 1.7 1.7 1.7 1.7 1.7 1.7 1.7 1.7 1.7 1.7 1.7 1.7  
    1.7 1.7 1.7 1.7 1.7 1.7 1.7 1.7 1.7 1.7 1.7 1.7 1.7 1.7 1.7 1.7 1.7  
    1.7 1.7 1.7 1.7 1.7 1.7 1.7 1.7 1.7 1.7 1.7 1.7 1.7 1.7 1.7 1.7 1.7  
    1.7 
  J_OH = 0.0 0.0 0.0 0.0 0.0 0.0 0.0 0.0 0.0 0.0 0.0 0.0 0.0 0.0 0.0  
    0.0 0.0 0.0 0.0 0.0 0.0 0.0 0.0 0.0 0.0 0.0 0.0 0.0 0.0 0.0 0.0 0.0  
    0.0 0.0 0.0 0.0 0.0 0.0 0.0 0.0 0.0 0.0 0.0 0.0 0.0 0.0 0.0 0.0 0.0  
    0.0 0.0 0.0 0.0 0.0 0.0 0.0 0.0 0.0 0.0 0.0 0.0 0.0 0.0 0.0 0.0 0.0  
    0.0 0.0 0.0 0.0 0.0 0.0 0.0 0.0 0.0 0.0 0.0 0.0 0.0 0.0 0.0 0.0 0.0  
    0.0 0.0 0.0 0.0 0.0 0.0 0.0 0.0 0.0 0.0 0.0 0.0 0.0 0.0 0.0 0.0 0.0  
    0.0 
  J_BS = 0.1421162849947884 0.2131744274921826 0.289612513698874  
    0.2999393312559771 0.31057879530480925 0.32233744156920874  
    0.33450128312444366 0.3465185969660618 0.35806234966877476  
    0.368955311934175 0.3791093255714184 0.3884864928476325  
    0.3970779745397153 0.4048935865941048 0.4119546617693709  
    0.41828669105463323 0.42391659293719525 0.4288740543708601  
    0.4331891022700864 0.4368886576293751 0.43999857208049475  
    0.4425454777080928 0.44455419782815986 0.4460472106417829  
    0.44704635443422813 0.4475728595111218 0.44764647868146734  
    0.4472848824036516 0.44650479912038077 0.4453231936340329  
    0.4437560626760599 0.44181784006626035 0.4395230683077349  
    0.43688657280813803 0.43392201366339594 0.43064208952956473  
    0.42705957390146576 0.42318714117517 0.41903673565810023  
    0.41461959578648006 0.4099468812675391 0.40502984014207144  
    0.3998790931957008 0.3945045819885239 0.38891634659928664  
    0.38312455849149685 0.3771387492982537 0.3709679779149232  
    0.3646215429360567 0.35810864890699656 0.3514379227246277  
    0.34461781122931057 0.3376569672332698 0.3305638761215818  
    0.3233466538291012 0.3160133985637267 0.3085722505354262  
    0.3010311811856683 0.2933980638766265 0.285680831346548  
    0.2778875036590355 0.270026093018407 0.2621046336521493  
    0.25413137480287584 0.24611486575418612 0.23806399698592828  
    0.22998807460675286 0.221897014828339 0.21380157005848766  
    0.20571356029090831 0.19764632069162696 0.18961532635261497  
    0.181638912388061 0.17373928508237596 0.16594408104402897  
    0.15828861793664303 0.15081901564469413 0.1435965773287682  
    0.13670378319837168 0.13025214318890865 0.1243913929030725  
    0.1193184432438997 0.11528321756457809 0.11258496302651916  
    0.11154997932012026 0.1124835663718983 0.11559698060528661  
    0.12093096354692544 0.12832195368740656 0.13744968201130875  
    0.14793570791837402 0.15936032510637088 0.1710489620040682  
    0.1816772248589441 0.18913383609979664 0.1909007819069213  
    0.1859987473681314 0.1738126125349964 0.15872152181563393  
    0.14083856680520243 0.11896603673395253 
  J_NB = 0.0 0.0 0.0 0.0 0.0 0.0 0.0 0.0 0.0 0.0 0.0 0.0 0.0 0.0 0.0  
    0.0 0.0 0.0 0.0 0.0 0.0 0.0 0.0 0.0 0.0 0.0 0.0 0.0 0.0 0.0 0.0 0.0  
    0.0 0.0 0.0 0.0 0.0 0.0 0.0 0.0 0.0 0.0 0.0 0.0 0.0 0.0 0.0 0.0 0.0  
    0.0 0.0 0.0 0.0 0.0 0.0 0.0 0.0 0.0 0.0 0.0 0.0 0.0 0.0 0.0 0.0 0.0  
    0.0 0.0 0.0 0.0 0.0 0.0 0.0 0.0 0.0 0.0 0.0 0.0 0.0 0.0 0.0 0.0 0.0  
    0.0 0.0 0.0 0.0 0.0 0.0 0.0 0.0 0.0 0.0 0.0 0.0 0.0 0.0 0.0 0.0 0.0  
    0.0 
  J_EC = 0.0 0.0 0.0 0.0 0.0 0.0 0.0 0.0 0.0 0.0 0.0 0.0 0.0 0.0 0.0  
    0.0 0.0 0.0 0.0 0.0 0.0 0.0 0.0 0.0 0.0 0.0 0.0 0.0 0.0 0.0 0.0 0.0  
    0.0 0.0 0.0 0.0 0.0 0.0 0.0 0.0 0.0 0.0 0.0 0.0 0.0 0.0 0.0 0.0 0.0  
    0.0 0.0 0.0 0.0 0.0 0.0 0.0 0.0 0.0 0.0 0.0 0.0 0.0 0.0 0.0 0.0 0.0  
    0.0 0.0 0.0 0.0 0.0 0.0 0.0 0.0 0.0 0.0 0.0 0.0 0.0 0.0 0.0 0.0 0.0  
    0.0 0.0 0.0 0.0 0.0 0.0 0.0 0.0 0.0 0.0 0.0 0.0 0.0 0.0 0.0 0.0 0.0  
    0.0 
  J_IC = 0.0 0.0 0.0 0.0 0.0 0.0 0.0 0.0 0.0 0.0 0.0 0.0 0.0 0.0 0.0  
    0.0 0.0 0.0 0.0 0.0 0.0 0.0 0.0 0.0 0.0 0.0 0.0 0.0 0.0 0.0 0.0 0.0  
    0.0 0.0 0.0 0.0 0.0 0.0 0.0 0.0 0.0 0.0 0.0 0.0 0.0 0.0 0.0 0.0 0.0  
    0.0 0.0 0.0 0.0 0.0 0.0 0.0 0.0 0.0 0.0 0.0 0.0 0.0 0.0 0.0 0.0 0.0  
    0.0 0.0 0.0 0.0 0.0 0.0 0.0 0.0 0.0 0.0 0.0 0.0 0.0 0.0 0.0 0.0 0.0  
    0.0 0.0 0.0 0.0 0.0 0.0 0.0 0.0 0.0 0.0 0.0 0.0 0.0 0.0 0.0 0.0 0.0  
    0.0 
  J_LH = 0.0 0.0 0.0 0.0 0.0 0.0 0.0 0.0 0.0 0.0 0.0 0.0 0.0 0.0 0.0  
    0.0 0.0 0.0 0.0 0.0 0.0 0.0 0.0 0.0 0.0 0.0 0.0 0.0 0.0 0.0 0.0 0.0  
    0.0 0.0 0.0 0.0 0.0 0.0 0.0 0.0 0.0 0.0 0.0 0.0 0.0 0.0 0.0 0.0 0.0  
    0.0 0.0 0.0 0.0 0.0 0.0 0.0 0.0 0.0 0.0 0.0 0.0 0.0 0.0 0.0 0.0 0.0  
    0.0 0.0 0.0 0.0 0.0 0.0 0.0 0.0 0.0 0.0 0.0 0.0 0.0 0.0 0.0 0.0 0.0  
    0.0 0.0 0.0 0.0 0.0 0.0 0.0 0.0 0.0 0.0 0.0 0.0 0.0 0.0 0.0 0.0 0.0  
    0.0 
  PE_NB = 0.0 0.0 0.0 0.0 0.0 0.0 0.0 0.0 0.0 0.0 0.0 0.0 0.0 0.0 0.0  
    0.0 0.0 0.0 0.0 0.0 0.0 0.0 0.0 0.0 0.0 0.0 0.0 0.0 0.0 0.0 0.0 0.0  
    0.0 0.0 0.0 0.0 0.0 0.0 0.0 0.0 0.0 0.0 0.0 0.0 0.0 0.0 0.0 0.0 0.0  
    0.0 0.0 0.0 0.0 0.0 0.0 0.0 0.0 0.0 0.0 0.0 0.0 0.0 0.0 0.0 0.0 0.0  
    0.0 0.0 0.0 0.0 0.0 0.0 0.0 0.0 0.0 0.0 0.0 0.0 0.0 0.0 0.0 0.0 0.0  
    0.0 0.0 0.0 0.0 0.0 0.0 0.0 0.0 0.0 0.0 0.0 0.0 0.0 0.0 0.0 0.0 0.0  
    0.0 
  PE_EC = 0.0 0.0 0.0 0.0 0.0 0.0 0.0 0.0 0.0 0.0 0.0 0.0 0.0 0.0 0.0  
    0.0 0.0 0.0 0.0 0.0 0.0 0.0 0.0 0.0 0.0 0.0 0.0 0.0 0.0 0.0 0.0 0.0  
    0.0 0.0 0.0 0.0 0.0 0.0 0.0 0.0 0.0 0.0 0.0 0.0 0.0 0.0 0.0 0.0 0.0  
    0.0 0.0 0.0 0.0 0.0 0.0 0.0 0.0 0.0 0.0 0.0 0.0 0.0 0.0 0.0 0.0 0.0  
    0.0 0.0 0.0 0.0 0.0 0.0 0.0 0.0 0.0 0.0 0.0 0.0 0.0 0.0 0.0 0.0 0.0  
    0.0 0.0 0.0 0.0 0.0 0.0 0.0 0.0 0.0 0.0 0.0 0.0 0.0 0.0 0.0 0.0 0.0  
    0.0 
  PE_IC = 0.0 0.0 0.0 0.0 0.0 0.0 0.0 0.0 0.0 0.0 0.0 0.0 0.0 0.0 0.0  
    0.0 0.0 0.0 0.0 0.0 0.0 0.0 0.0 0.0 0.0 0.0 0.0 0.0 0.0 0.0 0.0 0.0  
    0.0 0.0 0.0 0.0 0.0 0.0 0.0 0.0 0.0 0.0 0.0 0.0 0.0 0.0 0.0 0.0 0.0  
    0.0 0.0 0.0 0.0 0.0 0.0 0.0 0.0 0.0 0.0 0.0 0.0 0.0 0.0 0.0 0.0 0.0  
    0.0 0.0 0.0 0.0 0.0 0.0 0.0 0.0 0.0 0.0 0.0 0.0 0.0 0.0 0.0 0.0 0.0  
    0.0 0.0 0.0 0.0 0.0 0.0 0.0 0.0 0.0 0.0 0.0 0.0 0.0 0.0 0.0 0.0 0.0  
    0.0 
  PE_LH = 0.0 0.0 0.0 0.0 0.0 0.0 0.0 0.0 0.0 0.0 0.0 0.0 0.0 0.0 0.0  
    0.0 0.0 0.0 0.0 0.0 0.0 0.0 0.0 0.0 0.0 0.0 0.0 0.0 0.0 0.0 0.0 0.0  
    0.0 0.0 0.0 0.0 0.0 0.0 0.0 0.0 0.0 0.0 0.0 0.0 0.0 0.0 0.0 0.0 0.0  
    0.0 0.0 0.0 0.0 0.0 0.0 0.0 0.0 0.0 0.0 0.0 0.0 0.0 0.0 0.0 0.0 0.0  
    0.0 0.0 0.0 0.0 0.0 0.0 0.0 0.0 0.0 0.0 0.0 0.0 0.0 0.0 0.0 0.0 0.0  
    0.0 0.0 0.0 0.0 0.0 0.0 0.0 0.0 0.0 0.0 0.0 0.0 0.0 0.0 0.0 0.0 0.0  
    0.0 
  PE_FUS = 0.0 0.0 0.0 0.0 0.0 0.0 0.0 0.0 0.0 0.0 0.0 0.0 0.0 0.0 0.0  
    0.0 0.0 0.0 0.0 0.0 0.0 0.0 0.0 0.0 0.0 0.0 0.0 0.0 0.0 0.0 0.0 0.0  
    0.0 0.0 0.0 0.0 0.0 0.0 0.0 0.0 0.0 0.0 0.0 0.0 0.0 0.0 0.0 0.0 0.0  
    0.0 0.0 0.0 0.0 0.0 0.0 0.0 0.0 0.0 0.0 0.0 0.0 0.0 0.0 0.0 0.0 0.0  
    0.0 0.0 0.0 0.0 0.0 0.0 0.0 0.0 0.0 0.0 0.0 0.0 0.0 0.0 0.0 0.0 0.0  
    0.0 0.0 0.0 0.0 0.0 0.0 0.0 0.0 0.0 0.0 0.0 0.0 0.0 0.0 0.0 0.0 0.0  
    0.0 
  PE_IONIZATION = 0.0 0.0 0.0 0.0 0.0 0.0 0.0 0.0 0.0 0.0 0.0 0.0 0.0  
    0.0 0.0 0.0 0.0 0.0 0.0 0.0 0.0 0.0 0.0 0.0 0.0 0.0 0.0 0.0 0.0 0.0  
    0.0 0.0 0.0 0.0 0.0 0.0 0.0 0.0 0.0 0.0 0.0 0.0 0.0 0.0 0.0 0.0 0.0  
    0.0 0.0 0.0 0.0 0.0 0.0 0.0 0.0 0.0 0.0 0.0 0.0 0.0 0.0 0.0 0.0 0.0  
    0.0 0.0 0.0 0.0 0.0 0.0 0.0 0.0 0.0 0.0 0.0 0.0 0.0 0.0 0.0 0.0 0.0  
    0.0 0.0 0.0 0.0 0.0 0.0 0.0 0.0 0.0 0.0 0.0 0.0 0.0 0.0 0.0 0.0 0.0  
    0.0 0.0 0.0 
  P_RAD = 0.0 0.0 0.0 0.0 0.0 0.0 0.0 0.0 0.0 0.0 0.0 0.0 0.0 0.0 0.0  
    0.0 0.0 0.0 0.0 0.0 0.0 0.0 0.0 0.0 0.0 0.0 0.0 0.0 0.0 0.0 0.0 0.0  
    0.0 0.0 0.0 0.0 0.0 0.0 0.0 0.0 0.0 0.0 0.0 0.0 0.0 0.0 0.0 0.0 0.0  
    0.0 0.0 0.0 0.0 0.0 0.0 0.0 0.0 0.0 0.0 0.0 0.0 0.0 0.0 0.0 0.0 0.0  
    0.0 0.0 0.0 0.0 0.0 0.0 0.0 0.0 0.0 0.0 0.0 0.0 0.0 0.0 0.0 0.0 0.0  
    0.0 0.0 0.0 0.0 0.0 0.0 0.0 0.0 0.0 0.0 0.0 0.0 0.0 0.0 0.0 0.0 0.0  
    0.0 
  PI_NB = 0.0 0.0 0.0 0.0 0.0 0.0 0.0 0.0 0.0 0.0 0.0 0.0 0.0 0.0 0.0  
    0.0 0.0 0.0 0.0 0.0 0.0 0.0 0.0 0.0 0.0 0.0 0.0 0.0 0.0 0.0 0.0 0.0  
    0.0 0.0 0.0 0.0 0.0 0.0 0.0 0.0 0.0 0.0 0.0 0.0 0.0 0.0 0.0 0.0 0.0  
    0.0 0.0 0.0 0.0 0.0 0.0 0.0 0.0 0.0 0.0 0.0 0.0 0.0 0.0 0.0 0.0 0.0  
    0.0 0.0 0.0 0.0 0.0 0.0 0.0 0.0 0.0 0.0 0.0 0.0 0.0 0.0 0.0 0.0 0.0  
    0.0 0.0 0.0 0.0 0.0 0.0 0.0 0.0 0.0 0.0 0.0 0.0 0.0 0.0 0.0 0.0 0.0  
    0.0 
  PI_IC = 0.0 0.0 0.0 0.0 0.0 0.0 0.0 0.0 0.0 0.0 0.0 0.0 0.0 0.0 0.0  
    0.0 0.0 0.0 0.0 0.0 0.0 0.0 0.0 0.0 0.0 0.0 0.0 0.0 0.0 0.0 0.0 0.0  
    0.0 0.0 0.0 0.0 0.0 0.0 0.0 0.0 0.0 0.0 0.0 0.0 0.0 0.0 0.0 0.0 0.0  
    0.0 0.0 0.0 0.0 0.0 0.0 0.0 0.0 0.0 0.0 0.0 0.0 0.0 0.0 0.0 0.0 0.0  
    0.0 0.0 0.0 0.0 0.0 0.0 0.0 0.0 0.0 0.0 0.0 0.0 0.0 0.0 0.0 0.0 0.0  
    0.0 0.0 0.0 0.0 0.0 0.0 0.0 0.0 0.0 0.0 0.0 0.0 0.0 0.0 0.0 0.0 0.0  
    0.0 
  PI_LH = 0.0 0.0 0.0 0.0 0.0 0.0 0.0 0.0 0.0 0.0 0.0 0.0 0.0 0.0 0.0  
    0.0 0.0 0.0 0.0 0.0 0.0 0.0 0.0 0.0 0.0 0.0 0.0 0.0 0.0 0.0 0.0 0.0  
    0.0 0.0 0.0 0.0 0.0 0.0 0.0 0.0 0.0 0.0 0.0 0.0 0.0 0.0 0.0 0.0 0.0  
    0.0 0.0 0.0 0.0 0.0 0.0 0.0 0.0 0.0 0.0 0.0 0.0 0.0 0.0 0.0 0.0 0.0  
    0.0 0.0 0.0 0.0 0.0 0.0 0.0 0.0 0.0 0.0 0.0 0.0 0.0 0.0 0.0 0.0 0.0  
    0.0 0.0 0.0 0.0 0.0 0.0 0.0 0.0 0.0 0.0 0.0 0.0 0.0 0.0 0.0 0.0 0.0  
    0.0 
  PI_FUS = 0.0 0.0 0.0 0.0 0.0 0.0 0.0 0.0 0.0 0.0 0.0 0.0 0.0 0.0 0.0  
    0.0 0.0 0.0 0.0 0.0 0.0 0.0 0.0 0.0 0.0 0.0 0.0 0.0 0.0 0.0 0.0 0.0  
    0.0 0.0 0.0 0.0 0.0 0.0 0.0 0.0 0.0 0.0 0.0 0.0 0.0 0.0 0.0 0.0 0.0  
    0.0 0.0 0.0 0.0 0.0 0.0 0.0 0.0 0.0 0.0 0.0 0.0 0.0 0.0 0.0 0.0 0.0  
    0.0 0.0 0.0 0.0 0.0 0.0 0.0 0.0 0.0 0.0 0.0 0.0 0.0 0.0 0.0 0.0 0.0  
    0.0 0.0 0.0 0.0 0.0 0.0 0.0 0.0 0.0 0.0 0.0 0.0 0.0 0.0 0.0 0.0 0.0  
    0.0 
  PI_IONIZATION = 0.0 0.0 0.0 0.0 0.0 0.0 0.0 0.0 0.0 0.0 0.0 0.0 0.0  
    0.0 0.0 0.0 0.0 0.0 0.0 0.0 0.0 0.0 0.0 0.0 0.0 0.0 0.0 0.0 0.0 0.0  
    0.0 0.0 0.0 0.0 0.0 0.0 0.0 0.0 0.0 0.0 0.0 0.0 0.0 0.0 0.0 0.0 0.0  
    0.0 0.0 0.0 0.0 0.0 0.0 0.0 0.0 0.0 0.0 0.0 0.0 0.0 0.0 0.0 0.0 0.0  
    0.0 0.0 0.0 0.0 0.0 0.0 0.0 0.0 0.0 0.0 0.0 0.0 0.0 0.0 0.0 0.0 0.0  
    0.0 0.0 0.0 0.0 0.0 0.0 0.0 0.0 0.0 0.0 0.0 0.0 0.0 0.0 0.0 0.0 0.0  
    0.0 0.0 0.0 
  PI_CX = 0.0 0.0 0.0 0.0 0.0 0.0 0.0 0.0 0.0 0.0 0.0 0.0 0.0 0.0 0.0  
    0.0 0.0 0.0 0.0 0.0 0.0 0.0 0.0 0.0 0.0 0.0 0.0 0.0 0.0 0.0 0.0 0.0  
    0.0 0.0 0.0 0.0 0.0 0.0 0.0 0.0 0.0 0.0 0.0 0.0 0.0 0.0 0.0 0.0 0.0  
    0.0 0.0 0.0 0.0 0.0 0.0 0.0 0.0 0.0 0.0 0.0 0.0 0.0 0.0 0.0 0.0 0.0  
    0.0 0.0 0.0 0.0 0.0 0.0 0.0 0.0 0.0 0.0 0.0 0.0 0.0 0.0 0.0 0.0 0.0  
    0.0 0.0 0.0 0.0 0.0 0.0 0.0 0.0 0.0 0.0 0.0 0.0 0.0 0.0 0.0 0.0 0.0  
    0.0 
  P_OHM = 0.0 0.0 0.0 0.0 0.0 0.0 0.0 0.0 0.0 0.0 0.0 0.0 0.0 0.0 0.0  
    0.0 0.0 0.0 0.0 0.0 0.0 0.0 0.0 0.0 0.0 0.0 0.0 0.0 0.0 0.0 0.0 0.0  
    0.0 0.0 0.0 0.0 0.0 0.0 0.0 0.0 0.0 0.0 0.0 0.0 0.0 0.0 0.0 0.0 0.0  
    0.0 0.0 0.0 0.0 0.0 0.0 0.0 0.0 0.0 0.0 0.0 0.0 0.0 0.0 0.0 0.0 0.0  
    0.0 0.0 0.0 0.0 0.0 0.0 0.0 0.0 0.0 0.0 0.0 0.0 0.0 0.0 0.0 0.0 0.0  
    0.0 0.0 0.0 0.0 0.0 0.0 0.0 0.0 0.0 0.0 0.0 0.0 0.0 0.0 0.0 0.0 0.0  
    0.0 
  P_EI = 0.0 0.0 0.0 0.0 0.0 0.0 0.0 0.0 0.0 0.0 0.0 0.0 0.0 0.0 0.0  
    0.0 0.0 0.0 0.0 0.0 0.0 0.0 0.0 0.0 0.0 0.0 0.0 0.0 0.0 0.0 0.0 0.0  
    0.0 0.0 0.0 0.0 0.0 0.0 0.0 0.0 0.0 0.0 0.0 0.0 0.0 0.0 0.0 0.0 0.0  
    0.0 0.0 0.0 0.0 0.0 0.0 0.0 0.0 0.0 0.0 0.0 0.0 0.0 0.0 0.0 0.0 0.0  
    0.0 0.0 0.0 0.0 0.0 0.0 0.0 0.0 0.0 0.0 0.0 0.0 0.0 0.0 0.0 0.0 0.0  
    0.0 0.0 0.0 0.0 0.0 0.0 0.0 0.0 0.0 0.0 0.0 0.0 0.0 0.0 0.0 0.0 0.0  
    0.0 
  TORQUE_NB = 0.0 0.0 0.0 0.0 0.0 0.0 0.0 0.0 0.0 0.0 0.0 0.0 0.0 0.0  
    0.0 0.0 0.0 0.0 0.0 0.0 0.0 0.0 0.0 0.0 0.0 0.0 0.0 0.0 0.0 0.0 0.0  
    0.0 0.0 0.0 0.0 0.0 0.0 0.0 0.0 0.0 0.0 0.0 0.0 0.0 0.0 0.0 0.0 0.0  
    0.0 0.0 0.0 0.0 0.0 0.0 0.0 0.0 0.0 0.0 0.0 0.0 0.0 0.0 0.0 0.0 0.0  
    0.0 0.0 0.0 0.0 0.0 0.0 0.0 0.0 0.0 0.0 0.0 0.0 0.0 0.0 0.0 0.0 0.0  
    0.0 0.0 0.0 0.0 0.0 0.0 0.0 0.0 0.0 0.0 0.0 0.0 0.0 0.0 0.0 0.0 0.0  
    0.0 0.0 
  TORQUE_IN = 0.0 0.0 0.0 0.0 0.0 0.0 0.0 0.0 0.0 0.0 0.0 0.0 0.0 0.0  
    0.0 0.0 0.0 0.0 0.0 0.0 0.0 0.0 0.0 0.0 0.0 0.0 0.0 0.0 0.0 0.0 0.0  
    0.0 0.0 0.0 0.0 0.0 0.0 0.0 0.0 0.0 0.0 0.0 0.0 0.0 0.0 0.0 0.0 0.0  
    0.0 0.0 0.0 0.0 0.0 0.0 0.0 0.0 0.0 0.0 0.0 0.0 0.0 0.0 0.0 0.0 0.0  
    0.0 0.0 0.0 0.0 0.0 0.0 0.0 0.0 0.0 0.0 0.0 0.0 0.0 0.0 0.0 0.0 0.0  
    0.0 0.0 0.0 0.0 0.0 0.0 0.0 0.0 0.0 0.0 0.0 0.0 0.0 0.0 0.0 0.0 0.0  
    0.0 0.0 
  SE_NB = 0.0 0.0 0.0 0.0 0.0 0.0 0.0 0.0 0.0 0.0 0.0 0.0 0.0 0.0 0.0  
    0.0 0.0 0.0 0.0 0.0 0.0 0.0 0.0 0.0 0.0 0.0 0.0 0.0 0.0 0.0 0.0 0.0  
    0.0 0.0 0.0 0.0 0.0 0.0 0.0 0.0 0.0 0.0 0.0 0.0 0.0 0.0 0.0 0.0 0.0  
    0.0 0.0 0.0 0.0 0.0 0.0 0.0 0.0 0.0 0.0 0.0 0.0 0.0 0.0 0.0 0.0 0.0  
    0.0 0.0 0.0 0.0 0.0 0.0 0.0 0.0 0.0 0.0 0.0 0.0 0.0 0.0 0.0 0.0 0.0  
    0.0 0.0 0.0 0.0 0.0 0.0 0.0 0.0 0.0 0.0 0.0 0.0 0.0 0.0 0.0 0.0 0.0  
    0.0 
  SE_IONIZATION = 0.0 0.0 0.0 0.0 0.0 0.0 0.0 0.0 0.0 0.0 0.0 0.0 0.0  
    0.0 0.0 0.0 0.0 0.0 0.0 0.0 0.0 0.0 0.0 0.0 0.0 0.0 0.0 0.0 0.0 0.0  
    0.0 0.0 0.0 0.0 0.0 0.0 0.0 0.0 0.0 0.0 0.0 0.0 0.0 0.0 0.0 0.0 0.0  
    0.0 0.0 0.0 0.0 0.0 0.0 0.0 0.0 0.0 0.0 0.0 0.0 0.0 0.0 0.0 0.0 0.0  
    0.0 0.0 0.0 0.0 0.0 0.0 0.0 0.0 0.0 0.0 0.0 0.0 0.0 0.0 0.0 0.0 0.0  
    0.0 0.0 0.0 0.0 0.0 0.0 0.0 0.0 0.0 0.0 0.0 0.0 0.0 0.0 0.0 0.0 0.0  
    0.0 0.0 0.0 
  SI_NB = 0.0 0.0 0.0 0.0 0.0 0.0 0.0 0.0 0.0 0.0 0.0 0.0 0.0 0.0 0.0  
    0.0 0.0 0.0 0.0 0.0 0.0 0.0 0.0 0.0 0.0 0.0 0.0 0.0 0.0 0.0 0.0 0.0  
    0.0 0.0 0.0 0.0 0.0 0.0 0.0 0.0 0.0 0.0 0.0 0.0 0.0 0.0 0.0 0.0 0.0  
    0.0 0.0 0.0 0.0 0.0 0.0 0.0 0.0 0.0 0.0 0.0 0.0 0.0 0.0 0.0 0.0 0.0  
    0.0 0.0 0.0 0.0 0.0 0.0 0.0 0.0 0.0 0.0 0.0 0.0 0.0 0.0 0.0 0.0 0.0  
    0.0 0.0 0.0 0.0 0.0 0.0 0.0 0.0 0.0 0.0 0.0 0.0 0.0 0.0 0.0 0.0 0.0  
    0.0 
  SI_IONIZATION = 0.0 0.0 0.0 0.0 0.0 0.0 0.0 0.0 0.0 0.0 0.0 0.0 0.0  
    0.0 0.0 0.0 0.0 0.0 0.0 0.0 0.0 0.0 0.0 0.0 0.0 0.0 0.0 0.0 0.0 0.0  
    0.0 0.0 0.0 0.0 0.0 0.0 0.0 0.0 0.0 0.0 0.0 0.0 0.0 0.0 0.0 0.0 0.0  
    0.0 0.0 0.0 0.0 0.0 0.0 0.0 0.0 0.0 0.0 0.0 0.0 0.0 0.0 0.0 0.0 0.0  
    0.0 0.0 0.0 0.0 0.0 0.0 0.0 0.0 0.0 0.0 0.0 0.0 0.0 0.0 0.0 0.0 0.0  
    0.0 0.0 0.0 0.0 0.0 0.0 0.0 0.0 0.0 0.0 0.0 0.0 0.0 0.0 0.0 0.0 0.0  
    0.0 0.0 0.0 
  SE_PELLET = 0.0 0.0 0.0 0.0 0.0 0.0 0.0 0.0 0.0 0.0 0.0 0.0 0.0 0.0  
    0.0 0.0 0.0 0.0 0.0 0.0 0.0 0.0 0.0 0.0 0.0 0.0 0.0 0.0 0.0 0.0 0.0  
    0.0 0.0 0.0 0.0 0.0 0.0 0.0 0.0 0.0 0.0 0.0 0.0 0.0 0.0 0.0 0.0 0.0  
    0.0 0.0 0.0 0.0 0.0 0.0 0.0 0.0 0.0 0.0 0.0 0.0 0.0 0.0 0.0 0.0 0.0  
    0.0 0.0 0.0 0.0 0.0 0.0 0.0 0.0 0.0 0.0 0.0 0.0 0.0 0.0 0.0 0.0 0.0  
    0.0 0.0 0.0 0.0 0.0 0.0 0.0 0.0 0.0 0.0 0.0 0.0 0.0 0.0 0.0 0.0 0.0  
    0.0 0.0 
  Q = 0.0 0.0 0.0 0.0 0.0 0.0 0.0 0.0 0.0 0.0 0.0 0.0 0.0 0.0 0.0 0.0  
    0.0 0.0 0.0 0.0 0.0 0.0 0.0 0.0 0.0 0.0 0.0 0.0 0.0 0.0 0.0 0.0 0.0  
    0.0 0.0 0.0 0.0 0.0 0.0 0.0 0.0 0.0 0.0 0.0 0.0 0.0 0.0 0.0 0.0 0.0  
    0.0 0.0 0.0 0.0 0.0 0.0 0.0 0.0 0.0 0.0 0.0 0.0 0.0 0.0 0.0 0.0 0.0  
    0.0 0.0 0.0 0.0 0.0 0.0 0.0 0.0 0.0 0.0 0.0 0.0 0.0 0.0 0.0 0.0 0.0  
    0.0 0.0 0.0 0.0 0.0 0.0 0.0 0.0 0.0 0.0 0.0 0.0 0.0 0.0 0.0 0.0 0.0 
  PSIPOL = 0.0 0.0 0.0 0.0 0.0 0.0 0.0 0.0 0.0 0.0 0.0 0.0 0.0 0.0 0.0  
    0.0 0.0 0.0 0.0 0.0 0.0 0.0 0.0 0.0 0.0 0.0 0.0 0.0 0.0 0.0 0.0 0.0  
    0.0 0.0 0.0 0.0 0.0 0.0 0.0 0.0 0.0 0.0 0.0 0.0 0.0 0.0 0.0 0.0 0.0  
    0.0 0.0 0.0 0.0 0.0 0.0 0.0 0.0 0.0 0.0 0.0 0.0 0.0 0.0 0.0 0.0 0.0  
    0.0 0.0 0.0 0.0 0.0 0.0 0.0 0.0 0.0 0.0 0.0 0.0 0.0 0.0 0.0 0.0 0.0  
    0.0 0.0 0.0 0.0 0.0 0.0 0.0 0.0 0.0 0.0 0.0 0.0 0.0 0.0 0.0 0.0 0.0  
    0.0 
  PSI = 0.0 0.0 0.0 0.0 0.0 0.0 0.0 0.0 0.0 0.0 0.0 0.0 0.0 0.0 0.0 0.0  
    0.0 0.0 0.0 0.0 0.0 0.0 0.0 0.0 0.0 0.0 0.0 0.0 0.0 0.0 0.0 0.0 0.0  
    0.0 0.0 0.0 0.0 0.0 0.0 0.0 0.0 0.0 0.0 0.0 0.0 0.0 0.0 0.0 0.0 0.0  
    0.0 0.0 0.0 0.0 0.0 0.0 0.0 0.0 0.0 0.0 0.0 0.0 0.0 0.0 0.0 0.0 0.0  
    0.0 0.0 0.0 0.0 0.0 0.0 0.0 0.0 0.0 0.0 0.0 0.0 0.0 0.0 0.0 0.0 0.0  
    0.0 0.0 0.0 0.0 0.0 0.0 0.0 0.0 0.0 0.0 0.0 0.0 0.0 0.0 0.0 0.0 0.0 
  DENSITY_BEAM = 0.0 0.0 0.0 0.0 0.0 0.0 0.0 0.0 0.0 0.0 0.0 0.0 0.0  
    0.0 0.0 0.0 0.0 0.0 0.0 0.0 0.0 0.0 0.0 0.0 0.0 0.0 0.0 0.0 0.0 0.0  
    0.0 0.0 0.0 0.0 0.0 0.0 0.0 0.0 0.0 0.0 0.0 0.0 0.0 0.0 0.0 0.0 0.0  
    0.0 0.0 0.0 0.0 0.0 0.0 0.0 0.0 0.0 0.0 0.0 0.0 0.0 0.0 0.0 0.0 0.0  
    0.0 0.0 0.0 0.0 0.0 0.0 0.0 0.0 0.0 0.0 0.0 0.0 0.0 0.0 0.0 0.0 0.0  
    0.0 0.0 0.0 0.0 0.0 0.0 0.0 0.0 0.0 0.0 0.0 0.0 0.0 0.0 0.0 0.0 0.0  
    0.0 0.0 0.0 
  WBEAM = 0.0 0.0 0.0 0.0 0.0 0.0 0.0 0.0 0.0 0.0 0.0 0.0 0.0 0.0 0.0  
    0.0 0.0 0.0 0.0 0.0 0.0 0.0 0.0 0.0 0.0 0.0 0.0 0.0 0.0 0.0 0.0 0.0  
    0.0 0.0 0.0 0.0 0.0 0.0 0.0 0.0 0.0 0.0 0.0 0.0 0.0 0.0 0.0 0.0 0.0  
    0.0 0.0 0.0 0.0 0.0 0.0 0.0 0.0 0.0 0.0 0.0 0.0 0.0 0.0 0.0 0.0 0.0  
    0.0 0.0 0.0 0.0 0.0 0.0 0.0 0.0 0.0 0.0 0.0 0.0 0.0 0.0 0.0 0.0 0.0  
    0.0 0.0 0.0 0.0 0.0 0.0 0.0 0.0 0.0 0.0 0.0 0.0 0.0 0.0 0.0 0.0 0.0  
    0.0 
  TBEAM = 0.0 0.0 0.0 0.0 0.0 0.0 0.0 0.0 0.0 0.0 0.0 0.0 0.0 0.0 0.0  
    0.0 0.0 0.0 0.0 0.0 0.0 0.0 0.0 0.0 0.0 0.0 0.0 0.0 0.0 0.0 0.0 0.0  
    0.0 0.0 0.0 0.0 0.0 0.0 0.0 0.0 0.0 0.0 0.0 0.0 0.0 0.0 0.0 0.0 0.0  
    0.0 0.0 0.0 0.0 0.0 0.0 0.0 0.0 0.0 0.0 0.0 0.0 0.0 0.0 0.0 0.0 0.0  
    0.0 0.0 0.0 0.0 0.0 0.0 0.0 0.0 0.0 0.0 0.0 0.0 0.0 0.0 0.0 0.0 0.0  
    0.0 0.0 0.0 0.0 0.0 0.0 0.0 0.0 0.0 0.0 0.0 0.0 0.0 0.0 0.0 0.0 0.0  
    0.0 
  DENSITY_ALPHA = 0.0 0.0 0.0 0.0 0.0 0.0 0.0 0.0 0.0 0.0 0.0 0.0 0.0  
    0.0 0.0 0.0 0.0 0.0 0.0 0.0 0.0 0.0 0.0 0.0 0.0 0.0 0.0 0.0 0.0 0.0  
    0.0 0.0 0.0 0.0 0.0 0.0 0.0 0.0 0.0 0.0 0.0 0.0 0.0 0.0 0.0 0.0 0.0  
    0.0 0.0 0.0 0.0 0.0 0.0 0.0 0.0 0.0 0.0 0.0 0.0 0.0 0.0 0.0 0.0 0.0  
    0.0 0.0 0.0 0.0 0.0 0.0 0.0 0.0 0.0 0.0 0.0 0.0 0.0 0.0 0.0 0.0 0.0  
    0.0 0.0 0.0 0.0 0.0 0.0 0.0 0.0 0.0 0.0 0.0 0.0 0.0 0.0 0.0 0.0 0.0  
    0.0 0.0 0.0 
  WALPHA = 0.0 0.0 0.0 0.0 0.0 0.0 0.0 0.0 0.0 0.0 0.0 0.0 0.0 0.0 0.0  
    0.0 0.0 0.0 0.0 0.0 0.0 0.0 0.0 0.0 0.0 0.0 0.0 0.0 0.0 0.0 0.0 0.0  
    0.0 0.0 0.0 0.0 0.0 0.0 0.0 0.0 0.0 0.0 0.0 0.0 0.0 0.0 0.0 0.0 0.0  
    0.0 0.0 0.0 0.0 0.0 0.0 0.0 0.0 0.0 0.0 0.0 0.0 0.0 0.0 0.0 0.0 0.0  
    0.0 0.0 0.0 0.0 0.0 0.0 0.0 0.0 0.0 0.0 0.0 0.0 0.0 0.0 0.0 0.0 0.0  
    0.0 0.0 0.0 0.0 0.0 0.0 0.0 0.0 0.0 0.0 0.0 0.0 0.0 0.0 0.0 0.0 0.0  
    0.0 
  TALPHA = 0.0 0.0 0.0 0.0 0.0 0.0 0.0 0.0 0.0 0.0 0.0 0.0 0.0 0.0 0.0  
    0.0 0.0 0.0 0.0 0.0 0.0 0.0 0.0 0.0 0.0 0.0 0.0 0.0 0.0 0.0 0.0 0.0  
    0.0 0.0 0.0 0.0 0.0 0.0 0.0 0.0 0.0 0.0 0.0 0.0 0.0 0.0 0.0 0.0 0.0  
    0.0 0.0 0.0 0.0 0.0 0.0 0.0 0.0 0.0 0.0 0.0 0.0 0.0 0.0 0.0 0.0 0.0  
    0.0 0.0 0.0 0.0 0.0 0.0 0.0 0.0 0.0 0.0 0.0 0.0 0.0 0.0 0.0 0.0 0.0  
    0.0 0.0 0.0 0.0 0.0 0.0 0.0 0.0 0.0 0.0 0.0 0.0 0.0 0.0 0.0 0.0 0.0  
    0.0 
  CHIE = 0.0 0.0 0.0 0.0 0.0 0.0 0.0 0.0 0.0 0.0 0.0 0.0 0.0 0.0 0.0  
    0.0 0.0 0.0 0.0 0.0 0.0 0.0 0.0 0.0 0.0 0.0 0.0 0.0 0.0 0.0 0.0 0.0  
    0.0 0.0 0.0 0.0 0.0 0.0 0.0 0.0 0.0 0.0 0.0 0.0 0.0 0.0 0.0 0.0 0.0  
    0.0 0.0 0.0 0.0 0.0 0.0 0.0 0.0 0.0 0.0 0.0 0.0 0.0 0.0 0.0 0.0 0.0  
    0.0 0.0 0.0 0.0 0.0 0.0 0.0 0.0 0.0 0.0 0.0 0.0 0.0 0.0 0.0 0.0 0.0  
    0.0 0.0 0.0 0.0 0.0 0.0 0.0 0.0 0.0 0.0 0.0 0.0 0.0 0.0 0.0 0.0 0.0  
    0.0 
  CHII = 0.0 0.0 0.0 0.0 0.0 0.0 0.0 0.0 0.0 0.0 0.0 0.0 0.0 0.0 0.0  
    0.0 0.0 0.0 0.0 0.0 0.0 0.0 0.0 0.0 0.0 0.0 0.0 0.0 0.0 0.0 0.0 0.0  
    0.0 0.0 0.0 0.0 0.0 0.0 0.0 0.0 0.0 0.0 0.0 0.0 0.0 0.0 0.0 0.0 0.0  
    0.0 0.0 0.0 0.0 0.0 0.0 0.0 0.0 0.0 0.0 0.0 0.0 0.0 0.0 0.0 0.0 0.0  
    0.0 0.0 0.0 0.0 0.0 0.0 0.0 0.0 0.0 0.0 0.0 0.0 0.0 0.0 0.0 0.0 0.0  
    0.0 0.0 0.0 0.0 0.0 0.0 0.0 0.0 0.0 0.0 0.0 0.0 0.0 0.0 0.0 0.0 0.0  
    0.0 
  P_EQ = 0.0 0.0 0.0 0.0 0.0 0.0 0.0 0.0 0.0 0.0 0.0 0.0 0.0 0.0 0.0  
    0.0 0.0 0.0 0.0 0.0 0.0 0.0 0.0 0.0 0.0 0.0 0.0 0.0 0.0 0.0 0.0 0.0  
    0.0 0.0 0.0 0.0 0.0 0.0 0.0 0.0 0.0 0.0 0.0 0.0 0.0 0.0 0.0 0.0 0.0  
    0.0 0.0 0.0 0.0 0.0 0.0 0.0 0.0 0.0 0.0 0.0 0.0 0.0 0.0 0.0 0.0 0.0  
    0.0 0.0 0.0 0.0 0.0 0.0 0.0 0.0 0.0 0.0 0.0 0.0 0.0 0.0 0.0 0.0 0.0  
    0.0 0.0 0.0 0.0 0.0 0.0 0.0 0.0 0.0 0.0 0.0 0.0 0.0 0.0 0.0 0.0 0.0  
    0.0 
  J_TOT = 1.2717392043856857 1.2717392043856857 1.27143396568315  
    1.2705591887060965 1.26920381132465 1.2674449629771796  
    1.2653230647864318 1.2628536379915256 1.2600436959505155  
    1.2568984269933374 1.2534223721899442 1.2496195981029947  
    1.2454938100395756 1.2410484313024237 1.2362866594407949  
    1.231211509251153 1.2258258475276607 1.2201324190625815  
    1.2141338668966624 1.2078327510693354 1.2012315633689759  
    1.1943327383331503 1.1871386639985755 1.1796516916514896  
    1.1718741433277204 1.1638083190625896 1.1554565028914037  
    1.1468209675991683 1.1379039809707816 1.128707810291223  
    1.1192347260953357 1.1094870069183012 1.0994669420454493  
    1.0891768355122289 1.0786190106044464 1.067795811608316  
    1.0567096075602112 1.0453627962469714 1.0337578062061246  
    1.0218970999756725 1.0097831778191642 0.9974185808256513  
    0.9848058934599395 0.971947747187519 0.9588468241498296  
    0.9455058601140107 0.9319276482230305 0.9181150428208276  
    0.904070963202506 0.8897983977141771 0.8753004080777969  
    0.860580133891728 0.8456407974057821 0.8304857086959365  
    0.815118271064349 0.7995419868152964 0.7837604636043183  
    0.7677774210636229 0.7515966979774598 0.7352222602067957  
    0.7186582091900172 0.7019087910672597 0.6849784067314844  
    0.667871622877992 0.650593184029777 0.6331480257386313  
    0.6155412892326388 0.5977783375698837 0.5798647735620459  
    0.5618064598237194 0.5436095410752628 0.525280469215861  
    0.5068260316999871 0.4882533835627241 0.4695700837955979  
    0.45078413704749226 0.4319040415488046 0.4129388443891382  
    0.39389820594201935 0.3747924753414919 0.35563277943519594  
    0.3364311288077514 0.3172005450092681 0.29795521480848103  
    0.27871067944505357 0.25948406970801474 0.2402944023647966  
    0.2211629599436995 0.20211378681527278 0.18317435230218654  
    0.16437646146971896 0.14575754939477226 0.12736260207045663  
    0.10924717917766252 0.09148260814249534 0.07416684218523675  
    0.05744449962478519 0.04151008882898423 0.026514610875498265  
    0.012353542385639236 -0.0014643807536135478 
  RBDRY = 2.226239824894 2.221803731491651 2.20854405405223  
    2.1866060683765314 2.156230131626436 2.1177490489215507  
    2.071584427056675 2.018242055289529 1.9583063638078015  
    1.892434020589717 1.8213467368122465 1.7458233596324264  
    1.6666913389749214 1.5848176618174956 1.5010993533002537  
    1.4164536487304928 1.404878661994981 1.3934304932363648  
    1.3822345709872472 1.3714135601146873 1.3610860178782465  
    1.3513650949918445 1.3423572959208587 1.334161311996914  
    1.3268669401350008 1.320554098999684 1.315291953399489  
    1.311138156502786 1.3081382181776133 1.306325006376039  
    1.305718387026 1.306325006376039 1.308138218177613  
    1.3111381565027858 1.315291953399489 1.320554098999684  
    1.3268669401350008 1.334161311996914 1.3423572959208587  
    1.3513650949918445 1.3610860178782465 1.3714135601146873  
    1.3822345709872472 1.3934304932363646 1.4048786619949807  
    1.416453648730493 1.501099353300253 1.5848176618174947  
    1.6666913389749212 1.7458233596324257 1.8213467368122458  
    1.8924340205897168 1.958306363807801 2.0182420552895284  
    2.071584427056675 2.1177490489215507 2.156230131626436  
    2.1866060683765314 2.20854405405223 2.221803731491651  
    2.226239824894 
  ZBDRY = 0.0 0.07063382025355233 0.13956229569639775  
    0.2069600917772117 0.2724515942818661 0.33560578230243954  
    0.3959925789710507 0.4532043058314712 0.5068680334075645  
    0.5566544550142968 0.6022850186580593 0.6435379576537817  
    0.6802534760142823 0.7123381845096289 0.7397688037725323  
    0.7625951015085768 0.7133935426809742 0.6623510106446683  
    0.6097306675386777 0.5558156562499412 0.5009104732265385  
    0.4453430925549142 0.38946832877452814 0.33367328033216354  
    0.27838639348546074 0.22409317939808135 0.1713651667739547  
    0.12091840597485598 0.07375072909473912 0.03156537583468305  
    -8.939383969681655e-10 -0.03156537583468305 -0.07375072909473346  
    -0.12091840597485178 -0.17136516677395455 -0.2240931793980811  
    -0.27838639348546046 -0.33367328033216315 -0.38946832877452764  
    -0.4453430925549136 -0.5009104732265396 -0.555815656249942  
    -0.6097306675386776 -0.6623510106446673 -0.7133935426809731  
    -0.762595101508576 -0.7397688037725325 -0.7123381845096293  
    -0.6802534760142824 -0.6435379576537822 -0.6022850186580597  
    -0.5566544550142969 -0.5068680334075649 -0.45320430583147164  
    -0.3959925789710507 -0.33560578230243954 -0.2724515942818663  
    -0.2069600917772117 -0.13956229569639775 -0.07063382025355233 0.0 
  NLIM = 5 
  RLIM = 2.2762398248939997 1.255718387026 1.255718387026  
    2.2762398248939997 2.2762398248939997 
  ZLIM = 0.8125951015085768 0.8125951015085768 -0.8125951015085761  
    -0.8125951015085761 0.8125951015085768 
  RHO = 0.0 0.01 0.02 0.03 0.04 0.05 0.06 0.07 0.08 0.09 0.1 0.11 0.12  
    0.13 0.14 0.15 0.16 0.17 0.18 0.19 0.2 0.21 0.22 0.23 0.24 0.25  
    0.26 0.27 0.28 0.29 0.3 0.31 0.32 0.33 0.34 0.35 0.36 0.37 0.38  
    0.39 0.4 0.41 0.42 0.43 0.44 0.45 0.46 0.47 0.48 0.49 0.5 0.51 0.52  
    0.53 0.54 0.55 0.56 0.57 0.58 0.59 0.6 0.61 0.62 0.63 0.64 0.65  
    0.66 0.67 0.68 0.69 0.7 0.71 0.72 0.73 0.74 0.75 0.76 0.77 0.78  
    0.79 0.8 0.81 0.82 0.83 0.84 0.85 0.86 0.87 0.88 0.89 0.9 0.91 0.92  
    0.93 0.94 0.95 0.96 0.97 0.98 0.99 1.0 
  MODEL_PROFILE_NE = 'ped' 
  MODEL_PROFILE_TE = 'ped' 
  MODEL_PROFILE_TI = 'ped' 
  MODEL_PROFILE_DENSITY_BEAM = 'parab' 
  MODEL_PROFILE_J_TOT = 'parab' 
  MODEL_PROFILE_OMEGA = 'parab' 
  MODEL_PROFILE_ZEFF = 'const' 
  MODEL_PROFILE_TBEAMI = 'const' 
  MODEL_PROFILE_DENSITY_ALPHA = 'zero' 
  MODEL_PROFILE_WALPHA = 'zero' 
  MODEL_PROFILE_WBEAM = 'derived' 
  J_TOT_AXIS = 1.1805549 
  J_TOT_SEP = 0.0 
  J_TOT_ALPHA = 1.9 
  J_TOT_BETA = 1.2 
  DENSITY_BEAM_AXIS = 0.0 
  DENSITY_BEAM_SEP = 0.0 
  DENSITY_BEAM_ALPHA = 1.5 
  DENSITY_BEAM_BETA = 1.5 
  TBEAMI_AXIS = 20.0 
  DENSITY_ION_0 = 3.8665341856526756 3.867148677903588  
    3.8667600103791333 3.8653835129423717 3.8630345154563637  
    3.859728347784169 3.855480339788851 3.8503058213334698  
    3.844220122281086 3.8372385724947624 3.829376501837558  
    3.8206492401725343 3.8110721173627513 3.8006604632712735  
    3.789429607761158 3.7773948806954682 3.764571611937263  
    3.750975131349608 3.736620768795558 3.721523854138178  
    3.705699717240528 3.689163687965669 3.6719310961766625  
    3.654017271736568 3.6354375445084477 3.6162072443553632  
    3.596341701140375 3.5758562447265434 3.554766204976929  
    3.5330869117545958 3.5108336949226024 3.4880218843440094  
    3.4646668098818783 3.44078380139927 3.416388188759248  
    3.39149530182487 3.366120470459199 3.340279024525294  
    3.3139862938862183 3.287257608405032 3.2601082979447953  
    3.2325536923685703 3.2046091215394177 3.176289915320399  
    3.147611403574574 3.118588916165004 3.089237782954752  
    3.0595733338068767 3.0296108985844397 2.9993658071505025  
    2.968853389368126 2.93808897510037 2.907087894210297  
    2.8758654765609677 2.844437052015443 2.812817950436784  
    2.7810235016880513 2.749069035632307 2.71696988213261  
    2.684741371052024 2.6523988322536076 2.619957595600423  
    2.587432990955531 2.5548403481819935 2.52219499714287  
    2.4895122677012225 2.4568074897201124 2.4240959930625996  
    2.391393107591745 2.358714163170611 2.326074489662258  
    2.293489416929746 2.260974274836138 2.2285443932444924  
    2.196215102017873 2.1640017310193382 2.1319196101119515  
    2.0999840691587717 2.0682104380228616 2.0366140465672813  
    2.0052102246550927 1.9740143021493557 1.9430416089131315  
    1.9123074748094813 1.8818272297014664 1.8516162034521466  
    1.8216897259245848 1.792063126981841 1.7627517364869763  
    1.733770884303052 1.7051359002931286 1.6768621143202673  
    1.6489648562475285 1.621459455937975 1.5943612432546665  
    1.5676855480606642 1.5414477002190285 1.5156630295084204  
    1.4903378822207576 1.4699049855719983 1.4699467434797382 
  DENSITY_IMP_0 = 0.10490596627739815 0.10492263854777176  
    0.10491209330486019 0.10487474647518062 0.10481101398525014  
    0.10472131176158597 0.10460605573070524 0.10446566181912514  
    0.1043005459533628 0.1041111240599354 0.10389781206536007  
    0.10366102589615402 0.10340118147883433 0.10311869473991825  
    0.10281398160592288 0.1024874580033654 0.10213953985876296  
    0.10177064309863276 0.10138118364949188 0.10097157743785753  
    0.10054224039024688 0.10009358843317706 0.09962603749316523  
    0.09914000349672855 0.09863590237038423 0.09811415004064937  
    0.09757516243404117 0.09701935547707675 0.09644714509627329  
    0.09585894721814793 0.09525517776921788 0.09463625267600025  
    0.09400258786501219 0.09335459926277091 0.09269270279579353  
    0.09201731439059722 0.0913288499736992 0.09062772547161652  
    0.0899143568108664 0.08918915991796598 0.08845255071943242  
    0.08770494514178291 0.08694675911153459 0.08617840855520464  
    0.08540030939931015 0.08461287757036834 0.08381652899489636  
    0.08301167959941139 0.08219874531043052 0.08137814205447101  
    0.08055028575804991 0.07971559234768444 0.07887447774989177  
    0.07802735789118904 0.0771746486980934 0.07631676609712204  
    0.0754541260147921 0.0745871443776207 0.07371623711212508  
    0.07284182014482234 0.07196430940222966 0.07108412081086417  
    0.07020167029724309 0.06931737378788355 0.06843164720930268  
    0.06754490648801766 0.06665756755054568 0.06577004632340384  
    0.06488275873310938 0.06399612070617937 0.06311054816913103  
    0.06222645704848149 0.061344263270747934 0.060464382762447484  
    0.059587231450097325 0.058713225260214615 0.057842780119316504  
    0.05697631195392017 0.056114236690542746 0.05525697025570144  
    0.054404928575913364 0.053558527577695685 0.05271818318756559  
    0.05188431133204019 0.05105732793763669 0.050237648930872195  
    0.04942569023826393 0.04862186778632903 0.04782659750158462  
    0.04704029531054791 0.04626337713973604 0.04549625891566615  
    0.044739356564855434 0.04399308601382103 0.043257863189080106  
    0.04253410401714981 0.041822224424547284 0.04112264033549976  
    0.04043552393622211 0.0398811430193953 0.03988227598588437 
  DENSITY_TH = 3.9714401519300737 3.97207131645136 3.9716721036839937  
    3.970258259417552 3.9678455294416137 3.964449659545755  
    3.960086395519556 3.954771483152595 3.948520668234449  
    3.9413496965546977 3.9332743139029183 3.924310266068688  
    3.914473298841586 3.903779158011192 3.892243589367081  
    3.8798823386988337 3.866711151796026 3.8527457744482407  
    3.83800195244505 3.8224954315760353 3.8062419576307747  
    3.789257276398846 3.7715571336698277 3.7531572752332965  
    3.734073446878832 3.7143213943960127 3.693916863574416  
    3.67287560020362 3.6512133500732022 3.628945858972744  
    3.6060888726918203 3.5826581370200095 3.5586693977468906  
    3.5341384006620413 3.5090808915550418 3.4835126162154673  
    3.4574493204328984 3.4309067499969106 3.403900650697085  
    3.376446768322998 3.3485608486642278 3.3202586375103533  
    3.2915558806509524 3.262468323875604 3.2330117129738842  
    3.2032017937353725 3.1730543119496484 3.142585013406288  
    3.1118096438948704 3.0807439492049733 3.0494036751261757  
    3.0178045674480543 2.985962371960189 2.953892834452157  
    2.9216117007135365 2.889134716533906 2.8564776277028434  
    2.8236561800099276 2.790686119244735 2.7575831911968463  
    2.724363141655837 2.6910417164112874 2.657634661252774  
    2.624157721969877 2.5906266443521724 2.5570571741892403  
    2.5234650572706583 2.4898660393860035 2.4562758663248547  
    2.42271028387679 2.389185037831389 2.3557158739782276  
    2.322318538106886 2.28900877600694 2.25580233346797  
    2.2227149562795527 2.189762390231268 2.156960381112692  
    2.1243246747134044 2.091871016822983 2.059615153231006  
    2.027572829727051 1.995759792100697 1.9641917861415215  
    1.9328845576391032 1.9018538523830189 1.8711154161628487  
    1.84068499476817 1.8105783339885608 1.7808111796136  
    1.7513992774328646 1.7223583732359335 1.693704212812384  
    1.665452541951796 1.6376191064437466 1.610219652077814  
    1.5832699246435757 1.5567856698439202 1.5307734061569798  
    1.5097861285913936 1.5098290194656225 
  NI = 3.8665341856526756 3.867148677903588 3.8667600103791333  
    3.8653835129423717 3.8630345154563637 3.859728347784169  
    3.855480339788851 3.8503058213334698 3.844220122281086  
    3.8372385724947624 3.829376501837558 3.8206492401725343  
    3.8110721173627513 3.8006604632712735 3.789429607761158  
    3.7773948806954682 3.764571611937263 3.750975131349608  
    3.736620768795558 3.721523854138178 3.705699717240528  
    3.689163687965669 3.6719310961766625 3.654017271736568  
    3.6354375445084477 3.6162072443553632 3.596341701140375  
    3.5758562447265434 3.554766204976929 3.5330869117545958  
    3.5108336949226024 3.4880218843440094 3.4646668098818783  
    3.44078380139927 3.416388188759248 3.39149530182487  
    3.366120470459199 3.340279024525294 3.3139862938862183  
    3.287257608405032 3.2601082979447953 3.2325536923685703  
    3.2046091215394177 3.176289915320399 3.147611403574574  
    3.118588916165004 3.089237782954752 3.0595733338068767  
    3.0296108985844397 2.9993658071505025 2.968853389368126  
    2.93808897510037 2.907087894210297 2.8758654765609677  
    2.844437052015443 2.812817950436784 2.7810235016880513  
    2.749069035632307 2.71696988213261 2.684741371052024  
    2.6523988322536076 2.619957595600423 2.587432990955531  
    2.5548403481819935 2.52219499714287 2.4895122677012225  
    2.4568074897201124 2.4240959930625996 2.391393107591745  
    2.358714163170611 2.326074489662258 2.293489416929746  
    2.260974274836138 2.2285443932444924 2.196215102017873  
    2.1640017310193382 2.1319196101119515 2.0999840691587717  
    2.0682104380228616 2.0366140465672813 2.0052102246550927  
    1.9740143021493557 1.9430416089131315 1.9123074748094813  
    1.8818272297014664 1.8516162034521466 1.8216897259245848  
    1.792063126981841 1.7627517364869763 1.733770884303052  
    1.7051359002931286 1.6768621143202673 1.6489648562475285  
    1.621459455937975 1.5943612432546665 1.5676855480606642  
    1.5414477002190285 1.5156630295084204 1.4903378822207576  
    1.4699049855719983 1.4699467434797382 
  NZ = 0.10490596627739815 0.10492263854777176 0.10491209330486019  
    0.10487474647518062 0.10481101398525014 0.10472131176158597  
    0.10460605573070524 0.10446566181912514 0.1043005459533628  
    0.1041111240599354 0.10389781206536007 0.10366102589615402  
    0.10340118147883433 0.10311869473991825 0.10281398160592288  
    0.1024874580033654 0.10213953985876296 0.10177064309863276  
    0.10138118364949188 0.10097157743785753 0.10054224039024688  
    0.10009358843317706 0.09962603749316523 0.09914000349672855  
    0.09863590237038423 0.09811415004064937 0.09757516243404117  
    0.09701935547707675 0.09644714509627329 0.09585894721814793  
    0.09525517776921788 0.09463625267600025 0.09400258786501219  
    0.09335459926277091 0.09269270279579353 0.09201731439059722  
    0.0913288499736992 0.09062772547161652 0.0899143568108664  
    0.08918915991796598 0.08845255071943242 0.08770494514178291  
    0.08694675911153459 0.08617840855520464 0.08540030939931015  
    0.08461287757036834 0.08381652899489636 0.08301167959941139  
    0.08219874531043052 0.08137814205447101 0.08055028575804991  
    0.07971559234768444 0.07887447774989177 0.07802735789118904  
    0.0771746486980934 0.07631676609712204 0.0754541260147921  
    0.0745871443776207 0.07371623711212508 0.07284182014482234  
    0.07196430940222966 0.07108412081086417 0.07020167029724309  
    0.06931737378788355 0.06843164720930268 0.06754490648801766  
    0.06665756755054568 0.06577004632340384 0.06488275873310938  
    0.06399612070617937 0.06311054816913103 0.06222645704848149  
    0.061344263270747934 0.060464382762447484 0.059587231450097325  
    0.058713225260214615 0.057842780119316504 0.05697631195392017  
    0.056114236690542746 0.05525697025570144 0.054404928575913364  
    0.053558527577695685 0.05271818318756559 0.05188431133204019  
    0.05105732793763669 0.050237648930872195 0.04942569023826393  
    0.04862186778632903 0.04782659750158462 0.04704029531054791  
    0.04626337713973604 0.04549625891566615 0.044739356564855434  
    0.04399308601382103 0.043257863189080106 0.04253410401714981  
    0.041822224424547284 0.04112264033549976 0.04043552393622211  
    0.0398811430193953 0.03988227598588437 
  DENSITY_HE = 0.0 0.0 0.0 0.0 0.0 0.0 0.0 0.0 0.0 0.0 0.0 0.0 0.0 0.0  
    0.0 0.0 0.0 0.0 0.0 0.0 0.0 0.0 0.0 0.0 0.0 0.0 0.0 0.0 0.0 0.0 0.0  
    0.0 0.0 0.0 0.0 0.0 0.0 0.0 0.0 0.0 0.0 0.0 0.0 0.0 0.0 0.0 0.0 0.0  
    0.0 0.0 0.0 0.0 0.0 0.0 0.0 0.0 0.0 0.0 0.0 0.0 0.0 0.0 0.0 0.0 0.0  
    0.0 0.0 0.0 0.0 0.0 0.0 0.0 0.0 0.0 0.0 0.0 0.0 0.0 0.0 0.0 0.0 0.0  
    0.0 0.0 0.0 0.0 0.0 0.0 0.0 0.0 0.0 0.0 0.0 0.0 0.0 0.0 0.0 0.0 0.0  
    0.0 0.0 
/

&INMETRIC
  IP = 584584.4615 
  BCENTR = 1.792385008 
  RMAJOR = 1.8254525571102675 1.825441152854414 1.825406709771494  
    1.825349218569929 1.8252689071418755 1.825165904682013  
    1.8250402905276917 1.824892361597672 1.8247223303460425  
    1.8245304202042376 1.8243170185706639 1.824082399883853  
    1.8238269317998088 1.8235510586357473 1.8232551275294924  
    1.8229396241687303 1.8226050263653817 1.822251765789515  
    1.8218803903130087 1.8214914083716707 1.8210853124143405  
    1.8206626722827917 1.8202240209316893 1.8197698647331757  
    1.819300783911478 1.818817331166175 1.8183200307518745  
    1.8178094607612216 1.8172861337629271 1.8167505115818798  
    1.8162030473218869 1.8156441375322008 1.8150741544259845  
    1.8144934941484188 1.8139025103227469 1.8133015354861022  
    1.8126909254690942 1.8120710037150598 1.8114420756940723  
    1.8108044721231273 1.810158500989108 1.8095044475021727  
    1.8088426271007743 1.808173338693721 1.8074968591166716  
    1.8068134866594754 1.8061235187039568 1.8054272280735433  
    1.804724898519659 1.8040168265533212 1.8033032877366253  
    1.8025845548629489 1.801860923825763 1.8011326773436367  
    1.8004000828733588 1.7996634334398687 1.7989230187051461  
    1.7981791127037807 1.7974320016528575 1.796681983268023  
    1.7959293446838078 1.7951743705427154 1.7944173652150455  
    1.7936586304923163 1.792898458624715 1.7921371574864993  
    1.7913750491095457 1.7906124450070422 1.7898496589838029  
    1.789087025015161 1.7883248819816902 1.7875635667915506  
    1.786803418781039 1.7860448081470022 1.7852881083755296  
    1.7845336929769524 1.7837819403390636 1.783033237063484  
    1.782287980909405 1.7815465762110136 1.7808094226290447  
    1.7800769666422007 1.779349659512746 1.7786279203493511  
    1.7779121442856294 1.7772025182547102 1.7764991985401597  
    1.7758024412345834 1.7751125935736338 1.7744299555375282  
    1.7737550428928726 1.7730885617648537 1.7724313943285792  
    1.7717844550586261 1.7711485040474546 1.7705258001124142  
    1.7699203801505687 1.76933842116444 1.7687902035115104  
    1.7683161723728653 1.7679827689416499 
  AMINOR = 0.4598899445693828 
  KAPPA = 1.267809304535293 1.2678453256516897 1.2679533890008798  
    1.268056167119392 1.2681324136163508 1.2681962497956778  
    1.2682907217105812 1.268409634722717 1.2685431669051956  
    1.2686913654467515 1.2688610708903485 1.2690537621535902  
    1.2692661691906189 1.2694974622473498 1.2697523667044142  
    1.2700307550637728 1.270330210348005 1.2706524117332954  
    1.2709996849166212 1.271372434151239 1.2717706151954908  
    1.2721946781870876 1.2726468586116406 1.273128058394933  
    1.27363744126345 1.2741766866402235 1.2747478817932514  
    1.2753512793731636 1.2759869030107833 1.2766560130178455  
    1.2773596979510646 1.2780985724643898 1.2788729147551599  
    1.279683727772165 1.2805322203647007 1.281419070901715  
    1.282344555693197 1.283309961359345 1.2843165556671556  
    1.2853649664179647 1.286455911158977 1.2875909071396363  
    1.2887711181532078 1.2899974878529297 1.2912711458989314  
    1.2925936273782879 1.2939663343526318 1.2953905681098932  
    1.2968677477769872 1.2983996349219178 1.299987988100132  
    1.3016344363657422 1.303340759228187 1.3051091337083807  
    1.3069417042996063 1.3088404724394258 1.3108078003237813  
    1.312846357136384 1.3149587602052253 1.3171476385971386  
    1.3194160831986688 1.3217673897766513 1.3242048574181857  
    1.3267320255215955 1.329352895737577 1.3320716452643802  
    1.334892630486534 1.3378206190409097 1.340860868133462  
    1.3440189032276069 1.347300657258463 1.3507126608273992  
    1.3542620081609418 1.357956303129248 1.3618038429183572  
    1.365813762563147 1.369996150402743 1.3743620279806936  
    1.3789234287144212 1.383693656349943 1.3886875372758025  
    1.39392159663334 1.399414391067668 1.4051868141821269  
    1.4112625782924788 1.4176691062380504 1.424437846325032  
    1.4316064020067016 1.4392174423082151 1.4473209850073283  
    1.4559798438273077 1.4652754223739883 1.4753102423780766  
    1.486219582810418 1.4981828325389746 1.5114719540294623  
    1.5265143479991194 1.5439537955217335 1.5650159868125642  
    1.59139773268074 1.6311927745715318 
  DELTA = 0.0 0.003177302659587585 0.005729039428178603  
    0.008275852643343523 0.010830248135931581 0.013390027586788896  
    0.015949737695951354 0.01851291415401027 0.021079839657414202  
    0.023650319205694315 0.02622580718650985 0.02880542350498287  
    0.03139033559073696 0.03398199880326829 0.03657937401685331  
    0.03918355592596898 0.04179546682435689 0.04441504821062808  
    0.047043079925419284 0.04968003437184257 0.05232647171785418  
    0.054983694643322034 0.05765265233918785 0.06033410083888061  
    0.06302937017253515 0.06573933148262105 0.06846451390086274  
    0.07120582411404687 0.07396384728286731 0.07673995304459688  
    0.0795358765371134 0.08235300435656441 0.0851926639238643  
    0.08805655456844101 0.09094608221806255 0.09386260842623201  
    0.09680767248148098 0.0997828208066976 0.1027896014964086  
    0.10582973453598418 0.10890487455275377 0.11201664740000662  
    0.11516687223033675 0.11835726582005401 0.12158962111057232  
    0.12486648154859765 0.1281900765356338 0.13156246170257982  
    0.13498577963778616 0.138462412297924 0.14199448793735653  
    0.14558447203409752 0.14923495621592128 0.15294878329833983  
    0.15672859508053683 0.16057743404474872 0.16449850839265243  
    0.16849500264421433 0.17257038003621702 0.176728472425044  
    0.1809733743370339 0.18530915439510653 0.18974042214051662  
    0.19427203922520342 0.1989091237195513 0.20365710706913287  
    0.20852194093718618 0.21351006537098038 0.2186284937806927  
    0.2238848916921641 0.22928748705209517 0.23484511133764746  
    0.24056762429852385 0.24646606506926205 0.2525527609008126  
    0.2588414533954068 0.26534593570808146 0.27208083816203965  
    0.27911909580022287 0.2864415337343076 0.2940596036090687  
    0.30199956031770914 0.31028868233957424 0.31895644562022635  
    0.32803934449670685 0.3375915727796526 0.34768026679284814  
    0.3583754620986538 0.3697564472403965 0.38192895081092787  
    0.3950497146433988 0.4093239180481347 0.42495642968937875  
    0.44222755167399624 0.46165119238370245 0.48404078845603143  
    0.510408975532695 0.542215005539641 0.5825574687132341  
    0.635964928225939 0.7186117442090351 
  NRHO = 101 
  RHOB = 0.5812932318980197 
  RHO = 0.0 0.01 0.02 0.03 0.04 0.05 0.06 0.07 0.08 0.09 0.1 0.11 0.12  
    0.13 0.14 0.15 0.16 0.17 0.18 0.19 0.2 0.21 0.22 0.23 0.24 0.25  
    0.26 0.27 0.28 0.29 0.3 0.31 0.32 0.33 0.34 0.35 0.36 0.37 0.38  
    0.39 0.4 0.41 0.42 0.43 0.44 0.45 0.46 0.47 0.48 0.49 0.5 0.51 0.52  
    0.53 0.54 0.55 0.56 0.57 0.58 0.59 0.6 0.61 0.62 0.63 0.64 0.65  
    0.66 0.67 0.68 0.69 0.7 0.71 0.72 0.73 0.74 0.7500000000000001 0.76  
    0.77 0.78 0.79 0.8 0.81 0.82 0.83 0.84 0.85 0.86 0.87 0.88 0.89 0.9  
    0.91 0.92 0.93 0.94 0.95 0.96 0.97 0.98 0.99 1.0 
  VOLP = 0.0 0.4351651536139754 0.8702195772801352 1.3050527923028301  
    1.7395556406242705 2.173619931323691 2.6071391586272066  
    3.0400098391040467 3.4721299098251452 3.9034006986347145  
    4.333727527674546 4.763017536059353 5.191183327851366  
    5.618141157629454 6.043810005520693 6.468115451388852  
    6.890985432726524 7.312352097887733 7.732154055032231  
    8.1503315088359 8.56682924338585 8.981596956892535 9.39458499464861  
    9.805748007358805 10.215047495619652 10.622448368010195  
    11.027917377282295 11.431416225731262 11.832900173056599  
    12.232326115674036 12.62965343390249 13.024840158140307  
    13.417846977443261 13.80863700837255 14.197170367280712  
    14.583409253687249 14.967317869032534 15.348858500258537  
    15.727994055291113 16.104689717010164 16.47890864313057  
    16.85061378166508 17.21977134119261 17.58634388170403  
    17.950293741898264 18.311586231013774 18.670184932533726  
    19.02605050183696 19.3791458566461 19.729433956969437  
    20.07687388614784 20.42142461509851 20.763046790832604  
    21.101697974424777 21.437333188420215 21.76990968683539  
    22.099381014065003 22.42569662279412 22.748807922519244  
    23.068664008414657 23.38520923248182 23.698386579122243  
    24.008136617976295 24.31439594312683 24.61709677032224  
    24.916171680786974 25.211546551572418 25.50313726881012  
    25.79085782979912 26.074617259863423 26.35431754440659  
    26.62984863871819 26.901092051586932 27.167924672027542  
    27.430207060376354 27.687781770869847 27.940469682234294  
    28.18806272687415 28.430321699464553 28.66696743409664  
    28.897676035664013 29.12207128238334 29.339693183000865  
    29.54998259640319 29.752247645058485 29.945624697992635  
    30.129083978165614 30.30139152970274 30.460960458752186  
    30.60579005169027 30.73341010662014 30.840728584165607  
    30.924335685814476 30.98024147269723 31.004293538443484  
    30.990437978403783 30.933954866921084 30.810764406475872  
    30.608429078596735 30.164883641988027 29.2845265725178 
  IPOL = 0.9950325840719402 0.9950382720673309 0.9950552973134921  
    0.9950835439686826 0.9951228202131289 0.9951728601163932  
    0.9952333262269968 0.995303812862396 0.9953838500831381  
    0.9954729083106597 0.9955704034012942 0.9956757002144176  
    0.9957881181358709 0.9959069404809976 0.9960314214427217  
    0.9961607915841415 0.9962942659407459 0.9964310503249978  
    0.9965703519905111 0.9967113859588055 0.9968533777305786  
    0.9969955819812849 0.9971372700063184 0.9972777666131976  
    0.9974164456535897 0.997552546986324 0.9976853329835638  
    0.997814493023742 0.9979398593837654 0.9980612298691949  
    0.9981784352801191 0.9982913199779333 0.9983997469704315  
    0.9985035921175494 0.9986027514131739 0.9986971382580059  
    0.9987866794229192 0.9988713188310723 0.9989510171854292  
    0.9990257467414916 0.9990955005132571 0.9991602806775592  
    0.9992201079365451 0.9992750109402149 0.9993250353358585  
    0.9993702425812614 0.9994106974708652 0.9994464856425451  
    0.9994776976268844 0.9995044354182492 0.9995268169868616  
    0.9995449616776317 0.9995590022836194 0.999569077587303  
    0.9995753377957738 0.999577935912612 0.9995770345320238  
    0.9995728005920155 0.9995654075635567 0.9995550302983185  
    0.9995418523860332 0.9995260575330671 0.9995078353973561  
    0.999487373722327 0.9994648648285854 0.9994405031114981  
    0.9994144839843875 0.999387002697623 0.999358253968198  
    0.9993284350344045 0.9992977429637833 0.9992663787441103  
    0.9992345432964548 0.9992024453285904 0.999170298191611  
    0.9991383326952346 0.999106793889708 0.9990759561948837  
    0.9990461423115922 0.999017727728828 0.9989911809369509  
    0.998967084569371 0.9989461802927038 0.9989293989893455  
    0.9989179045487764 0.9989130929774537 0.9989165774711867  
    0.9989301119830425 0.9989554834130159 0.9989944265602118  
    0.999048530700372 0.9991191206163775 0.9992068405098322  
    0.9993108624594266 0.9994277514730225 0.9995510575971782  
    0.9996720703174684 0.9997821714863638 0.9998766967565973  
    0.9999501705210325 0.9999969021899278 
  G11 = 0.0 0.43081138936994523 0.8616116859536099 1.2926191537587162  
    1.723965976582818 2.155659698617923 2.5876882454000167  
    3.020164817541093 3.4532962709273582 3.8871158316689107  
    4.321591366012577 4.7568784995929665 5.193047612512189  
    5.630088134206755 6.068088625712366 6.507111972644279  
    6.947195489313837 7.38840721651951 7.830745308571667  
    8.274272082034324 8.719033009843937 9.165031511916204  
    9.612324041334531 10.060940932046153 10.510889524777342  
    10.9622014255179 11.414900015903017 11.869016047205271  
    12.324604812101594 12.78172432882217 13.24043974666933  
    13.700807951224691 14.16285540673265 14.626643878934118  
    15.09229523134515 15.559803089783427 16.029234475589913  
    16.500733729608783 16.974268111959017 17.449998047180006  
    17.927949738762983 18.40823875851727 18.89094608107589  
    19.376128665421373 19.863972649593883 20.35445227532412  
    20.847828295661213 21.344115635834495 21.84342062720815  
    22.346038521813753 22.851937225300787 23.36129646941745  
    23.874433750215463 24.39138364548435 24.912310631111836  
    25.437531254881424 25.967293276166505 26.501729528994808  
    27.041073067033885 27.585718950009426 28.136001907013885  
    28.692203405996143 29.254579221944596 29.82361056994842  
    30.39981710872631 30.983695926854214 31.575644062490213  
    32.1761579012527 32.786031985628455 33.40603306565896  
    34.03701225484313 34.67958277411299 35.3346865593505  
    36.00369600724077 36.68802566455197 37.38863469607193  
    38.106945019959156 38.845563093350094 39.606675427832485  
    40.39178872469292 41.204524147821715 42.04938747976516  
    42.92825168617258 43.84864986653421 44.81594284838296  
    45.837670814138136 46.925350162316676 48.08981708347701  
    49.347199855272365 50.72197008417926 52.2358189426413  
    53.9360013980004 55.876515455219604 58.104725563068214  
    60.762978821326186 63.95890717682172 68.12969295987423  
    73.03052493419723 83.45362602749366 116.83788107504546  
    260.5965963332025 
  G22 = 0.0 0.005783272224377535 0.011566534546781096  
    0.01735285856106616 0.02314416627115372 0.028940702393741566  
    0.03474245623517524 0.04055111521164955 0.046369613108301934  
    0.052198572641242905 0.05803775355820596 0.06388942314984805  
    0.06975474612994326 0.07563379696430547 0.08152797348587118  
    0.0874383833408132 0.09336576796518908 0.09931129129070808  
    0.10527522352168443 0.11125867007268168 0.11726253363999  
    0.12328717342905673 0.12933361766142146 0.13540258555247764  
    0.14149455349957438 0.14761028432020853 0.15375042143405585  
    0.15991567985858246 0.1661069985316088 0.1723253578870122  
    0.17857187435890146 0.18484752592315273 0.1911529165195868  
    0.19748914243189175 0.203858055707488 0.21025982445065106  
    0.21669563007460618 0.2231676391319765 0.22967564893778353  
    0.23622212483280516 0.24280765273593055 0.24943402548438878  
    0.256102636539992 0.2628145029763456 0.26957237406237594  
    0.2763761845504299 0.28322974076813934 0.29013347194209665  
    0.2970890932657005 0.3041008874882266 0.31116864229926844  
    0.3182950581465325 0.3254847383434219 0.33273837224413394  
    0.340058434192659 0.34744953851191096 0.3549152880758314  
    0.36245767317399197 0.37008015330820115 0.3777883868759639  
    0.3855871268012338 0.39348043039855135 0.40147204728488595  
    0.40956875674449317 0.417777829009864 0.42610632999082737  
    0.43455990573835607 0.44314544333499434 0.45187398404456336  
    0.4607562287393789 0.46980401961654195 0.4790258093274621  
    0.48843460841948483 0.4980494628595434 0.5078898449406002  
    0.5179687954543126 0.5283056510121589 0.5389359092503495  
    0.5498890845000802 0.5611850036094305 0.5728725276185566  
    0.5850123411352176 0.5976273208211047 0.6108176448253356  
    0.6246511250088738 0.6392237016106909 0.6546855585521025  
    0.6711765106146389 0.6889054634820188 0.7081918293441508  
    0.7293077857336709 0.752870645313297 0.779591070359904  
    0.8100875749374628 0.8463194910998812 0.8897786945878772  
    0.9466327475586164 1.0133798739511142 1.1568113648848737  
    1.6172417423146455 3.610693693998817 
  G33 = 0.9359012372074991 0.9359354981559892 0.9360385788863756  
    0.9362103805390943 0.9364504618491885 0.9367586376096889  
    0.937134590989619 0.9375776227944118 0.9380873767107758  
    0.9386632207673431 0.9393042891133155 0.9400100467768636  
    0.9407795158186675 0.9416117608225496 0.94250602825458  
    0.9434611283335461 0.9444761504088438 0.9455501463460035  
    0.9466818550138394 0.9478703390327847 0.9491145744090809  
    0.9504134144171662 0.9517660454049233 0.9531715296693706  
    0.954628582204762 0.9561361076339531 0.9576931747526514  
    0.9592991678744999 0.9609540541846087 0.962657805453115  
    0.9644102667324742 0.9662114827778291 0.9680613685035205  
    0.9699597506614781 0.9719067344534271 0.9739023421885685  
    0.9759465207798302 0.9780393940706075 0.9801810972240315  
    0.98237165993981 0.9846112836360666 0.9869002090339327  
    0.9892385207510465 0.9916265452602383 0.9940646453211521  
    0.9965530319155463 0.999092044027689 1.0016821853020041  
    1.0043238607586897 1.0070174838088348 1.0097636772461296  
    1.0125630755943162 1.0154162386973429 1.0183238862656796  
    1.0212868578993954 1.0243058938490244 1.0273819134750228  
    1.0305160198446297 1.0337092273203914 1.0369626546311173  
    1.0402776307993509 1.0436555424070049 1.0470978726788782  
    1.050606281787209 1.0541826047693934 1.0578286565430999  
    1.0615465325835423 1.0653387399514125 1.0692078531328033  
    1.0731566406211437 1.0771881529040552 1.0813059196881896  
    1.0855137989417332 1.0898158140972096 1.0942166343422763  
    1.0987216187690758 1.103336957570521 1.1080699417981101  
    1.112929014624838 1.1179241153537505 1.1230668161988018  
    1.12837059455783 1.1338520104542893 1.1395312783677953  
    1.1454335337810047 1.1515903907946912 1.1580398323553363  
    1.1648279357384552 1.1720149617989903 1.1796782408885143  
    1.1879151118818267 1.196850043767899 1.2066249784365384  
    1.2174126681553903 1.2294047753230826 1.2428857385006653  
    1.2581097587103365 1.2761572245667516 1.2977137421942455  
    1.3301343132553507 1.3838959883173314 
  GRADRHO = 0.9984935844405576 0.9915555436768132 0.9915824840494021  
    0.9917195491927457 0.9919437081752561 0.9922162715876696  
    0.992519955734895 0.9928729027058182 0.9932960739863598  
    0.9937770345225055 0.9943007654833099 0.994878477608213  
    0.9955099857024292 0.9961864515420805 0.9969091421470709  
    0.9976787508228215 0.9984934147685104 0.9993524718650855  
    1.0002514520592685 1.0011910967255375 1.0021708518775303  
    1.00318742429023 1.004240391926227 1.0053291072312098  
    1.0064518966959002 1.0076071779493518 1.0087935513998985  
    1.0100108976710107 1.0112594530203114 1.0125390785173598  
    1.0138502197100416 1.0151931823578353 1.016567038701107  
    1.0179718406951008 1.0194096391415524 1.0208784999449767  
    1.0223788112811765 1.0239127952743472 1.0254773879114665  
    1.027075886060885 1.0287068904082384 1.0303713954417513  
    1.0320697331821511 1.0338015525815993 1.035569554054168  
    1.0373707085695523 1.0392095524308584 1.041084197915456  
    1.0429948558304334 1.0449459751235686 1.0469342307005813  
    1.0489613430421127 1.051031618974823 1.0531426742111374  
    1.0552952437743606 1.0574930946870418 1.059737852655392  
    1.062028547091241 1.0643664242477662 1.066755502439832  
    1.069197863753386 1.0716943777438899 1.0742453578032574  
    1.0768546455685053 1.0795260630325423 1.0822627160826497  
    1.0850654289213857 1.08793593915362 1.090880308426938  
    1.0939034528824803 1.0970106670694253 1.100202214675399  
    1.1034827597708345 1.1068625071697633 1.1103504583658244  
    1.1139468340285896 1.1176571406930758 1.1215018861864752  
    1.125492260395451 1.129626899572594 1.133930682593502  
    1.138435070267574 1.1431297384097718 1.14807266150716  
    1.1532809951060765 1.1587896236502169 1.1646677088212383  
    1.1709545686557523 1.1777272107818573 1.1851219190267446  
    1.1931762349061714 1.2021457475606685 1.2122449372645119  
    1.2234474630057415 1.2365222575056882 1.251338291557871  
    1.2706688031997169 1.2884222379532002 1.3407737892198417  
    1.5107030294976727 2.041534978272242 
  AREA = 0.0 0.431435584216376 0.8628832777853983 1.2942794313670813  
    1.7255655367004137 2.1566970883938423 2.5876540528972036  
    3.018411554502809 3.4489324694683083 3.8791764101006025  
    4.309116312561359 4.73872383823286 5.167966638745368  
    5.5968151449873105 6.025244234546045 6.453227275711936  
    6.8807383038439776 7.307751809689913 7.734245711125253  
    8.160198969399366 8.585589971009522 9.010398970802731  
    9.434608370421738 9.858201099243844 10.281160416743656  
    10.703471286404941 11.125120709477812 11.546096254299128  
    11.966385241522916 12.38597571343365 12.804856453259177  
    13.223016333437915 13.640444413149124 14.05713083248758  
    14.473065983997044 14.888240288084772 15.302645400765508  
    15.71627256559196 16.129114246866166 16.541163772036768  
    16.95241321577725 17.362857431932895 17.77248986560535  
    18.181306434113225 18.589301488053774 18.99647159991878  
    19.402813722324805 19.808324280643298 20.21300209967785  
    20.616845210670164 21.01985280327338 21.422025795401805  
    21.82336441539275 22.223870038423357 22.6235462156522  
    23.022396321539063 23.420424496617184 23.817636272709947  
    24.214039413224533 24.609641899782495 25.004452938751072  
    25.39848330234804 25.7917461080249 26.184256250353545  
    26.57602993909263 26.967085491359402 27.357443544132288  
    27.747128438843067 28.136167084049998 28.52458901361023  
    28.912427100332504 29.299718490828216 29.68650682733657  
    30.072839277274916 30.45876814302194 30.844352143005523  
    31.229661110664185 31.614770885374433 31.99976520301414  
    32.38474185363053 32.7698151806473 33.15510810237798  
    33.540765911769824 33.926961288841895 34.31387921422767  
    34.70175596766876 35.090852347736934 35.48149609922032  
    35.874084535164044 36.26911421704218 36.667210325787615  
    37.06922564150293 37.47621806774103 37.88974847320364  
    38.31202760269052 38.74625997600245 39.19763701291189  
    39.67478126626317 40.19433172813816 40.77112718176018  
    41.50745364976418 
  RMINOR = 0.0 0.005261346525075261 0.010522600475418864  
    0.0157831603668539 0.021042773571589013 0.026301229622083477  
    0.0315581049099678 0.03681318156809732 0.042066134982411185  
    0.047316599677395876 0.05256433138878036 0.057808972461969366  
    0.06305020613589685 0.06828779452152545 0.07352139633804378  
    0.07875071369366116 0.08397550097513773 0.08919542196350161  
    0.09441020534954325 0.09961956235092218 0.10482315447293789  
    0.11002075449557136 0.11521205255975941 0.12039672406942381  
    0.12557453077313152 0.1307451563596893 0.13590827843331854  
    0.14106364363517399 0.14621096583457516 0.15134994732787388  
    0.15648030785744682 0.16160173517161835 0.1667139275434778  
    0.17181661044570584 0.1769094635151326 0.181992161588588  
    0.18706442663090384 0.192125932109939 0.1971763360420189  
    0.20221533524063018 0.20724259062841366 0.21225775807431135  
    0.21726048876509185 0.22225044538488004 0.22722724535243544  
    0.23219053284071745 0.23713993348284235 0.24207503836030475  
    0.2469954657614143 0.2519008090516449 0.25679063185249096  
    0.26166450691716625 0.26652199748772454 0.2713626317910953  
    0.2761859308050292 0.280991413254181 0.2857785699950107  
    0.2905468589327823 0.2952957417941745 0.3000246625587172  
    0.3047330223721646 0.3094201917153264 0.31408554560444923  
    0.31872842574115534 0.3233481232154165 0.3279439049664661  
    0.33251501208359435 0.3370606517212855 0.34157997549297237  
    0.3460721018509504 0.3505361001687951 0.3549709787299298  
    0.35937571296057536 0.363749208808101 0.36809029337480115  
    0.37239771044509495 0.376670151633262 0.3809061950479563  
    0.38510429230769094 0.38926280693922066 0.393380032368853  
    0.39745403530981627 0.40148275729340666 0.4054640241557599  
    0.40939514573482294 0.4132731915238007 0.41709480631554685  
    0.4208563055588106 0.4245535098134917 0.4281817555008819  
    0.43173554031147376 0.43520873091907697 0.43859364661060685  
    0.44188125408273826 0.4450591764039612 0.4481109510138951  
    0.4510163984419666 0.4537490039455142 0.45626763014014016  
    0.4584048875332788 0.4598899445693828 
  SHIFT = 0.05947345111026747 0.05946204685441403 0.05942760377149403  
    0.05937011256992886 0.05928980114187543 0.05918679868201293  
    0.0590611845276916 0.05891325559767191 0.0587432243460424  
    0.05855131420423754 0.058337912570663786 0.058103293883852825  
    0.05784782579980874 0.057571952635747214 0.057276021529492294  
    0.05696051816873027 0.05662592036538161 0.0562726597895149  
    0.05590128431300867 0.0555123023716706 0.055106206414340386  
    0.054683566282791585 0.05424491493168926 0.053790758733175625  
    0.053321677911478016 0.05283822516617498 0.05234092475187446  
    0.05183035476122155 0.05130702776292706 0.05077140558187976  
    0.05022394132188679 0.0496650315322007 0.049095048425984444  
    0.048514388148418686 0.047923404322746777 0.0473224294861021  
    0.046711819469094085 0.046091897715059726 0.045462969694072264  
    0.044825366123127264 0.044179394989107834 0.043525341502172576  
    0.04286352110077418 0.04219423269372102 0.041517753116671496  
    0.04083438065947531 0.040144412703956744 0.0394481220735432  
    0.03874579251965882 0.03803772055332111 0.03732418173662522  
    0.03660544886294881 0.03588181782576294 0.035153571343636614  
    0.034420976873358766 0.0336843274398686 0.03294391270514607  
    0.03220000670378065 0.03145289565285747 0.0307028772680229  
    0.02995023868380775 0.02919526454271537 0.02843825921504539  
    0.027679524492316254 0.0269193526247149 0.02615805148649919  
    0.025395943109545627 0.02463333900704212 0.023870552983802806  
    0.02310791901516085 0.022345775981690075 0.02158446079155052  
    0.020824312781039023 0.020065702147002096 0.01930900237552957  
    0.018554586976952336 0.01780283433906349 0.017054131063483968  
    0.016308874909404913 0.015567470211013568 0.01483031662904466  
    0.014097860642200644 0.013370553512745964 0.012648814349351056  
    0.011933038285629305 0.01122341225471013 0.01052009254015962  
    0.009823335234583341 0.009133487573633747 0.008450849537528171  
    0.0077759368928724815 0.007109455764853667 0.006452288328579137  
    0.005805349058626064 0.005169398047454532 0.004546694112414151  
    0.003941274150568663 0.003359315164439991 0.0028110975115103187  
    0.0023370663728652374 0.0020036629416497753 
  PMHD = 73701.6101 73669.36775125202 73572.7603558683  
    73412.14597760164 73188.11848968813 72901.5032156362  
    72553.35088221364 72144.92991932426 71677.71707546066  
    71153.38645289202 70573.79722374382 69940.97824793748  
    69257.10866183178 68524.4990348056 67745.5803019514  
    66922.88754627387 66059.03433274606 65156.69723399684  
    64218.602496083775 63247.5022275478 62246.14986197544  
    61217.27833614352 60163.618925547446 59087.80487931775  
    57992.385543667675 56880.27791073867 55754.365191360164  
    54616.52527690001 53468.29796937387 52311.33547352009  
    51147.229046188615 49977.55460716426 48803.85759782256  
    47627.656386016686 46450.43973657732 45273.665644345085  
    44098.757789432566 42927.107559287855 41760.071247655105  
    40598.96722634612 39445.079169039476 38299.64855613461  
    37163.88166372094 36038.94045772105 34925.949423201506  
    33825.9887460498 32740.096958937294 31669.26978742558  
    30614.45791100812 29576.569467659443 28556.46719358616  
    27554.968331653807 26572.84564765157 25610.82637284274  
    24669.59130554006 23749.776227586066 22851.97057394411  
    21976.718305641498 21124.516768132526 20295.818388444346  
    19491.0292034237 18710.509968639446 17954.57584444565  
    17223.496173828153 16517.495444990425 15836.751947279789  
    15181.398729942695 14551.522204764895 13947.161401878247  
    13368.307739660231 12814.901320140707 12286.828983436491  
    11783.919154014722 11305.934955591476 10852.564988050262  
    10423.408212564185 10017.951832283903 9635.545485735736  
    9275.355440421405 8936.308543520794 8617.017587947614  
    8315.679824093038 8029.958746753155 7756.860242520991  
    7492.628221988089 7232.67590360231 6971.659771028375  
    6703.658966773251 6422.455758829009 6121.8098744516765  
    5795.689193149491 5438.622553864696 5046.968475459475  
    4621.412218282433 4170.630683610826 3712.9299062770087  
    3274.1774888673663 2880.4456883041244 2545.6425726019997  
    2287.4330741598387 2124.1722331373508 
  QMHD = 1.1710324629775595 1.1711845107631547 1.1716407872492995  
    1.1724016867582754 1.1734678493923025 1.1748401357146692  
    1.1765195916141324 1.1785074037585068 1.180804846530205  
    1.1834132208544912 1.186333541604679 1.1895615537327964  
    1.1930850300559903 1.1968972317100974 1.201005461386541  
    1.2054078587779857 1.2100945628763826 1.2150717659033687  
    1.2203448146992864 1.2259098686561034 1.2317599494265588  
    1.237904883019984 1.2443469655039987 1.251084871187556  
    1.258119261270153 1.2654539409348113 1.2730942149804938  
    1.2810414112252861 1.2892980363590703 1.2978745189594547  
    1.3067781453689498 1.316011191587404 1.3255794886906518  
    1.3354946572865427 1.3457641244417584 1.356393775237388  
    1.367392439649358 1.378772020507163 1.3905422677899566  
    1.4027122933453735 1.4152921247348282 1.428296942597075  
    1.4417386493213369 1.4556286862971621 1.469980676265202  
    1.484812533315587 1.5001392917022687 1.5159755450615358  
    1.5323401712617604 1.5492537372414383 1.566735071833016  
    1.5848035537338467 1.6034833318239436 1.6227992967907443  
    1.6427758101229453 1.6634391902931418 1.6848198350027541  
    1.7069482361120436 1.7298567893877268 1.7535803194849984  
    1.7781575393607005 1.803629222944882 1.8300376495401802  
    1.8574295411118897 1.8858556579554642 1.9153704984392486  
    1.9460323717393897 1.9779054649408911 2.011058986497973  
    2.0455677043071723 2.0815123454225195 2.118983875901553  
    2.1580823662646287 2.1989170421477593 2.241608680774211  
    2.2862926822615637 2.3331193911990815 2.3822573367163065  
    2.4338943994666824 2.4882444237121835 2.545559799257416  
    2.6061288286351423 2.670290946955141 2.738462891261989  
    2.8111310280772255 2.8888930678601623 2.972498696320474  
    3.0628410062898603 3.1610236576409214 3.268449465706916  
    3.386933820817741 3.5189498475638787 3.6679150905916287  
    3.838703434150225 4.03812038421466 4.279891446735244  
    4.563139143730092 5.000477748967561 5.352107234428084  
    7.0258935598785515 10.440022490259697 
  ER = 0.0 0.0 0.0 0.0 0.0 0.0 0.0 0.0 0.0 0.0 0.0 0.0 0.0 0.0 0.0 0.0  
    0.0 0.0 0.0 0.0 0.0 0.0 0.0 0.0 0.0 0.0 0.0 0.0 0.0 0.0 0.0 0.0 0.0  
    0.0 0.0 0.0 0.0 0.0 0.0 0.0 0.0 0.0 0.0 0.0 0.0 0.0 0.0 0.0 0.0 0.0  
    0.0 0.0 0.0 0.0 0.0 0.0 0.0 0.0 0.0 0.0 0.0 0.0 0.0 0.0 0.0 0.0 0.0  
    0.0 0.0 0.0 0.0 0.0 0.0 0.0 0.0 0.0 0.0 0.0 0.0 0.0 0.0 0.0 0.0 0.0  
    0.0 0.0 0.0 0.0 0.0 0.0 0.0 0.0 0.0 0.0 0.0 0.0 0.0 0.0 0.0 0.0 0.0 
  NC1 = 0.9985000575700538 0.93292692780633 0.9080810712094961  
    0.8900707266212253 0.8755599204993019 0.8632629652225607  
    0.85252289235982 0.8429512248645796 0.8342966118486431  
    0.826384206679736 0.8190868312450491 0.8123097173322747  
    0.805978951202604 0.8000357630462003 0.7944327354177604  
    0.7891308173189888 0.7840977747474036 0.7793060491848878  
    0.7747319736512425 0.7703556680610127 0.7661598509153474  
    0.7621290950507853 0.7582501306495925 0.7545114043942869  
    0.750902115985639 0.7474126888962316 0.7440347996855405  
    0.7407613278665629 0.7375863106408854 0.7345042180326716  
    0.7315098915629129 0.7285988389108465 0.7257667511076619  
    0.7230094802793195 0.7203234813298437 0.7177054864742212  
    0.7151523361020652 0.7126611252913957 0.7102292161225964  
    0.707854191385488 0.7055337982063492 0.7032658795522746  
    0.7010484234798231 0.6988797107234878 0.6967580956933563  
    0.6946818767536369 0.6926496279007276 0.6906601089657578  
    0.6887120226145934 0.6868041363737063 0.6849354486882608  
    0.6831050507438245 0.681311959829037 0.6795553398768361  
    0.6778345093196447 0.6761487536779773 0.6744974518432583  
    0.672880079302113 0.6712961588419819 0.669745266063287  
    0.6682270293211586 0.6667411715110807 0.665287465732011  
    0.6638657549343879 0.662475941103073 0.6611179264596054  
    0.659791761519971 0.6584975784730291 0.6572355425612829  
    0.6560059349141116 0.6548090662196658 0.6536454072475405  
    0.6525154719119244 0.651419818756523 0.6503592475013255  
    0.6493346260127498 0.6483471009535691 0.6473981619699989  
    0.6464894582736114 0.6456232317439249 0.6448019458976347  
    0.6440283338117914 0.6433063657919438 0.6426403406886317  
    0.6420355494028257 0.6415000570817638 0.6410422959898908  
    0.640671620582853 0.6404025561487872 0.6402525347204862  
    0.6402408702584219 0.6403957768913464 0.6407462032144793  
    0.6413214203982153 0.6421506352608131 0.6432685308958441  
    0.6447212384420502 0.6466810681874814 0.6493065539261907  
    0.6538067982357549 0.662547001719466 
  HFAC1 = 0.9999999999994438 0.9971268422854266 0.9942718684278935  
    0.9914353197941701 0.9886171846160414 0.985817492689087  
    0.9830362710026698 0.9802733418788171 0.9775287081897884  
    0.9748022300762893 0.9720936507351223 0.9694028791667516  
    0.9667295963808459 0.9640734975776247 0.96143434955743  
    0.9588117379197884 0.9562053600936559 0.9536148791136565  
    0.9510398320468093 0.9484798994289503 0.945934732962271  
    0.9434038946322487 0.9408871240906486 0.9383841146438102  
    0.935894334364919 0.9334173891168854 0.9309529826937205  
    0.928500954579908 0.9260614390735802 0.9236345523014219  
    0.9212203243522854 0.9188188757087445 0.916430230921488  
    0.9140543541918309 0.9116913665779082 0.9093413349069455  
    0.9070042680893676 0.9046802697098659 0.9023694434907674  
    0.900071844457609 0.8977876131107776 0.8955168904967027  
    0.8932597668351865 0.8910164398717451 0.888787136308671  
    0.8865719908997722 0.88437122808734 0.8821851586352323  
    0.8800140264279888 0.8778581027324779 0.8757177665081762  
    0.8735934019149442 0.8714853608268045 0.8693940933536211  
    0.8673201055725124 0.8652638611707885 0.8632259294025052  
    0.8612069665947677 0.859207595855043 0.8572285040070021  
    0.8552704819632068 0.8533343716907262 0.851421052195959  
    0.8495315036724906 0.8476668072536122 0.8458280374329096  
    0.8440164186200942 0.842233350928895 0.8404802959682558  
    0.8387588311811859 0.8370706544439414 0.8354176991847009  
    0.8338020255521568 0.8322258002223515 0.8306915203104493  
    0.8292019554806692 0.8277602399323867 0.8263700165170167  
    0.825035366211751 0.8237610519587945 0.8225524254304468  
    0.8214155788155766 0.8203580198914555 0.819388483371962  
    0.8185176452695628 0.8177590132095138 0.8171281421452108  
    0.816643095117362 0.8163279672066114 0.8162127651692184  
    0.8163342953345777 0.8167403952731963 0.8174849966160184  
    0.8186314352482376 0.8202491908165706 0.8224412220978654  
    0.8253012403770027 0.829216357521203 0.8344267550759044  
    0.8435739721637536 0.860194297728809 
  HFAC2 = 0.9999999999999956 0.9942660690846679 0.9885929699836609  
    0.9829807239466904 0.9774288486783851 0.9719369427187079  
    0.9665045953549825 0.961131002571622 0.9558157188349938  
    0.9505580172791821 0.945356947429849 0.9402118919117802  
    0.9351218006746794 0.9300856550860287 0.9251025786805261  
    0.9201713664775824 0.9152910389278488 0.9104605499395342  
    0.9056786275943164 0.9009442906615865 0.8962565131977165  
    0.8916141058206699 0.8870162188620666 0.8824619388409005  
    0.8779499425510239 0.8734791595206101 0.8690487181318227  
    0.864658021228706 0.8603070127742607 0.8559955954052322  
    0.8517235192608333 0.8474907084262476 0.8432969108500149  
    0.8391417585885106 0.8350251718197849 0.8309469856938112  
    0.8269069279413859 0.8229048840495646 0.8189407501242882  
    0.8150143480985264 0.811125638819886 0.8072745777555238  
    0.8034610417991105 0.799685101970427 0.7959468676402007  
    0.792246282304362 0.7885834542097658 0.7849586409495452  
    0.7813719739092412 0.7778236240481634 0.774313952283617  
    0.7708433293365776 0.7674120539072883 0.7640205814288209  
    0.760669470762749 0.7573592010887685 0.7540904104384594  
    0.7508638744736579 0.7476803164482182 0.7445405528635091  
    0.7414455492885642 0.7383963512639058 0.7353940631962121  
    0.7324399318513759 0.7295353485055575 0.7266816858053364  
    0.7238805505689899 0.7211338083825614 0.7184433992934748  
    0.7158114417711429 0.7132402213928798 0.7107323751350995  
    0.7082907211113451 0.7059182191233645 0.7036183272414398  
    0.7013948968054212 0.6992523330765709 0.6971958220230556  
    0.6952312027677539 0.6933653760364487 0.6916061253520084  
    0.6899623243146081 0.6884450410140657 0.6870671662686811  
    0.6858444969665513 0.6847973538562822 0.6839492019133506  
    0.6833273541788459 0.6829686943567332 0.6829192616293703  
    0.6832350787050084 0.6839894799319771 0.6852649850763811  
    0.6871580536298498 0.6897746820134382 0.6932704552599116  
    0.6977931133933428 0.7039377248305727 0.712099603986821  
    0.7263545409997313 0.7525245150474956 
  PSI = 0.0 2.586082005416068e-05 0.00010342304566809274  
    0.00023262601631978221 0.0004133687387118754 0.0006455100662584184  
    0.0009288689404832154 0.001263224695601894 0.0016483174842119026  
    0.002083848797821403 0.00256948195335482 0.0031048440359870986  
    0.0036895303544857384 0.004323107698686681 0.0050051103902558  
    0.005735039993832154 0.006512372818823711 0.007336558106571394  
    0.008207013790170244 0.009123132069048315 0.01008428426190603  
    0.011089818203954091 0.01213905417659894 0.013231291759857603  
    0.01436581098570037 0.015541872289833683 0.01675871463091015  
    0.018015558171240217 0.019311606961334587 0.020646045762556145  
    0.02201803661411171 0.023426725390030025 0.024871245336755075  
    0.026350711701496332 0.027864219627918782 0.02941085005910001  
    0.030989674666094976 0.0325997444012652 0.03424009698612447  
    0.03590975979251025 0.0376077434722593 0.039333052489145814  
    0.041084668735542326 0.04286157313810379 0.044662729241711774  
    0.046487093712542324 0.048333609633655295 0.05020120841975474  
    0.05208882131686654 0.053995360081555796 0.055919728765948015  
    0.05786083127645811 0.05981755623528336 0.061788782661463815  
    0.06377338868284779 0.06577024205635114 0.06777820087223488  
    0.06979611642384477 0.07182283918794632 0.07385720922262731  
    0.07589805825980966 0.0779442106136361 0.07999448828673711  
    0.08204770846591458 0.08410267693783716 0.08615819224707624  
    0.08821304567717916 0.09026602714133156 0.09231591615260731  
    0.09436148045173667 0.09640147907107442 0.09843466214082597  
    0.10045977757320768 0.10247555158214705 0.10448069314664263  
    0.10647389394818388 0.10845384500635075 0.1104192030478578  
    0.11236859099913539 0.11430061792001428 0.11621387341970271  
    0.11810686604338122 0.11997807244430805 0.12182592571549475  
    0.12364870191983533 0.12544466422416 0.12721185830342582  
    0.12894821470911988 0.13065146418638057 0.13231911910939997  
    0.13394837372063573 0.13553617839666499 0.1370787158496642  
    0.13857176546081024 0.14001014683253457 0.14138709995320786  
    0.14269433387801292 0.14392069493015144 0.1450484875184347  
    0.14600363911171205 0.1466662580760692 
  VOL = 0.0 0.0012645823067424684 0.005058506762573179  
    0.011381088905677041 0.020230545619952713 0.03160436809263387  
    0.045499821309662625 0.06191370284479279 0.08084193313930163  
    0.10227956080943607 0.12622148495024624 0.15266202748992824  
    0.18159477822651163 0.21301293805433003 0.24690936610277103  
    0.28327631234624107 0.3221056596739904 0.36338879512609334  
    0.4071168196099241 0.45328052474637537 0.5018702424899164  
    0.5528760693661764 0.6062878352854233 0.6620950537016874  
    0.7202869910389857 0.7808527079142893 0.8437810791788058  
    0.9090607844444345 0.9766802284713744 1.0466275831589198  
    1.118890768308205 1.193457441452394 1.2703150426205916  
    1.349450862671031 1.4308518724670396 1.5145047722361786  
    1.600396260208393 1.6885125771946647 1.7788398553544646  
    1.871364147949792 1.9660709539286239 2.062946007899888  
    2.1619743559704547 2.2631413395364266 2.366431608922586  
    2.471829941913223 2.579320833533183 2.688888306510518  
    2.800516655760042 2.9141894923638434 3.0298903049141814  
    3.1476026903146987 3.2673095881617282 3.388993716115599  
    3.512637934309361 3.6382245639234867 3.765735559486388  
    3.8951526421304843 4.026457599772867 4.159631638454576  
    4.294655564342827 4.43150984719849 4.570174877624183  
    4.710630731465603 4.852856834408796 4.996832172340608  
    5.142535309087512 5.289944786816502 5.439038501747238  
    5.589793574235758 5.742186469165114 5.896193100008837  
    6.051789481700669 6.208950278093591 6.367649085715497  
    6.527858532406574 6.689551730395255 6.852699591470126  
    7.0172708558725025 7.183233774532206 7.3505561987274035  
    7.519200746468525 7.689129171964327 7.860302775499577  
    8.032672702985206 8.206193760733585 8.380807695111743  
    8.556454149824669 8.733062704849008 8.910552763295144  
    9.088826069033102 9.267782201051507 9.447269109881244  
    9.627146494588242 9.807239150817983 9.98729352874009  
    10.167035019928534 10.346051874452627 10.523556215727004  
    10.690441263141835 10.830305139365041 
  GR2I = 0.300094712801083 0.3001056983030579 0.30013875175759475  
    0.30019384161317814 0.3002708257313928 0.30036964494375373  
    0.3004901981960937 0.30063226160645873 0.3007957209332174  
    0.30098037319275894 0.3011859399527048 0.30141224917262605  
    0.3016589877406095 0.30192585662815885 0.3022126142170379  
    0.30251887811961947 0.3028443558049037 0.30318874343959773  
    0.30355163715749395 0.3039327365481186 0.3043317127067412  
    0.30474819747874815 0.30518193009400374 0.30563261005665165  
    0.3060998251648981 0.3065832239743712 0.3070825079799584  
    0.3075974800613511 0.3081281297379847 0.3086744475009773  
    0.3092363832168453 0.3098139514773649 0.3104071254662112  
    0.31101584965325085 0.3116401573542369 0.3122800553325791  
    0.31293552647893913 0.31360661091207537 0.31429335259270536  
    0.3149957610211961 0.3157139000893432 0.3164478465023368  
    0.31719762754061753 0.3179633482576318 0.31874512515504716  
    0.31954302581690447 0.3203571587531866 0.3211876853431257  
    0.32203473553784867 0.3228984423656469 0.32377900574707175  
    0.32467662851860046 0.3255914896462415 0.32652382027870125  
    0.32747388998530347 0.32844193578001635 0.32942825231140904  
    0.3304331936566486 0.331457085404326 0.3325002863291901  
    0.33356322244520153 0.33464633803834776 0.33575010848655495  
    0.3368750662773895 0.3380218002310686 0.3391908925360123  
    0.34038301460470055 0.3415989699076276 0.34283958453183455  
    0.3441057468139519 0.3453984346836546 0.3467187796035509  
    0.34806801867625203 0.34944744187818083 0.35085854628300517  
    0.3523030507520085 0.35378294084545725 0.35530055459006227  
    0.35685859917187346 0.35846026191766106 0.3601092537365064  
    0.36180989618821413 0.363567500154811 0.36538854897605944  
    0.3672811026385976 0.3692552990849074 0.37132331988358913  
    0.3734999424447266 0.3758044919490583 0.3782617666580962  
    0.3809029780489155 0.3837680324905593 0.38690243639277533  
    0.3903615754441493 0.3942068932771926 0.39852961265935966  
    0.40341127869109905 0.4091985819136132 0.4161111602990478  
    0.42650728578332453 0.44374542374385617 
  BP2 = 2.370104112969784e-12 2.351232420982896e-05  
    9.398793649317838e-05 0.0002112804289882142 0.00037515218968087183  
    0.0005852408144213506 0.0008410603348210088 0.001142051907020658  
    0.001487605590130503 0.0018769561754448105 0.002309201221711632  
    0.0027834606792755956 0.003298786760524308 0.0038540975773182495  
    0.004448238413988115 0.005080021012227931 0.00574822435725153  
    0.006451502102329254 0.0071883751636274695 0.007957460723974297  
    0.008757329613812814 0.009586346727730621 0.010442897066374357  
    0.01132538727470589 0.01223214514391291 0.01316144027043098  
    0.014111477045812393 0.01508051741367078 0.0160668169182534  
    0.01706846450997368 0.01808355713778642 0.019110341458222102  
    0.020146950808853425 0.021191380720773978 0.022241730398530724  
    0.023296155132515928 0.024352721866438998 0.02540946195332694  
    0.02646444206839904 0.027515799409957964 0.028561658965567283  
    0.02960003899438668 0.030629043670073575 0.03164689105701868  
    0.03265175075640814 0.03364168556320202 0.03461490552758262  
    0.03556973418929621 0.03650438312806381 0.03741705053566813  
    0.03830611196758271 0.03916999216757899 0.04000701335139967  
    0.0408155671493966 0.04159419097941619 0.042341408405771386  
    0.043055738850507286 0.04373580761857454 0.04438029957165934  
    0.04498792942395324 0.04555743512175914 0.04608761234633896  
    0.04657736933536416 0.047025642672568146 0.047431400834724524  
    0.04779367062371165 0.04811151787099455 0.048384097241896296  
    0.04861060963130015 0.04879035076383387 0.04892267915972992  
    0.04900692674975948 0.04904243670169395 0.04902862669730679  
    0.04896496819269114 0.04885093674103258 0.04868608475940128  
    0.0484700226650685 0.04820246317829069 0.0478830973541462  
    0.047511354756169855 0.04708669885077876 0.04660833644607898  
    0.04607498686643874 0.04548550907614324 0.044838188781903376  
    0.04413031803839029 0.04335966186292195 0.04252392816205619  
    0.04162072499636915 0.04064644462077016 0.03959583595512006  
    0.03845741263137281 0.037213319301469205 0.035842549987699535  
    0.03430145737522183 0.032561599333012836 0.03049357104918471  
    0.028019809994379585 0.02445621651606622 0.01848608732550794 
/












