&INSTATE

  TOKAMAK_ID = 'D3D' 

  IP         = 1.4 
  B0         = 1.75 
  R0         = 1.6955 

  RMAJOR     = 1.65002849398 
  AMINOR     = 0.599704566945 
  KAPPA      = 1.93746731468 
  DELTA      = 0.582468838355 

  N_ION      = 1 
  Z_ION      = 1 
  A_ION      = 2 
  F_ION      = 1.0 
  N_IMP      = 1 
  Z_IMP      = 6 
  A_IMP      = 12 
  F_IMP      = 1.0 

  NRHO       = 51 

  RHO        = 0.0 0.02 ...
  NE         = 6.042 6.036 ...
  TE         = 5.686011 5.686011 ...
  TI         = 7.532449 7.532449 ...
  ZEFF       = 1.9 1.898 ...
  OMEGA      = 143000.0 143000.0 ...

  J_TOT      = 0.764204883464 0.764204883464 ...

  J_OH       = 0.0 0.0 ...
  J_BS       = 0.0 0.0 ...
  J_NB       = 0.2660091 0.2812636 ...
  J_EC       = 5e-10 4.532333e-10 ...
  J_IC       = 0.5 0.490099336653 ...

  PE_NB      = 0.3609818 0.3622091 ...
  PE_EC      = 0.0 6.254e-15 ...
  PE_IC      = 0.0 0.0 ...
  PE_FUS     = 0.0 0.0 ...
  PE_IONIZATION = -0.0001173909 -0.0001169182 ...
  P_RAD      = -0.01018364 -0.01013909 ...
  PI_NB      = 1.165845 1.213555 ...
  PI_EC      = 0.0 0.0 ...
  PI_IC      = 0.0 0.0 ...
  PI_FUS     = 0.0 0.0 ...
  PI_IONIZATION = 0.008353727 0.008358636 ...
  PI_CX      = -0.007397091 -0.007252364 ...
  P_OHM      = -0.0006477596 -0.0007571405 ...
  P_EI       = 0.0 0.0 ...
  TORQUE_NB  = 0.9838227 1.092627 ...
  TORQUE_IN  = 0.0 0.0 ...
  SE_NB      = 0.0 0.0 ...
  SE_IONIZATION = 0.0 0.0 ...
  SI_NB      = 0.0 0.0 ...
  SI_IONIZATION = 0.0 0.0 ...

  Q          = 1.9563426886 1.9488944561 ...
  PSIPOL     = 0.0 0.0 ...

  DENSITY_BEAM = 1.317545 1.327 ...
  WBEAM      = 0.1217273 0.1226636 ...

  DENSITY_ALPHA = 0.0 0.0 ...
  WALPHA     = 0.0 0.0 ...

  CHIE       = 0.0 0.0 ...
  CHII       = 0.0 0.0 ...

  NBDRY = 48 
  RBDRY = 1.04940196 1.06343021 ...
  ZBDRY = 0.0 0.175 ...
  NLIM = 105 
  RLIM = 1.016 1.016 ...
  ZLIM = 0.0 0.964 ...

/
