&IN1
  ICONVR = 3 
  MXITER = -1 
  NXITER = 51 
  ERROR = 0.0001 
  RELAX = 0.5 
  IOUT = 4 
  ICURRT = 2 
  KPPFNC = 6 
  KPPCUR = 3 
  KFFFNC = 6 
  KFFCUR = 3 
  ISHOT = 1 
  ITIME = 1 
  ITIMEU = 0 
  ITEK = 0 
  ITRACE = 1 
  PLASMA = 983571.4285714284 
  BTOR = 2.0 
  RCENTR = 1.7 
  RZERO = 1.7 
  LIMITR = 5 
  XLIM = 2.2864999999999998 1.1135 1.1135 2.2864999999999998  
    2.2864999999999998 
  YLIM = 1.15175 1.15175 -1.15175 -1.15175 1.15175 
  NBDRY = 61 
  RBDRY = 2.26525 2.2602956021710665 2.245486690103654  
    2.220985513337337 2.187060511891968 2.144083375182646  
    2.092524969712702 2.0329501801617553 1.9660117203909513  
    1.8924429821733129 1.81305 1.7287026199977535 1.6403249697127023  
    1.5488853331755814 1.4553855421792659 1.36085 1.3372161144551835  
    1.3138411667061045 1.2909812575718245 1.2688868450005617 1.2478  
    1.2279517544566718 1.209559569902262 1.192824954959561  
    1.1779312575718244 1.1650416562043384 1.154297372027008  
    1.1458161216656657 1.1396908274740865 1.1359885994572334 1.13475  
    1.1359885994572332 1.1396908274740865 1.1458161216656657  
    1.1542973720270078 1.1650416562043384 1.1779312575718242  
    1.1928249549595609 1.209559569902262 1.2279517544566718 1.2478  
    1.2688868450005615 1.2909812575718242 1.3138411667061045  
    1.3372161144551833 1.3608500000000001 1.4553855421792652  
    1.5488853331755807 1.640324969712702 1.728702619997753  
    1.8130499999999992 1.8924429821733124 1.9660117203909508  
    2.032950180161755 2.092524969712702 2.144083375182646  
    2.187060511891968 2.220985513337337 2.245486690103654  
    2.2602956021710665 2.26525 
  ZBDRY = 0.0 0.10002423350416803 0.19774080676668648  
    0.29350101355679326 0.3868738068691355 0.477345451170306  
    0.5643981323178795 0.6475390819619459 0.7263167441834008  
    0.8003319410276855 0.8692464724889941 0.9327900295942081  
    0.9907657485179675 1.0430545024358673 1.089617913541071 1.1305  
    1.0697046002734814 1.0058143042480676 0.9390064678661926  
    0.869473791618813 0.7974245585279824 0.7230829041550683  
    0.646689232132695 0.5685009794257793 0.4887941147591998  
    0.4078661425274393 0.3260423303587469 0.2436895532762033  
    0.16125156227291365 0.07936761774763676 0.0 -0.07936761774763645  
    -0.16125156227291315 -0.24368955327620268 -0.32604233035874625  
    -0.4078661425274421 -0.48879411475919593 -0.5685009794257773  
    -0.6466892321326942 -0.7230829041550664 -0.7974245585279827  
    -0.8694737916188132 -0.939006467866191 -1.005814304248067  
    -1.0697046002734794 -1.1305 -1.0896179135410715 -1.0430545024358677  
    -0.9907657485179677 -0.9327900295942084 -0.8692464724889947  
    -0.8003319410276857 -0.7263167441834013 -0.6475390819619463  
    -0.5643981323178795 -0.477345451170306 -0.3868738068691355  
    -0.29350101355679326 -0.19774080676668648 -0.10002423350416803 0.0 
  IERCHK = 0 
  NEXTRA = 0 
  SCRAPE = 0.01 
  PSIBRY = 0.0 
  CFCOIL = -10.0 
  ENP = 1.0 
  EMP = 1.0 
  FCURBD = 0 
  PCURBD = 0 
  FCZERO = 1.0 1.0 1.0 1.0 1.0 1.0 1.0 1.0 1.0 1.0 1.0 1.0 1.0 1.0 1.0  
    1.0 
  FCSUM = 1.0 1.0 1.0 1.0 1.0 1.0 1.0 1.0 1.0 1.0 1.0 1.0 1.0 1.0 1.0  
    1.0 
  IFREF = 2 
  PRBDRY = 148.4852590972617 
  KBETAPR = 1 
  FWTBDRY = 1.0 1.0 1.0 1.0 1.0 1.0 1.0 1.0 1.0 1.0 1.0 1.0 1.0 10.0  
    10.0 10.0 10.0 1.0 1.0 1.0 1.0 1.0 1.0 1.0 1.0 1.0 1.0 1.0 1.0 1.0  
    1.0 1.0 1.0 1.0 1.0 1.0 1.0 1.0 1.0 1.0 1.0 1.0 1.0 10.0 10.0 10.0  
    10.0 1.0 1.0 1.0 1.0 1.0 1.0 1.0 1.0 1.0 1.0 1.0 1.0 1.0 1.0 
/

&PROFILE_EXT
  NPSI_EXT = 101 
  PSIN_EXT = 0.0 0.01 0.02 0.03 0.04 0.05 0.06 0.07 0.08 0.09 0.1 0.11  
    0.12 0.13 0.14 0.15 0.16 0.17 0.18 0.19 0.2 0.21 0.22 0.23 0.24  
    0.25 0.26 0.27 0.28 0.29 0.3 0.31 0.32 0.33 0.34 0.35 0.36 0.37  
    0.38 0.39 0.4 0.41 0.42 0.43 0.44 0.45 0.46 0.47 0.48 0.49 0.5 0.51  
    0.52 0.53 0.54 0.55 0.56 0.57 0.58 0.59 0.6 0.61 0.62 0.63 0.64  
    0.65 0.66 0.67 0.68 0.69 0.7 0.71 0.72 0.73 0.74 0.75 0.76 0.77  
    0.78 0.79 0.8 0.81 0.82 0.83 0.84 0.85 0.86 0.87 0.88 0.89 0.9 0.91  
    0.92 0.93 0.94 0.95 0.96 0.97 0.98 0.99 1.0 
  PPRIME_EXT = 1065879.643316476 1024874.9083053503 985327.4400787901  
    947237.2386367951 910604.303979365 875428.6361065003  
    841710.2350182006 809449.1007144658 778645.2331952964  
    749298.632460692 721409.2985106522 693429.2985747991  
    668064.0717601521 644887.415041613 623561.9733870098  
    603821.6305289321 585455.1615332094 568287.4262770212  
    552174.8216656402 536999.9736122607 522665.63216134015  
    509083.59192486276 496176.85867743613 483889.5408315004  
    472164.8640553714 460950.478719802 450210.5977454522  
    439905.3061570728 429999.8233295769 420468.5260100525  
    411282.5709596574 402417.8989151599 393855.19473427907  
    385574.4836708097 377556.4067203592 369787.27796937054  
    362252.8836149917 354937.72155449115 347830.2392331706  
    340919.4860955139 334195.8173701191 327649.36270780256  
    321270.59837479424 315051.6444812744 308985.54950055236  
    303065.38948865863 297284.276342573 291634.6360778713  
    286109.03772377054 280702.44081960403 275414.7764513246  
    270254.86368430895 265236.7571655513 260372.21715910215  
    255668.61352663336 251131.0159205946 246762.87536932106  
    242564.25012965724 238533.37367659324 234668.48016766005  
    230967.21758833516 227428.02570606157 224049.9900724594  
    220831.7370312781 217774.86169035785 214882.46781240826  
    212160.11152892222 209618.6221152206 207270.50258534023  
    205138.05829039012 203252.43780739413 201652.0522981242  
    200399.22505433255 199570.7571675626 199272.25195660337  
    199659.63496669897 200921.09575627034 203331.71103761182  
    207284.12442829937 213264.34530637614 221971.06680994606  
    234336.7920996211 251485.32465798632 274938.05328714737  
    306646.5799432278 348785.64857170737 403641.7307019495  
    473045.0224983929 557054.5456524449 652590.2840400852  
    751885.3539272256 841292.3537241068 903298.9165309145  
    921951.0271036983 888240.1480861198 804468.4281694308  
    686634.5488379158 553754.8262913489 425290.9562298293  
    319016.4559983969 234931.32559832407 
  FFPRIM_EXT = -3.407065568792643 -3.0759298340333467  
    -2.8249787917613953 -2.5988298910017713 -2.3904955692476264  
    -2.1968719550793616 -2.0161315746347777 -1.8470335550294696  
    -1.6886637846072514 -1.5403093448337906 -1.4013975773444536  
    -1.2654243420275113 -1.1425725820924326 -1.0307610509795244  
    -0.9283478019641553 -0.8340310893449774 -0.7467710693930013  
    -0.6657054090781107 -0.590123694332785 -0.5194402504680826  
    -0.45316598293258187 -0.39086279843975447 -0.33214940453438807  
    -0.27673499482241704 -0.22433507342113515 -0.1746910630746091  
    -0.1276124102645146 -0.08289960940560846 -0.04037815759502184  
    8.881565264910839e-05 0.03864524900049811 0.07541388013949513  
    0.11049733472877403 0.14399749255450287 0.17601119356530784  
    0.2066128828418221 0.23587671514264344 0.2638793897130853  
    0.29068191471795374 0.3163416055835246 0.34090961491450056  
    0.36443726500032725 0.3869728068213991 0.40855547245202256  
    0.42923167480456353 0.4490279041320605 0.4679512157421059  
    0.48616923841704207 0.5035524444627295 0.5192106302906022  
    0.5314658378424667 0.5388564467241673 0.5409645991143472  
    0.5380984123476076 0.5308115011035903 0.5194904464131455  
    0.5045091591194114 0.48625323193599596 0.4650827269513488  
    0.44133806701246 0.41534798914280374 0.3874239245600795  
    0.3578627537663165 0.32695344590455716 0.2949677141566673  
    0.26216646717868713 0.2287989675771664 0.19509591720465064  
    0.1612830667476526 0.12755684359683803 0.09409067641689593  
    0.06104423215987907 0.028506204178752458 -0.0034671977667618497  
    -0.034863095514340206 -0.06585993028487871 -0.09676054694570214  
    -0.12768172752867954 -0.15966313761090833 -0.1950303055399063  
    -0.2305505127909892 -0.2620587856475954 -0.2911951439741423  
    -0.32646447623420166 -0.37584101528757125 -0.44106702343208015  
    -0.5257398231253528 -0.6332895050965843 -0.7639286180681432  
    -0.9133484810467127 -1.070359575768522 -1.213914509054861  
    -1.316696345946146 -1.355141776533713 -1.3163276026385553  
    -1.2062922167778038 -1.0538721283635986 -0.8876420165545499  
    -0.7407100695635341 -0.6145425475331953 -0.5091394504639197 
/


