r	R  8/ 8	R  9/ 8	R 10/ 8	R 11/ 8	I  8/ 8	I  9/ 8	I 10/ 8	I 11/ 8
 0.000000E+00	 0.00000000E+00	 0.00000000E+00	 0.00000000E+00	 0.00000000E+00	 0.00000000E+00	 0.00000000E+00	 0.00000000E+00	 0.00000000E+00
 5.000000E-03	-6.64521925E-17	 4.02258369E-18	 2.53977323E-17	-9.62298083E-21	-4.60029857E-20	-3.52782679E-21	 2.69476524E-20	 1.91042129E-21
 1.000000E-02	-1.17712956E-15	 3.75754353E-17	 2.20991356E-16	 5.84663821E-18	-1.04906970E-18	-7.59315976E-20	 2.75911202E-19	 2.42636154E-20
 1.500000E-02	-9.93281258E-15	 1.35580203E-16	 1.09756099E-15	 5.52038931E-17	-1.00080857E-17	-8.38597529E-19	 1.49133386E-18	 1.75870203E-19
 2.000000E-02	-5.36354941E-14	-2.69438106E-17	 3.84025138E-15	 2.80837875E-16	-5.76878280E-17	-5.80328591E-18	 5.09187096E-18	 7.98159372E-19
 2.500000E-02	-2.14505744E-13	-2.68438070E-15	 1.05861885E-14	 1.01634864E-15	-2.36928687E-16	-2.86083676E-17	 1.11581781E-17	 2.49825129E-18
 3.000000E-02	-6.92128197E-13	-1.61103055E-14	 2.45169678E-14	 2.93937771E-15	-7.60135892E-16	-1.08621453E-16	 1.04693833E-17	 4.60633882E-18
 3.500000E-02	-1.90267274E-12	-6.32906785E-14	 4.95207585E-14	 7.22636297E-15	-2.03183617E-15	-3.39349466E-16	-2.48263918E-17	 1.71237898E-18
 4.000000E-02	-4.62256045E-12	-1.97686628E-13	 8.90187833E-14	 1.56587072E-14	-4.75993151E-15	-9.15734478E-16	-1.46582963E-16	-1.93191378E-17
 4.500000E-02	-1.01830930E-11	-5.29225088E-13	 1.43327607E-13	 3.05833654E-14	-1.01025439E-14	-2.19223532E-15	-4.70344588E-16	-9.40214042E-17
 5.000000E-02	-2.07211737E-11	-1.26406228E-12	 2.04698734E-13	 5.45456419E-14	-1.97661708E-14	-4.74130553E-15	-1.26483110E-15	-3.13185720E-16
 5.500000E-02	-3.94895989E-11	-2.76204666E-12	 2.48903586E-13	 8.93324950E-14	-3.59722250E-14	-9.38987941E-15	-3.08420981E-15	-8.82592308E-16
 6.000000E-02	-7.12285308E-11	-5.61613233E-12	 2.21917144E-13	 1.34085967E-13	-6.12402748E-14	-1.72201331E-14	-6.88866456E-15	-2.21558577E-15
 6.500000E-02	-1.22597716E-10	-1.07583413E-11	 2.00429792E-14	 1.81896654E-13	-9.83594705E-14	-2.97287425E-14	-1.37889324E-14	-4.87631901E-15
 7.000000E-02	-2.02666239E-10	-1.95984893E-11	-5.38981046E-13	 2.14198902E-13	-1.51089865E-13	-4.91184475E-14	-2.46587184E-14	-9.43334392E-15
 7.500000E-02	-3.23454037E-10	-3.42008640E-11	-1.75681742E-12	 1.92130576E-13	-2.24903009E-13	-7.83582133E-14	-4.04293490E-14	-1.65849967E-14
 8.000000E-02	-5.00517669E-10	-5.75008373E-11	-4.10955471E-12	 4.36207702E-14	-3.27084373E-13	-1.21122357E-13	-6.26129447E-14	-2.74363477E-14
 8.500000E-02	-7.53569817E-10	-9.35647687E-11	-8.31967618E-12	-3.54948494E-13	-4.66443253E-13	-1.81397966E-13	-9.38200499E-14	-4.40257519E-14
 9.000000E-02	-1.10712089E-09	-1.47894391E-10	-1.54471040E-11	-1.20357435E-12	-6.52271517E-13	-2.62666987E-13	-1.38351728E-13	-6.98483022E-14
 9.500000E-02	-1.59112825E-09	-2.27776295E-10	-2.70019919E-11	-2.81058187E-12	-8.92356026E-13	-3.66635188E-13	-2.02584939E-13	-1.10237342E-13
 1.000000E-01	-2.24163741E-09	-3.42677726E-10	-4.50825989E-11	-5.63230436E-12	-1.19088955E-12	-4.92291519E-13	-2.93931821E-13	-1.72215722E-13
 1.050000E-01	-3.10140638E-09	-5.04693917E-10	-7.25390369E-11	-1.03216601E-11	-1.55239837E-12	-6.40504923E-13	-4.14419270E-13	-2.60072261E-13
 1.100000E-01	-4.22047997E-09	-7.29073456E-10	-1.13177444E-10	-1.77884789E-11	-1.99300380E-12	-8.19680233E-13	-5.56478838E-13	-3.71854589E-13
 1.150000E-01	-5.65667303E-09	-1.03480043E-09	-1.72010291E-10	-2.92753293E-11	-2.54014013E-12	-1.03817917E-12	-7.13580711E-13	-5.07503262E-13
 1.200000E-01	-7.47600449E-09	-1.44517648E-09	-2.55528032E-10	-4.64464870E-11	-3.21724524E-12	-1.29343078E-12	-8.89798151E-13	-6.76059742E-13
 1.250000E-01	-9.75309528E-09	-1.98843252E-09	-3.71999647E-10	-7.14869319E-11	-4.03839285E-12	-1.57400209E-12	-1.09209043E-12	-8.89327955E-13
 1.300000E-01	-1.25714391E-08	-2.69840073E-09	-5.31824422E-10	-1.07212754E-10	-5.01542202E-12	-1.86700476E-12	-1.31988067E-12	-1.15257285E-12
 1.350000E-01	-1.60235493E-08	-3.61525007E-09	-7.47940712E-10	-1.57196132E-10	-6.16908543E-12	-2.17271967E-12	-1.55898951E-12	-1.45317987E-12
 1.400000E-01	-2.02109902E-08	-4.78630667E-09	-1.03631345E-09	-2.25915340E-10	-7.54518436E-12	-2.51981817E-12	-1.78117296E-12	-1.75623747E-12
 1.450000E-01	-2.52433796E-08	-6.26670387E-09	-1.41654038E-09	-3.18955774E-10	-9.21722751E-12	-2.95673681E-12	-1.95672688E-12	-2.02181082E-12
 1.500000E-01	-3.12349954E-08	-8.11934888E-09	-1.91253239E-09	-4.43268535E-10	-1.12686605E-11	-3.52847275E-12	-2.07181497E-12	-2.22442199E-12
 1.550000E-01	-3.83045270E-08	-1.04150636E-08	-2.55265968E-09	-6.07332973E-10	-1.37555391E-11	-4.22477022E-12	-2.14753575E-12	-2.38006659E-12
 1.600000E-01	-4.65758437E-08	-1.32330514E-08	-3.36998237E-09	-8.21303405E-10	-1.66629152E-11	-4.95331633E-12	-2.23117745E-12	-2.53841521E-12
 1.650000E-01	-5.61750315E-08	-1.66606246E-08	-4.40287859E-09	-1.09722424E-09	-1.99727864E-11	-5.72229812E-12	-2.32642326E-12	-2.64519699E-12
 1.700000E-01	-6.72271490E-08	-2.07930049E-08	-5.69564574E-09	-1.44928960E-09	-2.38182511E-11	-6.81372847E-12	-2.37894540E-12	-2.49260605E-12
 1.750000E-01	-7.98536504E-08	-2.57329757E-08	-7.29896701E-09	-1.89423645E-09	-2.84115256E-11	-8.48555206E-12	-2.40016452E-12	-1.99645501E-12
 1.800000E-01	-9.41837615E-08	-3.15926100E-08	-9.26891094E-09	-2.45136320E-09	-3.37917080E-11	-1.06222689E-11	-2.52496620E-12	-1.36549189E-12
 1.850000E-01	-1.10358403E-07	-3.84946635E-08	-1.16675918E-08	-3.14271691E-09	-3.98423435E-11	-1.30003788E-11	-2.88695783E-12	-8.14057624E-13
 1.900000E-01	-1.28511366E-07	-4.65693030E-08	-1.45657897E-08	-3.99399349E-09	-4.65231947E-11	-1.56700383E-11	-3.53808783E-12	-3.38519666E-13
 1.950000E-01	-1.48765062E-07	-5.59524243E-08	-1.80427723E-08	-5.03507978E-09	-5.39062634E-11	-1.88652636E-11	-4.52793675E-12	 1.28269468E-13
 2.000000E-01	-1.71236485E-07	-6.67857979E-08	-2.21851378E-08	-6.30027912E-09	-6.20689292E-11	-2.27953260E-11	-5.96623488E-12	 5.55576975E-13
 2.050000E-01	-1.96031984E-07	-7.92139155E-08	-2.70864733E-08	-7.82873509E-09	-7.10612640E-11	-2.75762072E-11	-7.97844146E-12	 8.02725372E-13
 2.100000E-01	-2.23235743E-07	-9.33783172E-08	-3.28463105E-08	-9.66461807E-09	-8.09067356E-11	-3.32012486E-11	-1.06500320E-11	 6.48196447E-13
 2.150000E-01	-2.52918018E-07	-1.09418166E-07	-3.95676726E-08	-1.18562397E-08	-9.16060552E-11	-3.95360166E-11	-1.39978155E-11	-1.64087706E-13
 2.200000E-01	-2.85145179E-07	-1.27472894E-07	-4.73559737E-08	-1.44553841E-08	-1.03150968E-10	-4.63480545E-11	-1.79509489E-11	-1.85860203E-12
 2.250000E-01	-3.19973038E-07	-1.47679169E-07	-5.63188137E-08	-1.75171342E-08	-1.15547202E-10	-5.34600368E-11	-2.23882158E-11	-4.52620699E-12
 2.300000E-01	-3.57452323E-07	-1.70172296E-07	-6.65652975E-08	-2.10992579E-08	-1.28856698E-10	-6.08976330E-11	-2.72057651E-11	-8.09019940E-12
 2.350000E-01	-3.97637087E-07	-1.95089811E-07	-7.82062066E-08	-2.52616678E-08	-1.43192098E-10	-6.87672718E-11	-3.23208372E-11	-1.24090457E-11
 2.400000E-01	-4.40572361E-07	-2.22566046E-07	-9.13536073E-08	-3.00662217E-08	-1.58672541E-10	-7.71140190E-11	-3.76246522E-11	-1.73139720E-11
 2.450000E-01	-4.86287859E-07	-2.52727124E-07	-1.06118479E-07	-3.55755280E-08	-1.75449377E-10	-8.60825848E-11	-4.29504720E-11	-2.24859931E-11
 2.500000E-01	-5.34804666E-07	-2.85692309E-07	-1.22608741E-07	-4.18510432E-08	-1.93769277E-10	-9.59342470E-11	-4.80472726E-11	-2.75107878E-11
 2.550000E-01	-5.86128650E-07	-3.21570448E-07	-1.40927700E-07	-4.89517636E-08	-2.13961830E-10	-1.06116274E-10	-5.22945094E-11	-3.23066434E-11
 2.600000E-01	-6.40259953E-07	-3.60461479E-07	-1.61171900E-07	-5.69326387E-08	-2.36287076E-10	-1.14833966E-10	-5.45888364E-11	-3.69448909E-11
 2.650000E-01	-6.97205227E-07	-4.02461363E-07	-1.83431229E-07	-6.58428749E-08	-2.60712139E-10	-1.22102338E-10	-5.49295795E-11	-4.04373341E-11
 2.700000E-01	-7.56968886E-07	-4.47661398E-07	-2.07792166E-07	-7.57257390E-08	-2.87091572E-10	-1.32142185E-10	-5.57841271E-11	-4.10929299E-11
 2.750000E-01	-8.19555096E-07	-4.96150149E-07	-2.34339495E-07	-8.66192701E-08	-3.15798243E-10	-1.47813955E-10	-5.89007848E-11	-3.91202149E-11
 2.800000E-01	-8.84970706E-07	-5.48012839E-07	-2.63153309E-07	-9.85562991E-08	-3.47653282E-10	-1.65198208E-10	-6.19695529E-11	-3.66312166E-11
 2.850000E-01	-9.53226449E-07	-6.03336459E-07	-2.94310320E-07	-1.11564419E-07	-3.82844822E-10	-1.80362887E-10	-6.28020368E-11	-3.42525196E-11
 2.900000E-01	-1.02432869E-06	-6.62225185E-07	-3.27897660E-07	-1.25670174E-07	-4.20638699E-10	-1.96876072E-10	-6.42132735E-11	-3.07678094E-11
 2.950000E-01	-1.09825976E-06	-7.24803061E-07	-3.64020807E-07	-1.40905823E-07	-4.60652730E-10	-2.19421972E-10	-6.97169399E-11	-2.63957044E-11
 3.000000E-01	-1.17499521E-06	-7.91203455E-07	-4.02786818E-07	-1.57306587E-07	-5.03536698E-10	-2.46003314E-10	-7.80441622E-11	-2.31474441E-11
 3.050000E-01	-1.25451700E-06	-8.61564320E-07	-4.44290025E-07	-1.74903307E-07	-5.49828948E-10	-2.72867028E-10	-8.66060485E-11	-2.20063727E-11
 3.100000E-01	-1.33678152E-06	-9.36035893E-07	-4.88623265E-07	-1.93725364E-07	-5.99119777E-10	-3.01022573E-10	-9.62901827E-11	-2.24043838E-11
 3.150000E-01	-1.42171016E-06	-1.01479112E-06	-5.35886521E-07	-2.13802991E-07	-6.51005203E-10	-3.32926048E-10	-1.08879428E-10	-2.39680527E-11
 3.200000E-01	-1.50920611E-06	-1.09803079E-06	-5.86187490E-07	-2.35166050E-07	-7.05990182E-10	-3.67821104E-10	-1.23310877E-10	-2.67261598E-11
 3.250000E-01	-1.59916320E-06	-1.18599787E-06	-6.39658874E-07	-2.57847916E-07	-7.64898488E-10	-4.03817859E-10	-1.37385284E-10	-3.00442261E-11
 3.300000E-01	-1.69144208E-06	-1.27898231E-06	-6.96484204E-07	-2.81890361E-07	-8.28183589E-10	-4.40923938E-10	-1.50434246E-10	-3.26401540E-11
 3.350000E-01	-1.78579249E-06	-1.37727209E-06	-7.56902673E-07	-3.07344804E-07	-8.96221971E-10	-4.79883519E-10	-1.62559352E-10	-3.34601194E-11
 3.400000E-01	-1.88181454E-06	-1.48109476E-06	-8.21187931E-07	-3.34262219E-07	-9.69609721E-10	-5.20576151E-10	-1.73379436E-10	-3.18630604E-11
 3.450000E-01	-1.97897971E-06	-1.59062041E-06	-8.89641365E-07	-3.62688982E-07	-1.04853805E-09	-5.63529553E-10	-1.83359953E-10	-2.71416819E-11
 3.500000E-01	-2.07665531E-06	-1.70603030E-06	-9.62614718E-07	-3.92685687E-07	-1.13248806E-09	-6.11100290E-10	-1.94681931E-10	-1.87162993E-11
 3.550000E-01	-2.17414955E-06	-1.82758284E-06	-1.04049537E-06	-4.24342606E-07	-1.22217352E-09	-6.63566782E-10	-2.06759625E-10	-6.52028769E-12
 3.600000E-01	-2.27077198E-06	-1.95562562E-06	-1.12362065E-06	-4.57766635E-07	-1.32074538E-09	-7.16101841E-10	-2.13246789E-10	 9.77606716E-12
 3.650000E-01	-2.36588047E-06	-2.09061176E-06	-1.21221071E-06	-4.93060277E-07	-1.42944020E-09	-7.66039843E-10	-2.11992917E-10	 3.01487959E-11
 3.700000E-01	-2.45885498E-06	-2.23313143E-06	-1.30640789E-06	-5.30330243E-07	-1.54379326E-09	-8.20133220E-10	-2.13926658E-10	 5.17228426E-11
 3.750000E-01	-2.54897378E-06	-2.38388253E-06	-1.40639399E-06	-5.69708745E-07	-1.65844505E-09	-8.87309089E-10	-2.31708659E-10	 7.02271633E-11
 3.800000E-01	-2.63526373E-06	-2.54358061E-06	-1.51251830E-06	-6.11354115E-07	-1.77283274E-09	-9.68914270E-10	-2.66120161E-10	 8.41195796E-11
 3.850000E-01	-2.71644870E-06	-2.71292507E-06	-1.62538852E-06	-6.55447352E-07	-1.89113087E-09	-1.05873640E-09	-3.06980477E-10	 9.53962153E-11
 3.900000E-01	-2.79104124E-06	-2.89262510E-06	-1.74577964E-06	-7.02176954E-07	-2.01982348E-09	-1.14723483E-09	-3.40025260E-10	 1.08213938E-10
 3.950000E-01	-2.85745950E-06	-3.08346844E-06	-1.87441382E-06	-7.51716681E-07	-2.16066077E-09	-1.23164134E-09	-3.62703442E-10	 1.24323882E-10
 4.000000E-01	-2.91402062E-06	-3.28632896E-06	-2.01190748E-06	-8.04237017E-07	-2.30501009E-09	-1.32375392E-09	-3.95204895E-10	 1.38110920E-10
 4.050000E-01	-2.95898265E-06	-3.50208875E-06	-2.15878728E-06	-8.59875270E-07	-2.44354659E-09	-1.43644482E-09	-4.57311644E-10	 1.43098264E-10
 4.100000E-01	-2.99051809E-06	-3.73159555E-06	-2.31545962E-06	-9.18683772E-07	-2.57819724E-09	-1.56730907E-09	-5.42452713E-10	 1.42212678E-10
 4.150000E-01	-3.00653768E-06	-3.97570448E-06	-2.48229050E-06	-9.80681066E-07	-2.71999640E-09	-1.70222189E-09	-6.25339700E-10	 1.45744875E-10
 4.200000E-01	-3.00470557E-06	-4.23545591E-06	-2.65975595E-06	-1.04593277E-06	-2.88134198E-09	-1.82658886E-09	-6.81410327E-10	 1.64122097E-10
 4.250000E-01	-2.98257247E-06	-4.51225445E-06	-2.84854239E-06	-1.11457985E-06	-3.06201246E-09	-1.94196293E-09	-7.15036662E-10	 1.98357443E-10
 4.300000E-01	-2.93744449E-06	-4.80772624E-06	-3.04948483E-06	-1.18683650E-06	-3.23972649E-09	-2.07487380E-09	-7.73984787E-10	 2.31875020E-10
 4.350000E-01	-2.86621774E-06	-5.12355500E-06	-3.26346690E-06	-1.26296451E-06	-3.39847564E-09	-2.24239529E-09	-8.88017524E-10	 2.49088801E-10
 4.400000E-01	-2.76550985E-06	-5.46159138E-06	-3.49139136E-06	-1.34322672E-06	-3.55797528E-09	-2.42015959E-09	-1.01358725E-09	 2.60552109E-10
 4.450000E-01	-2.63173211E-06	-5.82386089E-06	-3.73411973E-06	-1.42785958E-06	-3.73906008E-09	-2.58361353E-09	-1.10968870E-09	 2.82458825E-10
 4.500000E-01	-2.46104132E-06	-6.21252847E-06	-3.99247076E-06	-1.51708052E-06	-3.92183551E-09	-2.75337507E-09	-1.21804372E-09	 3.03143580E-10
 4.550000E-01	-2.24935757E-06	-6.62999810E-06	-4.26726954E-06	-1.61108189E-06	-4.08043582E-09	-2.95559034E-09	-1.38725529E-09	 3.03420190E-10
 4.600000E-01	-1.99237557E-06	-7.07886048E-06	-4.55922762E-06	-1.70998527E-06	-4.22896583E-09	-3.17424525E-09	-1.58533663E-09	 2.92768849E-10
 4.650000E-01	-1.68559098E-06	-7.56193478E-06	-4.86889751E-06	-1.81380758E-06	-4.39001836E-09	-3.38600863E-09	-1.76800059E-09	 2.91284486E-10
 4.700000E-01	-1.32420354E-06	-8.08250777E-06	-5.19688553E-06	-1.92252613E-06	-4.55106889E-09	-3.60356161E-09	-1.96059530E-09	 2.95366080E-10
 4.750000E-01	-9.02822107E-07	-8.64431309E-06	-5.54397610E-06	-2.03620442E-06	-4.69533895E-09	-3.84287175E-09	-2.19336581E-09	 2.93412181E-10
 4.800000E-01	-4.15346620E-07	-9.25145523E-06	-5.91109384E-06	-2.15503888E-06	-4.84212973E-09	-4.08473799E-09	-2.42870539E-09	 2.95124126E-10
 4.850000E-01	 1.45104336E-07	-9.90843446E-06	-6.29930642E-06	-2.27937041E-06	-5.00305676E-09	-4.31503053E-09	-2.64817341E-09	 3.06007289E-10
 4.900000E-01	 7.86521864E-07	-1.06199589E-05	-6.70981459E-06	-2.40972478E-06	-5.13176230E-09	-4.56741622E-09	-2.93769398E-09	 2.93103536E-10
 4.950000E-01	 1.51826747E-06	-1.13908065E-05	-7.14395829E-06	-2.54686611E-06	-5.19544383E-09	-4.86706278E-09	-3.34715305E-09	 2.40583984E-10
 5.000000E-01	 2.35090817E-06	-1.22260540E-05	-7.60335912E-06	-2.69188725E-06	-5.25730864E-09	-5.17071740E-09	-3.75226507E-09	 2.14334614E-10
 5.050000E-01	 3.29595998E-06	-1.31314078E-05	-8.09010000E-06	-2.84627410E-06	-5.38049827E-09	-5.43586034E-09	-4.04555605E-09	 2.75385644E-10
 5.100000E-01	 4.36610237E-06	-1.41128682E-05	-8.60653257E-06	-3.01184224E-06	-5.50635091E-09	-5.70083975E-09	-4.34338187E-09	 3.73187120E-10
 5.150000E-01	 5.57536768E-06	-1.51763260E-05	-9.15494064E-06	-3.19057416E-06	-5.54944489E-09	-6.01916772E-09	-4.79224315E-09	 4.35085120E-10
 5.200000E-01	 6.93862022E-06	-1.63278503E-05	-9.73746782E-06	-3.38453324E-06	-5.53475951E-09	-6.37293949E-09	-5.33124165E-09	 4.89501496E-10
 5.250000E-01	 8.47064006E-06	-1.75734932E-05	-1.03556653E-05	-3.59576177E-06	-5.53243369E-09	-6.71494284E-09	-5.83057707E-09	 5.98387393E-10
 5.300000E-01	 1.01859984E-05	-1.89198757E-05	-1.10107340E-05	-3.82620278E-06	-5.54129424E-09	-7.03877323E-09	-6.29846635E-09	 7.48648837E-10
 5.350000E-01	 1.20999574E-05	-2.03747793E-05	-1.17042754E-05	-4.07800429E-06	-5.49049363E-09	-7.37626667E-09	-6.86109139E-09	 8.67562412E-10
 5.400000E-01	 1.42295223E-05	-2.19469463E-05	-1.24385679E-05	-4.35392413E-06	-5.29128959E-09	-7.76680923E-09	-7.65858881E-09	 8.82689160E-10
 5.450000E-01	 1.65944945E-05	-2.36478168E-05	-1.32175833E-05	-4.65741363E-06	-4.93739681E-09	-8.20992004E-09	-8.67568233E-09	 8.07524437E-10
 5.500000E-01	 1.92157550E-05	-2.54903548E-05	-1.40453313E-05	-4.99210093E-06	-4.57429216E-09	-8.63550057E-09	-9.64860853E-09	 7.88595023E-10
 5.550000E-01	 2.21122459E-05	-2.74868102E-05	-1.49232552E-05	-5.36088813E-06	-4.28406023E-09	-8.99921245E-09	-1.04534316E-08	 8.92966232E-10
 5.600000E-01	 2.53013936E-05	-2.96500889E-05	-1.58507395E-05	-5.76551432E-06	-3.85635847E-09	-9.38029980E-09	-1.14629030E-08	 9.07849545E-10
 5.650000E-01	 2.88003474E-05	-3.19930362E-05	-1.68252967E-05	-6.20701222E-06	-3.08851563E-09	-9.85793312E-09	-1.29881783E-08	 6.58812738E-10
 5.700000E-01	 3.26289644E-05	-3.45309854E-05	-1.78456737E-05	-6.68695679E-06	-2.16333369E-09	-1.03611631E-08	-1.46735216E-08	 3.62966702E-10
 5.750000E-01	 3.68128288E-05	-3.72838971E-05	-1.89143730E-05	-7.20849459E-06	-1.33511338E-09	-1.07876525E-08	-1.60933446E-08	 2.76916169E-10
 5.800000E-01	 4.13828710E-05	-4.02722929E-05	-2.00353106E-05	-7.77660935E-06	-4.76624319E-10	-1.11712681E-08	-1.74915421E-08	 2.55603068E-10
 5.850000E-01	 4.63743857E-05	-4.35159769E-05	-2.12128453E-05	-8.39799424E-06	 6.90822486E-10	-1.16022138E-08	-1.93283283E-08	 3.16392354E-11
 5.900000E-01	 5.18239965E-05	-4.70333180E-05	-2.24507796E-05	-9.08042868E-06	 2.19568845E-09	-1.20876071E-08	-2.16083077E-08	-3.71318458E-10
 5.950000E-01	 5.77687268E-05	-5.08416638E-05	-2.37520420E-05	-9.83207044E-06	 3.87781083E-09	-1.25790718E-08	-2.40287826E-08	-7.22797912E-10
 6.000000E-01	 6.42475737E-05	-5.49585348E-05	-2.51192409E-05	-1.06612326E-05	 5.59646049E-09	-1.30475673E-08	-2.63439349E-08	-8.11323191E-10
 6.050000E-01	 7.13027739E-05	-5.94024602E-05	-2.65559254E-05	-1.15770379E-05	 7.32731026E-09	-1.34942141E-08	-2.85183217E-08	-5.79474075E-10
 6.100000E-01	 7.89804936E-05	-6.41942603E-05	-2.80680942E-05	-1.25902827E-05	 9.20199962E-09	-1.39430622E-08	-3.07755076E-08	-1.81569678E-10
 6.150000E-01	 8.73276396E-05	-6.93543190E-05	-2.96618778E-05	-1.37131880E-05	 1.13876950E-08	-1.44223982E-08	-3.33753887E-08	 1.97464519E-10
 6.200000E-01	 9.63916775E-05	-7.49019166E-05	-3.13424559E-05	-1.49588722E-05	 1.39275127E-08	-1.49380006E-08	-3.63486901E-08	 5.47477481E-10
 6.250000E-01	 1.06227721E-04	-8.08597310E-05	-3.31175176E-05	-1.63424232E-05	 1.67507159E-08	-1.54749871E-08	-3.95354177E-08	 9.96948480E-10
 6.300000E-01	 1.16897621E-04	-8.72506271E-05	-3.49967212E-05	-1.78827232E-05	 1.97540883E-08	-1.60136695E-08	-4.27346769E-08	 1.69463500E-09
 6.350000E-01	 1.28464039E-04	-9.40912224E-05	-3.69884824E-05	-1.96033599E-05	 2.29324152E-08	-1.65450724E-08	-4.59196653E-08	 2.64865241E-09
 6.400000E-01	 1.41011283E-04	-1.01404442E-04	-3.91105162E-05	-2.15370676E-05	 2.64872470E-08	-1.70859167E-08	-4.94006822E-08	 3.62496284E-09
 6.450000E-01	 1.54655980E-04	-1.09218750E-04	-4.13932357E-05	-2.37314914E-05	 3.06340861E-08	-1.76534129E-08	-5.34838195E-08	 4.40269709E-09
 6.500000E-01	 1.69512510E-04	-1.17540336E-04	-4.38588246E-05	-2.62450368E-05	 3.53541512E-08	-1.82235673E-08	-5.80669280E-08	 5.04029424E-09
 6.550000E-01	 1.85708741E-04	-1.26370683E-04	-4.65309170E-05	-2.91470410E-05	 4.05809124E-08	-1.87589900E-08	-6.29779434E-08	 5.65871969E-09
 6.600000E-01	 2.03434216E-04	-1.35728566E-04	-4.94591473E-05	-3.25311253E-05	 4.64753033E-08	-1.92557212E-08	-6.84197337E-08	 6.17417006E-09
 6.650000E-01	 2.22888109E-04	-1.45611446E-04	-5.26882260E-05	-3.65068013E-05	 5.32123278E-08	-1.97121073E-08	-7.45866435E-08	 6.51513972E-09
 6.700000E-01	 2.44223058E-04	-1.55993537E-04	-5.62321851E-05	-4.11733756E-05	 6.06886016E-08	-2.00843483E-08	-8.12096596E-08	 6.86797592E-09
 6.750000E-01	 2.67551184E-04	-1.66825960E-04	-6.00812499E-05	-4.66223344E-05	 6.88130519E-08	-2.02999049E-08	-8.80713547E-08	 7.30100735E-09
 6.800000E-01	 2.93040795E-04	-1.78067584E-04	-6.42495423E-05	-5.29708091E-05	 7.79231657E-08	-2.03017902E-08	-9.56722467E-08	 7.38090357E-09
 6.850000E-01	 3.20929907E-04	-1.89701074E-04	-6.87784429E-05	-6.03613678E-05	 8.85312234E-08	-2.00623655E-08	-1.04757534E-07	 6.61865838E-09
 6.900000E-01	 3.51377125E-04	-2.01639760E-04	-7.36600145E-05	-6.89303190E-05	 1.00839077E-07	-1.95474392E-08	-1.15488058E-07	 5.01944677E-09
 6.950000E-01	 3.84554256E-04	-2.13775769E-04	-7.88843548E-05	-7.88307482E-05	 1.14646431E-07	-1.87030859E-08	-1.27339509E-07	 3.10613882E-09
 7.000000E-01	 4.20735311E-04	-2.26030216E-04	-8.44808154E-05	-9.02539311E-05	 1.29479981E-07	-1.74647207E-08	-1.39385133E-07	 1.67596123E-09
 7.050000E-01	 4.60145231E-04	-2.38272482E-04	-9.04431696E-05	-1.03390541E-04	 1.45211660E-07	-1.57370341E-08	-1.51322019E-07	 9.46368594E-10
 7.100000E-01	 5.02933890E-04	-2.50329958E-04	-9.67224827E-05	-1.18411763E-04	 1.62645834E-07	-1.33989642E-08	-1.64349863E-07	-4.84722341E-11
 7.150000E-01	 5.49251030E-04	-2.62019627E-04	-1.03262025E-04	-1.35491083E-04	 1.82541411E-07	-1.03617319E-08	-1.79495683E-07	-2.08038739E-09
 7.200000E-01	 5.99286769E-04	-2.73144629E-04	-1.10009281E-04	-1.54824990E-04	 2.04454601E-07	-6.57544833E-09	-1.95816663E-07	-4.41863770E-09
 7.250000E-01	 6.53274744E-04	-2.83489613E-04	-1.16913115E-04	-1.76636161E-04	 2.27944042E-07	-1.90743658E-09	-2.12432616E-07	-6.48082452E-09
 7.300000E-01	 7.11446151E-04	-2.92794357E-04	-1.23899904E-04	-2.01160908E-04	 2.54069759E-07	 3.91545967E-09	-2.30791449E-07	-9.48526564E-09
 7.350000E-01	 7.73990525E-04	-3.00739201E-04	-1.30854502E-04	-2.28630424E-04	 2.83909534E-07	 1.10785442E-08	-2.52185737E-07	-1.43208094E-08
 7.400000E-01	 8.41125324E-04	-3.06985532E-04	-1.37655291E-04	-2.59282651E-04	 3.16711819E-07	 1.95277315E-08	-2.75012867E-07	-1.94609523E-08
 7.450000E-01	 9.13037853E-04	-3.11148447E-04	-1.44149484E-04	-2.93337985E-04	 3.51493487E-07	 2.93149569E-08	-2.97429790E-07	-2.35102268E-08
 7.500000E-01	 9.89780136E-04	-3.12766133E-04	-1.50108364E-04	-3.30947474E-04	 3.89136371E-07	 4.08676824E-08	-3.20417109E-07	-2.77582085E-08
 7.550000E-01	 1.07149127E-03	-3.11370823E-04	-1.55321799E-04	-3.72275207E-04	 4.30995205E-07	 5.46115579E-08	-3.45485251E-07	-3.37707531E-08
 7.600000E-01	 1.15838964E-03	-3.06439541E-04	-1.59580352E-04	-4.17513261E-04	 4.76875241E-07	 7.06279307E-08	-3.71794004E-07	-4.08597603E-08
 7.650000E-01	 1.25054387E-03	-2.97387591E-04	-1.62597702E-04	-4.66738082E-04	 5.26280573E-07	 8.90390674E-08	-3.98127071E-07	-4.81957615E-08
 7.700000E-01	 1.34787473E-03	-2.83598734E-04	-1.64033998E-04	-5.19879334E-04	 5.80156958E-07	 1.10383496E-07	-4.25230640E-07	-5.69104693E-08
 7.750000E-01	 1.45037509E-03	-2.64474896E-04	-1.63599823E-04	-5.76820193E-04	 6.39434554E-07	 1.34983737E-07	-4.53730892E-07	-6.75399062E-08
 7.800000E-01	 1.55781770E-03	-2.39409301E-04	-1.60948189E-04	-6.37216213E-04	 7.03108554E-07	 1.62331703E-07	-4.81790807E-07	-7.78251950E-08
 7.850000E-01	 1.66977786E-03	-2.07711245E-04	-1.55642775E-04	-7.00521015E-04	 7.70041482E-07	 1.92062519E-07	-5.07477388E-07	-8.59826446E-08
 7.900000E-01	 1.78649616E-03	-1.68684572E-04	-1.47456078E-04	-7.66457504E-04	 8.41439406E-07	 2.24970185E-07	-5.31576393E-07	-9.35327595E-08
 7.950000E-01	 1.90797112E-03	-1.21491303E-04	-1.36010838E-04	-8.34502590E-04	 9.18979753E-07	 2.61975378E-07	-5.55153085E-07	-1.02239076E-07
 8.000000E-01	 2.03369055E-03	-6.53905718E-05	-1.20858702E-04	-9.03563207E-04	 1.00266878E-06	 3.02995170E-07	-5.77287636E-07	-1.11177960E-07
 8.050000E-01	 2.16330957E-03	 3.67531852E-08	-1.01886558E-04	-9.72280748E-04	 1.09186246E-06	 3.47479844E-07	-5.96537031E-07	-1.18491803E-07
 8.100000E-01	 2.29605427E-03	 7.48301274E-05	-7.91940622E-05	-1.03863580E-03	 1.18622430E-06	 3.94833972E-07	-6.12020590E-07	-1.23190196E-07
 8.150000E-01	 2.43086388E-03	 1.58633897E-04	-5.31121180E-05	-1.10001969E-03	 1.28529126E-06	 4.44034573E-07	-6.22957029E-07	-1.24236709E-07
 8.200000E-01	 2.56754977E-03	 2.51266411E-04	-2.41670450E-05	-1.15423661E-03	 1.38843221E-06	 4.93973125E-07	-6.28473252E-07	-1.20109299E-07
 8.250000E-01	 2.70653834E-03	 3.52894136E-04	 7.22332915E-06	-1.19934495E-03	 1.49597351E-06	 5.44725266E-07	-6.28093829E-07	-1.10750656E-07
 8.300000E-01	 2.84776445E-03	 4.63616542E-04	 4.08563494E-05	-1.23273300E-03	 1.60964731E-06	 5.97790930E-07	-6.21831599E-07	-9.82621148E-08
 8.350000E-01	 2.99120140E-03	 5.82707736E-04	 7.58473451E-05	-1.25118123E-03	 1.73056521E-06	 6.53445762E-07	-6.09615349E-07	-8.32112938E-08
 8.400000E-01	 3.13641274E-03	 7.08038074E-04	 1.10374059E-04	-1.25046454E-03	 1.85679188E-06	 7.08554397E-07	-5.90294679E-07	-6.23908616E-08
 8.450000E-01	 3.28356379E-03	 8.36612451E-04	 1.41778897E-04	-1.22640187E-03	 1.98615746E-06	 7.59809323E-07	-5.63078187E-07	-3.32182188E-08
 8.500000E-01	 3.43410835E-03	 9.65533708E-04	 1.67403197E-04	-1.17573282E-03	 2.11937247E-06	 8.06895178E-07	-5.28528706E-07	 3.12217119E-09
 8.550000E-01	 3.58910544E-03	 1.09232963E-03	 1.86191121E-04	-1.09501258E-03	 2.25761794E-06	 8.50166999E-07	-4.86666633E-07	 4.51176023E-08
 8.600000E-01	 3.74942127E-03	 1.21522205E-03	 1.99219922E-04	-9.80503454E-04	 2.40048502E-06	 8.88723110E-07	-4.35997678E-07	 9.35706842E-08
 8.650000E-01	 3.91568813E-03	 1.33248095E-03	 2.09214040E-04	-8.27674685E-04	 2.54715717E-06	 9.22026057E-07	-3.73672383E-07	 1.49643817E-07
 8.700000E-01	 4.08768270E-03	 1.44009250E-03	 2.18628954E-04	-6.30434348E-04	 2.69740755E-06	 9.50166554E-07	-2.96460023E-07	 2.13247672E-07
 8.750000E-01	 4.26535958E-03	 1.53085237E-03	 2.28173023E-04	-3.82456106E-04	 2.85036793E-06	 9.70946618E-07	-2.02520597E-07	 2.84345809E-07
 8.800000E-01	 4.45003042E-03	 1.59576868E-03	 2.37903450E-04	-7.89072718E-05	 3.00355714E-06	 9.78993451E-07	-9.16944297E-08	 3.63699580E-07
 8.850000E-01	 4.64304930E-03	 1.62532965E-03	 2.50264668E-04	 2.83891633E-04	 3.15459918E-06	 9.70504148E-07	 3.76058405E-08	 4.51361135E-07
 8.900000E-01	 4.84360891E-03	 1.60915866E-03	 2.72451449E-04	 7.09861405E-04	 3.30263332E-06	 9.45926673E-07	 1.90993294E-07	 5.46289673E-07
 8.950000E-01	 5.04760872E-03	 1.53537487E-03	 3.17562402E-04	 1.20339147E-03	 3.44502266E-06	 9.04371654E-07	 3.76765085E-07	 6.48722142E-07
 9.000000E-01	 5.25183811E-03	 1.38976174E-03	 3.99333556E-04	 1.76550601E-03	 3.57642745E-06	 8.39385708E-07	 6.00275659E-07	 7.59414226E-07
 9.050000E-01	 5.45079874E-03	 1.15641654E-03	 5.35732644E-04	 2.38641683E-03	 3.68781203E-06	 7.42805629E-07	 8.67294287E-07	 8.75758194E-07
 9.100000E-01	 5.65171579E-03	 8.14459274E-04	 7.27887795E-04	 3.04484670E-03	 3.78048294E-06	 6.09435894E-07	 1.17225936E-06	 9.89706181E-07
 9.150000E-01	 5.81891625E-03	 3.58263841E-04	 1.04578621E-03	 3.70763513E-03	 3.83164741E-06	 4.39578531E-07	 1.55023182E-06	 1.09750988E-06
 9.200000E-01	 5.96584725E-03	-2.40989471E-04	 1.48193486E-03	 4.34628927E-03	 3.84864045E-06	 2.24230276E-07	 1.98828788E-06	 1.19242919E-06
 9.250000E-01	 6.01609704E-03	-9.84176639E-04	 2.16667713E-03	 4.90113761E-03	 3.78479415E-06	-4.41448460E-08	 2.55185549E-06	 1.27519435E-06
 9.300000E-01	 5.81229680E-03	-1.79640561E-03	 3.35825823E-03	 5.20921943E-03	 3.54337484E-06	-3.55553135E-07	 3.36553344E-06	 1.32243604E-06
 9.350000E-01	 5.51513974E-03	-2.74339347E-03	 4.78443790E-03	 5.17983963E-03	 3.22462977E-06	-7.13772864E-07	 4.25587741E-06	 1.25908908E-06
 9.400000E-01	 5.29898988E-03	-4.17145120E-03	 6.17814577E-03	 5.17355786E-03	 2.95626155E-06	-1.33132059E-06	 4.98366072E-06	 1.35976273E-06
 9.450000E-01	 4.76667535E-03	-5.07954316E-03	 7.77153798E-03	 3.54944044E-03	 2.22908761E-06	-1.64043035E-06	 6.22725070E-06	 6.24709611E-07
 9.500000E-01	 2.04682628E-03	-6.08006445E-03	 1.09348684E-02	 1.78771252E-03	 1.15596981E-06	-2.63710832E-06	 7.69552214E-06	 2.22979262E-07
 9.550000E-01	 1.16834378E-04	-8.34747247E-03	 1.46929785E-02	-9.72848431E-05	 5.92489822E-07	-4.11920739E-06	 8.74810772E-06	 3.21142001E-07
 9.600000E-01	-3.73492917E-03	-2.52547124E-03	 1.05784545E-02	 1.07811718E-03	-7.15926446E-07	-3.59602986E-06	 7.56105532E-06	 4.85977903E-07
 9.650000E-01	-2.32550764E-03	 6.84930887E-03	 1.74880181E-03	 5.16056977E-03	-3.56742367E-07	-4.15644088E-06	 5.95886757E-06	 1.94818809E-06
 9.700000E-01	 2.82597477E-02	-2.40101800E-02	-7.68787106E-03	-1.39616364E-02	-1.79414856E-06	-1.76922137E-05	-3.84133197E-06	-2.84425568E-06
 9.750000E-01	 1.42559120E-01	-2.56003771E-01	-2.81232431E-02	-4.17665577E-02	-1.11113725E-05	-4.42521370E-05	-2.11243765E-05	-1.26471403E-05
 9.800000E-01	-1.60753781E-01	 2.13891541E-01	-8.02518396E-03	 1.49863898E-01	-4.77827646E-05	-4.07225662E-05	-5.28571600E-05	-2.55090910E-05
 9.850000E-01	-2.51283352E-01	 2.66419061E-01	-2.71402420E-03	 9.73943295E-02	-1.10858490E-04	 2.30123503E-05	-3.54856869E-05	 2.16477473E-05
 9.900000E-01	 7.25551784E-02	-2.08408502E-01	-2.86040843E-02	-1.79757612E-01	-4.38626111E-05	 7.37806180E-05	-1.26656200E-05	 4.75085303E-06
 9.950000E-01	-3.96493405E-01	-2.78666387E-01	 3.35077996E-01	 3.28722019E-01	-3.01555706E-04	-3.38929888E-04	 2.95861213E-04	 4.45458949E-04
 1.000000E+00	 1.06806703E-02	 3.54851332E-02	-7.86999356E-03	 7.91917886E-02	 1.15702928E-04	 3.76835934E-05	 7.93814856E-05	 3.15901092E-05
