       r	   dnnbi(m^-3)	    dne(m^-3)	    dni(m^-3)	     tbn(keV)	     ti(keV)	     te(keV)	   vzt_eq(m/s)	   vth_eq(m/s)	  vthermalep(m/s)	       etann(MKS)
  0.0000000E+00	  0.6411237E+19	  0.4496103E+20	  0.3222669E+20	  0.4378956E+05	  0.5924740E+04	  0.5339810E+04	  0.0000000E+00	  0.0000000E+00	  0.1448383E+07	  0.9966705E+00
  0.5000000E-02	  0.6401339E+19	  0.4496539E+20	  0.3225663E+20	  0.4378956E+05	  0.5913207E+04	  0.5330906E+04	  0.0000000E+00	  0.0000000E+00	  0.1448383E+07	  0.1000000E+01
  0.1000000E-01	  0.6396000E+19	  0.4496700E+20	  0.3227400E+20	  0.4380839E+05	  0.5901170E+04	  0.5321250E+04	  0.0000000E+00	  0.0000000E+00	  0.1448694E+07	  0.1003227E+01
  0.1500000E-01	  0.6394721E+19	  0.4496587E+20	  0.3228029E+20	  0.4382748E+05	  0.5888636E+04	  0.5310851E+04	  0.0000000E+00	  0.0000000E+00	  0.1449010E+07	  0.1006396E+01
  0.2000000E-01	  0.6397000E+19	  0.4496200E+20	  0.3227700E+20	  0.4384656E+05	  0.5875610E+04	  0.5299720E+04	  0.0000000E+00	  0.0000000E+00	  0.1449325E+07	  0.1009553E+01
  0.2500000E-01	  0.6402434E+19	  0.4495538E+20	  0.3226542E+20	  0.4386538E+05	  0.5862099E+04	  0.5287866E+04	  0.0000000E+00	  0.0000000E+00	  0.1449636E+07	  0.1012735E+01
  0.3000000E-01	  0.6411000E+19	  0.4494600E+20	  0.3224600E+20	  0.4388382E+05	  0.5848110E+04	  0.5275300E+04	  0.0000000E+00	  0.0000000E+00	  0.1449941E+07	  0.1015956E+01
  0.3500000E-01	  0.6422293E+19	  0.4493385E+20	  0.3222002E+20	  0.4390164E+05	  0.5833648E+04	  0.5262031E+04	  0.0000000E+00	  0.0000000E+00	  0.1450235E+07	  0.1019255E+01
  0.4000000E-01	  0.6434000E+19	  0.4491900E+20	  0.3219300E+20	  0.4391794E+05	  0.5818720E+04	  0.5248070E+04	  0.0000000E+00	  0.0000000E+00	  0.1450505E+07	  0.1022805E+01
  0.4500000E-01	  0.6443895E+19	  0.4490148E+20	  0.3216949E+20	  0.4393138E+05	  0.5803331E+04	  0.5233426E+04	  0.0000000E+00	  0.0000000E+00	  0.1450727E+07	  0.1026751E+01
  0.5000000E-01	  0.6452000E+19	  0.4488100E+20	  0.3214600E+20	  0.4393961E+05	  0.5787490E+04	  0.5218110E+04	  0.0000000E+00	  0.0000000E+00	  0.1450862E+07	  0.1030992E+01
  0.5500000E-01	  0.6458752E+19	  0.4485737E+20	  0.3211851E+20	  0.4394067E+05	  0.5771202E+04	  0.5202131E+04	  0.0000000E+00	  0.0000000E+00	  0.1450880E+07	  0.1035405E+01
  0.6000000E-01	  0.6464000E+19	  0.4483100E+20	  0.3208900E+20	  0.4393516E+05	  0.5754470E+04	  0.5185500E+04	  0.0000000E+00	  0.0000000E+00	  0.1450789E+07	  0.1040046E+01
  0.6500000E-01	  0.6467096E+19	  0.4480229E+20	  0.3206024E+20	  0.4392439E+05	  0.5737296E+04	  0.5168227E+04	  0.0000000E+00	  0.0000000E+00	  0.1450611E+07	  0.1044997E+01
  0.7000000E-01	  0.6466000E+19	  0.4477100E+20	  0.3203200E+20	  0.4390989E+05	  0.5719690E+04	  0.5150320E+04	  0.0000000E+00	  0.0000000E+00	  0.1450372E+07	  0.1050260E+01
  0.7500000E-01	  0.6458865E+19	  0.4473685E+20	  0.3200492E+20	  0.4389288E+05	  0.5701664E+04	  0.5131789E+04	  0.0000000E+00	  0.0000000E+00	  0.1450091E+07	  0.1055867E+01
  0.8000000E-01	  0.6446000E+19	  0.4470000E+20	  0.3198600E+20	  0.4387309E+05	  0.5683220E+04	  0.5112640E+04	  0.0000000E+00	  0.0000000E+00	  0.1449764E+07	  0.1062051E+01
  0.8500000E-01	  0.6428444E+19	  0.4466070E+20	  0.3197933E+20	  0.4384981E+05	  0.5664360E+04	  0.5092882E+04	  0.0000000E+00	  0.0000000E+00	  0.1449379E+07	  0.1068954E+01
  0.9000000E-01	  0.6408000E+19	  0.4461900E+20	  0.3197100E+20	  0.4382215E+05	  0.5645090E+04	  0.5072530E+04	  0.0000000E+00	  0.0000000E+00	  0.1448922E+07	  0.1076119E+01
  0.9500000E-01	  0.6386485E+19	  0.4457486E+20	  0.3194852E+20	  0.4378941E+05	  0.5625417E+04	  0.5051597E+04	  0.0000000E+00	  0.0000000E+00	  0.1448381E+07	  0.1083125E+01
  0.1000000E+00	  0.6365000E+19	  0.4452800E+20	  0.3192300E+20	  0.4375195E+05	  0.5605350E+04	  0.5030090E+04	  0.0000000E+00	  0.0000000E+00	  0.1447761E+07	  0.1090355E+01
  0.1050000E+00	  0.6344117E+19	  0.4447825E+20	  0.3190610E+20	  0.4371034E+05	  0.5584896E+04	  0.5008013E+04	  0.0000000E+00	  0.0000000E+00	  0.1447072E+07	  0.1098218E+01
  0.1100000E+00	  0.6323000E+19	  0.4442600E+20	  0.3188800E+20	  0.4366494E+05	  0.5564060E+04	  0.4985380E+04	  0.0000000E+00	  0.0000000E+00	  0.1446321E+07	  0.1106378E+01
  0.1150000E+00	  0.6300798E+19	  0.4437165E+20	  0.3185860E+20	  0.4361606E+05	  0.5542847E+04	  0.4962204E+04	  0.0000000E+00	  0.0000000E+00	  0.1445511E+07	  0.1114474E+01
  0.1200000E+00	  0.6278000E+19	  0.4431500E+20	  0.3182800E+20	  0.4356399E+05	  0.5521260E+04	  0.4938490E+04	  0.0000000E+00	  0.0000000E+00	  0.1444648E+07	  0.1122867E+01
  0.1250000E+00	  0.6255315E+19	  0.4425579E+20	  0.3180588E+20	  0.4350922E+05	  0.5499305E+04	  0.4914245E+04	  0.0000000E+00	  0.0000000E+00	  0.1443739E+07	  0.1131913E+01
  0.1300000E+00	  0.6233000E+19	  0.4419400E+20	  0.3178000E+20	  0.4345298E+05	  0.5476990E+04	  0.4889480E+04	  0.0000000E+00	  0.0000000E+00	  0.1442806E+07	  0.1141189E+01
  0.1350000E+00	  0.6211066E+19	  0.4412968E+20	  0.3173900E+20	  0.4339662E+05	  0.5454323E+04	  0.4864208E+04	  0.0000000E+00	  0.0000000E+00	  0.1441870E+07	  0.1150284E+01
  0.1400000E+00	  0.6189000E+19	  0.4406300E+20	  0.3169700E+20	  0.4334113E+05	  0.5431310E+04	  0.4838440E+04	  0.0000000E+00	  0.0000000E+00	  0.1440948E+07	  0.1159703E+01
  0.1450000E+00	  0.6166296E+19	  0.4399411E+20	  0.3166761E+20	  0.4328716E+05	  0.5407954E+04	  0.4812184E+04	  0.0000000E+00	  0.0000000E+00	  0.1440050E+07	  0.1169952E+01
  0.1500000E+00	  0.6143000E+19	  0.4392300E+20	  0.3163700E+20	  0.4323438E+05	  0.5384260E+04	  0.4785450E+04	  0.0000000E+00	  0.0000000E+00	  0.1439172E+07	  0.1180538E+01
  0.1550000E+00	  0.6119376E+19	  0.4384962E+20	  0.3159120E+20	  0.4318220E+05	  0.5360231E+04	  0.4758245E+04	  0.0000000E+00	  0.0000000E+00	  0.1438303E+07	  0.1190943E+01
  0.1600000E+00	  0.6096000E+19	  0.4377400E+20	  0.3154300E+20	  0.4313002E+05	  0.5335880E+04	  0.4730580E+04	  0.0000000E+00	  0.0000000E+00	  0.1437434E+07	  0.1201645E+01
  0.1650000E+00	  0.6073202E+19	  0.4369615E+20	  0.3150546E+20	  0.4307723E+05	  0.5311216E+04	  0.4702465E+04	  0.0000000E+00	  0.0000000E+00	  0.1436554E+07	  0.1213152E+01
  0.1700000E+00	  0.6050000E+19	  0.4361600E+20	  0.3146600E+20	  0.4302323E+05	  0.5286240E+04	  0.4673910E+04	  0.0000000E+00	  0.0000000E+00	  0.1435654E+07	  0.1225000E+01
  0.1750000E+00	  0.6025442E+19	  0.4353355E+20	  0.3141220E+20	  0.4296727E+05	  0.5260951E+04	  0.4644926E+04	  0.0000000E+00	  0.0000000E+00	  0.1434720E+07	  0.1236708E+01
  0.1800000E+00	  0.6000000E+19	  0.4344900E+20	  0.3135800E+20	  0.4290792E+05	  0.5235360E+04	  0.4615520E+04	  0.0000000E+00	  0.0000000E+00	  0.1433728E+07	  0.1248816E+01
  0.1850000E+00	  0.5974282E+19	  0.4336254E+20	  0.3131685E+20	  0.4284370E+05	  0.5209479E+04	  0.4585701E+04	  0.0000000E+00	  0.0000000E+00	  0.1432655E+07	  0.1261873E+01
  0.1900000E+00	  0.5948000E+19	  0.4327400E+20	  0.3127400E+20	  0.4277354E+05	  0.5183310E+04	  0.4555480E+04	  0.0000000E+00	  0.0000000E+00	  0.1431481E+07	  0.1275311E+01
  0.1950000E+00	  0.5920683E+19	  0.4318319E+20	  0.3121515E+20	  0.4269677E+05	  0.5156854E+04	  0.4524870E+04	  0.0000000E+00	  0.0000000E+00	  0.1430196E+07	  0.1288553E+01
  0.2000000E+00	  0.5892000E+19	  0.4309000E+20	  0.3115600E+20	  0.4261374E+05	  0.5130120E+04	  0.4493880E+04	  0.0000000E+00	  0.0000000E+00	  0.1428805E+07	  0.1302248E+01
  0.2050000E+00	  0.5861738E+19	  0.4299448E+20	  0.3111206E+20	  0.4252514E+05	  0.5103117E+04	  0.4462517E+04	  0.0000000E+00	  0.0000000E+00	  0.1427319E+07	  0.1317065E+01
  0.2100000E+00	  0.5830000E+19	  0.4289700E+20	  0.3106800E+20	  0.4243193E+05	  0.5075850E+04	  0.4430790E+04	  0.0000000E+00	  0.0000000E+00	  0.1425754E+07	  0.1332372E+01
  0.2150000E+00	  0.5796991E+19	  0.4279791E+20	  0.3100835E+20	  0.4233500E+05	  0.5048321E+04	  0.4398707E+04	  0.0000000E+00	  0.0000000E+00	  0.1424124E+07	  0.1347502E+01
  0.2200000E+00	  0.5763000E+19	  0.4269700E+20	  0.3094800E+20	  0.4223480E+05	  0.5020540E+04	  0.4366280E+04	  0.0000000E+00	  0.0000000E+00	  0.1422438E+07	  0.1363103E+01
  0.2250000E+00	  0.5728299E+19	  0.4259402E+20	  0.3090180E+20	  0.4213176E+05	  0.4992515E+04	  0.4333521E+04	  0.0000000E+00	  0.0000000E+00	  0.1420702E+07	  0.1379859E+01
  0.2300000E+00	  0.5693000E+19	  0.4248900E+20	  0.3085400E+20	  0.4202675E+05	  0.4964250E+04	  0.4300440E+04	  0.0000000E+00	  0.0000000E+00	  0.1418930E+07	  0.1397097E+01
  0.2350000E+00	  0.5657189E+19	  0.4238201E+20	  0.3078921E+20	  0.4192074E+05	  0.4935746E+04	  0.4267048E+04	  0.0000000E+00	  0.0000000E+00	  0.1417140E+07	  0.1414121E+01
  0.2400000E+00	  0.5621000E+19	  0.4227300E+20	  0.3072400E+20	  0.4181478E+05	  0.4907010E+04	  0.4233350E+04	  0.0000000E+00	  0.0000000E+00	  0.1415347E+07	  0.1431691E+01
  0.2450000E+00	  0.5584570E+19	  0.4216195E+20	  0.3067451E+20	  0.4170980E+05	  0.4878048E+04	  0.4199353E+04	  0.0000000E+00	  0.0000000E+00	  0.1413570E+07	  0.1450588E+01
  0.2500000E+00	  0.5548000E+19	  0.4204900E+20	  0.3062300E+20	  0.4160628E+05	  0.4848870E+04	  0.4165070E+04	  0.0000000E+00	  0.0000000E+00	  0.1411814E+07	  0.1470007E+01
  0.2550000E+00	  0.5511408E+19	  0.4193433E+20	  0.3055202E+20	  0.4150447E+05	  0.4819483E+04	  0.4130512E+04	  0.0000000E+00	  0.0000000E+00	  0.1410086E+07	  0.1489104E+01
  0.2600000E+00	  0.5475000E+19	  0.4181800E+20	  0.3047900E+20	  0.4140428E+05	  0.4789890E+04	  0.4095690E+04	  0.0000000E+00	  0.0000000E+00	  0.1408383E+07	  0.1508717E+01
  0.2650000E+00	  0.5438798E+19	  0.4169997E+20	  0.3042168E+20	  0.4130547E+05	  0.4760092E+04	  0.4060613E+04	  0.0000000E+00	  0.0000000E+00	  0.1406701E+07	  0.1529751E+01
  0.2700000E+00	  0.5402000E+19	  0.4158000E+20	  0.3036400E+20	  0.4120773E+05	  0.4730100E+04	  0.4025290E+04	  0.0000000E+00	  0.0000000E+00	  0.1405036E+07	  0.1551456E+01
  0.2750000E+00	  0.5363899E+19	  0.4145790E+20	  0.3028951E+20	  0.4111060E+05	  0.4699926E+04	  0.3989729E+04	  0.0000000E+00	  0.0000000E+00	  0.1403379E+07	  0.1573007E+01
  0.2800000E+00	  0.5325000E+19	  0.4133400E+20	  0.3021400E+20	  0.4101323E+05	  0.4669570E+04	  0.3953940E+04	  0.0000000E+00	  0.0000000E+00	  0.1401716E+07	  0.1595205E+01
  0.2850000E+00	  0.5285855E+19	  0.4120866E+20	  0.3015339E+20	  0.4091477E+05	  0.4639031E+04	  0.3917933E+04	  0.0000000E+00	  0.0000000E+00	  0.1400033E+07	  0.1618911E+01
  0.2900000E+00	  0.5246000E+19	  0.4108200E+20	  0.3009200E+20	  0.4081468E+05	  0.4608320E+04	  0.3881720E+04	  0.0000000E+00	  0.0000000E+00	  0.1398319E+07	  0.1643327E+01
  0.2950000E+00	  0.5204931E+19	  0.4095395E+20	  0.3001417E+20	  0.4071249E+05	  0.4577448E+04	  0.3845310E+04	  0.0000000E+00	  0.0000000E+00	  0.1396568E+07	  0.1667610E+01
  0.3000000E+00	  0.5163000E+19	  0.4082400E+20	  0.2993600E+20	  0.4060756E+05	  0.4546420E+04	  0.3808710E+04	  0.0000000E+00	  0.0000000E+00	  0.1394767E+07	  0.1692670E+01
  0.3050000E+00	  0.5120671E+19	  0.4069181E+20	  0.2987344E+20	  0.4049924E+05	  0.4515239E+04	  0.3771929E+04	  0.0000000E+00	  0.0000000E+00	  0.1392905E+07	  0.1719467E+01
  0.3100000E+00	  0.5078000E+19	  0.4055800E+20	  0.2981000E+20	  0.4038692E+05	  0.4483910E+04	  0.3734980E+04	  0.0000000E+00	  0.0000000E+00	  0.1390972E+07	  0.1747084E+01
  0.3150000E+00	  0.5035011E+19	  0.4042320E+20	  0.2972921E+20	  0.4027015E+05	  0.4452437E+04	  0.3697874E+04	  0.0000000E+00	  0.0000000E+00	  0.1388960E+07	  0.1774538E+01
  0.3200000E+00	  0.4992000E+19	  0.4028700E+20	  0.2964700E+20	  0.4014911E+05	  0.4420830E+04	  0.3660620E+04	  0.0000000E+00	  0.0000000E+00	  0.1386871E+07	  0.1802788E+01
  0.3250000E+00	  0.4949284E+19	  0.4014888E+20	  0.2957937E+20	  0.4002427E+05	  0.4389096E+04	  0.3623226E+04	  0.0000000E+00	  0.0000000E+00	  0.1384713E+07	  0.1832876E+01
  0.3300000E+00	  0.4907000E+19	  0.4000900E+20	  0.2951000E+20	  0.3989671E+05	  0.4357240E+04	  0.3585700E+04	  0.0000000E+00	  0.0000000E+00	  0.1382505E+07	  0.1863852E+01
  0.3350000E+00	  0.4865226E+19	  0.3986764E+20	  0.2942258E+20	  0.3976753E+05	  0.4325266E+04	  0.3548051E+04	  0.0000000E+00	  0.0000000E+00	  0.1380265E+07	  0.1894682E+01
  0.3400000E+00	  0.4824000E+19	  0.3972500E+20	  0.2933300E+20	  0.3963727E+05	  0.4293180E+04	  0.3510290E+04	  0.0000000E+00	  0.0000000E+00	  0.1378002E+07	  0.1926367E+01
  0.3450000E+00	  0.4783311E+19	  0.3958117E+20	  0.2925732E+20	  0.3950626E+05	  0.4260990E+04	  0.3472429E+04	  0.0000000E+00	  0.0000000E+00	  0.1375723E+07	  0.1960002E+01
  0.3500000E+00	  0.4743000E+19	  0.3943600E+20	  0.2918000E+20	  0.3937451E+05	  0.4228700E+04	  0.3434480E+04	  0.0000000E+00	  0.0000000E+00	  0.1373427E+07	  0.1994627E+01
  0.3550000E+00	  0.4702905E+19	  0.3928931E+20	  0.2908553E+20	  0.3924199E+05	  0.4196313E+04	  0.3396451E+04	  0.0000000E+00	  0.0000000E+00	  0.1371114E+07	  0.2029202E+01
  0.3600000E+00	  0.4663000E+19	  0.3914100E+20	  0.2899000E+20	  0.3910896E+05	  0.4163840E+04	  0.3358350E+04	  0.0000000E+00	  0.0000000E+00	  0.1368788E+07	  0.2064849E+01
  0.3650000E+00	  0.4623194E+19	  0.3899108E+20	  0.2890946E+20	  0.3897574E+05	  0.4131288E+04	  0.3320182E+04	  0.0000000E+00	  0.0000000E+00	  0.1366455E+07	  0.2102774E+01
  0.3700000E+00	  0.4583000E+19	  0.3884000E+20	  0.2882800E+20	  0.3884277E+05	  0.4098660E+04	  0.3281960E+04	  0.0000000E+00	  0.0000000E+00	  0.1364122E+07	  0.2141885E+01
  0.3750000E+00	  0.4541945E+19	  0.3868810E+20	  0.2872978E+20	  0.3871037E+05	  0.4065957E+04	  0.3243696E+04	  0.0000000E+00	  0.0000000E+00	  0.1361795E+07	  0.2180999E+01
  0.3800000E+00	  0.4500000E+19	  0.3853500E+20	  0.2863100E+20	  0.3857823E+05	  0.4033190E+04	  0.3205400E+04	  0.0000000E+00	  0.0000000E+00	  0.1359469E+07	  0.2221359E+01
  0.3850000E+00	  0.4457276E+19	  0.3838025E+20	  0.2854794E+20	  0.3844594E+05	  0.4000370E+04	  0.3167082E+04	  0.0000000E+00	  0.0000000E+00	  0.1357136E+07	  0.2264326E+01
  0.3900000E+00	  0.4414000E+19	  0.3822400E+20	  0.2846500E+20	  0.3831326E+05	  0.3967500E+04	  0.3128750E+04	  0.0000000E+00	  0.0000000E+00	  0.1354792E+07	  0.2308764E+01
  0.3950000E+00	  0.4370325E+19	  0.3806651E+20	  0.2836634E+20	  0.3818011E+05	  0.3934581E+04	  0.3090413E+04	  0.0000000E+00	  0.0000000E+00	  0.1352436E+07	  0.2353403E+01
  0.4000000E+00	  0.4326000E+19	  0.3790800E+20	  0.2826700E+20	  0.3804694E+05	  0.3901620E+04	  0.3052080E+04	  0.0000000E+00	  0.0000000E+00	  0.1350075E+07	  0.2399473E+01
  0.4050000E+00	  0.4280799E+19	  0.3774858E+20	  0.2818221E+20	  0.3791423E+05	  0.3868624E+04	  0.3013763E+04	  0.0000000E+00	  0.0000000E+00	  0.1347719E+07	  0.2448340E+01
  0.4100000E+00	  0.4235000E+19	  0.3758800E+20	  0.2809700E+20	  0.3778204E+05	  0.3835600E+04	  0.2975470E+04	  0.0000000E+00	  0.0000000E+00	  0.1345367E+07	  0.2498839E+01
  0.4150000E+00	  0.4188979E+19	  0.3742605E+20	  0.2799632E+20	  0.3765018E+05	  0.3802553E+04	  0.2937212E+04	  0.0000000E+00	  0.0000000E+00	  0.1343017E+07	  0.2549675E+01
  0.4200000E+00	  0.4143000E+19	  0.3726300E+20	  0.2789500E+20	  0.3751801E+05	  0.3769490E+04	  0.2899000E+04	  0.0000000E+00	  0.0000000E+00	  0.1340658E+07	  0.2602178E+01
  0.4250000E+00	  0.4097159E+19	  0.3709909E+20	  0.2780789E+20	  0.3738486E+05	  0.3736416E+04	  0.2860843E+04	  0.0000000E+00	  0.0000000E+00	  0.1338277E+07	  0.2657814E+01
  0.4300000E+00	  0.4051000E+19	  0.3693400E+20	  0.2772000E+20	  0.3725043E+05	  0.3703340E+04	  0.2822750E+04	  0.0000000E+00	  0.0000000E+00	  0.1335869E+07	  0.2715308E+01
  0.4350000E+00	  0.4004134E+19	  0.3676748E+20	  0.2761638E+20	  0.3711449E+05	  0.3670267E+04	  0.2784729E+04	  0.0000000E+00	  0.0000000E+00	  0.1333429E+07	  0.2773253E+01
  0.4400000E+00	  0.3957000E+19	  0.3660000E+20	  0.2751200E+20	  0.3697672E+05	  0.3637200E+04	  0.2746790E+04	  0.0000000E+00	  0.0000000E+00	  0.1330952E+07	  0.2833112E+01
  0.4450000E+00	  0.3910055E+19	  0.3643199E+20	  0.2742184E+20	  0.3683680E+05	  0.3604141E+04	  0.2708945E+04	  0.0000000E+00	  0.0000000E+00	  0.1328431E+07	  0.2896505E+01
  0.4500000E+00	  0.3863000E+19	  0.3626300E+20	  0.2733100E+20	  0.3669442E+05	  0.3571100E+04	  0.2671200E+04	  0.0000000E+00	  0.0000000E+00	  0.1325861E+07	  0.2962054E+01
  0.4550000E+00	  0.3815522E+19	  0.3609255E+20	  0.2722451E+20	  0.3654939E+05	  0.3538089E+04	  0.2633563E+04	  0.0000000E+00	  0.0000000E+00	  0.1323239E+07	  0.3028221E+01
  0.4600000E+00	  0.3768000E+19	  0.3592100E+20	  0.2711700E+20	  0.3640210E+05	  0.3505110E+04	  0.2596050E+04	  0.0000000E+00	  0.0000000E+00	  0.1320570E+07	  0.3096596E+01
  0.4650000E+00	  0.3720859E+19	  0.3574880E+20	  0.2702326E+20	  0.3625305E+05	  0.3472164E+04	  0.2558674E+04	  0.0000000E+00	  0.0000000E+00	  0.1317863E+07	  0.3168944E+01
  0.4700000E+00	  0.3674000E+19	  0.3557600E+20	  0.2692900E+20	  0.3610273E+05	  0.3439260E+04	  0.2521440E+04	  0.0000000E+00	  0.0000000E+00	  0.1315128E+07	  0.3243777E+01
  0.4750000E+00	  0.3627294E+19	  0.3540249E+20	  0.2681970E+20	  0.3595159E+05	  0.3406407E+04	  0.2484350E+04	  0.0000000E+00	  0.0000000E+00	  0.1312373E+07	  0.3319417E+01
  0.4800000E+00	  0.3581000E+19	  0.3522800E+20	  0.2670900E+20	  0.3579998E+05	  0.3373610E+04	  0.2447420E+04	  0.0000000E+00	  0.0000000E+00	  0.1309603E+07	  0.3397565E+01
  0.4850000E+00	  0.3535340E+19	  0.3505235E+20	  0.2661067E+20	  0.3564830E+05	  0.3340872E+04	  0.2410665E+04	  0.0000000E+00	  0.0000000E+00	  0.1306825E+07	  0.3480121E+01
  0.4900000E+00	  0.3490000E+19	  0.3487600E+20	  0.2651100E+20	  0.3549728E+05	  0.3308200E+04	  0.2374090E+04	  0.0000000E+00	  0.0000000E+00	  0.1304054E+07	  0.3565451E+01
  0.4950000E+00	  0.3444720E+19	  0.3469935E+20	  0.2639636E+20	  0.3534763E+05	  0.3275601E+04	  0.2337701E+04	  0.0000000E+00	  0.0000000E+00	  0.1301303E+07	  0.3651742E+01
  0.5000000E+00	  0.3400000E+19	  0.3452200E+20	  0.2628100E+20	  0.3519963E+05	  0.3243080E+04	  0.2301510E+04	  0.0000000E+00	  0.0000000E+00	  0.1298575E+07	  0.3740998E+01
  0.5050000E+00	  0.3356280E+19	  0.3434350E+20	  0.2617903E+20	  0.3505333E+05	  0.3210640E+04	  0.2265531E+04	  0.0000000E+00	  0.0000000E+00	  0.1295874E+07	  0.3835438E+01
  0.5100000E+00	  0.3313000E+19	  0.3416400E+20	  0.2607600E+20	  0.3490834E+05	  0.3178290E+04	  0.2229770E+04	  0.0000000E+00	  0.0000000E+00	  0.1293191E+07	  0.3933173E+01
  0.5150000E+00	  0.3269535E+19	  0.3398379E+20	  0.2595753E+20	  0.3476421E+05	  0.3146038E+04	  0.2194236E+04	  0.0000000E+00	  0.0000000E+00	  0.1290519E+07	  0.4032065E+01
  0.5200000E+00	  0.3226000E+19	  0.3380300E+20	  0.2583800E+20	  0.3462071E+05	  0.3113890E+04	  0.2158940E+04	  0.0000000E+00	  0.0000000E+00	  0.1287852E+07	  0.4134316E+01
  0.5250000E+00	  0.3182579E+19	  0.3362172E+20	  0.2573198E+20	  0.3447759E+05	  0.3081849E+04	  0.2123896E+04	  0.0000000E+00	  0.0000000E+00	  0.1285188E+07	  0.4242426E+01
  0.5300000E+00	  0.3139000E+19	  0.3344000E+20	  0.2562600E+20	  0.3433440E+05	  0.3049920E+04	  0.2089110E+04	  0.0000000E+00	  0.0000000E+00	  0.1282516E+07	  0.4354451E+01
  0.5350000E+00	  0.3094898E+19	  0.3325783E+20	  0.2550642E+20	  0.3419059E+05	  0.3018106E+04	  0.2054588E+04	  0.0000000E+00	  0.0000000E+00	  0.1279828E+07	  0.4468167E+01
  0.5400000E+00	  0.3050000E+19	  0.3307500E+20	  0.2538700E+20	  0.3404559E+05	  0.2986420E+04	  0.2020340E+04	  0.0000000E+00	  0.0000000E+00	  0.1277111E+07	  0.4586017E+01
  0.5450000E+00	  0.3004203E+19	  0.3289135E+20	  0.2528145E+20	  0.3389889E+05	  0.2954871E+04	  0.1986376E+04	  0.0000000E+00	  0.0000000E+00	  0.1274356E+07	  0.4710737E+01
  0.5500000E+00	  0.2958000E+19	  0.3270700E+20	  0.2517600E+20	  0.3375040E+05	  0.2923460E+04	  0.1952710E+04	  0.0000000E+00	  0.0000000E+00	  0.1271562E+07	  0.4840054E+01
  0.5550000E+00	  0.2911788E+19	  0.3252215E+20	  0.2505690E+20	  0.3360023E+05	  0.2892186E+04	  0.1919353E+04	  0.0000000E+00	  0.0000000E+00	  0.1268730E+07	  0.4971377E+01
  0.5600000E+00	  0.2865000E+19	  0.3233700E+20	  0.2493800E+20	  0.3344889E+05	  0.2861060E+04	  0.1886310E+04	  0.0000000E+00	  0.0000000E+00	  0.1265870E+07	  0.5107439E+01
  0.5650000E+00	  0.2817144E+19	  0.3215167E+20	  0.2483308E+20	  0.3329692E+05	  0.2830094E+04	  0.1853587E+04	  0.0000000E+00	  0.0000000E+00	  0.1262991E+07	  0.5251318E+01
  0.5700000E+00	  0.2769000E+19	  0.3196600E+20	  0.2472800E+20	  0.3314447E+05	  0.2799290E+04	  0.1821200E+04	  0.0000000E+00	  0.0000000E+00	  0.1260096E+07	  0.5400390E+01
  0.5750000E+00	  0.2721386E+19	  0.3177979E+20	  0.2460866E+20	  0.3299164E+05	  0.2768649E+04	  0.1789163E+04	  0.0000000E+00	  0.0000000E+00	  0.1257188E+07	  0.5551662E+01
  0.5800000E+00	  0.2674000E+19	  0.3159300E+20	  0.2448900E+20	  0.3283859E+05	  0.2738180E+04	  0.1757480E+04	  0.0000000E+00	  0.0000000E+00	  0.1254268E+07	  0.5708282E+01
  0.5850000E+00	  0.2626437E+19	  0.3140569E+20	  0.2438290E+20	  0.3268544E+05	  0.2707892E+04	  0.1726154E+04	  0.0000000E+00	  0.0000000E+00	  0.1251340E+07	  0.5873793E+01
  0.5900000E+00	  0.2579000E+19	  0.3121800E+20	  0.2427600E+20	  0.3253213E+05	  0.2677790E+04	  0.1695200E+04	  0.0000000E+00	  0.0000000E+00	  0.1248402E+07	  0.6045072E+01
  0.5950000E+00	  0.2532114E+19	  0.3103009E+20	  0.2415399E+20	  0.3237847E+05	  0.2647877E+04	  0.1664634E+04	  0.0000000E+00	  0.0000000E+00	  0.1245450E+07	  0.6218545E+01
  0.6000000E+00	  0.2486000E+19	  0.3084200E+20	  0.2403100E+20	  0.3222398E+05	  0.2618160E+04	  0.1634460E+04	  0.0000000E+00	  0.0000000E+00	  0.1242475E+07	  0.6397771E+01
  0.6050000E+00	  0.2440730E+19	  0.3065372E+20	  0.2392128E+20	  0.3206802E+05	  0.2588646E+04	  0.1604684E+04	  0.0000000E+00	  0.0000000E+00	  0.1239465E+07	  0.6586846E+01
  0.6100000E+00	  0.2396000E+19	  0.3046500E+20	  0.2381100E+20	  0.3190972E+05	  0.2559340E+04	  0.1575320E+04	  0.0000000E+00	  0.0000000E+00	  0.1236402E+07	  0.6782411E+01
  0.6150000E+00	  0.2351465E+19	  0.3027565E+20	  0.2368628E+20	  0.3174829E+05	  0.2530249E+04	  0.1546380E+04	  0.0000000E+00	  0.0000000E+00	  0.1233270E+07	  0.6980555E+01
  0.6200000E+00	  0.2307000E+19	  0.3008600E+20	  0.2356100E+20	  0.3158370E+05	  0.2501380E+04	  0.1517870E+04	  0.0000000E+00	  0.0000000E+00	  0.1230069E+07	  0.7185190E+01
  0.6250000E+00	  0.2262536E+19	  0.2989644E+20	  0.2344910E+20	  0.3141616E+05	  0.2472740E+04	  0.1489796E+04	  0.0000000E+00	  0.0000000E+00	  0.1226803E+07	  0.7400780E+01
  0.6300000E+00	  0.2218000E+19	  0.2970700E+20	  0.2333700E+20	  0.3124630E+05	  0.2444330E+04	  0.1462170E+04	  0.0000000E+00	  0.0000000E+00	  0.1223482E+07	  0.7623428E+01
  0.6350000E+00	  0.2173266E+19	  0.2951760E+20	  0.2321120E+20	  0.3107477E+05	  0.2416154E+04	  0.1435006E+04	  0.0000000E+00	  0.0000000E+00	  0.1220119E+07	  0.7848682E+01
  0.6400000E+00	  0.2128000E+19	  0.2932800E+20	  0.2308600E+20	  0.3090200E+05	  0.2388220E+04	  0.1408310E+04	  0.0000000E+00	  0.0000000E+00	  0.1216722E+07	  0.8081272E+01
  0.6450000E+00	  0.2081900E+19	  0.2913805E+20	  0.2297560E+20	  0.3072852E+05	  0.2360537E+04	  0.1382087E+04	  0.0000000E+00	  0.0000000E+00	  0.1213302E+07	  0.8326536E+01
  0.6500000E+00	  0.2035000E+19	  0.2894800E+20	  0.2286600E+20	  0.3055538E+05	  0.2333110E+04	  0.1356350E+04	  0.0000000E+00	  0.0000000E+00	  0.1209879E+07	  0.8579754E+01
  0.6550000E+00	  0.1987386E+19	  0.2875808E+20	  0.2274314E+20	  0.3038379E+05	  0.2305945E+04	  0.1331113E+04	  0.0000000E+00	  0.0000000E+00	  0.1206477E+07	  0.8835453E+01
  0.6600000E+00	  0.1939000E+19	  0.2856800E+20	  0.2262100E+20	  0.3021489E+05	  0.2279050E+04	  0.1306380E+04	  0.0000000E+00	  0.0000000E+00	  0.1203119E+07	  0.9098893E+01
  0.6650000E+00	  0.1889809E+19	  0.2837751E+20	  0.2251359E+20	  0.3004958E+05	  0.2252431E+04	  0.1282154E+04	  0.0000000E+00	  0.0000000E+00	  0.1199823E+07	  0.9376078E+01
  0.6700000E+00	  0.1840000E+19	  0.2818700E+20	  0.2240700E+20	  0.2988779E+05	  0.2226090E+04	  0.1258450E+04	  0.0000000E+00	  0.0000000E+00	  0.1196589E+07	  0.9661438E+01
  0.6750000E+00	  0.1789756E+19	  0.2799689E+20	  0.2228727E+20	  0.2972919E+05	  0.2200030E+04	  0.1235285E+04	  0.0000000E+00	  0.0000000E+00	  0.1193410E+07	  0.9948493E+01
  0.6800000E+00	  0.1739000E+19	  0.2780700E+20	  0.2216800E+20	  0.2957348E+05	  0.2174260E+04	  0.1212660E+04	  0.0000000E+00	  0.0000000E+00	  0.1190281E+07	  0.1024294E+02
  0.6850000E+00	  0.1687669E+19	  0.2761704E+20	  0.2206285E+20	  0.2942046E+05	  0.2148788E+04	  0.1190578E+04	  0.0000000E+00	  0.0000000E+00	  0.1187197E+07	  0.1055136E+02
  0.6900000E+00	  0.1636000E+19	  0.2742700E+20	  0.2195800E+20	  0.2927036E+05	  0.2123620E+04	  0.1169050E+04	  0.0000000E+00	  0.0000000E+00	  0.1184165E+07	  0.1086740E+02
  0.6950000E+00	  0.1584317E+19	  0.2723693E+20	  0.2183959E+20	  0.2912326E+05	  0.2098759E+04	  0.1148088E+04	  0.0000000E+00	  0.0000000E+00	  0.1181186E+07	  0.1118367E+02
  0.7000000E+00	  0.1533000E+19	  0.2704700E+20	  0.2172100E+20	  0.2897819E+05	  0.2074210E+04	  0.1127700E+04	  0.0000000E+00	  0.0000000E+00	  0.1178240E+07	  0.1150618E+02
  0.7050000E+00	  0.1482312E+19	  0.2685736E+20	  0.2161565E+20	  0.2883404E+05	  0.2049978E+04	  0.1107891E+04	  0.0000000E+00	  0.0000000E+00	  0.1175306E+07	  0.1184187E+02
  0.7100000E+00	  0.1432000E+19	  0.2666800E+20	  0.2151000E+20	  0.2869021E+05	  0.2026070E+04	  0.1088670E+04	  0.0000000E+00	  0.0000000E+00	  0.1172371E+07	  0.1218334E+02
  0.7150000E+00	  0.1381808E+19	  0.2647887E+20	  0.2139054E+20	  0.2854656E+05	  0.2002496E+04	  0.1070046E+04	  0.0000000E+00	  0.0000000E+00	  0.1169432E+07	  0.1252217E+02
  0.7200000E+00	  0.1332000E+19	  0.2629000E+20	  0.2127100E+20	  0.2840440E+05	  0.1979260E+04	  0.1052020E+04	  0.0000000E+00	  0.0000000E+00	  0.1166517E+07	  0.1286537E+02
  0.7250000E+00	  0.1282829E+19	  0.2610140E+20	  0.2116505E+20	  0.2826529E+05	  0.1956367E+04	  0.1034595E+04	  0.0000000E+00	  0.0000000E+00	  0.1163657E+07	  0.1322090E+02
  0.7300000E+00	  0.1234000E+19	  0.2591300E+20	  0.2105900E+20	  0.2813040E+05	  0.1933820E+04	  0.1017780E+04	  0.0000000E+00	  0.0000000E+00	  0.1160877E+07	  0.1358001E+02
  0.7350000E+00	  0.1185251E+19	  0.2572480E+20	  0.2093912E+20	  0.2800091E+05	  0.1911622E+04	  0.1001584E+04	  0.0000000E+00	  0.0000000E+00	  0.1158202E+07	  0.1393272E+02
  0.7400000E+00	  0.1137000E+19	  0.2553700E+20	  0.2081900E+20	  0.2787845E+05	  0.1889780E+04	  0.9860100E+03	  0.0000000E+00	  0.0000000E+00	  0.1155666E+07	  0.1428660E+02
  0.7450000E+00	  0.1089667E+19	  0.2534979E+20	  0.2071223E+20	  0.2776501E+05	  0.1868298E+04	  0.9710584E+03	  0.0000000E+00	  0.0000000E+00	  0.1153313E+07	  0.1465026E+02
  0.7500000E+00	  0.1043000E+19	  0.2516300E+20	  0.2060500E+20	  0.2766368E+05	  0.1847180E+04	  0.9567300E+03	  0.0000000E+00	  0.0000000E+00	  0.1151206E+07	  0.1501367E+02
  0.7550000E+00	  0.9967045E+18	  0.2497643E+20	  0.2048358E+20	  0.2757757E+05	  0.1826428E+04	  0.9430246E+03	  0.0000000E+00	  0.0000000E+00	  0.1149413E+07	  0.1536568E+02
  0.7600000E+00	  0.9510000E+18	  0.2479000E+20	  0.2036200E+20	  0.2750891E+05	  0.1806050E+04	  0.9299400E+03	  0.0000000E+00	  0.0000000E+00	  0.1147981E+07	  0.1571529E+02
  0.7650000E+00	  0.9061399E+18	  0.2460374E+20	  0.2025421E+20	  0.2745950E+05	  0.1786051E+04	  0.9174732E+03	  0.0000000E+00	  0.0000000E+00	  0.1146950E+07	  0.1607256E+02
  0.7700000E+00	  0.8620000E+18	  0.2441800E+20	  0.2014600E+20	  0.2743020E+05	  0.1766430E+04	  0.9056200E+03	  0.0000000E+00	  0.0000000E+00	  0.1146338E+07	  0.1642558E+02
  0.7750000E+00	  0.8184862E+18	  0.2423312E+20	  0.2002321E+20	  0.2742160E+05	  0.1747183E+04	  0.8943740E+03	  0.0000000E+00	  0.0000000E+00	  0.1146158E+07	  0.1676125E+02
  0.7800000E+00	  0.7760000E+18	  0.2404900E+20	  0.1990000E+20	  0.2743411E+05	  0.1728310E+04	  0.8837200E+03	  0.0000000E+00	  0.0000000E+00	  0.1146420E+07	  0.1709011E+02
  0.7850000E+00	  0.7349154E+18	  0.2386540E+20	  0.1979045E+20	  0.2746767E+05	  0.1709813E+04	  0.8736409E+03	  0.0000000E+00	  0.0000000E+00	  0.1147120E+07	  0.1742402E+02
  0.7900000E+00	  0.6950000E+18	  0.2368200E+20	  0.1968000E+20	  0.2752057E+05	  0.1691690E+04	  0.8641200E+03	  0.0000000E+00	  0.0000000E+00	  0.1148225E+07	  0.1775033E+02
  0.7950000E+00	  0.6559773E+18	  0.2349867E+20	  0.1955424E+20	  0.2759070E+05	  0.1673938E+04	  0.8551375E+03	  0.0000000E+00	  0.0000000E+00	  0.1149687E+07	  0.1805529E+02
  0.8000000E+00	  0.6180000E+18	  0.2331600E+20	  0.1942800E+20	  0.2767591E+05	  0.1656550E+04	  0.8466600E+03	  0.0000000E+00	  0.0000000E+00	  0.1151461E+07	  0.1835149E+02
  0.8050000E+00	  0.5813005E+18	  0.2313456E+20	  0.1931598E+20	  0.2777428E+05	  0.1639513E+04	  0.8386492E+03	  0.0000000E+00	  0.0000000E+00	  0.1153505E+07	  0.1865288E+02
  0.8100000E+00	  0.5460000E+18	  0.2295400E+20	  0.1920300E+20	  0.2788469E+05	  0.1622810E+04	  0.8310600E+03	  0.0000000E+00	  0.0000000E+00	  0.1155796E+07	  0.1894624E+02
  0.8150000E+00	  0.5121958E+18	  0.2277384E+20	  0.1907397E+20	  0.2800616E+05	  0.1606419E+04	  0.8238433E+03	  0.0000000E+00	  0.0000000E+00	  0.1158310E+07	  0.1921758E+02
  0.8200000E+00	  0.4800000E+18	  0.2259400E+20	  0.1894400E+20	  0.2813741E+05	  0.1590320E+04	  0.8169400E+03	  0.0000000E+00	  0.0000000E+00	  0.1161021E+07	  0.1948293E+02
  0.8250000E+00	  0.4494163E+18	  0.2241457E+20	  0.1882828E+20	  0.2827699E+05	  0.1574488E+04	  0.8102839E+03	  0.0000000E+00	  0.0000000E+00	  0.1163897E+07	  0.1975992E+02
  0.8300000E+00	  0.4200000E+18	  0.2223600E+20	  0.1871200E+20	  0.2842293E+05	  0.1558880E+04	  0.8037900E+03	  0.0000000E+00	  0.0000000E+00	  0.1166897E+07	  0.2003598E+02
  0.8350000E+00	  0.3913891E+18	  0.2205863E+20	  0.1858029E+20	  0.2857351E+05	  0.1543445E+04	  0.7973674E+03	  0.0000000E+00	  0.0000000E+00	  0.1169984E+07	  0.2029772E+02
  0.8400000E+00	  0.3640000E+18	  0.2188200E+20	  0.1844800E+20	  0.2872838E+05	  0.1528120E+04	  0.7909200E+03	  0.0000000E+00	  0.0000000E+00	  0.1173150E+07	  0.2056479E+02
  0.8450000E+00	  0.3382772E+18	  0.2170567E+20	  0.1832993E+20	  0.2888765E+05	  0.1512831E+04	  0.7843478E+03	  0.0000000E+00	  0.0000000E+00	  0.1176398E+07	  0.2085861E+02
  0.8500000E+00	  0.3140000E+18	  0.2153000E+20	  0.1821100E+20	  0.2905181E+05	  0.1497480E+04	  0.7775400E+03	  0.0000000E+00	  0.0000000E+00	  0.1179736E+07	  0.2116735E+02
  0.8550000E+00	  0.2908771E+18	  0.2135543E+20	  0.1807624E+20	  0.2922114E+05	  0.1481955E+04	  0.7703865E+03	  0.0000000E+00	  0.0000000E+00	  0.1183169E+07	  0.2147819E+02
  0.8600000E+00	  0.2690000E+18	  0.2118200E+20	  0.1794100E+20	  0.2939471E+05	  0.1466110E+04	  0.7627900E+03	  0.0000000E+00	  0.0000000E+00	  0.1186678E+07	  0.2181389E+02
  0.8650000E+00	  0.2484643E+18	  0.2100959E+20	  0.1782060E+20	  0.2957159E+05	  0.1449777E+04	  0.7546601E+03	  0.0000000E+00	  0.0000000E+00	  0.1190243E+07	  0.2219926E+02
  0.8700000E+00	  0.2290000E+18	  0.2083800E+20	  0.1770000E+20	  0.2975199E+05	  0.1432750E+04	  0.7459200E+03	  0.0000000E+00	  0.0000000E+00	  0.1193868E+07	  0.2262245E+02
  0.8750000E+00	  0.2103907E+18	  0.2066708E+20	  0.1756412E+20	  0.2993681E+05	  0.1414794E+04	  0.7365082E+03	  0.0000000E+00	  0.0000000E+00	  0.1197570E+07	  0.2306970E+02
  0.8800000E+00	  0.1930000E+18	  0.2049700E+20	  0.1742800E+20	  0.3012848E+05	  0.1395610E+04	  0.7264100E+03	  0.0000000E+00	  0.0000000E+00	  0.1201398E+07	  0.2356380E+02
  0.8850000E+00	  0.1770979E+18	  0.2032797E+20	  0.1730666E+20	  0.3032984E+05	  0.1374870E+04	  0.7156335E+03	  0.0000000E+00	  0.0000000E+00	  0.1205406E+07	  0.2412927E+02
  0.8900000E+00	  0.1620000E+18	  0.2016000E+20	  0.1718500E+20	  0.3054369E+05	  0.1352190E+04	  0.7042300E+03	  0.0000000E+00	  0.0000000E+00	  0.1209648E+07	  0.2474845E+02
  0.8950000E+00	  0.1470927E+18	  0.1999303E+20	  0.1704797E+20	  0.3077206E+05	  0.1327158E+04	  0.6922740E+03	  0.0000000E+00	  0.0000000E+00	  0.1214161E+07	  0.2540025E+02
  0.9000000E+00	  0.1330000E+18	  0.1982700E+20	  0.1691100E+20	  0.3101392E+05	  0.1299310E+04	  0.6798900E+03	  0.0000000E+00	  0.0000000E+00	  0.1218924E+07	  0.2610449E+02
  0.9050000E+00	  0.1204062E+18	  0.1966192E+20	  0.1678945E+20	  0.3126788E+05	  0.1268170E+04	  0.6672180E+03	  0.0000000E+00	  0.0000000E+00	  0.1223904E+07	  0.2688252E+02
  0.9100000E+00	  0.1090000E+18	  0.1949800E+20	  0.1666800E+20	  0.3153427E+05	  0.1233270E+04	  0.6544100E+03	  0.0000000E+00	  0.0000000E+00	  0.1229107E+07	  0.2770635E+02
  0.9150000E+00	  0.9828245E+17	  0.1933544E+20	  0.1653136E+20	  0.3181368E+05	  0.1194176E+04	  0.6416217E+03	  0.0000000E+00	  0.0000000E+00	  0.1234540E+07	  0.2854281E+02
  0.9200000E+00	  0.8800000E+17	  0.1917400E+20	  0.1639500E+20	  0.3210593E+05	  0.1150580E+04	  0.6290100E+03	  0.0000000E+00	  0.0000000E+00	  0.1240197E+07	  0.2940852E+02
  0.9250000E+00	  0.7808901E+17	  0.1901346E+20	  0.1627438E+20	  0.3240975E+05	  0.1102279E+04	  0.6167254E+03	  0.0000000E+00	  0.0000000E+00	  0.1246052E+07	  0.3032259E+02
  0.9300000E+00	  0.6900000E+17	  0.1885400E+20	  0.1615400E+20	  0.3272039E+05	  0.1049350E+04	  0.6048900E+03	  0.0000000E+00	  0.0000000E+00	  0.1252009E+07	  0.3124804E+02
  0.9350000E+00	  0.6111153E+17	  0.1869585E+20	  0.1601838E+20	  0.3303273E+05	  0.9920458E+03	  0.5936105E+03	  0.0000000E+00	  0.0000000E+00	  0.1257970E+07	  0.3214267E+02
  0.9400000E+00	  0.5400000E+17	  0.1853900E+20	  0.1588300E+20	  0.3334377E+05	  0.9310300E+03	  0.5829600E+03	  0.0000000E+00	  0.0000000E+00	  0.1263879E+07	  0.3302547E+02
  0.9450000E+00	  0.4721489E+17	  0.1838339E+20	  0.1576334E+20	  0.3365193E+05	  0.8671579E+03	  0.5729950E+03	  0.0000000E+00	  0.0000000E+00	  0.1269706E+07	  0.3392010E+02
  0.9500000E+00	  0.4100000E+17	  0.1822900E+20	  0.1564400E+20	  0.3395923E+05	  0.8016400E+03	  0.5637400E+03	  0.0000000E+00	  0.0000000E+00	  0.1275490E+07	  0.3478785E+02
  0.9550000E+00	  0.3565392E+17	  0.1807584E+20	  0.1550965E+20	  0.3426761E+05	  0.7357949E+03	  0.5552069E+03	  0.0000000E+00	  0.0000000E+00	  0.1281268E+07	  0.3558625E+02
  0.9600000E+00	  0.3100000E+17	  0.1792400E+20	  0.1537600E+20	  0.3457505E+05	  0.6710200E+03	  0.5473900E+03	  0.0000000E+00	  0.0000000E+00	  0.1287003E+07	  0.3634327E+02
  0.9650000E+00	  0.2679444E+17	  0.1777351E+20	  0.1525869E+20	  0.3487777E+05	  0.6086699E+03	  0.5402736E+03	  0.0000000E+00	  0.0000000E+00	  0.1292625E+07	  0.3709234E+02
  0.9700000E+00	  0.2300000E+17	  0.1762400E+20	  0.1514200E+20	  0.3516885E+05	  0.5498500E+03	  0.5338200E+03	  0.0000000E+00	  0.0000000E+00	  0.1298008E+07	  0.3779613E+02
  0.9750000E+00	  0.1966832E+17	  0.1747548E+20	  0.1501022E+20	  0.3544381E+05	  0.4955028E+03	  0.5279876E+03	  0.0000000E+00	  0.0000000E+00	  0.1303072E+07	  0.3841344E+02
  0.9800000E+00	  0.1700000E+17	  0.1733000E+20	  0.1487900E+20	  0.3571094E+05	  0.4461700E+03	  0.5227400E+03	  0.0000000E+00	  0.0000000E+00	  0.1307973E+07	  0.3897691E+02
  0.9850000E+00	  0.1515726E+17	  0.1719431E+20	  0.1476942E+20	  0.3597388E+05	  0.4021850E+03	  0.5180397E+03	  0.0000000E+00	  0.0000000E+00	  0.1312780E+07	  0.3952710E+02
  0.9900000E+00	  0.1400000E+17	  0.1709200E+20	  0.1469300E+20	  0.3620478E+05	  0.3634500E+03	  0.5138400E+03	  0.0000000E+00	  0.0000000E+00	  0.1316986E+07	  0.4004392E+02
  0.9950000E+00	  0.1332762E+17	  0.1705003E+20	  0.1465935E+20	  0.3636948E+05	  0.3297809E+03	  0.5100923E+03	  0.0000000E+00	  0.0000000E+00	  0.1319978E+07	  0.4049275E+02
  0.1000000E+01	  0.1300000E+17	  0.1709200E+20	  0.1468000E+20	  0.3644014E+05	  0.3010800E+03	  0.5067500E+03	  0.0000000E+00	  0.0000000E+00	  0.1321260E+07	  0.4085107E+02
