r	R  8/ 8	R  9/ 8	R 10/ 8	R 11/ 8	I  8/ 8	I  9/ 8	I 10/ 8	I 11/ 8
 0.000000E+00	 0.00000000E+00	 0.00000000E+00	 0.00000000E+00	 0.00000000E+00	 0.00000000E+00	 0.00000000E+00	 0.00000000E+00	 0.00000000E+00
 5.000000E-03	-7.06684134E-21	-7.36704244E-22	 5.40963615E-21	 4.58297272E-22	 1.06149549E-17	-7.15013432E-19	-5.13970008E-18	-5.36993755E-21
 1.000000E-02	-1.66031929E-19	-1.43857466E-20	 5.60411815E-20	 5.77890090E-21	 1.88128535E-16	-6.31710561E-18	-4.48361853E-17	-1.50486091E-18
 1.500000E-02	-1.59586817E-18	-1.57223980E-19	 3.04244600E-19	 4.25235256E-20	 1.58894800E-15	-1.83751941E-17	-2.23089956E-16	-1.39820463E-17
 2.000000E-02	-9.23314367E-18	-1.09088110E-18	 1.03971104E-18	 1.94590131E-19	 8.59067314E-15	 4.97746471E-17	-7.81430385E-16	-7.09047951E-17
 2.500000E-02	-3.80292566E-17	-5.40087219E-18	 2.26620035E-18	 6.12525858E-19	 3.44090443E-14	 7.13696837E-16	-2.15332241E-15	-2.56508782E-16
 3.000000E-02	-1.22313489E-16	-2.05890805E-17	 1.99345980E-18	 1.12223232E-18	 1.11222798E-13	 3.81352747E-15	-4.97152904E-15	-7.42009808E-16
 3.500000E-02	-3.27708319E-16	-6.45490304E-17	-5.81921174E-18	 3.46897386E-19	 3.06371844E-13	 1.43903757E-14	-9.96344294E-15	-1.82367470E-15
 4.000000E-02	-7.69619275E-16	-1.74765668E-16	-3.25442630E-17	-5.04760617E-18	 7.45992873E-13	 4.41022387E-14	-1.76253193E-14	-3.94472696E-15
 4.500000E-02	-1.63797853E-15	-4.19941771E-16	-1.03613931E-16	-2.41202981E-17	 1.64729422E-12	 1.16875062E-13	-2.75048020E-14	-7.67032452E-15
 5.000000E-02	-3.21448794E-15	-9.12215252E-16	-2.78018524E-16	-8.01987721E-17	 3.36045089E-12	 2.77586060E-13	-3.68552086E-14	-1.35580117E-14
 5.500000E-02	-5.86871752E-15	-1.81563066E-15	-6.77449681E-16	-2.26660996E-16	 6.42080993E-12	 6.04669090E-13	-3.83466664E-14	-2.18381615E-14
 6.000000E-02	-1.00234732E-14	-3.34750532E-15	-1.51458870E-15	-5.72123640E-16	 1.16117018E-11	 1.22759998E-12	-1.64294739E-14	-3.17889649E-14
 6.500000E-02	-1.61499840E-14	-5.80852654E-15	-3.04152524E-15	-1.26763833E-15	 2.00376373E-11	 2.35026241E-12	 5.81198487E-14	-4.06145787E-14
 7.000000E-02	-2.48843521E-14	-9.63931657E-15	-5.46825229E-15	-2.46925440E-15	 3.32071135E-11	 4.28146851E-12	 2.36131276E-13	-4.15957011E-14
 7.500000E-02	-3.71511519E-14	-1.54368489E-14	-9.02692957E-15	-4.37051377E-15	 5.31238702E-11	 7.47369420E-12	 6.01225100E-13	-2.12279450E-14
 8.000000E-02	-5.41811483E-14	-2.39486884E-14	-1.40848520E-14	-7.27437052E-15	 8.23846873E-11	 1.25703627E-11	 1.28486498E-12	 4.50491179E-14
 8.500000E-02	-7.74644549E-14	-3.60045222E-14	-2.12581145E-14	-1.17319271E-14	 1.24282603E-10	 2.04624260E-11	 2.48602307E-12	 1.98922437E-13
 9.000000E-02	-1.08576218E-13	-5.23645920E-14	-3.15412977E-14	-1.86853620E-14	 1.82912234E-10	 3.23541920E-11	 4.49602127E-12	 5.07453208E-13
 9.500000E-02	-1.48840805E-13	-7.34750737E-14	-4.63927410E-14	-2.95797470E-14	 2.63276852E-10	 4.98388388E-11	 7.72928998E-12	 1.07377474E-12
 1.000000E-01	-1.98966256E-13	-9.92662576E-14	-6.75196303E-14	-4.63458208E-14	 3.71395257E-10	 7.49839664E-11	 1.27609404E-11	 2.05052828E-12
 1.050000E-01	-2.59706759E-13	-1.30003205E-13	-9.54866323E-14	-7.02297724E-14	 5.14422669E-10	 1.10432145E-10	 2.03723622E-11	 3.65666430E-12
 1.100000E-01	-3.33791875E-13	-1.67406184E-13	-1.28787764E-13	-1.00808454E-13	 7.00768112E-10	 1.59519334E-10	 3.16083658E-11	 6.19879614E-12
 1.150000E-01	-4.25891699E-13	-2.13300535E-13	-1.66178048E-13	-1.38148940E-13	 9.40223577E-10	 2.26414078E-10	 4.78492663E-11	 1.00988998E-11
 1.200000E-01	-5.39997223E-13	-2.67537386E-13	-2.08757060E-13	-1.84803082E-13	 1.24406163E-09	 3.16254670E-10	 7.08900094E-11	 1.59273923E-11
 1.250000E-01	-6.78441192E-13	-3.28262952E-13	-2.58209422E-13	-2.44116850E-13	 1.62496239E-09	 4.35244710E-10	 1.03015800E-10	 2.44376895E-11
 1.300000E-01	-8.43098413E-13	-3.93250289E-13	-3.14517696E-13	-3.17755754E-13	 2.09703285E-09	 5.90781862E-10	 1.47093760E-10	 3.66057591E-11
 1.350000E-01	-1.03733599E-12	-4.62682820E-13	-3.74669452E-13	-4.02662493E-13	 2.67590298E-09	 7.91622341E-10	 2.06684186E-10	 5.36766680E-11
 1.400000E-01	-1.26881511E-12	-5.42155682E-13	-4.32591266E-13	-4.89715790E-13	 3.37870506E-09	 1.04803223E-09	 2.86164065E-10	 7.72184137E-11
 1.450000E-01	-1.54995299E-12	-6.41203669E-13	-4.81984769E-13	-5.68264641E-13	 4.22393976E-09	 1.37191306E-09	 3.90878373E-10	 1.09192214E-10
 1.500000E-01	-1.89489632E-12	-7.69044387E-13	-5.20079368E-13	-6.31289616E-13	 5.23091658E-09	 1.77677851E-09	 5.27298921E-10	 1.52038381E-10
 1.550000E-01	-2.31305537E-12	-9.24702433E-13	-5.51689646E-13	-6.82869685E-13	 6.41989109E-09	 2.27788027E-09	 7.03107531E-10	 2.08747354E-10
 1.600000E-01	-2.80127614E-12	-1.09108122E-12	-5.87085608E-13	-7.36786075E-13	 7.81222886E-09	 2.89233141E-09	 9.27281994E-10	 2.82924100E-10
 1.650000E-01	-3.35617834E-12	-1.26939150E-12	-6.26851303E-13	-7.79316701E-13	 9.42976481E-09	 3.63900220E-09	 1.21023623E-09	 3.78865808E-10
 1.700000E-01	-4.00190775E-12	-1.51392527E-12	-6.59736491E-13	-7.54272912E-13	 1.12942501E-08	 4.53847656E-09	 1.56397116E-09	 5.01659210E-10
 1.750000E-01	-4.77620207E-12	-1.87612163E-12	-6.89983411E-13	-6.37448980E-13	 1.34265083E-08	 5.61280411E-09	 2.00212501E-09	 6.57285211E-10
 1.800000E-01	-5.68479749E-12	-2.33598923E-12	-7.48470870E-13	-4.84338419E-13	 1.58485040E-08	 6.88599291E-09	 2.53983232E-09	 8.52650317E-10
 1.850000E-01	-6.70630461E-12	-2.85169216E-12	-8.64779369E-13	-3.53240194E-13	 1.85847161E-08	 8.38455879E-09	 3.19400542E-09	 1.09570542E-09
 1.900000E-01	-7.83449700E-12	-3.43356515E-12	-1.05102274E-12	-2.43674285E-13	 2.16587528E-08	 1.01366432E-08	 3.98382011E-09	 1.39570512E-09
 1.950000E-01	-9.08359336E-12	-4.12771146E-12	-1.32025428E-12	-1.37912310E-13	 2.50922816E-08	 1.21715224E-08	 4.93061761E-09	 1.76335056E-09
 2.000000E-01	-1.04685935E-11	-4.97616253E-12	-1.69991303E-12	-4.50740056E-14	 2.89061824E-08	 1.45197335E-08	 6.05770078E-09	 2.21087176E-09
 2.050000E-01	-1.19993954E-11	-6.00366405E-12	-2.22155643E-12	-4.55306810E-15	 3.31198202E-08	 1.72124893E-08	 7.39025614E-09	 2.75215755E-09
 2.100000E-01	-1.36805018E-11	-7.21162127E-12	-2.90807376E-12	-7.82489865E-14	 3.77489597E-08	 2.02804214E-08	 8.95501277E-09	 3.40278256E-09
 2.150000E-01	-1.55112830E-11	-8.57669679E-12	-3.76679720E-12	-3.38119999E-13	 4.28068705E-08	 2.37536707E-08	 1.07796883E-08	 4.17976829E-09
 2.200000E-01	-1.74882383E-11	-1.00558027E-11	-4.78459317E-12	-8.48444846E-13	 4.83061949E-08	 2.76625286E-08	 1.28928206E-08	 5.10142486E-09
 2.250000E-01	-1.96103118E-11	-1.16155113E-11	-5.93637477E-12	-1.63824557E-12	 5.42581616E-08	 3.20369865E-08	 1.53237674E-08	 6.18734460E-09
 2.300000E-01	-2.18878542E-11	-1.32616921E-11	-7.20150341E-12	-2.69194105E-12	 6.06734181E-08	 3.69070331E-08	 1.81025868E-08	 7.45825748E-09
 2.350000E-01	-2.43405117E-11	-1.50161303E-11	-8.56437217E-12	-3.97695598E-12	 6.75633534E-08	 4.23033448E-08	 2.12601074E-08	 8.93591311E-09
 2.400000E-01	-2.69878535E-11	-1.68878570E-11	-1.00024094E-11	-5.45374776E-12	 7.49379382E-08	 4.82560070E-08	 2.48276700E-08	 1.06429737E-08
 2.450000E-01	-2.98554322E-11	-1.89041684E-11	-1.14798192E-11	-7.04247229E-12	 8.28046114E-08	 5.47934842E-08	 2.88365049E-08	 1.26026372E-08
 2.500000E-01	-3.29867090E-11	-2.11173212E-11	-1.29443245E-11	-8.63521277E-12	 9.11693773E-08	 6.19429048E-08	 3.33172899E-08	 1.48380978E-08
 2.550000E-01	-3.64292291E-11	-2.34234201E-11	-1.42562088E-11	-1.02048586E-11	 1.00035113E-07	 6.97288444E-08	 3.82994213E-08	 1.73719685E-08
 2.600000E-01	-4.01987122E-11	-2.54662060E-11	-1.51454558E-11	-1.17541887E-11	 1.09403853E-07	 7.81742161E-08	 4.38108617E-08	 2.02259510E-08
 2.650000E-01	-4.42820779E-11	-2.72335148E-11	-1.55854962E-11	-1.30050096E-11	 1.19281227E-07	 8.73032203E-08	 4.98794602E-08	 2.34210600E-08
 2.700000E-01	-4.87126698E-11	-2.95571654E-11	-1.61543527E-11	-1.35150655E-11	 1.29673895E-07	 9.71404809E-08	 5.65332958E-08	 2.69774603E-08
 2.750000E-01	-5.36015281E-11	-3.30250630E-11	-1.72953685E-11	-1.33556729E-11	 1.40588248E-07	 1.07710265E-07	 6.38003930E-08	 3.09143245E-08
 2.800000E-01	-5.90297505E-11	-3.68722537E-11	-1.84719009E-11	-1.30647741E-11	 1.52030458E-07	 1.19035907E-07	 7.17076985E-08	 3.52495217E-08
 2.850000E-01	-6.49604809E-11	-4.03073485E-11	-1.91331037E-11	-1.27648777E-11	 1.64003218E-07	 1.31137649E-07	 8.02791537E-08	 3.99981975E-08
 2.900000E-01	-7.13237409E-11	-4.40405861E-11	-1.99337158E-11	-1.21463465E-11	 1.76504815E-07	 1.44035426E-07	 8.95386712E-08	 4.51739115E-08
 2.950000E-01	-7.81339715E-11	-4.90228007E-11	-2.17396534E-11	-1.13213248E-11	 1.89521569E-07	 1.57744816E-07	 9.95085259E-08	 5.07884195E-08
 3.000000E-01	-8.54640861E-11	-5.48627253E-11	-2.42726614E-11	-1.08305295E-11	 2.03037088E-07	 1.72280280E-07	 1.10208943E-07	 5.68525094E-08
 3.050000E-01	-9.33378147E-11	-6.08098984E-11	-2.69130273E-11	-1.09123038E-11	 2.17054324E-07	 1.87672569E-07	 1.21668333E-07	 6.33821401E-08
 3.100000E-01	-1.01709344E-10	-6.70763532E-11	-2.98780217E-11	-1.14450170E-11	 2.31582645E-07	 2.03964246E-07	 1.33922598E-07	 7.03979647E-08
 3.150000E-01	-1.10567649E-10	-7.41721939E-11	-3.36206639E-11	-1.23911251E-11	 2.46636209E-07	 2.21212632E-07	 1.47018792E-07	 7.79276389E-08
 3.200000E-01	-1.19992436E-10	-8.19543193E-11	-3.79089015E-11	-1.37742925E-11	 2.62230364E-07	 2.39485256E-07	 1.61011338E-07	 8.60031445E-08
 3.250000E-01	-1.30082530E-10	-9.00398805E-11	-4.22201846E-11	-1.54014150E-11	 2.78361244E-07	 2.58841263E-07	 1.75949422E-07	 9.46514176E-08
 3.300000E-01	-1.40907631E-10	-9.84297350E-11	-4.63946730E-11	-1.69178942E-11	 2.95013650E-07	 2.79342354E-07	 1.91889736E-07	 1.03900346E-07
 3.350000E-01	-1.52538708E-10	-1.07275070E-10	-5.04554393E-11	-1.80318550E-11	 3.12152486E-07	 3.01046350E-07	 2.08898835E-07	 1.13780220E-07
 3.400000E-01	-1.65062808E-10	-1.16545575E-10	-5.42946340E-11	-1.85350359E-11	 3.29714433E-07	 3.23993614E-07	 2.27045388E-07	 1.24318874E-07
 3.450000E-01	-1.78509639E-10	-1.26334489E-10	-5.79924413E-11	-1.82058804E-11	 3.47608948E-07	 3.48204400E-07	 2.46395511E-07	 1.35538022E-07
 3.500000E-01	-1.92833522E-10	-1.37121094E-10	-6.20677441E-11	-1.69086240E-11	 3.65724924E-07	 3.73693942E-07	 2.67020719E-07	 1.47460371E-07
 3.550000E-01	-2.08149801E-10	-1.48978374E-10	-6.64229822E-11	-1.46201068E-11	 3.83943335E-07	 4.00489630E-07	 2.89000274E-07	 1.60116996E-07
 3.600000E-01	-2.24850840E-10	-1.60907004E-10	-6.95393016E-11	-1.10972545E-11	 4.02150172E-07	 4.28636285E-07	 3.12406145E-07	 1.73544800E-07
 3.650000E-01	-2.43070157E-10	-1.72340945E-10	-7.08244769E-11	-6.21335346E-12	 4.20265349E-07	 4.58223281E-07	 3.37310037E-07	 1.87794599E-07
 3.700000E-01	-2.62249880E-10	-1.84702905E-10	-7.28636058E-11	-9.28084594E-13	 4.38218348E-07	 4.89368744E-07	 3.63775054E-07	 2.02922342E-07
 3.750000E-01	-2.81738718E-10	-1.99869077E-10	-7.87466773E-11	 3.26371758E-12	 4.55892890E-07	 5.22172451E-07	 3.91844030E-07	 2.18970904E-07
 3.800000E-01	-3.01476081E-10	-2.18115409E-10	-8.87477701E-11	 5.79677542E-12	 4.73129735E-07	 5.56727859E-07	 4.21588358E-07	 2.35987472E-07
 3.850000E-01	-3.21995891E-10	-2.38171103E-10	-1.00525828E-10	 7.31043162E-12	 4.89761122E-07	 5.93167627E-07	 4.53171859E-07	 2.54056305E-07
 3.900000E-01	-3.44112106E-10	-2.58043302E-10	-1.10642362E-10	 9.25234312E-12	 5.05598638E-07	 6.31638842E-07	 4.86807148E-07	 2.73276961E-07
 3.950000E-01	-3.68020756E-10	-2.77111048E-10	-1.18324780E-10	 1.23171969E-11	 5.20418727E-07	 6.72272984E-07	 5.22673754E-07	 2.93729921E-07
 4.000000E-01	-3.92644082E-10	-2.97900695E-10	-1.28406853E-10	 1.45759995E-11	 5.33984798E-07	 7.15213639E-07	 5.60931680E-07	 3.15496159E-07
 4.050000E-01	-4.16868288E-10	-3.23209244E-10	-1.45800322E-10	 1.36490810E-11	 5.46089209E-07	 7.60651561E-07	 6.01767843E-07	 3.38680075E-07
 4.100000E-01	-4.40967411E-10	-3.52515454E-10	-1.69010367E-10	 1.03212890E-11	 5.56505641E-07	 8.08762185E-07	 6.45338290E-07	 3.63357985E-07
 4.150000E-01	-4.66284651E-10	-3.82770066E-10	-1.91948493E-10	 7.94442582E-12	 5.64871665E-07	 8.59585605E-07	 6.91666757E-07	 3.89506584E-07
 4.200000E-01	-4.94326773E-10	-4.10764879E-10	-2.08498204E-10	 1.01459477E-11	 5.70774709E-07	 9.13160521E-07	 7.40772015E-07	 4.17094630E-07
 4.250000E-01	-5.25066927E-10	-4.36713140E-10	-2.19354721E-10	 1.74888686E-11	 5.73888162E-07	 9.69716758E-07	 7.92843504E-07	 4.46203826E-07
 4.300000E-01	-5.55743483E-10	-4.66449201E-10	-2.36205708E-10	 2.41995118E-11	 5.73877715E-07	 1.02955641E-06	 8.48143410E-07	 4.76967632E-07
 4.350000E-01	-5.84373293E-10	-5.03900901E-10	-2.66818293E-10	 2.47022241E-11	 5.70311210E-07	 1.09293171E-06	 9.06896960E-07	 5.09499387E-07
 4.400000E-01	-6.13392775E-10	-5.43656668E-10	-3.00525624E-10	 2.29641241E-11	 5.62710824E-07	 1.16010410E-06	 9.69322535E-07	 5.43904261E-07
 4.450000E-01	-6.45340769E-10	-5.80129593E-10	-3.26755834E-10	 2.50364738E-11	 5.50580560E-07	 1.23136757E-06	 1.03563954E-06	 5.80285462E-07
 4.500000E-01	-6.77696804E-10	-6.18023961E-10	-3.55776072E-10	 2.65715851E-11	 5.33392056E-07	 1.30703232E-06	 1.10605959E-06	 6.18740092E-07
 4.550000E-01	-7.07230195E-10	-6.63358660E-10	-4.00009683E-10	 2.03779853E-11	 5.10588018E-07	 1.38744213E-06	 1.18079838E-06	 6.59358136E-07
 4.600000E-01	-7.35693037E-10	-7.12408954E-10	-4.51470595E-10	 9.93813262E-12	 4.81588605E-07	 1.47297086E-06	 1.26005598E-06	 7.02212530E-07
 4.650000E-01	-7.65900373E-10	-7.59741091E-10	-4.98738460E-10	 2.53364646E-12	 4.45815801E-07	 1.56406649E-06	 1.34404566E-06	 7.47376523E-07
 4.700000E-01	-7.96296226E-10	-8.08363706E-10	-5.48184066E-10	-3.64121842E-12	 4.02659942E-07	 1.66125992E-06	 1.43301055E-06	 7.94921362E-07
 4.750000E-01	-8.24780513E-10	-8.62109244E-10	-6.07785922E-10	-1.31868088E-11	 3.51390357E-07	 1.76507140E-06	 1.52716294E-06	 8.44888748E-07
 4.800000E-01	-8.53763116E-10	-9.16452197E-10	-6.67921552E-10	-2.19711605E-11	 2.91176156E-07	 1.87605696E-06	 1.62673895E-06	 8.97350430E-07
 4.850000E-01	-8.84645563E-10	-9.67946256E-10	-7.23024239E-10	-2.68612889E-11	 2.21122514E-07	 1.99490596E-06	 1.73209885E-06	 9.52485390E-07
 4.900000E-01	-9.11432715E-10	-1.02474325E-09	-7.94534815E-10	-3.98137266E-11	 1.40177054E-07	 2.12232871E-06	 1.84364757E-06	 1.01053438E-06
 4.950000E-01	-9.29893567E-10	-1.09304822E-09	-8.95984510E-10	-6.82489884E-11	 4.70427869E-08	 2.25892108E-06	 1.96172197E-06	 1.07173054E-06
 5.000000E-01	-9.48176156E-10	-1.16192283E-09	-9.95988598E-10	-8.98438572E-11	-5.97604107E-08	 2.40525216E-06	 2.08667049E-06	 1.13636222E-06
 5.050000E-01	-9.74383565E-10	-1.22041755E-09	-1.06595589E-09	-8.23570774E-11	-1.81836094E-07	 2.56192334E-06	 2.21889138E-06	 1.20479153E-06
 5.100000E-01	-1.00084573E-09	-1.27823865E-09	-1.13481815E-09	-6.33690902E-11	-3.20919002E-07	 2.72957805E-06	 2.35886671E-06	 1.27749052E-06
 5.150000E-01	-1.01651196E-09	-1.34898072E-09	-1.24028559E-09	-5.93414651E-11	-4.78850073E-07	 2.90905884E-06	 2.50733842E-06	 1.35517330E-06
 5.200000E-01	-1.02463944E-09	-1.42767735E-09	-1.36682188E-09	-6.06632842E-11	-6.57586006E-07	 3.10122763E-06	 2.66504453E-06	 1.43858242E-06
 5.250000E-01	-1.03415010E-09	-1.50218902E-09	-1.48103685E-09	-4.51035696E-11	-8.59169776E-07	 3.30648505E-06	 2.83212607E-06	 1.52808501E-06
 5.300000E-01	-1.04467545E-09	-1.57140940E-09	-1.58469053E-09	-1.62580319E-11	-1.08556553E-06	 3.52523202E-06	 3.00856802E-06	 1.62393571E-06
 5.350000E-01	-1.04694560E-09	-1.64373887E-09	-1.70859068E-09	 1.87316400E-12	-1.33866979E-06	 3.75848807E-06	 3.19494177E-06	 1.72679968E-06
 5.400000E-01	-1.02925107E-09	-1.72957138E-09	-1.88797708E-09	-1.65293270E-11	-1.62059073E-06	 4.00748155E-06	 3.39207938E-06	 1.83758689E-06
 5.450000E-01	-9.90570757E-10	-1.82921866E-09	-2.12112473E-09	-7.02530474E-11	-1.93382515E-06	 4.27365702E-06	 3.60100006E-06	 1.95726241E-06
 5.500000E-01	-9.50072056E-10	-1.92313819E-09	-2.34069478E-09	-1.08928490E-10	-2.28096258E-06	 4.55867834E-06	 3.82276090E-06	 2.08682592E-06
 5.550000E-01	-9.18746581E-10	-1.99853788E-09	-2.51098260E-09	-1.04743984E-10	-2.66425761E-06	 4.86430588E-06	 4.05814012E-06	 2.22719709E-06
 5.600000E-01	-8.68690692E-10	-2.07943287E-09	-2.72663947E-09	-1.30445013E-10	-3.08572671E-06	 5.19240766E-06	 4.30751252E-06	 2.37891281E-06
 5.650000E-01	-7.72733505E-10	-2.18956142E-09	-3.07070786E-09	-2.51515994E-10	-3.54737377E-06	 5.54418282E-06	 4.57019620E-06	 2.54175493E-06
 5.700000E-01	-6.55079361E-10	-2.30590302E-09	-3.45116955E-09	-3.94616553E-10	-4.05147584E-06	 5.92114929E-06	 4.84577613E-06	 2.71563061E-06
 5.750000E-01	-5.49657786E-10	-2.39716393E-09	-3.75513350E-09	-4.67681268E-10	-4.60098264E-06	 6.32629826E-06	 5.13555779E-06	 2.90156372E-06
 5.800000E-01	-4.39461510E-10	-2.47658311E-09	-4.04533618E-09	-5.19751119E-10	-5.19963080E-06	 6.76266558E-06	 5.44124808E-06	 3.10113684E-06
 5.850000E-01	-2.87311873E-10	-2.57297961E-09	-4.43985012E-09	-6.44228410E-10	-5.85176708E-06	 7.23240028E-06	 5.76395603E-06	 3.31585163E-06
 5.900000E-01	-8.94461871E-11	-2.68606160E-09	-4.93652291E-09	-8.34035882E-10	-6.56184252E-06	 7.73712743E-06	 6.10446238E-06	 3.54729597E-06
 5.950000E-01	 1.32893597E-10	-2.79846475E-09	-5.45713999E-09	-1.01516484E-09	-7.33431410E-06	 8.27850950E-06	 6.46366093E-06	 3.79730763E-06
 6.000000E-01	 3.60923335E-10	-2.89889248E-09	-5.93979345E-09	-1.12235264E-09	-8.17388793E-06	 8.85822565E-06	 6.84245004E-06	 4.06773700E-06
 6.050000E-01	 5.91153199E-10	-2.98595790E-09	-6.37344238E-09	-1.13776714E-09	-9.08568687E-06	 9.47808576E-06	 7.24199411E-06	 4.36063801E-06
 6.100000E-01	 8.41066468E-10	-3.06937472E-09	-6.81358573E-09	-1.11211841E-09	-1.00753015E-05	 1.01403255E-05	 7.66415822E-06	 4.67860116E-06
 6.150000E-01	 1.13292802E-09	-3.16084112E-09	-7.32580558E-09	-1.10740473E-09	-1.11483260E-05	 1.08469261E-05	 8.11073346E-06	 5.02444388E-06
 6.200000E-01	 1.47234801E-09	-3.26126700E-09	-7.91630583E-09	-1.12888539E-09	-1.23103599E-05	 1.15995058E-05	 8.58320533E-06	 5.40104047E-06
 6.250000E-01	 1.84987336E-09	-3.36344084E-09	-8.54493053E-09	-1.13889203E-09	-1.35681143E-05	 1.24004225E-05	 9.08397234E-06	 5.81198118E-06
 6.300000E-01	 2.25155953E-09	-3.45803055E-09	-9.16065217E-09	-1.09167565E-09	-1.49292700E-05	 1.32520237E-05	 9.61599015E-06	 6.26188514E-06
 6.350000E-01	 2.67641637E-09	-3.54092295E-09	-9.75309181E-09	-9.82370166E-10	-1.64013977E-05	 1.41549136E-05	 1.01813169E-05	 6.75603732E-06
 6.400000E-01	 3.15159318E-09	-3.62279411E-09	-1.03998402E-08	-8.87151360E-10	-1.79945814E-05	 1.51098441E-05	 1.07835372E-05	 7.30168356E-06
 6.450000E-01	 3.70628615E-09	-3.71408197E-09	-1.11766789E-08	-8.80063997E-10	-1.97217159E-05	 1.61152379E-05	 1.14262773E-05	 7.90771270E-06
 6.500000E-01	 4.33754883E-09	-3.80320831E-09	-1.20471481E-08	-9.37751276E-10	-2.15937859E-05	 1.71628125E-05	 1.21084706E-05	 8.58302583E-06
 6.550000E-01	 5.03560010E-09	-3.87300757E-09	-1.29531441E-08	-1.01517781E-09	-2.36218110E-05	 1.82416943E-05	 1.28280455E-05	 9.33759251E-06
 6.600000E-01	 5.82158882E-09	-3.92605567E-09	-1.39382791E-08	-1.14416856E-09	-2.58243282E-05	 1.93439204E-05	 1.35898001E-05	 1.01880070E-05
 6.650000E-01	 6.71829519E-09	-3.96717876E-09	-1.50478587E-08	-1.35604569E-09	-2.82215692E-05	 2.04592889E-05	 1.43989859E-05	 1.11550341E-05
 6.700000E-01	 7.70941488E-09	-3.97701598E-09	-1.61997613E-08	-1.58460136E-09	-3.08262411E-05	 2.15733019E-05	 1.52530982E-05	 1.22539611E-05
 6.750000E-01	 8.77940139E-09	-3.93043681E-09	-1.73180247E-08	-1.78893037E-09	-3.36427238E-05	 2.26653437E-05	 1.61413639E-05	 1.34934360E-05
 6.800000E-01	 9.97049237E-09	-3.82967453E-09	-1.85148441E-08	-2.09471492E-09	-3.66817817E-05	 2.37161620E-05	 1.70586556E-05	 1.48872176E-05
 6.850000E-01	 1.13470143E-08	-3.69053701E-09	-1.99622754E-08	-2.65113811E-09	-3.99640894E-05	 2.47133403E-05	 1.80092505E-05	 1.64561400E-05
 6.900000E-01	 1.29305977E-08	-3.50882816E-09	-2.16783924E-08	-3.45257482E-09	-4.34965463E-05	 2.56305084E-05	 1.89821956E-05	 1.82123500E-05
 6.950000E-01	 1.46895390E-08	-3.26007682E-09	-2.35178760E-08	-4.34376012E-09	-4.72857329E-05	 2.64375224E-05	 1.99648429E-05	 2.01675985E-05
 7.000000E-01	 1.65533449E-08	-2.90425271E-09	-2.52279227E-08	-5.07567840E-09	-5.13528335E-05	 2.71131943E-05	 2.09573902E-05	 2.23432038E-05
 7.050000E-01	 1.84964728E-08	-2.41104924E-09	-2.67029093E-08	-5.55917730E-09	-5.57138616E-05	 2.76322637E-05	 2.19543458E-05	 2.47579152E-05
 7.100000E-01	 2.06218296E-08	-1.80190099E-09	-2.82411480E-08	-6.09183926E-09	-6.03738869E-05	 2.79650238E-05	 2.29406571E-05	 2.74207322E-05
 7.150000E-01	 2.30237870E-08	-1.10460406E-09	-3.01020825E-08	-6.92121266E-09	-6.53340956E-05	 2.80792236E-05	 2.38970785E-05	 3.03340321E-05
 7.200000E-01	 2.56258710E-08	-2.78353022E-10	-3.20041272E-08	-7.78743014E-09	-7.05995460E-05	 2.79421496E-05	 2.48057283E-05	 3.35011656E-05
 7.250000E-01	 2.83525923E-08	 7.35397754E-10	-3.36726268E-08	-8.46088931E-09	-7.61815730E-05	 2.75223405E-05	 2.56519071E-05	 3.69292195E-05
 7.300000E-01	 3.13399852E-08	 1.92574670E-09	-3.54700510E-08	-9.31876924E-09	-8.20909729E-05	 2.67846701E-05	 2.64176052E-05	 4.06242631E-05
 7.350000E-01	 3.47223013E-08	 3.26157470E-09	-3.77292154E-08	-1.06655230E-08	-8.83310510E-05	 2.56868067E-05	 2.70756203E-05	 4.45845972E-05
 7.400000E-01	 3.83748788E-08	 4.78086655E-09	-4.00105240E-08	-1.20301818E-08	-9.49097443E-05	 2.41888966E-05	 2.76009298E-05	 4.88079839E-05
 7.450000E-01	 4.21467851E-08	 6.55062982E-09	-4.18270997E-08	-1.29660024E-08	-1.01831016E-04	 2.22490633E-05	 2.79642793E-05	 5.32849496E-05
 7.500000E-01	 4.61502297E-08	 8.58594534E-09	-4.34578069E-08	-1.38647372E-08	-1.09077662E-04	 1.98166650E-05	 2.81197732E-05	 5.79839131E-05
 7.550000E-01	 5.05536783E-08	 1.08774621E-08	-4.53009150E-08	-1.51885343E-08	-1.16649428E-04	 1.68490733E-05	 2.80333155E-05	 6.28816186E-05
 7.600000E-01	 5.53003949E-08	 1.34518669E-08	-4.71144781E-08	-1.66755037E-08	-1.24561806E-04	 1.33027626E-05	 2.76772923E-05	 6.79652107E-05
 7.650000E-01	 6.02976259E-08	 1.63566975E-08	-4.85784933E-08	-1.80180713E-08	-1.32810501E-04	 9.13015486E-06	 2.70097251E-05	 7.31969848E-05
 7.700000E-01	 6.56628774E-08	 1.96231749E-08	-4.99198768E-08	-1.95437597E-08	-1.41370092E-04	 4.28429016E-06	 2.59787660E-05	 7.85101217E-05
 7.750000E-01	 7.15058290E-08	 2.32435591E-08	-5.13445103E-08	-2.14579560E-08	-1.50229929E-04	-1.27136663E-06	 2.45481082E-05	 8.38409081E-05
 7.800000E-01	 7.76531074E-08	 2.71717232E-08	-5.24227193E-08	-2.31484684E-08	-1.59348429E-04	-7.56949595E-06	 2.26695575E-05	 8.90862629E-05
 7.850000E-01	 8.39188923E-08	 3.13924888E-08	-5.27220850E-08	-2.41174119E-08	-1.68650381E-04	-1.46535598E-05	 2.02737367E-05	 9.41037611E-05
 7.900000E-01	 9.04641720E-08	 3.59734772E-08	-5.25168630E-08	-2.48109050E-08	-1.78178268E-04	-2.25547247E-05	 1.73515286E-05	 9.88476930E-05
 7.950000E-01	 9.75003730E-08	 4.09816396E-08	-5.21349937E-08	-2.57203933E-08	-1.87946575E-04	-3.13204846E-05	 1.38651172E-05	 1.03236877E-04
 8.000000E-01	 1.04988390E-07	 4.64014336E-08	-5.14045204E-08	-2.66048494E-08	-1.97894895E-04	-4.09818392E-05	 9.75394910E-06	 1.07096610E-04
 8.050000E-01	 1.12817707E-07	 5.21742852E-08	-5.00754036E-08	-2.70540924E-08	-2.08003325E-04	-5.15149346E-05	 5.02294263E-06	 1.10263065E-04
 8.100000E-01	 1.20934073E-07	 5.82179234E-08	-4.80918577E-08	-2.69603520E-08	-2.18184135E-04	-6.28453979E-05	-3.03465406E-07	 1.12490036E-04
 8.150000E-01	 1.29251861E-07	 6.43914927E-08	-4.54161558E-08	-2.62150609E-08	-2.28286419E-04	-7.48535172E-05	-6.18413401E-06	 1.13456640E-04
 8.200000E-01	 1.37650002E-07	 7.05613054E-08	-4.19294452E-08	-2.45092795E-08	-2.38297824E-04	-8.74552512E-05	-1.25440940E-05	 1.12971357E-04
 8.250000E-01	 1.46155881E-07	 7.67602334E-08	-3.76036599E-08	-2.18336298E-08	-2.48313323E-04	-1.00627286E-04	-1.93269799E-05	 1.10930580E-04
 8.300000E-01	 1.55027986E-07	 8.31968496E-08	-3.26206393E-08	-1.87874048E-08	-2.58351296E-04	-1.14347622E-04	-2.65293559E-05	 1.07136343E-04
 8.350000E-01	 1.64443341E-07	 8.99181525E-08	-2.71547355E-08	-1.56739807E-08	-2.68460222E-04	-1.28495868E-04	-3.40503319E-05	 1.01392834E-04
 8.400000E-01	 1.74084254E-07	 9.65432636E-08	-2.10251886E-08	-1.18140574E-08	-2.78574140E-04	-1.42788391E-04	-4.16828089E-05	 9.33957965E-05
 8.450000E-01	 1.83612578E-07	 1.02699898E-07	-1.40950004E-08	-6.66693962E-09	-2.88657582E-04	-1.56868838E-04	-4.91297132E-05	 8.28913817E-05
 8.500000E-01	 1.93170875E-07	 1.08422529E-07	-6.58401247E-09	-6.45774399E-10	-2.98846482E-04	-1.70445110E-04	-5.61047644E-05	 6.98034300E-05
 8.550000E-01	 2.02921473E-07	 1.13807679E-07	 1.39641784E-09	 5.83212937E-09	-3.09151862E-04	-1.83316939E-04	-6.25594832E-05	 5.39408687E-05
 8.600000E-01	 2.12750590E-07	 1.18773834E-07	 1.00340651E-08	 1.29922464E-08	-3.19602879E-04	-1.95410508E-04	-6.87058404E-05	 3.50633100E-05
 8.650000E-01	 2.22551093E-07	 1.23323301E-07	 1.96492878E-08	 2.10979526E-08	-3.30283239E-04	-2.06702898E-04	-7.49255274E-05	 1.28775110E-05
 8.700000E-01	 2.32387678E-07	 1.27603206E-07	 3.05165925E-08	 3.00029700E-08	-3.41096964E-04	-2.16916190E-04	-8.15181475E-05	-1.30701365E-05
 8.750000E-01	 2.42180644E-07	 1.31456006E-07	 4.27159639E-08	 3.96020352E-08	-3.51824529E-04	-2.25415979E-04	-8.85063190E-05	-4.31928756E-05
 8.800000E-01	 2.51451911E-07	 1.34200955E-07	 5.60961570E-08	 5.01307130E-08	-3.62375233E-04	-2.31436168E-04	-9.57733213E-05	-7.76335565E-05
 8.850000E-01	 2.59822833E-07	 1.35423241E-07	 7.06899623E-08	 6.17503724E-08	-3.72739845E-04	-2.34265984E-04	-1.03418725E-04	-1.16373386E-04
 8.900000E-01	 2.67447895E-07	 1.35472753E-07	 8.69635409E-08	 7.41283147E-08	-3.82719457E-04	-2.33212631E-04	-1.11991190E-04	-1.59486327E-04
 8.950000E-01	 2.74354000E-07	 1.34600648E-07	 1.05638932E-07	 8.72284449E-08	-3.91846261E-04	-2.27547593E-04	-1.22547473E-04	-2.07169325E-04
 9.000000E-01	 2.80025798E-07	 1.32200105E-07	 1.26914867E-07	 1.01313095E-07	-3.99893993E-04	-2.16452098E-04	-1.36050260E-04	-2.59225434E-04
 9.050000E-01	 2.83325224E-07	 1.27221543E-07	 1.50766773E-07	 1.16148579E-07	-4.06229757E-04	-1.98888202E-04	-1.53481520E-04	-3.14330493E-04
 9.100000E-01	 2.84377991E-07	 1.19439751E-07	 1.76666006E-07	 1.31133531E-07	-4.10856806E-04	-1.73263832E-04	-1.74042492E-04	-3.70180507E-04
 9.150000E-01	 2.81513443E-07	 1.08875383E-07	 2.06725540E-07	 1.44962635E-07	-4.11123580E-04	-1.39776771E-04	-2.02837330E-04	-4.23605096E-04
 9.200000E-01	 2.75676393E-07	 9.54175244E-08	 2.40242988E-07	 1.58469036E-07	-4.08058308E-04	-9.65937730E-05	-2.38277251E-04	-4.72610491E-04
 9.250000E-01	 2.63737720E-07	 7.86565184E-08	 2.81432160E-07	 1.70381334E-07	-3.96148387E-04	-4.44779487E-05	-2.89641290E-04	-5.12536436E-04
 9.300000E-01	 2.37362190E-07	 5.80285887E-08	 3.38381701E-07	 1.78922408E-07	-3.65254114E-04	 9.62067616E-06	-3.75446931E-04	-5.29981201E-04
 9.350000E-01	 2.06813602E-07	 3.58206631E-08	 3.99093167E-07	 1.81286666E-07	-3.26321259E-04	 7.21215020E-05	-4.70686298E-04	-5.20258369E-04
 9.400000E-01	 1.73082571E-07	-1.18169406E-08	 4.37224817E-07	 1.91833501E-07	-2.87609495E-04	 1.69561711E-04	-5.53524441E-04	-5.14347677E-04
 9.450000E-01	 1.14187533E-07	-2.95021169E-08	 5.18099656E-07	 1.56757575E-07	-2.33004040E-04	 2.28176895E-04	-6.38230822E-04	-3.89588401E-04
 9.500000E-01	 2.84684767E-08	-9.95466554E-08	 6.00668126E-07	 1.37251910E-07	-2.67313713E-05	 2.97981329E-04	-8.30987814E-04	-2.75688458E-04
 9.550000E-01	-3.89090828E-08	-2.03743998E-07	 6.57938359E-07	 1.83865148E-07	 1.40924632E-04	 4.46231524E-04	-1.04404006E-03	-1.57419919E-04
 9.600000E-01	-9.61881919E-08	-1.54883617E-07	 5.77952916E-07	 2.04949200E-07	 3.57442324E-04	 1.17397680E-04	-7.44132287E-04	-2.21442643E-04
 9.650000E-01	-8.95681971E-08	-2.29551512E-07	 4.22789249E-07	 2.64237484E-07	-7.60114974E-04	 1.93813679E-03	 8.26713655E-04	-3.11998845E-03
 9.700000E-01	-3.06854568E-07	-1.02686563E-06	-3.62307259E-07	-3.02778196E-07	 3.91713689E-02	-9.65553865E-02	-4.49451406E-02	 1.12126459E-01
 9.750000E-01	-1.80784967E-06	-1.57728072E-06	-2.74973301E-06	-4.87957894E-06	 9.12954812E-01	-2.06964379E+00	-9.79247751E-01	 2.26850058E+00
 9.800000E-01	-5.72585878E-06	-2.92046397E-06	-3.79217973E-06	-1.46519727E-06	 2.19011734E-01	-1.85509343E-01	 2.71929999E-01	-1.09373214E+00
 9.850000E-01	-3.06833369E-06	-7.35735799E-07	-1.72527842E-06	 2.27208131E-06	-1.52796326E+00	 2.81144511E+00	 8.73261743E-01	-1.92814163E+00
 9.900000E-01	 2.69818041E-06	 3.03898141E-06	 2.53226587E-06	 2.06848248E-06	-2.20212230E-01	 7.94124184E-01	-5.30309424E-01	 1.65106473E+00
 9.950000E-01	 1.36663255E-06	 1.33410312E-06	 2.35640749E-06	 1.44015327E-06	 6.21804022E-01	-7.42866334E-01	 1.08090752E-01	-3.35878795E-01
 1.000000E+00	-3.95860891E-07	-5.09337309E-07	-5.99498134E-07	-2.61414041E-06	-6.44488155E-02	-1.02208585E+00	 6.12890633E-01	-1.33577844E+00
