r	R  8/ 8	R  9/ 8	R 10/ 8	R 11/ 8	I  8/ 8	I  9/ 8	I 10/ 8	I 11/ 8
 0.000000E+00	 0.00000000E+00	 0.00000000E+00	 0.00000000E+00	 0.00000000E+00	 0.00000000E+00	 0.00000000E+00	 0.00000000E+00	 0.00000000E+00
 5.000000E-03	-1.25153655E-22	 2.13667605E-21	 1.63595545E-22	-5.06377872E-22	-1.54462142E-19	-2.40579963E-18	 8.29955391E-20	 3.14443402E-19
 1.000000E-02	-2.02209347E-21	 2.93409287E-20	 2.32669156E-21	-1.01624434E-21	-2.56838154E-18	-2.64934311E-17	-7.00320136E-21	-4.37433549E-19
 1.500000E-02	-1.80100791E-20	 1.86468472E-19	 1.88726571E-20	 1.11548964E-20	-2.17488976E-17	-1.47085609E-16	-4.16468422E-18	-1.11399371E-17
 2.000000E-02	-1.11866407E-19	 7.34209738E-19	 9.70884980E-20	 9.39208808E-20	-1.21743523E-16	-5.46171976E-16	-2.90388890E-17	-5.71716688E-17
 2.500000E-02	-5.31429423E-19	 2.03311550E-18	 3.50107719E-19	 4.03486103E-19	-5.14625737E-16	-1.56743286E-15	-1.19902374E-16	-1.90699216E-16
 3.000000E-02	-2.02953719E-18	 4.04025075E-18	 9.10231788E-19	 1.24860898E-18	-1.77383340E-15	-3.76997800E-15	-3.74070678E-16	-5.03547704E-16
 3.500000E-02	-6.51368886E-18	 5.49063858E-18	 1.77093619E-18	 2.91811294E-18	-5.23335706E-15	-7.97831546E-15	-9.72734302E-16	-1.14399452E-15
 4.000000E-02	-1.82587994E-17	 4.02273843E-18	 2.63614695E-18	 5.42434715E-18	-1.36564302E-14	-1.53225160E-14	-2.22216526E-15	-2.33938989E-15
 4.500000E-02	-4.54187506E-17	-4.74716275E-18	 1.98034394E-18	 9.16421479E-18	-3.22616837E-14	-2.72562438E-14	-4.60471166E-15	-4.42810151E-15
 5.000000E-02	-1.01397124E-16	-3.30620038E-17	-5.16842739E-18	 1.51281507E-17	-7.01950430E-14	-4.55348307E-14	-8.83514738E-15	-7.90387205E-15
 5.500000E-02	-2.06191418E-16	-1.11014687E-16	-3.14068780E-17	 2.33685386E-17	-1.42532942E-13	-7.21267418E-14	-1.59162011E-14	-1.34774639E-14
 6.000000E-02	-3.87327578E-16	-3.00372902E-16	-1.03451149E-16	 2.81898655E-17	-2.72883534E-13	-1.09018388E-13	-2.71830351E-14	-2.21626553E-14
 6.500000E-02	-6.84902131E-16	-6.89067993E-16	-2.58688974E-16	 3.73657760E-18	-4.96627830E-13	-1.57860974E-13	-4.43193232E-14	-3.53865741E-14
 7.000000E-02	-1.16141355E-15	-1.35232842E-15	-5.36084987E-16	-9.94392881E-17	-8.64763960E-13	-2.19396714E-13	-6.93480341E-14	-5.51426729E-14
 7.500000E-02	-1.90304922E-15	-2.34433430E-15	-9.85879991E-16	-3.35791484E-16	-1.44824110E-12	-2.92629222E-13	-1.04547192E-13	-8.41913070E-14
 8.000000E-02	-3.01542523E-15	-3.73018420E-15	-1.68725252E-15	-7.58460412E-16	-2.34274903E-12	-3.73698109E-13	-1.52177953E-13	-1.26264384E-13
 8.500000E-02	-4.61295661E-15	-5.62500598E-15	-2.78716868E-15	-1.42447908E-15	-3.67385379E-12	-4.54658208E-13	-2.14067849E-13	-1.86280202E-13
 9.000000E-02	-6.79229102E-15	-8.26583221E-15	-4.55453978E-15	-2.41953723E-15	-5.60242711E-12	-5.22056773E-13	-2.90913989E-13	-2.70495850E-13
 9.500000E-02	-9.59610593E-15	-1.20915236E-14	-7.43533895E-15	-3.90999682E-15	-8.33017259E-12	-5.55997914E-13	-3.81539013E-13	-3.86641337E-13
 1.000000E-01	-1.29749408E-14	-1.77821226E-14	-1.20723857E-14	-6.24487127E-15	-1.21051928E-11	-5.29885981E-13	-4.82205996E-13	-5.44085271E-13
 1.050000E-01	-1.68670484E-14	-2.59211105E-14	-1.89840998E-14	-1.00953970E-14	-1.72260903E-11	-4.16087689E-13	-5.87805383E-13	-7.54285109E-13
 1.100000E-01	-2.13351260E-14	-3.63889536E-14	-2.82446667E-14	-1.63305637E-14	-2.40449907E-11	-1.94798236E-13	-6.94600952E-13	-1.03177956E-12
 1.150000E-01	-2.63912979E-14	-4.86834716E-14	-4.00621756E-14	-2.56710435E-14	-3.29696090E-11	 1.32717100E-13	-8.05554493E-13	-1.39632415E-12
 1.200000E-01	-3.16868407E-14	-6.28959289E-14	-5.54409132E-14	-3.87588844E-14	-4.44680742E-11	 5.28885703E-13	-9.34547054E-13	-1.87433187E-12
 1.250000E-01	-3.64885631E-14	-7.97016968E-14	-7.58502926E-14	-5.65802019E-14	-5.90772345E-11	 9.08585909E-13	-1.10576562E-12	-2.49792514E-12
 1.300000E-01	-3.97817990E-14	-9.96822266E-14	-1.02576938E-13	-8.06271009E-14	-7.74046366E-11	 1.08992214E-12	-1.37114312E-12	-3.30944592E-12
 1.350000E-01	-4.05712693E-14	-1.22601660E-13	-1.35735406E-13	-1.12625798E-13	-1.00135461E-10	 7.20201833E-13	-1.84048366E-12	-4.37052565E-12
 1.400000E-01	-3.83233786E-14	-1.46564189E-13	-1.73447326E-13	-1.53952288E-13	-1.28043536E-10	-8.13683520E-13	-2.72083586E-12	-5.77532482E-12
 1.450000E-01	-3.28776660E-14	-1.68298681E-13	-2.12820608E-13	-2.05262580E-13	-1.61979337E-10	-4.35907364E-12	-4.32749713E-12	-7.66203716E-12
 1.500000E-01	-2.40008130E-14	-1.84677260E-13	-2.51701482E-13	-2.66452406E-13	-2.02766872E-10	-1.05448716E-11	-6.95486341E-12	-1.01894963E-11
 1.550000E-01	-1.01666979E-14	-1.94733118E-13	-2.91358703E-13	-3.37076017E-13	-2.51139859E-10	-1.98521866E-11	-1.09064854E-11	-1.35323159E-11
 1.600000E-01	 1.25651766E-14	-2.01286589E-13	-3.37131423E-13	-4.17666916E-13	-3.07810678E-10	-3.30276683E-11	-1.66238775E-11	-1.79142049E-11
 1.650000E-01	 4.64860057E-14	-2.06055861E-13	-3.86855565E-13	-5.07898873E-13	-3.73392242E-10	-5.08276574E-11	-2.46160174E-11	-2.36042417E-11
 1.700000E-01	 8.68753931E-14	-2.01617062E-13	-4.21722437E-13	-6.01162473E-13	-4.48291186E-10	-7.37967718E-11	-3.53981639E-11	-3.09070830E-11
 1.750000E-01	 1.27880187E-13	-1.78156066E-13	-4.26825613E-13	-6.86987309E-13	-5.32603240E-10	-1.02052117E-10	-4.93950124E-11	-4.01263512E-11
 1.800000E-01	 1.72070414E-13	-1.37913421E-13	-4.11780307E-13	-7.60000074E-13	-6.26156299E-10	-1.35982379E-10	-6.72524006E-11	-5.16209251E-11
 1.850000E-01	 2.25640949E-13	-9.12463944E-14	-3.91566234E-13	-8.18602364E-13	-7.28604536E-10	-1.76545655E-10	-8.99964178E-11	-6.59139234E-11
 1.900000E-01	 2.88507176E-13	-4.28397237E-14	-3.63221777E-13	-8.56354150E-13	-8.39046421E-10	-2.23865336E-10	-1.18450125E-10	-8.35988926E-11
 1.950000E-01	 3.54965805E-13	 7.92779125E-15	-3.13955908E-13	-8.60553052E-13	-9.55668925E-10	-2.76604896E-10	-1.52942448E-10	-1.05197888E-10
 2.000000E-01	 4.18043915E-13	 5.96337582E-14	-2.35210569E-13	-8.16852961E-13	-1.07559849E-09	-3.32005591E-10	-1.93265639E-10	-1.31082138E-10
 2.050000E-01	 4.71612843E-13	 1.08087715E-13	-1.26518575E-13	-7.15084332E-13	-1.19514995E-09	-3.86721626E-10	-2.38911790E-10	-1.61548444E-10
 2.100000E-01	 5.12541789E-13	 1.48412508E-13	 3.68655902E-15	-5.53134928E-13	-1.31111059E-09	-4.40047272E-10	-2.90395443E-10	-1.97314150E-10
 2.150000E-01	 5.41483173E-13	 1.74937221E-13	 1.38434140E-13	-3.38649919E-13	-1.42007349E-09	-4.92174983E-10	-3.48733337E-10	-2.39292908E-10
 2.200000E-01	 5.62636595E-13	 1.81080087E-13	 2.54504339E-13	-8.93381858E-14	-1.51687391E-09	-5.40481216E-10	-4.13849648E-10	-2.87967187E-10
 2.250000E-01	 5.80530205E-13	 1.61164195E-13	 3.32032843E-13	 1.74021790E-13	-1.59505716E-09	-5.80920586E-10	-4.85071631E-10	-3.43590259E-10
 2.300000E-01	 5.95437886E-13	 1.12668177E-13	 3.62984753E-13	 4.35067662E-13	-1.64745037E-09	-6.09568516E-10	-5.61851174E-10	-4.06454562E-10
 2.350000E-01	 6.05884799E-13	 3.66850893E-14	 3.44493190E-13	 6.77374145E-13	-1.66689336E-09	-6.24328650E-10	-6.44676243E-10	-4.77288613E-10
 2.400000E-01	 6.12700469E-13	-6.38411492E-14	 2.71608593E-13	 8.77082015E-13	-1.64547458E-09	-6.22788797E-10	-7.34007617E-10	-5.56866243E-10
 2.450000E-01	 6.15757969E-13	-1.81697834E-13	 1.46153994E-13	 1.00377030E-12	-1.57373247E-09	-6.00492133E-10	-8.29370769E-10	-6.45575899E-10
 2.500000E-01	 6.13253586E-13	-3.00742510E-13	-2.21716188E-14	 1.02138996E-12	-1.44142738E-09	-5.52191245E-10	-9.29910335E-10	-7.43574265E-10
 2.550000E-01	 6.27639577E-13	-3.94024067E-13	-2.58635369E-13	 8.61881058E-13	-1.23862743E-09	-4.71679119E-10	-1.03393403E-09	-8.50491690E-10
 2.600000E-01	 7.26568526E-13	-4.30572974E-13	-6.36353841E-13	 4.21283565E-13	-9.54998828E-10	-3.52045325E-10	-1.13925644E-09	-9.65615433E-10
 2.650000E-01	 9.37935498E-13	-4.05579790E-13	-1.12819497E-12	-2.82448635E-13	-5.78410082E-10	-1.86058701E-10	-1.24397202E-09	-1.08847531E-09
 2.700000E-01	 1.14970155E-12	-3.51437783E-13	-1.51003037E-12	-9.96970929E-13	-9.61314056E-11	 3.39221080E-11	-1.34615066E-09	-1.21873814E-09
 2.750000E-01	 1.25372437E-12	-2.71064038E-13	-1.64064198E-12	-1.55650726E-12	 5.02390299E-10	 3.14264011E-10	-1.44432601E-09	-1.35627008E-09
 2.800000E-01	 1.35131094E-12	-9.76870888E-14	-1.70092731E-12	-2.17013852E-12	 1.22679979E-09	 6.60800653E-10	-1.53715235E-09	-1.50100676E-09
 2.850000E-01	 1.58548756E-12	 2.03272292E-13	-1.85845540E-12	-3.00805817E-12	 2.08869469E-09	 1.08135499E-09	-1.62216144E-09	-1.65248700E-09
 2.900000E-01	 1.86495048E-12	 5.54184867E-13	-1.94108919E-12	-3.78928089E-12	 3.10046634E-09	 1.58477291E-09	-1.69653672E-09	-1.81049611E-09
 2.950000E-01	 2.01633918E-12	 8.75746222E-13	-1.75399501E-12	-4.20237587E-12	 4.27378159E-09	 2.18020620E-09	-1.75697451E-09	-1.97467112E-09
 3.000000E-01	 2.06751043E-12	 1.19410581E-12	-1.41327244E-12	-4.36086982E-12	 5.62089904E-09	 2.87698125E-09	-1.79980174E-09	-2.14444207E-09
 3.050000E-01	 2.13536096E-12	 1.54975102E-12	-1.10259322E-12	-4.47927483E-12	 7.15727977E-09	 3.68423557E-09	-1.82252089E-09	-2.32057608E-09
 3.100000E-01	 2.19257859E-12	 1.89608705E-12	-7.97132747E-13	-4.49461606E-12	 8.90095269E-09	 4.61219781E-09	-1.82284060E-09	-2.50444628E-09
 3.150000E-01	 2.14467879E-12	 2.17614637E-12	-4.15471256E-13	-4.29600438E-12	 1.08733416E-08	 5.67277066E-09	-1.79851214E-09	-2.69816732E-09
 3.200000E-01	 2.00301313E-12	 2.41731865E-12	-1.63392992E-15	-3.99912176E-12	 1.30982458E-08	 6.87899357E-09	-1.74617296E-09	-2.90334097E-09
 3.250000E-01	 1.84070485E-12	 2.68476483E-12	 3.73494578E-13	-3.78907573E-12	 1.55976122E-08	 8.24411896E-09	-1.66113886E-09	-3.12001549E-09
 3.300000E-01	 1.68056879E-12	 3.01329758E-12	 7.31150397E-13	-3.72083008E-12	 1.83921081E-08	 9.78088996E-09	-1.54026239E-09	-3.34964071E-09
 3.350000E-01	 1.51634100E-12	 3.42615938E-12	 1.13011734E-12	-3.78063718E-12	 2.15046299E-08	 1.15058012E-08	-1.37747592E-09	-3.59293894E-09
 3.400000E-01	 1.37126702E-12	 3.96473849E-12	 1.60371924E-12	-3.97125265E-12	 2.49550975E-08	 1.34356552E-08	-1.16534859E-09	-3.85001449E-09
 3.450000E-01	 1.25452392E-12	 4.64618263E-12	 2.21227553E-12	-4.23059143E-12	 2.87516520E-08	 1.55793090E-08	-9.02464590E-10	-4.12375916E-09
 3.500000E-01	 1.10018008E-12	 5.43101466E-12	 3.07388933E-12	-4.39219361E-12	 3.29034527E-08	 1.79467546E-08	-5.87865585E-10	-4.41715566E-09
 3.550000E-01	 9.01176325E-13	 6.36616009E-12	 4.23560462E-12	-4.46203323E-12	 3.74280725E-08	 2.05528616E-08	-2.19220705E-10	-4.73171257E-09
 3.600000E-01	 8.66389901E-13	 7.69316144E-12	 5.58698559E-12	-4.77589545E-12	 4.23421457E-08	 2.34059577E-08	 1.99018446E-10	-5.06997564E-09
 3.650000E-01	 1.14963153E-12	 9.50705311E-12	 7.05596692E-12	-5.39231818E-12	 4.76671731E-08	 2.65065095E-08	 6.56231616E-10	-5.43419096E-09
 3.700000E-01	 1.48445675E-12	 1.14218612E-11	 8.77818100E-12	-5.62130404E-12	 5.34330337E-08	 2.98547413E-08	 1.14362588E-09	-5.82232281E-09
 3.750000E-01	 1.44043342E-12	 1.29538417E-11	 1.09087317E-11	-4.77531457E-12	 5.96723807E-08	 3.34564907E-08	 1.65916423E-09	-6.22852459E-09
 3.800000E-01	 8.86745874E-13	 1.40228671E-11	 1.34144774E-11	-2.94379563E-12	 6.64189449E-08	 3.73198763E-08	 2.20203411E-09	-6.65143079E-09
 3.850000E-01	 3.91436817E-14	 1.49504014E-11	 1.61255307E-11	-8.10076178E-13	 7.37216661E-08	 4.14671767E-08	 2.77271568E-09	-7.10133901E-09
 3.900000E-01	-6.82813925E-13	 1.62529623E-11	 1.88581204E-11	 8.19336318E-13	 8.16431677E-08	 4.59360273E-08	 3.37580952E-09	-7.59294587E-09
 3.950000E-01	-1.08920319E-12	 1.80676988E-11	 2.15691701E-11	 1.85802463E-12	 9.02422773E-08	 5.07557710E-08	 4.01167811E-09	-8.13665111E-09
 4.000000E-01	-1.69054712E-12	 1.96661071E-11	 2.44371348E-11	 3.43440450E-12	 9.95889537E-08	 5.59619580E-08	 4.68601049E-09	-8.73752114E-09
 4.050000E-01	-3.15872229E-12	 2.02756999E-11	 2.76534992E-11	 6.52172763E-12	 1.09766311E-07	 6.15933088E-08	 5.40379628E-09	-9.40319076E-09
 4.100000E-01	-5.46714706E-12	 2.00978245E-11	 3.12195485E-11	 1.06067181E-11	 1.20846621E-07	 6.76702288E-08	 6.16024635E-09	-1.01420507E-08
 4.150000E-01	-7.97103794E-12	 2.00673424E-11	 3.50239793E-11	 1.43172722E-11	 1.32881282E-07	 7.42063465E-08	 6.95991518E-09	-1.09486229E-08
 4.200000E-01	-9.89814846E-12	 2.11832237E-11	 3.90058837E-11	 1.65261288E-11	 1.45921299E-07	 8.12134451E-08	 7.80592815E-09	-1.18196578E-08
 4.250000E-01	-1.11454697E-11	 2.34337677E-11	 4.32718648E-11	 1.76152046E-11	 1.60048636E-07	 8.87105563E-08	 8.68724982E-09	-1.27760728E-08
 4.300000E-01	-1.29410270E-11	 2.50546603E-11	 4.80513759E-11	 1.99501311E-11	 1.75361004E-07	 9.67240877E-08	 9.59180624E-09	-1.38473806E-08
 4.350000E-01	-1.63490630E-11	 2.47570652E-11	 5.33752000E-11	 2.47961437E-11	 1.91952263E-07	 1.05280398E-07	 1.05144048E-08	-1.50558986E-08
 4.400000E-01	-2.03873057E-11	 2.40473440E-11	 5.89305958E-11	 2.98786103E-11	 2.09919670E-07	 1.14404785E-07	 1.14511976E-08	-1.64229943E-08
 4.450000E-01	-2.37531286E-11	 2.45272955E-11	 6.44689828E-11	 3.32436149E-11	 2.29367092E-07	 1.24118365E-07	 1.23947983E-08	-1.79725380E-08
 4.500000E-01	-2.73716718E-11	 2.46708911E-11	 7.00940981E-11	 3.68661570E-11	 2.50414927E-07	 1.34453870E-07	 1.33481219E-08	-1.97230369E-08
 4.550000E-01	-3.27268310E-11	 2.25339916E-11	 7.59535439E-11	 4.28680602E-11	 2.73193249E-07	 1.45446640E-07	 1.43159015E-08	-2.16944087E-08
 4.600000E-01	-3.91993573E-11	 1.92236114E-11	 8.19888004E-11	 4.96579470E-11	 2.97838716E-07	 1.57130693E-07	 1.53050246E-08	-2.39042174E-08
 4.650000E-01	-4.55387504E-11	 1.64617135E-11	 8.81551444E-11	 5.52584587E-11	 3.24504437E-07	 1.69546563E-07	 1.63271412E-08	-2.63694674E-08
 4.700000E-01	-5.22873543E-11	 1.33569689E-11	 9.45945629E-11	 6.08478311E-11	 3.53348461E-07	 1.82723407E-07	 1.73808695E-08	-2.91187686E-08
 4.750000E-01	-6.03804298E-11	 8.70604549E-12	 1.01445314E-10	 6.77713575E-11	 3.84528437E-07	 1.96689266E-07	 1.84702106E-08	-3.21766429E-08
 4.800000E-01	-6.89420633E-11	 3.90270049E-12	 1.08695570E-10	 7.45104432E-11	 4.18205283E-07	 2.11468688E-07	 1.95982515E-08	-3.55735579E-08
 4.850000E-01	-7.71675322E-11	-2.07481836E-13	 1.16212548E-10	 8.03960822E-11	 4.54555135E-07	 2.27077577E-07	 2.07525465E-08	-3.93593246E-08
 4.900000E-01	-8.69416775E-11	-6.83445660E-12	 1.23810465E-10	 8.89774987E-11	 4.93756890E-07	 2.43527898E-07	 2.19214302E-08	-4.35888489E-08
 4.950000E-01	-9.98917328E-11	-1.80371599E-11	 1.31760849E-10	 1.02220710E-10	 5.35969226E-07	 2.60799779E-07	 2.30824589E-08	-4.83174163E-08
 5.000000E-01	-1.13406348E-10	-2.89903803E-11	 1.41139736E-10	 1.15135652E-10	 5.81362020E-07	 2.78869588E-07	 2.42134618E-08	-5.36046712E-08
 5.050000E-01	-1.24442470E-10	-3.50729854E-11	 1.52694975E-10	 1.23589356E-10	 6.30127663E-07	 2.97716696E-07	 2.52920718E-08	-5.95199201E-08
 5.100000E-01	-1.35073760E-10	-4.03381735E-11	 1.65890277E-10	 1.32329466E-10	 6.82476772E-07	 3.17314203E-07	 2.62881443E-08	-6.61476885E-08
 5.150000E-01	-1.48848807E-10	-5.04287181E-11	 1.80186751E-10	 1.46981041E-10	 7.38670644E-07	 3.37654886E-07	 2.71678583E-08	-7.36017324E-08
 5.200000E-01	-1.64831653E-10	-6.31760138E-11	 1.96144166E-10	 1.64755948E-10	 7.98995621E-07	 3.58721676E-07	 2.78916362E-08	-8.20015712E-08
 5.250000E-01	-1.80057598E-10	-7.37120576E-11	 2.14225279E-10	 1.80274080E-10	 8.63696511E-07	 3.80480159E-07	 2.84779508E-08	-9.13950342E-08
 5.300000E-01	-1.94314645E-10	-8.23256138E-11	 2.33794744E-10	 1.93662414E-10	 9.33020455E-07	 4.02883535E-07	 2.89517964E-08	-1.01826096E-07
 5.350000E-01	-2.10000271E-10	-9.36612284E-11	 2.53620883E-10	 2.09248969E-10	 1.00730703E-06	 4.25945196E-07	 2.93271059E-08	-1.13410390E-07
 5.400000E-01	-2.30205149E-10	-1.13162130E-10	 2.72532334E-10	 2.31443099E-10	 1.08694004E-06	 4.49726516E-07	 2.96415208E-08	-1.26287244E-07
 5.450000E-01	-2.55452504E-10	-1.40885048E-10	 2.90842070E-10	 2.59186845E-10	 1.17232745E-06	 4.74303112E-07	 2.99148333E-08	-1.40640230E-07
 5.500000E-01	-2.80776956E-10	-1.67135233E-10	 3.10932518E-10	 2.82703271E-10	 1.26390527E-06	 4.99749696E-07	 3.01650671E-08	-1.56670000E-07
 5.550000E-01	-3.02627903E-10	-1.86632103E-10	 3.33204468E-10	 2.96991687E-10	 1.36211382E-06	 5.26168573E-07	 3.04914504E-08	-1.74522613E-07
 5.600000E-01	-3.27599209E-10	-2.13016221E-10	 3.53599767E-10	 3.14970567E-10	 1.46737185E-06	 5.53629046E-07	 3.10066851E-08	-1.94320738E-07
 5.650000E-01	-3.62976746E-10	-2.58610821E-10	 3.70030695E-10	 3.47885289E-10	 1.57995974E-06	 5.82064310E-07	 3.18420778E-08	-2.16097580E-07
 5.700000E-01	-4.03120122E-10	-3.10806374E-10	 3.86864733E-10	 3.83012902E-10	 1.70016022E-06	 6.11437733E-07	 3.31324213E-08	-2.39932033E-07
 5.750000E-01	-4.39100014E-10	-3.53584821E-10	 4.07422584E-10	 4.04643481E-10	 1.82846441E-06	 6.41839799E-07	 3.49107459E-08	-2.66128283E-07
 5.800000E-01	-4.74212555E-10	-3.95304915E-10	 4.28419790E-10	 4.21201427E-10	 1.96542201E-06	 6.73349440E-07	 3.71835167E-08	-2.95041756E-07
 5.850000E-01	-5.16935484E-10	-4.52147100E-10	 4.46523079E-10	 4.49157873E-10	 2.11151341E-06	 7.05917161E-07	 3.99500618E-08	-3.26980891E-07
 5.900000E-01	-5.67844121E-10	-5.23876079E-10	 4.63483267E-10	 4.88466708E-10	 2.26718766E-06	 7.39455604E-07	 4.32550382E-08	-3.62214223E-07
 5.950000E-01	-6.21867492E-10	-5.99652741E-10	 4.83360810E-10	 5.28222971E-10	 2.43293265E-06	 7.73896004E-07	 4.71664747E-08	-4.01027621E-07
 6.000000E-01	-6.74772830E-10	-6.70436915E-10	 5.09758057E-10	 5.59680459E-10	 2.60929515E-06	 8.09101033E-07	 5.16824695E-08	-4.43757098E-07
 6.050000E-01	-7.25386674E-10	-7.34072828E-10	 5.43617477E-10	 5.80782182E-10	 2.79687656E-06	 8.44933416E-07	 5.67777280E-08	-4.90792609E-07
 6.100000E-01	-7.76803421E-10	-7.97737320E-10	 5.82157498E-10	 5.98198810E-10	 2.99637379E-06	 8.81367521E-07	 6.24583016E-08	-5.42609162E-07
 6.150000E-01	-8.33300743E-10	-8.70201702E-10	 6.22655111E-10	 6.20110133E-10	 3.20846608E-06	 9.18387613E-07	 6.87894155E-08	-5.99669727E-07
 6.200000E-01	-8.95760260E-10	-9.52477136E-10	 6.65273112E-10	 6.46474677E-10	 3.43374625E-06	 9.55965884E-07	 7.58979054E-08	-6.62395096E-07
 6.250000E-01	-9.62145372E-10	-1.03941561E-09	 7.11865770E-10	 6.70683778E-10	 3.67296733E-06	 9.94118696E-07	 8.38054752E-08	-7.31368269E-07
 6.300000E-01	-1.02956897E-09	-1.12436571E-09	 7.64382594E-10	 6.84819783E-10	 3.92699589E-06	 1.03287355E-06	 9.25099467E-08	-8.07258939E-07
 6.350000E-01	-1.09710791E-09	-1.20604871E-09	 8.22003901E-10	 6.86016935E-10	 4.19650926E-06	 1.07223859E-06	 1.02195781E-07	-8.90577041E-07
 6.400000E-01	-1.16894911E-09	-1.29430988E-09	 8.80314481E-10	 6.82700271E-10	 4.48239514E-06	 1.11245854E-06	 1.13008773E-07	-9.82050440E-07
 6.450000E-01	-1.24984619E-09	-1.39863882E-09	 9.36637108E-10	 6.84091884E-10	 4.78561626E-06	 1.15376582E-06	 1.25089139E-07	-1.08248162E-06
 6.500000E-01	-1.33829892E-09	-1.51485599E-09	 9.92693634E-10	 6.85658808E-10	 5.10652144E-06	 1.19586026E-06	 1.38850070E-07	-1.19210569E-06
 6.550000E-01	-1.43093596E-09	-1.63625653E-09	 1.04960183E-09	 6.79270800E-10	 5.44530917E-06	 1.23847882E-06	 1.54810378E-07	-1.31103036E-06
 6.600000E-01	-1.52999558E-09	-1.76788660E-09	 1.10578290E-09	 6.69186434E-10	 5.80315213E-06	 1.28238088E-06	 1.73381358E-07	-1.44029358E-06
 6.650000E-01	-1.63874804E-09	-1.91476153E-09	 1.16186914E-09	 6.61243547E-10	 6.18160561E-06	 1.32845245E-06	 1.95205804E-07	-1.58107997E-06
 6.700000E-01	-1.75378387E-09	-2.06748665E-09	 1.22207761E-09	 6.46858843E-10	 6.58143952E-06	 1.37669327E-06	 2.21004750E-07	-1.73384888E-06
 6.750000E-01	-1.87081461E-09	-2.21832446E-09	 1.28637354E-09	 6.17780662E-10	 7.00238011E-06	 1.42623663E-06	 2.51698642E-07	-1.89821800E-06
 6.800000E-01	-1.99478171E-09	-2.38106628E-09	 1.34779128E-09	 5.88956103E-10	 7.44449035E-06	 1.47758981E-06	 2.88651828E-07	-2.07434887E-06
 6.850000E-01	-2.13488363E-09	-2.57510022E-09	 1.40296158E-09	 5.84335032E-10	 7.90949891E-06	 1.53236929E-06	 3.32620929E-07	-2.26401253E-06
 6.900000E-01	-2.29368920E-09	-2.80258001E-09	 1.45616799E-09	 6.08971265E-10	 8.39766950E-06	 1.59027561E-06	 3.84632739E-07	-2.46737594E-06
 6.950000E-01	-2.46625542E-09	-3.04774881E-09	 1.51677711E-09	 6.47390748E-10	 8.90872522E-06	 1.65153526E-06	 4.46127547E-07	-2.68426880E-06
 7.000000E-01	-2.64209211E-09	-3.28300733E-09	 1.59673508E-09	 6.71540434E-10	 9.44440005E-06	 1.71816803E-06	 5.18008774E-07	-2.91657248E-06
 7.050000E-01	-2.81524331E-09	-3.49800646E-09	 1.69600717E-09	 6.67719959E-10	 1.00062484E-05	 1.79172747E-06	 6.01333372E-07	-3.16586025E-06
 7.100000E-01	-2.99837716E-09	-3.72649439E-09	 1.79861095E-09	 6.67470908E-10	 1.05947343E-05	 1.87308184E-06	 6.97423613E-07	-3.43275261E-06
 7.150000E-01	-3.20649209E-09	-3.99703133E-09	 1.89975470E-09	 7.03738733E-10	 1.12097577E-05	 1.96306486E-06	 8.07647427E-07	-3.71763385E-06
 7.200000E-01	-3.43091707E-09	-4.28117317E-09	 2.01531695E-09	 7.50535358E-10	 1.18514597E-05	 2.06323757E-06	 9.33395740E-07	-4.02125234E-06
 7.250000E-01	-3.65845575E-09	-4.55358128E-09	 2.14700066E-09	 7.73163292E-10	 1.25206327E-05	 2.17612714E-06	 1.07596570E-06	-4.34507379E-06
 7.300000E-01	-3.90375336E-09	-4.85655254E-09	 2.26998675E-09	 8.00991518E-10	 1.32181448E-05	 2.30448420E-06	 1.23675459E-06	-4.69060414E-06
 7.350000E-01	-4.18726961E-09	-5.22756584E-09	 2.37789942E-09	 8.70289834E-10	 1.39444467E-05	 2.45043134E-06	 1.41719416E-06	-5.05871652E-06
 7.400000E-01	-4.49728416E-09	-5.62300410E-09	 2.49965162E-09	 9.42796514E-10	 1.47002391E-05	 2.61721773E-06	 1.61885780E-06	-5.45072819E-06
 7.450000E-01	-4.81231071E-09	-5.99647071E-09	 2.64658921E-09	 9.66167682E-10	 1.54865497E-05	 2.80787976E-06	 1.84312312E-06	-5.86815219E-06
 7.500000E-01	-5.14138409E-09	-6.38237378E-09	 2.78990899E-09	 9.62000006E-10	 1.63033320E-05	 3.02356378E-06	 2.09101138E-06	-6.31088107E-06
 7.550000E-01	-5.50536748E-09	-6.82576966E-09	 2.91360244E-09	 9.77325943E-10	 1.71515365E-05	 3.26817796E-06	 2.36387424E-06	-6.77992936E-06
 7.600000E-01	-5.90031325E-09	-7.30400938E-09	 3.03936294E-09	 1.00576812E-09	 1.80336309E-05	 3.54764970E-06	 2.66365552E-06	-7.27755993E-06
 7.650000E-01	-6.31335000E-09	-7.78843107E-09	 3.17647022E-09	 1.02184061E-09	 1.89512634E-05	 3.86642240E-06	 2.99184289E-06	-7.80463618E-06
 7.700000E-01	-6.75440177E-09	-8.31151902E-09	 3.29724612E-09	 1.03860231E-09	 1.99046450E-05	 4.22752837E-06	 3.34936278E-06	-8.36043989E-06
 7.750000E-01	-7.24039548E-09	-8.90270405E-09	 3.39236108E-09	 1.07830075E-09	 2.08935580E-05	 4.63689851E-06	 3.73859951E-06	-8.94439833E-06
 7.800000E-01	-7.76397644E-09	-9.51820677E-09	 3.50251165E-09	 1.12234507E-09	 2.19190344E-05	 5.09702929E-06	 4.15934030E-06	-9.55610747E-06
 7.850000E-01	-8.30870566E-09	-1.01145256E-08	 3.64679403E-09	 1.13603002E-09	 2.29804253E-05	 5.60738822E-06	 4.60980371E-06	-1.01914763E-05
 7.900000E-01	-8.88532990E-09	-1.07330619E-08	 3.78162556E-09	 1.12158777E-09	 2.40825103E-05	 6.18072772E-06	 5.09272266E-06	-1.08515057E-05
 7.950000E-01	-9.51732309E-09	-1.14260059E-08	 3.87282806E-09	 1.09896428E-09	 2.52329261E-05	 6.82659181E-06	 5.60897222E-06	-1.15378651E-05
 8.000000E-01	-1.02076202E-08	-1.21837005E-08	 3.93312287E-09	 1.06830278E-09	 2.64314405E-05	 7.54905905E-06	 6.15818030E-06	-1.22440372E-05
 8.050000E-01	-1.09485000E-08	-1.29809693E-08	 3.98033307E-09	 1.02057579E-09	 2.76767880E-05	 8.35741924E-06	 6.74236309E-06	-1.29649561E-05
 8.100000E-01	-1.17382282E-08	-1.38140654E-08	 4.01143846E-09	 9.51733681E-10	 2.89627704E-05	 9.25414083E-06	 7.36031593E-06	-1.36923096E-05
 8.150000E-01	-1.25790010E-08	-1.46771037E-08	 4.03045333E-09	 8.64231897E-10	 3.02819188E-05	 1.02335216E-05	 8.00344771E-06	-1.44153027E-05
 8.200000E-01	-1.34668976E-08	-1.55463906E-08	 4.06069084E-09	 7.65248515E-10	 3.16337476E-05	 1.13013113E-05	 8.66699338E-06	-1.51241782E-05
 8.250000E-01	-1.43997464E-08	-1.64201993E-08	 4.09638762E-09	 6.46732292E-10	 3.30325754E-05	 1.24733986E-05	 9.34823857E-06	-1.58144865E-05
 8.300000E-01	-1.53927370E-08	-1.73514337E-08	 4.06910619E-09	 4.77201676E-10	 3.44943215E-05	 1.37582733E-05	 1.00401720E-05	-1.64767321E-05
 8.350000E-01	-1.64658823E-08	-1.83840980E-08	 3.93808817E-09	 2.51643908E-10	 3.60210945E-05	 1.51659286E-05	 1.07413288E-05	-1.70949535E-05
 8.400000E-01	-1.76129000E-08	-1.94669266E-08	 3.77087489E-09	 6.03151682E-12	 3.76027745E-05	 1.66905332E-05	 1.14409667E-05	-1.76515893E-05
 8.450000E-01	-1.88066835E-08	-2.05337831E-08	 3.62175519E-09	-2.47914467E-10	 3.92228089E-05	 1.83206769E-05	 1.21235317E-05	-1.81231669E-05
 8.500000E-01	-2.00416750E-08	-2.16050169E-08	 3.44397486E-09	-5.45242414E-10	 4.08802980E-05	 2.00555278E-05	 1.27753954E-05	-1.84936336E-05
 8.550000E-01	-2.13369706E-08	-2.27155348E-08	 3.19528278E-09	-9.05167202E-10	 4.25933659E-05	 2.18845279E-05	 1.33704749E-05	-1.87488085E-05
 8.600000E-01	-2.27174214E-08	-2.38521459E-08	 2.91112708E-09	-1.29505838E-09	 4.44084603E-05	 2.38073960E-05	 1.38854886E-05	-1.88745401E-05
 8.650000E-01	-2.41994701E-08	-2.49987756E-08	 2.61437190E-09	-1.70370025E-09	 4.63772510E-05	 2.58367690E-05	 1.43111257E-05	-1.88482281E-05
 8.700000E-01	-2.57971167E-08	-2.61789602E-08	 2.25519336E-09	-2.18009354E-09	 4.85337042E-05	 2.79671464E-05	 1.46358965E-05	-1.86412310E-05
 8.750000E-01	-2.75179813E-08	-2.74035035E-08	 1.80255786E-09	-2.74156034E-09	 5.08750689E-05	 3.01637418E-05	 1.48403370E-05	-1.82190936E-05
 8.800000E-01	-2.93531169E-08	-2.86170956E-08	 1.32589170E-09	-3.30418653E-09	 5.33777318E-05	 3.23874764E-05	 1.49096351E-05	-1.75443419E-05
 8.850000E-01	-3.12794673E-08	-2.97540010E-08	 8.85041728E-10	-3.81929775E-09	 5.60513320E-05	 3.46083024E-05	 1.48349989E-05	-1.65870421E-05
 8.900000E-01	-3.33007827E-08	-3.08511105E-08	 3.71890117E-10	-4.41643891E-09	 5.89369066E-05	 3.67941908E-05	 1.46097416E-05	-1.53215429E-05
 8.950000E-01	-3.54512201E-08	-3.19618438E-08	-3.07555632E-10	-5.16837092E-09	 6.20784802E-05	 3.89069292E-05	 1.42368151E-05	-1.37088530E-05
 9.000000E-01	-3.77711293E-08	-3.30867967E-08	-1.13433223E-09	-6.01917789E-09	 6.55046322E-05	 4.09223186E-05	 1.37539605E-05	-1.17038400E-05
 9.050000E-01	-4.02205483E-08	-3.41142133E-08	-2.00749431E-09	-6.84450729E-09	 6.91505767E-05	 4.27370834E-05	 1.32225835E-05	-9.23487621E-06
 9.100000E-01	-4.26690933E-08	-3.49855169E-08	-2.96297279E-09	-7.66501105E-09	 7.29008549E-05	 4.42732041E-05	 1.26758764E-05	-6.38488854E-06
 9.150000E-01	-4.51424646E-08	-3.57187961E-08	-4.21373539E-09	-8.77049921E-09	 7.66301040E-05	 4.52927260E-05	 1.22483940E-05	-2.92181834E-06
 9.200000E-01	-4.75337972E-08	-3.62758842E-08	-5.60072852E-09	-9.73217401E-09	 8.04083073E-05	 4.59761881E-05	 1.20341427E-05	 7.63228507E-07
 9.250000E-01	-4.99973589E-08	-3.67985338E-08	-7.58749255E-09	-1.13545058E-08	 8.40975957E-05	 4.59547545E-05	 1.21761025E-05	 5.03245466E-06
 9.300000E-01	-5.21091733E-08	-3.65464706E-08	-9.64234372E-09	-1.27595819E-08	 8.71190673E-05	 4.48455087E-05	 1.35860939E-05	 1.05383429E-05
 9.350000E-01	-5.35320282E-08	-3.60670240E-08	-1.22135883E-08	-1.40186538E-08	 8.96640103E-05	 4.36146663E-05	 1.59806206E-05	 1.51185225E-05
 9.400000E-01	-5.56586825E-08	-3.62836942E-08	-1.41389824E-08	-1.34204132E-08	 9.21947853E-05	 4.23431803E-05	 1.73036249E-05	 1.75251046E-05
 9.450000E-01	-5.39024713E-08	-3.22789217E-08	-1.50064636E-08	-1.15257342E-08	 9.29999776E-05	 4.07644419E-05	 2.18021634E-05	 1.85725648E-05
 9.500000E-01	-5.44698833E-08	-3.09255321E-08	-1.88288850E-08	-1.46545162E-08	 9.10320974E-05	 3.15099782E-05	 2.27841075E-05	 1.88017981E-05
 9.550000E-01	-5.09142621E-08	-2.44654003E-08	-1.47208829E-08	-8.88465808E-09	 8.79395718E-05	 2.39261070E-05	 2.59097286E-05	 2.17187006E-05
 9.600000E-01	-4.92894081E-08	-3.21447285E-08	-2.98502835E-08	-2.19121505E-08	 8.05666178E-05	 3.59266821E-05	 4.55430257E-05	 2.27105465E-05
 9.650000E-01	-5.60246109E-08	-4.66414314E-08	-4.12876435E-08	-2.75497800E-08	 1.31833745E-04	 1.23686533E-04	 4.06722511E-05	 6.51789339E-05
 9.700000E-01	-8.13237245E-08	-4.76889849E-08	-1.56424975E-08	 2.50395352E-08	-2.38479239E-04	-3.30011664E-04	 3.93619141E-03	 3.21495299E-03
 9.750000E-01	-2.50168178E-07	-1.74002207E-07	-6.45839148E-08	 1.32153132E-07	-1.93687246E-02	 9.35077818E-03	 7.52731411E-02	 1.59772657E-02
 9.800000E-01	-1.38639124E-07	-7.84562707E-08	 2.74558055E-07	 6.98629584E-07	-1.19629533E-01	 2.38223128E-01	 1.49344213E-01	-2.72994834E-01
 9.850000E-01	 8.61580977E-07	 8.33736894E-07	-9.82703363E-09	-2.95702320E-07	-4.61132009E-01	-4.26826386E-01	 2.66248668E-01	 7.06627075E-01
 9.900000E-01	 2.45203755E-06	 5.53872932E-06	 6.44640122E-08	-4.20024453E-06	-4.06811124E+00	-6.13910349E+00	 8.26261234E-01	 5.89644845E+00
 9.950000E-01	-1.63225450E-05	-1.67695927E-04	-5.16580579E-05	 1.46838383E-04	 5.37616920E+00	 1.90141695E+02	 6.90837014E+01	-1.57003455E+02
 1.000000E+00	-2.25807390E-05	-2.25440810E-04	-6.88988978E-05	 1.97184590E-04	 8.52426255E+00	 2.55568625E+02	 9.18361805E+01	-2.11303420E+02
