 12-Aug-25 07/09/2014
     1               1
  0.100000000E+01
*   1.000             1               0 DN    3   2 CLC    40   41
  0.000000000E+00 0.170000000E+03 0.200000000E+01 0.983571429E+06
  0.983571429E+06 0.170441351E+03-0.156012044E+00 0.569486626E+02
  0.197442180E+01 0.602776897E+00 0.606180116E+00 0.186099946E+08
  0.179073357E+03-0.666738996E-01 0.101435209E+02 0.241881554E+01
  0.182601431E+01 0.905394308E+00 0.100000000E+11 0.125998620E+01
  0.100000000E+11 0.100000000E+11 0.575386630E+01-0.493382630E+00
  0.214526324E+03 0.150229946E+03 0.110183329E+03
  0.000000000E+00 0.000000000E+00 0.000000000E+00
  0.113897325E+03 0.111745191E+03
  0.000000000E+00 0.000000000E+00
  0.533951246E+01 0.229590141E+00 0.249439648E+01 0.335616324E+01
  0.830514642E+00 0.143206771E+02-0.500000000E+02-0.500000000E+02
 -0.500000000E+02 0.161298083E+00 0.179941465E+05 0.106907525E+07
  0.657348347E-04 0.150736574E+01 0.169817449E+01-0.129129572E-01
  0.148061314E+01 0.167855025E+03 0.000000000E+00 0.000000000E+00
  0.135920204E+03-0.112596693E+03 0.136114013E+03 0.112284669E+03
 -0.100000000E+03-0.500000000E+02 0.186940506E+01 0.188408893E+01
  0.100000000E+03 0.243489710E+02 0.432125209E+02 0.125998620E+01
  0.180458574E+03-0.142568242E-01 0.365173156E+00 0.000000000E+00
  0.126837148E+01 0.168013834E+01 0.742592514E+06 0.000000000E+00
  0.000000000E+00 0.000000000E+00 0.111249281E+01 0.100000000E+02
    44   60   18    6
  0.881947135E-01 0.874463965E-01 0.107483784E+00 0.130251830E+00
  0.183522768E+00-0.922187110E-01-0.960856446E-01 0.254198298E+00
  0.874717183E-01 0.879472725E-01 0.876757723E-01 0.106213197E+00
  0.133358786E+00 0.188270422E+00-0.914007460E-01-0.100287734E+00
  0.246601250E+00 0.932070730E-01 0.970644414E-01 0.950271709E-01
  0.102222411E+00 0.122022385E+00 0.149971554E+00 0.203024589E+00
  0.944648996E-01-0.635245090E-01-0.465303059E-01-0.118219208E+00
 -0.587610720E-01 0.951758333E-01 0.101492261E+00 0.122480643E+00
  0.152159435E+00 0.201188166E+00 0.649589555E-01-0.660760170E-01
 -0.449431374E-01-0.118812080E+00-0.571220242E-01 0.187594038E+00
  0.130748012E+00 0.165948332E+00 0.133131346E+00 0.948828735E-01
  0.291612709E+00 0.286297126E+00 0.251683475E+00 0.144830422E+00
  0.115941050E+00-0.101638441E-01-0.198266496E+00 0.125102706E-02
  0.124766946E+00 0.191507283E+00 0.269045155E+00 0.247641272E+00
  0.319384668E+00 0.315305082E+00 0.274718157E+00 0.286977036E+00
  0.250082069E+00 0.152485198E+00 0.108633228E+00-0.356793670E-01
 -0.185224302E+00-0.416802425E-01 0.540151207E-01 0.128846707E+00
  0.227799780E+00 0.269968507E+00 0.252119354E+00 0.323271554E+00
  0.310616492E+00-0.206197228E+00-0.100720127E+00 0.283469088E-01
  0.125292392E+00 0.144146675E+00 0.202376843E+00 0.260908771E+00
  0.247316361E+00 0.268609878E+00 0.314896916E+00 0.271986165E+00
  0.312219271E+00 0.269823307E+00 0.252001414E+00 0.265801479E+00
  0.224444446E+00 0.129069417E+00 0.534709254E-01-0.325773609E-01
 -0.180953670E+00-0.327998072E-01 0.109196539E+00 0.153646184E+00
  0.250658160E+00 0.287094742E+00 0.291660188E+00 0.286377048E+00
  0.252678281E+00 0.148717018E+00 0.118160278E+00-0.207767084E-01
 -0.183778674E+05-0.291081553E+05 0.341879518E+05 0.703108792E+05
  0.121288605E+06-0.197397898E+06-0.187153266E+06 0.280079245E+06
 -0.506340729E+05-0.200271801E+05-0.259378069E+05 0.277261379E+05
  0.777080873E+05 0.135212694E+06-0.195302042E+06-0.192259026E+06
  0.256100400E+06-0.393910126E+05
  0.000000000E+00 0.000000000E+00 0.000000000E+00 0.000000000E+00
  0.000000000E+00 0.000000000E+00
  0.000000000E+00 0.129356142E+03 0.115175000E+03 0.137467352E+03
  0.115175002E+03 0.000000000E+00 0.000000000E+00 0.000000000E+00
  0.000000000E+00 0.000000000E+00 0.756250941E+02 0.000000000E+00
  0.300175999E+00 0.174857113E+01 0.746342229E-02-0.352056335E+00
 -0.618017518E+00 0.000000000E+00 0.999000000E+03 0.194302201E+01
  0.150225258E+02 0.169762635E+01 0.000000000E+00 0.134785498E+00
 -0.999000000E+03-0.999000000E+03 0.627605342E+01 0.740624260E-01
  0.109312550E+00 0.116927134E+01 0.113492689E+01 0.227167258E+01
  0.549130115E+02 0.270000073E+01 0.249321149E+02 0.247051129E+02
 -0.890000000E+02-0.890000000E+02-0.890000000E+02-0.890000000E+02
  0.229014872E+01 0.129356142E+03 0.115175000E+03 0.129561409E+03
 -0.115175000E+03 0.137467352E+03 0.115175002E+03 0.137404779E+03
 -0.115175002E+03 0.000000000E+00-0.990000000E+02 0.230503297E+00
 -0.990000000E+02 0.175640625E+03 0.000000000E+00 0.682203484E+00
  0.100000000E+01 0.000000000E+00 0.000000000E+00 0.000000000E+00
                                            EQG
