r	R 12/12	R 13/12	R 14/12	R 15/12	I 12/12	I 13/12	I 14/12	I 15/12
 0.000000E+00	 0.00000000E+00	 0.00000000E+00	 0.00000000E+00	 0.00000000E+00	 0.00000000E+00	 0.00000000E+00	 0.00000000E+00	 0.00000000E+00
 5.000000E-03	-8.88672554E-26	 5.66102469E-27	 1.29922216E-25	-2.12558922E-26	 1.20651914E-22	-1.44297289E-23	-4.96483635E-24	-2.99888340E-23
 1.000000E-02	-4.98780113E-24	 6.75164334E-25	 1.92834664E-24	-3.69709964E-25	 9.63767043E-22	 7.81442559E-22	 3.73068394E-21	-1.03966328E-21
 1.500000E-02	-7.20499355E-23	 1.11266447E-23	 5.45168307E-24	-1.61261126E-24	-5.95678316E-20	 2.53799767E-20	 7.88694036E-20	-1.13769269E-20
 2.000000E-02	-4.96874424E-22	 8.00006732E-23	-8.25489925E-23	-1.29389803E-25	-1.33137506E-18	 3.06672743E-19	 7.83058936E-19	-6.09611854E-20
 2.500000E-02	-1.75030707E-21	 3.29033871E-22	-9.68814214E-22	 4.05709548E-24	-1.38737213E-17	 2.17546962E-18	 5.00685834E-18	-1.57287348E-19
 3.000000E-02	-1.28699643E-21	 1.02280936E-21	-5.30455577E-21	-2.36127955E-22	-9.51752466E-17	 1.06704153E-17	 2.37301044E-17	 1.34658085E-19
 3.500000E-02	 1.84904079E-20	 3.32446259E-21	-1.76946596E-20	-1.54509447E-21	-4.91382121E-16	 3.92002245E-17	 9.03496622E-17	 3.38998490E-18
 4.000000E-02	 1.16781632E-19	 1.42976831E-20	-4.29217412E-20	-5.63200065E-21	-2.05646995E-15	 1.11410990E-16	 2.90800681E-16	 1.92461761E-17
 4.500000E-02	 4.59631838E-19	 6.41997398E-20	-9.15694482E-20	-1.71339479E-20	-7.31512831E-15	 2.39508044E-16	 8.18779894E-16	 7.60680497E-17
 5.000000E-02	 1.47063652E-18	 2.42187905E-19	-1.72834196E-19	-4.27559621E-20	-2.28503590E-14	 3.21658775E-16	 2.06514883E-15	 2.44851003E-16
 5.500000E-02	 4.07332867E-18	 7.67106528E-19	-2.33189624E-19	-8.03798045E-20	-6.41766868E-14	-1.70340641E-16	 4.74483320E-15	 6.82704562E-16
 6.000000E-02	 9.86294698E-18	 2.06024367E-18	 1.07253093E-19	-2.72611652E-20	-1.64943527E-13	-2.96719361E-15	 1.00480402E-14	 1.70398196E-15
 6.500000E-02	 2.06795323E-17	 4.80325361E-18	 2.08795360E-18	 5.27167593E-19	-3.93235179E-13	-1.26982732E-14	 1.97679190E-14	 3.88470513E-15
 7.000000E-02	 3.76348855E-17	 1.03561551E-17	 7.69618581E-18	 2.30228798E-18	-8.78919521E-13	-4.02719555E-14	 3.62933366E-14	 8.19722811E-15
 7.500000E-02	 6.09414867E-17	 2.14924778E-17	 1.88634615E-17	 6.10559470E-18	-1.85745585E-12	-1.09156441E-13	 6.22469638E-14	 1.61527587E-14
 8.000000E-02	 9.09557874E-17	 4.34221507E-17	 3.69077748E-17	 1.24180234E-17	-3.73729693E-12	-2.66395604E-13	 9.93793605E-14	 2.98907206E-14
 8.500000E-02	 1.30944912E-16	 8.58661363E-17	 6.16707206E-17	 2.06915965E-17	-7.19998055E-12	-6.01008708E-13	 1.46078955E-13	 5.20882576E-14
 9.000000E-02	 1.91284741E-16	 1.64834129E-16	 9.29302387E-17	 2.96777507E-17	-1.33441339E-11	-1.27347521E-12	 1.92498139E-13	 8.54603627E-14
 9.500000E-02	 2.91042850E-16	 3.04267362E-16	 1.34476859E-16	 3.89690382E-17	-2.38868502E-11	-2.56127098E-12	 2.11814882E-13	 1.31464791E-13
 1.000000E-01	 4.49477708E-16	 5.31717174E-16	 2.05388854E-16	 5.66338863E-17	-4.14380685E-11	-4.92695778E-12	 1.45503465E-13	 1.87608321E-13
 1.050000E-01	 6.58195166E-16	 8.73197316E-16	 3.50796964E-16	 1.04471906E-16	-6.98656422E-11	-9.11705315E-12	-1.20312003E-13	 2.42450553E-13
 1.100000E-01	 8.74578199E-16	 1.38433293E-15	 6.10867856E-16	 1.90447803E-16	-1.14770493E-10	-1.63020263E-11	-7.91373134E-13	 2.67011700E-13
 1.150000E-01	 1.07746757E-15	 2.18794338E-15	 9.90267380E-16	 2.87318988E-16	-1.84092233E-10	-2.82703129E-11	-2.22005996E-12	 2.00743721E-13
 1.200000E-01	 1.28632267E-15	 3.45115640E-15	 1.51450016E-15	 3.75059286E-16	-2.88865770E-10	-4.76909081E-11	-4.98508907E-12	-7.04897613E-14
 1.250000E-01	 1.48203591E-15	 5.35185895E-15	 2.30078555E-15	 4.87113238E-16	-4.44150512E-10	-7.84612583E-11	-1.00041805E-11	-7.47698004E-13
 1.300000E-01	 1.50222330E-15	 8.04837114E-15	 3.58198464E-15	 7.40551252E-16	-6.70152953E-10	-1.26160337E-10	-1.86899892E-11	-2.16750025E-12
 1.350000E-01	 9.11570545E-16	 1.16459763E-14	 5.71247518E-15	 1.34666802E-15	-9.93558660E-10	-1.98628230E-10	-3.31613229E-11	-4.87156085E-12
 1.400000E-01	-1.06047515E-15	 1.63091563E-14	 9.09051317E-15	 2.50152559E-15	-1.44908926E-09	-3.06696696E-10	-5.65240861E-11	-9.70322402E-12
 1.450000E-01	-5.42038007E-15	 2.24048903E-14	 1.40935505E-14	 4.31051686E-15	-2.08129463E-09	-4.65097549E-10	-9.32391165E-11	-1.79393729E-11
 1.500000E-01	-1.33446600E-14	 3.05495864E-14	 2.11443441E-14	 6.83499096E-15	-2.94654869E-09	-6.93560413E-10	-1.49595462E-10	-3.14672737E-11
 1.550000E-01	-2.62267886E-14	 4.14740546E-14	 3.08286901E-14	 1.03127773E-14	-4.11516481E-09	-1.01808413E-09	-2.34303320E-10	-5.30164149E-11
 1.600000E-01	-4.63548345E-14	 5.47339929E-14	 4.42558126E-14	 1.61434948E-14	-5.67380117E-09	-1.47244852E-09	-3.59204546E-10	-8.64497083E-11
 1.650000E-01	-7.84642985E-14	 6.75773844E-14	 6.31590143E-14	 2.71748445E-14	-7.72799378E-09	-2.09994347E-09	-5.40136565E-10	-1.37126377E-10
 1.700000E-01	-1.29441637E-13	 7.77393665E-14	 8.86977097E-14	 4.49692459E-14	-1.04047652E-08	-2.95530490E-09	-7.97954825E-10	-2.12344498E-10
 1.750000E-01	-2.05263882E-13	 8.62668802E-14	 1.20465747E-13	 6.83076319E-14	-1.38552379E-08	-4.10685697E-09	-1.15973025E-09	-3.21873524E-10
 1.800000E-01	-3.10925044E-13	 9.30315784E-14	 1.57778220E-13	 9.74146205E-14	-1.82572481E-08	-5.63883485E-09	-1.66011078E-09	-4.78582733E-10
 1.850000E-01	-4.54793121E-13	 9.14525480E-14	 2.00885151E-13	 1.36870359E-13	-2.38188743E-08	-7.65420119E-09	-2.34281572E-09	-6.99151974E-10
 1.900000E-01	-6.49959703E-13	 7.11849094E-14	 2.49411325E-13	 1.91733019E-13	-3.07815258E-08	-1.02776286E-08	-3.26243508E-09	-1.00490596E-09
 1.950000E-01	-9.11420990E-13	 2.22622027E-14	 3.00484862E-13	 2.63949129E-13	-3.94222100E-08	-1.36584206E-08	-4.48645316E-09	-1.42277852E-09
 2.000000E-01	-1.25454179E-12	-6.44375866E-14	 3.48937398E-13	 3.52636007E-13	-5.00561892E-08	-1.79737021E-08	-6.09736862E-09	-1.98637416E-09
 2.050000E-01	-1.69468072E-12	-1.97527359E-13	 3.87990527E-13	 4.54894074E-13	-6.30395117E-08	-2.34317230E-08	-8.19498592E-09	-2.73713684E-09
 2.100000E-01	-2.24678647E-12	-3.86181639E-13	 4.09285006E-13	 5.66475123E-13	-7.87708926E-08	-3.02749424E-08	-1.08988099E-08	-3.72560564E-09
 2.150000E-01	-2.92552012E-12	-6.41357709E-13	 4.02673723E-13	 6.82080057E-13	-9.76925667E-08	-3.87826095E-08	-1.43503997E-08	-5.01268427E-09
 2.200000E-01	-3.74555380E-12	-9.77753193E-13	 3.55430340E-13	 7.95616973E-13	-1.20292496E-07	-4.92739620E-08	-1.87157304E-08	-6.67094851E-09
 2.250000E-01	-4.72246798E-12	-1.41510452E-12	 2.51573099E-13	 8.99536196E-13	-1.47105829E-07	-6.21111346E-08	-2.41876552E-08	-8.78601165E-09
 2.300000E-01	-5.87265663E-12	-1.97346379E-12	 7.30382520E-14	 9.81613531E-13	-1.78715927E-07	-7.77017378E-08	-3.09883160E-08	-1.14579273E-08
 2.350000E-01	-7.21162362E-12	-2.66821752E-12	-1.98385268E-13	 1.02369691E-12	-2.15756211E-07	-9.65018138E-08	-3.93716044E-08	-1.48026433E-08
 2.400000E-01	-8.75384377E-12	-3.51276275E-12	-5.80378213E-13	 1.00510486E-12	-2.58912261E-07	-1.19018878E-07	-4.96256956E-08	-1.89535410E-08
 2.450000E-01	-1.05144954E-11	-4.52097870E-12	-1.08902074E-12	 9.04624919E-13	-3.08921866E-07	-1.45813537E-07	-6.20752363E-08	-2.40629850E-08
 2.500000E-01	-1.25105734E-11	-5.69873672E-12	-1.73347363E-12	 6.97999608E-13	-3.66576169E-07	-1.77501104E-07	-7.70831353E-08	-3.03037726E-08
 2.550000E-01	-1.47585812E-11	-7.04365003E-12	-2.51712773E-12	 3.61258631E-13	-4.32720788E-07	-2.14752817E-07	-9.50520130E-08	-3.78704789E-08
 2.600000E-01	-1.72715606E-11	-8.60247405E-12	-3.47251078E-12	-1.11313676E-13	-5.08256191E-07	-2.58296037E-07	-1.16425015E-07	-4.69805979E-08
 2.650000E-01	-2.00727288E-11	-1.05116330E-11	-4.68224396E-12	-7.08945113E-13	-5.94140886E-07	-3.08915077E-07	-1.41685968E-07	-5.78752285E-08
 2.700000E-01	-2.32134527E-11	-1.28447368E-11	-6.18413586E-12	-1.45170214E-12	-6.91394700E-07	-3.67451662E-07	-1.71359142E-07	-7.08194143E-08
 2.750000E-01	-2.67440653E-11	-1.54684266E-11	-7.89125271E-12	-2.39530614E-12	-8.01102157E-07	-4.34804956E-07	-2.06008814E-07	-8.61024079E-08
 2.800000E-01	-3.06682848E-11	-1.82794805E-11	-9.75014896E-12	-3.54893239E-12	-9.24418637E-07	-5.11932236E-07	-2.46238259E-07	-1.04037397E-07
 2.850000E-01	-3.49722839E-11	-2.14640467E-11	-1.18974532E-11	-4.85612692E-12	-1.06257583E-06	-5.99848785E-07	-2.92687597E-07	-1.24960060E-07
 2.900000E-01	-3.96899110E-11	-2.52318224E-11	-1.44699379E-11	-6.29011076E-12	-1.21688983E-06	-6.99629837E-07	-3.46032129E-07	-1.49226713E-07
 2.950000E-01	-4.48849209E-11	-2.94900270E-11	-1.73944657E-11	-7.88400051E-12	-1.38876751E-06	-8.12414013E-07	-4.06982551E-07	-1.77213145E-07
 3.000000E-01	-5.05782426E-11	-3.40749512E-11	-2.05704870E-11	-9.65601776E-12	-1.57971339E-06	-9.39406629E-07	-4.76285214E-07	-2.09313626E-07
 3.050000E-01	-5.67473275E-11	-3.90649195E-11	-2.40867610E-11	-1.15920634E-11	-1.79134165E-06	-1.08188142E-06	-5.54718681E-07	-2.45937342E-07
 3.100000E-01	-6.33922866E-11	-4.46077721E-11	-2.80671976E-11	-1.37012717E-11	-2.02538658E-06	-1.24118241E-06	-6.43090560E-07	-2.87503956E-07
 3.150000E-01	-7.05562911E-11	-5.06688752E-11	-3.24759149E-11	-1.60255435E-11	-2.28370900E-06	-1.41872805E-06	-7.42238166E-07	-3.34441178E-07
 3.200000E-01	-7.82812218E-11	-5.71522022E-11	-3.72316377E-11	-1.86090321E-11	-2.56830660E-06	-1.61601588E-06	-8.53028357E-07	-3.87181554E-07
 3.250000E-01	-8.65881759E-11	-6.40890877E-11	-4.23650686E-11	-2.14993936E-11	-2.88132747E-06	-1.83462906E-06	-9.76359243E-07	-4.46160388E-07
 3.300000E-01	-9.55074781E-11	-7.15729740E-11	-4.79562918E-11	-2.47648334E-11	-3.22508693E-06	-2.07624749E-06	-1.11316614E-06	-5.11815750E-07
 3.350000E-01	-1.05089948E-10	-7.96493705E-11	-5.40474172E-11	-2.84882220E-11	-3.60207763E-06	-2.34265718E-06	-1.26442960E-06	-5.84590071E-07
 3.400000E-01	-1.15373456E-10	-8.83698469E-11	-6.07070437E-11	-3.27534508E-11	-4.01496782E-06	-2.63575025E-06	-1.43118105E-06	-6.64932503E-07
 3.450000E-01	-1.26363529E-10	-9.78606469E-11	-6.80880835E-11	-3.76387598E-11	-4.46660609E-06	-2.95752026E-06	-1.61450207E-06	-7.53299028E-07
 3.500000E-01	-1.38077973E-10	-1.08195810E-10	-7.62800121E-11	-4.31878455E-11	-4.96003088E-06	-3.31006501E-06	-1.81552674E-06	-8.50154648E-07
 3.550000E-01	-1.50554834E-10	-1.19292388E-10	-8.52181126E-11	-4.93859171E-11	-5.49847696E-06	-3.69560034E-06	-2.03545040E-06	-9.55979350E-07
 3.600000E-01	-1.63710680E-10	-1.31252524E-10	-9.50828462E-11	-5.62543605E-11	-6.08538876E-06	-4.11647810E-06	-2.27553678E-06	-1.07127625E-06
 3.650000E-01	-1.77289076E-10	-1.44672105E-10	-1.06595967E-10	-6.39704770E-11	-6.72443779E-06	-4.57519590E-06	-2.53711288E-06	-1.19657458E-06
 3.700000E-01	-1.91138778E-10	-1.60043448E-10	-1.20304121E-10	-7.27367458E-11	-7.41954352E-06	-5.07440884E-06	-2.82156142E-06	-1.33242876E-06
 3.750000E-01	-2.05417353E-10	-1.77063125E-10	-1.35840363E-10	-8.25619770E-11	-8.17488852E-06	-5.61694836E-06	-3.13032633E-06	-1.47942233E-06
 3.800000E-01	-2.20424835E-10	-1.94985183E-10	-1.52354317E-10	-9.33049564E-11	-8.99492426E-06	-6.20584068E-06	-3.46492680E-06	-1.63817068E-06
 3.850000E-01	-2.36382668E-10	-2.13271672E-10	-1.69247357E-10	-1.04842810E-10	-9.88436880E-06	-6.84432070E-06	-3.82697381E-06	-1.80931612E-06
 3.900000E-01	-2.53217273E-10	-2.32034323E-10	-1.86735786E-10	-1.17259305E-10	-1.08482154E-05	-7.53585418E-06	-4.21819282E-06	-1.99352242E-06
 3.950000E-01	-2.70515320E-10	-2.52176661E-10	-2.05995043E-10	-1.30944962E-10	-1.18917516E-05	-8.28415097E-06	-4.64043302E-06	-2.19146912E-06
 4.000000E-01	-2.88068744E-10	-2.74273954E-10	-2.27697586E-10	-1.46170767E-10	-1.30205619E-05	-9.09318534E-06	-5.09566941E-06	-2.40384380E-06
 4.050000E-01	-3.06257677E-10	-2.97440923E-10	-2.50704871E-10	-1.62603604E-10	-1.42405241E-05	-9.96720202E-06	-5.58599785E-06	-2.63133670E-06
 4.100000E-01	-3.25561984E-10	-3.20305563E-10	-2.73364819E-10	-1.79635436E-10	-1.55578962E-05	-1.09106927E-05	-6.11358286E-06	-2.87461644E-06
 4.150000E-01	-3.46044267E-10	-3.42462745E-10	-2.95267658E-10	-1.97006284E-10	-1.69793497E-05	-1.19283764E-05	-6.68062248E-06	-3.13430460E-06
 4.200000E-01	-3.67151323E-10	-3.64975586E-10	-3.17876666E-10	-2.15150911E-10	-1.85119668E-05	-1.30252214E-05	-7.28936353E-06	-3.41098148E-06
 4.250000E-01	-3.87838272E-10	-3.90129728E-10	-3.44150105E-10	-2.35172655E-10	-2.01632569E-05	-1.42065103E-05	-7.94213753E-06	-3.70518995E-06
 4.300000E-01	-4.07824019E-10	-4.18822627E-10	-3.75062567E-10	-2.57646327E-10	-2.19412260E-05	-1.54779201E-05	-8.64139324E-06	-4.01743417E-06
 4.350000E-01	-4.28338901E-10	-4.48389936E-10	-4.07085587E-10	-2.81553964E-10	-2.38543579E-05	-1.68455284E-05	-9.38971584E-06	-4.34819148E-06
 4.400000E-01	-4.50122679E-10	-4.76505849E-10	-4.37548817E-10	-3.05929258E-10	-2.59116280E-05	-1.83158287E-05	-1.01898313E-05	-4.69791054E-06
 4.450000E-01	-4.71904242E-10	-5.05322465E-10	-4.69597582E-10	-3.31709702E-10	-2.81225732E-05	-1.98957655E-05	-1.10445941E-05	-5.06698624E-06
 4.500000E-01	-4.92657309E-10	-5.37260095E-10	-5.06246907E-10	-3.59974694E-10	-3.04973253E-05	-2.15927508E-05	-1.19569723E-05	-5.45573510E-06
 4.550000E-01	-5.13502820E-10	-5.70020085E-10	-5.44293120E-10	-3.89764929E-10	-3.30466629E-05	-2.34146787E-05	-1.29300302E-05	-5.86436728E-06
 4.600000E-01	-5.35497175E-10	-6.00640627E-10	-5.80130445E-10	-4.19784411E-10	-3.57821352E-05	-2.53699559E-05	-1.39668937E-05	-6.29294351E-06
 4.650000E-01	-5.57655963E-10	-6.30583872E-10	-6.16031311E-10	-4.50610474E-10	-3.87161028E-05	-2.74674674E-05	-1.50706852E-05	-6.74132119E-06
 4.700000E-01	-5.78976309E-10	-6.62080011E-10	-6.54849731E-10	-4.83210055E-10	-4.18618795E-05	-2.97166060E-05	-1.62444687E-05	-7.20909054E-06
 4.750000E-01	-6.00224395E-10	-6.93528811E-10	-6.94354565E-10	-5.17038405E-10	-4.52338544E-05	-3.21273394E-05	-1.74912486E-05	-7.69554927E-06
 4.800000E-01	-6.21737504E-10	-7.23536188E-10	-7.33067986E-10	-5.51735190E-10	-4.88474820E-05	-3.47102673E-05	-1.88140189E-05	-8.19971848E-06
 4.850000E-01	-6.41696925E-10	-7.55441337E-10	-7.75769847E-10	-5.88923774E-10	-5.27192707E-05	-3.74766959E-05	-2.02158045E-05	-8.72034333E-06
 4.900000E-01	-6.59411224E-10	-7.91096073E-10	-8.24560793E-10	-6.29405873E-10	-5.68667166E-05	-4.04387338E-05	-2.16997275E-05	-9.25590778E-06
 4.950000E-01	-6.77742163E-10	-8.24509912E-10	-8.71108395E-10	-6.70556312E-10	-6.13080696E-05	-4.36093394E-05	-2.32691069E-05	-9.80468863E-06
 5.000000E-01	-6.98080751E-10	-8.51513105E-10	-9.10544344E-10	-7.10828931E-10	-6.60621060E-05	-4.70024461E-05	-2.49276014E-05	-1.03648202E-05
 5.050000E-01	-7.16325381E-10	-8.80100887E-10	-9.54331986E-10	-7.54185333E-10	-7.11479249E-05	-5.06332031E-05	-2.66794042E-05	-1.09343559E-05
 5.100000E-01	-7.28883252E-10	-9.18926915E-10	-1.01353100E-09	-8.04817538E-10	-7.65848972E-05	-5.45183218E-05	-2.85294467E-05	-1.15113040E-05
 5.150000E-01	-7.38042171E-10	-9.63591179E-10	-1.08145877E-09	-8.61345144E-10	-8.23922910E-05	-5.86761706E-05	-3.04835217E-05	-1.20936621E-05
 5.200000E-01	-7.46746206E-10	-1.00640153E-09	-1.14822266E-09	-9.21192037E-10	-8.85890478E-05	-6.31269034E-05	-3.25483313E-05	-1.26793630E-05
 5.250000E-01	-7.53256418E-10	-1.04980103E-09	-1.21797837E-09	-9.86061431E-10	-9.51937586E-05	-6.78926753E-05	-3.47315078E-05	-1.32661876E-05
 5.300000E-01	-7.54043487E-10	-1.10128377E-09	-1.30094235E-09	-1.05952024E-09	-1.02224580E-04	-7.29976657E-05	-3.70415266E-05	-1.38516448E-05
 5.350000E-01	-7.47744315E-10	-1.16367806E-09	-1.40052056E-09	-1.14297588E-09	-1.09699673E-04	-7.84683841E-05	-3.94876013E-05	-1.44327491E-05
 5.400000E-01	-7.36585123E-10	-1.23125208E-09	-1.50858493E-09	-1.23433798E-09	-1.17637019E-04	-8.43339043E-05	-4.20798631E-05	-1.50060463E-05
 5.450000E-01	-7.25661786E-10	-1.29067197E-09	-1.60758704E-09	-1.32884583E-09	-1.26054217E-04	-9.06262444E-05	-4.48297230E-05	-1.55677604E-05
 5.500000E-01	-7.15539611E-10	-1.33753181E-09	-1.69333980E-09	-1.42548791E-09	-1.34969216E-04	-9.73812297E-05	-4.77501264E-05	-1.61136798E-05
 5.550000E-01	-6.97773542E-10	-1.38968705E-09	-1.79077554E-09	-1.53107613E-09	-1.44399930E-04	-1.04638188E-04	-5.08553259E-05	-1.66390125E-05
 5.600000E-01	-6.68008646E-10	-1.45874729E-09	-1.91366136E-09	-1.64934741E-09	-1.54364490E-04	-1.12439594E-04	-5.41601812E-05	-1.71378789E-05
 5.650000E-01	-6.36244799E-10	-1.52075450E-09	-2.02847279E-09	-1.77199041E-09	-1.64881937E-04	-1.20830940E-04	-5.76794339E-05	-1.76027667E-05
 5.700000E-01	-6.10556517E-10	-1.55144303E-09	-2.10493906E-09	-1.89186261E-09	-1.75971322E-04	-1.29860270E-04	-6.14275606E-05	-1.80245647E-05
 5.750000E-01	-5.82513101E-10	-1.56792732E-09	-2.16822670E-09	-2.01528699E-09	-1.87652323E-04	-1.39579823E-04	-6.54194688E-05	-1.83924866E-05
 5.800000E-01	-5.42316038E-10	-1.59644272E-09	-2.25178048E-09	-2.15019636E-09	-1.99944188E-04	-1.50047068E-04	-6.96715471E-05	-1.86944441E-05
 5.850000E-01	-4.94220179E-10	-1.62846794E-09	-2.34156111E-09	-2.29383314E-09	-2.12863684E-04	-1.61325159E-04	-7.42027610E-05	-1.89176642E-05
 5.900000E-01	-4.47243329E-10	-1.63981675E-09	-2.40488872E-09	-2.43978952E-09	-2.26423848E-04	-1.73483717E-04	-7.90354141E-05	-1.90489056E-05
 5.950000E-01	-4.03543098E-10	-1.62372855E-09	-2.43314040E-09	-2.58698619E-09	-2.40632353E-04	-1.86599114E-04	-8.41955729E-05	-1.90745204E-05
 6.000000E-01	-3.58978143E-10	-1.59188012E-09	-2.44155772E-09	-2.73983486E-09	-2.55490668E-04	-2.00755270E-04	-8.97133683E-05	-1.89801891E-05
 6.050000E-01	-3.06630174E-10	-1.56473718E-09	-2.45632041E-09	-2.90566635E-09	-2.70992595E-04	-2.16044209E-04	-9.56234705E-05	-1.87508687E-05
 6.100000E-01	-2.42112620E-10	-1.55753725E-09	-2.49533379E-09	-3.08982474E-09	-2.87123284E-04	-2.32567527E-04	-1.01966085E-04	-1.83707193E-05
 6.150000E-01	-1.67472846E-10	-1.56806210E-09	-2.55271523E-09	-3.29247935E-09	-3.03858348E-04	-2.50437856E-04	-1.08788059E-04	-1.78230532E-05
 6.200000E-01	-8.72069176E-11	-1.58559874E-09	-2.61225221E-09	-3.51203403E-09	-3.21161865E-04	-2.69779089E-04	-1.16143709E-04	-1.70905851E-05
 6.250000E-01	-3.28335525E-12	-1.60557669E-09	-2.66683753E-09	-3.74875328E-09	-3.38984545E-04	-2.90727218E-04	-1.24095882E-04	-1.61555583E-05
 6.300000E-01	 8.67740145E-11	-1.63524005E-09	-2.72587878E-09	-4.00558919E-09	-3.57261803E-04	-3.13432556E-04	-1.32718258E-04	-1.50000267E-05
 6.350000E-01	 1.89824212E-10	-1.69311370E-09	-2.81434076E-09	-4.28720951E-09	-3.75909139E-04	-3.38060411E-04	-1.42098639E-04	-1.36076078E-05
 6.400000E-01	 3.10052795E-10	-1.79040719E-09	-2.94634997E-09	-4.59526906E-09	-3.94816975E-04	-3.64791620E-04	-1.52342727E-04	-1.19658375E-05
 6.450000E-01	 4.43003859E-10	-1.91295068E-09	-3.10163895E-09	-4.92632947E-09	-4.13846755E-04	-3.93829253E-04	-1.63581818E-04	-1.00683600E-05
 6.500000E-01	 5.84143675E-10	-2.04214686E-09	-3.25669161E-09	-5.27738641E-09	-4.32819977E-04	-4.25401227E-04	-1.75982732E-04	-7.92078693E-06
 6.550000E-01	 7.37720883E-10	-2.18139123E-09	-3.41991598E-09	-5.64872304E-09	-4.51505768E-04	-4.59755150E-04	-1.89753059E-04	-5.54721205E-06
 6.600000E-01	 9.08901101E-10	-2.33745704E-09	-3.60313487E-09	-6.03979752E-09	-4.69616097E-04	-4.97166636E-04	-2.05150855E-04	-2.99331494E-06
 6.650000E-01	 1.09528865E-09	-2.49530524E-09	-3.78785973E-09	-6.44831311E-09	-4.86788729E-04	-5.37946904E-04	-2.22502898E-04	-3.35749820E-07
 6.700000E-01	 1.29728111E-09	-2.64212205E-09	-3.96322933E-09	-6.87596081E-09	-5.02572865E-04	-5.82431608E-04	-2.42207513E-04	 2.30939239E-06
 6.750000E-01	 1.52910452E-09	-2.79741591E-09	-4.16832776E-09	-7.32942059E-09	-5.16433443E-04	-6.30974483E-04	-2.64725210E-04	 4.78988986E-06
 6.800000E-01	 1.80517730E-09	-2.98104442E-09	-4.44059554E-09	-7.81080892E-09	-5.27732531E-04	-6.83936970E-04	-2.90586447E-04	 6.90517074E-06
 6.850000E-01	 2.12300845E-09	-3.16951569E-09	-4.75055169E-09	-8.31387696E-09	-5.35713080E-04	-7.41704303E-04	-3.20417226E-04	 8.39549847E-06
 6.900000E-01	 2.46861158E-09	-3.31240362E-09	-5.02697809E-09	-8.83084480E-09	-5.39484179E-04	-8.04675514E-04	-3.54944628E-04	 8.93037606E-06
 6.950000E-01	 2.82972298E-09	-3.37074233E-09	-5.21366287E-09	-9.35784928E-09	-5.37996450E-04	-8.73230262E-04	-3.94996760E-04	 8.08602875E-06
 7.000000E-01	 3.21550100E-09	-3.35247284E-09	-5.33461287E-09	-9.90641638E-09	-5.30020041E-04	-9.47741064E-04	-4.41531404E-04	 5.32953257E-06
 7.050000E-01	 3.67033222E-09	-3.32864497E-09	-5.52883821E-09	-1.05074329E-08	-5.14114642E-04	-1.02855833E-03	-4.95654499E-04	-7.67473156E-09
 7.100000E-01	 4.22982935E-09	-3.35000125E-09	-5.89517892E-09	-1.11763697E-08	-4.88611645E-04	-1.11597120E-03	-5.58612945E-04	-8.75298408E-06
 7.150000E-01	 4.87310296E-09	-3.36054700E-09	-6.33707305E-09	-1.18933438E-08	-4.51601258E-04	-1.21018465E-03	-6.31793241E-04	-2.19089244E-05
 7.200000E-01	 5.58201690E-09	-3.29499992E-09	-6.76282732E-09	-1.26591264E-08	-4.00900499E-04	-1.31129228E-03	-7.16736420E-04	-4.06855890E-05
 7.250000E-01	 6.41317759E-09	-3.19938195E-09	-7.31387755E-09	-1.35307086E-08	-3.34013243E-04	-1.41924719E-03	-8.15159809E-04	-6.65400936E-05
 7.300000E-01	 7.41711239E-09	-3.12229608E-09	-8.10905976E-09	-1.45303109E-08	-2.48087931E-04	-1.53382047E-03	-9.28974230E-04	-1.01221412E-04
 7.350000E-01	 8.53649511E-09	-2.97478783E-09	-8.94620134E-09	-1.55793274E-08	-1.39877283E-04	-1.65454216E-03	-1.06028908E-03	-1.46818935E-04
 7.400000E-01	 9.71090148E-09	-2.65217351E-09	-9.62246902E-09	-1.66339421E-08	-5.70210401E-06	-1.78063229E-03	-1.21140673E-03	-2.05808743E-04
 7.450000E-01	 1.10157018E-08	-2.19674688E-09	-1.03211450E-08	-1.77963643E-08	 1.58599183E-04	-1.91094446E-03	-1.38483819E-03	-2.81099945E-04
 7.500000E-01	 1.25493642E-08	-1.68802089E-09	-1.12794072E-08	-1.91473845E-08	 3.57697722E-04	-2.04385877E-03	-1.58326943E-03	-3.76081747E-04
 7.550000E-01	 1.42735822E-08	-1.08226740E-09	-1.23623186E-08	-2.05966329E-08	 5.96792706E-04	-2.17718537E-03	-1.80952189E-03	-4.94648636E-04
 7.600000E-01	 1.61179102E-08	-2.90152927E-10	-1.33540954E-08	-2.20576886E-08	 8.81708528E-04	-2.30807546E-03	-2.06659821E-03	-6.41274781E-04
 7.650000E-01	 1.81311544E-08	 6.95519922E-10	-1.43410152E-08	-2.36038657E-08	 1.21893891E-03	-2.43285538E-03	-2.35763615E-03	-8.21080744E-04
 7.700000E-01	 2.03566989E-08	 1.84966497E-09	-1.54106516E-08	-2.52455884E-08	 1.61562327E-03	-2.54690510E-03	-2.68580892E-03	-1.03978642E-03
 7.750000E-01	 2.26685698E-08	 3.20433564E-09	-1.62901054E-08	-2.67466635E-08	 2.07956241E-03	-2.64449535E-03	-3.05425425E-03	-1.30370393E-03
 7.800000E-01	 2.49483923E-08	 4.80949852E-09	-1.67406188E-08	-2.79575566E-08	 2.61927124E-03	-2.71866055E-03	-3.46607242E-03	-1.61971537E-03
 7.850000E-01	 2.73125235E-08	 6.65978687E-09	-1.70098655E-08	-2.90990975E-08	 3.24383451E-03	-2.76102543E-03	-3.92408169E-03	-1.99507919E-03
 7.900000E-01	 2.99190600E-08	 8.71482034E-09	-1.74116328E-08	-3.03705374E-08	 3.96302437E-03	-2.76159328E-03	-4.43083222E-03	-2.43743434E-03
 7.950000E-01	 3.26888080E-08	 1.09529458E-08	-1.77941587E-08	-3.15670375E-08	 4.78761776E-03	-2.70844033E-03	-4.98879309E-03	-2.95496636E-03
 8.000000E-01	 3.54245831E-08	 1.33680990E-08	-1.78127145E-08	-3.23627332E-08	 5.72898081E-03	-2.58742900E-03	-5.59973654E-03	-3.55593075E-03
 8.050000E-01	 3.80339229E-08	 1.59408784E-08	-1.73551478E-08	-3.26458974E-08	 6.79906169E-03	-2.38223982E-03	-6.26480140E-03	-4.24817734E-03
 8.100000E-01	 4.04878049E-08	 1.86248532E-08	-1.64530321E-08	-3.24001228E-08	 8.01022322E-03	-2.07428877E-03	-6.98438674E-03	-5.03864286E-03
 8.150000E-01	 4.27291075E-08	 2.13601328E-08	-1.51032037E-08	-3.15690434E-08	 9.37481139E-03	-1.64315235E-03	-7.75804281E-03	-5.93224123E-03
 8.200000E-01	 4.47991498E-08	 2.41626402E-08	-1.34038615E-08	-3.02996700E-08	 1.09051966E-02	-1.06671772E-03	-8.58471383E-03	-6.93125071E-03
 8.250000E-01	 4.69542608E-08	 2.71635991E-08	-1.16755895E-08	-2.90594580E-08	 1.26144521E-02	-3.20395945E-04	-9.46313036E-03	-8.03571791E-03
 8.300000E-01	 4.93031703E-08	 3.03444239E-08	-1.00574096E-08	-2.79204037E-08	 1.45162234E-02	 6.23175646E-04	-1.03914311E-02	-9.24269772E-03
 8.350000E-01	 5.14138265E-08	 3.33380014E-08	-8.11695187E-09	-2.60712015E-08	 1.66243006E-02	 1.79393723E-03	-1.13668335E-02	-1.05449867E-02
 8.400000E-01	 5.28064037E-08	 3.58471786E-08	-5.39518620E-09	-2.28911848E-08	 1.89525821E-02	 3.22320631E-03	-1.23865831E-02	-1.19296342E-02
 8.450000E-01	 5.36118634E-08	 3.80337212E-08	-2.06479434E-09	-1.88804708E-08	 2.15144122E-02	 4.94144321E-03	-1.34485621E-02	-1.33756716E-02
 8.500000E-01	 5.41760868E-08	 4.01001940E-08	 1.46584582E-09	-1.47081473E-08	 2.43240725E-02	 6.97790952E-03	-1.45533662E-02	-1.48547206E-02
 8.550000E-01	 5.44061987E-08	 4.18454224E-08	 5.17142087E-09	-1.02448356E-08	 2.73971885E-02	 9.36066023E-03	-1.57039954E-02	-1.63307185E-02
 8.600000E-01	 5.40473709E-08	 4.30526614E-08	 9.23143256E-09	-5.23814777E-09	 3.07508589E-02	 1.21165582E-02	-1.69043573E-02	-1.77587440E-02
 8.650000E-01	 5.31795160E-08	 4.38873532E-08	 1.36390216E-08	-1.51059577E-11	 3.44036975E-02	 1.52725566E-02	-1.81565304E-02	-1.90836856E-02
 8.700000E-01	 5.18842779E-08	 4.43575354E-08	 1.82607516E-08	 5.17440292E-09	 3.83749089E-02	 1.88543527E-02	-1.94581312E-02	-2.02366549E-02
 8.750000E-01	 4.97482080E-08	 4.38600935E-08	 2.30847497E-08	 1.07061450E-08	 4.26839658E-02	 2.28801145E-02	-2.08033434E-02	-2.11309696E-02
 8.800000E-01	 4.64028771E-08	 4.21809693E-08	 2.82804840E-08	 1.66329211E-08	 4.73520164E-02	 2.73548784E-02	-2.21854833E-02	-2.16616751E-02
 8.850000E-01	 4.22903215E-08	 4.03226441E-08	 3.39936498E-08	 2.19827213E-08	 5.24034132E-02	 3.22671905E-02	-2.35968368E-02	-2.17064291E-02
 8.900000E-01	 3.79217558E-08	 3.88895775E-08	 4.00059251E-08	 2.60181250E-08	 5.78646827E-02	 3.75861633E-02	-2.50226675E-02	-2.11245026E-02
 8.950000E-01	 3.26965998E-08	 3.66155189E-08	 4.57897684E-08	 2.92038721E-08	 6.37619150E-02	 4.32553192E-02	-2.64321930E-02	-1.97528987E-02
 9.000000E-01	 2.56072579E-08	 3.23279999E-08	 5.11443810E-08	 3.19057399E-08	 7.01149374E-02	 4.91857914E-02	-2.77651171E-02	-1.74025849E-02
 9.050000E-01	 1.66486166E-08	 2.70445203E-08	 5.64157101E-08	 3.32995940E-08	 7.69416001E-02	 5.52491204E-02	-2.89355579E-02	-1.38708978E-02
 9.100000E-01	 6.49455471E-09	 2.25805655E-08	 6.18365552E-08	 3.23231689E-08	 8.42449805E-02	 6.12594960E-02	-2.98067989E-02	-8.95409834E-03
 9.150000E-01	-4.62881254E-09	 1.95888202E-08	 6.71323561E-08	 2.87339992E-08	 9.20747043E-02	 6.69769392E-02	-3.02835143E-02	-2.51462843E-03
 9.200000E-01	-1.68616274E-08	 1.77918268E-08	 7.12716287E-08	 2.24174579E-08	 1.00310800E-01	 7.20868207E-02	-2.99413289E-02	 5.63557661E-03
 9.250000E-01	-3.05638836E-08	 1.66803501E-08	 7.30472715E-08	 1.32609017E-08	 1.09054162E-01	 7.62227494E-02	-2.86942677E-02	 1.54439143E-02
 9.300000E-01	-4.57221210E-08	 1.66261498E-08	 7.13019404E-08	 1.30187992E-09	 1.17908131E-01	 7.88887788E-02	-2.55512340E-02	 2.70222746E-02
 9.350000E-01	-6.18030342E-08	 1.92381611E-08	 6.55352983E-08	-1.24059320E-08	 1.26260787E-01	 7.97265293E-02	-1.91281885E-02	 3.99804824E-02
 9.400000E-01	-7.84421447E-08	 2.57085030E-08	 5.59609891E-08	-2.54332287E-08	 1.34299141E-01	 7.81627678E-02	-9.53250267E-03	 5.34548614E-02
 9.450000E-01	-9.52480870E-08	 3.72412530E-08	 4.08363543E-08	-3.75808155E-08	 1.42455952E-01	 7.28012446E-02	 2.65539519E-03	 6.76856111E-02
 9.500000E-01	-1.12551902E-07	 4.93160734E-08	 2.26949742E-08	-4.12042333E-08	 1.48884705E-01	 6.57791532E-02	 2.01446120E-02	 7.61378759E-02
 9.550000E-01	-1.18371123E-07	 6.06764599E-08	-8.33449936E-09	-3.84160964E-08	 1.51050701E-01	 5.26966182E-02	 4.38996921E-02	 8.38301720E-02
 9.600000E-01	-1.26936693E-07	 8.11125983E-08	-4.92333379E-08	-2.25976998E-08	 1.53587617E-01	 3.41721814E-02	 7.36050500E-02	 8.41077786E-02
 9.650000E-01	-1.13092731E-07	 7.08119125E-08	-6.45736021E-08	-3.16952548E-08	 1.42899431E-01	 3.25819197E-02	 8.71952759E-02	 9.06985415E-02
 9.700000E-01	-9.77650870E-08	 5.88779562E-08	-8.24600233E-08	-5.22729810E-08	 1.40866571E-01	 2.84706185E-02	 9.87438166E-02	 1.01578685E-01
 9.750000E-01	-6.24059965E-08	 6.05221461E-08	-5.26628402E-08	-5.65040781E-08	 1.46194070E-01	-1.90665942E-02	 8.48521247E-02	 5.46745478E-02
 9.800000E-01	-1.00761003E-08	 7.89573225E-08	-2.67738236E-09	-6.05831911E-08	 1.33712089E-01	-1.35835146E-01	 5.20340827E-02	-1.44376056E-02
 9.850000E-01	 3.49040273E-08	 7.24927161E-08	 8.50630948E-08	 5.16183721E-09	 1.19028984E-01	-2.81542515E-01	 3.92134735E-02	-2.81328152E-01
 9.900000E-01	 5.08212524E-08	-6.72543462E-08	 1.90072087E-07	-2.34476014E-08	-4.57257094E-02	-3.11712684E-02	-4.80360159E-02	-3.27559038E-01
 9.950000E-01	-3.06429794E-07	-2.20179441E-07	 5.55235528E-07	 2.10682927E-07	 1.85222903E-01	 7.27615056E-01	-1.20251174E-01	-1.10564385E+00
 1.000000E+00	 0.00000000E+00	 0.00000000E+00	 0.00000000E+00	 0.00000000E+00	 0.00000000E+00	 0.00000000E+00	 0.00000000E+00	 0.00000000E+00
