r	R 12/12	R 13/12	R 14/12	R 15/12	I 12/12	I 13/12	I 14/12	I 15/12
 0.000000E+00	 0.00000000E+00	 0.00000000E+00	 0.00000000E+00	 0.00000000E+00	 0.00000000E+00	 0.00000000E+00	 0.00000000E+00	 0.00000000E+00
 5.000000E-03	-3.76353683E-23	-4.76641778E-24	 1.57725608E-23	-1.13467443E-24	-5.01003997E-23	 1.73444560E-23	 1.05139856E-23	 4.49119471E-24
 1.000000E-02	-2.95350320E-22	-2.01086315E-22	 2.64559196E-22	 1.42562826E-23	-7.93078446E-22	 7.07422654E-22	 8.71673887E-23	-8.67874710E-24
 1.500000E-02	-2.32881873E-21	-2.79690502E-21	 3.39753973E-21	 2.27775234E-22	-6.69178267E-21	 1.03623065E-20	 2.90287683E-23	-8.01228345E-22
 2.000000E-02	-4.62023964E-20	-2.28774068E-20	 3.49388114E-20	 3.08376170E-21	-3.28990747E-20	 9.09676845E-20	-5.83165806E-21	-3.84902214E-21
 2.500000E-02	-6.25473365E-19	-1.20906898E-19	 2.42190401E-19	 1.62975679E-20	-8.02049796E-20	 5.60908210E-19	-4.10653008E-20	-1.26200270E-20
 3.000000E-02	-5.36621028E-18	-4.93840265E-19	 1.31231305E-18	 5.87522945E-20	 7.60812660E-20	 2.33669294E-18	-1.31212193E-19	 3.74732976E-20
 3.500000E-02	-3.08830054E-17	-2.15419525E-18	 5.99559357E-18	 3.86782479E-19	 1.46228034E-18	 5.75927975E-18	-3.78808173E-19	 8.30738335E-19
 4.000000E-02	-1.21914971E-16	-9.49159789E-18	 1.94592939E-17	 1.38454118E-18	 6.10227736E-18	 9.31483465E-18	-1.03208366E-18	 3.12545433E-18
 4.500000E-02	-3.70233237E-16	-3.49773859E-17	 4.75525366E-17	 3.54746746E-18	 1.72240279E-17	 1.58200179E-17	-2.65435034E-18	 6.92256983E-18
 5.000000E-02	-9.87586070E-16	-1.06702281E-16	 1.00224390E-16	 7.61783208E-18	 4.45022644E-17	 2.90235173E-17	-7.02173140E-18	 1.44672639E-17
 5.500000E-02	-2.34207878E-15	-2.80734489E-16	 1.73896283E-16	 8.65482276E-18	 1.10724256E-16	 2.27649584E-17	-2.17931295E-17	 3.32938521E-17
 6.000000E-02	-4.54885810E-15	-6.46082810E-16	 2.05581184E-16	-1.97148126E-18	 2.56031812E-16	-2.59766084E-16	-1.07970670E-16	 9.30312230E-17
 6.500000E-02	-4.54339058E-15	-1.13054682E-15	-8.07617921E-17	-1.00703920E-16	 4.35783717E-16	-1.68500666E-15	-4.47233193E-16	 1.91937506E-16
 7.000000E-02	 1.30030660E-14	-5.16687505E-16	-1.45671875E-15	-5.98005385E-16	 9.94777969E-17	-5.15830758E-15	-1.24998692E-15	 1.81858703E-16
 7.500000E-02	 8.43695062E-14	 5.34735654E-15	-4.89261049E-15	-2.02954335E-15	-2.11608924E-15	-1.07357914E-14	-2.60623053E-15	-1.71648213E-16
 8.000000E-02	 2.71966000E-13	 2.57974578E-14	-1.08161230E-14	-5.14230531E-15	-8.52257914E-15	-1.72569452E-14	-4.19165710E-15	-1.17313372E-15
 8.500000E-02	 6.68364912E-13	 7.78339183E-14	-1.80420011E-14	-1.05738563E-14	-2.25986377E-14	-2.06775089E-14	-4.81390796E-15	-2.93661814E-15
 9.000000E-02	 1.38024476E-12	 1.86513749E-13	-2.25108409E-14	-1.85373965E-14	-4.79034536E-14	-1.63458741E-14	-2.87652277E-15	-5.21856099E-15
 9.500000E-02	 2.54024369E-12	 3.88654418E-13	-1.73937504E-14	-2.92296327E-14	-8.78183290E-14	-1.70597682E-15	 2.51157770E-15	-7.28983002E-15
 1.000000E-01	 4.34267505E-12	 7.41276599E-13	 7.94951685E-15	-4.10865523E-14	-1.43282917E-13	 7.81777335E-15	 4.08713517E-15	-8.87587606E-15
 1.050000E-01	 7.26123348E-12	 1.36840207E-12	 7.37879128E-14	-5.15861827E-14	-2.19507283E-13	-2.60602659E-14	-1.25702682E-14	-1.49281669E-14
 1.100000E-01	 1.23439927E-11	 2.54159066E-12	 2.30872564E-13	-5.75563186E-14	-3.50321539E-13	-7.96488116E-14	-3.21563375E-14	-2.94155699E-14
 1.150000E-01	 2.06481172E-11	 4.59854385E-12	 5.70362494E-13	-4.30055373E-14	-5.78201928E-13	-5.84069162E-14	-1.19551010E-14	-4.35564802E-14
 1.200000E-01	 3.28097405E-11	 7.84955747E-12	 1.20549158E-12	 2.34432014E-14	-9.13249705E-13	 5.74862972E-14	 5.52814139E-14	-4.93433666E-14
 1.250000E-01	 4.99270931E-11	 1.27694325E-11	 2.29427143E-12	 1.83534406E-13	-1.35919070E-12	 2.05303375E-13	 1.40023851E-13	-5.03471348E-14
 1.300000E-01	 7.40519899E-11	 2.01570279E-11	 4.08659558E-12	 5.07146254E-13	-1.91810941E-12	 2.47064272E-13	 1.61210069E-13	-7.01512277E-14
 1.350000E-01	 1.09204676E-10	 3.14890576E-11	 7.02686928E-12	 1.11796485E-12	-2.61856443E-12	-3.34522490E-14	 2.47417730E-15	-1.60675252E-13
 1.400000E-01	 1.62368480E-10	 4.93264048E-11	 1.19299345E-11	 2.24992510E-12	-3.65042633E-12	-5.89455935E-13	-2.70162725E-13	-3.23250853E-13
 1.450000E-01	 2.40209065E-10	 7.64858529E-11	 1.98761941E-11	 4.28402640E-12	-5.29046246E-12	-1.12204686E-12	-4.27514919E-13	-4.89330565E-13
 1.500000E-01	 3.47512342E-10	 1.15625439E-10	 3.21087609E-11	 7.68192627E-12	-7.82640781E-12	-1.22023800E-12	-1.14178440E-13	-5.26848816E-13
 1.550000E-01	 4.86352497E-10	 1.68884172E-10	 4.98795034E-11	 1.28925943E-11	-1.13855989E-11	-5.67985861E-13	 8.58728798E-13	-2.94633358E-13
 1.600000E-01	 6.57969583E-10	 2.38328485E-10	 7.43495926E-11	 2.04899249E-11	-1.50132472E-11	-1.25844058E-12	 6.06856587E-13	-5.22337715E-13
 1.650000E-01	 8.92608850E-10	 3.37181886E-10	 1.10226586E-10	 3.23367674E-11	-1.79204933E-11	-6.77138163E-12	-3.48485936E-12	-2.56435933E-12
 1.700000E-01	 1.25166571E-09	 4.92801972E-10	 1.68226216E-10	 5.23191431E-11	-2.27801132E-11	-1.43011904E-11	-8.36155948E-12	-5.30891503E-12
 1.750000E-01	 1.75188436E-09	 7.18317090E-10	 2.56118025E-10	 8.37164212E-11	-3.24502867E-11	-1.70316619E-11	-8.42985552E-12	-5.97561733E-12
 1.800000E-01	 2.36790788E-09	 1.01039759E-09	 3.75748162E-10	 1.28304115E-10	-4.41516890E-11	-1.74397792E-11	-7.07078528E-12	-5.96796199E-12
 1.850000E-01	 3.14608387E-09	 1.39560157E-09	 5.39410452E-10	 1.91805622E-10	-5.42770157E-11	-2.42558632E-11	-1.22780885E-11	-9.53894379E-12
 1.900000E-01	 4.20251093E-09	 1.93500586E-09	 7.74805292E-10	 2.86052423E-10	-6.42193888E-11	-3.91015864E-11	-2.48558572E-11	-1.75936814E-11
 1.950000E-01	 5.64365347E-09	 2.69252042E-09	 1.11432584E-09	 4.25672418E-10	-7.68587128E-11	-5.91469051E-11	-4.18821050E-11	-2.88575415E-11
 2.000000E-01	 7.57286497E-09	 3.73698759E-09	 1.59555028E-09	 6.28655183E-10	-9.52702182E-11	-8.18493833E-11	-6.03425001E-11	-4.14908823E-11
 2.050000E-01	 1.00701207E-08	 5.13155259E-09	 2.25687938E-09	 9.14926543E-10	-1.22660676E-10	-1.04326627E-10	-7.66525556E-11	-5.30636616E-11
 2.100000E-01	 1.31859969E-08	 6.93009420E-09	 3.13544785E-09	 1.30528378E-09	-1.60065845E-10	-1.25348641E-10	-8.92346337E-11	-6.22943662E-11
 2.150000E-01	 1.69737706E-08	 9.19191918E-09	 4.27320303E-09	 1.82366675E-09	-2.07190786E-10	-1.44720448E-10	-9.79063706E-11	-6.86718642E-11
 2.200000E-01	 2.14851524E-08	 1.19786047E-08	 5.71511166E-09	 2.49642743E-09	-2.60169016E-10	-1.65871813E-10	-1.07875286E-10	-7.56890959E-11
 2.250000E-01	 2.68406547E-08	 1.53946371E-08	 7.52883529E-09	 3.36120480E-09	-3.14532143E-10	-1.93725859E-10	-1.25832166E-10	-8.82014925E-11
 2.300000E-01	 3.32062283E-08	 1.95777304E-08	 9.80318658E-09	 4.46715871E-09	-3.72897390E-10	-2.26003029E-10	-1.47675731E-10	-1.03140063E-10
 2.350000E-01	 4.06883168E-08	 2.46375610E-08	 1.26184719E-08	 5.86178797E-09	-4.39764790E-10	-2.57989319E-10	-1.66326056E-10	-1.14698451E-10
 2.400000E-01	 4.93619114E-08	 3.06691875E-08	 1.60502559E-08	 7.59268336E-09	-5.13439387E-10	-2.91063194E-10	-1.84135321E-10	-1.23712287E-10
 2.450000E-01	 5.93389002E-08	 3.77928975E-08	 2.01894602E-08	 9.71860747E-09	-5.92492915E-10	-3.27304890E-10	-2.02254733E-10	-1.30547839E-10
 2.500000E-01	 7.07234740E-08	 4.61282605E-08	 2.51340816E-08	 1.23040762E-08	-6.90814384E-10	-3.57777903E-10	-1.98559200E-10	-1.17209099E-10
 2.550000E-01	 8.34672398E-08	 5.57019384E-08	 3.09409706E-08	 1.53903326E-08	-8.07817394E-10	-3.75868053E-10	-1.69593418E-10	-8.27184162E-11
 2.600000E-01	 9.76923648E-08	 6.66597803E-08	 3.77217959E-08	 1.90431633E-08	-8.28757064E-10	-4.42390608E-10	-2.69169037E-10	-1.68161820E-10
 2.650000E-01	 1.15074395E-07	 8.02378013E-08	 4.61954347E-08	 2.36456004E-08	-6.47252323E-10	-6.37223404E-10	-6.50397892E-10	-5.12849054E-10
 2.700000E-01	 1.37821460E-07	 9.81235753E-08	 5.74145838E-08	 2.97837415E-08	-5.00510583E-10	-8.53007336E-10	-1.01140657E-09	-8.29708950E-10
 2.750000E-01	 1.64692149E-07	 1.19597954E-07	 7.11091521E-08	 3.73765514E-08	-6.70825759E-10	-9.06302633E-10	-9.65243964E-10	-7.56756848E-10
 2.800000E-01	 1.93124413E-07	 1.42914592E-07	 8.63216111E-08	 4.59491468E-08	-8.52385878E-10	-8.96583999E-10	-8.78532395E-10	-6.64361374E-10
 2.850000E-01	 2.25273620E-07	 1.69767871E-07	 1.04061815E-07	 5.60512935E-08	-6.26267566E-10	-1.04594558E-09	-1.29296969E-09	-1.08186630E-09
 2.900000E-01	 2.65045832E-07	 2.03265874E-07	 1.26305259E-07	 6.88048478E-08	-3.16202189E-10	-1.27237059E-09	-1.83149274E-09	-1.60753439E-09
 2.950000E-01	 3.11166330E-07	 2.42623153E-07	 1.52750747E-07	 8.41345673E-08	-4.19862119E-10	-1.35425398E-09	-1.87464271E-09	-1.60757740E-09
 3.000000E-01	 3.60275974E-07	 2.85349117E-07	 1.81940601E-07	 1.01285329E-07	-7.01011704E-10	-1.32391377E-09	-1.68005752E-09	-1.36977957E-09
 3.050000E-01	 4.13129923E-07	 3.32114675E-07	 2.14289929E-07	 1.20502643E-07	-7.40753966E-10	-1.33443308E-09	-1.74116456E-09	-1.41324514E-09
 3.100000E-01	 4.71856338E-07	 3.84706196E-07	 2.50970817E-07	 1.42485356E-07	-7.25778408E-10	-1.37010831E-09	-1.85147314E-09	-1.49040330E-09
 3.150000E-01	 5.35372664E-07	 4.42305708E-07	 2.91538035E-07	 1.67036392E-07	-9.93576785E-10	-1.33334114E-09	-1.62311490E-09	-1.16931401E-09
 3.200000E-01	 6.01440548E-07	 5.03082662E-07	 3.34825170E-07	 1.93511066E-07	-1.39561752E-09	-1.23413979E-09	-1.20671998E-09	-6.31817581E-10
 3.250000E-01	 6.70348354E-07	 5.67264025E-07	 3.80948399E-07	 2.21972767E-07	-1.64394513E-09	-1.13868727E-09	-9.08977821E-10	-2.28889275E-10
 3.300000E-01	 7.43444349E-07	 6.35979509E-07	 4.30642521E-07	 2.52851460E-07	-1.73906038E-09	-1.05844424E-09	-7.21106072E-10	 5.24079622E-11
 3.350000E-01	 8.21452310E-07	 7.09862998E-07	 4.84359977E-07	 2.86418887E-07	-1.73989322E-09	-9.73203017E-10	-5.66548044E-10	 2.94178828E-10
 3.400000E-01	 9.05339055E-07	 7.89787610E-07	 5.42714576E-07	 3.23034239E-07	-1.48144274E-09	-8.87021238E-10	-6.03632029E-10	 2.96961002E-10
 3.450000E-01	 9.97784718E-07	 8.78146713E-07	 6.07332987E-07	 3.63660426E-07	-8.08061054E-10	-8.32005053E-10	-9.93636910E-10	-1.25627554E-10
 3.500000E-01	 1.10192512E-06	 9.77777900E-07	 6.80216326E-07	 4.09523198E-07	-7.04404316E-11	-8.09086620E-10	-1.39877670E-09	-5.31361477E-10
 3.550000E-01	 1.21754389E-06	 1.08858094E-06	 7.61462117E-07	 4.60746392E-07	 4.20596494E-10	-7.68218383E-10	-1.51370464E-09	-5.62173983E-10
 3.600000E-01	 1.34485355E-06	 1.21089074E-06	 8.51414832E-07	 5.17542258E-07	 1.64425818E-09	-6.90195544E-10	-2.25755836E-09	-1.47613818E-09
 3.650000E-01	 1.49385945E-06	 1.35403535E-06	 9.56565277E-07	 5.83752314E-07	 4.67427358E-09	-6.37755030E-10	-4.62569849E-09	-4.55151390E-09
 3.700000E-01	 1.67681597E-06	 1.52950561E-06	 1.08506659E-06	 6.64341623E-07	 8.17842714E-09	-6.40492718E-10	-7.38831115E-09	-8.05263787E-09
 3.750000E-01	 1.89049684E-06	 1.73454149E-06	 1.23520119E-06	 7.58437865E-07	 1.01659762E-08	-6.31386311E-10	-8.73030615E-09	-9.54828444E-09
 3.800000E-01	 2.12521679E-06	 1.96030996E-06	 1.40086528E-06	 8.62448344E-07	 1.04817015E-08	-5.76557434E-10	-8.53098148E-09	-8.93107160E-09
 3.850000E-01	 2.37529141E-06	 2.20160864E-06	 1.57844447E-06	 9.74205414E-07	 9.89462872E-09	-4.56850615E-10	-7.50109669E-09	-7.21700752E-09
 3.900000E-01	 2.63884275E-06	 2.45680144E-06	 1.76673196E-06	 1.09289012E-06	 1.04958217E-08	-1.75027756E-10	-7.48523977E-09	-7.01848411E-09
 3.950000E-01	 2.93079020E-06	 2.74015583E-06	 1.97564722E-06	 1.22431875E-06	 1.40818408E-08	 2.38260590E-10	-1.00440682E-08	-1.04035062E-08
 4.000000E-01	 3.26832524E-06	 3.06810604E-06	 2.21683979E-06	 1.37552376E-06	 1.76433906E-08	 5.40978858E-10	-1.25263993E-08	-1.34377761E-08
 4.050000E-01	 3.63741955E-06	 3.42733190E-06	 2.48095542E-06	 1.54096091E-06	 1.72026292E-08	 6.53938547E-10	-1.14578482E-08	-1.12740642E-08
 4.100000E-01	 4.01367377E-06	 3.79456874E-06	 2.75138564E-06	 1.71052465E-06	 1.38381115E-08	 7.35511403E-10	-7.76749963E-09	-5.44815941E-09
 4.150000E-01	 4.39273980E-06	 4.16575817E-06	 3.02526224E-06	 1.88234524E-06	 1.07466999E-08	 9.51360352E-10	-4.22912644E-09	-6.37933826E-12
 4.200000E-01	 4.78340327E-06	 4.54949963E-06	 3.30863971E-06	 2.05987004E-06	 1.22793358E-08	 1.59763013E-09	-4.59799645E-09	-3.15041832E-10
 4.250000E-01	 5.22405533E-06	 4.98294390E-06	 3.62754332E-06	 2.25849276E-06	 2.11955945E-08	 2.65823103E-09	-1.11793742E-08	-9.37521895E-09
 4.300000E-01	 5.75261888E-06	 5.50274098E-06	 4.00806988E-06	 2.49397885E-06	 2.85052539E-08	 3.20736252E-09	-1.62359975E-08	-1.56535915E-08
 4.350000E-01	 6.32456366E-06	 6.06581140E-06	 4.42011950E-06	 2.74839816E-06	 2.44556650E-08	 2.86665760E-09	-1.15341812E-08	-7.63521553E-09
 4.400000E-01	 6.87995037E-06	 6.61435259E-06	 4.82237592E-06	 2.99645161E-06	 1.93128998E-08	 2.97883540E-09	-5.93097724E-09	 1.21893249E-09
 4.450000E-01	 7.46468828E-06	 7.19335744E-06	 5.24566777E-06	 3.25577743E-06	 2.61847543E-08	 4.26919690E-09	-1.05288262E-08	-4.79939360E-09
 4.500000E-01	 8.14571166E-06	 7.86797214E-06	 5.73577131E-06	 3.55350931E-06	 3.44508110E-08	 5.23534382E-09	-1.61636714E-08	-1.16281924E-08
 4.550000E-01	 8.87529565E-06	 8.59151162E-06	 6.25997289E-06	 3.87012786E-06	 2.95885137E-08	 4.94256575E-09	-1.05210963E-08	-1.71487136E-09
 4.600000E-01	 9.58032766E-06	 9.29273865E-06	 6.76745438E-06	 4.17474021E-06	 2.14026715E-08	 4.86097670E-09	-2.04836730E-09	 1.19287634E-08
 4.650000E-01	 1.02974372E-05	 1.00076521E-05	 7.28235423E-06	 4.48075684E-06	 2.39601646E-08	 5.97758722E-09	-2.62306534E-09	 1.23324780E-08
 4.700000E-01	 1.10871832E-05	 1.07953451E-05	 7.84570155E-06	 4.81203926E-06	 2.84825064E-08	 6.93408357E-09	-4.51581080E-09	 1.13083519E-08
 4.750000E-01	 1.19126723E-05	 1.16194603E-05	 8.43237894E-06	 5.15362597E-06	 2.30191905E-08	 6.94344403E-09	 2.53575725E-09	 2.33314946E-08
 4.800000E-01	 1.27237183E-05	 1.24309562E-05	 9.00768769E-06	 5.48436463E-06	 2.03038594E-08	 7.74799867E-09	 7.33460614E-09	 3.16096094E-08
 4.850000E-01	 1.35939270E-05	 1.33024730E-05	 9.62070770E-06	 5.83160642E-06	 3.46880102E-08	 1.01389715E-08	-2.54923323E-09	 1.89797830E-08
 4.900000E-01	 1.46072724E-05	 1.43162455E-05	 1.03277376E-05	 6.22732796E-06	 4.43299529E-08	 1.12952606E-08	-7.82307429E-09	 1.44836213E-08
 4.950000E-01	 1.56450828E-05	 1.53539628E-05	 1.10464738E-05	 6.62382937E-06	 2.54532737E-08	 9.81197492E-09	 1.22359770E-08	 4.69434853E-08
 5.000000E-01	 1.65685823E-05	 1.62784616E-05	 1.16811671E-05	 6.96538374E-06	 1.07204682E-08	 9.63400608E-09	 2.85039409E-08	 7.24069316E-08
 5.050000E-01	 1.75548787E-05	 1.72671908E-05	 1.23542720E-05	 7.32071782E-06	 3.92274566E-08	 1.29848590E-08	 6.40903022E-09	 4.24162577E-08
 5.100000E-01	 1.88429999E-05	 1.85586306E-05	 1.32308199E-05	 7.78243406E-06	 7.91601196E-08	 1.55570061E-08	-2.54733600E-08	 8.45668644E-10
 5.150000E-01	 2.03334278E-05	 2.00538551E-05	 1.42425484E-05	 8.31099343E-06	 8.66599915E-08	 1.44948489E-08	-2.80794355E-08	 3.05101352E-09
 5.200000E-01	 2.18515911E-05	 2.15805353E-05	 1.52704202E-05	 8.83825318E-06	 8.38450806E-08	 1.29500512E-08	-2.18833348E-08	 1.73410579E-08
 5.250000E-01	 2.34911346E-05	 2.32357566E-05	 1.63804078E-05	 9.39841861E-06	 1.07391218E-07	 1.33412811E-08	-4.04272816E-08	-3.75542026E-09
 5.300000E-01	 2.54223985E-05	 2.51935395E-05	 1.76902692E-05	 1.00529564E-05	 1.52024968E-07	 1.42608356E-08	-7.92607358E-08	-5.16388156E-08
 5.350000E-01	 2.76917077E-05	 2.75035527E-05	 1.92302930E-05	 1.08137640E-05	 1.96436182E-07	 1.38839732E-08	-1.18924994E-07	-9.75334572E-08
 5.400000E-01	 3.02624421E-05	 3.01329046E-05	 2.09748362E-05	 1.16622964E-05	 2.10370463E-07	 1.06445816E-08	-1.29881934E-07	-1.00615791E-07
 5.450000E-01	 3.28969419E-05	 3.28471514E-05	 2.27655622E-05	 1.25110296E-05	 1.76462266E-07	 5.35205149E-09	-9.48168017E-08	-3.98579890E-08
 5.500000E-01	 3.53846171E-05	 3.54395615E-05	 2.44631472E-05	 1.32836497E-05	 1.62886629E-07	 3.08138583E-09	-8.08118327E-08	-1.10613449E-08
 5.550000E-01	 3.81019692E-05	 3.82988463E-05	 2.63235294E-05	 1.41074519E-05	 2.35822296E-07	 4.39174658E-09	-1.53212089E-07	-1.00374585E-07
 5.600000E-01	 4.14658149E-05	 4.18572999E-05	 2.86306794E-05	 1.51204545E-05	 2.96039035E-07	 1.88144622E-09	-2.12206244E-07	-1.64430764E-07
 5.650000E-01	 4.49480656E-05	 4.55835620E-05	 3.10315890E-05	 1.61391861E-05	 2.30044460E-07	-5.29839102E-09	-1.42489397E-07	-5.01244912E-08
 5.700000E-01	 4.78767295E-05	 4.87929242E-05	 3.30733194E-05	 1.69363672E-05	 1.44962588E-07	-8.39709983E-09	-5.26525209E-08	 8.50419024E-08
 5.750000E-01	 5.06839414E-05	 5.19344522E-05	 3.50482066E-05	 1.76522279E-05	 1.80599854E-07	-5.98089855E-09	-8.66619122E-08	 4.87867287E-08
 5.800000E-01	 5.40213300E-05	 5.56921918E-05	 3.74011927E-05	 1.84940957E-05	 2.56707667E-07	-5.37914036E-09	-1.61421798E-07	-3.68956213E-08
 5.850000E-01	 5.76047164E-05	 5.97816080E-05	 3.99449061E-05	 1.93659214E-05	 2.48572820E-07	-8.25236359E-09	-1.45756727E-07	 3.94434075E-09
 5.900000E-01	 6.09128184E-05	 6.36633141E-05	 4.23281547E-05	 2.01013218E-05	 1.85298051E-07	-1.05157788E-08	-6.92535644E-08	 1.24896082E-07
 5.950000E-01	 6.39164181E-05	 6.73089835E-05	 4.45332692E-05	 2.06929712E-05	 1.40403522E-07	-1.06480798E-08	-9.62870404E-09	 2.19953310E-07
 6.000000E-01	 6.67892089E-05	 7.09079774E-05	 4.66844692E-05	 2.11967971E-05	 1.52759500E-07	-9.80966108E-09	-1.06630676E-08	 2.31411404E-07
 6.050000E-01	 6.98937131E-05	 7.48653842E-05	 4.90469359E-05	 2.17244629E-05	 2.40048052E-07	-1.04107136E-08	-9.44591824E-08	 1.33181664E-07
 6.100000E-01	 7.36006323E-05	 7.96117910E-05	 5.19002270E-05	 2.23838343E-05	 3.56070928E-07	-1.44526374E-08	-2.10492392E-07	-2.26537166E-09
 6.150000E-01	 7.78412645E-05	 8.51064682E-05	 5.52180611E-05	 2.31485640E-05	 4.43308302E-07	-2.09191924E-08	-2.93462128E-07	-8.81666114E-08
 6.200000E-01	 8.24279965E-05	 9.11777705E-05	 5.88915260E-05	 2.39597118E-05	 5.08036927E-07	-2.77413611E-08	-3.49202456E-07	-1.35926494E-07
 6.250000E-01	 8.73369724E-05	 9.78385231E-05	 6.29315634E-05	 2.48064779E-05	 5.79707978E-07	-3.43243564E-08	-4.11509990E-07	-1.92080913E-07
 6.300000E-01	 9.26448387E-05	 1.05223684E-04	 6.74273503E-05	 2.57048456E-05	 6.98307379E-07	-4.06736719E-08	-5.29589615E-07	-3.21761206E-07
 6.350000E-01	 9.86663164E-05	 1.13763115E-04	 7.26540864E-05	 2.67316187E-05	 8.90649796E-07	-4.77301555E-08	-7.37023813E-07	-5.66254340E-07
 6.400000E-01	 1.05679918E-04	 1.23877937E-04	 7.88850385E-05	 2.79527384E-05	 1.08651568E-06	-5.65212819E-08	-9.48005297E-07	-8.08480723E-07
 6.450000E-01	 1.13343330E-04	 1.35273280E-04	 8.59519075E-05	 2.92798923E-05	 1.20533394E-06	-6.46491970E-08	-1.06262477E-06	-9.20498935E-07
 6.500000E-01	 1.21193768E-04	 1.47498940E-04	 9.35968563E-05	 3.06065049E-05	 1.30075183E-06	-6.81571190E-08	-1.14622617E-06	-9.95176322E-07
 6.550000E-01	 1.29298534E-04	 1.60754703E-04	 1.01974794E-04	 3.19687675E-05	 1.44792045E-06	-6.68765724E-08	-1.29176319E-06	-1.15418369E-06
 6.600000E-01	 1.37772003E-04	 1.75333366E-04	 1.11314917E-04	 3.34302384E-05	 1.59148574E-06	-6.36183576E-08	-1.42709411E-06	-1.29934769E-06
 6.650000E-01	 1.46207025E-04	 1.90884445E-04	 1.21471922E-04	 3.49573702E-05	 1.66163314E-06	-5.74222310E-08	-1.46033947E-06	-1.31487476E-06
 6.700000E-01	 1.54157475E-04	 2.06988853E-04	 1.32272868E-04	 3.65297336E-05	 1.74665209E-06	-4.16399770E-08	-1.50528048E-06	-1.36150715E-06
 6.750000E-01	 1.61869757E-04	 2.24173726E-04	 1.44150296E-04	 3.83020776E-05	 1.95204125E-06	-1.24230135E-08	-1.69852050E-06	-1.62016095E-06
 6.800000E-01	 1.69601155E-04	 2.43065004E-04	 1.57629970E-04	 4.04621079E-05	 2.17407514E-06	 2.37209932E-08	-1.90174449E-06	-1.89428500E-06
 6.850000E-01	 1.76688116E-04	 2.62996899E-04	 1.72437721E-04	 4.30177961E-05	 2.25955286E-06	 5.84976937E-08	-1.91198344E-06	-1.90709252E-06
 6.900000E-01	 1.82238095E-04	 2.82857754E-04	 1.88010670E-04	 4.59414443E-05	 2.20332914E-06	 8.76997615E-08	-1.72013214E-06	-1.64773572E-06
 6.950000E-01	 1.85713278E-04	 3.01935872E-04	 2.04035986E-04	 4.92962309E-05	 2.08107662E-06	 1.12740722E-07	-1.42503513E-06	-1.25318947E-06
 7.000000E-01	 1.86931281E-04	 3.19998434E-04	 2.20497931E-04	 5.32219749E-05	 2.12099123E-06	 1.73263739E-07	-1.31862655E-06	-1.16033955E-06
 7.050000E-01	 1.86772894E-04	 3.38756524E-04	 2.38736185E-04	 5.81908125E-05	 2.52024407E-06	 3.10278905E-07	-1.64226524E-06	-1.73035361E-06
 7.100000E-01	 1.85936148E-04	 3.60032453E-04	 2.60323543E-04	 6.47936271E-05	 2.95554682E-06	 4.53565027E-07	-1.98445461E-06	-2.31813209E-06
 7.150000E-01	 1.83204282E-04	 3.82105608E-04	 2.84392415E-04	 7.30829481E-05	 3.04527382E-06	 5.19207184E-07	-1.87546767E-06	-2.20277180E-06
 7.200000E-01	 1.77376871E-04	 4.02752474E-04	 3.09549315E-04	 8.29326579E-05	 3.15627686E-06	 6.29836530E-07	-1.74874683E-06	-2.12630653E-06
 7.250000E-01	 1.69138998E-04	 4.23861101E-04	 3.37457443E-04	 9.49984182E-05	 3.75288709E-06	 9.34459796E-07	-2.13459382E-06	-2.96643631E-06
 7.300000E-01	 1.58934272E-04	 4.47674061E-04	 3.70370875E-04	 1.10273222E-04	 4.34248680E-06	 1.22208064E-06	-2.49103415E-06	-3.70662549E-06
 7.350000E-01	 1.45141773E-04	 4.70886719E-04	 4.06135921E-04	 1.28576018E-04	 4.29896755E-06	 1.22399142E-06	-2.16697351E-06	-3.14883711E-06
 7.400000E-01	 1.26537121E-04	 4.89508171E-04	 4.41532615E-04	 1.49170922E-04	 4.20128970E-06	 1.24120512E-06	-1.74844404E-06	-2.49557870E-06
 7.450000E-01	 1.03871139E-04	 5.06149643E-04	 4.78999200E-04	 1.73053624E-04	 4.83846128E-06	 1.68783579E-06	-1.97722164E-06	-3.25270764E-06
 7.500000E-01	 7.73815637E-05	 5.24345266E-04	 5.22474787E-04	 2.02092716E-04	 5.69213575E-06	 2.23201696E-06	-2.38972187E-06	-4.32389948E-06
 7.550000E-01	 4.59431607E-05	 5.41215772E-04	 5.69970800E-04	 2.36161418E-04	 5.98448572E-06	 2.38230194E-06	-2.34863912E-06	-4.22863090E-06
 7.600000E-01	 8.98976181E-06	 5.52854208E-04	 6.17820014E-04	 2.74138277E-04	 6.15199004E-06	 2.48598991E-06	-2.17196488E-06	-3.88427293E-06
 7.650000E-01	-3.35473680E-05	 5.60482699E-04	 6.67635677E-04	 3.16958193E-04	 6.84819180E-06	 3.02856385E-06	-2.31025953E-06	-4.50494528E-06
 7.700000E-01	-8.23423472E-05	 5.65596850E-04	 7.21955611E-04	 3.66289117E-04	 7.49756488E-06	 3.42329783E-06	-2.52437787E-06	-4.94871820E-06
 7.750000E-01	-1.37327098E-04	 5.64015307E-04	 7.76198399E-04	 4.20328734E-04	 7.35012642E-06	 2.95606213E-06	-2.51750206E-06	-3.91660008E-06
 7.800000E-01	-1.97037877E-04	 5.51670706E-04	 8.24426258E-04	 4.75810194E-04	 7.20103830E-06	 2.53296022E-06	-2.50633092E-06	-2.95652303E-06
 7.850000E-01	-2.61972898E-04	 5.31918692E-04	 8.71007166E-04	 5.34899341E-04	 8.12315946E-06	 3.33032208E-06	-2.72271208E-06	-3.86480163E-06
 7.900000E-01	-3.34731093E-04	 5.08310770E-04	 9.22761063E-04	 6.02037372E-04	 9.44432566E-06	 4.46840913E-06	-3.12058208E-06	-5.33860039E-06
 7.950000E-01	-4.14886281E-04	 4.77419959E-04	 9.75540022E-04	 6.75169663E-04	 1.00631059E-05	 4.57697825E-06	-3.67669372E-06	-5.59994754E-06
 8.000000E-01	-4.99449754E-04	 4.35248236E-04	 1.02173592E-03	 7.49064860E-04	 1.02149966E-05	 3.99575145E-06	-4.40443882E-06	-5.18555989E-06
 8.050000E-01	-5.87068184E-04	 3.81626312E-04	 1.05964834E-03	 8.21773025E-04	 1.05107661E-05	 3.52800863E-06	-5.28176392E-06	-5.10432766E-06
 8.100000E-01	-6.77167001E-04	 3.17223069E-04	 1.08930403E-03	 8.92444387E-04	 1.08952647E-05	 3.04604006E-06	-6.39794924E-06	-5.29906508E-06
 8.150000E-01	-7.68001514E-04	 2.42396589E-04	 1.10905144E-03	 9.58691147E-04	 1.12276682E-05	 2.42272976E-06	-7.71776085E-06	-5.59168920E-06
 8.200000E-01	-8.58591011E-04	 1.58250871E-04	 1.11885696E-03	 1.01912273E-03	 1.21837610E-05	 3.16909670E-06	-8.28590542E-06	-6.56401807E-06
 8.250000E-01	-9.56252719E-04	 6.62531002E-05	 1.12836667E-03	 1.08161486E-03	 1.44442896E-05	 6.52927386E-06	-7.39251338E-06	-8.59051207E-06
 8.300000E-01	-1.07018540E-03	-3.54244797E-05	 1.14576242E-03	 1.15441556E-03	 1.66534466E-05	 9.05581727E-06	-7.42167985E-06	-1.05488376E-05
 8.350000E-01	-1.18711054E-03	-1.48448104E-04	 1.15425170E-03	 1.22076318E-03	 1.70196420E-05	 6.91144829E-06	-1.08527055E-05	-1.14684200E-05
 8.400000E-01	-1.28546355E-03	-2.67745461E-04	 1.13506351E-03	 1.25825123E-03	 1.67441805E-05	 3.85604531E-06	-1.46609347E-05	-1.20583819E-05
 8.450000E-01	-1.37368747E-03	-3.90679083E-04	 1.10027089E-03	 1.27644508E-03	 1.79439304E-05	 5.06401451E-06	-1.50598320E-05	-1.30549862E-05
 8.500000E-01	-1.47127751E-03	-5.21489963E-04	 1.06681805E-03	 1.29300023E-03	 1.99887531E-05	 7.87979944E-06	-1.45584314E-05	-1.44769995E-05
 8.550000E-01	-1.57093039E-03	-6.58036313E-04	 1.02859530E-03	 1.29949625E-03	 2.13091492E-05	 8.03214470E-06	-1.66044831E-05	-1.62734754E-05
 8.600000E-01	-1.65760948E-03	-7.92510697E-04	 9.77027698E-04	 1.28301311E-03	 2.23294881E-05	 8.00485683E-06	-1.84291457E-05	-1.75955227E-05
 8.650000E-01	-1.74330279E-03	-9.28698653E-04	 9.21018510E-04	 1.25332444E-03	 2.42404291E-05	 1.12860833E-05	-1.68762780E-05	-1.76845947E-05
 8.700000E-01	-1.84441642E-03	-1.07569267E-03	 8.68122319E-04	 1.22023112E-03	 2.65457604E-05	 1.35128225E-05	-1.71671333E-05	-1.89250234E-05
 8.750000E-01	-1.93150506E-03	-1.21602800E-03	 8.03486009E-04	 1.16163563E-03	 2.77801519E-05	 9.71772258E-06	-2.41687628E-05	-2.34342096E-05
 8.800000E-01	-1.97007502E-03	-1.32342428E-03	 7.16975079E-04	 1.06014150E-03	 2.82223188E-05	 7.72120322E-06	-2.75944033E-05	-2.53048336E-05
 8.850000E-01	-2.01678177E-03	-1.43212052E-03	 6.33115676E-04	 9.51379901E-04	 2.99452602E-05	 1.66871151E-05	-1.75041175E-05	-1.87612348E-05
 8.900000E-01	-2.14250882E-03	-1.59526450E-03	 5.68564184E-04	 8.61601595E-04	 3.37592998E-05	 2.56254208E-05	-9.66079172E-06	-1.41779648E-05
 8.950000E-01	-2.26650527E-03	-1.75507315E-03	 4.94782402E-04	 7.45511799E-04	 3.75980773E-05	 2.00116950E-05	-2.11360658E-05	-2.32674465E-05
 9.000000E-01	-2.27265866E-03	-1.81571161E-03	 3.92056600E-04	 5.72080918E-04	 3.91133201E-05	 9.56717040E-06	-3.60555936E-05	-3.46068516E-05
 9.050000E-01	-2.21782627E-03	-1.81531306E-03	 2.81777404E-04	 3.78067543E-04	 3.88700650E-05	 1.02067851E-05	-3.37926607E-05	-3.24242305E-05
 9.100000E-01	-2.21167051E-03	-1.84253039E-03	 1.78523173E-04	 1.88745021E-04	 3.89658186E-05	 1.88219830E-05	-2.09278287E-05	-2.12598457E-05
 9.150000E-01	-2.26548012E-03	-1.90715061E-03	 7.60160125E-05	-6.25101210E-06	 4.03533281E-05	 2.58229819E-05	-1.10329581E-05	-1.18803385E-05
 9.200000E-01	-2.34178180E-03	-1.97853878E-03	-3.95446816E-05	-2.19722163E-04	 4.42813892E-05	 2.73252127E-05	-1.03634214E-05	-1.20135041E-05
 9.250000E-01	-2.35867390E-03	-1.98256539E-03	-1.62885585E-04	-4.39463511E-04	 5.01818093E-05	 2.21919299E-05	-1.96281220E-05	-2.40032526E-05
 9.300000E-01	-2.23837211E-03	-1.85791758E-03	-2.86933256E-04	-6.28377144E-04	 5.18462535E-05	 1.64897339E-05	-2.48085442E-05	-3.16133358E-05
 9.350000E-01	-2.07909458E-03	-1.69741312E-03	-4.19241569E-04	-7.81124783E-04	 4.68736433E-05	 1.83333518E-05	-1.42944732E-05	-2.08491619E-05
 9.400000E-01	-2.01082445E-03	-1.60166048E-03	-5.74782502E-04	-9.41050483E-04	 4.40741828E-05	 2.43793910E-05	-8.05128774E-07	-7.88359523E-06
 9.450000E-01	-1.95217270E-03	-1.48779331E-03	-7.30662997E-04	-1.09484055E-03	 4.86051253E-05	 2.72639405E-05	 3.77174668E-06	-1.03486997E-05
 9.500000E-01	-1.77812522E-03	-1.30131978E-03	-8.56317673E-04	-1.11312873E-03	 5.04598064E-05	 2.38789399E-05	-5.29938333E-07	-2.34893572E-05
 9.550000E-01	-1.52798976E-03	-1.05687473E-03	-9.54906822E-04	-1.08831722E-03	 4.15751049E-05	 1.77943701E-05	 2.63325792E-06	-1.48776162E-05
 9.600000E-01	-1.35166570E-03	-8.55336118E-04	-1.06736056E-03	-1.04147699E-03	 3.41598959E-05	 3.31132574E-05	 2.74850659E-05	 8.10464464E-06
 9.650000E-01	-1.18742484E-03	-8.11029577E-04	-1.09847586E-03	-1.04079482E-03	 1.12645587E-05	 8.74266488E-06	 3.01676094E-05	 4.20417042E-05
 9.700000E-01	-9.63329720E-04	-6.50203809E-04	-1.06341163E-03	-1.04186786E-03	 1.10452233E-04	 2.33668638E-04	 1.88749601E-04	 5.71836073E-05
 9.750000E-01	-1.19994605E-03	-6.02623560E-04	-2.07513149E-04	-1.74664495E-04	-1.51773273E-05	 3.14953673E-04	 4.39075657E-04	-4.21802534E-05
 9.800000E-01	-5.88011550E-03	-7.20344197E-03	 3.21613302E-03	 7.25488921E-03	-1.96120883E-05	 9.54216525E-05	-2.61412492E-04	-1.05201006E-03
 9.850000E-01	-4.27402548E-04	 3.46537110E-03	 2.76452177E-04	-2.54010516E-03	 2.33899472E-04	-2.94655799E-03	-2.47025337E-03	 5.65864476E-04
 9.900000E-01	 5.62997732E-05	 6.31041756E-04	 2.39386951E-04	-1.89957426E-04	 1.04233656E-03	 2.25014513E-05	 1.25317917E-04	-1.11278388E-04
 9.950000E-01	-2.48366686E-03	 5.87244208E-03	-1.46789995E-03	-2.53850660E-03	-3.19375054E-03	-9.79864953E-03	-9.46035606E-03	-5.59509772E-03
 1.000000E+00	 0.00000000E+00	 0.00000000E+00	 0.00000000E+00	 0.00000000E+00	 0.00000000E+00	 0.00000000E+00	 0.00000000E+00	 0.00000000E+00
