r	R 12/12	R 13/12	R 14/12	R 15/12	I 12/12	I 13/12	I 14/12	I 15/12
 0.000000E+00	 0.00000000E+00	 0.00000000E+00	 0.00000000E+00	 0.00000000E+00	 0.00000000E+00	 0.00000000E+00	 0.00000000E+00	 0.00000000E+00
 5.000000E-03	-4.13283038E-29	 2.32031568E-30	 4.25784111E-29	-8.07346084E-30	 3.80587866E-26	-4.45600177E-27	-1.56035381E-27	-9.58020641E-27
 1.000000E-02	-3.37429839E-27	 4.47744150E-28	 1.24457544E-27	-2.56576822E-28	 6.09957837E-25	 4.98196536E-25	 2.34372523E-24	-6.61794700E-25
 1.500000E-02	-7.02669827E-26	 1.06988773E-26	 5.36801834E-27	-1.64709409E-27	-5.62405542E-23	 2.39479903E-23	 7.45114026E-23	-1.07069882E-23
 2.000000E-02	-6.40386027E-25	 1.00437291E-25	-1.03708054E-25	-7.73936791E-28	-1.67860152E-21	 3.81456986E-22	 9.88718068E-22	-7.37494852E-23
 2.500000E-02	-2.82336514E-24	 5.07079387E-25	-1.53715965E-24	-9.00061553E-28	-2.18939617E-20	 3.32906978E-21	 7.92164536E-21	-2.05272151E-22
 3.000000E-02	-2.61042309E-24	 1.88948061E-24	-1.01552184E-23	-5.32215376E-25	-1.80499239E-19	 1.91181906E-20	 4.51635409E-20	 5.96396523E-22
 3.500000E-02	 4.07453479E-23	 7.44968754E-24	-3.95747531E-23	-3.87510251E-24	-1.08902430E-18	 7.86360902E-20	 2.01059256E-19	 9.44751409E-21
 4.000000E-02	 2.96442698E-22	 3.81295525E-23	-1.09459830E-22	-1.58450181E-23	-5.21830942E-18	 2.36210100E-19	 7.40852859E-19	 5.74830166E-20
 4.500000E-02	 1.31675669E-21	 1.95023966E-22	-2.61564214E-22	-5.36065410E-23	-2.09241003E-17	 4.70812354E-19	 2.34875562E-18	 2.49792138E-19
 5.000000E-02	 4.69432510E-21	 8.21059615E-22	-5.44030374E-22	-1.48067324E-22	-7.27770607E-17	 1.82577970E-19	 6.57968515E-18	 8.83492939E-19
 5.500000E-02	 1.43449901E-20	 2.87283083E-21	-7.87215896E-22	-3.06685415E-22	-2.25335863E-16	-3.50456576E-18	 1.65916052E-17	 2.69220500E-18
 6.000000E-02	 3.80128761E-20	 8.46773725E-21	 5.37869577E-22	-1.16842642E-22	-6.33228561E-16	-2.04053971E-17	 3.81426762E-17	 7.29661819E-18
 6.500000E-02	 8.66238838E-20	 2.15228643E-20	 9.16733208E-21	 2.39038578E-21	-1.63920192E-15	-7.84730450E-17	 8.05885123E-17	 1.79452549E-17
 7.000000E-02	 1.70348162E-19	 5.00674993E-20	 3.60638971E-20	 1.13539293E-20	-3.95456539E-15	-2.48175530E-16	 1.57066160E-16	 4.05838639E-17
 7.500000E-02	 2.96677614E-19	 1.10867350E-19	 9.48768123E-20	 3.25422602E-20	-8.97410400E-15	-6.91639655E-16	 2.81985365E-16	 8.51397580E-17
 8.000000E-02	 4.74508844E-19	 2.37060320E-19	 1.99166654E-19	 7.12935761E-20	-1.93009099E-14	-1.75566759E-15	 4.62073091E-16	 1.66544996E-16
 8.500000E-02	 7.29986720E-19	 4.93845910E-19	 3.56873917E-19	 1.27788857E-19	-3.95862108E-14	-4.13860751E-15	 6.74138957E-16	 3.04306545E-16
 9.000000E-02	 1.13650582E-18	 9.97210358E-19	 5.76769392E-19	 1.97293294E-19	-7.78259591E-14	-9.17633730E-15	 8.17936633E-16	 5.18171749E-16
 9.500000E-02	 1.83734579E-18	 1.93604488E-18	 8.94623636E-19	 2.79222222E-19	-1.47298492E-13	-1.93128778E-14	 6.25403198E-16	 8.15327772E-16
 1.000000E-01	 3.00558476E-18	 3.55879076E-18	 1.45577312E-18	 4.32995960E-19	-2.69378241E-13	-3.88479224E-14	-5.02581844E-16	 1.16134086E-15
 1.050000E-01	 4.65310888E-18	 6.14165543E-18	 2.61818223E-18	 8.36303694E-19	-4.77514603E-13	-7.50868351E-14	-3.77470352E-15	 1.42217553E-15
 1.100000E-01	 6.54219224E-18	 1.02018198E-17	 4.77221652E-18	 1.59931415E-18	-8.22738864E-13	-1.40063239E-13	-1.14647592E-14	 1.25777051E-15
 1.150000E-01	 8.55984619E-18	 1.68315294E-17	 8.10275250E-18	 2.56131281E-18	-1.38111166E-12	-2.53056397E-13	-2.76327898E-14	-6.26245004E-17
 1.200000E-01	 1.09094880E-17	 2.76470013E-17	 1.29874970E-17	 3.58613586E-18	-2.26363201E-12	-4.44192320E-13	-5.92327909E-14	-3.96721810E-15
 1.250000E-01	 1.35315246E-17	 4.45942673E-17	 2.06291791E-17	 4.99365156E-18	-3.62911682E-12	-7.59467881E-13	-1.17764396E-13	-1.30722935E-14
 1.300000E-01	 1.51511862E-17	 6.96941954E-17	 3.34204197E-17	 7.94545859E-18	-5.70046518E-12	-1.26757412E-12	-2.21666079E-13	-3.19391214E-14
 1.350000E-01	 1.18916406E-17	 1.04669265E-16	 5.51920447E-17	 1.47212920E-17	-8.78510568E-12	-2.06904508E-12	-3.99709948E-13	-6.82070969E-14
 1.400000E-01	-3.71444652E-18	 1.51815484E-16	 9.06912170E-17	 2.78166977E-17	-1.33001447E-11	-3.30827544E-12	-6.95712863E-13	-1.34246703E-13
 1.450000E-01	-4.22645242E-17	 2.15432557E-16	 1.45049268E-16	 4.91306031E-17	-1.98028286E-11	-5.18904890E-12	-1.17495100E-12	-2.49516058E-13
 1.500000E-01	-1.17162914E-16	 3.02636680E-16	 2.24446496E-16	 8.02907208E-17	-2.90266519E-11	-7.99420638E-12	-1.93274708E-12	-4.43857208E-13
 1.550000E-01	-2.45316870E-16	 4.22477495E-16	 3.37431083E-16	 1.24931915E-16	-4.19226758E-11	-1.21099039E-11	-3.10573159E-12	-7.62012733E-13
 1.600000E-01	-4.55010764E-16	 5.72508220E-16	 4.98946771E-16	 2.00265994E-16	-5.97087648E-11	-1.80557068E-11	-4.88617293E-12	-1.26962376E-12
 1.650000E-01	-8.04882386E-16	 7.23729370E-16	 7.31919624E-16	 3.42916349E-16	-8.39248769E-11	-2.65207650E-11	-7.54011370E-12	-2.06107543E-12
 1.700000E-01	-1.38369671E-15	 8.47178745E-16	 1.05447444E-15	 5.78425891E-16	-1.16494543E-10	-3.84067201E-11	-1.14299013E-11	-3.26957001E-12
 1.750000E-01	-2.27703092E-15	 9.48072598E-16	 1.46791296E-15	 8.99450299E-16	-1.59791799E-10	-5.48779447E-11	-1.70418347E-11	-5.07987608E-12
 1.800000E-01	-3.56659779E-15	 1.01901283E-15	 1.96967386E-15	 1.31475661E-15	-2.16711646E-10	-7.74186457E-11	-2.50190692E-11	-7.74406877E-12
 1.850000E-01	-5.38470569E-15	 9.72196000E-16	 2.56647820E-15	 1.89110915E-15	-2.90758400E-10	-1.07901281E-10	-3.62000111E-11	-1.16004033E-11
 1.900000E-01	-7.93590285E-15	 6.60240871E-16	 3.25469778E-15	 2.70861108E-15	-3.86137438E-10	-1.48664196E-10	-5.16650524E-11	-1.70963801E-11
 1.950000E-01	-1.14665171E-14	-7.73597781E-17	 3.99463087E-15	 3.81068472E-15	-5.07841413E-10	-2.02595369E-10	-7.27911371E-11	-2.48164282E-11
 2.000000E-01	-1.62473966E-14	-1.40735734E-15	 4.70907173E-15	 5.20192766E-15	-6.61746083E-10	-2.73225978E-10	-1.01312944E-10	-3.55140056E-11
 2.050000E-01	-2.25696157E-14	-3.50559366E-15	 5.28887128E-15	 6.85463990E-15	-8.54710678E-10	-3.64832753E-10	-1.39392119E-10	-5.01486521E-11
 2.100000E-01	-3.07396499E-14	-6.57088400E-15	 5.59013239E-15	 8.71489107E-15	-1.09467564E-09	-4.82545764E-10	-1.89694344E-10	-6.99282919E-11
 2.150000E-01	-4.10815361E-14	-1.08435908E-14	 5.42756401E-15	 1.07041394E-14	-1.39074989E-09	-6.32457915E-10	-2.55472732E-10	-9.63563420E-11
 2.200000E-01	-5.39426659E-14	-1.66378998E-14	 4.55797389E-15	 1.27205862E-14	-1.75331690E-09	-8.21746451E-10	-3.40656549E-10	-1.31282625E-10
 2.250000E-01	-6.97093238E-14	-2.43696026E-14	 2.66287521E-15	 1.46260410E-14	-2.19413783E-09	-1.05879971E-09	-4.49948629E-10	-1.76959866E-10
 2.300000E-01	-8.88036813E-14	-3.44935790E-14	-6.39651498E-16	 1.61891071E-14	-2.72645298E-09	-1.35334707E-09	-5.88929126E-10	-2.36105466E-10
 2.350000E-01	-1.11653993E-13	-4.74250731E-14	-5.76614403E-15	 1.70543736E-14	-3.36509634E-09	-1.71659872E-09	-7.64165799E-10	-3.11968365E-10
 2.400000E-01	-1.38692749E-13	-6.35736725E-14	-1.31572953E-14	 1.67885810E-14	-4.12661766E-09	-2.16139206E-09	-9.83331260E-10	-4.08401762E-10
 2.450000E-01	-1.70385236E-13	-8.33815776E-14	-2.32619004E-14	 1.49096940E-14	-5.02937791E-09	-2.70232570E-09	-1.25532216E-09	-5.29941015E-10
 2.500000E-01	-2.07238334E-13	-1.07180836E-13	-3.64411301E-14	 1.08408155E-14	-6.09366219E-09	-3.35589672E-09	-1.59037708E-09	-6.81884102E-10
 2.550000E-01	-2.49759375E-13	-1.35165601E-13	-5.29671133E-14	 3.96279222E-15	-7.34179361E-09	-4.14063518E-09	-2.00019331E-09	-8.70374348E-10
 2.600000E-01	-2.98475754E-13	-1.68385013E-13	-7.36540924E-14	-6.06795476E-15	-8.79822756E-09	-5.07722022E-09	-2.49803362E-09	-1.10248137E-09
 2.650000E-01	-3.54241184E-13	-2.09593492E-13	-1.00348323E-13	-1.93407579E-14	-1.04897153E-08	-6.18862153E-09	-3.09883152E-09	-1.38628043E-09
 2.700000E-01	-4.18379897E-13	-2.60637426E-13	-1.34218147E-13	-3.65437158E-14	-1.24455050E-08	-7.50026004E-09	-3.81930467E-09	-1.73093513E-09
 2.750000E-01	-4.91964401E-13	-3.19584173E-13	-1.74011080E-13	-5.90448927E-14	-1.46975114E-08	-9.04013899E-09	-4.67805233E-09	-2.14677419E-09
 2.800000E-01	-5.75291478E-13	-3.84826910E-13	-2.18914004E-13	-8.73437584E-14	-1.72805478E-08	-1.08389928E-08	-5.69564534E-09	-2.64536051E-09
 2.850000E-01	-6.68792754E-13	-4.60252207E-13	-2.71916464E-13	-1.20710630E-13	-2.02325426E-08	-1.29304157E-08	-6.89468698E-09	-3.23953276E-09
 2.900000E-01	-7.73868363E-13	-5.50548823E-13	-3.36323171E-13	-1.58992290E-13	-2.35947410E-08	-1.53509759E-08	-8.29984581E-09	-3.94341641E-09
 2.950000E-01	-8.92036887E-13	-6.54601416E-13	-4.11202688E-13	-2.03129246E-13	-2.74119416E-08	-1.81403965E-08	-9.93794332E-09	-4.77245744E-09
 3.000000E-01	-1.02389870E-12	-7.69651393E-13	-4.94803500E-13	-2.53688897E-13	-3.17325357E-08	-2.13415693E-08	-1.18379304E-08	-5.74339191E-09
 3.050000E-01	-1.16965350E-12	-8.97777182E-13	-5.89345929E-13	-3.10639648E-13	-3.66090097E-08	-2.50008123E-08	-1.40309532E-08	-6.87424523E-09
 3.100000E-01	-1.33009496E-12	-1.04269459E-12	-6.98071374E-13	-3.74504908E-13	-4.20986874E-08	-2.91683499E-08	-1.65505671E-08	-8.18439273E-09
 3.150000E-01	-1.50654294E-12	-1.20438129E-12	-8.20852045E-13	-4.46461310E-13	-4.82640494E-08	-3.38985673E-08	-1.94328534E-08	-9.69456106E-09
 3.200000E-01	-1.70021334E-12	-1.38142843E-12	-9.56471631E-13	-5.27750098E-13	-5.51736256E-08	-3.92506945E-08	-2.27167998E-08	-1.14269720E-08
 3.250000E-01	-1.91221514E-12	-1.57519822E-12	-1.10626282E-12	-6.19881181E-13	-6.29023461E-08	-4.52890413E-08	-2.64443929E-08	-1.34053143E-08
 3.300000E-01	-2.14403399E-12	-1.78856629E-12	-1.27287220E-12	-7.25055515E-13	-7.15318403E-08	-5.20832143E-08	-3.06607105E-08	-1.56546971E-08
 3.350000E-01	-2.39754549E-12	-2.02347227E-12	-1.45820830E-12	-8.45997550E-13	-8.11510684E-08	-5.97086826E-08	-3.54143229E-08	-1.82017906E-08
 3.400000E-01	-2.67443897E-12	-2.28209784E-12	-1.66488549E-12	-9.85705490E-13	-9.18563750E-08	-6.82468541E-08	-4.07574425E-08	-2.10748660E-08
 3.450000E-01	-2.97596482E-12	-2.56854064E-12	-1.89774251E-12	-1.14739701E-12	-1.03751907E-07	-7.77852511E-08	-4.67460659E-08	-2.43038532E-08
 3.500000E-01	-3.30355235E-12	-2.88581023E-12	-2.16026667E-12	-1.33361917E-12	-1.16949700E-07	-8.84174504E-08	-5.34399187E-08	-2.79202884E-08
 3.550000E-01	-3.65867055E-12	-3.23299779E-12	-2.45192801E-12	-1.54529548E-12	-1.31570259E-07	-1.00243757E-07	-6.09029135E-08	-3.19575933E-08
 3.600000E-01	-4.04053483E-12	-3.61358273E-12	-2.77819101E-12	-1.78441449E-12	-1.47742952E-07	-1.13371683E-07	-6.92033832E-08	-3.64512987E-08
 3.650000E-01	-4.44579110E-12	-4.04394184E-12	-3.15930184E-12	-2.05790739E-12	-1.65607005E-07	-1.27916721E-07	-7.84143469E-08	-4.14393393E-08
 3.700000E-01	-4.87319035E-12	-4.53886859E-12	-3.61243099E-12	-2.37373898E-12	-1.85313317E-07	-1.44003832E-07	-8.86142050E-08	-4.69625735E-08
 3.750000E-01	-5.32627703E-12	-5.09293101E-12	-4.13083127E-12	-2.73361712E-12	-2.07024607E-07	-1.61767724E-07	-9.98867217E-08	-5.30647950E-08
 3.800000E-01	-5.81062844E-12	-5.68842052E-12	-4.69370981E-12	-3.13406995E-12	-2.30914908E-07	-1.81352696E-07	-1.12320886E-07	-5.97924964E-08
 3.850000E-01	-6.33067850E-12	-6.31210403E-12	-5.28575321E-12	-3.57195594E-12	-2.57170581E-07	-2.02913949E-07	-1.26011971E-07	-6.71951217E-08
 3.900000E-01	-6.88591781E-12	-6.96769134E-12	-5.91347242E-12	-4.05088378E-12	-2.85992585E-07	-2.26620133E-07	-1.41063490E-07	-7.53257101E-08
 3.950000E-01	-7.47024851E-12	-7.68146852E-12	-6.61169514E-12	-4.58540452E-12	-3.17596724E-07	-2.52653583E-07	-1.57587307E-07	-8.42405343E-08
 4.000000E-01	-8.08146527E-12	-8.47202262E-12	-7.40319086E-12	-5.18723108E-12	-3.52213672E-07	-2.81210810E-07	-1.75703687E-07	-9.39988892E-08
 4.050000E-01	-8.72674924E-12	-9.31640905E-12	-8.25787840E-12	-5.84753646E-12	-3.90090176E-07	-3.12503968E-07	-1.95542081E-07	-1.04663436E-07
 4.100000E-01	-9.41407516E-12	-1.01759566E-11	-9.12773160E-12	-6.54700339E-12	-4.31493907E-07	-3.46763021E-07	-2.17241617E-07	-1.16300419E-07
 4.150000E-01	-1.01443964E-11	-1.10383953E-11	-9.99927857E-12	-7.27729466E-12	-4.76712665E-07	-3.84233687E-07	-2.40948764E-07	-1.28977910E-07
 4.200000E-01	-1.09081706E-11	-1.19344381E-11	-1.09154649E-11	-8.05393954E-12	-5.26049445E-07	-4.25173220E-07	-2.66814029E-07	-1.42763468E-07
 4.250000E-01	-1.16878515E-11	-1.29344695E-11	-1.19698612E-11	-8.91829380E-12	-5.79826772E-07	-4.69855759E-07	-2.94995550E-07	-1.57725787E-07
 4.300000E-01	-1.24804985E-11	-1.40706030E-11	-1.32006884E-11	-9.89560675E-12	-6.38393705E-07	-5.18579509E-07	-3.25663656E-07	-1.73936816E-07
 4.350000E-01	-1.33082967E-11	-1.52635527E-11	-1.45016845E-11	-1.09512020E-11	-7.02124356E-07	-5.71666050E-07	-3.59000600E-07	-1.91471459E-07
 4.400000E-01	-1.41815813E-11	-1.64396919E-11	-1.57850807E-11	-1.20484369E-11	-7.71417768E-07	-6.29460350E-07	-3.95200239E-07	-2.10407057E-07
 4.450000E-01	-1.50760532E-11	-1.76676234E-11	-1.71514369E-11	-1.32239048E-11	-8.46701011E-07	-6.92333042E-07	-4.34468397E-07	-2.30822792E-07
 4.500000E-01	-1.59752590E-11	-1.90288270E-11	-1.87056624E-11	-1.45238166E-11	-9.28431234E-07	-7.60682026E-07	-4.77023013E-07	-2.52798959E-07
 4.550000E-01	-1.68998609E-11	-2.04506405E-11	-2.03464431E-11	-1.59137549E-11	-1.01709806E-06	-8.34933920E-07	-5.23094012E-07	-2.76415966E-07
 4.600000E-01	-1.78654344E-11	-2.18339533E-11	-2.19499534E-11	-1.73415553E-11	-1.11322797E-06	-9.15546001E-07	-5.72922612E-07	-3.01752715E-07
 4.650000E-01	-1.88517158E-11	-2.32269588E-11	-2.35906839E-11	-1.88306967E-11	-1.21738736E-06	-1.00300698E-06	-6.26760028E-07	-3.28884709E-07
 4.700000E-01	-1.98416995E-11	-2.47070101E-11	-2.53703837E-11	-2.04238409E-11	-1.33019095E-06	-1.09784210E-06	-6.84868223E-07	-3.57882806E-07
 4.750000E-01	-2.08491987E-11	-2.62194517E-11	-2.72139314E-11	-2.20994099E-11	-1.45230466E-06	-1.20061442E-06	-7.47518664E-07	-3.88811009E-07
 4.800000E-01	-2.18762394E-11	-2.77133739E-11	-2.90654554E-11	-2.38393810E-11	-1.58444336E-06	-1.31192411E-06	-8.14991492E-07	-4.21725064E-07
 4.850000E-01	-2.28873744E-11	-2.93076857E-11	-3.10964218E-11	-2.57139081E-11	-1.72737481E-06	-1.43241454E-06	-8.87579241E-07	-4.56673509E-07
 4.900000E-01	-2.38729926E-11	-3.10753677E-11	-3.33954623E-11	-2.77660494E-11	-1.88192371E-06	-1.56278056E-06	-9.65592599E-07	-4.93700033E-07
 4.950000E-01	-2.48849315E-11	-3.28015793E-11	-3.56640772E-11	-2.98845945E-11	-2.04896352E-06	-1.70376826E-06	-1.04936222E-06	-5.32844142E-07
 5.000000E-01	-2.59398091E-11	-3.43254650E-11	-3.77084612E-11	-3.19922112E-11	-2.22940584E-06	-1.85617459E-06	-1.13924061E-06	-5.74141769E-07
 5.050000E-01	-2.69586920E-11	-3.59386704E-11	-3.99484492E-11	-3.42611511E-11	-2.42419645E-06	-2.02085693E-06	-1.23561064E-06	-6.17628633E-07
 5.100000E-01	-2.78828029E-11	-3.79724172E-11	-4.28191732E-11	-3.68908360E-11	-2.63430830E-06	-2.19873905E-06	-1.33888980E-06	-6.63340134E-07
 5.150000E-01	-2.87551663E-11	-4.02676014E-11	-4.60871809E-11	-3.98269463E-11	-2.86073904E-06	-2.39082347E-06	-1.44954195E-06	-7.11317002E-07
 5.200000E-01	-2.96188191E-11	-4.25316231E-11	-4.93757988E-11	-4.29483666E-11	-3.10452176E-06	-2.59821404E-06	-1.56809302E-06	-7.61611138E-07
 5.250000E-01	-3.04340866E-11	-4.48601329E-11	-5.28453651E-11	-4.63327859E-11	-3.36671093E-06	-2.82211128E-06	-1.69512375E-06	-8.14276540E-07
 5.300000E-01	-3.11359582E-11	-4.75484173E-11	-5.69036260E-11	-5.01537282E-11	-3.64835318E-06	-3.06378839E-06	-1.83124895E-06	-8.69353287E-07
 5.350000E-01	-3.16983662E-11	-5.07176036E-11	-6.17064932E-11	-5.44904943E-11	-3.95051964E-06	-3.32462204E-06	-1.97712890E-06	-9.26866438E-07
 5.400000E-01	-3.21566890E-11	-5.41579775E-11	-6.69615340E-11	-5.92585112E-11	-4.27432757E-06	-3.60612895E-06	-2.13349626E-06	-9.86837677E-07
 5.450000E-01	-3.25857450E-11	-5.73355833E-11	-7.19674318E-11	-6.42248507E-11	-4.62092086E-06	-3.90996756E-06	-2.30116206E-06	-1.04928648E-06
 5.500000E-01	-3.29676454E-11	-6.00485565E-11	-7.65165522E-11	-6.93161067E-11	-4.99148816E-06	-4.23796474E-06	-2.48102397E-06	-1.11422393E-06
 5.550000E-01	-3.31469329E-11	-6.30265848E-11	-8.16207086E-11	-7.48701246E-11	-5.38725911E-06	-4.59211640E-06	-2.67406482E-06	-1.18164799E-06
 5.600000E-01	-3.30666073E-11	-6.67807153E-11	-8.79035652E-11	-8.11102214E-11	-5.80953816E-06	-4.97460389E-06	-2.88134389E-06	-1.25152679E-06
 5.650000E-01	-3.28854804E-11	-7.03120529E-11	-9.39950354E-11	-8.76207319E-11	-6.25970664E-06	-5.38777121E-06	-3.10395414E-06	-1.32376211E-06
 5.700000E-01	-3.26862291E-11	-7.25605180E-11	-9.85721859E-11	-9.39916021E-11	-6.73915343E-06	-5.83406750E-06	-3.34298589E-06	-1.39817124E-06
 5.750000E-01	-3.23073911E-11	-7.42409621E-11	-1.02661869E-10	-1.00528165E-10	-7.24933569E-06	-6.31614424E-06	-3.59958258E-06	-1.47449921E-06
 5.800000E-01	-3.16152140E-11	-7.64913385E-11	-1.07714158E-10	-1.07667162E-10	-7.79179385E-06	-6.83694140E-06	-3.87501638E-06	-1.55245190E-06
 5.850000E-01	-3.06841181E-11	-7.89353564E-11	-1.13152896E-10	-1.15272583E-10	-8.36805250E-06	-7.39967191E-06	-4.17071139E-06	-1.63171252E-06
 5.900000E-01	-2.96290260E-11	-8.05013146E-11	-1.17567004E-10	-1.22986154E-10	-8.97954141E-06	-8.00781210E-06	-4.48825226E-06	-1.71194104E-06
 5.950000E-01	-2.84660374E-11	-8.08756482E-11	-1.20565752E-10	-1.30730573E-10	-9.62755838E-06	-8.66513231E-06	-4.82941884E-06	-1.79278454E-06
 6.000000E-01	-2.71329528E-11	-8.05411039E-11	-1.22781709E-10	-1.38718595E-10	-1.03132563E-05	-9.37574446E-06	-5.19621461E-06	-1.87387081E-06
 6.050000E-01	-2.55417471E-11	-8.03860865E-11	-1.25353724E-10	-1.47323580E-10	-1.10375849E-05	-1.01441170E-05	-5.59088602E-06	-1.95480342E-06
 6.100000E-01	-2.36581291E-11	-8.10982723E-11	-1.29107185E-10	-1.56833481E-10	-1.18012731E-05	-1.09751500E-05	-6.01598160E-06	-2.03516575E-06
 6.150000E-01	-2.15309667E-11	-8.25777383E-11	-1.33821210E-10	-1.67260472E-10	-1.26047961E-05	-1.18742337E-05	-6.47440549E-06	-2.11452083E-06
 6.200000E-01	-1.92252106E-11	-8.43343449E-11	-1.38802624E-10	-1.78510187E-10	-1.34482970E-05	-1.28472563E-05	-6.96945372E-06	-2.19241958E-06
 6.250000E-01	-1.67677839E-11	-8.61542524E-11	-1.43747598E-10	-1.90579833E-10	-1.43315234E-05	-1.39006443E-05	-7.50486972E-06	-2.26840795E-06
 6.300000E-01	-1.41234395E-11	-8.83570131E-11	-1.49068791E-10	-2.03600953E-10	-1.52537878E-05	-1.50414858E-05	-8.08497221E-06	-2.34205249E-06
 6.350000E-01	-1.12056062E-11	-9.18221721E-11	-1.55907800E-10	-2.17803803E-10	-1.62137827E-05	-1.62775469E-05	-8.71479421E-06	-2.41302387E-06
 6.400000E-01	-7.97089036E-12	-9.71210662E-11	-1.64956668E-10	-2.33273919E-10	-1.72093625E-05	-1.76172707E-05	-9.40024182E-06	-2.48121315E-06
 6.450000E-01	-4.45198730E-12	-1.03581557E-10	-1.75300709E-10	-2.49808389E-10	-1.82373671E-05	-1.90699907E-05	-1.01484164E-05	-2.54686202E-06
 6.500000E-01	-6.36576529E-13	-1.10292858E-10	-1.85823269E-10	-2.67193403E-10	-1.92929324E-05	-2.06456686E-05	-1.09678358E-05	-2.61081572E-06
 6.550000E-01	 3.59024306E-12	-1.17456089E-10	-1.96899973E-10	-2.85388700E-10	-2.03690465E-05	-2.23547061E-05	-1.18686912E-05	-2.67486698E-06
 6.600000E-01	 8.33837482E-12	-1.25447924E-10	-2.09077052E-10	-3.04312042E-10	-2.14562363E-05	-2.42080287E-05	-1.28631588E-05	-2.74194330E-06
 6.650000E-01	 1.36690857E-11	-1.33489709E-10	-2.21419909E-10	-3.23766942E-10	-2.25421915E-05	-2.62176133E-05	-1.39663738E-05	-2.81668825E-06
 6.700000E-01	 1.97384870E-11	-1.40880241E-10	-2.33286864E-10	-3.43721237E-10	-2.36111993E-05	-2.83960089E-05	-1.51965330E-05	-2.90584237E-06
 6.750000E-01	 2.68698297E-11	-1.48641284E-10	-2.46431900E-10	-3.64373404E-10	-2.46442145E-05	-3.07559173E-05	-1.65743660E-05	-3.01799949E-06
 6.800000E-01	 3.53683955E-11	-1.57862970E-10	-2.62583931E-10	-3.85720244E-10	-2.56180016E-05	-3.33094445E-05	-1.81232161E-05	-3.16411686E-06
 6.850000E-01	 4.53590183E-11	-1.67360609E-10	-2.80303629E-10	-4.07409912E-10	-2.65048627E-05	-3.60689284E-05	-1.98702420E-05	-3.35809766E-06
 6.900000E-01	 5.68159995E-11	-1.74548715E-10	-2.96218377E-10	-4.29074613E-10	-2.72721738E-05	-3.90465185E-05	-2.18465482E-05	-3.61722548E-06
 6.950000E-01	 6.96840060E-11	-1.77348780E-10	-3.07599397E-10	-4.50524226E-10	-2.78811598E-05	-4.22522985E-05	-2.40866596E-05	-3.96296967E-06
 7.000000E-01	 8.42509410E-11	-1.76052089E-10	-3.15358770E-10	-4.72188441E-10	-2.82864678E-05	-4.56949212E-05	-2.66296902E-05	-4.42163225E-06
 7.050000E-01	 1.01377965E-10	-1.74552513E-10	-3.26005358E-10	-4.95304181E-10	-2.84352663E-05	-4.93810676E-05	-2.95199334E-05	-5.02533379E-06
 7.100000E-01	 1.21749132E-10	-1.75777478E-10	-3.44262846E-10	-5.20463947E-10	-2.82667813E-05	-5.33141815E-05	-3.28064266E-05	-5.81267843E-06
 7.150000E-01	 1.45195345E-10	-1.76476418E-10	-3.65234277E-10	-5.46789368E-10	-2.77117391E-05	-5.74931045E-05	-3.65421960E-05	-6.82894474E-06
 7.200000E-01	 1.71777735E-10	-1.72912598E-10	-3.84194663E-10	-5.74358622E-10	-2.66912584E-05	-6.19107407E-05	-4.07842601E-05	-8.12700048E-06
 7.250000E-01	 2.02899511E-10	-1.68224168E-10	-4.08063626E-10	-6.05717985E-10	-2.51156613E-05	-6.65530245E-05	-4.55941076E-05	-9.76847993E-06
 7.300000E-01	 2.39636846E-10	-1.65695632E-10	-4.42727341E-10	-6.41838266E-10	-2.28831795E-05	-7.13974867E-05	-5.10379529E-05	-1.18250550E-05
 7.350000E-01	 2.80867074E-10	-1.59901362E-10	-4.78063677E-10	-6.79149736E-10	-1.98785922E-05	-7.64109390E-05	-5.71862119E-05	-1.43796343E-05
 7.400000E-01	 3.25588703E-10	-1.44613030E-10	-5.03979116E-10	-7.15672617E-10	-1.59720351E-05	-8.15468006E-05	-6.41124032E-05	-1.75272431E-05
 7.450000E-01	 3.75780978E-10	-1.23315083E-10	-5.29626587E-10	-7.56084958E-10	-1.10175699E-05	-8.67434907E-05	-7.18932463E-05	-2.13758277E-05
 7.500000E-01	 4.33740039E-10	-1.01519492E-10	-5.66442863E-10	-8.03967285E-10	-4.85220939E-06	-9.19202754E-05	-8.06060514E-05	-2.60466825E-05
 7.550000E-01	 4.98511331E-10	-7.61069327E-11	-6.07126366E-10	-8.54886103E-10	 2.70447617E-06	-9.69740629E-05	-9.03261431E-05	-3.16738527E-05
 7.600000E-01	 5.68558730E-10	-4.15137858E-11	-6.40920814E-10	-9.04744607E-10	 1.18534605E-05	-1.01777541E-04	-1.01128683E-04	-3.84059956E-05
 7.650000E-01	 6.45359021E-10	 1.27451636E-12	-6.72699003E-10	-9.57264981E-10	 2.28180170E-05	-1.06173441E-04	-1.13085704E-04	-4.64072804E-05
 7.700000E-01	 7.29831852E-10	 4.97905013E-11	-7.07236725E-10	-1.01329289E-09	 3.58427069E-05	-1.09971054E-04	-1.26261198E-04	-5.58534056E-05
 7.750000E-01	 8.18004644E-10	 1.07427793E-10	-7.30966610E-10	-1.06164050E-09	 5.11938828E-05	-1.12941018E-04	-1.40706966E-04	-6.69292817E-05
 7.800000E-01	 9.06423019E-10	 1.78165445E-10	-7.32276705E-10	-1.09510866E-09	 6.91613117E-05	-1.14812802E-04	-1.56462275E-04	-7.98265549E-05
 7.850000E-01	 9.98654461E-10	 2.59222894E-10	-7.23961171E-10	-1.12446191E-09	 9.00528822E-05	-1.15268967E-04	-1.73542067E-04	-9.47336673E-05
 7.900000E-01	 1.09917576E-09	 3.45906230E-10	-7.21299467E-10	-1.15939248E-09	 1.14198744E-04	-1.13939800E-04	-1.91937035E-04	-1.11835086E-04
 7.950000E-01	 1.20508694E-09	 4.38574852E-10	-7.16348893E-10	-1.19035439E-09	 1.41964396E-04	-1.10396687E-04	-2.11623463E-04	-1.31319030E-04
 8.000000E-01	 1.31004253E-09	 5.39510364E-10	-6.93181473E-10	-1.20295930E-09	 1.73736389E-04	-1.04141535E-04	-2.32535694E-04	-1.53356533E-04
 8.050000E-01	 1.41101851E-09	 6.48060454E-10	-6.48279356E-10	-1.19365136E-09	 2.09921881E-04	-9.46125559E-05	-2.54569710E-04	-1.78085187E-04
 8.100000E-01	 1.50674419E-09	 7.61580357E-10	-5.84351496E-10	-1.16286801E-09	 2.50943383E-04	-8.11845767E-05	-2.77579097E-04	-2.05592930E-04
 8.150000E-01	 1.59479550E-09	 8.77800037E-10	-5.01017815E-10	-1.10778353E-09	 2.97220595E-04	-6.31871072E-05	-3.01369105E-04	-2.35881012E-04
 8.200000E-01	 1.67646340E-09	 9.96776293E-10	-4.02450000E-10	-1.03430261E-09	 3.49169810E-04	-3.99123279E-05	-3.25703591E-04	-2.68848272E-04
 8.250000E-01	 1.76121939E-09	 1.12079348E-09	-3.04841031E-10	-9.64955863E-10	 4.07234812E-04	-1.05897860E-05	-3.50321765E-04	-3.04316634E-04
 8.300000E-01	 1.85280226E-09	 1.24770361E-09	-2.15945472E-10	-9.05643051E-10	 4.71884439E-04	 2.56242589E-05	-3.74920456E-04	-3.42010428E-04
 8.350000E-01	 1.93458368E-09	 1.36735924E-09	-1.14930324E-10	-8.20353601E-10	 5.43597968E-04	 6.96387687E-05	-3.99140412E-04	-3.81521148E-04
 8.400000E-01	 1.98933991E-09	 1.47276224E-09	 1.89328834E-11	-6.81378773E-10	 6.22865965E-04	 1.22384277E-04	-4.22606817E-04	-4.22280041E-04
 8.450000E-01	 2.02367917E-09	 1.56851389E-09	 1.74065298E-10	-5.13372042E-10	 7.10147024E-04	 1.84736088E-04	-4.44940763E-04	-4.63492109E-04
 8.500000E-01	 2.05083252E-09	 1.65878482E-09	 3.29769119E-10	-3.47190159E-10	 8.05923966E-04	 2.57506737E-04	-4.65835609E-04	-5.04186227E-04
 8.550000E-01	 2.06572953E-09	 1.73634127E-09	 4.86468939E-10	-1.74704912E-10	 9.10710950E-04	 3.41455316E-04	-4.85034116E-04	-5.43213933E-04
 8.600000E-01	 2.05843638E-09	 1.79514718E-09	 6.52812564E-10	 1.73858459E-11	 1.02504491E-03	 4.37296405E-04	-5.02262834E-04	-5.79210076E-04
 8.650000E-01	 2.03455455E-09	 1.84181180E-09	 8.25674012E-10	 2.13403566E-10	 1.14950656E-03	 5.45762598E-04	-5.17142524E-04	-6.10563680E-04
 8.700000E-01	 1.99856428E-09	 1.87633749E-09	 9.96953059E-10	 4.00728091E-10	 1.28468407E-03	 6.67573814E-04	-5.29102778E-04	-6.35314359E-04
 8.750000E-01	 1.93107950E-09	 1.87629584E-09	 1.16711373E-09	 5.99364288E-10	 1.43112314E-03	 8.03235866E-04	-5.37436562E-04	-6.51062068E-04
 8.800000E-01	 1.81664447E-09	 1.83380076E-09	 1.34331970E-09	 8.18488828E-10	 1.58932780E-03	 9.52861831E-04	-5.41407700E-04	-6.54990504E-04
 8.850000E-01	 1.68126671E-09	 1.78706080E-09	 1.52809908E-09	 1.01813393E-09	 1.75980363E-03	 1.11609933E-03	-5.40277254E-04	-6.43933345E-04
 8.900000E-01	 1.55107877E-09	 1.75848346E-09	 1.71039778E-09	 1.16508052E-09	 1.94302105E-03	 1.29208892E-03	-5.33144731E-04	-6.14354314E-04
 8.950000E-01	 1.39247888E-09	 1.69687803E-09	 1.87034387E-09	 1.28354261E-09	 2.13931397E-03	 1.47933421E-03	-5.18713008E-04	-5.62234106E-04
 9.000000E-01	 1.15791261E-09	 1.55536999E-09	 2.00102506E-09	 1.39918051E-09	 2.34869441E-03	 1.67556734E-03	-4.94951990E-04	-4.82952310E-04
 9.050000E-01	 8.59400890E-10	 1.37271819E-09	 2.11584052E-09	 1.48552082E-09	 2.57099108E-03	 1.87759219E-03	-4.59336155E-04	-3.71657027E-04
 9.100000E-01	 5.38097156E-10	 1.21378505E-09	 2.22496951E-09	 1.50395985E-09	 2.80534427E-03	 2.08076030E-03	-4.08391395E-04	-2.23723621E-04
 9.150000E-01	 2.05878545E-10	 1.09707655E-09	 2.32337462E-09	 1.44961435E-09	 3.05189182E-03	 2.27895420E-03	-3.40300955E-04	-3.63705165E-05
 9.200000E-01	-1.46807421E-10	 1.00545035E-09	 2.38197431E-09	 1.32336155E-09	 3.30595949E-03	 2.46477389E-03	-2.45221038E-04	 1.94254482E-04
 9.250000E-01	-5.44421560E-10	 9.04302966E-10	 2.35645335E-09	 1.11488056E-09	 3.56858939E-03	 2.62906120E-03	-1.22950850E-04	 4.66614753E-04
 9.300000E-01	-9.95785066E-10	 7.88989614E-10	 2.21268255E-09	 8.19802793E-10	 3.82719124E-03	 2.76080317E-03	 4.87756510E-05	 7.82815956E-04
 9.350000E-01	-1.46439679E-09	 7.23912085E-10	 1.96944355E-09	 4.78287934E-10	 4.06441385E-03	 2.85300380E-03	 2.99381997E-04	 1.13291539E-03
 9.400000E-01	-1.91299482E-09	 7.66402783E-10	 1.66513227E-09	 1.57571214E-10	 4.28275066E-03	 2.89061588E-03	 6.19527249E-04	 1.49843135E-03
 9.450000E-01	-2.33670404E-09	 9.24357297E-10	 1.24314638E-09	-1.65674785E-10	 4.48774404E-03	 2.83754756E-03	 9.89280181E-04	 1.88605017E-03
 9.500000E-01	-2.78728034E-09	 1.05302363E-09	 7.36506337E-10	-3.64353964E-10	 4.63894306E-03	 2.74990816E-03	 1.45925253E-03	 2.15508399E-03
 9.550000E-01	-2.95645186E-09	 1.14266605E-09	-6.07934825E-11	-4.63744426E-10	 4.65445892E-03	 2.51213902E-03	 2.04684761E-03	 2.42845740E-03
 9.600000E-01	-3.14107166E-09	 1.44742965E-09	-9.98314522E-10	-2.84057542E-10	 4.65853328E-03	 2.15871855E-03	 2.72968884E-03	 2.55289979E-03
 9.650000E-01	-2.87280332E-09	 1.13441847E-09	-1.40387569E-09	-5.46513332E-10	 4.36357185E-03	 2.11739437E-03	 3.05822068E-03	 2.79246988E-03
 9.700000E-01	-2.36940082E-09	 9.97363063E-10	-1.65126051E-09	-8.11421968E-10	 4.23626989E-03	 2.10862699E-03	 3.48692477E-03	 3.13459805E-03
 9.750000E-01	-1.22898291E-09	 1.60462394E-09	-6.47133697E-10	-1.14700824E-09	 7.32922530E-03	 1.04214562E-03	-5.91324758E-04	 2.16085310E-03
 9.800000E-01	-2.92425975E-09	 1.95043403E-09	 1.95557574E-09	-3.84160048E-09	 7.47395600E-02	 3.61773646E-03	-7.33769655E-02	-2.53807395E-03
 9.850000E-01	-7.99020017E-10	-1.49414455E-09	-1.30445492E-09	-6.32464655E-10	 1.64460184E-02	-3.24866599E-03	 1.54970028E-02	-1.17122357E-02
 9.900000E-01	 1.63233260E-09	-1.18781930E-09	-1.88226414E-10	-3.35253028E-09	-2.44748749E-02	-5.64941719E-03	 4.63501186E-04	-3.10121722E-04
 9.950000E-01	-1.11475505E-09	-1.97019185E-09	-2.17001422E-09	-3.53490611E-09	-1.63120610E-02	 8.59097732E-03	-1.60726686E-02	 8.58458970E-03
 1.000000E+00	 0.00000000E+00	 0.00000000E+00	 0.00000000E+00	 0.00000000E+00	 0.00000000E+00	 0.00000000E+00	 0.00000000E+00	 0.00000000E+00
