r	R 12/12	R 13/12	R 14/12	R 15/12	I 12/12	I 13/12	I 14/12	I 15/12
 0.000000E+00	 0.00000000E+00	 0.00000000E+00	 0.00000000E+00	 0.00000000E+00	 0.00000000E+00	 0.00000000E+00	 0.00000000E+00	 0.00000000E+00
 5.000000E-03	-1.93686405E-24	-3.02853830E-23	 1.94716712E-23	 5.97612349E-23	 7.96438552E-27	 5.54787142E-26	-1.38719305E-26	-1.16761886E-27
 1.000000E-02	-3.10841897E-22	-1.93719560E-21	 6.42466282E-22	 1.01283522E-21	 3.89486681E-25	 5.75428225E-25	-2.12720407E-25	 2.74048995E-25
 1.500000E-02	-1.04128282E-20	-3.19725198E-20	 9.66430968E-21	 7.34747208E-21	 6.44369177E-24	-5.01363729E-25	-6.38884027E-25	 3.53438032E-24
 2.000000E-02	-1.74600108E-19	-2.80643414E-19	 8.90610089E-20	 2.89763183E-20	 5.15901644E-23	-4.57736215E-23	 9.42496514E-24	 1.85389516E-23
 2.500000E-02	-1.81952033E-18	-1.65033886E-18	 5.79857257E-19	 6.14318633E-20	 2.15150879E-22	-3.86010878E-22	 1.13231298E-22	 3.99285615E-23
 3.000000E-02	-1.33780239E-17	-7.36940008E-18	 2.90774679E-18	 9.60768680E-21	 2.71630440E-22	-1.75467044E-21	 6.56482939E-22	-8.93267764E-23
 3.500000E-02	-7.55016220E-17	-2.71120941E-17	 1.18942354E-17	-4.41808373E-19	-2.07702212E-21	-5.38699346E-21	 2.31014323E-21	-8.15012269E-22
 4.000000E-02	-3.46733969E-16	-8.71371230E-17	 4.13018618E-17	-1.84171423E-18	-1.58761704E-20	-1.42442620E-20	 5.59303056E-21	-2.43106277E-21
 4.500000E-02	-1.35082758E-15	-2.55552066E-16	 1.25232643E-16	-4.32811595E-18	-6.98253822E-20	-3.84320908E-20	 1.17420513E-20	-5.70888689E-21
 5.000000E-02	-4.60283528E-15	-7.05451672E-16	 3.38310810E-16	-5.17639771E-18	-2.46658489E-19	-1.00861701E-19	 2.22996381E-20	-1.55671073E-20
 5.500000E-02	-1.40355392E-14	-1.86825389E-15	 8.25748011E-16	 7.28093878E-18	-7.50774855E-19	-2.29554135E-19	 3.32482212E-20	-5.18266095E-20
 6.000000E-02	-3.89804907E-14	-4.78758147E-15	 1.83739419E-15	 6.54057553E-17	-1.98484062E-18	-3.92391215E-19	-1.29019588E-20	-1.74432010E-19
 6.500000E-02	-9.99646716E-14	-1.18885455E-14	 3.74248911E-15	 2.40256075E-16	-4.47227018E-18	-4.49688626E-19	-4.13749626E-19	-4.71075477E-19
 7.000000E-02	-2.39311606E-13	-2.85532778E-14	 6.96532451E-15	 6.60665529E-16	-8.52821283E-18	-4.56721494E-19	-1.80756916E-18	-1.00250064E-18
 7.500000E-02	-5.39529268E-13	-6.61762850E-14	 1.17144357E-14	 1.51472738E-15	-1.40231442E-17	-1.22812410E-18	-5.04622887E-18	-1.81287274E-18
 8.000000E-02	-1.15376516E-12	-1.47798688E-13	 1.72622542E-14	 2.98683593E-15	-2.04344972E-17	-5.08752423E-18	-1.11479653E-17	-2.86334617E-18
 8.500000E-02	-2.35422089E-12	-3.18039042E-13	 2.03412723E-14	 5.03054151E-15	-2.75224834E-17	-1.69896401E-17	-2.08904453E-17	-4.00313691E-18
 9.000000E-02	-4.60637229E-12	-6.59890385E-13	 1.19362157E-14	 6.78957027E-15	-3.68754835E-17	-4.49070215E-17	-3.49143793E-17	-5.31983682E-18
 9.500000E-02	-8.67902443E-12	-1.32211042E-12	-2.86850561E-14	 5.33286185E-15	-5.32310243E-17	-9.87872535E-17	-5.39269422E-17	-8.05141839E-18
 1.000000E-01	-1.58027386E-11	-2.56241863E-12	-1.44464342E-13	-6.84779789E-15	-8.24163181E-17	-1.85276437E-16	-8.23630562E-17	-1.74650726E-17
 1.050000E-01	-2.78913166E-11	-4.81390551E-12	-4.18284379E-13	-4.64735516E-14	-1.17583456E-16	-3.09743555E-16	-1.41963614E-16	-4.24739393E-17
 1.100000E-01	-4.78443435E-11	-8.78431804E-12	-1.00176374E-12	-1.47635066E-13	-1.28261377E-16	-5.07106369E-16	-2.68724160E-16	-8.39032404E-17
 1.150000E-01	-7.99509988E-11	-1.56010396E-11	-2.16067271E-12	-3.75541085E-13	-8.26318220E-17	-8.58669838E-16	-4.84957328E-16	-1.32602900E-16
 1.200000E-01	-1.30419383E-10	-2.70176353E-11	-4.34402918E-12	-8.48698630E-13	 3.62814467E-17	-1.45526167E-15	-8.07176998E-16	-1.93167586E-16
 1.250000E-01	-2.08051618E-10	-4.56995731E-11	-8.28556997E-12	-1.77331679E-12	 2.63770457E-16	-2.36742897E-15	-1.28289580E-15	-3.00454078E-16
 1.300000E-01	-3.25076396E-10	-7.56147193E-11	-1.51516670E-11	-3.49585797E-12	 7.07767646E-16	-3.62860095E-15	-2.01373585E-15	-5.34132855E-16
 1.350000E-01	-4.98170660E-10	-1.22557968E-10	-2.67514317E-11	-6.58103210E-12	 1.63992698E-15	-5.23444553E-15	-3.20892894E-15	-1.03629478E-15
 1.400000E-01	-7.49679161E-10	-1.94840673E-10	-4.58284962E-11	-1.19247893E-11	 3.57769818E-15	-7.25447619E-15	-5.19685349E-15	-1.96545056E-15
 1.450000E-01	-1.10908215E-09	-3.04152241E-10	-7.64494899E-11	-2.09126450E-11	 7.26357776E-15	-9.92496288E-15	-8.36808078E-15	-3.46847869E-15
 1.500000E-01	-1.61481359E-09	-4.66529326E-10	-1.24482501E-10	-3.56284863E-11	 1.36273096E-14	-1.36387990E-14	-1.31343992E-14	-5.70284601E-15
 1.550000E-01	-2.31617050E-09	-7.03612716E-10	-1.98243857E-10	-5.91371084E-11	 2.36781071E-14	-1.86867480E-14	-1.96280784E-14	-8.86769292E-15
 1.600000E-01	-3.27536548E-09	-1.04426330E-09	-3.09331076E-10	-9.58608402E-11	 3.87244725E-14	-2.41164060E-14	-2.76696596E-14	-1.37942587E-14
 1.650000E-01	-4.56989731E-09	-1.52629420E-09	-4.73603905E-10	-1.52050022E-10	 6.17560268E-14	-2.73301654E-14	-3.81130693E-14	-2.25451383E-14
 1.700000E-01	-6.29502991E-09	-2.19842584E-09	-7.12360303E-10	-2.36366270E-10	 9.80354813E-14	-2.69543264E-14	-5.32897602E-14	-3.68291739E-14
 1.750000E-01	-8.56627783E-09	-3.12243987E-09	-1.05370718E-09	-3.60580994E-10	 1.52598930E-13	-2.43379212E-14	-7.39617851E-14	-5.61002247E-14
 1.800000E-01	-1.15215965E-08	-4.37586650E-09	-1.53430574E-09	-5.40450810E-10	 2.28911685E-13	-1.85855105E-14	-9.74581955E-14	-7.98476238E-14
 1.850000E-01	-1.53241548E-08	-6.05494905E-09	-2.20127352E-09	-7.96757096E-10	 3.32211401E-13	-2.87650588E-15	-1.20861802E-13	-1.10618923E-13
 1.900000E-01	-2.01650595E-08	-8.27696295E-09	-3.11403110E-09	-1.15640506E-09	 4.71817181E-13	 3.17718781E-14	-1.43114090E-13	-1.52011710E-13
 1.950000E-01	-2.62650707E-08	-1.11825393E-08	-4.34638539E-09	-1.65362529E-09	 6.59357859E-13	 9.32256510E-14	-1.62765103E-13	-2.05656604E-13
 2.000000E-01	-3.38760026E-08	-1.49381480E-08	-5.98871456E-09	-2.33128147E-09	 9.07265767E-13	 1.88762496E-13	-1.76337867E-13	-2.70917590E-13
 2.050000E-01	-4.32846834E-08	-1.97406448E-08	-8.15111748E-09	-3.24264306E-09	 1.22823511E-12	 3.25498886E-13	-1.78288363E-13	-3.44966908E-13
 2.100000E-01	-5.48230942E-08	-2.58278124E-08	-1.09695132E-08	-4.45448246E-09	 1.63479499E-12	 5.11297401E-13	-1.60794367E-13	-4.22991461E-13
 2.150000E-01	-6.88678414E-08	-3.34805206E-08	-1.46087750E-08	-6.04916810E-09	 2.13906615E-12	 7.55819795E-13	-1.13196807E-13	-4.97963352E-13
 2.200000E-01	-8.58334391E-08	-4.30185854E-08	-1.92626697E-08	-8.12547601E-09	 2.75249390E-12	 1.07208486E-12	-2.11673704E-14	-5.60599243E-13
 2.250000E-01	-1.06177058E-07	-5.48066610E-08	-2.51582546E-08	-1.08012834E-08	 3.48753515E-12	 1.47758855E-12	 1.31649926E-13	-6.00879752E-13
 2.300000E-01	-1.30394932E-07	-6.92565564E-08	-3.25589712E-08	-1.42158614E-08	 4.35878940E-12	 1.99007681E-12	 3.60487723E-13	-6.06949773E-13
 2.350000E-01	-1.59013671E-07	-8.68269934E-08	-4.17664563E-08	-1.85317330E-08	 5.38052132E-12	 2.62345817E-12	 6.80337170E-13	-5.61902492E-13
 2.400000E-01	-1.92597421E-07	-1.08026988E-07	-5.31236768E-08	-2.39371041E-08	 6.56541679E-12	 3.39083382E-12	 1.10790284E-12	-4.45471316E-13
 2.450000E-01	-2.31754238E-07	-1.33418986E-07	-6.70182541E-08	-3.06484573E-08	 7.92809158E-12	 4.30716362E-12	 1.65658451E-12	-2.40352782E-13
 2.500000E-01	-2.77132036E-07	-1.63618976E-07	-8.38839945E-08	-3.89124575E-08	 9.48674058E-12	 5.38057847E-12	 2.33003270E-12	 7.03273073E-14
 2.550000E-01	-3.29430198E-07	-1.99302594E-07	-1.04204538E-07	-4.90086848E-08	 1.12482503E-11	 6.60697213E-12	 3.14492715E-12	 5.27572109E-13
 2.600000E-01	-3.89394085E-07	-2.41203388E-07	-1.28513872E-07	-6.12510861E-08	 1.31936379E-11	 8.02156150E-12	 4.17974769E-12	 1.19268741E-12
 2.650000E-01	-4.57799221E-07	-2.90104827E-07	-1.57393221E-07	-7.59878090E-08	 1.53303362E-11	 9.75460313E-12	 5.52763609E-12	 2.05525194E-12
 2.700000E-01	-5.35484964E-07	-3.46859446E-07	-1.91480509E-07	-9.36064722E-08	 1.77563420E-11	 1.19005527E-11	 7.14021361E-12	 3.00915492E-12
 2.750000E-01	-6.23483621E-07	-4.12474546E-07	-2.31517145E-07	-1.14557595E-07	 2.05644313E-11	 1.43487919E-11	 8.87761245E-12	 4.04556017E-12
 2.800000E-01	-7.23000086E-07	-4.88105171E-07	-2.78346986E-07	-1.39355731E-07	 2.37024454E-11	 1.69780974E-11	 1.08046972E-11	 5.34297752E-12
 2.850000E-01	-8.35282413E-07	-5.74967488E-07	-3.32868524E-07	-1.68556299E-07	 2.70911732E-11	 1.99521494E-11	 1.31809886E-11	 6.99262449E-12
 2.900000E-01	-9.61562029E-07	-6.74292802E-07	-3.96004948E-07	-2.02739380E-07	 3.08213921E-11	 2.35149571E-11	 1.60675284E-11	 8.82862951E-12
 2.950000E-01	-1.10287945E-06	-7.87195979E-07	-4.68621156E-07	-2.42464073E-07	 3.50336582E-11	 2.76129153E-11	 1.92716418E-11	 1.07252028E-11
 3.000000E-01	-1.26027332E-06	-9.14796866E-07	-5.51586832E-07	-2.88296225E-07	 3.97035871E-11	 3.20550191E-11	 2.27500790E-11	 1.28279758E-11
 3.050000E-01	-1.43498456E-06	-1.05836718E-06	-6.45862309E-07	-3.40852176E-07	 4.47317417E-11	 3.68792244E-11	 2.67032707E-11	 1.53015647E-11
 3.100000E-01	-1.62810551E-06	-1.21906940E-06	-7.52340465E-07	-4.00713826E-07	 5.01328677E-11	 4.22472069E-11	 3.12210422E-11	 1.80907015E-11
 3.150000E-01	-1.84053397E-06	-1.39791140E-06	-8.71812956E-07	-4.68406295E-07	 5.59872080E-11	 4.81480882E-11	 3.61729487E-11	 2.11094717E-11
 3.200000E-01	-2.07328083E-06	-1.59597116E-06	-1.00509881E-06	-5.44460944E-07	 6.22953796E-11	 5.44577425E-11	 4.14769602E-11	 2.44532344E-11
 3.250000E-01	-2.32740800E-06	-1.81434349E-06	-1.15300968E-06	-6.29391631E-07	 6.90021103E-11	 6.11547143E-11	 4.72030275E-11	 2.82775785E-11
 3.300000E-01	-2.60387783E-06	-2.05402318E-06	-1.31628192E-06	-7.23657042E-07	 7.60979600E-11	 6.82999140E-11	 5.34087471E-11	 3.26443916E-11
 3.350000E-01	-2.90358261E-06	-2.31592226E-06	-1.49557929E-06	-8.27658054E-07	 8.36001248E-11	 7.59024905E-11	 6.00872484E-11	 3.75970659E-11
 3.400000E-01	-3.22818815E-06	-2.60154541E-06	-1.69192729E-06	-9.41974016E-07	 9.14997416E-11	 8.39652154E-11	 6.73123935E-11	 4.32591607E-11
 3.450000E-01	-3.58135579E-06	-2.91400757E-06	-1.90739376E-06	-1.06774691E-06	 9.98347276E-11	 9.26377787E-11	 7.52785221E-11	 4.97192781E-11
 3.500000E-01	-3.96715439E-06	-3.25679559E-06	-2.14430687E-06	-1.20625780E-06	 1.08734132E-10	 1.02089287E-10	 8.40610639E-11	 5.68840475E-11
 3.550000E-01	-4.38871200E-06	-3.63266910E-06	-2.40453970E-06	-1.35852814E-06	 1.18236981E-10	 1.12224435E-10	 9.36069451E-11	 6.47717154E-11
 3.600000E-01	-4.84919737E-06	-4.04444893E-06	-2.69001889E-06	-1.52560271E-06	 1.28061912E-10	 1.22926055E-10	 1.04276580E-10	 7.38910314E-11
 3.650000E-01	-5.35213849E-06	-4.49529587E-06	-3.00289009E-06	-1.70864292E-06	 1.37876563E-10	 1.34661936E-10	 1.16933465E-10	 8.47107604E-11
 3.700000E-01	-5.90112213E-06	-4.98844650E-06	-3.34532651E-06	-1.90882154E-06	 1.47861610E-10	 1.48206541E-10	 1.31950643E-10	 9.68601096E-11
 3.750000E-01	-6.49928801E-06	-5.52675241E-06	-3.71921843E-06	-2.12715084E-06	 1.58563528E-10	 1.63672770E-10	 1.48668186E-10	 1.09563914E-10
 3.800000E-01	-7.15014588E-06	-6.11339586E-06	-4.12664656E-06	-2.36474417E-06	 1.70327783E-10	 1.80462202E-10	 1.66181479E-10	 1.22584491E-10
 3.850000E-01	-7.85701454E-06	-6.75144863E-06	-4.56963086E-06	-2.62268896E-06	 1.83046772E-10	 1.97784114E-10	 1.84071625E-10	 1.36429441E-10
 3.900000E-01	-8.62239206E-06	-7.44332758E-06	-5.04977998E-06	-2.90183145E-06	 1.96117790E-10	 2.15179298E-10	 2.02833325E-10	 1.52200209E-10
 3.950000E-01	-9.44907556E-06	-8.19174960E-06	-5.56889125E-06	-3.20306040E-06	 2.09003662E-10	 2.33304020E-10	 2.23752872E-10	 1.70582653E-10
 4.000000E-01	-1.03379725E-05	-8.99784293E-06	-6.12768573E-06	-3.52659597E-06	 2.22105792E-10	 2.53291559E-10	 2.47083711E-10	 1.90463332E-10
 4.050000E-01	-1.12885897E-05	-9.86160238E-06	-6.72611286E-06	-3.87216811E-06	 2.36335135E-10	 2.74898454E-10	 2.71140271E-10	 2.10008820E-10
 4.100000E-01	-1.23042128E-05	-1.07863139E-05	-7.36625934E-06	-4.24064884E-06	 2.51894812E-10	 2.96645661E-10	 2.94321728E-10	 2.28963537E-10
 4.150000E-01	-1.33930743E-05	-1.17794599E-05	-8.05290832E-06	-4.63436652E-06	 2.68036967E-10	 3.17350317E-10	 3.16798654E-10	 2.48937465E-10
 4.200000E-01	-1.45631231E-05	-1.28482661E-05	-8.79059900E-06	-5.05544257E-06	 2.83381838E-10	 3.37012059E-10	 3.40625803E-10	 2.72422918E-10
 4.250000E-01	-1.58176416E-05	-1.39960205E-05	-9.58123332E-06	-5.50447529E-06	 2.97118312E-10	 3.57763558E-10	 3.68690258E-10	 3.00329295E-10
 4.300000E-01	-1.71585361E-05	-1.52248767E-05	-1.04259099E-05	-5.98156271E-06	 3.10817505E-10	 3.82288134E-10	 4.00885693E-10	 3.29407496E-10
 4.350000E-01	-1.85899030E-05	-1.65389325E-05	-1.13269559E-05	-6.48741008E-06	 3.26594848E-10	 4.09224083E-10	 4.32922400E-10	 3.56299916E-10
 4.400000E-01	-2.01178171E-05	-1.79441060E-05	-1.22878643E-05	-7.02330638E-06	 3.43187617E-10	 4.34460644E-10	 4.63115298E-10	 3.83903881E-10
 4.450000E-01	-2.17479361E-05	-1.94460413E-05	-1.33118732E-05	-7.59029744E-06	 3.57891184E-10	 4.58279151E-10	 4.95682751E-10	 4.16719420E-10
 4.500000E-01	-2.34828861E-05	-2.10477457E-05	-1.44003432E-05	-8.18823952E-06	 3.71626915E-10	 4.84720455E-10	 5.32655502E-10	 4.52132422E-10
 4.550000E-01	-2.53241512E-05	-2.27512487E-05	-1.55538669E-05	-8.81642916E-06	 3.87148883E-10	 5.13548678E-10	 5.69511803E-10	 4.84977744E-10
 4.600000E-01	-2.72719762E-05	-2.45574522E-05	-1.67721259E-05	-9.47348526E-06	 4.03644710E-10	 5.40325626E-10	 6.03285673E-10	 5.16916426E-10
 4.650000E-01	-2.93243089E-05	-2.64651493E-05	-1.80532306E-05	-1.01569870E-05	 4.18348397E-10	 5.64329946E-10	 6.37189557E-10	 5.52287089E-10
 4.700000E-01	-3.14809850E-05	-2.84747247E-05	-1.93961713E-05	-1.08648407E-05	 4.31686192E-10	 5.88782291E-10	 6.73194765E-10	 5.89301741E-10
 4.750000E-01	-3.37435283E-05	-3.05878585E-05	-2.08005411E-05	-1.15950728E-05	 4.45474907E-10	 6.13390314E-10	 7.08070285E-10	 6.24532591E-10
 4.800000E-01	-3.61129064E-05	-3.28055991E-05	-2.22653187E-05	-1.23452158E-05	 4.57956211E-10	 6.34738288E-10	 7.41271088E-10	 6.61565469E-10
 4.850000E-01	-3.85894740E-05	-3.51284924E-05	-2.37890371E-05	-1.31124218E-05	 4.66686745E-10	 6.54662807E-10	 7.78117321E-10	 7.04286185E-10
 4.900000E-01	-4.11774309E-05	-3.75605957E-05	-2.53724764E-05	-1.38949680E-05	 4.74863816E-10	 6.78602636E-10	 8.18584020E-10	 7.45788914E-10
 4.950000E-01	-4.38962611E-05	-4.01199085E-05	-2.70255433E-05	-1.46959261E-05	 4.86756248E-10	 7.03611976E-10	 8.53497000E-10	 7.79116144E-10
 5.000000E-01	-4.67689747E-05	-4.28280743E-05	-2.87604828E-05	-1.55194009E-05	 4.98042988E-10	 7.20742008E-10	 8.81514035E-10	 8.14347864E-10
 5.050000E-01	-4.98074639E-05	-4.56975024E-05	-3.05834838E-05	-1.63659974E-05	 5.01513213E-10	 7.32372118E-10	 9.16255324E-10	 8.65083965E-10
 5.100000E-01	-5.30240975E-05	-4.87420324E-05	-3.25017742E-05	-1.72366603E-05	 4.99911006E-10	 7.50812209E-10	 9.65068077E-10	 9.24974106E-10
 5.150000E-01	-5.64466255E-05	-5.19907588E-05	-3.45328202E-05	-1.81375870E-05	 5.00865714E-10	 7.78223438E-10	 1.01817639E-09	 9.80395041E-10
 5.200000E-01	-6.01101121E-05	-5.54809600E-05	-3.66994283E-05	-1.90772483E-05	 5.03638530E-10	 8.05573500E-10	 1.06861884E-09	 1.03551775E-09
 5.250000E-01	-6.40345840E-05	-5.92375108E-05	-3.90159781E-05	-2.00589127E-05	 5.01818703E-10	 8.29699604E-10	 1.12397852E-09	 1.10409305E-09
 5.300000E-01	-6.82305726E-05	-6.32782015E-05	-4.14921079E-05	-2.10827389E-05	 4.93506598E-10	 8.56891110E-10	 1.19345648E-09	 1.18926021E-09
 5.350000E-01	-7.26923122E-05	-6.76078022E-05	-4.41292542E-05	-2.21443954E-05	 4.82625238E-10	 8.93837769E-10	 1.27662426E-09	 1.28158775E-09
 5.400000E-01	-7.74076611E-05	-7.22268170E-05	-4.69263671E-05	-2.32381401E-05	 4.75909736E-10	 9.41040552E-10	 1.36213488E-09	 1.36644730E-09
 5.450000E-01	-8.23832776E-05	-7.71547544E-05	-4.98948069E-05	-2.43641237E-05	 4.75464032E-10	 9.86961814E-10	 1.43493416E-09	 1.44103634E-09
 5.500000E-01	-8.76202139E-05	-8.24080318E-05	-5.30439885E-05	-2.55209304E-05	 4.70411597E-10	 1.01743870E-09	 1.49909365E-09	 1.52902495E-09
 5.550000E-01	-9.30682207E-05	-8.79575704E-05	-5.63548796E-05	-2.66931368E-05	 4.50724420E-10	 1.04161458E-09	 1.57951777E-09	 1.64710266E-09
 5.600000E-01	-9.86682848E-05	-9.37668829E-05	-5.98039891E-05	-2.78631573E-05	 4.28801672E-10	 1.08209605E-09	 1.67611808E-09	 1.76344092E-09
 5.650000E-01	-1.04408049E-04	-9.98418030E-05	-6.33932270E-05	-2.90246528E-05	 4.21502874E-10	 1.13008627E-09	 1.75021276E-09	 1.84309474E-09
 5.700000E-01	-1.10267850E-04	-1.06181293E-04	-6.71196961E-05	-3.01687222E-05	 4.17985028E-10	 1.15290415E-09	 1.78713732E-09	 1.91307990E-09
 5.750000E-01	-1.16192725E-04	-1.12752321E-04	-7.09612535E-05	-3.12782413E-05	 3.97559275E-10	 1.14969904E-09	 1.82173103E-09	 2.01605836E-09
 5.800000E-01	-1.22163880E-04	-1.19556457E-04	-7.49174719E-05	-3.23462085E-05	 3.65345190E-10	 1.14974847E-09	 1.87446234E-09	 2.13576797E-09
 5.850000E-01	-1.28220877E-04	-1.26652503E-04	-7.90229411E-05	-3.33802336E-05	 3.39991866E-10	 1.16094355E-09	 1.91998393E-09	 2.23120536E-09
 5.900000E-01	-1.34373639E-04	-1.34074833E-04	-8.32977055E-05	-3.43807994E-05	 3.24221947E-10	 1.16412131E-09	 1.93326675E-09	 2.30003766E-09
 5.950000E-01	-1.40603793E-04	-1.41834873E-04	-8.77492492E-05	-3.53430848E-05	 3.07535779E-10	 1.14526487E-09	 1.91871740E-09	 2.36869318E-09
 6.000000E-01	-1.46953541E-04	-1.50007792E-04	-9.24243433E-05	-3.62773328E-05	 2.80458164E-10	 1.10715620E-09	 1.89739293E-09	 2.46127783E-09
 6.050000E-01	-1.53489173E-04	-1.58699810E-04	-9.73889009E-05	-3.71993233E-05	 2.39989688E-10	 1.06472431E-09	 1.89161977E-09	 2.58642861E-09
 6.100000E-01	-1.60235354E-04	-1.67985015E-04	-1.02690786E-04	-3.81159413E-05	 1.92089709E-10	 1.03478405E-09	 1.90857306E-09	 2.73045858E-09
 6.150000E-01	-1.67178024E-04	-1.77906870E-04	-1.08361094E-04	-3.90263508E-05	 1.45519938E-10	 1.02132329E-09	 1.93580715E-09	 2.87366261E-09
 6.200000E-01	-1.74276088E-04	-1.88488592E-04	-1.14421096E-04	-3.99256461E-05	 1.02395592E-10	 1.01639552E-09	 1.96052973E-09	 3.01354690E-09
 6.250000E-01	-1.81551438E-04	-1.99827296E-04	-1.20938140E-04	-4.08240385E-05	 5.83405925E-11	 1.01256861E-09	 1.98395538E-09	 3.16505318E-09
 6.300000E-01	-1.89040963E-04	-2.12048983E-04	-1.27999189E-04	-4.17360492E-05	 6.23243368E-12	 1.00949301E-09	 2.02084836E-09	 3.34883669E-09
 6.350000E-01	-1.96650836E-04	-2.25153680E-04	-1.35622572E-04	-4.26540256E-05	-5.70038169E-11	 1.01807700E-09	 2.08941161E-09	 3.56944631E-09
 6.400000E-01	-2.04271730E-04	-2.39134358E-04	-1.43830839E-04	-4.35756864E-05	-1.23174203E-10	 1.05215459E-09	 2.18792944E-09	 3.80065994E-09
 6.450000E-01	-2.11862862E-04	-2.54071540E-04	-1.52705849E-04	-4.45194808E-05	-1.82956423E-10	 1.10744231E-09	 2.29234777E-09	 4.01811072E-09
 6.500000E-01	-2.19309807E-04	-2.69979988E-04	-1.62302773E-04	-4.55011145E-05	-2.40736729E-10	 1.16655592E-09	 2.39211418E-09	 4.23422748E-09
 6.550000E-01	-2.26417186E-04	-2.86797082E-04	-1.72649813E-04	-4.65410736E-05	-3.04898004E-10	 1.22617040E-09	 2.50057165E-09	 4.46583254E-09
 6.600000E-01	-2.32966278E-04	-3.04447201E-04	-1.83790550E-04	-4.76822620E-05	-3.71748453E-10	 1.29401894E-09	 2.61740384E-09	 4.69360537E-09
 6.650000E-01	-2.38758305E-04	-3.22899191E-04	-1.95820221E-04	-4.90004416E-05	-4.36061179E-10	 1.36247993E-09	 2.72161045E-09	 4.90011202E-09
 6.700000E-01	-2.43612071E-04	-3.42166387E-04	-2.08882715E-04	-5.05983205E-05	-5.08193169E-10	 1.41498416E-09	 2.81703135E-09	 5.11507777E-09
 6.750000E-01	-2.47294510E-04	-3.62205929E-04	-2.23103677E-04	-5.25863214E-05	-6.00504992E-10	 1.45784743E-09	 2.93882308E-09	 5.36450407E-09
 6.800000E-01	-2.49542523E-04	-3.82940885E-04	-2.38611794E-04	-5.51016140E-05	-7.05307799E-10	 1.51237417E-09	 3.09332552E-09	 5.60950354E-09
 6.850000E-01	-2.50094622E-04	-4.04315568E-04	-2.55577332E-04	-5.83166342E-05	-8.05178771E-10	 1.57704940E-09	 3.23620772E-09	 5.79055562E-09
 6.900000E-01	-2.48674657E-04	-4.26258317E-04	-2.74175864E-04	-6.24208417E-05	-8.93835074E-10	 1.62543912E-09	 3.31940243E-09	 5.89308446E-09
 6.950000E-01	-2.44997242E-04	-4.48685009E-04	-2.94597835E-04	-6.76364590E-05	-9.82507982E-10	 1.62501895E-09	 3.33008710E-09	 5.96208926E-09
 7.000000E-01	-2.38766288E-04	-4.71517440E-04	-3.17071584E-04	-7.42292573E-05	-1.10076350E-09	 1.55877478E-09	 3.31875807E-09	 6.09315566E-09
 7.050000E-01	-2.29641822E-04	-4.94625083E-04	-3.41821953E-04	-8.24968939E-05	-1.26882222E-09	 1.46205476E-09	 3.37728075E-09	 6.33027870E-09
 7.100000E-01	-2.17253252E-04	-5.17823727E-04	-3.69060296E-04	-9.27636860E-05	-1.46071862E-09	 1.39376002E-09	 3.51381908E-09	 6.56651377E-09
 7.150000E-01	-2.01225910E-04	-5.40907157E-04	-3.98998308E-04	-1.05380670E-04	-1.64406726E-09	 1.34064057E-09	 3.63093398E-09	 6.70604828E-09
 7.200000E-01	-1.81174297E-04	-5.63641490E-04	-4.31850652E-04	-1.20733864E-04	-1.84554271E-09	 1.23628012E-09	 3.71042415E-09	 6.85545158E-09
 7.250000E-01	-1.56635458E-04	-5.85597010E-04	-4.67718834E-04	-1.39222720E-04	-2.10478342E-09	 1.09018587E-09	 3.86259603E-09	 7.12718139E-09
 7.300000E-01	-1.27107281E-04	-6.06150303E-04	-5.06569403E-04	-1.61244446E-04	-2.38918291E-09	 9.77736747E-10	 4.10203865E-09	 7.38618751E-09
 7.350000E-01	-9.21560748E-05	-6.24743553E-04	-5.48409234E-04	-1.87224311E-04	-2.64491380E-09	 8.85155164E-10	 4.27620870E-09	 7.47402880E-09
 7.400000E-01	-5.13646174E-05	-6.40756172E-04	-5.93194456E-04	-2.17598012E-04	-2.90034426E-09	 7.10099396E-10	 4.32559734E-09	 7.52147972E-09
 7.450000E-01	-4.34316722E-06	-6.53559176E-04	-6.40867591E-04	-2.52808161E-04	-3.21797413E-09	 4.39670486E-10	 4.39273241E-09	 7.72583272E-09
 7.500000E-01	 4.92629345E-05	-6.62701530E-04	-6.91524586E-04	-2.93351343E-04	-3.58153664E-09	 1.68966094E-10	 4.56082474E-09	 8.00124305E-09
 7.550000E-01	 1.09850105E-04	-6.67464569E-04	-7.45042755E-04	-3.39677906E-04	-3.93227192E-09	-7.38603715E-11	 4.71818136E-09	 8.15963331E-09
 7.600000E-01	 1.77802352E-04	-6.66843341E-04	-8.01022136E-04	-3.92144138E-04	-4.27530609E-09	-3.63007135E-10	 4.77990734E-09	 8.24339330E-09
 7.650000E-01	 2.53465607E-04	-6.59940083E-04	-8.59140909E-04	-4.51113831E-04	-4.64972166E-09	-7.18581285E-10	 4.82012431E-09	 8.38233272E-09
 7.700000E-01	 3.37191922E-04	-6.45951843E-04	-9.19163675E-04	-5.16952452E-04	-5.02877231E-09	-1.06209191E-09	 4.88403645E-09	 8.49098249E-09
 7.750000E-01	 4.29297602E-04	-6.23843554E-04	-9.80589855E-04	-5.89886059E-04	-5.35202298E-09	-1.37332338E-09	 4.85583166E-09	 8.40364751E-09
 7.800000E-01	 5.30255566E-04	-5.92904090E-04	-1.04336048E-03	-6.70301746E-04	-5.64095835E-09	-1.75061762E-09	 4.65354627E-09	 8.20417175E-09
 7.850000E-01	 6.40899528E-04	-5.52686066E-04	-1.10797338E-03	-7.58880757E-04	-5.97065299E-09	-2.23976609E-09	 4.39300327E-09	 8.10657840E-09
 7.900000E-01	 7.61659767E-04	-5.01564616E-04	-1.17344992E-03	-8.55554623E-04	-6.33589878E-09	-2.74399498E-09	 4.20008777E-09	 8.08919209E-09
 7.950000E-01	 8.92865663E-04	-4.37827177E-04	-1.23864494E-03	-9.60037692E-04	-6.66704961E-09	-3.17790403E-09	 4.02951939E-09	 7.96203044E-09
 8.000000E-01	 1.03522677E-03	-3.60140327E-04	-1.30309468E-03	-1.07234730E-03	-6.93611540E-09	-3.56764652E-09	 3.77779930E-09	 7.66199144E-09
 8.050000E-01	 1.18905597E-03	-2.66749462E-04	-1.36554836E-03	-1.19183327E-03	-7.15581019E-09	-3.95474975E-09	 3.42637988E-09	 7.24937867E-09
 8.100000E-01	 1.35479104E-03	-1.56095837E-04	-1.42503945E-03	-1.31775620E-03	-7.32776851E-09	-4.32787392E-09	 3.00733385E-09	 6.75398726E-09
 8.150000E-01	 1.53418031E-03	-2.70739178E-05	-1.48227044E-03	-1.45036302E-03	-7.45207990E-09	-4.69148926E-09	 2.51173676E-09	 6.16813353E-09
 8.200000E-01	 1.72833805E-03	 1.22086024E-04	-1.53671933E-03	-1.58879111E-03	-7.56520755E-09	-5.11740860E-09	 1.90934041E-09	 5.54594859E-09
 8.250000E-01	 1.93787609E-03	 2.93541194E-04	-1.58705612E-03	-1.73131205E-03	-7.72437209E-09	-5.62702342E-09	 1.29255725E-09	 5.02045669E-09
 8.300000E-01	 2.16600626E-03	 4.89614643E-04	-1.63431875E-03	-1.87812659E-03	-7.90925965E-09	-6.06846113E-09	 8.35082201E-10	 4.60057620E-09
 8.350000E-01	 2.41356496E-03	 7.13129805E-04	-1.67675864E-03	-2.02665705E-03	-7.99889905E-09	-6.29231353E-09	 4.95669051E-10	 4.06121516E-09
 8.400000E-01	 2.68203126E-03	 9.66746825E-04	-1.71346800E-03	-2.17438934E-03	-7.95961600E-09	-6.41002717E-09	 2.71481653E-11	 3.26301061E-09
 8.450000E-01	 2.97613992E-03	 1.25377187E-03	-1.74616079E-03	-2.32078317E-03	-7.89281157E-09	-6.61008643E-09	-6.38250175E-10	 2.36529184E-09
 8.500000E-01	 3.29877822E-03	 1.57753666E-03	-1.77475780E-03	-2.46275584E-03	-7.84517548E-09	-6.84630441E-09	-1.31124057E-09	 1.55033471E-09
 8.550000E-01	 3.65590631E-03	 1.94252288E-03	-1.80102014E-03	-2.59847944E-03	-7.76348469E-09	-6.98346659E-09	-1.89866953E-09	 7.69460602E-10
 8.600000E-01	 4.05723525E-03	 2.35558144E-03	-1.82779596E-03	-2.72700627E-03	-7.62598326E-09	-7.06294501E-09	-2.53440453E-09	-1.05172563E-10
 8.650000E-01	 4.50573221E-03	 2.82154482E-03	-1.85234596E-03	-2.84023037E-03	-7.47587425E-09	-7.17917542E-09	-3.27296976E-09	-1.01717870E-09
 8.700000E-01	 5.00683897E-03	 3.34627302E-03	-1.87253181E-03	-2.92974148E-03	-7.31794950E-09	-7.23859406E-09	-3.93731557E-09	-1.80443632E-09
 8.750000E-01	 5.57127480E-03	 3.93819223E-03	-1.88805405E-03	-2.98773066E-03	-7.04676533E-09	-7.07658873E-09	-4.46978122E-09	-2.54759271E-09
 8.800000E-01	 6.20341586E-03	 4.60129827E-03	-1.89491526E-03	-2.99943966E-03	-6.59890408E-09	-6.80859796E-09	-5.17160388E-09	-3.52474325E-09
 8.850000E-01	 6.91604934E-03	 5.34330524E-03	-1.89183425E-03	-2.95127040E-03	-6.12014071E-09	-6.74020398E-09	-6.23041540E-09	-4.66226569E-09
 8.900000E-01	 7.72347386E-03	 6.17158772E-03	-1.87583324E-03	-2.82524273E-03	-5.72160032E-09	-6.79019703E-09	-7.26257619E-09	-5.47234256E-09
 8.950000E-01	 8.62900758E-03	 7.08319873E-03	-1.83746269E-03	-2.59340972E-03	-5.20954001E-09	-6.50973591E-09	-7.87157379E-09	-5.81666047E-09
 9.000000E-01	 9.63858572E-03	 8.07405572E-03	-1.76432014E-03	-2.22434642E-03	-4.34113667E-09	-5.80325923E-09	-8.31760210E-09	-6.14164750E-09
 9.050000E-01	 1.07563860E-02	 9.13401609E-03	-1.64082770E-03	-1.68180569E-03	-3.16042711E-09	-5.05384567E-09	-9.04374955E-09	-6.67959805E-09
 9.100000E-01	 1.19723270E-02	 1.02376310E-02	-1.44341174E-03	-9.29595891E-04	-1.84439107E-09	-4.52783569E-09	-1.00075731E-08	-7.11430721E-09
 9.150000E-01	 1.32748096E-02	 1.13410797E-02	-1.15643573E-03	 6.54545436E-05	-4.50704915E-10	-4.18664599E-09	-1.09084857E-08	-7.10433057E-09
 9.200000E-01	 1.46259280E-02	 1.23954585E-02	-7.21788015E-04	 1.32567061E-03	 1.04049137E-09	-3.89907092E-09	-1.14512926E-08	-6.46459550E-09
 9.250000E-01	 1.59917589E-02	 1.33156697E-02	-1.34189036E-04	 2.85104582E-03	 2.73923918E-09	-3.49903576E-09	-1.13968944E-08	-5.14376602E-09
 9.300000E-01	 1.72566478E-02	 1.39934758E-02	 7.29625718E-04	 4.65810981E-03	 4.73174893E-09	-2.99229085E-09	-1.06923188E-08	-3.36813775E-09
 9.350000E-01	 1.82932541E-02	 1.43820289E-02	 2.00693576E-03	 6.60939558E-03	 6.84209556E-09	-2.72098472E-09	-9.54026593E-09	-1.59695077E-09
 9.400000E-01	 1.90680489E-02	 1.43931086E-02	 3.57742260E-03	 8.49996835E-03	 8.74986556E-09	-3.00018391E-09	-8.11501603E-09	-7.31267090E-11
 9.450000E-01	 1.95135053E-02	 1.38109285E-02	 5.34232026E-03	 1.03414632E-02	 1.02752740E-08	-3.74446037E-09	-5.93369646E-09	 1.50913404E-09
 9.500000E-01	 1.94442441E-02	 1.28431778E-02	 7.32900453E-03	 1.13194939E-02	 1.16420705E-08	-4.35913065E-09	-3.27257033E-09	 2.58678472E-09
 9.550000E-01	 1.85719237E-02	 1.11695662E-02	 9.59770721E-03	 1.21251134E-02	 1.17579843E-08	-4.63864839E-09	 4.86476804E-10	 3.00001717E-09
 9.600000E-01	 1.73526616E-02	 9.25757931E-03	 1.20732472E-02	 1.19411241E-02	 1.16365171E-08	-5.28912421E-09	 4.55916408E-09	 2.01393154E-09
 9.650000E-01	 1.47002672E-02	 8.40569530E-03	 1.25438684E-02	 1.20154201E-02	 9.61119712E-09	-3.73268560E-09	 5.76436325E-09	 2.56679113E-09
 9.700000E-01	 1.41885526E-02	 9.68381328E-03	 1.33763314E-02	 1.08128197E-02	 6.68310409E-09	-4.31076447E-09	 3.90422096E-09	 3.07202908E-10
 9.750000E-01	 3.02782815E-02	 3.40624494E-02	 6.54310863E-03	-9.57615353E-03	 1.04656714E-09	-7.24496721E-09	-2.16277637E-09	-9.48801218E-10
 9.800000E-01	 1.60427577E-01	 2.78639384E-02	-1.60402839E-01	-2.16036622E-02	 3.35012809E-09	-4.18479777E-09	-7.32878262E-10	 1.36172019E-08
 9.850000E-01	-4.23690163E-02	 1.95970517E-01	 1.78747372E-01	-2.42625272E-01	-1.36725721E-09	 1.52421453E-08	 1.49143524E-08	-2.98651289E-09
 9.900000E-01	-1.33752886E+00	 1.62844817E+00	 1.97034150E+00	-4.55427780E-01	-7.35192579E-08	 8.99535465E-08	 1.21673046E-07	-1.42448203E-08
 9.950000E-01	 5.58611534E+01	-1.80352294E+01	-6.33903797E+01	-9.36929346E+00	 3.13036990E-06	-1.01297794E-06	-3.62366839E-06	-5.47373139E-07
 1.000000E+00	 0.00000000E+00	 0.00000000E+00	 0.00000000E+00	 0.00000000E+00	 0.00000000E+00	 0.00000000E+00	 0.00000000E+00	 0.00000000E+00
