r	R 12/12	R 13/12	R 14/12	R 15/12	I 12/12	I 13/12	I 14/12	I 15/12
 0.000000E+00	 0.00000000E+00	 0.00000000E+00	 0.00000000E+00	 0.00000000E+00	 0.00000000E+00	 0.00000000E+00	 0.00000000E+00	 0.00000000E+00
 5.000000E-03	-1.56056026E-25	 1.70562038E-26	 5.56732120E-27	 3.11553456E-26	-1.14951629E-28	 6.82192288E-30	 1.44039426E-28	-2.18505728E-29
 1.000000E-02	-2.49871206E-24	-1.89450617E-24	-8.27138484E-24	 2.14231613E-24	-1.28993785E-26	 1.59383322E-27	 4.27761856E-27	-7.53937767E-28
 1.500000E-02	 2.30744506E-22	-9.11660248E-23	-2.62477742E-22	 3.45948548E-23	-2.79403259E-25	 3.89462495E-26	 1.82401501E-26	-4.87966365E-27
 2.000000E-02	 6.87848453E-21	-1.45106278E-21	-3.47693912E-21	 2.37840981E-22	-2.56816775E-24	 3.67977804E-25	-3.64418400E-25	-1.49882738E-27
 2.500000E-02	 8.95948779E-20	-1.26468155E-20	-2.78038053E-20	 6.60550158E-22	-1.13026015E-23	 1.86068439E-24	-5.35821129E-24	-6.74418939E-27
 3.000000E-02	 7.37476953E-19	-7.25020263E-20	-1.58167869E-19	-1.91439320E-21	-9.93006983E-24	 6.96318934E-24	-3.52269900E-23	-1.70667654E-24
 3.500000E-02	 4.44145587E-18	-2.97596373E-19	-7.02374362E-19	-3.02369844E-20	 1.67476679E-22	 2.78155130E-23	-1.37041106E-22	-1.23646579E-23
 4.000000E-02	 2.12393615E-17	-8.91819908E-19	-2.58090345E-18	-1.83381497E-19	 1.20818846E-21	 1.43541797E-22	-3.79077957E-22	-5.05467754E-23
 4.500000E-02	 8.49772842E-17	-1.77278448E-18	-8.15768531E-18	-7.94082216E-19	 5.34968850E-21	 7.33880258E-22	-9.04759806E-22	-1.70460595E-22
 5.000000E-02	 2.94869456E-16	-6.83889326E-19	-2.27790513E-17	-2.79804939E-18	 1.90204892E-20	 3.08242703E-21	-1.87488174E-21	-4.68617669E-22
 5.500000E-02	 9.10740865E-16	 1.31325305E-17	-5.72469411E-17	-8.49267279E-18	 5.79562619E-20	 1.07548082E-20	-2.68496378E-21	-9.61624561E-22
 6.000000E-02	 2.55281698E-15	 7.62202120E-17	-1.31147773E-16	-2.29236868E-17	 1.53103331E-19	 3.16122463E-20	 1.94595338E-21	-3.42448483E-22
 6.500000E-02	 6.59125147E-15	 2.92216186E-16	-2.76110551E-16	-5.61444845E-17	 3.47826094E-19	 8.01534699E-20	 3.15588007E-20	 7.51464881E-21
 7.000000E-02	 1.58602303E-14	 9.21330236E-16	-5.36229147E-16	-1.26444950E-16	 6.82113379E-19	 1.85976041E-19	 1.23172561E-19	 3.53624778E-20
 7.500000E-02	 3.58999617E-14	 2.55996356E-15	-9.59343819E-16	-2.64177345E-16	 1.18504674E-18	 4.10637558E-19	 3.22448632E-19	 1.00787941E-19
 8.000000E-02	 7.70204383E-14	 6.47939584E-15	-1.56668859E-15	-5.14707415E-16	 1.89134803E-18	 8.75433804E-19	 6.74136727E-19	 2.19766121E-19
 8.500000E-02	 1.57596194E-13	 1.52314783E-14	-2.27830052E-15	-9.36873385E-16	 2.90444397E-18	 1.81825501E-18	 1.20377683E-18	 3.92329915E-19
 9.000000E-02	 3.09142704E-13	 3.36838893E-14	-2.75582530E-15	-1.58956019E-15	 4.51440326E-18	 3.66102565E-18	 1.93988662E-18	 6.03687753E-19
 9.500000E-02	 5.83893185E-13	 7.07203466E-14	-2.10115773E-15	-2.49273603E-15	 7.28483655E-18	 7.08846961E-18	 3.00255316E-18	 8.52768749E-19
 1.000000E-01	 1.06578619E-12	 1.41936424E-13	 1.68398000E-15	-3.53963305E-15	 1.18905967E-17	 1.29979010E-17	 4.87797186E-18	 1.32121987E-18
 1.050000E-01	 1.88598719E-12	 2.73780740E-13	 1.26178694E-14	-4.32233997E-15	 1.83693417E-17	 2.23865598E-17	 8.75253119E-18	 2.54335476E-18
 1.100000E-01	 3.24429314E-12	 5.09739620E-13	 3.82395664E-14	-3.81259337E-15	 2.57868394E-17	 3.71234456E-17	 1.59094518E-17	 4.84320481E-18
 1.150000E-01	 5.43799243E-12	 9.19348789E-13	 9.19769824E-14	 1.89955765E-16	 3.37027173E-17	 6.11459740E-17	 2.69509165E-17	 7.73295438E-18
 1.200000E-01	 8.89996024E-12	 1.61100544E-12	 1.96766316E-13	 1.19701973E-14	 4.29041817E-17	 1.00261402E-16	 4.31187114E-17	 1.08059900E-17
 1.250000E-01	 1.42480065E-11	 2.74977041E-12	 3.90421734E-13	 3.93481642E-14	 5.31321265E-17	 1.61429366E-16	 6.83722156E-17	 1.50286174E-17
 1.300000E-01	 2.23476780E-11	 4.58161911E-12	 7.33410845E-13	 9.59092056E-14	 5.93596137E-17	 2.51835065E-16	 1.10572595E-16	 2.38811828E-17
 1.350000E-01	 3.43907503E-11	 7.46583251E-12	 1.31985312E-12	 2.04333408E-13	 4.64211897E-17	 3.77568041E-16	 1.82249639E-16	 4.41357319E-17
 1.400000E-01	 5.19917764E-11	 1.19175092E-11	 2.29275739E-12	 4.01240140E-13	-1.47508160E-17	 5.46763672E-16	 2.98856339E-16	 8.31454080E-17
 1.450000E-01	 7.73049870E-11	 1.86624468E-11	 3.86473940E-12	 7.44080559E-13	-1.65277875E-16	 7.74710710E-16	 4.77023161E-16	 1.46443042E-16
 1.500000E-01	 1.13162380E-10	 2.87064752E-11	 6.34569314E-12	 1.32075522E-12	-4.57043308E-16	 1.08669965E-15	 7.36739250E-16	 2.38752719E-16
 1.550000E-01	 1.63231597E-10	 4.34208640E-11	 1.01790235E-11	 2.26276615E-12	-9.55552659E-16	 1.51459321E-15	 1.10573107E-15	 3.70919353E-16
 1.600000E-01	 2.32201315E-10	 6.46472937E-11	 1.59874141E-11	 3.76257405E-12	-1.77058302E-15	 2.04891623E-15	 1.63246133E-15	 5.93855881E-16
 1.650000E-01	 3.25989974E-10	 9.48239829E-11	 2.46306412E-11	 6.09623094E-12	-3.12871855E-15	 2.58620903E-15	 2.39083756E-15	 1.01475817E-15
 1.700000E-01	 4.51976805E-10	 1.37134719E-10	 3.72771282E-11	 9.65232107E-12	-5.37141290E-15	 3.02387770E-15	 3.43858755E-15	 1.70736010E-15
 1.750000E-01	 6.19252891E-10	 1.95682956E-10	 5.54915024E-11	 1.49684628E-11	-8.82724653E-15	 3.37994002E-15	 4.77881500E-15	 2.64939075E-15
 1.800000E-01	 8.38892267E-10	 2.75692074E-10	 8.13394834E-11	 2.27765463E-11	-1.38101935E-14	 3.62688370E-15	 6.40227200E-15	 3.86631046E-15
 1.850000E-01	 1.12428378E-09	 3.83742360E-10	 1.17509169E-10	 3.40565872E-11	-2.08277162E-14	 3.45344099E-15	 8.32945974E-15	 5.55205880E-15
 1.900000E-01	 1.49146765E-09	 5.28036426E-10	 1.67457370E-10	 5.01019989E-11	-3.06626322E-14	 2.33902903E-15	 1.05470257E-14	 7.93795417E-15
 1.950000E-01	 1.95945571E-09	 7.18686832E-10	 2.35580810E-10	 7.25979399E-11	-4.42560119E-14	-2.81854431E-16	 1.29252678E-14	 1.11472827E-14
 2.000000E-01	 2.55058697E-09	 9.68036678E-10	 3.27407367E-10	 1.03711814E-10	-6.26399670E-14	-4.99443733E-15	 1.52141851E-14	 1.51894362E-14
 2.050000E-01	 3.29089566E-09	 1.29100773E-09	 4.49811184E-10	 1.46197118E-10	-8.69204321E-14	-1.24136935E-14	 1.70619933E-14	 1.99797141E-14
 2.100000E-01	 4.21046386E-09	 1.70546372E-09	 6.11250491E-10	 2.03511219E-10	-1.18258344E-13	-2.32330898E-14	 1.80068307E-14	 2.53576446E-14
 2.150000E-01	 5.34373634E-09	 2.23257883E-09	 8.22024397E-10	 2.79946101E-10	-1.57877665E-13	-3.82898397E-14	 1.74560782E-14	 3.10924130E-14
 2.200000E-01	 6.72991314E-09	 2.89724977E-09	 1.09454628E-09	 3.80769489E-10	-2.07087620E-13	-5.86774443E-14	 1.46344268E-14	 3.68871133E-14
 2.250000E-01	 8.41331747E-09	 3.72851810E-09	 1.44364058E-09	 5.12379902E-10	-2.67340134E-13	-8.58395594E-14	 8.53003040E-15	 4.23404566E-14
 2.300000E-01	 1.04437508E-08	 4.75999843E-09	 1.88685622E-09	 6.82474774E-10	-3.40217178E-13	-1.21349556E-13	-2.06614595E-15	 4.67845932E-14
 2.350000E-01	 1.28769004E-08	 6.03033957E-09	 2.44479854E-09	 9.00231687E-10	-4.27318577E-13	-1.66636835E-13	-1.84677153E-14	 4.91996320E-14
 2.400000E-01	 1.57747710E-08	 7.58370435E-09	 3.14148005E-09	 1.17650419E-09	-5.30254409E-13	-2.23104165E-13	-4.20579151E-14	 4.83479614E-14
 2.450000E-01	 1.92060132E-08	 9.47020242E-09	 4.00467398E-09	 1.52403032E-09	-6.50750382E-13	-2.92256133E-13	-7.42357406E-14	 4.28583516E-14
 2.500000E-01	 2.32463168E-08	 1.17463315E-08	 5.06626054E-09	 1.95764616E-09	-7.90682361E-13	-3.75207003E-13	-1.16114974E-13	 3.10981161E-14
 2.550000E-01	 2.79788085E-08	 1.44754073E-08	 6.36256728E-09	 2.49450387E-09	-9.51934293E-13	-4.72615550E-13	-1.68535957E-13	 1.13307740E-14
 2.600000E-01	 3.34944084E-08	 1.77279481E-08	 7.93468637E-09	 3.15428786E-09	-1.13647220E-12	-5.88122491E-13	-2.34052760E-13	-1.73837118E-14
 2.650000E-01	 3.98923717E-08	 2.15821002E-08	 9.82876127E-09	 3.95941345E-09	-1.34744826E-12	-7.31183183E-13	-3.18413996E-13	-5.52681396E-14
 2.700000E-01	 4.72808581E-08	 2.61240502E-08	 1.20962536E-08	 4.93521177E-09	-1.58973614E-12	-9.08014736E-13	-4.25178959E-13	-1.04241591E-13
 2.750000E-01	 5.57775208E-08	 3.14484144E-08	 1.47941970E-08	 6.11011305E-09	-1.86731400E-12	-1.11188574E-12	-5.50365971E-13	-1.68118581E-13
 2.800000E-01	 6.55102822E-08	 3.76586552E-08	 1.79854080E-08	 7.51579693E-09	-2.18128351E-12	-1.33729180E-12	-6.91425885E-13	-2.48226944E-13
 2.850000E-01	 7.66181264E-08	 4.48674788E-08	 2.17386313E-08	 9.18727713E-09	-2.53313093E-12	-1.59747488E-12	-8.57593265E-13	-3.42415278E-13
 2.900000E-01	 8.92521158E-08	 5.31973829E-08	 2.61287167E-08	 1.11629601E-08	-2.92788907E-12	-1.90828128E-12	-1.05898721E-12	-4.50163622E-13
 2.950000E-01	 1.03576350E-07	 6.27813203E-08	 3.12369110E-08	 1.34847424E-08	-3.37114701E-12	-2.26577365E-12	-1.29261346E-12	-5.74043110E-13
 3.000000E-01	 1.19768991E-07	 7.37633877E-08	 3.71511620E-08	 1.61981164E-08	-3.86516157E-12	-2.66051813E-12	-1.55301343E-12	-7.15583395E-13
 3.050000E-01	 1.38023707E-07	 8.62994370E-08	 4.39661841E-08	 1.93521019E-08	-4.41058973E-12	-3.09949975E-12	-1.84696963E-12	-8.74615889E-13
 3.100000E-01	 1.58551069E-07	 1.00557710E-07	 5.17835182E-08	 2.29991001E-08	-5.01020785E-12	-3.59518082E-12	-2.18434369E-12	-1.05251369E-12
 3.150000E-01	 1.81579721E-07	 1.16719646E-07	 6.07118354E-08	 2.71948543E-08	-5.66882854E-12	-4.14737150E-12	-2.56463476E-12	-1.25249712E-12
 3.200000E-01	 2.07357907E-07	 1.34980784E-07	 7.08672080E-08	 3.19983536E-08	-6.39086121E-12	-4.75115991E-12	-2.98397260E-12	-1.47793922E-12
 3.250000E-01	 2.36155319E-07	 1.55551876E-07	 8.23735375E-08	 3.74718078E-08	-7.18019363E-12	-5.41092208E-12	-3.44624381E-12	-1.73289025E-12
 3.300000E-01	 2.68265315E-07	 1.78660423E-07	 9.53633180E-08	 4.36807634E-08	-8.04205611E-12	-6.13612473E-12	-3.95934326E-12	-2.02327676E-12
 3.350000E-01	 3.04006708E-07	 2.04552146E-07	 1.09978583E-07	 5.06943353E-08	-8.98313952E-12	-6.93310732E-12	-4.52893149E-12	-2.35645116E-12
 3.400000E-01	 3.43724644E-07	 2.33491768E-07	 1.26371698E-07	 5.85855005E-08	-1.00094460E-11	-7.80903750E-12	-5.16283293E-12	-2.74047210E-12
 3.450000E-01	 3.87791829E-07	 2.65763361E-07	 1.44705649E-07	 6.74311896E-08	-1.11252525E-11	-8.77737200E-12	-5.87550801E-12	-3.18388094E-12
 3.500000E-01	 4.36610163E-07	 3.01671238E-07	 1.65154590E-07	 7.73125565E-08	-1.23354871E-11	-9.84781004E-12	-6.67718855E-12	-3.69330976E-12
 3.550000E-01	 4.90612503E-07	 3.41541958E-07	 1.87905094E-07	 8.83156819E-08	-1.36454008E-11	-1.10172429E-11	-7.56619101E-12	-4.27105386E-12
 3.600000E-01	 5.50264982E-07	 3.85726705E-07	 2.13157367E-07	 1.00532484E-07	-1.50520136E-11	-1.22976527E-11	-8.55937531E-12	-4.92238333E-12
 3.650000E-01	 6.16069618E-07	 4.34603047E-07	 2.41125534E-07	 1.14061248E-07	-1.65425185E-11	-1.37436244E-11	-9.71784091E-12	-5.66570230E-12
 3.700000E-01	 6.88567416E-07	 4.88576956E-07	 2.72037776E-07	 1.29006931E-07	-1.81116530E-11	-1.54036390E-11	-1.10925315E-11	-6.52194216E-12
 3.750000E-01	 7.68341190E-07	 5.48085589E-07	 3.06137491E-07	 1.45481865E-07	-1.97723028E-11	-1.72587537E-11	-1.26621011E-11	-7.49528513E-12
 3.800000E-01	 8.56017660E-07	 6.13600135E-07	 3.43685124E-07	 1.63606387E-07	-2.15452313E-11	-1.92493470E-11	-1.43630430E-11	-8.57605588E-12
 3.850000E-01	 9.52268777E-07	 6.85628255E-07	 3.84960119E-07	 1.83508820E-07	-2.34469316E-11	-2.13312155E-11	-1.61489741E-11	-9.75558234E-12
 3.900000E-01	 1.05781430E-06	 7.64717657E-07	 4.30263557E-07	 2.05325323E-07	-2.54754517E-11	-2.35171280E-11	-1.80398829E-11	-1.10434300E-11
 3.950000E-01	 1.17342519E-06	 8.51458893E-07	 4.79919786E-07	 2.29199672E-07	-2.76076019E-11	-2.58936146E-11	-2.01395700E-11	-1.24777873E-11
 4.000000E-01	 1.29992556E-06	 9.46488655E-07	 5.34277689E-07	 2.55283340E-07	-2.98342157E-11	-2.85203609E-11	-2.25142469E-11	-1.40887000E-11
 4.050000E-01	 1.43819447E-06	 1.05049227E-06	 5.93711440E-07	 2.83735522E-07	-3.21816123E-11	-3.13207054E-11	-2.50729620E-11	-1.58520912E-11
 4.100000E-01	 1.58917512E-06	 1.16420337E-06	 6.58616826E-07	 3.14720803E-07	-3.46794442E-11	-3.41667929E-11	-2.76719876E-11	-1.77161704E-11
 4.150000E-01	 1.75387946E-06	 1.28840350E-06	 7.29408637E-07	 3.48407005E-07	-3.73311811E-11	-3.70186191E-11	-3.02716235E-11	-1.96584440E-11
 4.200000E-01	 1.93339025E-06	 1.42392568E-06	 8.06522647E-07	 3.84965790E-07	-4.01018228E-11	-3.99794027E-11	-3.30018689E-11	-2.17205463E-11
 4.250000E-01	 2.12886554E-06	 1.57166246E-06	 8.90419959E-07	 4.24573422E-07	-4.29257855E-11	-4.32793037E-11	-3.61393330E-11	-2.40107529E-11
 4.300000E-01	 2.34154895E-06	 1.73257646E-06	 9.81591655E-07	 4.67411323E-07	-4.57902431E-11	-4.70189471E-11	-3.97921807E-11	-2.65931417E-11
 4.350000E-01	 2.57277049E-06	 1.90770332E-06	 1.08056164E-06	 5.13667388E-07	-4.87778116E-11	-5.09400918E-11	-4.36471511E-11	-2.93775193E-11
 4.400000E-01	 2.82395062E-06	 2.09815573E-06	 1.18788834E-06	 5.63536165E-07	-5.19295714E-11	-5.48074196E-11	-4.74503693E-11	-3.22702673E-11
 4.450000E-01	 3.09661019E-06	 2.30512980E-06	 1.30416508E-06	 6.17216942E-07	-5.51551337E-11	-5.88412592E-11	-5.14945469E-11	-3.53642924E-11
 4.500000E-01	 3.39237704E-06	 2.52990954E-06	 1.43002003E-06	 6.74911599E-07	-5.83902884E-11	-6.32992810E-11	-5.60803195E-11	-3.87756387E-11
 4.550000E-01	 3.71299516E-06	 2.77387201E-06	 1.56611604E-06	 7.36822138E-07	-6.17118873E-11	-6.79477488E-11	-6.09125965E-11	-4.24162848E-11
 4.600000E-01	 4.06034073E-06	 3.03849375E-06	 1.71314870E-06	 8.03146472E-07	-6.51811181E-11	-7.24716287E-11	-6.56350489E-11	-4.61540366E-11
 4.650000E-01	 4.43643053E-06	 3.32535098E-06	 1.87184089E-06	 8.74072647E-07	-6.87228682E-11	-7.70231970E-11	-7.04615425E-11	-5.00467357E-11
 4.700000E-01	 4.84344100E-06	 3.63612624E-06	 2.04293835E-06	 9.49771950E-07	-7.22709523E-11	-8.18452582E-11	-7.56817044E-11	-5.42002764E-11
 4.750000E-01	 5.28372661E-06	 3.97261949E-06	 2.22721083E-06	 1.03039597E-06	-7.58774759E-11	-8.67666670E-11	-8.10821234E-11	-5.85620321E-11
 4.800000E-01	 5.75982530E-06	 4.33675839E-06	 2.42545818E-06	 1.11607780E-06	-7.95546379E-11	-9.16337490E-11	-8.65108919E-11	-6.30908931E-11
 4.850000E-01	 6.27446354E-06	 4.73060983E-06	 2.63851580E-06	 1.20693184E-06	-8.31699884E-11	-9.68215575E-11	-9.24579619E-11	-6.79622408E-11
 4.900000E-01	 6.83055585E-06	 5.15639394E-06	 2.86726319E-06	 1.30305553E-06	-8.66811377E-11	-1.02547339E-10	-9.91622302E-11	-7.32774872E-11
 4.950000E-01	 7.43118502E-06	 5.61649188E-06	 3.11263516E-06	 1.40453457E-06	-9.02827005E-11	-1.08131555E-10	-1.05769325E-10	-7.87583413E-11
 5.000000E-01	 8.07958129E-06	 6.11346052E-06	 3.37563814E-06	 1.51145048E-06	-9.40481302E-11	-1.13084657E-10	-1.11745596E-10	-8.42205533E-11
 5.050000E-01	 8.77910841E-06	 6.65006405E-06	 3.65737541E-06	 1.62388952E-06	-9.76845697E-11	-1.18332106E-10	-1.18295355E-10	-9.00974603E-11
 5.100000E-01	 9.53326520E-06	 7.22931749E-06	 3.95907514E-06	 1.74195049E-06	-1.00963056E-10	-1.24909404E-10	-1.26649914E-10	-9.68855871E-11
 5.150000E-01	 1.03456484E-05	 7.85450150E-06	 4.28210765E-06	 1.86574988E-06	-1.04046071E-10	-1.32323241E-10	-1.36151956E-10	-1.04458414E-10
 5.200000E-01	 1.12199284E-05	 8.52917893E-06	 4.62799415E-06	 1.99541756E-06	-1.07106790E-10	-1.39666276E-10	-1.45743482E-10	-1.12523766E-10
 5.250000E-01	 1.21598514E-05	 9.25722648E-06	 4.99841629E-06	 2.13108982E-06	-1.10000733E-10	-1.47237553E-10	-1.55878909E-10	-1.21274318E-10
 5.300000E-01	 1.31692327E-05	 1.00428452E-05	 5.39521198E-06	 2.27289635E-06	-1.12482552E-10	-1.55965769E-10	-1.67718070E-10	-1.31143327E-10
 5.350000E-01	 1.42520121E-05	 1.08906053E-05	 5.82037184E-06	 2.42093725E-06	-1.14451880E-10	-1.66226325E-10	-1.81698746E-10	-1.42329798E-10
 5.400000E-01	 1.54122425E-05	 1.18054856E-05	 6.27606668E-06	 2.57528710E-06	-1.16034506E-10	-1.77330397E-10	-1.96960354E-10	-1.54614597E-10
 5.450000E-01	 1.66540753E-05	 1.27929278E-05	 6.76469660E-06	 2.73601442E-06	-1.17522289E-10	-1.87607409E-10	-2.11521001E-10	-1.67424773E-10
 5.500000E-01	 1.79818639E-05	 1.38589600E-05	 7.28893816E-06	 2.90317651E-06	-1.18879778E-10	-1.96475095E-10	-2.24845748E-10	-1.80599407E-10
 5.550000E-01	 1.94001208E-05	 1.50101716E-05	 7.85172243E-06	 3.07679796E-06	-1.19512813E-10	-2.06188674E-10	-2.39768209E-10	-1.94958953E-10
 5.600000E-01	 2.09135530E-05	 1.62536875E-05	 8.45615992E-06	 3.25680402E-06	-1.19157155E-10	-2.18252895E-10	-2.57958652E-10	-2.11020236E-10
 5.650000E-01	 2.25271403E-05	 1.75971590E-05	 9.10545689E-06	 3.44294630E-06	-1.18427039E-10	-2.29573829E-10	-2.75579001E-10	-2.27780418E-10
 5.700000E-01	 2.42460302E-05	 1.90487102E-05	 9.80289088E-06	 3.63479188E-06	-1.17706275E-10	-2.36935711E-10	-2.88990487E-10	-2.44269527E-10
 5.750000E-01	 2.60756456E-05	 2.06171561E-05	 1.05519120E-05	 3.83172443E-06	-1.16377922E-10	-2.42518019E-10	-3.01036362E-10	-2.61210807E-10
 5.800000E-01	 2.80215894E-05	 2.23121449E-05	 1.13562800E-05	 4.03299395E-06	-1.13869129E-10	-2.49771079E-10	-3.15709273E-10	-2.79641251E-10
 5.850000E-01	 3.00893996E-05	 2.41442105E-05	 1.22201970E-05	 4.23778944E-06	-1.10464171E-10	-2.57558224E-10	-3.31425655E-10	-2.99255158E-10
 5.900000E-01	 3.22844078E-05	 2.61248783E-05	 1.31484139E-05	 4.44526971E-06	-1.06645462E-10	-2.62589868E-10	-3.44257612E-10	-3.19202886E-10
 5.950000E-01	 3.46115391E-05	 2.82667057E-05	 1.41462940E-05	 4.65457041E-06	-1.02487338E-10	-2.63870566E-10	-3.53081931E-10	-3.39289828E-10
 6.000000E-01	 3.70752101E-05	 3.05833890E-05	 1.52198666E-05	 4.86477355E-06	-9.77544239E-11	-2.62926498E-10	-3.59699502E-10	-3.60046933E-10
 6.050000E-01	 3.96791340E-05	 3.30898304E-05	 1.63758945E-05	 5.07489832E-06	-9.20993604E-11	-2.62559282E-10	-3.67348996E-10	-3.82409795E-10
 6.100000E-01	 4.24262141E-05	 3.58023445E-05	 1.76220256E-05	 5.28390170E-06	-8.53590898E-11	-2.64912070E-10	-3.78355714E-10	-4.07101542E-10
 6.150000E-01	 4.53184455E-05	 3.87388730E-05	 1.89669618E-05	 5.49068126E-06	-7.77195553E-11	-2.69712687E-10	-3.92134922E-10	-4.34184760E-10
 6.200000E-01	 4.83566521E-05	 4.19190341E-05	 2.04205798E-05	 5.69409925E-06	-6.94515411E-11	-2.75473686E-10	-4.06766401E-10	-4.63454651E-10
 6.250000E-01	 5.15402423E-05	 4.53642463E-05	 2.19940899E-05	 5.89299784E-06	-6.06731084E-11	-2.81551832E-10	-4.21408636E-10	-4.94915886E-10
 6.300000E-01	 5.48669709E-05	 4.90980390E-05	 2.37003608E-05	 6.08625073E-06	-5.12630469E-11	-2.88996844E-10	-4.37270596E-10	-5.28903970E-10
 6.350000E-01	 5.83323335E-05	 5.31461702E-05	 2.55543665E-05	 6.27299286E-06	-4.08569304E-11	-3.00524775E-10	-4.57545891E-10	-5.65979256E-10
 6.400000E-01	 6.19288713E-05	 5.75367319E-05	 2.75737145E-05	 6.45293845E-06	-2.92282773E-11	-3.17831749E-10	-4.84114290E-10	-6.06344567E-10
 6.450000E-01	 6.56457460E-05	 6.23011061E-05	 2.97797475E-05	 6.62676306E-06	-1.65434212E-11	-3.38902891E-10	-5.14482026E-10	-6.49536399E-10
 6.500000E-01	 6.94673109E-05	 6.74743786E-05	 3.21989196E-05	 6.79692949E-06	-2.85033499E-12	-3.61028567E-10	-5.45626820E-10	-6.95075570E-10
 6.550000E-01	 7.33712525E-05	 7.30946487E-05	 3.48635170E-05	 6.96851860E-06	 1.23158056E-11	-3.84721907E-10	-5.78516663E-10	-7.42871310E-10
 6.600000E-01	 7.73280188E-05	 7.92042526E-05	 3.78131458E-05	 7.14979726E-06	 2.94532464E-11	-4.10994611E-10	-6.14584684E-10	-7.92769412E-10
 6.650000E-01	 8.12986105E-05	 8.58508937E-05	 4.10973319E-05	 7.35362431E-06	 4.87208524E-11	-4.37578909E-10	-6.51394607E-10	-8.44412914E-10
 6.700000E-01	 8.52322124E-05	 9.30861264E-05	 4.47759763E-05	 7.59846862E-06	 7.05726032E-11	-4.62552607E-10	-6.87427012E-10	-8.97857343E-10
 6.750000E-01	 8.90663366E-05	 1.00964435E-04	 4.89182544E-05	 7.90789841E-06	 9.63082115E-11	-4.88966982E-10	-7.27582049E-10	-9.53686509E-10
 6.800000E-01	 9.27238579E-05	 1.09541769E-04	 5.36037018E-05	 8.31215030E-06	 1.27268967E-10	-5.19941941E-10	-7.76611256E-10	-1.01203121E-09
 6.850000E-01	 9.61109752E-05	 1.18877883E-04	 5.89259586E-05	 8.84984661E-06	 1.63931574E-10	-5.51814743E-10	-8.30602184E-10	-1.07223434E-09
 6.900000E-01	 9.91146408E-05	 1.29034901E-04	 6.49936578E-05	 9.56948336E-06	 2.06117920E-10	-5.76574495E-10	-8.80132900E-10	-1.13358296E-09
 6.950000E-01	 1.01597990E-04	 1.40072484E-04	 7.19303731E-05	 1.05321937E-05	 2.53540464E-10	-5.87860656E-10	-9.17651804E-10	-1.19580642E-09
 7.000000E-01	 1.03397238E-04	 1.52049532E-04	 7.98788055E-05	 1.18141565E-05	 3.07237200E-10	-5.86872624E-10	-9.46135021E-10	-1.26019843E-09
 7.050000E-01	 1.04316728E-04	 1.65021970E-04	 8.90034586E-05	 1.35101478E-05	 3.70861084E-10	-5.85301681E-10	-9.83885370E-10	-1.33004496E-09
 7.100000E-01	 1.04124866E-04	 1.79036879E-04	 9.94896583E-05	 1.57363903E-05	 4.47619094E-10	-5.91584826E-10	-1.04412629E-09	-1.40715448E-09
 7.150000E-01	 1.02551094E-04	 1.94128863E-04	 1.11543413E-04	 1.86326748E-05	 5.36764032E-10	-5.96393399E-10	-1.11415977E-09	-1.48989376E-09
 7.200000E-01	 9.92800768E-05	 2.10315764E-04	 1.25393448E-04	 2.23667247E-05	 6.38142550E-10	-5.89076322E-10	-1.18182418E-09	-1.57894452E-09
 7.250000E-01	 9.39446122E-05	 2.27593988E-04	 1.41294156E-04	 2.71395722E-05	 7.57795067E-10	-5.78152138E-10	-1.26623348E-09	-1.68096811E-09
 7.300000E-01	 8.61177669E-05	 2.45931914E-04	 1.59527850E-04	 3.31916108E-05	 9.01082649E-10	-5.72096664E-10	-1.38346488E-09	-1.79884745E-09
 7.350000E-01	 7.53046244E-05	 2.65260509E-04	 1.80405193E-04	 4.08090462E-05	 1.06385042E-09	-5.54679846E-10	-1.50585097E-09	-1.92430309E-09
 7.400000E-01	 6.09341469E-05	 2.85462152E-04	 2.04263958E-04	 5.03300434E-05	 1.24184723E-09	-5.07398600E-10	-1.60551000E-09	-2.05282344E-09
 7.450000E-01	 4.23493161E-05	 3.06361154E-04	 2.31470505E-04	 6.21509575E-05	 1.44364124E-09	-4.39109299E-10	-1.70769876E-09	-2.19660387E-09
 7.500000E-01	 1.87988578E-05	 3.27706387E-04	 2.62414051E-04	 7.67324157E-05	 1.67989767E-09	-3.64757851E-10	-1.84509334E-09	-2.36561381E-09
 7.550000E-01	-1.05696825E-05	 3.49154933E-04	 2.97499692E-04	 9.46026161E-05	 1.94768799E-09	-2.75091813E-10	-1.99837846E-09	-2.54957995E-09
 7.600000E-01	-4.67276766E-05	 3.70256964E-04	 3.37152853E-04	 1.16367282E-04	 2.24116557E-09	-1.52985893E-10	-2.13691438E-09	-2.73831651E-09
 7.650000E-01	-9.07782430E-05	 3.90428567E-04	 3.81810534E-04	 1.42718152E-04	 2.56722276E-09	 1.45339459E-12	-2.27270043E-09	-2.94102641E-09
 7.700000E-01	-1.43958541E-04	 4.08929883E-04	 4.31903805E-04	 1.74426248E-04	 2.93126820E-09	 1.83823476E-10	-2.41720858E-09	-3.15896636E-09
 7.750000E-01	-2.07648739E-04	 4.24837173E-04	 4.87843606E-04	 2.12340411E-04	 3.31847774E-09	 4.04848707E-10	-2.52938987E-09	-3.36131855E-09
 7.800000E-01	-2.83385126E-04	 4.37020253E-04	 5.50015010E-04	 2.57383141E-04	 3.71502811E-09	 6.76663116E-10	-2.57360653E-09	-3.52744397E-09
 7.850000E-01	-3.72847232E-04	 4.44110546E-04	 6.18736180E-04	 3.10524249E-04	 4.13580870E-09	 9.93722069E-10	-2.58600290E-09	-3.68542574E-09
 7.900000E-01	-4.77882786E-04	 4.44464427E-04	 6.94252093E-04	 3.72780071E-04	 4.60064453E-09	 1.34469116E-09	-2.61198491E-09	-3.86175246E-09
 7.950000E-01	-6.00563823E-04	 4.36112922E-04	 7.76750336E-04	 4.45232178E-04	 5.09910175E-09	 1.73049606E-09	-2.62726311E-09	-4.02888376E-09
 8.000000E-01	-7.43139457E-04	 4.16707741E-04	 8.66263323E-04	 5.28962388E-04	 5.60515027E-09	 2.15764166E-09	-2.57886822E-09	-4.14140543E-09
 8.050000E-01	-9.08035843E-04	 3.83519845E-04	 9.62661364E-04	 6.24986037E-04	 6.10552321E-09	 2.62546654E-09	-2.44887553E-09	-4.18179183E-09
 8.100000E-01	-1.09783669E-03	 3.33421483E-04	 1.06562266E-03	 7.34181281E-04	 6.59424847E-09	 3.12630405E-09	-2.24081634E-09	-4.14531561E-09
 8.150000E-01	-1.31521068E-03	 2.62944627E-04	 1.17460216E-03	 8.57142037E-04	 7.06102885E-09	 3.65098049E-09	-1.95314736E-09	-4.02180151E-09
 8.200000E-01	-1.56291403E-03	 1.68300194E-04	 1.28884883E-03	 9.94096190E-04	 7.51111372E-09	 4.19890071E-09	-1.60186124E-09	-3.83091201E-09
 8.250000E-01	-1.84391215E-03	 4.52542008E-05	 1.40743861E-03	 1.14494939E-03	 7.98300112E-09	 4.78231289E-09	-1.23894186E-09	-3.64041406E-09
 8.300000E-01	-2.16137283E-03	-1.10932057E-04	 1.52919526E-03	 1.30917726E-03	 8.49144494E-09	 5.39664538E-09	-8.85212679E-10	-3.46222226E-09
 8.350000E-01	-2.51860162E-03	-3.05483264E-04	 1.65262051E-03	 1.48565205E-03	 8.96615197E-09	 5.99710933E-09	-4.69005740E-10	-3.17742004E-09
 8.400000E-01	-2.91900204E-03	-5.43920499E-04	 1.77601401E-03	 1.67245078E-03	 9.33049395E-09	 6.54661404E-09	 8.15183981E-11	-2.69149770E-09
 8.450000E-01	-3.36591614E-03	-8.31714433E-04	 1.89756529E-03	 1.86657802E-03	 9.60523015E-09	 7.06193559E-09	 7.33111678E-10	-2.07517040E-09
 8.500000E-01	-3.86282936E-03	-1.17421323E-03	 2.01564731E-03	 2.06405474E-03	 9.84303040E-09	 7.56312713E-09	 1.41718708E-09	-1.42671559E-09
 8.550000E-01	-4.41343721E-03	-1.57665909E-03	 2.12877109E-03	 2.25988680E-03	 1.00236827E-08	 8.01860716E-09	 2.12980801E-09	-7.25972242E-10
 8.600000E-01	-5.02167594E-03	-2.04423650E-03	 2.23535341E-03	 2.44789692E-03	 1.01034441E-08	 8.39701037E-09	 2.89709699E-09	 6.66062200E-11
 8.650000E-01	-5.69178207E-03	-2.58234025E-03	 2.33327142E-03	 2.62049443E-03	 1.00973246E-08	 8.72021721E-09	 3.71163023E-09	 9.02975244E-10
 8.700000E-01	-6.42813931E-03	-3.19644006E-03	 2.41945083E-03	 2.76816312E-03	 1.00153283E-08	 8.98451522E-09	 4.54851272E-09	 1.74712681E-09
 8.750000E-01	-7.23506597E-03	-3.89112611E-03	 2.49007776E-03	 2.87897860E-03	 9.77629370E-09	 9.09376260E-09	 5.40480112E-09	 2.66137292E-09
 8.800000E-01	-8.11687258E-03	-4.66922497E-03	 2.54108163E-03	 2.93860314E-03	 9.31713097E-09	 9.01159824E-09	 6.29999159E-09	 3.66010828E-09
 8.850000E-01	-9.07801117E-03	-5.53130769E-03	 2.56821090E-03	 2.93040273E-03	 8.73190157E-09	 8.89016668E-09	 7.24571278E-09	 4.59684829E-09
 8.900000E-01	-1.01228775E-02	-6.47535238E-03	 2.56625836E-03	 2.83522981E-03	 8.11211976E-09	 8.81759547E-09	 8.20406010E-09	 5.35861444E-09
 8.950000E-01	-1.12553027E-02	-7.49597286E-03	 2.52787506E-03	 2.63077865E-03	 7.32318743E-09	 8.58170168E-09	 9.09148081E-09	 6.02252701E-09
 9.000000E-01	-1.24775513E-02	-8.58357026E-03	 2.44178738E-03	 2.29085199E-03	 6.17097181E-09	 7.98171496E-09	 9.86647474E-09	 6.65638028E-09
 9.050000E-01	-1.37907744E-02	-9.72314253E-03	 2.29370060E-03	 1.78686967E-03	 4.68147034E-09	 7.16962877E-09	 1.05725495E-08	 7.14193461E-09
 9.100000E-01	-1.51926785E-02	-1.08916340E-02	 2.06396546E-03	 1.09012653E-03	 3.00898548E-09	 6.42879287E-09	 1.12492381E-08	 7.31823168E-09
 9.150000E-01	-1.66865330E-02	-1.20574003E-02	 1.74056971E-03	 1.79705245E-04	 1.20298651E-09	 5.85400522E-09	 1.18659477E-08	 7.14474275E-09
 9.200000E-01	-1.82490602E-02	-1.31805753E-02	 1.26937351E-03	-9.71628630E-04	-7.78805691E-10	 5.37384213E-09	 1.22726956E-08	 6.60013545E-09
 9.250000E-01	-1.98879339E-02	-1.42100495E-02	 6.44260151E-04	-2.36504375E-03	-3.02556983E-09	 4.86684568E-09	 1.22798958E-08	 5.64311321E-09
 9.300000E-01	-2.15346987E-02	-1.50827297E-02	-2.58090406E-04	-4.02039005E-03	-5.53886754E-09	 4.35981642E-09	 1.17302482E-08	 4.25270308E-09
 9.350000E-01	-2.30908097E-02	-1.57547673E-02	-1.60530802E-03	-5.89564315E-03	-8.18575099E-09	 4.11371512E-09	 1.06171584E-08	 2.56052293E-09
 9.400000E-01	-2.45693312E-02	-1.61366589E-02	-3.36259478E-03	-7.90188148E-03	-1.08638799E-08	 4.34261507E-09	 9.03726062E-09	 8.51582351E-10
 9.450000E-01	-2.60016558E-02	-1.60157371E-02	-5.43555191E-03	-1.00809568E-02	-1.35025731E-08	 5.18853252E-09	 6.75846800E-09	-9.04800855E-10
 9.500000E-01	-2.71465093E-02	-1.56942977E-02	-8.11616310E-03	-1.16742110E-02	-1.62440381E-08	 6.03478228E-09	 4.12203209E-09	-1.88524937E-09
 9.550000E-01	-2.75085665E-02	-1.44955498E-02	-1.15278414E-02	-1.33345626E-02	-1.72561804E-08	 6.77378419E-09	-1.67556782E-10	-2.35932899E-09
 9.600000E-01	-2.78481106E-02	-1.26113507E-02	-1.55716485E-02	-1.42286049E-02	-1.85278546E-08	 8.67240880E-09	-5.45930072E-09	-1.40144547E-09
 9.650000E-01	-2.63291260E-02	-1.25025698E-02	-1.76928854E-02	-1.57840252E-02	-1.68690821E-08	 6.88511281E-09	-8.21472002E-09	-3.39849699E-09
 9.700000E-01	-2.63626802E-02	-1.26311743E-02	-1.98947099E-02	-1.79513307E-02	-1.53932979E-08	 4.47571356E-09	-1.17424364E-08	-7.18723889E-09
 9.750000E-01	-2.53114225E-02	-3.80260825E-03	-1.52992087E-02	-1.15838570E-02	-8.94969689E-09	 6.67655844E-09	-7.35276162E-09	-7.13181740E-09
 9.800000E-01	-1.87513766E-02	 1.43367559E-02	-7.56819939E-03	-9.79699417E-05	-2.39678475E-10	 1.12084062E-08	 1.07241534E-09	-4.87593634E-09
 9.850000E-01	-1.63654032E-02	 4.08691975E-02	 9.85632012E-03	 3.81013717E-02	 6.85251449E-09	 1.53859540E-08	 1.55250952E-08	 2.04006267E-09
 9.900000E-01	 2.41043188E-02	 2.80628798E-02	 9.60822412E-03	 2.45625034E-02	 1.88742118E-08	-3.23993915E-09	 1.60248816E-08	-5.25103848E-09
 9.950000E-01	 2.61501774E-02	 2.40531831E-02	 1.53192753E-02	 2.76550961E-02	 1.94745540E-08	-5.08617280E-09	 2.00796493E-08	-6.23961356E-09
 1.000000E+00	 0.00000000E+00	 0.00000000E+00	 0.00000000E+00	 0.00000000E+00	 0.00000000E+00	 0.00000000E+00	 0.00000000E+00	 0.00000000E+00
