 12-Aug-25 07/09/2014
     1               1
  0.100000000E+01
*   1.000             1               0 DN    3   2 CLC    40   41
  0.000000000E+00 0.170000000E+03 0.200000000E+01 0.983571429E+06
  0.983571429E+06 0.170471433E+03-0.387428250E-01 0.569331039E+02
  0.198473759E+01 0.608779784E+00 0.608566027E+00 0.186150060E+08
  0.177281510E+03-0.297609006E-01 0.985267215E+01 0.226994686E+01
  0.172340727E+01 0.632733546E+00 0.100000000E+11 0.124546266E+01
  0.100000000E+11 0.100000000E+11 0.615698744E+01-0.350540267E+00
  0.215002379E+03 0.150289772E+03 0.110393106E+03
  0.000000000E+00 0.000000000E+00 0.000000000E+00
  0.113866208E+03 0.111775147E+03
  0.000000000E+00 0.000000000E+00
  0.192550726E+01 0.228897574E+00 0.236175210E+01 0.294193598E+01
  0.871538268E+00 0.105237122E+02-0.500000000E+02-0.500000000E+02
 -0.500000000E+02 0.164310902E+00 0.180012485E+05 0.100319385E+07
  0.758913824E-04 0.189766907E+01 0.392496384E+01-0.123774884E-01
  0.149705151E+01 0.169031177E+03 0.000000000E+00 0.000000000E+00
  0.135823881E+03-0.113036014E+03 0.135811711E+03 0.112958529E+03
 -0.100000000E+03-0.500000000E+02 0.180811952E+01 0.183216143E+01
  0.100000000E+03 0.100000000E+03 0.100000000E+03 0.124546266E+01
  0.185573168E+03-0.401812275E-02 0.314312261E+00 0.000000000E+00
  0.118925907E+01 0.156640565E+01 0.692266655E+06 0.000000000E+00
  0.000000000E+00 0.000000000E+00 0.778295964E+00 0.100000000E+02
    44   60   18    6
  0.988859016E-01 0.952845579E-01 0.915923628E-01 0.104817365E+00
  0.208932106E+00-0.674701372E-01-0.863093927E-01 0.300764892E+00
  0.276897159E-01 0.983329777E-01 0.959527625E-01 0.895194181E-01
  0.106877528E+00 0.215098399E+00-0.667853751E-01-0.894089290E-01
  0.297318429E+00 0.336210427E-01 0.106597282E+00 0.104408588E+00
  0.985834849E-01 0.100510026E+00 0.148117461E+00 0.232974701E+00
  0.508488512E-01-0.627628568E-01-0.417370347E-01-0.930349691E-01
 -0.384378215E-01 0.104627974E+00 0.981309195E-01 0.100144125E+00
  0.149105564E+00 0.231914328E+00 0.299028903E-01-0.645826898E-01
 -0.397488051E-01-0.935168199E-01-0.369573741E-01 0.202441717E+00
  0.104879313E+00 0.170434037E+00 0.120557799E+00 0.750180757E-01
  0.261694637E+00 0.256119225E+00 0.229381109E+00 0.203875544E+00
  0.234524673E+00-0.499848098E-01-0.294625064E+00 0.406116925E-01
  0.170207880E+00 0.195844681E+00 0.257051903E+00 0.235282959E+00
  0.294910487E+00 0.288567313E+00 0.252810007E+00 0.258241211E+00
  0.225108849E+00 0.211123144E+00 0.234685687E+00-0.871715543E-01
 -0.292753329E+00-0.439904155E-01 0.160134818E+00 0.139820860E+00
  0.224115661E+00 0.257347691E+00 0.239134839E+00 0.298311487E+00
  0.284441248E+00-0.313821572E+00-0.135119112E+00 0.944364382E-01
  0.172297811E+00 0.160932422E+00 0.205212279E+00 0.249161742E+00
  0.234729835E+00 0.251594965E+00 0.288221787E+00 0.250321288E+00
  0.285901049E+00 0.252827995E+00 0.239068138E+00 0.253649817E+00
  0.221152664E+00 0.140349197E+00 0.157088935E+00-0.274433089E-01
 -0.286068010E+00-0.798150509E-01 0.235139857E+00 0.210713308E+00
  0.225909840E+00 0.258365265E+00 0.261758421E+00 0.256253876E+00
  0.230055035E+00 0.204096783E+00 0.238443335E+00-0.675788104E-01
  0.756871216E+03 0.266624011E+04-0.442441882E+04-0.331776217E+05
  0.185473636E+06-0.174996480E+06-0.174919391E+06 0.384518285E+06
 -0.158806481E+06-0.287904211E+04 0.859085754E+04-0.132378071E+05
 -0.300012727E+05 0.198176712E+06-0.173289924E+06-0.179096001E+06
  0.369402342E+06-0.149625563E+06
  0.000000000E+00 0.000000000E+00 0.000000000E+00 0.000000000E+00
  0.000000000E+00 0.000000000E+00
  0.000000000E+00 0.130487068E+03 0.115175000E+03 0.136823481E+03
  0.115175000E+03 0.000000000E+00 0.000000000E+00 0.000000000E+00
  0.000000000E+00 0.000000000E+00 0.756483411E+02 0.000000000E+00
  0.100365807E+01 0.135091710E+01 0.457146947E-02-0.443518233E+00
 -0.408768093E+00 0.000000000E+00 0.999000000E+03 0.888278825E+00
  0.116974606E+02 0.338000000E+01 0.000000000E+00-0.537303289E+00
 -0.999000000E+03-0.999000000E+03 0.298875022E+01 0.513243500E+00
  0.150933555E+00 0.244652807E+01 0.113538330E+01 0.227176928E+01
  0.550473322E+02 0.256197291E+01 0.245619225E+02 0.245671751E+02
 -0.890000000E+02-0.890000000E+02-0.890000000E+02-0.890000000E+02
  0.235874941E+01 0.130487068E+03 0.115175000E+03 0.130482775E+03
 -0.115175000E+03 0.136823481E+03 0.115175000E+03 0.137061617E+03
 -0.115175000E+03 0.000000000E+00-0.990000000E+02-0.990000000E+02
 -0.990000000E+02-0.990000000E+02 0.000000000E+00 0.473928941E+00
  0.100000000E+01 0.000000000E+00 0.000000000E+00 0.000000000E+00
                                            EQG
