&IN1
  ICONVR = 3 
  MXITER = -1 
  NXITER = 51 
  ERROR = 0.0001 
  RELAX = 0.5 
  IOUT = 4 
  ICURRT = 2 
  KPPFNC = 6 
  KPPCUR = 3 
  KFFFNC = 6 
  KFFCUR = 3 
  ISHOT = 1 
  ITIME = 1 
  ITIMEU = 0 
  ITEK = 0 
  ITRACE = 1 
  PLASMA = 8100000.0 
  BTOR = 7.0 
  RCENTR = 4.0 
  RZERO = 4.0 
  LIMITR = 5 
  XLIM = 5.38 2.62 2.62 5.38 5.38 
  YLIM = 2.71 2.71 -2.71 -2.71 2.71 
  NBDRY = 61 
  RBDRY = 5.33 5.318342593343686 5.283498094361539 5.225848266676087  
    5.146024733863454 5.044902059253285 4.923588164029888  
    4.783412188615895 4.62590993033165 4.452807016878383 4.266  
    4.0675355764653025 3.859588164029888 3.644436078060192  
    3.4244365698335666 3.202 3.1463908575416086 3.091390980484952  
    3.037602958992528 2.9856161058836745 2.936 2.889298245780404  
    2.8460225174170874 2.8066469528460263 2.771602958992528  
    2.7412744851866786 2.7159938165341364 2.6960379333309783  
    2.6816254764096152 2.6729143516640788 2.67 2.6729143516640783  
    2.6816254764096152 2.6960379333309783 2.715993816534136  
    2.7412744851866786 2.7716029589925277 2.806646952846026  
    2.8460225174170874 2.889298245780404 2.936 2.985616105883674  
    3.0376029589925277 3.091390980484952 3.1463908575416077  
    3.2020000000000004 3.4244365698335653 3.64443607806019  
    3.8595881640298875 4.067535576465302 4.265999999999998  
    4.452807016878382 4.625909930331649 4.783412188615894  
    4.923588164029888 5.044902059253285 5.146024733863454  
    5.225848266676087 5.283498094361539 5.318342593343686 5.33 
  ZBDRY = 0.0 0.23535113765686597 0.4652724865098506 0.6905906201336312  
    0.9102913102803188 1.1231657674595437 1.3279956054538342  
    1.5236213693222256 1.7089805745491784 1.8831339788886716  
    2.0452858176211626 2.194800069633431 2.3312135259246296  
    2.454245888084394 2.5638068553907556 2.66 2.5169520006434856  
    2.3666218923483946 2.2094269832145708 2.045820686161913  
    1.8762930788893706 1.701371539188396 1.521621722665165  
    1.3376493633547748 1.1501037994334113 0.9596850412410337  
    0.7671584243735222 0.5733871841793019 0.37941544064214977  
    0.18674733587679238 0.0 -0.18674733587679165 -0.3794154406421486  
    -0.5733871841793005 -0.7671584243735206 -0.9596850412410403  
    -1.1501037994334022 -1.3376493633547701 -1.521621722665163  
    -1.7013715391883915 -1.876293078889371 -2.0458206861619135  
    -2.209426983214567 -2.366621892348393 -2.5169520006434807 -2.66  
    -2.5638068553907565 -2.4542458880843947 -2.33121352592463  
    -2.1948000696334318 -2.045285817621164 -1.8831339788886723  
    -1.7089805745491797 -1.5236213693222267 -1.3279956054538342  
    -1.1231657674595437 -0.9102913102803188 -0.6905906201336312  
    -0.4652724865098506 -0.23535113765686597 0.0 
  IERCHK = 0 
  NEXTRA = 0 
  SCRAPE = 0.01 
  PSIBRY = 0.0 
  CFCOIL = -10.0 
  ENP = 1.0 
  EMP = 1.0 
  FCURBD = 0 
  PCURBD = 0 
  FCZERO = 1.0 1.0 1.0 1.0 1.0 1.0 1.0 1.0 1.0 1.0 1.0 1.0 1.0 1.0 1.0  
    1.0 
  FCSUM = 1.0 1.0 1.0 1.0 1.0 1.0 1.0 1.0 1.0 1.0 1.0 1.0 1.0 1.0 1.0  
    1.0 
  IFREF = 2 
  PRBDRY = 1927.192510130639 
  KBETAPR = 1 
  FWTBDRY = 1.0 1.0 1.0 1.0 1.0 1.0 1.0 1.0 1.0 1.0 1.0 1.0 1.0 1.0 1.0  
    1.0 1.0 1.0 1.0 1.0 1.0 1.0 1.0 1.0 1.0 1.0 1.0 1.0 1.0 1.0 1.0 1.0  
    1.0 1.0 1.0 1.0 1.0 1.0 1.0 1.0 1.0 1.0 1.0 1.0 1.0 1.0 1.0 1.0 1.0  
    1.0 1.0 1.0 1.0 1.0 1.0 1.0 1.0 1.0 1.0 1.0 1.0 
  FWTBDRY(14) = 10.0 
  FWTBDRY(15) = 10.0 
  FWTBDRY(16) = 10.0 
  FWTBDRY(17) = 10.0 
  FWTBDRY(44) = 10.0 
  FWTBDRY(45) = 10.0 
  FWTBDRY(46) = 10.0 
  FWTBDRY(47) = 10.0 
/

&PROFILE_EXT
  NPSI_EXT = 101 
  PSIN_EXT = 0.0 0.01 0.02 0.03 0.04 0.05 0.06 0.07 0.08 0.09 0.1 0.11  
    0.12 0.13 0.14 0.15 0.16 0.17 0.18 0.19 0.2 0.21 0.22 0.23 0.24  
    0.25 0.26 0.27 0.28 0.29 0.3 0.31 0.32 0.33 0.34 0.35 0.36 0.37  
    0.38 0.39 0.4 0.41 0.42 0.43 0.44 0.45 0.46 0.47 0.48 0.49 0.5 0.51  
    0.52 0.53 0.54 0.55 0.56 0.57 0.58 0.59 0.6 0.61 0.62 0.63 0.64  
    0.65 0.66 0.67 0.68 0.69 0.7 0.71 0.72 0.73 0.74 0.75 0.76 0.77  
    0.78 0.79 0.8 0.81 0.82 0.83 0.84 0.85 0.86 0.87 0.88 0.89 0.9 0.91  
    0.92 0.93 0.94 0.95 0.96 0.97 0.98 0.99 1.0 
  PPRIME_EXT = 1020622.4131323886 982257.2413161274 945232.901864659  
    909549.3947779835 875206.7200561011 842204.8776990117  
    810543.8677067151 780223.6900792115 751244.344816501  
    723605.8319185833 697308.1513854583 670929.9052871508  
    646956.9030815149 624994.5065976048 604735.1357657518  
    585932.2341917288 568391.061470627 551954.2548770572  
    536492.3360657165 521898.14711866574 508077.12611782306  
    494947.50212518056 482450.01198410505 470527.1634531527  
    459120.6605410895 448193.68170507404 437708.4814594773  
    427624.6996312201 417918.3457242445 408560.49868164945  
    399523.8719677009 390791.59534059797 382342.46177920373  
    374154.8898551733 366217.5509638379 358516.83003132045  
    351033.73066399794 343757.5513331769 336680.32345558144  
    329790.74610062025 323076.73341052374 316530.08977377194  
    310143.14357767534 303908.72281225433 297820.47109991376  
    291871.6658829687 286055.6024528999 280365.69028497767  
    274794.7761693724 269336.8604612958 263991.18885250436  
    258761.52349844732 253661.42800636386 248705.95331205326  
    243902.2891216185 239255.85772656574 234768.7348995264  
    230442.06158196737 226274.75213726185 222262.44185457908  
    218401.81735940214 214689.76014514445 211122.5646460415  
    207697.0788422619 204409.80378011486 201258.55273515466  
    198243.58337946434 195365.15671709506 192626.9484125984  
    190036.2745534035 187602.43148664336 185343.87930411455  
    183284.7502414466 181458.41635723127 179919.13936507778  
    178733.34973083565 177993.74659935193 177842.3833127396  
    178460.88268909976 180108.68329168734 183159.7844372359  
    188084.96293545203 195495.27284974797 206237.12579119267  
    221400.823614441 242317.40351897926 270547.3012428436  
    307517.6642234507 353908.2540939612 408968.44185146736  
    469055.0488989835 526548.7229635811 570617.9191922037  
    589600.8764104289 574691.9879154617 524849.9904189028  
    448893.0024806827 360110.8788316519 273024.4803998682  
    199402.86368110764 139246.02867545933 
  FFPRIM_EXT = -20.484542994184118 -18.923630436002966  
    -17.667547343729908 -16.52042363697341 -15.455991749609591  
    -14.461952041722832 -13.530783521921832 -12.657190848120823  
    -11.837146527503295 -11.067420655021403 -10.345361882625403  
    -9.637698033915136 -8.997081104133365 -8.41276449840544  
    -7.87637208986995 -7.381183914474511 -6.921855587236982  
    -6.4940470297554285 -6.094168580031054 -5.719233868373635  
    -5.366630453208192 -5.034101947319119 -4.719934680266725  
    -4.422511560043878 -4.140253454634019 -3.8720683558874356  
    -3.6168807406993877 -3.3735978653397236 -3.1414873678347703  
    -2.9197415219716714 -2.707609964548472 -2.5045690163798735  
    -2.3100250372293587 -2.1233942695280583 -1.9443105875531546  
    -1.7723723578921602 -1.6070834405096197 -1.448123247396195  
    -1.2952313371445676 -1.1480897513804127 -1.006374127861663  
    -0.8698428862764196 -0.7382675058715458 -0.6114417377678159  
    -0.48917860811437547 -0.37124293282206255 -0.25754042728655724  
    -0.1478890865826502 -0.04154990508520259 0.06024495354452035  
    0.1537101853152904 0.2325318363278708 0.29296363849992435  
    0.33432240273902414 0.3583252076761645 0.3666281955484789  
    0.3604761903587551 0.3411863722020986 0.31005797214848607  
    0.26835071540831806 0.2172523703446745 0.15789855400468758  
    0.09138864620759506 0.018774705262573625 -0.05891452344035851  
    -0.14069677924908625 -0.2256495646321609 -0.3128598116814051  
    -0.40147626436360273 -0.49070743955854734 -0.5797860186988966  
    -0.6680773975887099 -0.7550174979182281 -0.8401897161496001  
    -0.9234196112796585 -1.0046505548159128 -1.0845930140631463  
    -1.1639457748204136 -1.24331612026505 -1.3302630803971476  
    -1.423301633729994 -1.502717277814005 -1.566150842948484  
    -1.634064538617648 -1.7394352949567449 -1.8912663351606338  
    -2.101175757532733 -2.384177031871503 -2.7480718999334073  
    -3.1925381553780494 -3.693567438213713 -4.190270815576167  
    -4.592696233327588 -4.801070642699127 -4.73308852148336  
    -4.381534135347112 -3.832477258898246 -3.198744289396204  
    -2.6226549223719724 -2.1052290004500005 -1.6464665236324834 
/

