r	R 17/17	R 18/17	R 19/17	R 20/17	I 17/17	I 18/17	I 19/17	I 20/17
 0.000000E+00	 0.00000000E+00	 0.00000000E+00	 0.00000000E+00	 0.00000000E+00	 0.00000000E+00	 0.00000000E+00	 0.00000000E+00	 0.00000000E+00
 5.000000E-03	-1.09227435E-33	-4.10898711E-34	-2.82495882E-34	 9.02054671E-35	-2.93680735E-30	 1.94314092E-31	 1.27330046E-32	 2.27826880E-30
 1.000000E-02	 2.13238056E-32	-2.62466469E-33	 5.10833162E-32	-2.27832015E-32	-2.65505078E-29	-7.65214037E-29	-1.36578459E-28	 3.33774644E-29
 1.500000E-02	 2.69389619E-31	 5.95834490E-31	 2.21725730E-30	-6.09582997E-31	 2.79454979E-27	-1.53938498E-27	-2.43577452E-27	-1.36971355E-27
 2.000000E-02	-1.57496698E-29	 1.47197189E-29	 3.19676801E-29	-5.39035283E-30	 6.17132665E-26	 7.98099802E-27	 8.48881039E-27	-4.09561572E-26
 2.500000E-02	-3.25839058E-28	 1.53380617E-28	 2.20765315E-28	-1.55247533E-29	 3.38406858E-25	 5.40626240E-25	 6.69494158E-25	-4.99592924E-25
 3.000000E-02	-2.84913663E-27	 9.34899380E-28	 6.63283493E-28	-1.42335376E-29	-4.15909937E-24	 7.96896110E-24	 9.74414069E-24	-3.65953114E-24
 3.500000E-02	-1.51863615E-26	 4.42079850E-27	-7.21749960E-29	-5.18692681E-28	-9.55181579E-23	 6.99355037E-23	 8.56548226E-23	-1.79412304E-23
 4.000000E-02	-6.09039888E-26	 2.18864367E-26	-5.85673958E-27	-5.75521177E-27	-9.84179912E-22	 4.37746871E-22	 5.49529027E-22	-5.82753652E-23
 4.500000E-02	-2.16471405E-25	 1.14650760E-25	-1.29575357E-26	-3.15753552E-26	-7.04706952E-21	 2.11407627E-21	 2.79859039E-21	-8.81772126E-23
 5.000000E-02	-7.73757225E-25	 5.40225057E-25	 7.41936930E-26	-1.11333663E-25	-3.96023281E-20	 8.20143406E-21	 1.18805378E-20	 3.19725684E-22
 5.500000E-02	-3.08369237E-24	 2.14763156E-24	 9.29714321E-25	-2.22471608E-25	-1.85478367E-19	 2.59478868E-20	 4.34096300E-20	 3.26990330E-21
 6.000000E-02	-1.40471988E-23	 6.93610841E-24	 6.12199717E-24	 3.94947605E-25	-7.51236327E-19	 6.58990182E-20	 1.39571038E-19	 1.63518340E-20
 6.500000E-02	-6.64441140E-23	 1.72977758E-23	 2.97866030E-23	 6.18327350E-24	-2.69909155E-18	 1.22204056E-19	 4.01034293E-19	 6.19843537E-20
 7.000000E-02	-2.86065023E-22	 2.97443772E-23	 1.09546305E-22	 3.23396425E-23	-8.76466580E-18	 8.40779701E-20	 1.04053694E-18	 1.96734758E-19
 7.500000E-02	-1.05824006E-21	 8.98344635E-24	 3.17624846E-22	 1.16985424E-22	-2.60949517E-17	-5.51937313E-19	 2.45222804E-18	 5.44317232E-19
 8.000000E-02	-3.37747197E-21	-1.89655358E-22	 7.57335889E-22	 3.36355277E-22	-7.20446548E-17	-3.46868182E-18	 5.25341810E-18	 1.33757979E-18
 8.500000E-02	-9.49526113E-21	-1.00233829E-21	 1.50541764E-21	 8.13654984E-22	-1.86143825E-16	-1.34406872E-17	 1.01652009E-17	 2.93726895E-18
 9.000000E-02	-2.40274445E-20	-3.57430403E-21	 2.47783198E-21	 1.72212075E-21	-4.53491989E-16	-4.25856088E-17	 1.74119906E-17	 5.72786835E-18
 9.500000E-02	-5.58216812E-20	-1.06242908E-20	 3.14825814E-21	 3.27504204E-21	-1.04832827E-15	-1.19158943E-16	 2.49734943E-17	 9.64929725E-18
 1.000000E-01	-1.21176182E-19	-2.82996140E-20	 2.10834937E-21	 5.78300843E-21	-2.31175323E-15	-3.04685126E-16	 2.44280957E-17	 1.28575572E-17
 1.050000E-01	-2.49473434E-19	-6.95677158E-20	-3.95902431E-21	 9.51633136E-21	-4.88512395E-15	-7.25654217E-16	-7.82635018E-18	 8.55013348E-18
 1.100000E-01	-4.90483626E-19	-1.58247263E-19	-2.40353339E-20	 1.29625719E-20	-9.93117787E-15	-1.62962268E-15	-1.27635784E-16	-2.17383772E-17
 1.150000E-01	-9.19741936E-19	-3.34641084E-19	-7.92023501E-20	 9.72861900E-21	-1.94892492E-14	-3.48076648E-15	-4.54207038E-16	-1.21159983E-16
 1.200000E-01	-1.64323533E-18	-6.66657120E-19	-2.08918754E-19	-1.40938551E-20	-3.70297926E-14	-7.11715012E-15	-1.22396094E-15	-3.81226406E-16
 1.250000E-01	-2.80472908E-18	-1.26552593E-18	-4.80443365E-19	-8.47894892E-20	-6.82980856E-14	-1.40019373E-14	-2.87972913E-15	-9.82495031E-16
 1.300000E-01	-4.59169761E-18	-2.30690514E-18	-1.00482648E-18	-2.49885394E-19	-1.22568442E-13	-2.66144805E-14	-6.21321351E-15	-2.26121438E-15
 1.350000E-01	-7.23728068E-18	-4.05596191E-18	-1.96066091E-18	-5.94610691E-19	-2.14468132E-13	-4.90452223E-14	-1.25855039E-14	-4.81394718E-15
 1.400000E-01	-1.10003895E-17	-6.87384255E-18	-3.63484583E-18	-1.27898922E-18	-3.66577467E-13	-8.78828202E-14	-2.42597178E-14	-9.65578616E-15
 1.450000E-01	-1.60907023E-17	-1.12071893E-17	-6.46907296E-18	-2.58559135E-18	-6.13067524E-13	-1.53514108E-13	-4.48923248E-14	-1.84519350E-14
 1.500000E-01	-2.25367335E-17	-1.75601274E-17	-1.10981432E-17	-4.97397327E-18	-1.00469020E-12	-2.61994180E-13	-8.02456317E-14	-3.38469015E-14
 1.550000E-01	-2.99888291E-17	-2.64522033E-17	-1.83786485E-17	-9.13041310E-18	-1.61548038E-12	-4.37682059E-13	-1.39202937E-13	-5.99199365E-14
 1.600000E-01	-3.75688681E-17	-3.85633329E-17	-2.93461397E-17	-1.59024154E-17	-2.55166487E-12	-7.16919503E-13	-2.35195433E-13	-1.02802614E-13
 1.650000E-01	-4.39486258E-17	-5.48258547E-17	-4.51681702E-17	-2.63205044E-17	-3.96326484E-12	-1.15307949E-12	-3.88193526E-13	-1.71504661E-13
 1.700000E-01	-4.70546152E-17	-7.55451169E-17	-6.73006085E-17	-4.21372516E-17	-6.05894666E-12	-1.82338683E-12	-6.27457511E-13	-2.79008255E-13
 1.750000E-01	-4.27265341E-17	-9.93243412E-17	-9.75307996E-17	-6.61407113E-17	-9.12469967E-12	-2.83799704E-12	-9.95307408E-13	-4.43714897E-13
 1.800000E-01	-2.38264591E-17	-1.23736369E-16	-1.37346459E-16	-1.01232013E-16	-1.35469650E-11	-4.35189455E-12	-1.55223792E-12	-6.91363233E-13
 1.850000E-01	 1.88834263E-17	-1.46182744E-16	-1.87125681E-16	-1.49605288E-16	-1.98414388E-11	-6.58048733E-12	-2.38380846E-12	-1.05759779E-12
 1.900000E-01	 9.62377834E-17	-1.62491068E-16	-2.45928857E-16	-2.13266651E-16	-2.86875280E-11	-9.81951367E-12	-3.60989713E-12	-1.59142773E-12
 1.950000E-01	 2.21717446E-16	-1.65136448E-16	-3.11284006E-16	-2.94281853E-16	-4.09685619E-11	-1.44698555E-11	-5.39688299E-12	-2.35988450E-12
 2.000000E-01	 4.12239232E-16	-1.42281280E-16	-3.78266650E-16	-3.94057182E-16	-5.78189387E-11	-2.10682726E-11	-7.97339677E-12	-3.45428904E-12
 2.050000E-01	 6.88626312E-16	-7.69675739E-17	-4.38378261E-16	-5.12321434E-16	-8.06781506E-11	-3.03247393E-11	-1.16504337E-11	-4.99863158E-12
 2.100000E-01	 1.07601806E-15	 5.28873237E-17	-4.78632535E-16	-6.45724491E-16	-1.11351164E-10	-4.31666813E-11	-1.68464954E-11	-7.16060692E-12
 2.150000E-01	 1.60371167E-15	 2.74136677E-16	-4.80843021E-16	-7.86417530E-16	-1.52074262E-10	-6.07900811E-11	-2.41182408E-11	-1.01658148E-11
 2.200000E-01	 2.30467047E-15	 6.16648381E-16	-4.21574334E-16	-9.20326772E-16	-2.05588905E-10	-8.47190705E-11	-3.41973404E-11	-1.43158363E-11
 2.250000E-01	 3.21394115E-15	 1.11131423E-15	-2.72638636E-16	-1.02610364E-15	-2.75220917E-10	-1.16873194E-10	-4.80340093E-11	-2.00106951E-11
 2.300000E-01	 4.36798418E-15	 1.79238458E-15	-1.44427543E-18	-1.07659235E-15	-3.64964691E-10	-1.59642054E-10	-6.68472039E-11	-2.77760817E-11
 2.350000E-01	 5.80662429E-15	 2.70010597E-15	 4.28529214E-16	-1.04005659E-15	-4.79574185E-10	-2.15968341E-10	-9.21816838E-11	-3.82955978E-11
 2.400000E-01	 7.57437087E-15	 3.87767539E-15	 1.05623125E-15	-8.79151640E-16	-6.24660166E-10	-2.89438962E-10	-1.25971883E-10	-5.24480456E-11
 2.450000E-01	 9.71987772E-15	 5.36889430E-15	 1.92150601E-15	-5.51795205E-16	-8.06788901E-10	-3.84380943E-10	-1.70611341E-10	-7.13492489E-11
 2.500000E-01	 1.22968473E-14	 7.22730665E-15	 3.06716642E-15	-1.69211623E-17	-1.03358812E-09	-5.05964110E-10	-2.29026990E-10	-9.63976613E-11
 2.550000E-01	 1.53707259E-14	 9.51668935E-15	 4.53582738E-15	 7.63472116E-16	-1.31385871E-09	-6.60309589E-10	-3.04757779E-10	-1.29322915E-10
 2.600000E-01	 1.90233047E-14	 1.22348781E-14	 6.33072540E-15	 1.83934134E-15	-1.65769100E-09	-8.54602458E-10	-4.02036361E-10	-1.72236198E-10
 2.650000E-01	 2.33211293E-14	 1.52552704E-14	 8.38592614E-15	 3.26435172E-15	-2.07659560E-09	-1.09721233E-09	-5.25873372E-10	-2.27681001E-10
 2.700000E-01	 2.82854662E-14	 1.85562938E-14	 1.06740131E-14	 5.01939663E-15	-2.58364376E-09	-1.39781972E-09	-6.82144608E-10	-2.98683750E-10
 2.750000E-01	 3.39789858E-14	 2.24547681E-14	 1.33187049E-14	 6.99933125E-15	-3.19361988E-09	-1.76754849E-09	-8.77682006E-10	-3.88805013E-10
 2.800000E-01	 4.06033030E-14	 2.72301674E-14	 1.64152788E-14	 9.15679961E-15	-3.92319635E-09	-2.21910722E-09	-1.12036777E-09	-5.02190378E-10
 2.850000E-01	 4.83874904E-14	 3.26947245E-14	 1.98248993E-14	 1.15522422E-14	-4.79112128E-09	-2.76693525E-09	-1.41923021E-09	-6.43619761E-10
 2.900000E-01	 5.74311896E-14	 3.86789657E-14	 2.34386448E-14	 1.41870256E-14	-5.81843644E-09	-3.42736503E-09	-1.78454700E-09	-8.18558711E-10
 2.950000E-01	 6.78079814E-14	 4.56381298E-14	 2.75040270E-14	 1.69584702E-14	-7.02871257E-09	-4.21879871E-09	-2.22795916E-09	-1.03321571E-09
 3.000000E-01	 7.97548218E-14	 5.41858716E-14	 3.23602122E-14	 1.98516676E-14	-8.44831835E-09	-5.16189862E-09	-2.76259106E-09	-1.29460662E-09
 3.050000E-01	 9.36088437E-14	 6.44518641E-14	 3.80786395E-14	 2.30121678E-14	-1.01067423E-08	-6.27977691E-09	-3.40315078E-09	-1.61061020E-09
 3.100000E-01	 1.09627619E-13	 7.64546261E-14	 4.47134630E-14	 2.66168901E-14	-1.20369435E-08	-7.59819167E-09	-4.16601692E-09	-1.99001569E-09
 3.150000E-01	 1.28000223E-13	 9.06503935E-14	 5.26551565E-14	 3.08358240E-14	-1.42757430E-08	-9.14577735E-09	-5.06933039E-09	-2.44257483E-09
 3.200000E-01	 1.48990021E-13	 1.07611337E-13	 6.24052590E-14	 3.59157247E-14	-1.68642920E-08	-1.09542996E-08	-6.13305931E-09	-2.97903452E-09
 3.250000E-01	 1.72945125E-13	 1.27536110E-13	 7.42367625E-14	 4.21743434E-14	-1.98486408E-08	-1.30589700E-08	-7.37907166E-09	-3.61116468E-09
 3.300000E-01	 2.00190072E-13	 1.50413316E-13	 8.83085844E-14	 4.99024775E-14	-2.32803899E-08	-1.54988317E-08	-8.83124158E-09	-4.35178460E-09
 3.350000E-01	 2.30999244E-13	 1.76325520E-13	 1.04850763E-13	 5.93076206E-14	-2.72173342E-08	-1.83171692E-08	-1.05155980E-08	-5.21478338E-09
 3.400000E-01	 2.65685331E-13	 2.05317935E-13	 1.23989134E-13	 7.04939483E-14	-3.17240495E-08	-2.15618928E-08	-1.24605375E-08	-6.21514782E-09
 3.450000E-01	 3.04620275E-13	 2.37237009E-13	 1.45574324E-13	 8.34344762E-14	-3.68724933E-08	-2.52858844E-08	-1.46970972E-08	-7.36898987E-09
 3.500000E-01	 3.48051659E-13	 2.72229703E-13	 1.69610748E-13	 9.80226771E-14	-4.27426349E-08	-2.95473841E-08	-1.72593623E-08	-8.69362700E-09
 3.550000E-01	 3.96141869E-13	 3.11149974E-13	 1.96524837E-13	 1.14193358E-13	-4.94230815E-08	-3.44104381E-08	-2.01849618E-08	-1.02077280E-08
 3.600000E-01	 4.49625124E-13	 3.54179533E-13	 2.25832776E-13	 1.31814889E-13	-5.70119190E-08	-3.99454281E-08	-2.35154953E-08	-1.19315221E-08
 3.650000E-01	 5.10003254E-13	 3.99460761E-13	 2.55114741E-13	 1.50400712E-13	-6.56178875E-08	-4.62296475E-08	-2.72966268E-08	-1.38869747E-08
 3.700000E-01	 5.78395051E-13	 4.45527070E-13	 2.82547750E-13	 1.69355435E-13	-7.53619912E-08	-5.33480640E-08	-3.15778130E-08	-1.60978841E-08
 3.750000E-01	 6.54891474E-13	 4.94254341E-13	 3.09688667E-13	 1.88721790E-13	-8.63794477E-08	-6.13943917E-08	-3.64119731E-08	-1.85899842E-08
 3.800000E-01	 7.39258770E-13	 5.49338485E-13	 3.40168770E-13	 2.09411068E-13	-9.88215730E-08	-7.04722595E-08	-4.18554661E-08	-2.13910171E-08
 3.850000E-01	 8.31550290E-13	 6.13572669E-13	 3.77061029E-13	 2.32692592E-13	-1.12857069E-07	-8.06961307E-08	-4.79687380E-08	-2.45307284E-08
 3.900000E-01	 9.33061431E-13	 6.86724054E-13	 4.20232635E-13	 2.59252746E-13	-1.28672899E-07	-9.21920216E-08	-5.48176358E-08	-2.80408693E-08
 3.950000E-01	 1.04664073E-12	 7.64562526E-13	 4.65270289E-13	 2.88549908E-13	-1.46475835E-07	-1.05098342E-07	-6.24743058E-08	-3.19551773E-08
 4.000000E-01	 1.17393034E-12	 8.44873337E-13	 5.09920682E-13	 3.19988321E-13	-1.66495015E-07	-1.19567413E-07	-7.10168765E-08	-3.63092585E-08
 4.050000E-01	 1.31376366E-12	 9.33851511E-13	 5.60224019E-13	 3.54871390E-13	-1.88984643E-07	-1.35766906E-07	-8.05291533E-08	-4.11403722E-08
 4.100000E-01	 1.46502210E-12	 1.04047271E-12	 6.24792440E-13	 3.96211085E-13	-2.14228231E-07	-1.53880576E-07	-9.10997895E-08	-4.64867800E-08
 4.150000E-01	 1.62903368E-12	 1.16787296E-12	 7.06549742E-13	 4.46764059E-13	-2.42542607E-07	-1.74109324E-07	-1.02821722E-07	-5.23871832E-08
 4.200000E-01	 1.81057941E-12	 1.30969838E-12	 7.98866974E-13	 5.06883054E-13	-2.74281729E-07	-1.96673069E-07	-1.15792368E-07	-5.88806295E-08
 4.250000E-01	 2.01710325E-12	 1.45103148E-12	 8.86650497E-13	 5.73608576E-13	-3.09840895E-07	-2.21813161E-07	-1.30113794E-07	-6.60061659E-08
 4.300000E-01	 2.25085076E-12	 1.58652988E-12	 9.65260527E-13	 6.44901856E-13	-3.49662446E-07	-2.49795109E-07	-1.45892623E-07	-7.38022565E-08
 4.350000E-01	 2.50536516E-12	 1.73611481E-12	 1.05513161E-12	 7.24997532E-13	-3.94241227E-07	-2.80910827E-07	-1.63239794E-07	-8.23063799E-08
 4.400000E-01	 2.77917814E-12	 1.91664134E-12	 1.17183589E-12	 8.19851073E-13	-4.44131276E-07	-3.15481099E-07	-1.82269862E-07	-9.15542790E-08
 4.450000E-01	 3.08371165E-12	 2.11137583E-12	 1.29742192E-12	 9.29102679E-13	-4.99954347E-07	-3.53858502E-07	-2.03099698E-07	-1.01578656E-07
 4.500000E-01	 3.42681750E-12	 2.30268107E-12	 1.41540544E-12	 1.05060681E-12	-5.62409300E-07	-3.96430403E-07	-2.25846798E-07	-1.12407580E-07
 4.550000E-01	 3.80248035E-12	 2.51092268E-12	 1.54726097E-12	 1.18960868E-12	-6.32283790E-07	-4.43622179E-07	-2.50626821E-07	-1.24062314E-07
 4.600000E-01	 4.20826796E-12	 2.76075739E-12	 1.71596683E-12	 1.35455384E-12	-7.10469280E-07	-4.95900569E-07	-2.77549901E-07	-1.36554368E-07
 4.650000E-01	 4.65675058E-12	 3.03877980E-12	 1.90633526E-12	 1.54795541E-12	-7.97976515E-07	-5.53775987E-07	-3.06715766E-07	-1.49882020E-07
 4.700000E-01	 5.15891272E-12	 3.32577336E-12	 2.09983368E-12	 1.76983887E-12	-8.95955522E-07	-6.17805918E-07	-3.38207865E-07	-1.64026078E-07
 4.750000E-01	 5.71399485E-12	 3.63710676E-12	 2.31156533E-12	 2.02532931E-12	-1.00571859E-06	-6.88599352E-07	-3.72087490E-07	-1.78945905E-07
 4.800000E-01	 6.32821120E-12	 3.98385886E-12	 2.54914550E-12	 2.32016397E-12	-1.12876339E-06	-7.66821613E-07	-4.08388189E-07	-1.94575965E-07
 4.850000E-01	 7.02407624E-12	 4.32974165E-12	 2.77503875E-12	 2.65359157E-12	-1.26679875E-06	-8.53199615E-07	-4.47108855E-07	-2.10821602E-07
 4.900000E-01	 7.81257356E-12	 4.65626195E-12	 2.97287021E-12	 3.02580246E-12	-1.42177229E-06	-9.48528093E-07	-4.88206094E-07	-2.27554626E-07
 4.950000E-01	 8.68191287E-12	 5.02876153E-12	 3.20210566E-12	 3.44739836E-12	-1.59589797E-06	-1.05367668E-06	-5.31586661E-07	-2.44609183E-07
 5.000000E-01	 9.64240217E-12	 5.48632911E-12	 3.48863326E-12	 3.93032943E-12	-1.79168780E-06	-1.16960045E-06	-5.77099644E-07	-2.61777234E-07
 5.050000E-01	 1.07451731E-11	 5.92375807E-12	 3.72956024E-12	 4.47577229E-12	-2.01198696E-06	-1.29735536E-06	-6.24528865E-07	-2.78803165E-07
 5.100000E-01	 1.20245888E-11	 6.22996283E-12	 3.83081054E-12	 5.08005097E-12	-2.26001832E-06	-1.43811898E-06	-6.73583430E-07	-2.95376360E-07
 5.150000E-01	 1.34723675E-11	 6.45302799E-12	 3.83898844E-12	 5.74506117E-12	-2.53942363E-06	-1.59320871E-06	-7.23884123E-07	-3.11121341E-07
 5.200000E-01	 1.50923251E-11	 6.67473474E-12	 3.81655818E-12	 6.48013940E-12	-2.85431600E-06	-1.76410393E-06	-7.74943833E-07	-3.25582600E-07
 5.250000E-01	 1.69265829E-11	 6.83926542E-12	 3.70831025E-12	 7.30106002E-12	-3.20934837E-06	-1.95247517E-06	-8.26143307E-07	-3.38205969E-07
 5.300000E-01	 1.90185594E-11	 6.82271738E-12	 3.41633445E-12	 8.22714137E-12	-3.60979133E-06	-2.16021244E-06	-8.76699813E-07	-3.48315609E-07
 5.350000E-01	 2.13903931E-11	 6.56542914E-12	 2.90519313E-12	 9.27777945E-12	-4.06164154E-06	-2.38945899E-06	-9.25621861E-07	-3.55082640E-07
 5.400000E-01	 2.40480306E-11	 6.13697628E-12	 2.23586208E-12	 1.04636623E-11	-4.57171973E-06	-2.64264988E-06	-9.71668298E-07	-3.57497488E-07
 5.450000E-01	 2.70091307E-11	 5.73009980E-12	 1.53407757E-12	 1.17783242E-11	-5.14778408E-06	-2.92256560E-06	-1.01330832E-06	-3.54342604E-07
 5.500000E-01	 3.03524901E-11	 5.38151435E-12	 7.88016952E-13	 1.32453481E-11	-5.79870498E-06	-3.23240359E-06	-1.04865836E-06	-3.44149371E-07
 5.550000E-01	 3.41800391E-11	 4.74376404E-12	-2.46476342E-13	 1.49744618E-11	-6.53461628E-06	-3.57581934E-06	-1.07540079E-06	-3.25150061E-07
 5.600000E-01	 3.85178636E-11	 3.60210143E-12	-1.67204829E-12	 1.70443915E-11	-7.36712193E-06	-3.95695840E-06	-1.09066085E-06	-2.95210734E-07
 5.650000E-01	 4.33905236E-11	 2.40194766E-12	-3.22180338E-12	 1.93474081E-11	-8.30957090E-06	-4.38048776E-06	-1.09084591E-06	-2.51755221E-07
 5.700000E-01	 4.89663014E-11	 1.55900285E-12	-4.75499570E-12	 2.17809540E-11	-9.37729116E-06	-4.85162896E-06	-1.07149815E-06	-1.91705873E-07
 5.750000E-01	 5.54476271E-11	 6.57622999E-13	-6.58899753E-12	 2.45290920E-11	-1.05879347E-05	-5.37627025E-06	-1.02712501E-06	-1.11405411E-07
 5.800000E-01	 6.29142050E-11	-8.69696718E-13	-9.00919754E-12	 2.78380835E-11	-1.19617807E-05	-5.96109372E-06	-9.51037852E-07	-6.54716352E-09
 5.850000E-01	 7.14567251E-11	-2.84160316E-12	-1.19209703E-11	 3.16452624E-11	-1.35220330E-05	-6.61373166E-06	-8.35185142E-07	 1.27900623E-07
 5.900000E-01	 8.13276543E-11	-4.75993671E-12	-1.51992654E-11	 3.57307478E-11	-1.52952170E-05	-7.34296094E-06	-6.69919115E-07	 2.97806963E-07
 5.950000E-01	 9.28544608E-11	-6.53640317E-12	-1.89739570E-11	 4.00474981E-11	-1.73115850E-05	-8.15891268E-06	-4.43721678E-07	 5.10012717E-07
 6.000000E-01	 1.06313860E-10	-8.55043134E-12	-2.35324906E-11	 4.47921191E-11	-1.96056436E-05	-9.07333489E-06	-1.42847406E-07	 7.72503429E-07
 6.050000E-01	 1.21860614E-10	-1.14705426E-11	-2.91508413E-11	 5.03667659E-11	-2.22167145E-05	-1.00999064E-05	 2.49076918E-07	 1.09459909E-06
 6.100000E-01	 1.39548099E-10	-1.58572880E-11	-3.59344959E-11	 5.71586998E-11	-2.51896239E-05	-1.12546591E-05	 7.51525585E-07	 1.48719164E-06
 6.150000E-01	 1.59490246E-10	-2.17946353E-11	-4.38115349E-11	 6.52750228E-11	-2.85755075E-05	-1.25564682E-05	 1.38763185E-06	 1.96302401E-06
 6.200000E-01	 1.81924281E-10	-2.91516520E-11	-5.27002594E-11	 7.46815613E-11	-3.24326149E-05	-1.40275554E-05	 2.18480906E-06	 2.53697116E-06
 6.250000E-01	 2.07093531E-10	-3.80118039E-11	-6.25761687E-11	 8.55044787E-11	-3.68272719E-05	-1.56941179E-05	 3.17550100E-06	 3.22637590E-06
 6.300000E-01	 2.35093694E-10	-4.88935829E-11	-7.33986079E-11	 9.82509616E-11	-4.18350534E-05	-1.75871939E-05	 4.39804346E-06	 4.05147258E-06
 6.350000E-01	 2.65718298E-10	-6.27738568E-11	-8.49531838E-11	 1.13903012E-10	-4.75417744E-05	-1.97436979E-05	 5.89740509E-06	 5.03579456E-06
 6.400000E-01	 2.98605216E-10	-8.03540293E-11	-9.67345534E-11	 1.33290949E-10	-5.40445537E-05	-2.22076803E-05	 7.72595015E-06	 6.20660840E-06
 6.450000E-01	 3.33700349E-10	-1.01350802E-10	-1.08161352E-10	 1.56361869E-10	-6.14536152E-05	-2.50324321E-05	 9.94445099E-06	 7.59568674E-06
 6.500000E-01	 3.71176173E-10	-1.25372615E-10	-1.18795708E-10	 1.82931326E-10	-6.98933376E-05	-2.82832456E-05	 1.26224573E-05	 9.24011508E-06
 6.550000E-01	 4.10821297E-10	-1.52961042E-10	-1.28091006E-10	 2.13746345E-10	-7.95025527E-05	-3.20400599E-05	 1.58383136E-05	 1.11829176E-05
 6.600000E-01	 4.52162318E-10	-1.84700771E-10	-1.35246609E-10	 2.49610377E-10	-9.04369894E-05	-3.64016253E-05	 1.96802692E-05	 1.34744957E-05
 6.650000E-01	 4.95175515E-10	-2.20148499E-10	-1.39612903E-10	 2.90148237E-10	-1.02870474E-04	-4.14918534E-05	 2.42462880E-05	 1.61745787E-05
 6.700000E-01	 5.39930551E-10	-2.59165921E-10	-1.40730753E-10	 3.35217673E-10	-1.16994470E-04	-4.74651453E-05	 2.96432476E-05	 1.93535937E-05
 6.750000E-01	 5.85452680E-10	-3.03412411E-10	-1.37607576E-10	 3.86741199E-10	-1.33020682E-04	-5.45103872E-05	 3.59893095E-05	 2.30940358E-05
 6.800000E-01	 6.30261151E-10	-3.54337781E-10	-1.28764664E-10	 4.46437597E-10	-1.51179949E-04	-6.28577871E-05	 4.34127267E-05	 2.74916078E-05
 6.850000E-01	 6.74285495E-10	-4.10661736E-10	-1.13530961E-10	 5.12583139E-10	-1.71724586E-04	-7.27912191E-05	 5.20519827E-05	 3.26587444E-05
 6.900000E-01	 7.19147815E-10	-4.69410328E-10	-9.25650709E-11	 5.80993538E-10	-1.94927974E-04	-8.46580352E-05	 6.20549739E-05	 3.87259670E-05
 6.950000E-01	 7.66897017E-10	-5.28273032E-10	-6.71416947E-11	 6.47928781E-10	-2.21077778E-04	-9.88787306E-05	 7.35732626E-05	 4.58409952E-05
 7.000000E-01	 8.17904569E-10	-5.88804234E-10	-3.78365257E-11	 7.14299285E-10	-2.50476195E-04	-1.15965325E-04	 8.67606192E-05	 5.41718346E-05
 7.050000E-01	 8.68526266E-10	-6.58264815E-10	-2.76629328E-12	 7.88286777E-10	-2.83433759E-04	-1.36539934E-04	 1.01766649E-04	 6.39069370E-05
 7.100000E-01	 9.14230557E-10	-7.41810756E-10	 4.10313406E-11	 8.75399978E-10	-3.20258057E-04	-1.61349468E-04	 1.18727872E-04	 7.52510195E-05
 7.150000E-01	 9.56117308E-10	-8.34705700E-10	 9.29876800E-11	 9.67892595E-10	-3.61244759E-04	-1.91282238E-04	 1.37761904E-04	 8.84198543E-05
 7.200000E-01	 9.97527189E-10	-9.33134047E-10	 1.49745811E-10	 1.05829633E-09	-4.06662261E-04	-2.27390041E-04	 1.58955634E-04	 1.03632543E-04
 7.250000E-01	 1.03488131E-09	-1.04624866E-09	 2.11157263E-10	 1.15543829E-09	-4.56731817E-04	-2.70914211E-04	 1.82349701E-04	 1.21100026E-04
 7.300000E-01	 1.06253512E-09	-1.18088190E-09	 2.79564927E-10	 1.26552497E-09	-5.11600621E-04	-3.23312765E-04	 2.07917976E-04	 1.41007211E-04
 7.350000E-01	 1.08544609E-09	-1.32405573E-09	 3.52404159E-10	 1.36976779E-09	-5.71305152E-04	-3.86286093E-04	 2.35541276E-04	 1.63485964E-04
 7.400000E-01	 1.11327932E-09	-1.46374475E-09	 4.22066967E-10	 1.44961914E-09	-6.35725638E-04	-4.61799987E-04	 2.64977483E-04	 1.88577150E-04
 7.450000E-01	 1.14405140E-09	-1.61375660E-09	 4.84003244E-10	 1.51728195E-09	-7.04535888E-04	-5.52114260E-04	 2.95833033E-04	 2.16185938E-04
 7.500000E-01	 1.16949086E-09	-1.79028766E-09	 5.38752578E-10	 1.58810702E-09	-7.77129024E-04	-6.59794912E-04	 3.27519653E-04	 2.46013554E-04
 7.550000E-01	 1.19272856E-09	-1.98182272E-09	 5.85221769E-10	 1.64555607E-09	-8.52538711E-04	-7.87715501E-04	 3.59217846E-04	 2.77471573E-04
 7.600000E-01	 1.22482963E-09	-2.17093811E-09	 6.16382362E-10	 1.66580540E-09	-9.29342891E-04	-9.39079171E-04	 3.89831742E-04	 3.09585223E-04
 7.650000E-01	 1.26956570E-09	-2.36299827E-09	 6.22991500E-10	 1.64970785E-09	-1.00552881E-03	-1.11740634E-03	 4.17920855E-04	 3.40853246E-04
 7.700000E-01	 1.32668408E-09	-2.56041944E-09	 6.02316930E-10	 1.59864301E-09	-1.07837304E-03	-1.32647437E-03	 4.41679860E-04	 3.69083455E-04
 7.750000E-01	 1.40532164E-09	-2.73197719E-09	 5.60034923E-10	 1.48653195E-09	-1.14428054E-03	-1.57024502E-03	 4.58898292E-04	 3.91199112E-04
 7.800000E-01	 1.52003087E-09	-2.84991562E-09	 4.94800077E-10	 1.29136717E-09	-1.19862594E-03	-1.85278165E-03	 4.66954888E-04	 4.03031998E-04
 7.850000E-01	 1.67598588E-09	-2.93297754E-09	 3.88208249E-10	 1.02819904E-09	-1.23557566E-03	-2.17802792E-03	 4.62826681E-04	 3.99052264E-04
 7.900000E-01	 1.87067985E-09	-3.00391089E-09	 2.26877021E-10	 7.16354058E-10	-1.24785144E-03	-2.54963701E-03	 4.43062421E-04	 3.72072451E-04
 7.950000E-01	 2.10738407E-09	-3.03456081E-09	 2.29473835E-11	 3.43385717E-10	-1.22643025E-03	-2.97080963E-03	 4.03747921E-04	 3.12896519E-04
 8.000000E-01	 2.39570053E-09	-2.97432139E-09	-2.02847977E-10	-1.11255144E-10	-1.16029689E-03	-3.44374538E-03	 3.40573354E-04	 2.09880217E-04
 8.050000E-01	 2.74243407E-09	-2.79632681E-09	-4.41229377E-10	-6.45540361E-10	-1.03634162E-03	-3.96920155E-03	 2.49128999E-04	 4.86898296E-05
 8.100000E-01	 3.14825549E-09	-2.48967142E-09	-6.86071801E-10	-1.24026335E-09	-8.39223992E-04	-4.54589784E-03	 1.25163415E-04	-1.87926404E-04
 8.150000E-01	 3.61099370E-09	-2.04163464E-09	-9.26719994E-10	-1.87240027E-09	-5.51559484E-04	-5.16977446E-03	-3.48928855E-05	-5.20080800E-04
 8.200000E-01	 4.13884327E-09	-1.45336563E-09	-1.17907733E-09	-2.52867102E-09	-1.53917378E-04	-5.83330209E-03	-2.33667234E-04	-9.70656449E-04
 8.250000E-01	 4.75852249E-09	-7.50887848E-10	-1.50477651E-09	-3.21484162E-09	 3.75675733E-04	-6.52473980E-03	-4.72994725E-04	-1.56559694E-03
 8.300000E-01	 5.47673658E-09	 6.26971084E-11	-1.91653136E-09	-3.91366478E-09	 1.06187107E-03	-7.22692306E-03	-7.53720857E-04	-2.33391015E-03
 8.350000E-01	 6.24174950E-09	 1.04533205E-09	-2.29401881E-09	-4.53731422E-09	 1.93174356E-03	-7.91593923E-03	-1.07525352E-03	-3.30706785E-03
 8.400000E-01	 7.00345519E-09	 2.24948245E-09	-2.52776866E-09	-4.99688190E-09	 3.01388235E-03	-8.56024528E-03	-1.43491933E-03	-4.51730533E-03
 8.450000E-01	 7.78784185E-09	 3.65440662E-09	-2.67877895E-09	-5.29380193E-09	 4.33703236E-03	-9.11998296E-03	-1.82773420E-03	-5.99490429E-03
 8.500000E-01	 8.63741170E-09	 5.20820553E-09	-2.84874540E-09	-5.44225787E-09	 5.93001555E-03	-9.54677599E-03	-2.24749614E-03	-7.76619202E-03
 8.550000E-01	 9.52271001E-09	 6.88100753E-09	-3.00750595E-09	-5.36117062E-09	 7.82193366E-03	-9.78271883E-03	-2.68811107E-03	-9.85184383E-03
 8.600000E-01	 1.04012336E-08	 8.65858842E-09	-3.08920456E-09	-4.96809938E-09	 1.00425602E-02	-9.75892539E-03	-3.14466172E-03	-1.22648921E-02
 8.650000E-01	 1.13054767E-08	 1.05256065E-08	-3.12815422E-09	-4.29082308E-09	 1.26232252E-02	-9.39322080E-03	-3.61367898E-03	-1.50085384E-02
 8.700000E-01	 1.22468760E-08	 1.24236523E-08	-3.15138658E-09	-3.31465520E-09	 1.55958442E-02	-8.58881302E-03	-4.09204496E-03	-1.80704399E-02
 8.750000E-01	 1.30922240E-08	 1.42175237E-08	-3.04708837E-09	-1.84775630E-09	 1.89902485E-02	-7.23734023E-03	-4.57731650E-03	-2.14120571E-02
 8.800000E-01	 1.37490261E-08	 1.58307287E-08	-2.71727352E-09	 1.67025843E-10	 2.28331786E-02	-5.22465592E-03	-5.07040333E-03	-2.49579894E-02
 8.850000E-01	 1.44081297E-08	 1.73787048E-08	-2.26451178E-09	 2.39116520E-09	 2.71496922E-02	-2.43711405E-03	-5.57851152E-03	-2.85868992E-02
 8.900000E-01	 1.52470870E-08	 1.88754342E-08	-1.81354353E-09	 4.59138132E-09	 3.19645566E-02	 1.23192939E-03	-6.11464363E-03	-3.21218958E-02
 8.950000E-01	 1.59847543E-08	 1.99171348E-08	-1.24822451E-09	 7.07592987E-09	 3.73021388E-02	 5.87179089E-03	-6.69331604E-03	-3.53168309E-02
 9.000000E-01	 1.61956652E-08	 2.01239474E-08	-3.37608774E-10	 1.00557490E-08	 4.31839713E-02	 1.15390805E-02	-7.31991729E-03	-3.78391775E-02
 9.050000E-01	 1.59077789E-08	 1.97012522E-08	 9.85656929E-10	 1.30204204E-08	 4.96313035E-02	 1.82327883E-02	-7.98836415E-03	-3.92625486E-02
 9.100000E-01	 1.54305433E-08	 1.91262982E-08	 2.65336261E-09	 1.52347360E-08	 5.66547215E-02	 2.58441681E-02	-8.65948158E-03	-3.90562194E-02
 9.150000E-01	 1.48468030E-08	 1.85902411E-08	 4.61552808E-09	 1.63681329E-08	 6.43172880E-02	 3.41418767E-02	-9.33209548E-03	-3.66740555E-02
 9.200000E-01	 1.39484086E-08	 1.80094146E-08	 6.78353916E-09	 1.62747499E-08	 7.25388684E-02	 4.26879170E-02	-9.69808971E-03	-3.14091316E-02
 9.250000E-01	 1.24539435E-08	 1.72365725E-08	 8.83540127E-09	 1.47389652E-08	 8.14608112E-02	 5.09304480E-02	-9.69697813E-03	-2.28620486E-02
 9.300000E-01	 1.00800148E-08	 1.65195943E-08	 1.06122055E-08	 1.16195862E-08	 9.07361180E-02	 5.79106788E-02	-8.33649756E-03	-1.03365809E-02
 9.350000E-01	 6.89529726E-09	 1.68165692E-08	 1.19722968E-08	 6.96635968E-09	 9.95628413E-02	 6.27042477E-02	-3.74965599E-03	 6.13454232E-03
 9.400000E-01	 3.18856120E-09	 1.88606829E-08	 1.25001979E-08	 1.65684613E-09	 1.08117511E-01	 6.40878250E-02	 4.30433832E-03	 2.54492155E-02
 9.450000E-01	-8.10988181E-10	 2.30626284E-08	 1.10195567E-08	-3.30651730E-09	 1.17083973E-01	 5.97036020E-02	 1.53925705E-02	 4.71531763E-02
 9.500000E-01	-6.40767170E-09	 2.89322125E-08	 9.80519027E-09	-6.48239581E-09	 1.24381624E-01	 5.12841174E-02	 3.26237353E-02	 6.30827142E-02
 9.550000E-01	-7.38485941E-09	 3.30236927E-08	 3.13860211E-09	-5.09440183E-09	 1.25246818E-01	 3.48121736E-02	 5.90534362E-02	 7.57398033E-02
 9.600000E-01	-9.07411076E-09	 4.18243810E-08	-9.43894046E-09	 3.99777363E-09	 1.25055297E-01	 9.21007061E-03	 9.52097410E-02	 7.54955385E-02
 9.650000E-01	-9.94327794E-10	 3.11085488E-08	-1.11394118E-08	-9.44735803E-10	 1.03757103E-01	 1.62573458E-02	 1.07860028E-01	 8.65893046E-02
 9.700000E-01	 7.25989488E-09	 1.70758429E-08	-1.19366730E-08	-9.14949133E-09	 9.29338392E-02	 2.68019005E-02	 1.16665791E-01	 1.01582480E-01
 9.750000E-01	 1.52662543E-08	 4.33692289E-09	-4.26771851E-09	-1.16439238E-08	 9.59120142E-02	 1.49997298E-03	 1.07276092E-01	 5.87102323E-02
 9.800000E-01	 2.13564370E-08	-5.10709028E-09	 6.74639313E-09	-1.69262783E-08	 7.79736200E-02	-6.72277562E-02	 9.38019997E-02	-1.65385511E-03
 9.850000E-01	 2.05914791E-08	-7.96395710E-10	 3.26336495E-08	-2.22951260E-08	 2.24911995E-01	-2.86186865E-01	 1.20788221E-01	-3.33933577E-01
 9.900000E-01	 1.85857356E-08	-2.49126633E-08	 4.72719730E-08	-3.48942661E-08	 4.28500394E-03	-1.27471670E-01	 1.21997494E-01	-3.36113582E-01
 9.950000E-01	-3.01462722E-08	 3.76685745E-09	 1.19548046E-07	-5.78481577E-08	-7.81140876E-02	 3.75096961E-01	 2.91923279E-01	-8.13782799E-01
 1.000000E+00	 0.00000000E+00	 0.00000000E+00	 0.00000000E+00	 0.00000000E+00	 0.00000000E+00	 0.00000000E+00	 0.00000000E+00	 0.00000000E+00
