r	R 17/17	R 18/17	R 19/17	R 20/17	I 17/17	I 18/17	I 19/17	I 20/17
 0.000000E+00	 0.00000000E+00	 0.00000000E+00	 0.00000000E+00	 0.00000000E+00	 0.00000000E+00	 0.00000000E+00	 0.00000000E+00	 0.00000000E+00
 5.000000E-03	 3.47256229E-30	-1.88607551E-32	 8.86407676E-31	 1.24408295E-31	-2.26111448E-30	 1.47951725E-30	 3.58312614E-31	-3.28714859E-31
 1.000000E-02	 1.45149252E-28	 2.25171733E-30	 1.95204021E-29	-1.50721076E-30	-5.77401163E-29	 4.62836514E-29	 7.86647896E-30	-3.18653062E-29
 1.500000E-02	 1.95692617E-27	-1.98236543E-29	 5.23463010E-28	-7.04878064E-30	-8.02103601E-28	 4.15396955E-28	 9.42491869E-29	-4.68047371E-28
 2.000000E-02	 1.45562457E-26	-9.89301038E-28	 8.55763848E-27	 7.31578837E-29	-7.03010170E-27	 4.21896248E-27	-9.38520457E-29	-4.96817045E-27
 2.500000E-02	 5.77836730E-26	-1.24741810E-26	 9.86486785E-26	 1.85341243E-27	-3.80326111E-26	 6.39203086E-26	-1.48861654E-26	-4.35996838E-26
 3.000000E-02	-1.97385450E-25	-6.57915537E-26	 8.81473789E-25	-1.20411696E-27	-7.74175978E-26	 7.22103643E-25	-1.49395571E-25	-2.90501019E-25
 3.500000E-02	-6.27231519E-24	-2.23764697E-25	 6.60528404E-24	 2.18315253E-26	 4.29780241E-25	 4.71778571E-24	-6.43502535E-25	-9.16363416E-25
 4.000000E-02	-5.96474015E-23	-3.80926601E-24	 3.64589300E-23	 1.27742555E-24	 4.04880386E-24	 2.02133090E-23	-1.51179309E-24	-1.03019934E-24
 4.500000E-02	-3.60093369E-22	-4.27785324E-23	 1.49511855E-22	 1.08574827E-23	 1.89859507E-23	 7.16875904E-23	-3.06515020E-24	 1.73036820E-24
 5.000000E-02	-1.70706634E-21	-2.71931178E-22	 5.05907541E-22	 5.07879824E-23	 7.51436885E-23	 2.22265068E-22	-7.07380571E-24	 1.83653159E-23
 5.500000E-02	-6.67771042E-21	-1.30281829E-21	 1.40186319E-21	 1.59758810E-22	 2.62796801E-22	 5.15385234E-22	-2.55999041E-23	 1.05549881E-22
 6.000000E-02	-2.04874657E-20	-5.28367768E-21	 2.78159512E-21	 3.17355629E-22	 7.19974049E-22	-9.78882656E-23	-2.55216897E-22	 5.74440944E-22
 6.500000E-02	-3.41010787E-20	-1.82629172E-20	 2.98212147E-22	-5.63018006E-22	 6.71431625E-22	-8.62428748E-21	-1.94013936E-21	 2.08939743E-21
 7.000000E-02	 9.39834639E-20	-4.79553361E-20	-2.96683436E-20	-9.52128788E-21	-6.94822289E-21	-4.36167791E-20	-9.17924812E-21	 4.01345365E-21
 7.500000E-02	 9.82275261E-19	-6.78115852E-20	-1.50303304E-19	-4.96619923E-20	-4.77422506E-20	-1.35165908E-19	-3.06333288E-20	 1.40143364E-21
 8.000000E-02	 4.44120865E-18	 1.06398415E-19	-4.70302850E-19	-1.73326351E-19	-1.87577893E-19	-3.15578434E-19	-7.71332054E-20	-1.90663472E-20
 8.500000E-02	 1.47609366E-17	 1.10659706E-18	-1.10326408E-18	-4.66096588E-19	-5.70629742E-19	-5.65783961E-19	-1.46540566E-19	-8.01206856E-20
 9.000000E-02	 4.02499259E-17	 4.51492434E-18	-2.00917645E-18	-1.01642282E-18	-1.44801905E-18	-7.90589301E-19	-2.07629110E-19	-2.07242149E-19
 9.500000E-02	 9.59578462E-17	 1.37530224E-17	-2.73411207E-18	-1.84614331E-18	-3.22032087E-18	-8.33864249E-19	-2.03222505E-19	-4.17647976E-19
 1.000000E-01	 2.09044712E-16	 3.58065794E-17	-1.91249953E-18	-2.72241468E-18	-6.40598515E-18	-1.05549389E-18	-2.98100065E-19	-7.50626867E-19
 1.050000E-01	 4.38973335E-16	 8.66545992E-17	 3.89992526E-18	-2.82261596E-18	-1.19355790E-17	-3.09572707E-18	-1.11949030E-18	-1.48110185E-18
 1.100000E-01	 9.24811126E-16	 2.04954689E-16	 2.40247540E-17	 4.97798117E-19	-2.29327040E-17	-6.27513524E-18	-2.13572677E-18	-2.87132136E-18
 1.150000E-01	 1.89435253E-15	 4.61517644E-16	 7.97685711E-17	 1.46312164E-17	-4.51176977E-17	-4.75145337E-18	-3.69969358E-19	-4.32483601E-18
 1.200000E-01	 3.64738331E-15	 9.62867531E-16	 2.09099250E-16	 5.46098701E-17	-8.45118003E-17	 5.65171159E-18	 6.80716876E-18	-4.86936570E-18
 1.250000E-01	 6.66175276E-15	 1.88612670E-15	 4.78038177E-16	 1.48256307E-16	-1.48949241E-16	 2.44851661E-17	 2.03953358E-17	-3.86199618E-18
 1.300000E-01	 1.17568936E-14	 3.53961830E-15	 1.00411056E-15	 3.47632531E-16	-2.48990670E-16	 4.10663814E-17	 3.60310698E-17	-2.51556292E-18
 1.350000E-01	 2.04646588E-14	 6.49883044E-15	 2.00817167E-15	 7.53175555E-16	-4.03753831E-16	 2.79615166E-17	 4.22440901E-17	-5.72947819E-18
 1.400000E-01	 3.56472179E-14	 1.18433274E-14	 3.91318179E-15	 1.56221365E-15	-6.70969358E-16	-1.74494299E-17	 4.76492379E-17	-1.07281337E-17
 1.450000E-01	 6.13676559E-14	 2.11901326E-14	 7.39219375E-15	 3.10357132E-15	-1.15488718E-15	-6.45923510E-17	 8.87945195E-17	-5.10272389E-19
 1.500000E-01	 1.02691512E-13	 3.67161899E-14	 1.34025930E-14	 5.85708210E-15	-2.00532037E-15	-5.15680155E-17	 2.37481455E-16	 6.05144484E-17
 1.550000E-01	 1.65345289E-13	 6.11150486E-14	 2.31904427E-14	 1.04595095E-14	-3.38357197E-15	 8.55169023E-17	 5.59685914E-16	 2.15643213E-16
 1.600000E-01	 2.56082812E-13	 9.77887406E-14	 3.83496231E-14	 1.77459764E-14	-5.18770757E-15	-1.74498088E-16	 6.67822073E-16	 3.03204298E-16
 1.650000E-01	 3.95877867E-13	 1.56058130E-13	 6.28595532E-14	 2.96958581E-14	-7.34398331E-15	-1.89668916E-15	-1.57464477E-16	-2.47731761E-17
 1.700000E-01	 6.29887450E-13	 2.56068234E-13	 1.05408956E-13	 5.05571941E-14	-1.10396355E-14	-4.56845334E-15	-1.28740510E-15	-4.61126190E-16
 1.750000E-01	 9.96496101E-13	 4.17803027E-13	 1.75393844E-13	 8.49960428E-14	-1.78622888E-14	-6.22490462E-15	-1.08669284E-15	-1.18132119E-16
 1.800000E-01	 1.51693188E-12	 6.56390515E-13	 2.80712745E-13	 1.36981113E-13	-2.73269071E-14	-7.77824545E-15	-4.65571307E-16	 6.31881792E-16
 1.850000E-01	 2.26210889E-12	 1.00993209E-12	 4.39292735E-13	 2.15216467E-13	-3.85621809E-14	-1.29570126E-14	-2.42324887E-15	 2.66572059E-16
 1.900000E-01	 3.38035635E-12	 1.55539700E-12	 6.87064166E-13	 3.36951239E-13	-5.32151762E-14	-2.36116376E-14	-8.12408256E-15	-1.80064538E-15
 1.950000E-01	 5.06208344E-12	 2.39791285E-12	 1.07480977E-12	 5.26368556E-13	-7.42288067E-14	-4.02134461E-14	-1.75728174E-14	-5.50569918E-15
 2.000000E-01	 7.55042082E-12	 3.67886758E-12	 1.67293991E-12	 8.16756495E-13	-1.05824841E-13	-6.30673838E-14	-3.02953509E-14	-1.04163162E-14
 2.050000E-01	 1.11257194E-11	 5.57256288E-12	 2.57173950E-12	 1.25065430E-12	-1.53364081E-13	-9.20030003E-14	-4.51332322E-14	-1.56683725E-14
 2.100000E-01	 1.60935679E-11	 8.28504593E-12	 3.88277240E-12	 1.88089787E-12	-2.21264797E-13	-1.27637246E-13	-6.17950669E-14	-2.09012724E-14
 2.150000E-01	 2.28168862E-11	 1.20736572E-11	 5.75022459E-12	 2.77673362E-12	-3.13340975E-13	-1.70885928E-13	-8.04868215E-14	-2.60188225E-14
 2.200000E-01	 3.17156025E-11	 1.72508091E-11	 8.35541408E-12	 4.02679933E-12	-4.29905926E-13	-2.26358396E-13	-1.06227301E-13	-3.43150445E-14
 2.250000E-01	 4.33837930E-11	 2.42545302E-11	 1.19545353E-11	 5.75853042E-12	-5.70328533E-13	-3.00825401E-13	-1.46577016E-13	-5.10515006E-14
 2.300000E-01	 5.86029723E-11	 3.36683265E-11	 1.68955361E-11	 8.14853864E-12	-7.41095314E-13	-3.94450214E-13	-2.00520727E-13	-7.56996511E-14
 2.350000E-01	 7.81844871E-11	 4.61407646E-11	 2.35847093E-11	 1.14097570E-11	-9.50971935E-13	-5.04688891E-13	-2.63699940E-13	-1.05300831E-13
 2.400000E-01	 1.02991168E-10	 6.24014600E-11	 3.24978953E-11	 1.58001126E-11	-1.20186398E-12	-6.35216915E-13	-3.40454253E-13	-1.43068590E-13
 2.450000E-01	 1.34072759E-10	 8.33485188E-11	 4.42305915E-11	 2.16510600E-11	-1.49536615E-12	-7.90429157E-13	-4.34720314E-13	-1.91760850E-13
 2.500000E-01	 1.72597354E-10	 1.10015741E-10	 5.94904787E-11	 2.93682762E-11	-1.85207595E-12	-9.59427182E-13	-5.23216646E-13	-2.32228395E-13
 2.550000E-01	 2.19471948E-10	 1.43334928E-10	 7.89742589E-11	 3.93733296E-11	-2.26711314E-12	-1.13582420E-12	-6.04846506E-13	-2.65788113E-13
 2.600000E-01	 2.76106163E-10	 1.84629205E-10	 1.03624027E-10	 5.22306611E-11	-2.53553782E-12	-1.43879135E-12	-9.24428924E-13	-5.07901200E-13
 2.650000E-01	 3.48759776E-10	 2.38606953E-10	 1.36346109E-10	 6.95294473E-11	-2.45142834E-12	-2.03623377E-12	-1.77815273E-12	-1.21934171E-12
 2.700000E-01	 4.46883805E-10	 3.12528663E-10	 1.81728785E-10	 9.38116457E-11	-2.46332064E-12	-2.72212589E-12	-2.70084131E-12	-1.98201869E-12
 2.750000E-01	 5.70066577E-10	 4.07130957E-10	 2.40801456E-10	 1.25892211E-10	-3.13905872E-12	-3.10884610E-12	-2.96744103E-12	-2.14695480E-12
 2.800000E-01	 7.12144342E-10	 5.18938565E-10	 3.12020844E-10	 1.65231152E-10	-3.82044626E-12	-3.42268736E-12	-3.22095273E-12	-2.33097410E-12
 2.850000E-01	 8.83175134E-10	 6.56132428E-10	 4.00740467E-10	 2.14908701E-10	-3.55967391E-12	-4.18597991E-12	-4.58819953E-12	-3.59232102E-12
 2.900000E-01	 1.10256563E-09	 8.34383874E-10	 5.17253782E-10	 2.80825167E-10	-3.12182382E-12	-5.17506730E-12	-6.34398221E-12	-5.19860198E-12
 2.950000E-01	 1.37093148E-09	 1.05580785E-09	 6.63873722E-10	 3.64757563E-10	-3.75181158E-12	-5.79421283E-12	-7.06534333E-12	-5.75034382E-12
 3.000000E-01	 1.67822634E-09	 1.31413226E-09	 8.37500756E-10	 4.65463865E-10	-4.84576965E-12	-6.13358880E-12	-7.24674487E-12	-5.77107561E-12
 3.050000E-01	 2.03132522E-09	 1.61592559E-09	 1.04295967E-09	 5.85994763E-10	-5.27182302E-12	-6.61653105E-12	-8.06682587E-12	-6.45067395E-12
 3.100000E-01	 2.44509073E-09	 1.97432405E-09	 1.28949859E-09	 7.31986664E-10	-5.58206769E-12	-7.14167335E-12	-9.00171867E-12	-7.19315381E-12
 3.150000E-01	 2.91940923E-09	 2.39063999E-09	 1.57885727E-09	 9.04944823E-10	-6.81464038E-12	-7.36063716E-12	-8.94418390E-12	-6.80899561E-12
 3.200000E-01	 3.44663197E-09	 2.85973475E-09	 1.90831870E-09	 1.10375635E-09	-8.48802590E-12	-7.30932277E-12	-8.25194982E-12	-5.70765760E-12
 3.250000E-01	 4.03195500E-09	 3.38674783E-09	 2.28175713E-09	 1.33101580E-09	-9.60311108E-12	-7.21419358E-12	-7.83515226E-12	-4.88928171E-12
 3.300000E-01	 4.68774424E-09	 3.98286868E-09	 2.70713125E-09	 1.59173458E-09	-1.00652881E-11	-7.09418561E-12	-7.73583334E-12	-4.39240728E-12
 3.350000E-01	 5.42407960E-09	 4.65753195E-09	 3.19130350E-09	 1.89035341E-09	-9.94566397E-12	-6.86052927E-12	-7.78311785E-12	-4.05166393E-12
 3.400000E-01	 6.25385097E-09	 5.42273618E-09	 3.74289874E-09	 2.23236480E-09	-8.42702849E-12	-6.54375755E-12	-8.61694088E-12	-4.66655892E-12
 3.450000E-01	 7.20374086E-09	 6.30273111E-09	 4.37905823E-09	 2.62834483E-09	-4.68001967E-12	-6.28356365E-12	-1.09970180E-11	-7.12786791E-12
 3.500000E-01	 8.30764015E-09	 7.32856015E-09	 5.12198730E-09	 3.09203923E-09	-6.10367511E-14	-6.01435797E-12	-1.38015868E-11	-1.00108750E-11
 3.550000E-01	 9.57782600E-09	 8.51250791E-09	 5.98114932E-09	 3.62963528E-09	 4.21636228E-12	-5.50378898E-12	-1.59241263E-11	-1.20236147E-11
 3.600000E-01	 1.10304078E-08	 9.87039843E-09	 6.96844479E-09	 4.24862700E-09	 1.31841441E-11	-4.92192022E-12	-2.14844474E-11	-1.84614717E-11
 3.650000E-01	 1.27655329E-08	 1.14941983E-08	 8.14969130E-09	 4.98925532E-09	 3.26666905E-11	-4.70816733E-12	-3.53015026E-11	-3.52893661E-11
 3.700000E-01	 1.49178264E-08	 1.35083681E-08	 9.61469117E-09	 5.90707010E-09	 5.58925634E-11	-4.62836370E-12	-5.18869060E-11	-5.52681387E-11
 3.750000E-01	 1.74983209E-08	 1.59255900E-08	 1.13739379E-08	 7.00958486E-09	 7.18355766E-11	-4.05910870E-12	-6.23027809E-11	-6.69415879E-11
 3.800000E-01	 2.04539280E-08	 1.86988418E-08	 1.33941787E-08	 8.27715994E-09	 7.88972686E-11	-3.02043476E-12	-6.53813228E-11	-6.87695484E-11
 3.850000E-01	 2.37591479E-08	 2.18048789E-08	 1.56580770E-08	 9.69950774E-09	 8.08130118E-11	-1.73663575E-12	-6.42244728E-11	-6.47527391E-11
 3.900000E-01	 2.74207030E-08	 2.52496279E-08	 1.81684299E-08	 1.12782020E-08	 9.05352007E-11	-2.85580561E-13	-6.89730701E-11	-6.83541769E-11
 3.950000E-01	 3.16237760E-08	 2.92046701E-08	 2.10468772E-08	 1.30877693E-08	 1.20118025E-10	 8.36465116E-13	-8.90812607E-11	-9.15967112E-11
 4.000000E-01	 3.66044078E-08	 3.38891472E-08	 2.44496292E-08	 1.52245171E-08	 1.49851289E-10	 1.32941894E-12	-1.09138526E-10	-1.13367767E-10
 4.050000E-01	 4.22694369E-08	 3.92147625E-08	 2.83105028E-08	 1.76471671E-08	 1.51947631E-10	 1.69240274E-12	-1.07333523E-10	-1.04967065E-10
 4.100000E-01	 4.83818469E-08	 4.49571904E-08	 3.24634201E-08	 2.02515478E-08	 1.32812483E-10	 2.10776444E-12	-8.86066910E-11	-7.34581945E-11
 4.150000E-01	 5.49145698E-08	 5.10865976E-08	 3.68819108E-08	 2.30194241E-08	 1.15017152E-10	 2.31881025E-12	-7.06874213E-11	-4.24902536E-11
 4.200000E-01	 6.20037474E-08	 5.77251579E-08	 4.16478210E-08	 2.59990841E-08	 1.32972747E-10	 2.39176563E-12	-8.05694028E-11	-4.79924585E-11
 4.250000E-01	 7.01995846E-08	 6.53828239E-08	 4.71195142E-08	 2.94090091E-08	 2.10778786E-10	 1.01378950E-12	-1.37267877E-10	-1.13540625E-10
 4.300000E-01	 8.01236583E-08	 7.46325358E-08	 5.36977315E-08	 3.34936900E-08	 2.76002875E-10	-4.45750344E-12	-1.85120422E-10	-1.62130136E-10
 4.350000E-01	 9.12965400E-08	 8.50095368E-08	 6.10348036E-08	 3.80339734E-08	 2.45168663E-10	-1.31774253E-11	-1.59641568E-10	-1.09250904E-10
 4.400000E-01	 1.02927779E-07	 9.57594172E-08	 6.85737940E-08	 4.26794549E-08	 2.03407497E-10	-2.19545744E-11	-1.27296822E-10	-4.69268683E-11
 4.450000E-01	 1.15738582E-07	 1.07545990E-07	 7.67690156E-08	 4.77019131E-08	 2.65170658E-10	-3.32458255E-11	-1.78449367E-10	-9.24821248E-11
 4.500000E-01	 1.30891829E-07	 1.21434701E-07	 8.63525119E-08	 5.35425040E-08	 3.34389068E-10	-5.23203886E-11	-2.38829670E-10	-1.41756961E-10
 4.550000E-01	 1.47812804E-07	 1.36854339E-07	 9.68864120E-08	 5.99216107E-08	 2.74341381E-10	-7.74260203E-11	-2.00526159E-10	-5.39380083E-11
 4.600000E-01	 1.65391915E-07	 1.52739539E-07	 1.07584679E-07	 6.63456432E-08	 1.76527981E-10	-1.04710502E-10	-1.35515821E-10	 7.11702447E-11
 4.650000E-01	 1.84306034E-07	 1.69691009E-07	 1.18831775E-07	 7.30353079E-08	 1.78151520E-10	-1.38544611E-10	-1.54097916E-10	 9.21219632E-11
 4.700000E-01	 2.05776411E-07	 1.88793998E-07	 1.31335088E-07	 8.04037448E-08	 1.90463656E-10	-1.83861707E-10	-1.85653557E-10	 1.07088380E-10
 4.750000E-01	 2.29330738E-07	 2.09545930E-07	 1.44685888E-07	 8.81842637E-08	 8.94928354E-11	-2.36140871E-10	-1.28452741E-10	 2.45258956E-10
 4.800000E-01	 2.54146404E-07	 2.31125944E-07	 1.58256893E-07	 9.59785643E-08	 1.20342990E-11	-2.96632820E-10	-9.73825621E-11	 3.56243090E-10
 4.850000E-01	 2.81829861E-07	 2.54938118E-07	 1.72927743E-07	 1.04287584E-07	 1.14216543E-10	-3.82479175E-10	-2.29733728E-10	 2.76535215E-10
 4.900000E-01	 3.14457633E-07	 2.82762377E-07	 1.89786348E-07	 1.13722788E-07	 1.40865563E-10	-4.91237302E-10	-3.10159592E-10	 2.86135716E-10
 4.950000E-01	 3.49885831E-07	 3.12508503E-07	 2.07308523E-07	 1.23346864E-07	-1.88522380E-10	-5.92296845E-10	-9.02051717E-11	 6.78261128E-10
 5.000000E-01	 3.85134478E-07	 3.41393328E-07	 2.23566646E-07	 1.32007053E-07	-4.72493539E-10	-7.09002570E-10	 7.29042547E-11	 1.00433871E-09
 5.050000E-01	 4.24377372E-07	 3.73073383E-07	 2.40850531E-07	 1.41010233E-07	-2.26880173E-10	-9.24436767E-10	-2.80065641E-10	 7.43794366E-10
 5.100000E-01	 4.74040612E-07	 4.13044822E-07	 2.62471487E-07	 1.52197551E-07	 1.33462022E-10	-1.23658306E-09	-7.94149441E-10	 3.58655670E-10
 5.150000E-01	 5.32708040E-07	 4.59736657E-07	 2.87109956E-07	 1.64718727E-07	 3.56660878E-11	-1.56554083E-09	-9.37472045E-10	 4.62222979E-10
 5.200000E-01	 5.96603433E-07	 5.09589354E-07	 3.12263434E-07	 1.77080013E-07	-2.26931236E-10	-1.94208693E-09	-9.93940784E-10	 7.09660033E-10
 5.250000E-01	 6.68909498E-07	 5.65128810E-07	 3.39188715E-07	 1.89896632E-07	-1.71877145E-10	-2.48907543E-09	-1.46727213E-09	 5.61999007E-10
 5.300000E-01	 7.55630817E-07	 6.31131796E-07	 3.70292589E-07	 2.04347553E-07	 1.01744897E-10	-3.25718442E-09	-2.31418632E-09	 1.23738570E-10
 5.350000E-01	 8.59933322E-07	 7.09755923E-07	 4.06173215E-07	 2.20540239E-07	 2.62956275E-10	-4.22548493E-09	-3.23900844E-09	-2.45614741E-10
 5.400000E-01	 9.82762025E-07	 8.01187527E-07	 4.46143940E-07	 2.37848758E-07	-1.70984100E-10	-5.26191791E-09	-3.71034143E-09	-8.61090773E-13
 5.450000E-01	 1.11822083E-06	 8.99996741E-07	 4.86437289E-07	 2.54066797E-07	-1.46898838E-09	-6.20104346E-09	-3.36468971E-09	 1.15596569E-09
 5.500000E-01	 1.26010011E-06	 1.00078318E-06	 5.23575045E-07	 2.67245636E-07	-2.55633963E-09	-7.39776167E-09	-3.45365971E-09	 1.97051613E-09
 5.550000E-01	 1.42299457E-06	 1.11494919E-06	 5.62765086E-07	 2.79720284E-07	-2.46780252E-09	-9.46451219E-09	-5.31197495E-09	 1.32307855E-09
 5.600000E-01	 1.62598565E-06	 1.25673808E-06	 6.09677158E-07	 2.93679093E-07	-2.93607321E-09	-1.18683530E-08	-6.92158262E-09	 1.23493261E-09
 5.650000E-01	 1.85255015E-06	 1.41203005E-06	 6.55724385E-07	 3.04483931E-07	-5.76468711E-09	-1.34681179E-08	-5.73715054E-09	 3.83005176E-09
 5.700000E-01	 2.07598759E-06	 1.55971331E-06	 6.90235240E-07	 3.07081498E-07	-9.00356545E-09	-1.49266844E-08	-4.08765325E-09	 6.83708884E-09
 5.750000E-01	 2.31462723E-06	 1.71367760E-06	 7.18773932E-07	 3.03707897E-07	-1.03855152E-08	-1.78896290E-08	-5.35860933E-09	 7.56292101E-09
 5.800000E-01	 2.60157325E-06	 1.89789812E-06	 7.49539124E-07	 2.96973180E-07	-1.15420690E-08	-2.19029101E-08	-7.63511348E-09	 7.90879317E-09
 5.850000E-01	 2.92899612E-06	 2.10501068E-06	 7.76838609E-07	 2.83624922E-07	-1.46446666E-08	-2.53574800E-08	-7.58182397E-09	 1.04707954E-08
 5.900000E-01	 3.27375926E-06	 2.31704881E-06	 7.91919761E-07	 2.59866082E-07	-1.90198349E-08	-2.82793029E-08	-5.84092486E-09	 1.44799450E-08
 5.950000E-01	 3.63518320E-06	 2.53303522E-06	 7.93103238E-07	 2.24768760E-07	-2.33134641E-08	-3.16908136E-08	-4.49971511E-09	 1.83119420E-08
 6.000000E-01	 4.02464063E-06	 2.76050917E-06	 7.81175480E-07	 1.77962172E-07	-2.68347796E-08	-3.66479786E-08	-5.08958998E-09	 2.10811598E-08
 6.050000E-01	 4.46838106E-06	 3.01690396E-06	 7.58457871E-07	 1.18615687E-07	-2.94187665E-08	-4.42264810E-08	-8.66812648E-09	 2.24885987E-08
 6.100000E-01	 4.99947296E-06	 3.32332508E-06	 7.25769384E-07	 4.41132214E-08	-3.22699632E-08	-5.40780357E-08	-1.37597717E-08	 2.39047922E-08
 6.150000E-01	 5.62638967E-06	 3.68325055E-06	 6.77657613E-07	-5.00009662E-08	-3.66351723E-08	-6.50669933E-08	-1.81775943E-08	 2.68245336E-08
 6.200000E-01	 6.34913932E-06	 4.09454041E-06	 6.07028290E-07	-1.68381369E-07	-4.24167333E-08	-7.73485093E-08	-2.21022809E-08	 3.11234573E-08
 6.250000E-01	 7.17984004E-06	 4.56329546E-06	 5.07749003E-07	-3.16190277E-07	-4.91622293E-08	-9.19752715E-08	-2.68167954E-08	 3.61887920E-08
 6.300000E-01	 8.14133786E-06	 5.10251945E-06	 3.73123097E-07	-5.00034044E-07	-5.63127446E-08	-1.10977946E-07	-3.45842096E-08	 4.12199756E-08
 6.350000E-01	 9.28403216E-06	 5.74259484E-06	 1.95099588E-07	-7.30296676E-07	-6.38837981E-08	-1.36592847E-07	-4.72077738E-08	 4.60869380E-08
 6.400000E-01	 1.06668560E-05	 6.51844624E-06	-3.89668366E-08	-1.02137763E-06	-7.40329692E-08	-1.67125802E-07	-6.08562005E-08	 5.32985700E-08
 6.450000E-01	 1.22937962E-05	 7.43026516E-06	-3.45624585E-07	-1.38464066E-06	-8.85613881E-08	-1.99125512E-07	-7.05970814E-08	 6.50262106E-08
 6.500000E-01	 1.41507849E-05	 8.46888519E-06	-7.39910565E-07	-1.82877338E-06	-1.06251199E-07	-2.34760104E-07	-7.94900284E-08	 7.97397225E-08
 6.550000E-01	 1.62829531E-05	 9.66395668E-06	-1.23818663E-06	-2.36999164E-06	-1.26107531E-07	-2.78511692E-07	-9.22308030E-08	 9.60335659E-08
 6.600000E-01	 1.87521088E-05	 1.10570133E-05	-1.86065351E-06	-3.02957008E-06	-1.50016896E-07	-3.28285368E-07	-1.04671304E-07	 1.15959602E-07
 6.650000E-01	 2.15558775E-05	 1.26537290E-05	-2.62267855E-06	-3.82024076E-06	-1.79297570E-07	-3.79664407E-07	-1.11381741E-07	 1.40962454E-07
 6.700000E-01	 2.46772203E-05	 1.44560600E-05	-3.53343173E-06	-4.75102031E-06	-2.11731207E-07	-4.38326596E-07	-1.19686397E-07	 1.68241085E-07
 6.750000E-01	 2.82100031E-05	 1.65381723E-05	-4.61432091E-06	-5.85312891E-06	-2.46089161E-07	-5.13581712E-07	-1.38768482E-07	 1.95954006E-07
 6.800000E-01	 3.22782084E-05	 1.89984387E-05	-5.89479689E-06	-7.16934303E-06	-2.86014524E-07	-5.98992515E-07	-1.58434589E-07	 2.27886090E-07
 6.850000E-01	 3.68467079E-05	 2.18470689E-05	-7.37624898E-06	-8.70985590E-06	-3.34277786E-07	-6.80185255E-07	-1.62624784E-07	 2.67092003E-07
 6.900000E-01	 4.17988961E-05	 2.50527570E-05	-9.03287754E-06	-1.04608942E-05	-3.89091871E-07	-7.52889753E-07	-1.49107876E-07	 3.11671302E-07
 6.950000E-01	 4.70477894E-05	 2.86085809E-05	-1.08301207E-05	-1.24086876E-05	-4.46943502E-07	-8.21419150E-07	-1.25252914E-07	 3.57776560E-07
 7.000000E-01	 5.25623198E-05	 3.25488534E-05	-1.27346616E-05	-1.45492149E-05	-5.01293396E-07	-9.10875494E-07	-1.21405463E-07	 3.97599480E-07
 7.050000E-01	 5.86409531E-05	 3.71307743E-05	-1.47852520E-05	-1.69725297E-05	-5.50207570E-07	-1.05081025E-06	-1.66013246E-07	 4.27340388E-07
 7.100000E-01	 6.56658140E-05	 4.26958476E-05	-1.70427107E-05	-1.98057473E-05	-6.05670526E-07	-1.20982499E-06	-2.14405447E-07	 4.59825329E-07
 7.150000E-01	 7.34107745E-05	 4.92096317E-05	-1.94065959E-05	-2.29944658E-05	-6.73617765E-07	-1.33602613E-06	-2.11470014E-07	 5.03529581E-07
 7.200000E-01	 8.14876529E-05	 5.65249259E-05	-2.17137186E-05	-2.64135407E-05	-7.37519154E-07	-1.46968811E-06	-2.15863049E-07	 5.38771276E-07
 7.250000E-01	 9.03008448E-05	 6.50618130E-05	-2.39903077E-05	-3.01824962E-05	-7.87681950E-07	-1.67944723E-06	-3.02204574E-07	 5.49395000E-07
 7.300000E-01	 1.00420640E-04	 7.54312788E-05	-2.62861385E-05	-3.44827005E-05	-8.47104659E-07	-1.90340223E-06	-3.79076023E-07	 5.64011897E-07
 7.350000E-01	 1.11215072E-04	 8.73805598E-05	-2.83148204E-05	-3.90684645E-05	-9.29985908E-07	-2.03888192E-06	-3.30158432E-07	 6.09629870E-07
 7.400000E-01	 1.21734219E-04	 1.00340487E-04	-2.97043934E-05	-4.35386718E-05	-1.00089909E-06	-2.15927195E-06	-2.74157324E-07	 6.41183304E-07
 7.450000E-01	 1.32560506E-04	 1.14978619E-04	-3.04499213E-05	-4.80135670E-05	-1.03138845E-06	-2.39629219E-06	-3.72699304E-07	 6.07899135E-07
 7.500000E-01	 1.44667942E-04	 1.32456454E-04	-3.05729872E-05	-5.27415792E-05	-1.05688296E-06	-2.68182018E-06	-5.05522600E-07	 5.57491844E-07
 7.550000E-01	 1.57371915E-04	 1.52543728E-04	-2.96794714E-05	-5.73227031E-05	-1.11026893E-06	-2.88057705E-06	-4.95274149E-07	 5.52593683E-07
 7.600000E-01	 1.69518120E-04	 1.74453096E-04	-2.73144937E-05	-6.11365562E-05	-1.15313973E-06	-3.04603570E-06	-4.50912958E-07	 5.38693228E-07
 7.650000E-01	 1.81376634E-04	 1.98780137E-04	-2.32832563E-05	-6.40425435E-05	-1.14877411E-06	-3.28736898E-06	-5.27707611E-07	 4.46161924E-07
 7.700000E-01	 1.93400406E-04	 2.26483699E-04	-1.73300392E-05	-6.58931302E-05	-1.15288265E-06	-3.52072256E-06	-5.55141525E-07	 3.70512000E-07
 7.750000E-01	 2.04111847E-04	 2.56320154E-04	-8.98902751E-06	-6.57942091E-05	-1.21780129E-06	-3.61376276E-06	-3.29596315E-07	 4.26211371E-07
 7.800000E-01	 2.11754351E-04	 2.86294805E-04	 1.99174913E-06	-6.27956992E-05	-1.24545783E-06	-3.67227222E-06	-1.05823305E-07	 4.53224455E-07
 7.850000E-01	 2.17222760E-04	 3.17730644E-04	 1.57124777E-05	-5.67950237E-05	-1.12892526E-06	-3.86814769E-06	-1.99437309E-07	 2.41022487E-07
 7.900000E-01	 2.21807448E-04	 3.53101858E-04	 3.26065047E-05	-4.75713602E-05	-9.68042989E-07	-4.11770745E-06	-3.68296951E-07	-4.81680944E-08
 7.950000E-01	 2.23984785E-04	 3.90938752E-04	 5.29939055E-05	-3.40037526E-05	-8.99607996E-07	-4.25520774E-06	-2.60462188E-07	-1.54727979E-07
 8.000000E-01	 2.21588261E-04	 4.28029828E-04	 7.66611558E-05	-1.50320636E-05	-8.80490836E-07	-4.29758990E-06	 2.60361042E-08	-1.41515703E-07
 8.050000E-01	 2.13963770E-04	 4.63136631E-04	 1.03309883E-04	 9.89214237E-06	-8.22868050E-07	-4.32380735E-06	 2.82102652E-07	-1.66822471E-07
 8.100000E-01	 2.00864401E-04	 4.95591210E-04	 1.32602919E-04	 4.11704644E-05	-7.33932467E-07	-4.33947546E-06	 5.10800334E-07	-2.16170619E-07
 8.150000E-01	 1.81804036E-04	 5.23851177E-04	 1.63813344E-04	 7.89712688E-05	-6.14537193E-07	-4.32358002E-06	 7.29011698E-07	-2.78488699E-07
 8.200000E-01	 1.56692940E-04	 5.46960808E-04	 1.96189170E-04	 1.23232474E-04	-2.65306375E-07	-4.23351425E-06	 7.29964706E-07	-6.68127385E-07
 8.250000E-01	 1.26496833E-04	 5.68645302E-04	 2.30860687E-04	 1.75191060E-04	 4.74811330E-07	-4.03118585E-06	 4.02530369E-07	-1.63453272E-06
 8.300000E-01	 9.08997451E-05	 5.92253186E-04	 2.69676184E-04	 2.37528277E-04	 1.12681180E-06	-3.85417838E-06	 2.13397189E-07	-2.47206486E-06
 8.350000E-01	 4.72582934E-05	 6.08336446E-04	 3.08844609E-04	 3.08352715E-04	 1.14756150E-06	-3.87554351E-06	 5.13098562E-07	-2.41881010E-06
 8.400000E-01	-4.63482601E-06	 6.05630843E-04	 3.41801061E-04	 3.81110162E-04	 1.08146428E-06	-3.82919065E-06	 8.45244768E-07	-2.22604063E-06
 8.450000E-01	-6.28446692E-05	 5.88890119E-04	 3.69564571E-04	 4.55730077E-04	 1.70664826E-06	-3.32174038E-06	 8.29029850E-07	-2.88903020E-06
 8.500000E-01	-1.27808953E-04	 5.65690736E-04	 3.96378605E-04	 5.37054463E-04	 2.64369241E-06	-2.62324501E-06	 6.67559578E-07	-3.93923493E-06
 8.550000E-01	-1.99598661E-04	 5.31432602E-04	 4.19496083E-04	 6.21678787E-04	 3.23438804E-06	-2.18624485E-06	 4.94239763E-07	-4.63641124E-06
 8.600000E-01	-2.75864284E-04	 4.80616424E-04	 4.34281939E-04	 7.01829710E-04	 3.84544438E-06	-1.59603151E-06	 3.63767690E-07	-5.27436592E-06
 8.650000E-01	-3.57576080E-04	 4.16829656E-04	 4.43331894E-04	 7.80017020E-04	 5.04536280E-06	-2.85108208E-07	 4.44477856E-07	-6.28178485E-06
 8.700000E-01	-4.48573571E-04	 3.42070715E-04	 4.49952506E-04	 8.61656306E-04	 6.19536587E-06	 8.05119895E-07	 2.03108618E-07	-7.39303736E-06
 8.750000E-01	-5.42191823E-04	 2.49364617E-04	 4.46196694E-04	 9.30772151E-04	 6.47735176E-06	 5.71294189E-07	-1.10427163E-06	-8.31079285E-06
 8.800000E-01	-6.25819290E-04	 1.38327862E-04	 4.24671650E-04	 9.66896155E-04	 7.01920196E-06	 1.08318239E-06	-1.84949078E-06	-8.90550995E-06
 8.850000E-01	-7.14004498E-04	 1.76801565E-05	 3.98332428E-04	 9.93690127E-04	 9.36310075E-06	 4.90577117E-06	 1.53349245E-07	-8.96544514E-06
 8.900000E-01	-8.34740339E-04	-1.17756987E-04	 3.78831484E-04	 1.04186977E-03	 1.21458000E-05	 8.66997546E-06	 1.63788504E-06	-9.50724189E-06
 8.950000E-01	-9.61685000E-04	-2.71843245E-04	 3.48712019E-04	 1.06644792E-03	 1.30859104E-05	 7.58897544E-06	-2.06057683E-06	-1.19753692E-05
 9.000000E-01	-1.04142176E-03	-4.20893367E-04	 2.92667616E-04	 1.01013952E-03	 1.30494305E-05	 4.89521515E-06	-7.13297645E-06	-1.45055062E-05
 9.050000E-01	-1.08990285E-03	-5.54573096E-04	 2.24468693E-04	 9.02000674E-04	 1.42252481E-05	 6.44564444E-06	-7.06179043E-06	-1.39848070E-05
 9.100000E-01	-1.15805885E-03	-6.92894315E-04	 1.56252082E-04	 7.86675501E-04	 1.66079820E-05	 1.12949325E-05	-3.13843455E-06	-1.10287238E-05
 9.150000E-01	-1.25660588E-03	-8.44890137E-04	 8.48805582E-05	 6.58886078E-04	 1.91951480E-05	 1.55874503E-05	 7.83056263E-08	-8.06471772E-06
 9.200000E-01	-1.36818172E-03	-9.99890970E-04	 2.92647933E-07	 4.95057502E-04	 2.19405679E-05	 1.72463202E-05	-3.81083299E-07	-7.95623865E-06
 9.250000E-01	-1.44494907E-03	-1.11527640E-03	-9.49192159E-05	 2.80222938E-04	 2.45599842E-05	 1.52878189E-05	-5.40210477E-06	-1.20245687E-05
 9.300000E-01	-1.43056177E-03	-1.13866997E-03	-1.97299711E-04	 2.84394402E-05	 2.54656121E-05	 1.26925053E-05	-8.47547876E-06	-1.39451546E-05
 9.350000E-01	-1.37611017E-03	-1.11171296E-03	-3.15399931E-04	-2.17903291E-04	 2.46415200E-05	 1.40954854E-05	-3.49126380E-06	-8.18012734E-06
 9.400000E-01	-1.36951054E-03	-1.09910857E-03	-4.58502613E-04	-4.59316256E-04	 2.50553711E-05	 1.77221166E-05	 3.32732484E-06	-1.76447537E-06
 9.450000E-01	-1.36241069E-03	-1.04409734E-03	-6.05364731E-04	-6.94860692E-04	 2.74302685E-05	 1.89595376E-05	 5.92295105E-06	-1.99894306E-06
 9.500000E-01	-1.26236275E-03	-9.13613355E-04	-7.28153918E-04	-8.10603376E-04	 2.80497976E-05	 1.73094407E-05	 5.39935780E-06	-6.23818552E-06
 9.550000E-01	-1.07998083E-03	-7.21718564E-04	-8.36325812E-04	-8.52979148E-04	 2.39612373E-05	 1.35829513E-05	 7.14307323E-06	-2.54143594E-06
 9.600000E-01	-9.31022007E-04	-5.28976203E-04	-9.50757345E-04	-8.20871737E-04	 1.96610594E-05	 2.06992275E-05	 1.85869242E-05	 4.38841331E-06
 9.650000E-01	-7.45348195E-04	-5.25384115E-04	-9.54905699E-04	-8.44723854E-04	 8.03197427E-06	 7.80158492E-06	 1.88664167E-05	 2.13646053E-05
 9.700000E-01	-6.14625680E-04	-5.15482503E-04	-9.40814542E-04	-8.93975319E-04	 3.67720085E-05	 9.31130274E-05	 6.99634978E-05	 1.30791920E-05
 9.750000E-01	-8.50723486E-04	-4.93111361E-04	-3.37430135E-04	-3.96414139E-04	-5.87407073E-05	 3.28282083E-04	 3.49846752E-04	-8.69885936E-05
 9.800000E-01	-4.47400826E-03	-5.31852564E-03	 2.19108996E-03	 4.61647793E-03	-1.63415700E-05	 5.86742799E-04	 3.30257261E-04	-5.84839125E-04
 9.850000E-01	-6.40381241E-04	 2.70388758E-03	 3.67143847E-04	-9.31992767E-04	 1.91615383E-04	-1.84961305E-03	-1.24143901E-03	 9.65125649E-04
 9.900000E-01	 2.27295973E-04	 1.50926902E-04	 5.89006609E-04	-1.51584118E-05	 6.38390763E-04	 1.59056281E-04	 5.70324654E-05	 2.13167257E-04
 9.950000E-01	 5.27195939E-04	 2.11819780E-03	 1.82710773E-03	-1.41362226E-03	 2.40414860E-03	-4.04969804E-03	-6.63067900E-04	 1.47560777E-03
 1.000000E+00	 0.00000000E+00	 0.00000000E+00	 0.00000000E+00	 0.00000000E+00	 0.00000000E+00	 0.00000000E+00	 0.00000000E+00	 0.00000000E+00
