r	R 17/17	R 18/17	R 19/17	R 20/17	I 17/17	I 18/17	I 19/17	I 20/17
 0.000000E+00	 0.00000000E+00	 0.00000000E+00	 0.00000000E+00	 0.00000000E+00	 0.00000000E+00	 0.00000000E+00	 0.00000000E+00	 0.00000000E+00
 5.000000E-03	-8.71078445E-37	-1.39973889E-37	 1.24925014E-37	 5.68051811E-38	-1.00189393E-33	 6.62182749E-35	 8.27406290E-36	 7.70545207E-34
 1.000000E-02	 7.67197566E-36	-1.57574766E-36	 3.88317526E-35	-1.51733448E-35	-1.82755054E-32	-5.19924981E-32	-9.21542923E-32	 2.24879365E-32
 1.500000E-02	 2.24806987E-34	 6.24306428E-34	 2.31405501E-33	-6.23699734E-34	 2.84249577E-30	-1.56015431E-30	-2.47921256E-30	-1.40882183E-30
 2.000000E-02	-2.18930435E-32	 2.03018375E-32	 4.40727765E-32	-7.27151797E-33	 8.40340937E-29	 1.12622397E-29	 1.12418446E-29	-5.58902064E-29
 2.500000E-02	-5.59493979E-31	 2.61865699E-31	 3.80997413E-31	-2.43102459E-32	 5.82542010E-28	 9.25995875E-28	 1.13384402E-27	-8.48265466E-28
 3.000000E-02	-5.86221898E-30	 1.88923280E-30	 1.38306867E-30	-1.16420575E-32	-8.37456454E-27	 1.63002012E-26	 1.98961539E-26	-7.39243677E-27
 3.500000E-02	-3.64392946E-29	 1.02662074E-29	-9.57837345E-32	-1.19741798E-30	-2.26713209E-25	 1.66090504E-25	 2.04826419E-25	-4.15043316E-26
 4.000000E-02	-1.66883151E-28	 5.79481271E-29	-1.57394866E-29	-1.58699493E-29	-2.67982315E-24	 1.17991386E-24	 1.50706585E-24	-1.46488584E-25
 4.500000E-02	-6.66098398E-28	 3.44425850E-28	-3.80617805E-29	-9.85351780E-29	-2.16509274E-23	 6.34054357E-24	 8.66151072E-24	-1.81459049E-25
 5.000000E-02	-2.63888738E-27	 1.81769459E-27	 2.67039006E-28	-3.84869725E-28	-1.35562295E-22	 2.68319203E-23	 4.09622582E-23	 1.60114646E-24
 5.500000E-02	-1.15565691E-26	 7.98395671E-27	 3.58141806E-27	-8.22888026E-28	-7.00277446E-22	 9.03092655E-23	 1.64942663E-22	 1.47078722E-23
 6.000000E-02	-5.75741734E-26	 2.80910887E-26	 2.55991180E-26	 1.92032000E-27	-3.10239074E-21	 2.33103818E-22	 5.78974999E-22	 7.69171240E-23
 6.500000E-02	-2.96468260E-25	 7.46859073E-26	 1.34835660E-25	 2.98964383E-26	-1.21071193E-20	 3.76621374E-22	 1.80071360E-21	 3.10546097E-22
 7.000000E-02	-1.38122526E-24	 1.28457478E-25	 5.34172030E-25	 1.67287418E-25	-4.24483922E-20	-2.60008122E-22	 5.01552162E-21	 1.05214374E-21
 7.500000E-02	-5.49677585E-24	-2.67087078E-26	 1.65847520E-24	 6.47740653E-25	-1.35746006E-19	-5.21263990E-21	 1.25780167E-20	 3.10088646E-21
 8.000000E-02	-1.87778290E-23	-1.34734517E-24	 4.20545078E-24	 1.98585474E-24	-4.00712106E-19	-2.68143165E-20	 2.83759964E-20	 8.08540082E-21
 8.500000E-02	-5.62613618E-23	-6.93818619E-24	 8.80964729E-24	 5.09675790E-24	-1.10249432E-18	-1.01974749E-19	 5.69704952E-20	 1.87395347E-20
 9.000000E-02	-1.51159619E-22	-2.54803064E-23	 1.50415571E-23	 1.13779548E-23	-2.84981118E-18	-3.29761226E-19	 9.85751351E-20	 3.82735381E-20
 9.500000E-02	-3.71647921E-22	-7.88041242E-23	 1.89811532E-23	 2.26582921E-23	-6.96689464E-18	-9.54427320E-19	 1.33120811E-19	 6.65974274E-20
 1.000000E-01	-8.51328793E-22	-2.18768651E-22	 8.74821349E-24	 4.15240079E-23	-1.61990685E-17	-2.53763960E-18	 7.94559147E-20	 8.81777764E-20
 1.050000E-01	-1.84481103E-21	-5.60478989E-22	-4.58954880E-23	 7.01249131E-23	-3.59964666E-17	-6.29689094E-18	-2.96907027E-19	 4.06722269E-20
 1.100000E-01	-3.80879725E-21	-1.32954297E-21	-2.28451643E-22	 9.51648276E-23	-7.67647643E-17	-1.47401572E-17	-1.57505429E-18	-2.56396226E-19
 1.150000E-01	-7.48412317E-21	-2.93261712E-21	-7.42185481E-22	 5.63272977E-23	-1.57680483E-16	-3.28085289E-17	-5.04981465E-18	-1.24996937E-18
 1.200000E-01	-1.39860274E-20	-6.08811304E-21	-1.99196824E-21	-1.89504363E-22	-3.12969638E-16	-6.98615460E-17	-1.34143240E-17	-3.94123863E-18
 1.250000E-01	-2.49312921E-20	-1.20250229E-20	-4.71214066E-21	-9.32619705E-22	-6.01954025E-16	-1.43016859E-16	-3.19596662E-17	-1.04127401E-17
 1.300000E-01	-4.25720059E-20	-2.27690456E-20	-1.01818057E-20	-2.72809298E-21	-1.12468957E-15	-2.82601005E-16	-7.06010310E-17	-2.47461945E-17
 1.350000E-01	-6.99104682E-20	-4.15176921E-20	-2.05579148E-20	-6.61439066E-21	-2.04577600E-15	-5.40827120E-16	-1.47187812E-16	-5.45526601E-17
 1.400000E-01	-1.10602966E-19	-7.28892788E-20	-3.94362777E-20	-1.45921072E-20	-3.62980673E-15	-1.00529122E-15	-2.92757086E-16	-1.13426995E-16
 1.450000E-01	-1.68256360E-19	-1.22998134E-19	-7.25617964E-20	-3.03121164E-20	-6.29308651E-15	-1.81953290E-15	-5.59669214E-16	-2.24753985E-16
 1.500000E-01	-2.44961297E-19	-1.99292711E-19	-1.28549616E-19	-5.99554009E-20	-1.06775900E-14	-3.21375271E-15	-1.03394522E-15	-4.27438531E-16
 1.550000E-01	-3.38829309E-19	-3.10129925E-19	-2.19575212E-19	-1.13196823E-19	-1.77545108E-14	-5.54981577E-15	-1.85362561E-15	-7.84307398E-16
 1.600000E-01	-4.41726287E-19	-4.66332078E-19	-3.61344627E-19	-2.02912940E-19	-2.89676155E-14	-9.38634173E-15	-3.23567045E-15	-1.39418092E-15
 1.650000E-01	-5.39374569E-19	-6.82544403E-19	-5.72965928E-19	-3.45788106E-19	-4.64275262E-14	-1.55711722E-14	-5.51488550E-15	-2.40892299E-15
 1.700000E-01	-6.06704330E-19	-9.67096115E-19	-8.78964937E-19	-5.69545997E-19	-7.31706782E-14	-2.53707389E-14	-9.19957917E-15	-4.05723727E-15
 1.750000E-01	-5.89406260E-19	-1.30687789E-18	-1.30985636E-18	-9.18529153E-19	-1.13498498E-13	-4.06483374E-14	-1.50503080E-14	-6.67763339E-15
 1.800000E-01	-3.89154453E-19	-1.67166005E-18	-1.89426530E-18	-1.44326468E-18	-1.73413222E-13	-6.41054613E-14	-2.41897729E-14	-1.07637845E-14
 1.850000E-01	 1.29741133E-19	-2.02297937E-18	-2.64758368E-18	-2.18905115E-18	-2.61179473E-13	-9.96065526E-14	-3.82547595E-14	-1.70270037E-14
 1.900000E-01	 1.13813848E-18	-2.29477154E-18	-3.56648693E-18	-3.20160145E-18	-3.88027130E-13	-1.52607635E-13	-5.96050494E-14	-2.64824132E-14
 1.950000E-01	 2.86066393E-18	-2.36486409E-18	-4.62212672E-18	-4.52987483E-18	-5.69009630E-13	-2.30710308E-13	-9.16056774E-14	-4.05672222E-14
 2.000000E-01	 5.59266239E-18	-2.03360866E-18	-5.74233337E-18	-6.21461328E-18	-8.24049934E-13	-3.44369944E-13	-1.39002002E-13	-6.13022399E-14
 2.050000E-01	 9.71437641E-18	-1.00230459E-18	-6.78838691E-18	-8.27018860E-18	-1.17919263E-12	-5.07786122E-13	-2.08411860E-13	-9.15109921E-14
 2.100000E-01	 1.57048268E-17	 1.13845703E-18	-7.53231126E-18	-1.06578309E-17	-1.66807391E-12	-7.40001030E-13	-3.08960330E-13	-1.35113743E-13
 2.150000E-01	 2.41477738E-17	 4.91495278E-18	-7.63515756E-18	-1.32550119E-17	-2.33361270E-12	-1.06622881E-12	-4.53082656E-13	-1.97515852E-13
 2.200000E-01	 3.57309350E-17	 1.09535885E-17	-6.63452766E-18	-1.58162191E-17	-3.22997208E-12	-1.51945483E-12	-6.57522280E-13	-2.86112078E-13
 2.250000E-01	 5.12262557E-17	 1.99551439E-17	-3.94156194E-18	-1.79408967E-17	-4.42477951E-12	-2.14232422E-12	-9.44555367E-13	-4.10931816E-13
 2.300000E-01	 7.14853876E-17	 3.27352102E-17	 1.16502988E-18	-1.90815832E-17	-6.00161542E-12	-2.98933900E-12	-1.34346416E-12	-5.85448067E-13
 2.350000E-01	 9.74778070E-17	 5.02769326E-17	 9.54363654E-18	-1.85508006E-17	-8.06280741E-12	-4.12939581E-12	-1.89228213E-12	-8.27571089E-13
 2.400000E-01	 1.30316653E-16	 7.36922878E-17	 2.21733097E-17	-1.54907054E-17	-1.07325401E-11	-5.64868252E-12	-2.63983159E-12	-1.16084533E-12
 2.450000E-01	 1.71254974E-16	 1.04186350E-16	 4.01313449E-17	-8.87506518E-18	-1.41602225E-11	-7.65391366E-12	-3.64805913E-12	-1.61586029E-12
 2.500000E-01	 2.21719232E-16	 1.43222781E-16	 6.46377232E-17	 2.39742433E-18	-1.85242121E-11	-1.02759459E-11	-4.99467132E-12	-2.23187656E-12
 2.550000E-01	 2.83440922E-16	 1.92560637E-16	 9.70093250E-17	 1.94628076E-17	-2.40358893E-11	-1.36737794E-11	-6.77607892E-12	-3.05866556E-12
 2.600000E-01	 3.58460221E-16	 2.52853372E-16	 1.37879411E-16	 4.37502374E-17	-3.09440440E-11	-1.80389205E-11	-9.11063339E-12	-4.15854793E-12
 2.650000E-01	 4.48462794E-16	 3.22352811E-16	 1.86464291E-16	 7.68051690E-17	-3.95398672E-11	-2.36002446E-11	-1.21421886E-11	-5.60862576E-12
 2.700000E-01	 5.54481496E-16	 4.01080181E-16	 2.42624221E-16	 1.18809786E-16	-5.01625627E-11	-3.06294062E-11	-1.60440439E-11	-7.50322382E-12
 2.750000E-01	 6.78868069E-16	 4.95773824E-16	 3.09432375E-16	 1.68270794E-16	-6.32054200E-11	-3.94466758E-11	-2.10232169E-11	-9.95651702E-12
 2.800000E-01	 8.26772045E-16	 6.13098542E-16	 3.89714486E-16	 2.24756039E-16	-7.91227069E-11	-5.04273629E-11	-2.73250938E-11	-1.31053507E-11
 2.850000E-01	 1.00343765E-15	 7.50579843E-16	 4.81317476E-16	 2.89858008E-16	-9.84371746E-11	-6.40087311E-11	-3.52384147E-11	-1.71122150E-11
 2.900000E-01	 1.21177390E-15	 9.05677400E-16	 5.82353645E-16	 3.63931234E-16	-1.21748214E-10	-8.06974147E-11	-4.51005748E-11	-2.21683667E-11
 2.950000E-01	 1.45535122E-15	 1.08894740E-15	 6.98879117E-16	 4.45335635E-16	-1.49740996E-10	-1.01077688E-10	-5.73035434E-11	-2.84973078E-11
 3.000000E-01	 1.74161778E-15	 1.31537322E-15	 8.39757895E-16	 5.34420077E-16	-1.83195537E-10	-1.25819564E-10	-7.22996543E-11	-3.63582750E-11
 3.050000E-01	 2.07964406E-15	 1.59035548E-15	 1.00828184E-15	 6.34997195E-16	-2.22999106E-10	-1.55688634E-10	-9.06080903E-11	-4.60501397E-11
 3.100000E-01	 2.47705526E-15	 1.91700162E-15	 1.20739136E-15	 7.51848178E-16	-2.70161715E-10	-1.91558073E-10	-1.12822413E-10	-5.79159023E-11
 3.150000E-01	 2.94127597E-15	 2.30861521E-15	 1.44831857E-15	 8.90338561E-16	-3.25831492E-10	-2.34420755E-10	-1.39617835E-10	-7.23471070E-11
 3.200000E-01	 3.48206068E-15	 2.78226225E-15	 1.74593232E-15	 1.05833372E-15	-3.91316017E-10	-2.85405439E-10	-1.71760218E-10	-8.97891599E-11
 3.250000E-01	 4.11077634E-15	 3.34733460E-15	 2.11037378E-15	 1.26581794E-15	-4.68103261E-10	-3.45792396E-10	-2.10113931E-10	-1.10745792E-10
 3.300000E-01	 4.83831446E-15	 4.00861292E-15	 2.54928286E-15	 1.52265111E-15	-5.57884223E-10	-4.17030457E-10	-2.55650112E-10	-1.35783213E-10
 3.350000E-01	 5.67510202E-15	 4.77326815E-15	 3.07234791E-15	 1.83733831E-15	-6.62579812E-10	-5.00758139E-10	-3.09458041E-10	-1.65535328E-10
 3.400000E-01	 6.63272910E-15	 5.64770455E-15	 3.68699322E-15	 2.21615644E-15	-7.84365280E-10	-5.98823291E-10	-3.72757146E-10	-2.00708570E-10
 3.450000E-01	 7.72400472E-15	 6.63319254E-15	 4.39358787E-15	 2.66187837E-15	-9.25697901E-10	-7.13304430E-10	-4.46911960E-10	-2.42087471E-10
 3.500000E-01	 8.95986314E-15	 7.73807321E-15	 5.19636103E-15	 3.17529464E-15	-1.08934257E-09	-8.46530854E-10	-5.33448822E-10	-2.90540508E-10
 3.550000E-01	 1.03513769E-14	 8.98923177E-15	 6.11177053E-15	 3.75887975E-15	-1.27840293E-09	-1.00110912E-09	-6.34078609E-10	-3.47029779E-10
 3.600000E-01	 1.19219977E-14	 1.03974593E-14	 7.13316001E-15	 4.41206108E-15	-1.49635569E-09	-1.17995017E-09	-7.50717423E-10	-4.12621793E-10
 3.650000E-01	 1.37089403E-14	 1.19191220E-14	 8.19869023E-15	 5.12053758E-15	-1.74709956E-09	-1.38630338E-09	-8.85503458E-10	-4.88499670E-10
 3.700000E-01	 1.57421555E-14	 1.35179261E-14	 9.25796571E-15	 5.86557038E-15	-2.03502590E-09	-1.62380454E-09	-1.04081135E-09	-5.75977316E-10
 3.750000E-01	 1.80369557E-14	 1.52482488E-14	 1.03548313E-14	 6.65066676E-15	-2.36508609E-09	-1.89652079E-09	-1.21925625E-09	-6.76508444E-10
 3.800000E-01	 2.06071959E-14	 1.72201576E-14	 1.15973549E-14	 7.50916601E-15	-2.74285458E-09	-2.20899478E-09	-1.42370127E-09	-7.91692667E-10
 3.850000E-01	 2.34725304E-14	 1.95254826E-14	 1.30843361E-14	 8.48752805E-15	-3.17459796E-09	-2.56630145E-09	-1.65729383E-09	-9.23287498E-10
 3.900000E-01	 2.66761870E-14	 2.21743548E-14	 1.48253040E-14	 9.61328202E-15	-3.66734969E-09	-2.97411572E-09	-1.92353003E-09	-1.07322659E-09
 3.950000E-01	 3.02897895E-14	 2.50590203E-14	 1.66985886E-14	 1.08695075E-14	-4.22897872E-09	-3.43876300E-09	-2.22629484E-09	-1.24362666E-09
 4.000000E-01	 3.43610985E-14	 2.81226936E-14	 1.86384741E-14	 1.22377591E-14	-4.86828952E-09	-3.96729021E-09	-2.56987411E-09	-1.43679339E-09
 4.050000E-01	 3.88936552E-14	 3.15579479E-14	 2.08365975E-14	 1.37738313E-14	-5.59514890E-09	-4.56755583E-09	-2.95897913E-09	-1.65523158E-09
 4.100000E-01	 4.39045085E-14	 3.56556027E-14	 2.35829564E-14	 1.55988767E-14	-6.42068167E-09	-5.24832824E-09	-3.39876994E-09	-1.90164766E-09
 4.150000E-01	 4.94589583E-14	 4.05450856E-14	 2.70046425E-14	 1.78236399E-14	-7.35740873E-09	-6.01934088E-09	-3.89484617E-09	-2.17893091E-09
 4.200000E-01	 5.56846213E-14	 4.60676813E-14	 3.09244297E-14	 2.04676993E-14	-8.41932926E-09	-6.89132008E-09	-4.45322260E-09	-2.49012520E-09
 4.250000E-01	 6.27523136E-14	 5.17812674E-14	 3.48665592E-14	 2.34192259E-14	-9.62214653E-09	-7.87614833E-09	-5.08039060E-09	-2.83844632E-09
 4.300000E-01	 7.07250877E-14	 5.75185698E-14	 3.86654564E-14	 2.66045211E-14	-1.09835744E-08	-8.98707473E-09	-5.78339512E-09	-3.22730427E-09
 4.350000E-01	 7.95222671E-14	 6.39244515E-14	 4.30040266E-14	 3.02169511E-14	-1.25235556E-08	-1.02388335E-08	-6.56984719E-09	-3.66029214E-09
 4.400000E-01	 8.91982420E-14	 7.15888690E-14	 4.84595473E-14	 3.45215118E-14	-1.42645290E-08	-1.16477803E-08	-7.44792583E-09	-4.14116392E-09
 4.450000E-01	 1.00043872E-13	 8.00177969E-14	 5.44739381E-14	 3.94977337E-14	-1.62317882E-08	-1.32320758E-08	-8.42638064E-09	-4.67380257E-09
 4.500000E-01	 1.12243833E-13	 8.86507348E-14	 6.04858547E-14	 4.50488229E-14	-1.84538832E-08	-1.50118821E-08	-9.51452209E-09	-5.26217527E-09
 4.550000E-01	 1.25743618E-13	 9.81908543E-14	 6.72582258E-14	 5.14303204E-14	-2.09631023E-08	-1.70095765E-08	-1.07221854E-08	-5.91026293E-09
 4.600000E-01	 1.40621741E-13	 1.09536445E-13	 7.56790358E-14	 5.90471172E-14	-2.37960729E-08	-1.92499812E-08	-1.20596514E-08	-6.62195461E-09
 4.650000E-01	 1.57240700E-13	 1.22309400E-13	 8.52958598E-14	 6.80093771E-14	-2.69944202E-08	-2.17605918E-08	-1.35375354E-08	-7.40092132E-09
 4.700000E-01	 1.75892593E-13	 1.35900825E-13	 9.54858959E-14	 7.83153967E-14	-3.06056499E-08	-2.45719080E-08	-1.51666763E-08	-8.25047542E-09
 4.750000E-01	 1.96681978E-13	 1.50905066E-13	 1.06854318E-13	 9.02470141E-14	-3.46840508E-08	-2.77177203E-08	-1.69579532E-08	-9.17338943E-09
 4.800000E-01	 2.19920623E-13	 1.67807959E-13	 1.19790955E-13	 1.04119308E-13	-3.92915935E-08	-3.12353840E-08	-1.89220822E-08	-1.01717117E-08
 4.850000E-01	 2.46202287E-13	 1.85397884E-13	 1.32975239E-13	 1.19871869E-13	-4.44990977E-08	-3.51662585E-08	-2.10694560E-08	-1.12466022E-08
 4.900000E-01	 2.75847048E-13	 2.03032421E-13	 1.45785837E-13	 1.37505077E-13	-5.03875526E-08	-3.95562434E-08	-2.34099871E-08	-1.23981730E-08
 4.950000E-01	 3.08894997E-13	 2.23149911E-13	 1.60562353E-13	 1.57678112E-13	-5.70493264E-08	-4.44562194E-08	-2.59528485E-08	-1.36252706E-08
 5.000000E-01	 3.45992862E-13	 2.47377210E-13	 1.78555007E-13	 1.81089074E-13	-6.45894788E-08	-4.99225610E-08	-2.87061714E-08	-1.49252240E-08
 5.050000E-01	 3.88361491E-13	 2.71995852E-13	 1.95940525E-13	 2.07589551E-13	-7.31273905E-08	-5.60179841E-08	-3.16768528E-08	-1.62936133E-08
 5.100000E-01	 4.36630822E-13	 2.92860165E-13	 2.08929516E-13	 2.36754144E-13	-8.27985286E-08	-6.28124251E-08	-3.48701954E-08	-1.77238952E-08
 5.150000E-01	 4.90903192E-13	 3.11747032E-13	 2.19269488E-13	 2.68846284E-13	-9.37566178E-08	-7.03842504E-08	-3.82896331E-08	-1.92070532E-08
 5.200000E-01	 5.51908305E-13	 3.31866579E-13	 2.29594953E-13	 3.04581132E-13	-1.06176629E-07	-7.88219567E-08	-4.19364089E-08	-2.07311057E-08
 5.250000E-01	 6.20914117E-13	 3.51244831E-13	 2.37846391E-13	 3.44528374E-13	-1.20257450E-07	-8.82253735E-08	-4.58085742E-08	-2.22801464E-08
 5.300000E-01	 6.98852306E-13	 3.65183496E-13	 2.40021998E-13	 3.89172978E-13	-1.36224416E-07	-9.87064864E-08	-4.98994792E-08	-2.38330445E-08
 5.350000E-01	 7.86295104E-13	 3.71338153E-13	 2.34516035E-13	 4.39200035E-13	-1.54334437E-07	-1.10391767E-07	-5.41964899E-08	-2.53621667E-08
 5.400000E-01	 8.84003830E-13	 3.72367786E-13	 2.23759094E-13	 4.95356164E-13	-1.74881471E-07	-1.23425129E-07	-5.86800205E-08	-2.68322993E-08
 5.450000E-01	 9.93941910E-13	 3.76036364E-13	 2.13319991E-13	 5.58113475E-13	-1.98201290E-07	-1.37970380E-07	-6.33219635E-08	-2.81992171E-08
 5.500000E-01	 1.11942732E-12	 3.84346184E-13	 2.03417538E-13	 6.28786269E-13	-2.24678622E-07	-1.54214605E-07	-6.80833696E-08	-2.94075788E-08
 5.550000E-01	 1.26228584E-12	 3.83816025E-13	 1.83921622E-13	 7.11148110E-13	-2.54754441E-07	-1.72371101E-07	-7.29115651E-08	-3.03885808E-08
 5.600000E-01	 1.42232843E-12	 3.65669518E-13	 1.49973714E-13	 8.08095008E-13	-2.88936304E-07	-1.92682792E-07	-7.77357883E-08	-3.10566414E-08
 5.650000E-01	 1.60346239E-12	 3.47985012E-13	 1.13353702E-13	 9.16637775E-13	-3.27809304E-07	-2.15424181E-07	-8.24604316E-08	-3.13050678E-08
 5.700000E-01	 1.81491363E-12	 3.48608500E-13	 8.17107529E-14	 1.03387933E-12	-3.72044827E-07	-2.40902598E-07	-8.69584042E-08	-3.10022779E-08
 5.750000E-01	 2.06206457E-12	 3.51598868E-13	 4.22019443E-14	 1.16678917E-12	-4.22417140E-07	-2.69465304E-07	-9.10651254E-08	-2.99878822E-08
 5.800000E-01	 2.34476283E-12	 3.34057660E-13	-1.79821193E-14	 1.32475591E-12	-4.79820323E-07	-3.01508096E-07	-9.45729209E-08	-2.80690428E-08
 5.850000E-01	 2.66808582E-12	 3.03800023E-13	-9.45782868E-14	 1.50596882E-12	-5.45281653E-07	-3.37482308E-07	-9.72239440E-08	-2.50159961E-08
 5.900000E-01	 3.04534929E-12	 2.82307028E-13	-1.80766662E-13	 1.70245506E-12	-6.19978035E-07	-3.77902973E-07	-9.87005098E-08	-2.05558511E-08
 5.950000E-01	 3.49030473E-12	 2.74537448E-13	-2.80820716E-13	 1.91246176E-12	-7.05256837E-07	-4.23360281E-07	-9.86146053E-08	-1.43654452E-08
 6.000000E-01	 4.01214736E-12	 2.66242577E-13	-4.06634116E-13	 2.14371212E-12	-8.02661997E-07	-4.74533478E-07	-9.64939745E-08	-6.06203934E-09
 6.050000E-01	 4.61378474E-12	 2.30885467E-13	-5.70589581E-13	 2.41267738E-12	-9.13961162E-07	-5.32206264E-07	-9.17661304E-08	 4.80712627E-09
 6.100000E-01	 5.29490707E-12	 1.45900062E-13	-7.78223956E-13	 2.73596256E-12	-1.04118027E-06	-5.97288137E-07	-8.37399034E-08	 1.87776368E-08
 6.150000E-01	 6.06066940E-12	 8.67356183E-15	-1.02682810E-12	 3.11896679E-12	-1.18664253E-06	-6.70838336E-07	-7.15833414E-08	 3.64831096E-08
 6.200000E-01	 6.92255698E-12	-1.74001359E-13	-1.31261332E-12	 3.56116226E-12	-1.35300866E-06	-7.54090780E-07	-5.42986799E-08	 5.86712663E-08
 6.250000E-01	 7.89118355E-12	-4.03928869E-13	-1.63428565E-12	 4.06874537E-12	-1.54332560E-06	-8.48485407E-07	-3.06923386E-08	 8.62230787E-08
 6.300000E-01	 8.96897624E-12	-7.00860789E-13	-1.99021382E-12	 4.66470623E-12	-1.76108801E-06	-9.55711548E-07	 6.59044050E-10	 1.20176409E-07
 6.350000E-01	 1.01434516E-11	-1.10423911E-12	-2.37167777E-12	 5.39433308E-12	-2.01029225E-06	-1.07775726E-06	 4.14374443E-08	 1.61748760E-07
 6.400000E-01	 1.13973495E-11	-1.64239983E-12	-2.75716393E-12	 6.29809207E-12	-2.29549501E-06	-1.21696907E-06	 9.36117633E-08	 2.12361088E-07
 6.450000E-01	 1.27321991E-11	-2.30123005E-12	-3.12083460E-12	 7.37726043E-12	-2.62189813E-06	-1.37614525E-06	 1.59470802E-07	 2.73674076E-07
 6.500000E-01	 1.41593836E-11	-3.06098475E-12	-3.44216274E-12	 8.62656173E-12	-2.99537161E-06	-1.55863603E-06	 2.41620425E-07	 3.47615674E-07
 6.550000E-01	 1.56680379E-11	-3.94184048E-12	-3.69536109E-12	 1.00842678E-11	-3.42248962E-06	-1.76846561E-06	 3.42964198E-07	 4.36404824E-07
 6.600000E-01	 1.72354487E-11	-4.96590255E-12	-3.84318247E-12	 1.17926256E-11	-3.91061205E-06	-2.01049686E-06	 4.66710024E-07	 5.42600571E-07
 6.650000E-01	 1.88642231E-11	-6.10997171E-12	-3.85542692E-12	 1.37379087E-11	-4.46798551E-06	-2.29072166E-06	 6.16312822E-07	 6.69172864E-07
 6.700000E-01	 2.05591872E-11	-7.36278539E-12	-3.71016546E-12	 1.59156482E-11	-5.10375916E-06	-2.61649730E-06	 7.95394030E-07	 8.19551104E-07
 6.750000E-01	 2.22688021E-11	-8.79131612E-12	-3.35989354E-12	 1.84217234E-11	-5.82808299E-06	-2.99670756E-06	 1.00779132E-06	 9.97680545E-07
 6.800000E-01	 2.39198277E-11	-1.04549129E-11	-2.73560500E-12	 2.13464446E-11	-6.65205741E-06	-3.44202850E-06	 1.25743116E-06	 1.20803931E-06
 6.850000E-01	 2.55148459E-11	-1.22951974E-11	-1.80861323E-12	 2.46145779E-11	-7.58788741E-06	-3.96545285E-06	 1.54822701E-06	 1.45575608E-06
 6.900000E-01	 2.71375577E-11	-1.41806280E-11	-6.13795768E-13	 2.80282803E-11	-8.64890877E-06	-4.58269075E-06	 1.88394454E-06	 1.74663556E-06
 6.950000E-01	 2.88865437E-11	-1.60061834E-11	 7.84070123E-13	 3.14031675E-11	-9.84929857E-06	-5.31250991E-06	 2.26783448E-06	 2.08704601E-06
 7.000000E-01	 3.07671543E-11	-1.78313227E-11	 2.35507511E-12	 3.47747682E-11	-1.12041554E-05	-6.17746102E-06	 2.70240362E-06	 2.48397884E-06
 7.050000E-01	 3.25734695E-11	-1.99673420E-11	 4.19126071E-12	 3.85453917E-11	-1.27293474E-05	-7.20459666E-06	 3.18897632E-06	 2.94496664E-06
 7.100000E-01	 3.40722285E-11	-2.26387855E-11	 6.42716968E-12	 4.29996197E-11	-1.44412290E-05	-8.42604645E-06	 3.72720211E-06	 3.47784585E-06
 7.150000E-01	 3.53429297E-11	-2.56357092E-11	 9.00653086E-12	 4.77553552E-11	-1.63562746E-05	-9.87951551E-06	 4.31462746E-06	 4.09041879E-06
 7.200000E-01	 3.65565673E-11	-2.87900806E-11	 1.17438091E-11	 5.24312660E-11	-1.84905220E-05	-1.16089842E-05	 4.94598254E-06	 4.78997443E-06
 7.250000E-01	 3.74858249E-11	-3.25140513E-11	 1.46353291E-11	 5.74754594E-11	-2.08589351E-05	-1.36655629E-05	 5.61230940E-06	 5.58265061E-06
 7.300000E-01	 3.78260764E-11	-3.71197892E-11	 1.77855945E-11	 6.32238949E-11	-2.34745360E-05	-1.61083482E-05	 6.29988594E-06	 6.47252926E-06
 7.350000E-01	 3.78824940E-11	-4.20345891E-11	 2.10205239E-11	 6.87456315E-11	-2.63471275E-05	-1.90051066E-05	 6.98891162E-06	 7.46033846E-06
 7.400000E-01	 3.81568903E-11	-4.67313643E-11	 2.39416711E-11	 7.31059250E-11	-2.94816894E-05	-2.24327537E-05	 7.65207535E-06	 8.54172769E-06
 7.450000E-01	 3.84411399E-11	-5.18445342E-11	 2.63611964E-11	 7.69278251E-11	-3.28767349E-05	-2.64780014E-05	 8.25320961E-06	 9.70536108E-06
 7.500000E-01	 3.82389309E-11	-5.81070368E-11	 2.83268870E-11	 8.10048043E-11	-3.65215983E-05	-3.12371367E-05	 8.74540984E-06	 1.09300642E-05
 7.550000E-01	 3.77726722E-11	-6.49999788E-11	 2.97495836E-11	 8.45289314E-11	-4.03936754E-05	-3.68153144E-05	 9.06956792E-06	 1.21814798E-05
 7.600000E-01	 3.76384602E-11	-7.17617942E-11	 3.02749490E-11	 8.63424460E-11	-4.44553974E-05	-4.33267954E-05	 9.15251166E-06	 1.34084737E-05
 7.650000E-01	 3.79005086E-11	-7.86920993E-11	 2.95130017E-11	 8.65532952E-11	-4.86494896E-05	-5.08935672E-05	 8.90432495E-06	 1.45379102E-05
 7.700000E-01	 3.84687568E-11	-8.59494995E-11	 2.73837780E-11	 8.53161703E-11	-5.28947522E-05	-5.96419080E-05	 8.21802823E-06	 1.54691233E-05
 7.750000E-01	 3.99649412E-11	-9.21292851E-11	 2.41728166E-11	 8.14226111E-11	-5.70802774E-05	-6.96983329E-05	 6.96846394E-06	 1.60675048E-05
 7.800000E-01	 4.32067195E-11	-9.60012968E-11	 1.98851114E-11	 7.38624456E-11	-6.10600581E-05	-8.11851867E-05	 5.01274413E-06	 1.61583590E-05
 7.850000E-01	 4.81543453E-11	-9.85167830E-11	 1.38091950E-11	 6.34461439E-11	-6.46461268E-05	-9.42106263E-05	 2.19195516E-06	 1.55189927E-05
 7.900000E-01	 5.43981817E-11	-1.00797734E-10	 5.46856265E-12	 5.11898765E-11	-6.76003653E-05	-1.08861197E-04	-1.66899900E-06	 1.38702807E-05
 7.950000E-01	 6.22694327E-11	-1.01599596E-10	-4.47836971E-12	 3.65839077E-11	-6.96249636E-05	-1.25195898E-04	-6.76214225E-06	 1.08669839E-05
 8.000000E-01	 7.25574130E-11	-9.87148557E-11	-1.49853165E-11	 1.87547670E-11	-7.03520145E-05	-1.43224380E-04	-1.32912410E-05	 6.08607211E-06
 8.050000E-01	 8.56750964E-11	-9.11011532E-11	-2.54954740E-11	-2.10809265E-12	-6.93397667E-05	-1.62890254E-04	-2.14576929E-05	-9.74905750E-07
 8.100000E-01	 1.01656363E-10	-7.84159176E-11	-3.55539441E-11	-2.50643775E-11	-6.60667775E-05	-1.84049573E-04	-3.14475874E-05	-1.08984249E-05
 8.150000E-01	 1.20503046E-10	-6.01388982E-11	-4.44368565E-11	-4.90447161E-11	-5.99365952E-05	-2.06444296E-04	-4.34071022E-05	-2.43346894E-05
 8.200000E-01	 1.42446979E-10	-3.64506911E-11	-5.25884272E-11	-7.34815633E-11	-5.02759461E-05	-2.29679693E-04	-5.74289691E-05	-4.19897600E-05
 8.250000E-01	 1.67993569E-10	-8.96799568E-12	-6.26248873E-11	-9.88002081E-11	-3.63157515E-05	-2.53203375E-04	-7.35568294E-05	-6.46309614E-05
 8.300000E-01	 1.97136559E-10	 2.18417407E-11	-7.50259006E-11	-1.24446700E-10	-1.71817992E-05	-2.76266679E-04	-9.17723551E-05	-9.30799325E-05
 8.350000E-01	 2.28712066E-10	 5.89779773E-11	-8.41966195E-11	-1.46628637E-10	 8.10164459E-06	-2.97884177E-04	-1.11970242E-04	-1.28182728E-04
 8.400000E-01	 2.61711793E-10	 1.05184375E-10	-8.51085843E-11	-1.61662421E-10	 4.05838027E-05	-3.16815785E-04	-1.33925937E-04	-1.70742626E-04
 8.450000E-01	 2.96748725E-10	 1.58988515E-10	-8.05482042E-11	-1.70253389E-10	 8.13448048E-05	-3.31552337E-04	-1.57272842E-04	-2.21421671E-04
 8.500000E-01	 3.34578339E-10	 2.17503907E-10	-7.49683036E-11	-1.73709891E-10	 1.31495603E-04	-3.40326057E-04	-1.81534043E-04	-2.80683228E-04
 8.550000E-01	 3.74053442E-10	 2.79915395E-10	-6.67341783E-11	-1.68897033E-10	 1.92191855E-04	-3.41085048E-04	-2.06154270E-04	-3.48749872E-04
 8.600000E-01	 4.13883314E-10	 3.46293981E-10	-5.28794007E-11	-1.52677144E-10	 2.64653797E-04	-3.31448558E-04	-2.30514061E-04	-4.25550116E-04
 8.650000E-01	 4.55055841E-10	 4.15763020E-10	-3.53730978E-11	-1.27155618E-10	 3.50210413E-04	-3.08635857E-04	-2.53914367E-04	-5.10667147E-04
 8.700000E-01	 4.97531372E-10	 4.85912961E-10	-1.59117700E-11	-9.26990192E-11	 4.50274102E-04	-2.69424923E-04	-2.75502391E-04	-6.03164001E-04
 8.750000E-01	 5.36208957E-10	 5.52760483E-10	 1.02477100E-11	-4.12654073E-11	 5.66234177E-04	-2.10273751E-04	-2.94248826E-04	-7.01265928E-04
 8.800000E-01	 5.67750251E-10	 6.14420384E-10	 4.68288334E-11	 3.00664486E-11	 6.99387042E-04	-1.27530759E-04	-3.09015583E-04	-8.02071552E-04
 8.850000E-01	 5.99259799E-10	 6.74397255E-10	 8.77720228E-11	 1.06724111E-10	 8.50953574E-04	-1.76464208E-05	-3.18644039E-04	-9.01356798E-04
 8.900000E-01	 6.36694327E-10	 7.32491388E-10	 1.26286763E-10	 1.78199786E-10	 1.02209807E-03	 1.22642307E-04	-3.21927442E-04	-9.93367582E-04
 8.950000E-01	 6.68231066E-10	 7.75336723E-10	 1.66828724E-10	 2.58406507E-10	 1.21388360E-03	 2.96031646E-04	-3.17467579E-04	-1.07049008E-03
 9.000000E-01	 6.77705372E-10	 7.90874482E-10	 2.17579463E-10	 3.59067753E-10	 1.42713733E-03	 5.04247725E-04	-3.03355048E-04	-1.12281755E-03
 9.050000E-01	 6.67852011E-10	 7.86203902E-10	 2.78031647E-10	 4.62478542E-10	 1.66243108E-03	 7.47334577E-04	-2.77212206E-04	-1.13805968E-03
 9.100000E-01	 6.51910981E-10	 7.76745530E-10	 3.42709876E-10	 5.42316228E-10	 1.91950696E-03	 1.02217647E-03	-2.35853254E-04	-1.10148568E-03
 9.150000E-01	 6.33668458E-10	 7.68294790E-10	 4.09248496E-10	 5.89544486E-10	 2.19906400E-03	 1.32202719E-03	-1.77750621E-04	-9.98571836E-04
 9.200000E-01	 6.05775428E-10	 7.56580134E-10	 4.74389980E-10	 6.02866334E-10	 2.49677835E-03	 1.63485701E-03	-9.31942373E-05	-8.11015566E-04
 9.250000E-01	 5.56390633E-10	 7.31955775E-10	 5.25819440E-10	 5.77379458E-10	 2.81423052E-03	 1.94520776E-03	 1.88875830E-05	-5.29155773E-04
 9.300000E-01	 4.75909539E-10	 6.97888090E-10	 5.58175259E-10	 5.09421279E-10	 3.13739062E-03	 2.22783539E-03	 1.84092949E-04	-1.35924127E-04
 9.350000E-01	 3.74060451E-10	 6.86038865E-10	 5.74515859E-10	 4.01808203E-10	 3.43976241E-03	 2.45973759E-03	 4.47477958E-04	 3.65555882E-04
 9.400000E-01	 2.67534938E-10	 7.21604071E-10	 5.72166831E-10	 2.77463252E-10	 3.72103158E-03	 2.60672913E-03	 8.04705594E-04	 9.46879218E-04
 9.450000E-01	 1.62089778E-10	 8.08634992E-10	 5.20391117E-10	 1.55190616E-10	 3.99013992E-03	 2.60308218E-03	 1.23144334E-03	 1.59643027E-03
 9.500000E-01	 1.49972836E-11	 9.29497710E-10	 4.76126044E-10	 6.23442130E-11	 4.19351968E-03	 2.49825078E-03	 1.78677485E-03	 2.11625652E-03
 9.550000E-01	-1.20413269E-11	 9.95245504E-10	 2.97155726E-10	 6.89682349E-11	 4.18149358E-03	 2.17437210E-03	 2.53352935E-03	 2.58262379E-03
 9.600000E-01	-3.64045821E-11	 1.17572042E-09	 8.38331675E-12	 2.57200197E-10	 4.10122394E-03	 1.62622443E-03	 3.45482449E-03	 2.75451766E-03
 9.650000E-01	 1.20129637E-10	 8.72342885E-10	-9.71704933E-11	 1.09671929E-10	 3.54745381E-03	 1.80391408E-03	 3.84161607E-03	 3.15367281E-03
 9.700000E-01	 2.83283616E-10	 5.01363281E-10	-1.55385911E-10	-5.65381237E-11	 3.24381987E-03	 2.18152428E-03	 4.30699547E-03	 3.65177464E-03
 9.750000E-01	 5.12489418E-10	 3.11911904E-10	 7.19541247E-11	-1.01665414E-10	 6.12117341E-03	 1.45073547E-03	 6.19135388E-04	 2.81901548E-03
 9.800000E-01	 5.42478305E-10	-1.23604074E-10	 2.00180278E-10	-5.02540140E-10	 7.10369673E-02	 3.07482872E-03	-6.85239402E-02	 8.88768532E-04
 9.850000E-01	 4.48861930E-11	-6.30514456E-10	 4.50284389E-10	-4.24445887E-10	 1.48858303E-02	-2.92904584E-03	 1.89765828E-02	-1.39221194E-02
 9.900000E-01	 3.81978011E-10	-1.22570459E-10	 3.19142211E-10	-6.73597590E-10	-1.86796154E-02	-5.39433034E-03	 8.54065336E-04	-1.11319603E-03
 9.950000E-01	-1.53867553E-11	-1.02429247E-10	-1.09540247E-10	-3.82637056E-10	-1.44823316E-02	 7.18976497E-03	-1.39545865E-02	 7.87388004E-03
 1.000000E+00	 0.00000000E+00	 0.00000000E+00	 0.00000000E+00	 0.00000000E+00	 0.00000000E+00	 0.00000000E+00	 0.00000000E+00	 0.00000000E+00
