r	R 17/17	R 18/17	R 19/17	R 20/17	I 17/17	I 18/17	I 19/17	I 20/17
 0.000000E+00	 0.00000000E+00	 0.00000000E+00	 0.00000000E+00	 0.00000000E+00	 0.00000000E+00	 0.00000000E+00	 0.00000000E+00	 0.00000000E+00
 5.000000E-03	 1.53127078E-29	 3.43505493E-33	-7.35382024E-30	-6.89304679E-31	-8.69417202E-28	 3.32748797E-28	 5.05045215E-28	-1.39358150E-28
 1.000000E-02	 1.56112459E-28	-4.37705019E-30	-9.38156910E-29	-2.15574323E-30	-1.74702280E-26	-8.01015555E-27	 8.96360118E-27	 5.51634986E-27
 1.500000E-02	 1.22295838E-27	-2.20357725E-28	-1.31960814E-27	 2.08884492E-28	-1.96160949E-28	-2.58369343E-25	-4.87936206E-26	 1.89559123E-25
 2.000000E-02	 1.20917887E-26	-4.89055330E-27	-1.43333004E-26	 3.02330750E-27	 3.97344720E-24	-3.05608401E-24	-3.09225260E-24	 2.54652282E-24
 2.500000E-02	 1.20308889E-25	-5.66168802E-26	-1.03470603E-25	 1.29605864E-26	 6.61382689E-23	-1.96062740E-23	-4.52418848E-23	 2.01654871E-23
 3.000000E-02	 8.52463376E-25	-3.52912244E-25	-3.51927576E-25	-1.03541852E-26	 6.19916843E-22	-6.27703930E-23	-3.99120937E-22	 1.06470147E-22
 3.500000E-02	 4.03421931E-24	-1.28079311E-24	-1.13825584E-25	-1.79561590E-25	 4.05868670E-21	 8.20425583E-23	-2.54794408E-21	 3.83156888E-22
 4.000000E-02	 1.45055405E-23	-3.41138160E-24	 2.37471896E-24	-3.24267892E-25	 2.01118727E-20	 2.31722677E-21	-1.28211989E-20	 8.10501430E-22
 4.500000E-02	 4.57064945E-23	-9.40533749E-24	 1.17903539E-23	 3.45008226E-25	 7.78977061E-20	 1.61721472E-20	-5.35991591E-20	-3.92407956E-22
 5.000000E-02	 1.21085620E-22	-2.41266570E-23	 5.58944747E-23	 5.59680994E-24	 2.33815366E-19	 7.66728654E-20	-1.93113899E-19	-1.30386178E-20
 5.500000E-02	 1.56769921E-22	-4.27333038E-23	 3.22656509E-22	 6.53049317E-23	 4.91591449E-19	 2.84897724E-19	-6.16384880E-19	-7.43647125E-20
 6.000000E-02	-7.86809821E-22	 5.88519454E-23	 1.47983755E-21	 3.92098769E-22	 2.97797644E-19	 8.70062727E-19	-1.78175510E-18	-3.00062753E-19
 6.500000E-02	-6.11978693E-21	 9.54455749E-22	 3.74434558E-21	 1.12238249E-21	-3.42074305E-18	 2.20047067E-18	-4.75322824E-18	-1.00479543E-18
 7.000000E-02	-2.20807481E-20	 3.76370432E-21	 4.51678123E-21	 1.43898036E-21	-2.23808360E-17	 4.42049574E-18	-1.19012370E-17	-2.96518601E-18
 7.500000E-02	-5.56044833E-20	 9.30272366E-21	-3.52249749E-21	-1.92696970E-21	-9.35912932E-17	 5.76916313E-18	-2.83847046E-17	-7.97629415E-18
 8.000000E-02	-1.07165153E-19	 1.82179671E-20	-3.70758693E-20	-1.73774301E-20	-3.20010708E-16	-2.71465584E-18	-6.53007234E-17	-2.00105052E-17
 8.500000E-02	-1.60272316E-19	 2.46427697E-20	-1.12529882E-19	-5.39718173E-20	-9.62293727E-16	-5.12450622E-17	-1.46304989E-16	-4.75742712E-17
 9.000000E-02	-1.96063076E-19	 1.14797290E-20	-2.34608185E-19	-1.12977067E-19	-2.63062003E-15	-2.23931567E-16	-3.21237959E-16	-1.08485011E-16
 9.500000E-02	-2.85907373E-19	-9.19435837E-20	-3.33890245E-19	-1.34898895E-19	-6.66740082E-15	-7.29635126E-16	-6.93452686E-16	-2.39278046E-16
 1.000000E-01	-8.41055019E-19	-4.08092869E-19	-3.00282502E-19	-3.92307533E-20	-1.58701368E-14	-2.04469615E-15	-1.47276275E-15	-5.13539980E-16
 1.050000E-01	-2.33585353E-18	-7.72403429E-19	-5.93145866E-19	-2.09364957E-19	-3.58665728E-14	-5.20778390E-15	-3.08084277E-15	-1.07815998E-15
 1.100000E-01	-4.15593791E-18	-9.00507039E-19	-1.99507593E-18	-1.23329559E-18	-7.75172022E-14	-1.23813377E-14	-6.35484291E-15	-2.22669231E-15
 1.150000E-01	-5.47474659E-18	-1.41355120E-18	-4.08102559E-18	-2.59300750E-18	-1.61215509E-13	-2.79306835E-14	-1.29463283E-14	-4.54935498E-15
 1.200000E-01	-7.67404846E-18	-3.62105855E-18	-5.86793330E-18	-3.19691001E-18	-3.23608410E-13	-6.01474354E-14	-2.59584829E-14	-9.19310716E-15
 1.250000E-01	-1.48206872E-17	-9.63525648E-18	-6.58850387E-18	-1.69476185E-18	-6.26946031E-13	-1.23580642E-13	-5.08141540E-14	-1.82418348E-14
 1.300000E-01	-3.52351399E-17	-2.24699602E-17	-6.09480847E-18	 2.72132481E-18	-1.17604278E-12	-2.43716076E-13	-9.71393095E-14	-3.55237583E-14
 1.350000E-01	-7.60204988E-17	-3.99353116E-17	-9.38955834E-18	 4.33921392E-18	-2.14200752E-12	-4.63501002E-13	-1.81255801E-13	-6.77688788E-14
 1.400000E-01	-1.31259865E-16	-5.65489671E-17	-2.26194121E-17	-3.66622600E-18	-3.79789469E-12	-8.53566193E-13	-3.30218536E-13	-1.26523847E-13
 1.450000E-01	-1.84928691E-16	-6.94506355E-17	-4.98122971E-17	-2.50595401E-17	-6.56713967E-12	-1.52590892E-12	-5.87290542E-13	-2.30862558E-13
 1.500000E-01	-2.15909058E-16	-8.68393845E-17	-9.41717109E-17	-5.40933475E-17	-1.10799022E-11	-2.64805148E-12	-1.01727452E-12	-4.10187985E-13
 1.550000E-01	-2.86471401E-16	-2.13867257E-16	-1.26665700E-16	-8.57289589E-18	-1.83046240E-11	-4.48592775E-12	-1.72323149E-12	-7.12217362E-13
 1.600000E-01	-6.35970517E-16	-5.77457771E-16	-1.29639301E-16	 1.60801626E-16	-2.96574295E-11	-7.43212933E-12	-2.85488857E-12	-1.20720672E-12
 1.650000E-01	-1.25083924E-15	-9.11618828E-16	-2.29542576E-16	 1.59210235E-16	-4.71740209E-11	-1.20568438E-11	-4.62704834E-12	-1.99662711E-12
 1.700000E-01	-1.48098495E-15	-8.23088783E-16	-5.68431323E-16	-2.87843994E-16	-7.37230018E-11	-1.91739159E-11	-7.34304779E-12	-3.22396358E-12
 1.750000E-01	-1.08157253E-15	-7.98891906E-16	-1.02649129E-15	-6.98694866E-16	-1.13235979E-10	-2.98899271E-11	-1.13991663E-11	-5.07374712E-12
 1.800000E-01	-9.52158678E-16	-1.66226100E-15	-1.41607543E-15	-5.18231044E-16	-1.71546091E-10	-4.59403847E-11	-1.74223794E-11	-7.83374645E-12
 1.850000E-01	-1.59034576E-15	-3.11805274E-15	-1.82325013E-15	-1.35424646E-16	-2.56600795E-10	-6.97467363E-11	-2.62892876E-11	-1.18986185E-11
 1.900000E-01	-2.32649867E-15	-4.39165997E-15	-2.40898628E-15	-1.15191282E-16	-3.78658670E-10	-1.04413833E-10	-3.90872093E-11	-1.77375640E-11
 1.950000E-01	-2.35018010E-15	-5.04348247E-15	-3.14944892E-15	-6.03803738E-16	-5.51538100E-10	-1.54240022E-10	-5.73096162E-11	-2.59707777E-11
 2.000000E-01	-7.12853586E-16	-4.68416951E-15	-3.94812860E-15	-1.62236912E-15	-7.93416413E-10	-2.25013287E-10	-8.29635663E-11	-3.73979495E-11
 2.050000E-01	 3.59350375E-15	-3.31074601E-15	-4.80993024E-15	-3.01576205E-15	-1.12753951E-09	-3.24211293E-10	-1.18609424E-10	-5.29846025E-11
 2.100000E-01	 1.13122035E-14	-1.10399361E-15	-5.77193811E-15	-4.58897122E-15	-1.58267756E-09	-4.61061458E-10	-1.67306660E-10	-7.37876778E-11
 2.150000E-01	 2.25985289E-14	 1.04301475E-15	-6.96601527E-15	-5.71198097E-15	-2.19573595E-09	-6.47861648E-10	-2.33181105E-10	-1.01179215E-10
 2.200000E-01	 3.65254483E-14	 2.01214139E-15	-8.54026783E-15	-5.84999451E-15	-3.01200004E-09	-9.00007410E-10	-3.21475138E-10	-1.36848845E-10
 2.250000E-01	 5.38469501E-14	 3.76737975E-15	-9.97992811E-15	-6.04693406E-15	-4.08696160E-09	-1.23682429E-09	-4.38869257E-10	-1.82909871E-10
 2.300000E-01	 7.77456329E-14	 9.41175445E-15	-1.03804652E-14	-7.21962960E-15	-5.48915403E-09	-1.68323686E-09	-5.94318943E-10	-2.42279679E-10
 2.350000E-01	 1.09412463E-13	 1.81397303E-14	-9.62454593E-15	-8.12598004E-15	-7.30106066E-09	-2.27019499E-09	-7.99313317E-10	-3.18809042E-10
 2.400000E-01	 1.48038917E-13	 2.85200794E-14	-7.60970221E-15	-7.73532446E-15	-9.61660848E-09	-3.03264074E-09	-1.06670580E-09	-4.16692374E-10
 2.450000E-01	 1.97839737E-13	 4.74141321E-14	-1.36011716E-15	-8.45066231E-15	-1.25469076E-08	-4.01292279E-09	-1.41239951E-09	-5.41294285E-10
 2.500000E-01	 2.64407565E-13	 7.57860507E-14	 8.00418020E-15	-1.04916752E-14	-1.62197117E-08	-5.26030612E-09	-1.85508891E-09	-6.99079931E-10
 2.550000E-01	 3.10999151E-13	 4.65555030E-14	-1.20628616E-14	 3.73170883E-15	-2.07750299E-08	-6.82718411E-09	-2.41368805E-09	-8.96211533E-10
 2.600000E-01	 2.58588077E-13	-1.15135527E-13	-9.28242961E-14	 4.39742027E-14	-2.63786489E-08	-8.77852063E-09	-3.11284063E-09	-1.14155405E-09
 2.650000E-01	 1.67781337E-13	-2.30799182E-13	-1.39276925E-13	 5.91109481E-14	-3.32216439E-08	-1.11920899E-08	-3.98357410E-09	-1.44748569E-09
 2.700000E-01	 2.59783738E-13	-4.28473608E-14	-3.04739532E-14	 1.07345591E-14	-4.15085459E-08	-1.41472876E-08	-5.05473655E-09	-1.82484038E-09
 2.750000E-01	 4.80225223E-13	 1.58194992E-13	 5.90105109E-14	-2.82451009E-14	-5.14797902E-08	-1.77411842E-08	-6.36220272E-09	-2.28767984E-09
 2.800000E-01	 4.64238650E-13	-1.16724281E-13	-1.25949560E-13	-3.43640862E-15	-6.33947456E-08	-2.20748419E-08	-7.93798139E-09	-2.84553189E-09
 2.850000E-01	 2.54101986E-13	-5.04097836E-13	-3.40438009E-13	 1.01221979E-14	-7.75151693E-08	-2.72409720E-08	-9.80230168E-09	-3.49841044E-09
 2.900000E-01	 3.33340190E-13	-3.05263707E-13	-1.82094613E-13	-3.15896170E-14	-9.41240075E-08	-3.33486958E-08	-1.19891084E-08	-4.25588997E-09
 2.950000E-01	 7.21338212E-13	 1.55155188E-13	 1.03134271E-13	-6.97859709E-14	-1.13435870E-07	-4.04339301E-08	-1.44745391E-08	-5.08718662E-09
 3.000000E-01	 9.61289254E-13	 1.50709105E-13	 6.04790724E-14	-8.77478918E-14	-1.35782169E-07	-4.86184598E-08	-1.72990813E-08	-5.99856099E-09
 3.050000E-01	 1.05007610E-12	-2.22046746E-14	-7.85652067E-14	-1.10544078E-13	-1.61657268E-07	-5.81607264E-08	-2.06080565E-08	-7.05776995E-09
 3.100000E-01	 1.41871816E-12	 3.24846405E-13	 1.30870178E-13	-1.06991542E-13	-1.91487728E-07	-6.92480310E-08	-2.44958531E-08	-8.29000279E-09
 3.150000E-01	 2.09452083E-12	 9.52703381E-13	 4.72602178E-13	-6.45313607E-14	-2.25874155E-07	-8.22257525E-08	-2.92043950E-08	-9.82146822E-09
 3.200000E-01	 2.71916942E-12	 1.24519989E-12	 5.06484729E-13	-4.51137435E-14	-2.65218766E-07	-9.72105824E-08	-3.47861683E-08	-1.16398831E-08
 3.250000E-01	 3.22600184E-12	 1.27529308E-12	 3.11622685E-13	-6.84499620E-14	-3.09999990E-07	-1.14334816E-07	-4.12824011E-08	-1.37228946E-08
 3.300000E-01	 3.78519197E-12	 1.34815576E-12	 1.27819358E-13	-1.02751038E-13	-3.60990164E-07	-1.33952112E-07	-4.88815809E-08	-1.61744613E-08
 3.350000E-01	 4.30347341E-12	 1.22467837E-12	-2.03647070E-13	-1.87290165E-13	-4.18813306E-07	-1.56161097E-07	-5.74848677E-08	-1.89346714E-08
 3.400000E-01	 4.50967729E-12	 5.52042881E-13	-8.80705029E-13	-3.85015467E-13	-4.84344655E-07	-1.81139494E-07	-6.69214157E-08	-2.19303884E-08
 3.450000E-01	 4.56258348E-12	-1.15206544E-13	-1.34902986E-12	-5.50503870E-13	-5.58406997E-07	-2.08894707E-07	-7.67460998E-08	-2.49215544E-08
 3.500000E-01	 4.85515848E-12	-1.28085399E-13	-1.05006194E-12	-5.02352717E-13	-6.42208994E-07	-2.39849086E-07	-8.68440252E-08	-2.79182825E-08
 3.550000E-01	 4.57194478E-12	-1.25432021E-12	-1.59373423E-12	-8.06159622E-13	-7.36791208E-07	-2.74314929E-07	-9.71019410E-08	-3.08511911E-08
 3.600000E-01	 2.28502522E-12	-5.62173460E-12	-4.91424335E-12	-2.28878502E-12	-8.43191972E-07	-3.12761190E-07	-1.07836103E-07	-3.37976860E-08
 3.650000E-01	-7.52661990E-13	-9.90398011E-12	-8.11100336E-12	-3.99533603E-12	-9.62727306E-07	-3.56175085E-07	-1.20213097E-07	-3.72497531E-08
 3.700000E-01	-1.40917347E-12	-8.91942257E-12	-6.80363387E-12	-4.04091570E-12	-1.09563582E-06	-4.04539662E-07	-1.34799239E-07	-4.11546862E-08
 3.750000E-01	 7.87580265E-13	-3.78891000E-12	-2.28454021E-12	-2.53703736E-12	-1.24180828E-06	-4.57193426E-07	-1.51394446E-07	-4.50785748E-08
 3.800000E-01	 3.99467284E-12	 1.15847260E-12	 1.67732263E-12	-8.70950109E-13	-1.40329176E-06	-5.14881394E-07	-1.70081057E-07	-4.92289470E-08
 3.850000E-01	 5.58422815E-12	 1.42603693E-12	 1.37663719E-12	-7.83956534E-13	-1.58489256E-06	-5.80295264E-07	-1.91525369E-07	-5.45656906E-08
 3.900000E-01	 2.97367191E-12	-5.85751199E-12	-5.42947441E-12	-3.64488652E-12	-1.78955750E-06	-6.54304745E-07	-2.15074985E-07	-6.08285779E-08
 3.950000E-01	-1.78365740E-13	-1.14491431E-11	-1.00626957E-11	-5.96063997E-12	-2.01826095E-06	-7.36906165E-07	-2.40961298E-07	-6.77635715E-08
 4.000000E-01	 3.42217187E-12	-3.13812953E-12	-1.57754367E-12	-2.48601806E-12	-2.27296059E-06	-8.29053283E-07	-2.70173314E-07	-7.58501232E-08
 4.050000E-01	 1.23426700E-11	 1.23989719E-11	 1.31523135E-11	 4.39458509E-12	-2.55759295E-06	-9.33182205E-07	-3.04357968E-07	-8.63043772E-08
 4.100000E-01	 1.90798137E-11	 2.04820358E-11	 2.03692767E-11	 8.43463149E-12	-2.87221051E-06	-1.04706721E-06	-3.40838721E-07	-9.69086319E-08
 4.150000E-01	 1.79439114E-11	 1.23241258E-11	 1.21240287E-11	 5.51852579E-12	-3.21440747E-06	-1.16558359E-06	-3.74330663E-07	-1.03509419E-07
 4.200000E-01	 6.05993044E-12	-1.36953569E-11	-1.23634637E-11	-5.42793653E-12	-3.59075586E-06	-1.29324600E-06	-4.08268550E-07	-1.08624706E-07
 4.250000E-01	-3.24576123E-12	-2.74882225E-11	-2.36822802E-11	-1.14798088E-11	-4.01009429E-06	-1.43677820E-06	-4.47914467E-07	-1.16116821E-07
 4.300000E-01	 1.05123438E-11	 4.13215690E-12	 8.28908355E-12	 2.60179266E-12	-4.47382226E-06	-1.59477174E-06	-4.91473848E-07	-1.24658230E-07
 4.350000E-01	 3.07107976E-11	 3.80091040E-11	 4.03440254E-11	 1.87784029E-11	-4.98559863E-06	-1.76748056E-06	-5.38206389E-07	-1.33542025E-07
 4.400000E-01	 2.30343350E-11	 1.46555079E-11	 1.75826147E-11	 1.02843467E-11	-5.55215649E-06	-1.95772025E-06	-5.89228884E-07	-1.43245771E-07
 4.450000E-01	 5.84560844E-12	-1.65619593E-11	-1.00927675E-11	-2.28589538E-12	-6.17704245E-06	-2.16530721E-06	-6.43655460E-07	-1.53108080E-07
 4.500000E-01	 2.20553221E-11	 1.94933148E-11	 2.69118799E-11	 1.46884436E-11	-6.86251784E-06	-2.38901321E-06	-7.00106810E-07	-1.62388182E-07
 4.550000E-01	 5.31907404E-11	 7.21116173E-11	 7.71045254E-11	 4.02438135E-11	-7.61483138E-06	-2.63081190E-06	-7.59256988E-07	-1.71552681E-07
 4.600000E-01	 5.29324954E-11	 5.99087458E-11	 6.50966885E-11	 3.82863286E-11	-8.44062721E-06	-2.89216865E-06	-8.21077712E-07	-1.80459943E-07
 4.650000E-01	 3.93771904E-11	 3.18245081E-11	 4.04015774E-11	 2.85234840E-11	-9.35026565E-06	-3.17780621E-06	-8.88298343E-07	-1.91048508E-07
 4.700000E-01	 5.73961476E-11	 6.57008125E-11	 7.45454792E-11	 4.46106889E-11	-1.03485382E-05	-3.48593491E-06	-9.58013489E-07	-2.01194586E-07
 4.750000E-01	 7.99969631E-11	 9.87802357E-11	 1.06081314E-10	 6.20846376E-11	-1.14374668E-05	-3.81120460E-06	-1.02462327E-06	-2.07121856E-07
 4.800000E-01	 5.45210472E-11	 4.55583606E-11	 5.88174363E-11	 4.57521006E-11	-1.26296409E-05	-4.15804793E-06	-1.09078813E-06	-2.11219184E-07
 4.850000E-01	 3.26238583E-11	 1.61173266E-11	 3.78596878E-11	 3.71009904E-11	-1.39464552E-05	-4.53749222E-06	-1.16362777E-06	-2.18772191E-07
 4.900000E-01	 1.00384175E-10	 1.44658038E-10	 1.60030170E-10	 8.87912292E-11	-1.53991868E-05	-4.94794144E-06	-1.23932302E-06	-2.27231049E-07
 4.950000E-01	 1.68761750E-10	 2.46221632E-10	 2.51625438E-10	 1.35158569E-10	-1.69914913E-05	-5.37940133E-06	-1.30808992E-06	-2.30444721E-07
 5.000000E-01	 8.56330274E-11	 8.61147560E-11	 1.11664829E-10	 8.97953520E-11	-1.87394804E-05	-5.83356811E-06	-1.37020353E-06	-2.29633780E-07
 5.050000E-01	-4.57782331E-11	-1.09824300E-10	-4.67957157E-11	 2.80539108E-11	-2.06614577E-05	-6.31066847E-06	-1.42238246E-06	-2.22341133E-07
 5.100000E-01	-2.34363786E-11	-2.28235757E-11	 4.88760821E-11	 6.09477842E-11	-2.27928835E-05	-6.82706638E-06	-1.47671721E-06	-2.19028237E-07
 5.150000E-01	 6.71082362E-11	 1.52297480E-10	 2.15914569E-10	 1.30752315E-10	-2.51865104E-05	-7.41441833E-06	-1.55753537E-06	-2.38990443E-07
 5.200000E-01	 2.48994518E-11	 9.88429999E-11	 1.88290995E-10	 1.38005312E-10	-2.78449664E-05	-8.05078716E-06	-1.64226937E-06	-2.65932437E-07
 5.250000E-01	-1.15460060E-10	-8.01852384E-11	 6.86325943E-11	 1.13415477E-10	-3.07292321E-05	-8.67442982E-06	-1.67971018E-06	-2.65020112E-07
 5.300000E-01	-2.09664577E-10	-1.47195144E-10	 5.80955401E-11	 1.26793005E-10	-3.38995213E-05	-9.32237218E-06	-1.70075024E-06	-2.61692869E-07
 5.350000E-01	-1.62770263E-10	 1.87693338E-11	 2.38572196E-10	 1.92979616E-10	-3.74435944E-05	-1.00526023E-05	-1.75312365E-06	-2.94265599E-07
 5.400000E-01	 6.03003202E-11	 4.20623467E-10	 5.86450302E-10	 2.95069741E-10	-4.13936584E-05	-1.08562717E-05	-1.82472597E-06	-3.56441316E-07
 5.450000E-01	 1.78404410E-10	 6.06776187E-10	 7.55845615E-10	 3.75566974E-10	-4.58351799E-05	-1.17668436E-05	-1.92859260E-06	-4.56062410E-07
 5.500000E-01	-1.47737340E-10	 1.68076471E-10	 4.87566658E-10	 3.97003993E-10	-5.08030632E-05	-1.27803718E-05	-2.06509695E-06	-6.00077908E-07
 5.550000E-01	-4.35199194E-10	-9.35447212E-11	 3.88775781E-10	 4.24414388E-10	-5.63525953E-05	-1.39139803E-05	-2.25191111E-06	-8.07545729E-07
 5.600000E-01	 3.29734732E-11	 7.13570535E-10	 1.01859735E-09	 4.99505682E-10	-6.24501340E-05	-1.50896352E-05	-2.42674294E-06	-1.04147484E-06
 5.650000E-01	 6.49056454E-10	 1.55621627E-09	 1.60720943E-09	 5.84693819E-10	-6.89742555E-05	-1.61464933E-05	-2.48137021E-06	-1.24337603E-06
 5.700000E-01	 3.76785044E-10	 1.14472817E-09	 1.37953634E-09	 6.92647060E-10	-7.61566040E-05	-1.72301495E-05	-2.52018989E-06	-1.49174059E-06
 5.750000E-01	-2.27273453E-10	 4.62599497E-10	 1.06075228E-09	 8.12421264E-10	-8.42738326E-05	-1.85025193E-05	-2.65617413E-06	-1.87217829E-06
 5.800000E-01	-4.94961292E-11	 8.91628046E-10	 1.43925920E-09	 8.43502170E-10	-9.33797412E-05	-1.99002970E-05	-2.83683540E-06	-2.36289910E-06
 5.850000E-01	 6.10467599E-10	 1.82164646E-09	 2.04089513E-09	 7.99420148E-10	-1.03505812E-04	-2.13408184E-05	-3.00213278E-06	-2.94015659E-06
 5.900000E-01	 9.07460298E-10	 2.18342380E-09	 2.27016850E-09	 8.09711792E-10	-1.14778896E-04	-2.28361316E-05	-3.18542594E-06	-3.65104703E-06
 5.950000E-01	 6.73709905E-10	 1.91955325E-09	 2.21067809E-09	 9.76234518E-10	-1.27384184E-04	-2.44150247E-05	-3.41140949E-06	-4.53125216E-06
 6.000000E-01	 3.76887263E-11	 1.32641854E-09	 2.12828225E-09	 1.34827600E-09	-1.41443344E-04	-2.60255138E-05	-3.65277338E-06	-5.58942101E-06
 6.050000E-01	-6.01665552E-10	 9.35940305E-10	 2.28681885E-09	 1.76545037E-09	-1.57242540E-04	-2.77425926E-05	-3.96688788E-06	-6.88814594E-06
 6.100000E-01	-7.54828993E-10	 1.21947423E-09	 2.79389101E-09	 1.98676391E-09	-1.75046199E-04	-2.96091616E-05	-4.39658612E-06	-8.48413175E-06
 6.150000E-01	-6.05101718E-10	 1.84420182E-09	 3.43086572E-09	 2.08526063E-09	-1.95062551E-04	-3.16028019E-05	-4.96495446E-06	-1.04347391E-05
 6.200000E-01	-6.26276381E-10	 2.29272189E-09	 4.02924423E-09	 2.30064482E-09	-2.17672162E-04	-3.37813667E-05	-5.71970608E-06	-1.28095969E-05
 6.250000E-01	-1.09173995E-09	 2.38410811E-09	 4.66671501E-09	 2.87562281E-09	-2.43547179E-04	-3.63696873E-05	-6.77727981E-06	-1.57122243E-05
 6.300000E-01	-2.10134816E-09	 2.18244474E-09	 5.53646600E-09	 3.95119579E-09	-2.73091851E-04	-3.93654844E-05	-8.20394922E-06	-1.92523832E-05
 6.350000E-01	-2.94333988E-09	 2.45982076E-09	 6.75932974E-09	 4.89893533E-09	-3.06794712E-04	-4.27869842E-05	-1.01181324E-05	-2.35918647E-05
 6.400000E-01	-2.71735362E-09	 3.86381227E-09	 8.12297180E-09	 4.92108009E-09	-3.46133606E-04	-4.71809486E-05	-1.27004206E-05	-2.88473163E-05
 6.450000E-01	-2.16583341E-09	 5.49396943E-09	 9.41611167E-09	 4.73558741E-09	-3.91187418E-04	-5.18909712E-05	-1.56456235E-05	-3.49598792E-05
 6.500000E-01	-2.49689314E-09	 6.42193083E-09	 1.08767965E-08	 5.47138063E-09	-4.42502145E-04	-5.68251226E-05	-1.94114510E-05	-4.24428816E-05
 6.550000E-01	-2.96454965E-09	 7.47226635E-09	 1.25403385E-08	 6.23390948E-09	-5.01553217E-04	-6.22100169E-05	-2.41371412E-05	-5.14748683E-05
 6.600000E-01	-2.32736726E-09	 9.46662483E-09	 1.39164393E-08	 5.67717118E-09	-5.72801666E-04	-7.02843500E-05	-3.10017577E-05	-6.27397224E-05
 6.650000E-01	-1.73573868E-09	 1.13107575E-08	 1.51842844E-08	 5.29985938E-09	-6.56981973E-04	-8.06674596E-05	-4.04674754E-05	-7.67921075E-05
 6.700000E-01	-2.88041142E-09	 1.20694250E-08	 1.73065529E-08	 7.17445142E-09	-7.53864344E-04	-9.22985875E-05	-5.23998787E-05	-9.38303436E-05
 6.750000E-01	-4.07082910E-09	 1.33089688E-08	 1.98487437E-08	 8.89535252E-09	-8.63137645E-04	-1.03771691E-04	-6.72273504E-05	-1.14676023E-04
 6.800000E-01	-2.56341701E-09	 1.64802943E-08	 2.10290184E-08	 6.84469817E-09	-9.93226188E-04	-1.19133350E-04	-8.62060632E-05	-1.39797631E-04
 6.850000E-01	 9.60160104E-10	 2.03646694E-08	 2.03574778E-08	 1.96102496E-09	-1.14728096E-03	-1.38944301E-04	-1.10126750E-04	-1.69990232E-04
 6.900000E-01	 4.19068569E-09	 2.32291011E-08	 1.87899968E-08	-2.69039869E-09	-1.32244811E-03	-1.59442640E-04	-1.39712689E-04	-2.06957645E-04
 6.950000E-01	 4.12395889E-09	 2.35984429E-08	 1.87712420E-08	-2.26546572E-09	-1.53041363E-03	-1.85770030E-04	-1.76041195E-04	-2.50993202E-04
 7.000000E-01	-1.49814160E-09	 2.13939150E-08	 2.31924511E-08	 6.80092469E-09	-1.77952109E-03	-2.20653741E-04	-2.20484018E-04	-3.03189616E-04
 7.050000E-01	-6.16894392E-09	 2.14325343E-08	 2.83830207E-08	 1.35968870E-08	-2.07407631E-03	-2.64341277E-04	-2.74798935E-04	-3.65496782E-04
 7.100000E-01	-1.86772830E-09	 2.66959508E-08	 2.69359351E-08	 5.44842437E-09	-2.41708390E-03	-3.15218473E-04	-3.38664897E-04	-4.38718726E-04
 7.150000E-01	 2.76584518E-09	 3.02250783E-08	 2.31574556E-08	-2.69210077E-09	-2.81624531E-03	-3.74083846E-04	-4.12671528E-04	-5.24116489E-04
 7.200000E-01	-4.20637603E-09	 2.71423980E-08	 2.76084794E-08	 8.41599844E-09	-3.28514167E-03	-4.45092612E-04	-4.97975146E-04	-6.22837041E-04
 7.250000E-01	-1.05734979E-08	 2.71179079E-08	 3.42976579E-08	 1.77616286E-08	-3.83831515E-03	-5.32538465E-04	-5.95931721E-04	-7.36196596E-04
 7.300000E-01	 6.01525623E-10	 3.72246506E-08	 2.88679860E-08	-1.69691698E-09	-4.48746184E-03	-6.38158682E-04	-7.07506617E-04	-8.65845936E-04
 7.350000E-01	 1.26627229E-08	 4.36329089E-08	 1.83851863E-08	-2.17257085E-08	-5.24448653E-03	-7.63219146E-04	-8.33256839E-04	-1.01336722E-03
 7.400000E-01	 1.82584736E-09	 3.51515049E-08	 2.09123134E-08	-5.17878338E-09	-6.13277605E-03	-9.16469584E-04	-9.73022841E-04	-1.17771397E-03
 7.450000E-01	-1.34697910E-08	 2.83950088E-08	 3.07882245E-08	 1.74981931E-08	-7.15731666E-03	-1.09258483E-03	-1.12539764E-03	-1.36034271E-03
 7.500000E-01	-5.12389310E-09	 3.84179619E-08	 2.99433670E-08	 4.10422138E-09	-8.32670305E-03	-1.28923543E-03	-1.28828142E-03	-1.56125063E-03
 7.550000E-01	 9.41320518E-09	 4.82540446E-08	 2.14066436E-08	-1.78497164E-08	-9.68483051E-03	-1.53017579E-03	-1.46358672E-03	-1.77640501E-03
 7.600000E-01	 2.88976646E-09	 4.18133330E-08	 1.98010910E-08	-9.21043330E-09	-1.12493851E-02	-1.81894716E-03	-1.65090377E-03	-2.00463440E-03
 7.650000E-01	-2.95197723E-09	 4.03390118E-08	 2.48362082E-08	 1.63370447E-09	-1.30207483E-02	-2.15010323E-03	-1.84295928E-03	-2.24017339E-03
 7.700000E-01	 2.25552051E-08	 6.36310178E-08	 2.57350875E-08	-2.29335933E-08	-1.50013984E-02	-2.51823897E-03	-2.03169032E-03	-2.47553888E-03
 7.750000E-01	 4.68049935E-08	 7.84827854E-08	 1.82964527E-08	-4.67181802E-08	-1.72078751E-02	-2.93767999E-03	-2.20924476E-03	-2.69425373E-03
 7.800000E-01	 2.49668839E-08	 5.19487125E-08	 9.09817615E-09	-2.39609557E-08	-1.95629308E-02	-3.34297783E-03	-2.34566674E-03	-2.88315982E-03
 7.850000E-01	-5.39638697E-09	 2.59221159E-08	 1.03813900E-08	 1.03028521E-08	-2.20873134E-02	-3.75371345E-03	-2.43431882E-03	-3.02249039E-03
 7.900000E-01	 1.28142071E-08	 4.79219285E-08	 2.46273882E-08	 7.31714127E-09	-2.48890525E-02	-4.29031404E-03	-2.51222852E-03	-3.09987685E-03
 7.950000E-01	 5.53321153E-08	 8.68486432E-08	 3.80434590E-08	-1.29707817E-08	-2.77979121E-02	-4.82138470E-03	-2.52573695E-03	-3.09370203E-03
 8.000000E-01	 7.64396164E-08	 1.00550542E-07	 4.21572782E-08	-1.56562536E-08	-3.07355323E-02	-5.34915931E-03	-2.44765040E-03	-2.95517572E-03
 8.050000E-01	 8.45789894E-08	 1.02180667E-07	 4.58938132E-08	-4.90354981E-09	-3.35201718E-02	-5.79220843E-03	-2.22301330E-03	-2.62905971E-03
 8.100000E-01	 9.96361879E-08	 1.10570266E-07	 5.40089690E-08	 4.70733181E-09	-3.57718768E-02	-5.90531507E-03	-1.69910270E-03	-2.00334994E-03
 8.150000E-01	 9.42008626E-08	 8.90397134E-08	 3.47695665E-08	 3.25640830E-09	-3.72377164E-02	-5.56037309E-03	-7.76308520E-04	-9.79246125E-04
 8.200000E-01	 3.67132968E-08	 4.66434457E-09	-3.37561634E-08	-1.15578098E-08	-3.79432270E-02	-4.97034013E-03	 4.19053827E-04	 4.05997060E-04
 8.250000E-01	 5.90359964E-09	-3.13688277E-08	-4.81157642E-08	 4.94467480E-09	-3.75645584E-02	-4.02245707E-03	 1.93533835E-03	 2.18949439E-03
 8.300000E-01	 1.02208995E-07	 9.95787579E-08	 8.87833862E-08	 9.00656233E-08	-3.55592043E-02	-2.45935911E-03	 3.91813296E-03	 4.47749076E-03
 8.350000E-01	 2.18473938E-07	 2.32207424E-07	 2.06010418E-07	 1.46428326E-07	-3.12289785E-02	-2.56345226E-05	 6.50421255E-03	 7.36744332E-03
 8.400000E-01	 1.91707002E-07	 1.58108284E-07	 1.13374804E-07	 7.59715301E-08	-2.34990786E-02	 4.12976575E-03	 1.03082486E-02	 1.13403879E-02
 8.450000E-01	 1.07747791E-07	 2.55331470E-08	-1.57856623E-08	 4.67302277E-09	-1.19227966E-02	 9.94097324E-03	 1.52398245E-02	 1.63222950E-02
 8.500000E-01	 1.24379678E-07	 5.23559880E-08	 3.85364885E-08	 7.36954013E-08	 4.17561184E-03	 1.77354931E-02	 2.14885706E-02	 2.24215460E-02
 8.550000E-01	 1.82783796E-07	 1.23278092E-07	 1.20724112E-07	 1.39628299E-07	 2.56326358E-02	 2.79923995E-02	 2.93763348E-02	 2.98483391E-02
 8.600000E-01	 1.58519423E-07	 5.22641783E-08	 2.10074862E-08	 3.62103989E-08	 5.33837804E-02	 4.08101327E-02	 3.87561006E-02	 3.82475029E-02
 8.650000E-01	 1.06950251E-07	-2.82203958E-08	-5.33730127E-08	-7.22064245E-09	 8.92790326E-02	 5.71961641E-02	 5.02232858E-02	 4.78869197E-02
 8.700000E-01	 1.51575504E-07	 9.29175581E-08	 1.68339170E-07	 2.68680076E-07	 1.35331292E-01	 7.86720048E-02	 6.50229883E-02	 5.97847051E-02
 8.750000E-01	 2.35925938E-07	 2.21196968E-07	 3.30463716E-07	 4.15278817E-07	 1.93105629E-01	 1.06382899E-01	 8.41300736E-02	 7.47862431E-02
 8.800000E-01	 1.99610171E-07	 2.47939454E-08	-5.14352073E-08	-9.82426643E-08	 2.63780711E-01	 1.40821197E-01	 1.07772280E-01	 9.27889042E-02
 8.850000E-01	 4.92066033E-08	-2.73729042E-07	-4.61900854E-07	-5.30552436E-07	 3.49043196E-01	 1.82875204E-01	 1.36424550E-01	 1.13777461E-01
 8.900000E-01	-5.75374686E-08	-2.07018668E-07	-1.10444057E-07	 8.55025412E-08	 4.51143286E-01	 2.33944835E-01	 1.70989442E-01	 1.38055402E-01
 8.950000E-01	-3.44509003E-08	 8.05506828E-08	 4.90024515E-07	 8.91249872E-07	 5.73449672E-01	 2.96222402E-01	 2.12882425E-01	 1.66060198E-01
 9.000000E-01	 6.27356564E-08	 1.30468835E-07	 4.01039440E-07	 6.07015335E-07	 7.19934986E-01	 3.72383966E-01	 2.63246406E-01	 1.98220542E-01
 9.050000E-01	 1.25444643E-07	-3.84973380E-08	-1.00665040E-07	-2.00894819E-07	 8.80778812E-01	 4.59140195E-01	 3.23768125E-01	 2.37150903E-01
 9.100000E-01	 1.07000065E-07	-1.60801408E-07	-3.26479371E-07	-4.89288173E-07	 1.06210285E+00	 5.56971632E-01	 3.86906339E-01	 2.78373700E-01
 9.150000E-01	-9.73701740E-08	-3.20612879E-07	-3.52838133E-07	-3.39106958E-07	 1.23614839E+00	 6.60109060E-01	 4.69540619E-01	 3.27762906E-01
 9.200000E-01	-5.74227301E-07	-6.59080369E-07	-4.05535393E-07	-3.52912373E-08	 1.47980783E+00	 7.92623722E-01	 5.37779267E-01	 3.71256856E-01
 9.250000E-01	-7.97021277E-07	-7.14352597E-07	-2.48148071E-07	 3.14543579E-07	 1.65332907E+00	 9.06927837E-01	 6.44361785E-01	 4.37602562E-01
 9.300000E-01	-1.56270018E-07	-9.51990514E-08	 1.76825744E-07	 4.08412527E-07	 1.84398895E+00	 1.05412520E+00	 7.57602053E-01	 4.79215132E-01
 9.350000E-01	 4.30283844E-07	 2.76017211E-07	 2.19841901E-07	 4.77879180E-08	 2.09841599E+00	 1.14391961E+00	 7.24960915E-01	 5.08673173E-01
 9.400000E-01	-1.22548594E-07	-3.95382726E-07	-5.88386737E-07	-7.24481087E-07	 2.22174775E+00	 1.01189571E+00	 6.04158466E-01	 6.56067197E-01
 9.450000E-01	-1.08738407E-06	-1.40241756E-06	-1.06777958E-06	-9.32188189E-07	 2.67023890E+00	 1.72433000E+00	 7.77460204E-01	 4.27920917E-01
 9.500000E-01	 4.16139503E-07	-7.65125382E-08	-8.21994534E-08	 5.39382026E-07	-2.32073014E-01	-1.11327741E+00	 5.75909788E-01	 3.35439357E-01
 9.550000E-01	-1.09742111E-07	 1.59012860E-06	 8.14381528E-07	-1.20758780E-06	 8.17513779E+00	 4.31724666E+00	-2.19196415E+00	 1.71755155E+00
 9.600000E-01	 2.43301526E-06	-8.97648151E-06	-5.42815031E-06	 6.31016337E-06	-1.12188507E+01	 5.90177622E+00	 1.61057037E+01	-4.22522714E+00
 9.650000E-01	-1.07898217E-05	 1.36802476E-05	 7.48247509E-06	-5.19677741E-06	 7.03895428E+01	 2.05324189E+01	-9.31199600E+00	 1.48123443E+01
 9.700000E-01	 2.45426565E-05	-7.90509938E-05	-4.33095211E-05	 1.36172913E-05	-5.64866279E+02	 5.14548923E+01	 5.22441165E+02	-8.30115528E+01
 9.750000E-01	-1.26265822E-04	-8.44567714E-06	-7.04355693E-05	-1.04325891E-04	 2.11102726E+04	 1.67731613E+03	-1.96088297E+04	 2.44763808E+03
 9.800000E-01	-1.21478064E-03	-1.34180259E-03	 1.11093267E-03	 6.45528843E-04	 4.98217692E+05	 2.75738332E+04	-4.88544199E+05	 2.17180141E+03
 9.850000E-01	-1.30452390E-03	-2.69757092E-03	 7.94419229E-04	 1.21492166E-03	 6.85060775E+04	 2.52219924E+04	 1.28894781E+05	-4.09141669E+04
 9.900000E-01	-3.86030367E-03	 1.72789169E-03	-3.58068201E-03	-8.43725121E-04	-1.29280733E+05	 2.45989698E+03	-2.70246021E+03	 2.99208953E+04
 9.950000E-01	-1.94405495E-03	 1.02107380E-02	-1.68354778E-03	 9.03599890E-03	-9.52263575E+04	 9.60731480E+04	-1.07149192E+05	 1.02135925E+05
 1.000000E+00	-2.78062894E-05	 1.86935841E-02	 2.13586389E-04	 1.89157226E-02	-6.11719829E+04	 1.89686396E+05	-2.11595922E+05	 1.74350953E+05
