@R IP 1 []
  5.845844614e+05
@R BCENTR 1 []
  1.792385008e+00
@R RMAJOR 1 []
  1.765979106e+00
@R AMINOR 1 []
  4.602607189e-01
@R KAPPA 1 []
  1.656876353e+00
@R DELTA 1 []
  7.594075333e-01
@I NRHO 1 []
              101
@R RHOB 1 []
  5.812992011e-01
@R RHO 101 []
  0.000000000e+00  1.000000000e-02  2.000000000e-02  3.000000000e-02
  4.000000000e-02  5.000000000e-02  6.000000000e-02  7.000000000e-02
  8.000000000e-02  9.000000000e-02  1.000000000e-01  1.100000000e-01
  1.200000000e-01  1.300000000e-01  1.400000000e-01  1.500000000e-01
  1.600000000e-01  1.700000000e-01  1.800000000e-01  1.900000000e-01
  2.000000000e-01  2.100000000e-01  2.200000000e-01  2.300000000e-01
  2.400000000e-01  2.500000000e-01  2.600000000e-01  2.700000000e-01
  2.800000000e-01  2.900000000e-01  3.000000000e-01  3.100000000e-01
  3.200000000e-01  3.300000000e-01  3.400000000e-01  3.500000000e-01
  3.600000000e-01  3.700000000e-01  3.800000000e-01  3.900000000e-01
  4.000000000e-01  4.100000000e-01  4.200000000e-01  4.300000000e-01
  4.400000000e-01  4.500000000e-01  4.600000000e-01  4.700000000e-01
  4.800000000e-01  4.900000000e-01  5.000000000e-01  5.100000000e-01
  5.200000000e-01  5.300000000e-01  5.400000000e-01  5.500000000e-01
  5.600000000e-01  5.700000000e-01  5.800000000e-01  5.900000000e-01
  6.000000000e-01  6.100000000e-01  6.200000000e-01  6.300000000e-01
  6.400000000e-01  6.500000000e-01  6.600000000e-01  6.700000000e-01
  6.800000000e-01  6.900000000e-01  7.000000000e-01  7.100000000e-01
  7.200000000e-01  7.300000000e-01  7.400000000e-01  7.500000000e-01
  7.600000000e-01  7.700000000e-01  7.800000000e-01  7.900000000e-01
  8.000000000e-01  8.100000000e-01  8.200000000e-01  8.300000000e-01
  8.400000000e-01  8.500000000e-01  8.600000000e-01  8.700000000e-01
  8.800000000e-01  8.900000000e-01  9.000000000e-01  9.100000000e-01
  9.200000000e-01  9.300000000e-01  9.400000000e-01  9.500000000e-01
  9.600000000e-01  9.700000000e-01  9.800000000e-01  9.900000000e-01
  1.000000000e+00
@R VOLP 101 []
  0.000000000e+00  4.352268519e-01  8.703426868e-01  1.305236706e+00
  1.739799466e+00  2.173922447e+00  2.607498842e+00  3.040424889e+00
  3.472598243e+00  3.903920030e+00  4.334295394e+00  4.763631295e+00
  5.191840175e+00  5.618838106e+00  6.044544000e+00  6.468883414e+00
  6.891784157e+00  7.313178336e+00  7.733004608e+00  8.151203198e+00
  8.567718943e+00  8.982501633e+00  9.395501649e+00  9.806673803e+00
  1.021597972e+01  1.062338449e+01  1.102885502e+01  1.143235310e+01
  1.183383402e+01  1.223325480e+01  1.263057511e+01  1.302575302e+01
  1.341874934e+01  1.380952722e+01  1.419804693e+01  1.458427080e+01
  1.496816315e+01  1.534968634e+01  1.572880338e+01  1.610547957e+01
  1.647967807e+01  1.685136203e+01  1.722049772e+01  1.758704772e+01
  1.795097441e+01  1.831224330e+01  1.867081781e+01  1.902665892e+01
  1.937972940e+01  1.972999230e+01  2.007740666e+01  2.042193158e+01
  2.076352782e+01  2.110215276e+01  2.143776161e+01  2.177031151e+01
  2.209975610e+01  2.242604483e+01  2.274912904e+01  2.306895785e+01
  2.338547559e+01  2.369862527e+01  2.400834765e+01  2.431457909e+01
  2.461725175e+01  2.491629820e+01  2.521164432e+01  2.550320623e+01
  2.579089762e+01  2.607462763e+01  2.635429804e+01  2.662979897e+01
  2.690101192e+01  2.716781384e+01  2.743006515e+01  2.768760824e+01
  2.794026397e+01  2.818782410e+01  2.843004934e+01  2.866666026e+01
  2.889733275e+01  2.912169013e+01  2.933927224e+01  2.954951895e+01
  2.975173778e+01  2.994506417e+01  3.012846785e+01  3.030071366e+01
  3.046021385e+01  3.060496707e+01  3.073250362e+01  3.083973503e+01
  3.092325763e+01  3.097908813e+01  3.100308651e+01  3.098919247e+01
  3.093268661e+01  3.080936292e+01  3.060688578e+01  3.016313775e+01
  2.928248646e+01
@R IPOL 101 []
  9.949543415e-01  9.949600500e-01  9.949771371e-01  9.950054876e-01
  9.950449102e-01  9.950951402e-01  9.951558410e-01  9.952266072e-01
  9.953069687e-01  9.953963944e-01  9.954942968e-01  9.956000392e-01
  9.957129428e-01  9.958322917e-01  9.959573383e-01  9.960873120e-01
  9.962214275e-01  9.963588926e-01  9.964989117e-01  9.966406963e-01
  9.967834776e-01  9.969265040e-01  9.970690472e-01  9.972104304e-01
  9.973500281e-01  9.974870797e-01  9.976208442e-01  9.977510061e-01
  9.978773990e-01  9.979998209e-01  9.981181002e-01  9.982320778e-01
  9.983416182e-01  9.984465950e-01  9.985469053e-01  9.986424604e-01
  9.987331841e-01  9.988190219e-01  9.988999313e-01  9.989758863e-01
  9.990468736e-01  9.991128974e-01  9.991739764e-01  9.992301391e-01
  9.992814295e-01  9.993279023e-01  9.993696306e-01  9.994066895e-01
  9.994391735e-01  9.994671816e-01  9.994908286e-01  9.995102354e-01
  9.995255295e-01  9.995368525e-01  9.995443482e-01  9.995481723e-01
  9.995484831e-01  9.995454478e-01  9.995392363e-01  9.995300243e-01
  9.995179925e-01  9.995033254e-01  9.994862063e-01  9.994668246e-01
  9.994453746e-01  9.994220458e-01  9.993970331e-01  9.993705285e-01
  9.993427288e-01  9.993138276e-01  9.992840272e-01  9.992535200e-01
  9.992225099e-01  9.991912036e-01  9.991598163e-01  9.991285752e-01
  9.990977265e-01  9.990675447e-01  9.990383531e-01  9.990105263e-01
  9.989845277e-01  9.989609424e-01  9.989405098e-01  9.989241582e-01
  9.989130471e-01  9.989085776e-01  9.989123601e-01  9.989261536e-01
  9.989517589e-01  9.989909151e-01  9.990452223e-01  9.991160141e-01
  9.992039526e-01  9.993082320e-01  9.994254494e-01  9.995491550e-01
  9.996706221e-01  9.997811974e-01  9.998761789e-01  9.999499838e-01
  9.999968816e-01
@R G11 101 []
  0.000000000e+00  4.308354500e-01  8.616497591e-01  1.292669732e+00
  1.724031927e+00  2.155744737e+00  2.587795856e+00  3.020299394e+00
  3.453459893e+00  3.887311757e+00  4.321826557e+00  4.757150502e+00
  5.193354127e+00  5.630433562e+00  6.068474247e+00  6.507540318e+00
  6.947670874e+00  7.388931016e+00  7.831318841e+00  8.274897989e+00
  8.719712877e+00  9.165766587e+00  9.613115840e+00  1.006179053e+01
  1.051179785e+01  1.096316944e+01  1.141592800e+01  1.187010433e+01
  1.232575368e+01  1.278293471e+01  1.324171173e+01  1.370214093e+01
  1.416424867e+01  1.462809880e+01  1.509381192e+01  1.556137845e+01
  1.603087128e+01  1.650243042e+01  1.697602403e+01  1.745181355e+01
  1.792982375e+01  1.841017066e+01  1.889293598e+01  1.937817445e+01
  1.986607565e+01  2.035661238e+01  2.085004177e+01  2.134638681e+01
  2.184574444e+01  2.234841617e+01  2.285437156e+01  2.336378295e+01
  2.387697197e+01  2.439397841e+01  2.491496034e+01  2.544023122e+01
  2.597004659e+01  2.650454081e+01  2.704394000e+01  2.758863933e+01
  2.813897528e+01  2.869523798e+01  2.925767677e+01  2.982676439e+01
  3.040303066e+01  3.098696956e+01  3.157898914e+01  3.217957534e+01
  3.278951550e+01  3.340958574e+01  3.404064161e+01  3.468330138e+01
  3.533849079e+01  3.600758083e+01  3.669200104e+01  3.739272184e+01
  3.811114378e+01  3.884985420e+01  3.961110092e+01  4.039636931e+01
  4.120921754e+01  4.205425937e+01  4.293332908e+01  4.385389165e+01
  4.482146322e+01  4.584342414e+01  4.693146155e+01  4.809628515e+01
  4.935413399e+01  5.072947071e+01  5.224389397e+01  5.394494293e+01
  5.588617478e+01  5.811531568e+01  6.077503706e+01  6.397172541e+01
  6.814705206e+01  7.304300127e+01  8.351901333e+01  1.170966086e+02
  2.615840468e+02
@R G22 101 []
  0.000000000e+00  5.783069372e-03  1.156599367e-02  1.735195878e-02
  2.314294533e-02  2.893920891e-02  3.474073572e-02  4.054922527e-02
  4.636757974e-02  5.219643831e-02  5.803561083e-02  6.388723810e-02
  6.975248724e-02  7.563152234e-02  8.152570001e-02  8.743614556e-02
  9.336362350e-02  9.930925922e-02  1.052733232e-01  1.112569386e-01
  1.172609956e-01  1.232858494e-01  1.293325314e-01  1.354017569e-01
  1.414940010e-01  1.476100276e-01  1.537504726e-01  1.599160504e-01
  1.661076992e-01  1.723264100e-01  1.785732884e-01  1.848493024e-01
  1.911550553e-01  1.974916708e-01  2.038609838e-01  2.102631206e-01
  2.166993411e-01  2.231717532e-01  2.296801669e-01  2.362270612e-01
  2.428130017e-01  2.494397885e-01  2.561088251e-01  2.628210970e-01
  2.695794006e-01  2.763836512e-01  2.832376044e-01  2.901417995e-01
  2.970978246e-01  3.041100458e-01  3.111782721e-01  3.183051044e-01
  3.254952020e-01  3.327493236e-01  3.400698557e-01  3.474613705e-01
  3.549275763e-01  3.624704831e-01  3.700934546e-01  3.778021493e-01
  3.856013433e-01  3.934952130e-01  4.014874196e-01  4.095846235e-01
  4.177942320e-01  4.261232666e-01  4.345775247e-01  4.431637493e-01
  4.518928799e-01  4.607757433e-01  4.698242408e-01  4.790468938e-01
  4.884564883e-01  4.980720484e-01  5.079132475e-01  5.179932778e-01
  5.283311755e-01  5.389621662e-01  5.499166077e-01  5.612140238e-01
  5.729023870e-01  5.850438667e-01  5.976607880e-01  6.108523470e-01
  6.246884857e-01  6.392628924e-01  6.547280989e-01  6.712220935e-01
  6.889552800e-01  7.082468488e-01  7.293676342e-01  7.529388995e-01
  7.796652297e-01  8.101702314e-01  8.464177266e-01  8.898817059e-01
  9.467912283e-01  1.013458645e+00  1.157603995e+00  1.620649718e+00
  3.623995031e+00
@R G33 101 []
  9.358161536e-01  9.358504499e-01  9.359536911e-01  9.361257845e-01
  9.363662714e-01  9.366749836e-01  9.370516020e-01  9.374954216e-01
  9.380060875e-01  9.385829533e-01  9.392251437e-01  9.399321194e-01
  9.407028962e-01  9.415365405e-01  9.424322869e-01  9.433889327e-01
  9.444055724e-01  9.454812479e-01  9.466146873e-01  9.478049520e-01
  9.490510026e-01  9.503516873e-01  9.517061925e-01  9.531135668e-01
  9.545725182e-01  9.560819438e-01  9.576409044e-01  9.592487885e-01
  9.609055630e-01  9.626111896e-01  9.643655087e-01  9.661685656e-01
  9.680202729e-01  9.699204587e-01  9.718692274e-01  9.738665959e-01
  9.759125113e-01  9.780070977e-01  9.801504875e-01  9.823427109e-01
  9.845839719e-01  9.868745064e-01  9.892143981e-01  9.916039780e-01
  9.940436071e-01  9.965334951e-01  9.990739846e-01  1.001665578e+00
  1.004308678e+00  1.007003703e+00  1.009751279e+00  1.012552036e+00
  1.015406534e+00  1.018315496e+00  1.021279765e+00  1.024300078e+00
  1.027377357e+00  1.030512707e+00  1.033707145e+00  1.036961791e+00
  1.040277974e+00  1.043657080e+00  1.047100592e+00  1.050610172e+00
  1.054187662e+00  1.057834879e+00  1.061553916e+00  1.065347278e+00
  1.069217544e+00  1.073167486e+00  1.077200155e+00  1.081319081e+00
  1.085528120e+00  1.089831296e+00  1.094233284e+00  1.098739448e+00
  1.103355980e+00  1.108090177e+00  1.112950487e+00  1.117946854e+00
  1.123090865e+00  1.128396010e+00  1.133878854e+00  1.139559645e+00
  1.145463550e+00  1.151622203e+00  1.158073618e+00  1.164863922e+00
  1.172053413e+00  1.179719458e+00  1.187959400e+00  1.196897591e+00
  1.206675764e+00  1.217466460e+00  1.229460886e+00  1.242943761e+00
  1.258169265e+00  1.276223072e+00  1.297786820e+00  1.330218848e+00
  1.384000013e+00
@R GRADRHO 101 []
  9.984581946e-01  9.915145761e-01  9.915354139e-01  9.916697578e-01
  9.918934419e-01  9.921666768e-01  9.924715519e-01  9.928260800e-01
  9.932507420e-01  9.937334079e-01  9.942594724e-01  9.948390016e-01
  9.954719945e-01  9.961502409e-01  9.968746515e-01  9.976460267e-01
  9.984626178e-01  9.993235689e-01  1.000224429e+00  1.001166013e+00
  1.002147713e+00  1.003166210e+00  1.004221091e+00  1.005311699e+00
  1.006436354e+00  1.007593475e+00  1.008781643e+00  1.010000740e+00
  1.011251002e+00  1.012532320e+00  1.013845102e+00  1.015189632e+00
  1.016564988e+00  1.017971296e+00  1.019410560e+00  1.020880747e+00
  1.022382437e+00  1.023917708e+00  1.025483530e+00  1.027083234e+00
  1.028715380e+00  1.030380980e+00  1.032080385e+00  1.033813183e+00
  1.035582170e+00  1.037384274e+00  1.039223948e+00  1.041099500e+00
  1.043010920e+00  1.044962803e+00  1.046951860e+00  1.048979641e+00
  1.051050549e+00  1.053162315e+00  1.055315532e+00  1.057513908e+00
  1.059759228e+00  1.062050546e+00  1.064388970e+00  1.066778521e+00
  1.069221316e+00  1.071718388e+00  1.074269921e+00  1.076879603e+00
  1.079551442e+00  1.082288483e+00  1.085091741e+00  1.087962762e+00
  1.090907490e+00  1.093930994e+00  1.097038639e+00  1.100230757e+00
  1.103511750e+00  1.106891801e+00  1.110380134e+00  1.113977129e+00
  1.117687960e+00  1.121532852e+00  1.125523870e+00  1.129659316e+00
  1.133963171e+00  1.138468365e+00  1.143163998e+00  1.148107109e+00
  1.153316843e+00  1.158825953e+00  1.164705689e+00  1.170993629e+00
  1.177768073e+00  1.185165012e+00  1.193220802e+00  1.202194003e+00
  1.212293821e+00  1.223497537e+00  1.236577336e+00  1.251388167e+00
  1.270744616e+00  1.288415882e+00  1.341138314e+00  1.512069508e+00
  2.044562944e+00
@R AREA 101 []
  0.000000000e+00  4.314682508e-01  8.629528873e-01  1.294388518e+00
  1.725715173e+00  2.156887395e+00  2.587884665e+00  3.018681908e+00
  3.449241958e+00  3.879524481e+00  4.309501956e+00  4.739145856e+00
  5.168423980e+00  5.597306568e+00  6.025768447e+00  6.453783028e+00
  6.881324303e+00  7.308366744e+00  7.734888272e+00  8.160867811e+00
  8.586283720e+00  9.011116254e+00  9.435347823e+00  9.858961365e+00
  1.028194016e+01  1.070426918e+01  1.112593546e+01  1.154692660e+01
  1.196722994e+01  1.238683354e+01  1.280572622e+01  1.322389690e+01
  1.364133467e+01  1.405802971e+01  1.447397241e+01  1.488915325e+01
  1.530356393e+01  1.571719568e+01  1.613004106e+01  1.654209338e+01
  1.695334479e+01  1.736379014e+01  1.777342293e+01  1.818223909e+01
  1.859023304e+01  1.899740131e+01  1.940374095e+01  1.980924838e+01
  2.021392245e+01  2.061776124e+01  2.102076392e+01  2.142293145e+01
  2.182426410e+01  2.222476325e+01  2.262443245e+01  2.302327512e+01
  2.342129542e+01  2.381849886e+01  2.421489322e+01  2.461048652e+01
  2.500528798e+01  2.539930838e+01  2.579256078e+01  2.618506013e+01
  2.657682267e+01  2.696786669e+01  2.735821284e+01  2.774788538e+01
  2.813691129e+01  2.852532011e+01  2.891314470e+01  2.930042214e+01
  2.968719606e+01  3.007351366e+01  3.045942724e+01  3.084499544e+01
  3.123028801e+01  3.161538086e+01  3.200035771e+01  3.238531607e+01
  3.277037041e+01  3.315564365e+01  3.354128067e+01  3.392745434e+01
  3.431434944e+01  3.470220182e+01  3.509127259e+01  3.548188853e+01
  3.587444761e+01  3.626944495e+01  3.666750629e+01  3.706948295e+01
  3.747643252e+01  3.788991566e+01  3.831214039e+01  3.874630864e+01
  3.919760839e+01  3.967466042e+01  4.019410985e+01  4.077051040e+01
  4.150627526e+01
@R A 101 []
  0.000000000e+00  5.261712899e-03  1.052334604e-02  1.578427731e-02
  2.104425068e-02  2.630305574e-02  3.156026864e-02  3.681566480e-02
  4.206891662e-02  4.731966598e-02  5.256766471e-02  5.781255934e-02
  6.305404831e-02  6.829189719e-02  7.352576315e-02  7.875534568e-02
  8.398039264e-02  8.920056716e-02  9.441560037e-02  9.962520292e-02
  1.048290363e-01  1.100268734e-01  1.152184030e-01  1.204033013e-01
  1.255813298e-01  1.307521703e-01  1.359155006e-01  1.410710675e-01
  1.462185846e-01  1.513577545e-01  1.564882967e-01  1.616098983e-01
  1.667222583e-01  1.718251017e-01  1.769181076e-01  1.820009519e-01
  1.870733567e-01  1.921349939e-01  1.971855216e-01  2.022246365e-01
  2.072520001e-01  2.122672684e-01  2.172700928e-01  2.222601351e-01
  2.272370132e-01  2.322003714e-01  2.371498357e-01  2.420849966e-01
  2.470054728e-01  2.519108577e-01  2.568007142e-01  2.616746155e-01
  2.665321248e-01  2.713727700e-01  2.761960719e-01  2.810015503e-01
  2.857886960e-01  2.905569657e-01  2.953058210e-01  3.000347060e-01
  3.047430223e-01  3.094301404e-01  3.140954348e-01  3.187382477e-01
  3.233578700e-01  3.279535685e-01  3.325245838e-01  3.370701224e-01
  3.415893368e-01  3.460813455e-01  3.505452174e-01  3.549799599e-01
  3.593845483e-01  3.637578888e-01  3.680988087e-01  3.724060512e-01
  3.766783076e-01  3.809141567e-01  3.851120501e-01  3.892703484e-01
  3.933873471e-01  3.974611133e-01  4.014895851e-01  4.054705909e-01
  4.094014383e-01  4.132791933e-01  4.171005051e-01  4.208616814e-01
  4.245585515e-01  4.281864419e-01  4.317398604e-01  4.352126652e-01
  4.385971748e-01  4.418843547e-01  4.450618183e-01  4.481131138e-01
  4.510180669e-01  4.537501258e-01  4.562680828e-01  4.584034036e-01
  4.598858930e-01
@R RTOR 101 []
  1.825535539e+00  1.825524120e+00  1.825489594e+00  1.825431949e+00
  1.825351426e+00  1.825248150e+00  1.825122198e+00  1.824973868e+00
  1.824803372e+00  1.824610936e+00  1.824396951e+00  1.824161692e+00
  1.823905532e+00  1.823628915e+00  1.823332190e+00  1.823015849e+00
  1.822680373e+00  1.822326194e+00  1.821953864e+00  1.821563891e+00
  1.821156772e+00  1.820733081e+00  1.820293353e+00  1.819838097e+00
  1.819367897e+00  1.818883306e+00  1.818384854e+00  1.817873122e+00
  1.817348623e+00  1.816811822e+00  1.816263175e+00  1.815703078e+00
  1.815131907e+00  1.814550060e+00  1.813957891e+00  1.813355734e+00
  1.812743945e+00  1.812122850e+00  1.811492754e+00  1.810853991e+00
  1.810206868e+00  1.809551672e+00  1.808888719e+00  1.808218308e+00
  1.807540718e+00  1.806856246e+00  1.806165191e+00  1.805467824e+00
  1.804764430e+00  1.804055307e+00  1.803340730e+00  1.802620972e+00
  1.801896330e+00  1.801167087e+00  1.800433508e+00  1.799695889e+00
  1.798954517e+00  1.798209667e+00  1.797461627e+00  1.796710693e+00
  1.795957152e+00  1.795201289e+00  1.794443408e+00  1.793683809e+00
  1.792922787e+00  1.792160648e+00  1.791397715e+00  1.790634299e+00
  1.789870713e+00  1.789107291e+00  1.788344372e+00  1.787582293e+00
  1.786821393e+00  1.786062042e+00  1.785304614e+00  1.784549480e+00
  1.783797020e+00  1.783047619e+00  1.782301675e+00  1.781559594e+00
  1.780821773e+00  1.780088659e+00  1.779360702e+00  1.778638322e+00
  1.777921910e+00  1.777211654e+00  1.776507709e+00  1.775810332e+00
  1.775119869e+00  1.774436619e+00  1.773761094e+00  1.773094003e+00
  1.772436230e+00  1.771788694e+00  1.771152162e+00  1.770528899e+00
  1.769922943e+00  1.769340484e+00  1.768791829e+00  1.768317727e+00
  1.767984552e+00
@R SHIFT 101 []
  5.955643347e-02  5.954501381e-02  5.951048799e-02  5.945284251e-02
  5.937231988e-02  5.926904399e-02  5.914309193e-02  5.899476248e-02
  5.882426640e-02  5.863183021e-02  5.841784481e-02  5.818258628e-02
  5.792642601e-02  5.764980906e-02  5.735308407e-02  5.703674334e-02
  5.670126697e-02  5.634708826e-02  5.597475819e-02  5.558478521e-02
  5.517766598e-02  5.475397494e-02  5.431424652e-02  5.385899091e-02
  5.338879064e-02  5.290420025e-02  5.240574827e-02  5.189401574e-02
  5.136951687e-02  5.083271624e-02  5.028406879e-02  4.972397220e-02
  4.915280119e-02  4.857095379e-02  4.797878467e-02  4.737662765e-02
  4.676483926e-02  4.614374381e-02  4.551364848e-02  4.487488529e-02
  4.422776240e-02  4.357256598e-02  4.290961280e-02  4.223920246e-02
  4.156161209e-02  4.087714047e-02  4.018608469e-02  3.948871778e-02
  3.878532428e-02  3.807620099e-02  3.736162386e-02  3.664186633e-02
  3.591722441e-02  3.518798069e-02  3.445440248e-02  3.371678256e-02
  3.297541051e-02  3.223056095e-02  3.148252079e-02  3.073158716e-02
  2.997804644e-02  2.922218305e-02  2.846430152e-02  2.770470336e-02
  2.694368083e-02  2.618154207e-02  2.541860897e-02  2.465519276e-02
  2.389160687e-02  2.312818519e-02  2.236526638e-02  2.160318730e-02
  2.084228734e-02  2.008293647e-02  1.932550778e-02  1.857037424e-02
  1.781791384e-02  1.706851286e-02  1.632256914e-02  1.558048753e-02
  1.484266688e-02  1.410955276e-02  1.338159635e-02  1.265921552e-02
  1.194280383e-02  1.123254799e-02  1.052860307e-02  9.831226311e-03
  9.140762825e-03  8.457512593e-03  7.781988029e-03  7.114896690e-03
  6.457124208e-03  5.809587652e-03  5.173056171e-03  4.549792846e-03
  3.943836540e-03  3.361377574e-03  2.812722701e-03  2.338620546e-03
  2.005446335e-03
@R ELONG 101 []
  1.267722948e+00  1.267761889e+00  1.267878712e+00  1.267989422e+00
  1.268072055e+00  1.268140807e+00  1.268239179e+00  1.268361696e+00
  1.268499048e+00  1.268650987e+00  1.268823924e+00  1.269019205e+00
  1.269233345e+00  1.269465589e+00  1.269720931e+00  1.269999442e+00
  1.270298898e+00  1.270621027e+00  1.270968127e+00  1.271340617e+00
  1.271738461e+00  1.272162122e+00  1.272613864e+00  1.273094588e+00
  1.273603463e+00  1.274142202e+00  1.274712899e+00  1.275315806e+00
  1.275950954e+00  1.276619600e+00  1.277322839e+00  1.278061294e+00
  1.278835241e+00  1.279645687e+00  1.280493843e+00  1.281380376e+00
  1.282305564e+00  1.283270705e+00  1.284277075e+00  1.285325299e+00
  1.286416092e+00  1.287550968e+00  1.288731087e+00  1.289957399e+00
  1.291231032e+00  1.292553518e+00  1.293926259e+00  1.295350556e+00
  1.296827828e+00  1.298359836e+00  1.299948341e+00  1.301594969e+00
  1.303301500e+00  1.305070113e+00  1.306902950e+00  1.308802009e+00
  1.310769652e+00  1.312808552e+00  1.314921323e+00  1.317110597e+00
  1.319379462e+00  1.321731212e+00  1.324169145e+00  1.326696799e+00
  1.329318178e+00  1.332037459e+00  1.334858998e+00  1.337787564e+00
  1.340828411e+00  1.343987064e+00  1.347269458e+00  1.350682121e+00
  1.354232148e+00  1.357927143e+00  1.361775404e+00  1.365786062e+00
  1.369969203e+00  1.374335847e+00  1.378898030e+00  1.383669052e+00
  1.388663739e+00  1.393898615e+00  1.399392229e+00  1.405165477e+00
  1.411242071e+00  1.417649418e+00  1.424418959e+00  1.431588276e+00
  1.439200052e+00  1.447304267e+00  1.455963712e+00  1.465259713e+00
  1.475294797e+00  1.486204294e+00  1.498167420e+00  1.511455645e+00
  1.526496176e+00  1.543933172e+00  1.564991232e+00  1.591358841e+00
  1.631154504e+00
@R TRIAG 101 []
  0.000000000e+00  3.180834550e-03  5.730903100e-03  8.276257933e-03
  1.083026501e-02  1.339009208e-02  1.595003145e-02  1.851358770e-02
  2.108092019e-02  2.365183043e-02  2.622775010e-02  2.880773141e-02
  3.139290595e-02  3.398466298e-02  3.658197050e-02  3.918603994e-02
  4.179787671e-02  4.441746069e-02  4.704555953e-02  4.968257390e-02
  5.232902998e-02  5.498620994e-02  5.765503575e-02  6.033627525e-02
  6.303128003e-02  6.574095006e-02  6.846584746e-02  7.120687687e-02
  7.396459650e-02  7.674035963e-02  7.953589440e-02  8.235258909e-02
  8.519177751e-02  8.805515907e-02  9.094414194e-02  9.386010748e-02
  9.680462458e-02  9.977925642e-02  1.027855408e-01  1.058251615e-01
  1.088997425e-01  1.120109218e-01  1.151605495e-01  1.183503624e-01
  1.215821488e-01  1.248584304e-01  1.281814161e-01  1.315531587e-01
  1.349758167e-01  1.384517961e-01  1.419832356e-01  1.455725915e-01
  1.492224265e-01  1.529355582e-01  1.567146290e-01  1.605627023e-01
  1.644830124e-01  1.684787533e-01  1.725533854e-01  1.767107258e-01
  1.809548554e-01  1.852898338e-01  1.897202687e-01  1.942510267e-01
  1.988872319e-01  2.036343142e-01  2.084982141e-01  2.134853624e-01
  2.186027757e-01  2.238581267e-01  2.292596469e-01  2.348161597e-01
  2.405375124e-01  2.464347376e-01  2.525201547e-01  2.588074960e-01
  2.653105450e-01  2.720439185e-01  2.790742600e-01  2.863948459e-01
  2.940109789e-01  3.019489112e-01  3.102359358e-01  3.189015205e-01
  3.279820865e-01  3.375317385e-01  3.476176511e-01  3.583099241e-01
  3.696878969e-01  3.818570885e-01  3.949740337e-01  4.092443054e-01
  4.248733692e-01  4.421412452e-01  4.615602756e-01  4.839431762e-01
  5.103032814e-01  5.420953201e-01  5.824377515e-01  6.358852414e-01
  7.185136151e-01
@R PMHD 101 []
  7.384417720e+04  7.381180406e+04  7.371480588e+04  7.355354546e+04
  7.332862417e+04  7.304087709e+04  7.269136633e+04  7.228137256e+04
  7.181238498e+04  7.128608978e+04  7.070435723e+04  7.006922677e+04
  6.938288862e+04  6.864766641e+04  6.786600548e+04  6.704045588e+04
  6.617364643e+04  6.526826878e+04  6.432706429e+04  6.335280017e+04
  6.234824450e+04  6.131614448e+04  6.025924538e+04  5.918019320e+04
  5.808155010e+04  5.696624891e+04  5.583718294e+04  5.469623419e+04
  5.354494920e+04  5.238498599e+04  5.121794063e+04  5.004539336e+04
  4.886889349e+04  4.768996259e+04  4.651009247e+04  4.533074319e+04
  4.415334022e+04  4.297927681e+04  4.180990979e+04  4.064655869e+04
  3.949050737e+04  3.834299751e+04  3.720523499e+04  3.607838150e+04
  3.496356045e+04  3.386185162e+04  3.277429178e+04  3.170187572e+04
  3.064555250e+04  2.960622830e+04  2.858476463e+04  2.758197652e+04
  2.659863453e+04  2.563546398e+04  2.469314384e+04  2.377230702e+04
  2.287354093e+04  2.199738750e+04  2.114434175e+04  2.031485357e+04
  1.950932648e+04  1.872811926e+04  1.797154499e+04  1.723987044e+04
  1.653331764e+04  1.585206291e+04  1.519623698e+04  1.456592460e+04
  1.396116216e+04  1.338193898e+04  1.282819296e+04  1.229980934e+04
  1.179661406e+04  1.131836794e+04  1.086475693e+04  1.043537780e+04
  1.002971490e+04  9.647113868e+03  9.286737014e+03  8.947506646e+03
  8.628028652e+03  8.326493031e+03  8.040554698e+03  7.767208441e+03
  7.502687445e+03  7.242394836e+03  6.980978013e+03  6.712512152e+03
  6.430777841e+03  6.129538553e+03  5.802767133e+03  5.445005975e+03
  5.052640545e+03  4.626401143e+03  4.175025541e+03  3.716854479e+03
  3.277760237e+03  2.883795406e+03  2.548723445e+03  2.290240639e+03
  2.126724581e+03
@R QMHD 101 []
  1.169983530e+00  1.170140582e+00  1.170611541e+00  1.171395823e+00
  1.172492500e+00  1.173900362e+00  1.175618008e+00  1.177643955e+00
  1.179976776e+00  1.182615252e+00  1.185558367e+00  1.188801898e+00
  1.192336726e+00  1.196159127e+00  1.200277068e+00  1.204688819e+00
  1.209384406e+00  1.214370123e+00  1.219651350e+00  1.225224242e+00
  1.231081924e+00  1.237234286e+00  1.243683626e+00  1.250428705e+00
  1.257470097e+00  1.264811570e+00  1.272458517e+00  1.280412310e+00
  1.288675450e+00  1.297258356e+00  1.306168273e+00  1.315407487e+00
  1.324981925e+00  1.334903203e+00  1.345178720e+00  1.355814370e+00
  1.366818949e+00  1.378204353e+00  1.389980364e+00  1.402156095e+00
  1.414741582e+00  1.427751991e+00  1.441199211e+00  1.455094687e+00
  1.469452055e+00  1.484289234e+00  1.499621281e+00  1.515462787e+00
  1.531832619e+00  1.548751344e+00  1.566237801e+00  1.584311362e+00
  1.602996151e+00  1.622317112e+00  1.642298632e+00  1.662967019e+00
  1.684352640e+00  1.706486010e+00  1.729399551e+00  1.753128100e+00
  1.777710362e+00  1.803187115e+00  1.829600607e+00  1.856997593e+00
  1.885428911e+00  1.914949084e+00  1.945616384e+00  1.977494949e+00
  2.010654043e+00  2.045168474e+00  2.081119009e+00  2.118596617e+00
  2.157701378e+00  2.198542519e+00  2.241240855e+00  2.285931878e+00
  2.332765955e+00  2.381911634e+00  2.433556891e+00  2.487915652e+00
  2.545240438e+00  2.605819747e+00  2.669993126e+00  2.738177672e+00
  2.810860039e+00  2.888638206e+00  2.972262293e+00  3.062625456e+00
  3.160831859e+00  3.268284405e+00  3.386799685e+00  3.518851660e+00
  3.667859325e+00  3.838697997e+00  4.038162835e+00  4.280041246e+00
  4.563285385e+00  5.001296586e+00  5.352146796e+00  7.033854105e+00
  1.045770604e+01
@R ER 101 []
  0.000000000e+00  0.000000000e+00  0.000000000e+00  0.000000000e+00
  0.000000000e+00  0.000000000e+00  0.000000000e+00  0.000000000e+00
  0.000000000e+00  0.000000000e+00  0.000000000e+00  0.000000000e+00
  0.000000000e+00  0.000000000e+00  0.000000000e+00  0.000000000e+00
  0.000000000e+00  0.000000000e+00  0.000000000e+00  0.000000000e+00
  0.000000000e+00  0.000000000e+00  0.000000000e+00  0.000000000e+00
  0.000000000e+00  0.000000000e+00  0.000000000e+00  0.000000000e+00
  0.000000000e+00  0.000000000e+00  0.000000000e+00  0.000000000e+00
  0.000000000e+00  0.000000000e+00  0.000000000e+00  0.000000000e+00
  0.000000000e+00  0.000000000e+00  0.000000000e+00  0.000000000e+00
  0.000000000e+00  0.000000000e+00  0.000000000e+00  0.000000000e+00
  0.000000000e+00  0.000000000e+00  0.000000000e+00  0.000000000e+00
  0.000000000e+00  0.000000000e+00  0.000000000e+00  0.000000000e+00
  0.000000000e+00  0.000000000e+00  0.000000000e+00  0.000000000e+00
  0.000000000e+00  0.000000000e+00  0.000000000e+00  0.000000000e+00
  0.000000000e+00  0.000000000e+00  0.000000000e+00  0.000000000e+00
  0.000000000e+00  0.000000000e+00  0.000000000e+00  0.000000000e+00
  0.000000000e+00  0.000000000e+00  0.000000000e+00  0.000000000e+00
  0.000000000e+00  0.000000000e+00  0.000000000e+00  0.000000000e+00
  0.000000000e+00  0.000000000e+00  0.000000000e+00  0.000000000e+00
  0.000000000e+00  0.000000000e+00  0.000000000e+00  0.000000000e+00
  0.000000000e+00  0.000000000e+00  0.000000000e+00  0.000000000e+00
  0.000000000e+00  0.000000000e+00  0.000000000e+00  0.000000000e+00
  0.000000000e+00  0.000000000e+00  0.000000000e+00  0.000000000e+00
  0.000000000e+00  0.000000000e+00  0.000000000e+00  0.000000000e+00
  0.000000000e+00
@R NC1 101 []
  9.985000576e-01  9.329263008e-01  9.080804618e-01  8.900703764e-01
  8.755599836e-01  8.632635956e-01  8.525241818e-01  8.429532421e-01
  8.342994169e-01  8.263878245e-01  8.190912918e-01  8.123150475e-01
  8.059851524e-01  8.000428224e-01  7.944406085e-01  7.891394538e-01
  7.841071576e-01  7.793161629e-01  7.747427935e-01  7.703671634e-01
  7.661719749e-01  7.621418069e-01  7.582633950e-01  7.545251789e-01
  7.509163542e-01  7.474273393e-01  7.440498143e-01  7.407766698e-01
  7.376019460e-01  7.345201092e-01  7.315260018e-01  7.286151328e-01
  7.257831927e-01  7.230260404e-01  7.203401385e-01  7.177222181e-01
  7.151691143e-01  7.126779210e-01  7.102460034e-01  7.078709545e-01
  7.055505244e-01  7.032825495e-01  7.010650162e-01  6.988962134e-01
  6.967744998e-01  6.946981734e-01  6.926658077e-01  6.906761625e-01
  6.887279385e-01  6.868199048e-01  6.849510630e-01  6.831205068e-01
  6.813272541e-01  6.795704726e-01  6.778494845e-01  6.761635714e-01
  6.745121065e-01  6.728945656e-01  6.713104808e-01  6.697594350e-01
  6.682410545e-01  6.667550564e-01  6.653012128e-01  6.638793682e-01
  6.624894258e-01  6.611312899e-01  6.598050126e-01  6.585107269e-01
  6.572485981e-01  6.560189071e-01  6.548219649e-01  6.536582427e-01
  6.525282546e-01  6.514325603e-01  6.503719648e-01  6.493473391e-01
  6.483598258e-01  6.474109112e-01  6.465022453e-01  6.456360791e-01
  6.448148843e-01  6.440413946e-01  6.433195823e-01  6.426537540e-01
  6.420492079e-01  6.415140180e-01  6.410566248e-01  6.406863966e-01
  6.404178773e-01  6.402685168e-01  6.402576235e-01  6.404133435e-01
  6.407645395e-01  6.413404150e-01  6.421701397e-01  6.432884718e-01
  6.447414943e-01  6.467018903e-01  6.493279751e-01  6.538276794e-01
  6.625644139e-01
@R HFAC1 101 []
  1.000000000e+00  9.971267836e-01  9.942717753e-01  9.914352293e-01
  9.886171347e-01  9.858175285e-01  9.830364351e-01  9.802736783e-01
  9.775292629e-01  9.748030383e-01  9.720947457e-01  9.694042916e-01
  9.667313474e-01  9.640756069e-01  9.614368304e-01  9.588145996e-01
  9.562086201e-01  9.536185512e-01  9.510439246e-01  9.484844192e-01
  9.459396788e-01  9.434092652e-01  9.408929190e-01  9.383903278e-01
  9.359009564e-01  9.334244073e-01  9.309603823e-01  9.285087246e-01
  9.260695690e-01  9.236430274e-01  9.212291287e-01  9.188279939e-01
  9.164396467e-01  9.140640531e-01  9.117013355e-01  9.093515585e-01
  9.070147301e-01  9.046909539e-01  9.023803335e-01  9.000829268e-01
  8.977988754e-01  8.955283172e-01  8.932713415e-01  8.910281502e-01
  8.887989706e-01  8.865839375e-01  8.843832756e-01  8.821972954e-01
  8.800262398e-01  8.778703823e-01  8.757301040e-01  8.736057883e-01
  8.714977869e-01  8.694065528e-01  8.673325945e-01  8.652763735e-01
  8.632384578e-01  8.612195048e-01  8.592201413e-01  8.572410569e-01
  8.552830426e-01  8.533469379e-01  8.514336220e-01  8.495440765e-01
  8.476793840e-01  8.458406207e-01  8.440290116e-01  8.422459569e-01
  8.404929192e-01  8.387714767e-01  8.370833277e-01  8.354304064e-01
  8.338147729e-01  8.322385937e-01  8.307043699e-01  8.292148742e-01
  8.277732401e-01  8.263831101e-01  8.250485668e-01  8.237743795e-01
  8.225659058e-01  8.214292413e-01  8.203718981e-01  8.194026213e-01
  8.185320970e-01  8.177738429e-01  8.171434220e-01  8.166589215e-01
  8.163444459e-01  8.162300229e-01  8.163524474e-01  8.167595033e-01
  8.175050365e-01  8.186523105e-01  8.202706741e-01  8.224632213e-01
  8.253236683e-01  8.292410416e-01  8.344540937e-01  8.436068634e-01
  8.602362187e-01
@R HFAC2 101 []
  1.000000000e+00  9.942659521e-01  9.885927855e-01  9.829805460e-01
  9.774287527e-01  9.719370172e-01  9.665049231e-01  9.611316684e-01
  9.558168104e-01  9.505596003e-01  9.453590837e-01  9.402146376e-01
  9.351251936e-01  9.300897296e-01  9.251073560e-01  9.201768604e-01
  9.152972781e-01  9.104675561e-01  9.056864121e-01  9.009528616e-01
  8.962658637e-01  8.916242288e-01  8.870271089e-01  8.824735798e-01
  8.779623124e-01  8.734922301e-01  8.690624580e-01  8.646724059e-01
  8.603220190e-01  8.560111922e-01  8.517396738e-01  8.475073892e-01
  8.433140849e-01  8.391593968e-01  8.350432475e-01  8.309654686e-01
  8.269257862e-01  8.229240861e-01  8.189602646e-01  8.150341488e-01
  8.111457023e-01  8.072948746e-01  8.034815416e-01  7.997057818e-01
  7.959677059e-01  7.922672574e-01  7.886045454e-01  7.849798273e-01
  7.813932329e-01  7.778449371e-01  7.743353048e-01  7.708647055e-01
  7.674334377e-01  7.640419620e-01  7.606908415e-01  7.573805522e-01
  7.541117293e-01  7.508851505e-01  7.477015457e-01  7.445617364e-01
  7.414666877e-01  7.384174415e-01  7.354151024e-01  7.324609193e-01
  7.295562862e-01  7.267025786e-01  7.239014041e-01  7.211546287e-01
  7.184641936e-01  7.158322189e-01  7.132609907e-01  7.107531470e-01
  7.083115059e-01  7.059390269e-01  7.036391745e-01  7.014158049e-01
  6.992733224e-01  6.972169118e-01  6.952524149e-01  6.933867426e-01
  6.916276881e-01  6.899841299e-01  6.884671428e-01  6.870896339e-01
  6.858674167e-01  6.848208277e-01  6.839733452e-01  6.833523187e-01
  6.829946494e-01  6.829464099e-01  6.832636073e-01  6.840194883e-01
  6.852964336e-01  6.871907841e-01  6.898083415e-01  6.933048951e-01
  6.978281794e-01  7.039760358e-01  7.121418011e-01  7.264044258e-01
  7.525868483e-01
