r	R  4/ 4	R  5/ 4	R  6/ 4	R  7/ 4	I  4/ 4	I  5/ 4	I  6/ 4	I  7/ 4
 0.000000E+00	 0.00000000E+00	 0.00000000E+00	 0.00000000E+00	 0.00000000E+00	 0.00000000E+00	 0.00000000E+00	 0.00000000E+00	 0.00000000E+00
 5.000000E-03	-8.15970808E-12	-2.36313468E-12	 1.67642517E-12	-1.86323296E-13	 2.09274812E-08	-1.02108173E-10	-2.65369711E-09	-3.53697348E-11
 1.000000E-02	-6.68929163E-11	-9.08586663E-12	 9.26605978E-12	-9.22167695E-13	 1.29889637E-07	 1.00291795E-10	-5.20367956E-09	-1.36559791E-10
 1.500000E-02	-2.80663852E-10	-2.20103437E-11	 2.66770519E-11	-1.33541107E-12	 4.14770752E-07	 2.10519293E-09	-7.78421227E-09	-3.03005426E-10
 2.000000E-02	-7.57073555E-10	-4.62436092E-11	 5.03747371E-11	-6.53206962E-13	 9.63152835E-07	 8.44833783E-09	-1.03776348E-08	-5.32710035E-10
 2.500000E-02	-1.58389883E-09	-8.76213451E-11	 6.56280358E-11	 4.30860236E-13	 1.86211075E-06	 2.27048768E-08	-1.29703878E-08	-8.18009200E-10
 3.000000E-02	-2.79932800E-09	-1.49376203E-10	 3.25896580E-11	-2.00521451E-12	 3.19804854E-06	 4.94898411E-08	-1.55407260E-08	-1.14803844E-09
 3.500000E-02	-4.33653348E-09	-2.26186094E-10	-1.11585927E-10	-1.94879068E-11	 5.05655524E-06	 9.44115999E-08	-1.80565279E-08	-1.52096349E-09
 4.000000E-02	-6.09102022E-09	-3.14954359E-10	-3.71704238E-10	-6.41467249E-11	 7.52228920E-06	 1.64021098E-07	-2.04946491E-08	-1.92304852E-09
 4.500000E-02	-8.07954109E-09	-4.26509250E-10	-6.69038819E-10	-1.32362049E-10	 1.06788595E-05	 2.65979054E-07	-2.28514930E-08	-2.29996971E-09
 5.000000E-02	-1.03907119E-08	-5.60660417E-10	-9.79738379E-10	-2.17837956E-10	 1.46087261E-05	 4.09265619E-07	-2.51133343E-08	-2.58430351E-09
 5.500000E-02	-1.29981518E-08	-6.86277286E-10	-1.41008978E-09	-3.31873111E-10	 1.93931441E-05	 6.04086935E-07	-2.72466229E-08	-2.72246216E-09
 6.000000E-02	-1.56750985E-08	-7.41068747E-10	-2.15239289E-09	-5.01548847E-10	 2.51121300E-05	 8.61718632E-07	-2.92140235E-08	-2.68900110E-09
 6.500000E-02	-1.80074408E-08	-6.46332791E-10	-3.38572514E-09	-7.70656211E-10	 3.18444647E-05	 1.19439761E-06	-3.09782705E-08	-2.52738933E-09
 7.000000E-02	-1.96883105E-08	-4.10955330E-10	-4.97472875E-09	-1.14500972E-09	 3.96677555E-05	 1.61536878E-06	-3.25465690E-08	-2.31436010E-09
 7.500000E-02	-2.09071807E-08	-1.97809388E-10	-6.38055369E-09	-1.52858654E-09	 4.86583725E-05	 2.13963011E-06	-3.39321775E-08	-2.09594011E-09
 8.000000E-02	-2.22595460E-08	-2.35349104E-10	-7.04060073E-09	-1.77319664E-09	 5.88912884E-05	 2.78464695E-06	-3.49802736E-08	-1.91247195E-09
 8.500000E-02	-2.44330625E-08	-7.31279371E-10	-6.64505347E-09	-1.74759226E-09	 7.04400505E-05	 3.57033816E-06	-3.52525573E-08	-1.82479094E-09
 9.000000E-02	-2.79691906E-08	-1.78185173E-09	-5.25705026E-09	-1.39905275E-09	 8.33766786E-05	 4.51883339E-06	-3.39731038E-08	-1.93290968E-09
 9.500000E-02	-3.30424815E-08	-3.31354998E-09	-3.32425744E-09	-7.88385138E-10	 9.77718253E-05	 5.65391447E-06	-3.00540099E-08	-2.38276418E-09
 1.000000E-01	-3.93830425E-08	-5.10487602E-09	-1.52252718E-09	-5.58345528E-11	 1.13694781E-04	 7.00039744E-06	-2.22054272E-08	-3.39030826E-09
 1.050000E-01	-4.63610226E-08	-6.85929788E-09	-5.08347675E-10	 6.07670539E-10	 1.31213575E-04	 8.58372163E-06	-8.97930860E-09	-5.31287164E-09
 1.100000E-01	-5.35443252E-08	-8.51547403E-09	-3.29658178E-10	 1.09107492E-09	 1.50394691E-04	 1.04298685E-05	 1.10217956E-08	-8.63270851E-09
 1.150000E-01	-6.12749111E-08	-1.04158600E-08	-2.82843297E-10	 1.50336641E-09	 1.71302909E-04	 1.25667550E-05	 3.92145461E-08	-1.38440108E-08
 1.200000E-01	-7.01759847E-08	-1.28955660E-08	 1.63584208E-10	 2.01738263E-09	 1.94000239E-04	 1.50250535E-05	 7.72806645E-08	-2.15195334E-08
 1.250000E-01	-8.03818064E-08	-1.59433454E-08	 8.12073097E-10	 2.65530615E-09	 2.18547129E-04	 1.78376817E-05	 1.27361179E-07	-3.24322000E-08
 1.300000E-01	-9.15379371E-08	-1.93087597E-08	 1.10728965E-09	 3.30176215E-09	 2.45005574E-04	 2.10397689E-05	 1.92264290E-07	-4.75087894E-08
 1.350000E-01	-1.03089708E-07	-2.26937622E-08	 5.59758278E-10	 3.79086683E-09	 2.73438849E-04	 2.46683664E-05	 2.75225508E-07	-6.78491272E-08
 1.400000E-01	-1.14678607E-07	-2.60476103E-08	-8.53673988E-10	 4.04445169E-09	 3.03911920E-04	 2.87628903E-05	 3.79832796E-07	-9.47137096E-08
 1.450000E-01	-1.26504239E-07	-2.97182290E-08	-2.58124826E-09	 4.16918501E-09	 3.36491742E-04	 3.33664665E-05	 5.10066211E-07	-1.29512974E-07
 1.500000E-01	-1.39128344E-07	-3.41430281E-08	-3.98685466E-09	 4.32187751E-09	 3.71242450E-04	 3.85259324E-05	 6.70968545E-07	-1.73848034E-07
 1.550000E-01	-1.53025788E-07	-3.95108547E-08	-4.81921723E-09	 4.56988721E-09	 4.08213363E-04	 4.42888489E-05	 8.70214297E-07	-2.29409428E-07
 1.600000E-01	-1.68009687E-07	-4.53672303E-08	-5.62647414E-09	 4.77951664E-09	 4.47444556E-04	 5.07022141E-05	 1.11620703E-06	-2.98010935E-07
 1.650000E-01	-1.82923541E-07	-5.05503128E-08	-7.58041062E-09	 4.53700593E-09	 4.88968490E-04	 5.78107143E-05	 1.41794812E-06	-3.81760227E-07
 1.700000E-01	-1.96924034E-07	-5.45125637E-08	-1.08535214E-08	 3.58408617E-09	 5.32808926E-04	 6.56551370E-05	 1.78474749E-06	-4.83042891E-07
 1.750000E-01	-2.10801986E-07	-5.82171219E-08	-1.40108919E-08	 2.27369654E-09	 5.78977931E-04	 7.42741363E-05	 2.22635804E-06	-6.04262789E-07
 1.800000E-01	-2.25666705E-07	-6.25547267E-08	-1.61066050E-08	 1.06427267E-09	 6.27475786E-04	 8.37058698E-05	 2.75387468E-06	-7.47587297E-07
 1.850000E-01	-2.41221049E-07	-6.69498352E-08	-1.79029450E-08	-1.27993877E-10	 6.78319782E-04	 9.39886859E-05	 3.37461826E-06	-9.15279867E-07
 1.900000E-01	-2.56449337E-07	-7.03689348E-08	-2.04188541E-08	-1.65157371E-09	 7.31545294E-04	 1.05159777E-04	 4.09219595E-06	-1.11017887E-06
 1.950000E-01	-2.70861325E-07	-7.24931253E-08	-2.37995360E-08	-3.62157052E-09	 7.87189004E-04	 1.17254576E-04	 4.90993758E-06	-1.33565759E-06
 2.000000E-01	-2.84570208E-07	-7.37374261E-08	-2.76143895E-08	-5.82651481E-09	 8.45289334E-04	 1.30307945E-04	 5.83071712E-06	-1.59547185E-06
 2.050000E-01	-2.98032965E-07	-7.49642214E-08	-3.12906520E-08	-7.82708719E-09	 9.05887063E-04	 1.44354282E-04	 6.85695802E-06	-1.89364549E-06
 2.100000E-01	-3.11806576E-07	-7.70500811E-08	-3.44172288E-08	-9.18461401E-09	 9.69019709E-04	 1.59425217E-04	 7.99174707E-06	-2.23422622E-06
 2.150000E-01	-3.26294977E-07	-8.05453287E-08	-3.69188372E-08	-9.63761731E-09	 1.03471081E-03	 1.75545568E-04	 9.24035224E-06	-2.62111546E-06
 2.200000E-01	-3.41648915E-07	-8.55725685E-08	-3.90308978E-08	-9.14512863E-09	 1.10298098E-03	 1.92734736E-04	 1.06074646E-05	-3.05796905E-06
 2.250000E-01	-3.57753678E-07	-9.18477643E-08	-4.11740264E-08	-7.86775879E-09	 1.17385037E-03	 2.11006479E-04	 1.20961255E-05	-3.54830430E-06
 2.300000E-01	-3.74431525E-07	-9.90654840E-08	-4.36707694E-08	-5.99473747E-09	 1.24733883E-03	 2.30368149E-04	 1.37073335E-05	-4.09550484E-06
 2.350000E-01	-3.91665390E-07	-1.07207844E-07	-4.65992336E-08	-3.60501794E-09	 1.32347222E-03	 2.50822779E-04	 1.54390649E-05	-4.70298471E-06
 2.400000E-01	-4.09532633E-07	-1.16355762E-07	-4.99425764E-08	-7.34121767E-10	 1.40228786E-03	 2.72371237E-04	 1.72856781E-05	-5.37439816E-06
 2.450000E-01	-4.28085384E-07	-1.26454706E-07	-5.36915987E-08	 2.52069467E-09	 1.48382775E-03	 2.95010391E-04	 1.92392792E-05	-6.11345519E-06
 2.500000E-01	-4.47396315E-07	-1.37272832E-07	-5.77711875E-08	 5.93160253E-09	 1.56813862E-03	 3.18732247E-04	 2.12894094E-05	-6.92379615E-06
 2.550000E-01	-4.67518186E-07	-1.48231395E-07	-6.21196670E-08	 9.11171972E-09	 1.65527122E-03	 3.43523378E-04	 2.34228226E-05	-7.80882960E-06
 2.600000E-01	-4.87921649E-07	-1.57557021E-07	-6.72445399E-08	 1.13811675E-08	 1.74527644E-03	 3.69363516E-04	 2.56242364E-05	-8.77143957E-06
 2.650000E-01	-5.07180751E-07	-1.62229815E-07	-7.41701426E-08	 1.17959339E-08	 1.83821007E-03	 3.96223426E-04	 2.78747847E-05	-9.81421862E-06
 2.700000E-01	-5.24510046E-07	-1.61389691E-07	-8.28176179E-08	 1.02600486E-08	 1.93413398E-03	 4.24063469E-04	 3.01506374E-05	-1.09397688E-05
 2.750000E-01	-5.41215003E-07	-1.58469886E-07	-9.15681355E-08	 8.23593364E-09	 2.03311515E-03	 4.52837619E-04	 3.24238812E-05	-1.21504348E-05
 2.800000E-01	-5.58704398E-07	-1.56170414E-07	-9.98099204E-08	 6.93869706E-09	 2.13522878E-03	 4.82496122E-04	 3.46629262E-05	-1.34480947E-05
 2.850000E-01	-5.76175514E-07	-1.52423205E-07	-1.09110639E-07	 5.87277971E-09	 2.24055865E-03	 5.12981393E-04	 3.68332125E-05	-1.48339907E-05
 2.900000E-01	-5.92345835E-07	-1.45205937E-07	-1.20704694E-07	 4.52064818E-09	 2.34920124E-03	 5.44228397E-04	 3.88974741E-05	-1.63088430E-05
 2.950000E-01	-6.07793020E-07	-1.36941084E-07	-1.34071524E-07	 3.89372468E-09	 2.46125982E-03	 5.76173083E-04	 4.08179186E-05	-1.78735902E-05
 3.000000E-01	-6.23755561E-07	-1.30792732E-07	-1.48805593E-07	 5.23572330E-09	 2.57684046E-03	 6.08761130E-04	 4.25614407E-05	-1.95288120E-05
 3.050000E-01	-6.40288689E-07	-1.26897695E-07	-1.65784419E-07	 8.70331411E-09	 2.69605427E-03	 6.41939354E-04	 4.40956419E-05	-2.12749763E-05
 3.100000E-01	-6.56938705E-07	-1.24519147E-07	-1.85920832E-07	 1.40841238E-08	 2.81901318E-03	 6.75646904E-04	 4.53844420E-05	-2.31134235E-05
 3.150000E-01	-6.73908469E-07	-1.24407997E-07	-2.09291709E-07	 2.15940185E-08	 2.94582264E-03	 7.09820158E-04	 4.63917615E-05	-2.50461813E-05
 3.200000E-01	-6.91669093E-07	-1.27371094E-07	-2.35774153E-07	 3.14061853E-08	 3.07657828E-03	 7.44390972E-04	 4.70788605E-05	-2.70768542E-05
 3.250000E-01	-7.10247685E-07	-1.32673184E-07	-2.65519730E-07	 4.31365832E-08	 3.21137445E-03	 7.79289502E-04	 4.74064682E-05	-2.92094054E-05
 3.300000E-01	-7.29395624E-07	-1.38738339E-07	-2.98613591E-07	 5.61075273E-08	 3.35031612E-03	 8.14448286E-04	 4.73359248E-05	-3.14472208E-05
 3.350000E-01	-7.48950862E-07	-1.44050978E-07	-3.34822205E-07	 6.96792542E-08	 3.49351921E-03	 8.49802294E-04	 4.68280726E-05	-3.37934248E-05
 3.400000E-01	-7.68758917E-07	-1.47016988E-07	-3.73816750E-07	 8.32596723E-08	 3.64110349E-03	 8.85287661E-04	 4.58462357E-05	-3.62496791E-05
 3.450000E-01	-7.88535791E-07	-1.45817467E-07	-4.15336771E-07	 9.62757399E-08	 3.79319394E-03	 9.20832746E-04	 4.43536252E-05	-3.88145603E-05
 3.500000E-01	-8.08088669E-07	-1.39077219E-07	-4.59015681E-07	 1.08349631E-07	 3.94992624E-03	 9.56357674E-04	 4.23135010E-05	-4.14822163E-05
 3.550000E-01	-8.27509255E-07	-1.26185707E-07	-5.04382342E-07	 1.19384335E-07	 4.11144104E-03	 9.91780796E-04	 3.96896869E-05	-4.42439553E-05
 3.600000E-01	-8.46615477E-07	-1.05703215E-07	-5.51512497E-07	 1.29094008E-07	 4.27788290E-03	 1.02702618E-03	 3.64486374E-05	-4.70887264E-05
 3.650000E-01	-8.64401256E-07	-7.45431978E-08	-6.01320518E-07	 1.36814840E-07	 4.44939860E-03	 1.06201953E-03	 3.25575431E-05	-5.00030275E-05
 3.700000E-01	-8.79940020E-07	-3.13884417E-08	-6.54657421E-07	 1.42724287E-07	 4.62613496E-03	 1.09668245E-03	 2.79797449E-05	-5.29719223E-05
 3.750000E-01	-8.93559862E-07	 2.05803842E-08	-7.11701166E-07	 1.48677981E-07	 4.80823853E-03	 1.13094219E-03	 2.26797770E-05	-5.59785090E-05
 3.800000E-01	-9.06341709E-07	 7.66133528E-08	-7.72576457E-07	 1.56937695E-07	 4.99585644E-03	 1.16473986E-03	 1.66282135E-05	-5.90031677E-05
 3.850000E-01	-9.19033658E-07	 1.33883767E-07	-8.37967264E-07	 1.68870656E-07	 5.18913563E-03	 1.19802464E-03	 9.79712657E-06	-6.20248540E-05
 3.900000E-01	-9.31516057E-07	 1.92699320E-07	-9.09239977E-07	 1.84639587E-07	 5.38822777E-03	 1.23074623E-03	 2.15242679E-06	-6.50232803E-05
 3.950000E-01	-9.42690243E-07	 2.56066243E-07	-9.88212792E-07	 2.03471766E-07	 5.59329509E-03	 1.26285426E-03	-6.34398149E-06	-6.79789546E-05
 4.000000E-01	-9.51730682E-07	 3.25161558E-07	-1.07600475E-06	 2.25312713E-07	 5.80450473E-03	 1.29430189E-03	-1.57291770E-05	-7.08744187E-05
 4.050000E-01	-9.59490639E-07	 3.96136967E-07	-1.17231622E-06	 2.51839600E-07	 6.02200911E-03	 1.32504680E-03	-2.60364106E-05	-7.36944553E-05
 4.100000E-01	-9.67526115E-07	 4.64720925E-07	-1.27653988E-06	 2.84620731E-07	 6.24595100E-03	 1.35503704E-03	-3.73050455E-05	-7.64247388E-05
 4.150000E-01	-9.76372231E-07	 5.31091242E-07	-1.38890266E-06	 3.23454898E-07	 6.47647506E-03	 1.38420489E-03	-4.95779916E-05	-7.90472425E-05
 4.200000E-01	-9.85064267E-07	 5.99836053E-07	-1.51067061E-06	 3.66721181E-07	 6.71373882E-03	 1.41247611E-03	-6.28928911E-05	-8.15357109E-05
 4.250000E-01	-9.91464920E-07	 6.77635102E-07	-1.64373780E-06	 4.12348490E-07	 6.95791152E-03	 1.43976736E-03	-7.72913446E-05	-8.38597432E-05
 4.300000E-01	-9.94359753E-07	 7.66577576E-07	-1.78883299E-06	 4.60044321E-07	 7.20918646E-03	 1.46598490E-03	-9.28303637E-05	-8.59891004E-05
 4.350000E-01	-9.95422439E-07	 8.60355386E-07	-1.94460736E-06	 5.12439778E-07	 7.46776836E-03	 1.49103569E-03	-1.09571659E-04	-8.78926479E-05
 4.400000E-01	-9.96481675E-07	 9.53901222E-07	-2.11064938E-06	 5.71758173E-07	 7.73387219E-03	 1.51483071E-03	-1.27578195E-04	-8.95367159E-05
 4.450000E-01	-9.96113855E-07	 1.05111219E-06	-2.28963517E-06	 6.37322942E-07	 8.00773633E-03	 1.53727312E-03	-1.46919392E-04	-9.08838423E-05
 4.500000E-01	-9.92288648E-07	 1.15570180E-06	-2.48392739E-06	 7.08552209E-07	 8.28961630E-03	 1.55825134E-03	-1.67669835E-04	-9.18927674E-05
 4.550000E-01	-9.86097932E-07	 1.26305609E-06	-2.69277472E-06	 7.87431455E-07	 8.57977183E-03	 1.57764636E-03	-1.89906264E-04	-9.25197499E-05
 4.600000E-01	-9.79452732E-07	 1.36835410E-06	-2.91529314E-06	 8.75859975E-07	 8.87846837E-03	 1.59533586E-03	-2.13709082E-04	-9.27189025E-05
 4.650000E-01	-9.71604684E-07	 1.47419279E-06	-3.15309371E-06	 9.73335501E-07	 9.18596027E-03	 1.61118329E-03	-2.39158463E-04	-9.24415753E-05
 4.700000E-01	-9.60995728E-07	 1.58429565E-06	-3.40770699E-06	 1.07892539E-06	 9.50250173E-03	 1.62502582E-03	-2.66341450E-04	-9.16365134E-05
 4.750000E-01	-9.48092871E-07	 1.69750497E-06	-3.67833537E-06	 1.19308339E-06	 9.82836356E-03	 1.63668207E-03	-2.95354020E-04	-9.02484046E-05
 4.800000E-01	-9.33502127E-07	 1.81317945E-06	-3.96443391E-06	 1.31620347E-06	 1.01638307E-02	 1.64596450E-03	-3.26294954E-04	-8.82162741E-05
 4.850000E-01	-9.15481224E-07	 1.93560568E-06	-4.26772616E-06	 1.44745349E-06	 1.05092008E-02	 1.65267548E-03	-3.59266401E-04	-8.54742900E-05
 4.900000E-01	-8.92810891E-07	 2.06645584E-06	-4.58865771E-06	 1.58676201E-06	 1.08647842E-02	 1.65660371E-03	-3.94376269E-04	-8.19530169E-05
 4.950000E-01	-8.68089296E-07	 2.19962755E-06	-4.92380038E-06	 1.73602913E-06	 1.12308867E-02	 1.65753531E-03	-4.31730138E-04	-7.75772222E-05
 5.000000E-01	-8.43365529E-07	 2.33306590E-06	-5.27114201E-06	 1.89578846E-06	 1.16078079E-02	 1.65526779E-03	-4.71427552E-04	-7.22633713E-05
 5.050000E-01	-8.14885229E-07	 2.47744207E-06	-5.63437954E-06	 2.06309805E-06	 1.19958493E-02	 1.64960924E-03	-5.13564667E-04	-6.59192510E-05
 5.100000E-01	-7.77931229E-07	 2.64207264E-06	-6.01691024E-06	 2.23581328E-06	 1.23953484E-02	 1.64038037E-03	-5.58242493E-04	-5.84419084E-05
 5.150000E-01	-7.33419591E-07	 2.82293852E-06	-6.41622352E-06	 2.41565661E-06	 1.28066449E-02	 1.62741468E-03	-6.05565288E-04	-4.97210443E-05
 5.200000E-01	-6.84124443E-07	 3.01377531E-06	-6.82925287E-06	 2.60491380E-06	 1.32300603E-02	 1.61055227E-03	-6.55646483E-04	-3.96454280E-05
 5.250000E-01	-6.28674267E-07	 3.21679763E-06	-7.25803197E-06	 2.80387253E-06	 1.36659092E-02	 1.58964219E-03	-7.08603861E-04	-2.80968535E-05
 5.300000E-01	-5.63457663E-07	 3.43620465E-06	-7.70654559E-06	 3.01283704E-06	 1.41144721E-02	 1.56454480E-03	-7.64538569E-04	-1.49414355E-05
 5.350000E-01	-4.86812240E-07	 3.67041723E-06	-8.17640849E-06	 3.23380940E-06	 1.45760261E-02	 1.53511503E-03	-8.23558826E-04	-3.60501502E-08
 5.400000E-01	-4.00387688E-07	 3.91162652E-06	-8.66577514E-06	 3.46990083E-06	 1.50508385E-02	 1.50119848E-03	-8.85784375E-04	 1.67614709E-05
 5.450000E-01	-3.08551966E-07	 4.14907874E-06	-9.17054056E-06	 3.72436348E-06	 1.55392085E-02	 1.46264151E-03	-9.51350176E-04	 3.56026075E-05
 5.500000E-01	-2.12854368E-07	 4.37944898E-06	-9.69093507E-06	 3.99875373E-06	 1.60416050E-02	 1.41927783E-03	-1.02045503E-03	 5.66648074E-05
 5.550000E-01	-1.07317870E-07	 4.61128089E-06	-1.02349642E-05	 4.29230801E-06	 1.65585602E-02	 1.37091083E-03	-1.09332011E-03	 8.01402257E-05
 5.600000E-01	 1.25462826E-08	 4.84710370E-06	-1.08065436E-05	 4.60524295E-06	 1.70905837E-02	 1.31728547E-03	-1.17016335E-03	 1.06217842E-04
 5.650000E-01	 1.39726679E-07	 5.07191783E-06	-1.13963107E-05	 4.94031390E-06	 1.76381597E-02	 1.25809190E-03	-1.25119976E-03	 1.35093798E-04
 5.700000E-01	 2.66224741E-07	 5.27456962E-06	-1.19959562E-05	 5.29887500E-06	 1.82016566E-02	 1.19299755E-03	-1.33660056E-03	 1.66985924E-04
 5.750000E-01	 3.96589273E-07	 5.46405376E-06	-1.26116862E-05	 5.67905800E-06	 1.87814995E-02	 1.12162471E-03	-1.42656234E-03	 2.02134912E-04
 5.800000E-01	 5.38862443E-07	 5.65057099E-06	-1.32508576E-05	 6.07910868E-06	 1.93782185E-02	 1.04353334E-03	-1.52132083E-03	 2.40790923E-04
 5.850000E-01	 6.91118796E-07	 5.82928989E-06	-1.39080356E-05	 6.49909630E-06	 1.99924113E-02	 9.58257490E-04	-1.62112931E-03	 2.83227048E-04
 5.900000E-01	 8.46468797E-07	 5.99208590E-06	-1.45734699E-05	 6.93899288E-06	 2.06247312E-02	 8.65342144E-04	-1.72626000E-03	 3.29759791E-04
 5.950000E-01	 1.00269700E-06	 6.13956069E-06	-1.52435579E-05	 7.39757741E-06	 2.12757878E-02	 7.64353913E-04	-1.83697127E-03	 3.80729010E-04
 6.000000E-01	 1.16291368E-06	 6.27909315E-06	-1.59201091E-05	 7.87326223E-06	 2.19461582E-02	 6.54859001E-04	-1.95351913E-03	 4.36494564E-04
 6.050000E-01	 1.33298996E-06	 6.41972836E-06	-1.66066915E-05	 8.36494208E-06	 2.26363776E-02	 5.36410999E-04	-2.07615659E-03	 4.97440643E-04
 6.100000E-01	 1.51757503E-06	 6.56609637E-06	-1.73039410E-05	 8.87265838E-06	 2.33469892E-02	 4.08547518E-04	-2.20515788E-03	 5.63975808E-04
 6.150000E-01	 1.71646871E-06	 6.71539040E-06	-1.80063097E-05	 9.39736574E-06	 2.40785729E-02	 2.70804459E-04	-2.34082980E-03	 6.36534964E-04
 6.200000E-01	 1.92685172E-06	 6.86203926E-06	-1.87056388E-05	 9.94001371E-06	 2.48316657E-02	 1.22734918E-04	-2.48347314E-03	 7.15568872E-04
 6.250000E-01	 2.14718407E-06	 7.00209320E-06	-1.93957256E-05	 1.05014572E-05	 2.56067675E-02	-3.61051082E-05	-2.63338315E-03	 8.01544495E-04
 6.300000E-01	 2.37848707E-06	 7.13366378E-06	-2.00735262E-05	 1.10828222E-05	 2.64044598E-02	-2.06187191E-04	-2.79089828E-03	 8.94953435E-04
 6.350000E-01	 2.62398034E-06	 7.25539574E-06	-2.07379503E-05	 1.16856085E-05	 2.72253330E-02	-3.87978874E-04	-2.95634851E-03	 9.96303518E-04
 6.400000E-01	 2.88506288E-06	 7.36247043E-06	-2.13843864E-05	 1.23107710E-05	 2.80699194E-02	-5.81912945E-04	-3.13000098E-03	 1.10611363E-03
 6.450000E-01	 3.15766054E-06	 7.44576002E-06	-2.20021302E-05	 1.29581403E-05	 2.89391076E-02	-7.88428076E-04	-3.31224994E-03	 1.22504528E-03
 6.500000E-01	 3.43640123E-06	 7.49718327E-06	-2.25812013E-05	 1.36285392E-05	 2.98341889E-02	-1.00791563E-03	-3.50363442E-03	 1.35411485E-03
 6.550000E-01	 3.71972487E-06	 7.51250725E-06	-2.31168538E-05	 1.43242981E-05	 3.07563879E-02	-1.24067119E-03	-3.70459679E-03	 1.49458918E-03
 6.600000E-01	 4.00703798E-06	 7.48836199E-06	-2.36058038E-05	 1.50499116E-05	 3.17073768E-02	-1.48700362E-03	-3.91574777E-03	 1.64823711E-03
 6.650000E-01	 4.29467911E-06	 7.42099691E-06	-2.40420757E-05	 1.58097068E-05	 3.26895950E-02	-1.74728082E-03	-4.13804942E-03	 1.81733897E-03
 6.700000E-01	 4.57957127E-06	 7.30887031E-06	-2.44212013E-05	 1.66081437E-05	 3.37056131E-02	-2.02189144E-03	-4.37251262E-03	 2.00454283E-03
 6.750000E-01	 4.86361487E-06	 7.15297720E-06	-2.47442489E-05	 1.74520827E-05	 3.47579599E-02	-2.31138217E-03	-4.62013354E-03	 2.21289648E-03
 6.800000E-01	 5.14791909E-06	 6.95253583E-06	-2.50086505E-05	 1.83476544E-05	 3.58487091E-02	-2.61635333E-03	-4.88165237E-03	 2.44584298E-03
 6.850000E-01	 5.42634334E-06	 6.70496112E-06	-2.52031709E-05	 1.92964505E-05	 3.69805585E-02	-2.93765217E-03	-5.15815020E-03	 2.70747906E-03
 6.900000E-01	 5.68900136E-06	 6.41028634E-06	-2.53137420E-05	 2.02955630E-05	 3.81566214E-02	-3.27640241E-03	-5.45093274E-03	 3.00249558E-03
 6.950000E-01	 5.92853761E-06	 6.07288562E-06	-2.53295438E-05	 2.13408219E-05	 3.93793024E-02	-3.63376803E-03	-5.76085417E-03	 3.33595156E-03
 7.000000E-01	 6.14543190E-06	 5.70067503E-06	-2.52505570E-05	 2.24332697E-05	 4.06514485E-02	-4.01122641E-03	-6.08896220E-03	 3.71360776E-03
 7.050000E-01	 6.34936405E-06	 5.30110794E-06	-2.50868226E-05	 2.35812932E-05	 4.19763951E-02	-4.41062580E-03	-6.43648388E-03	 4.14187392E-03
 7.100000E-01	 6.54653204E-06	 4.87641253E-06	-2.48389844E-05	 2.47874884E-05	 4.33571608E-02	-4.83409290E-03	-6.80428318E-03	 4.62726775E-03
 7.150000E-01	 6.72826195E-06	 4.42662501E-06	-2.44877683E-05	 2.60370053E-05	 4.47964864E-02	-5.28409061E-03	-7.19286258E-03	 5.17655169E-03
 7.200000E-01	 6.88495462E-06	 3.95559507E-06	-2.40167474E-05	 2.73095500E-05	 4.62969479E-02	-5.76342218E-03	-7.60239253E-03	 5.79682101E-03
 7.250000E-01	 7.02146499E-06	 3.46795570E-06	-2.34295706E-05	 2.85968297E-05	 4.78612445E-02	-6.27533277E-03	-8.03280393E-03	 6.49552425E-03
 7.300000E-01	 7.14216304E-06	 2.96541179E-06	-2.27271307E-05	 2.98862333E-05	 4.94922915E-02	-6.82357949E-03	-8.48375141E-03	 7.28037997E-03
 7.350000E-01	 7.23471082E-06	 2.45297503E-06	-2.18916718E-05	 3.11374801E-05	 5.11930460E-02	-7.41239453E-03	-8.95446046E-03	 8.15925288E-03
 7.400000E-01	 7.28805237E-06	 1.94182640E-06	-2.09147480E-05	 3.23055189E-05	 5.29663078E-02	-8.04645042E-03	-9.44356972E-03	 9.13999261E-03
 7.450000E-01	 7.31141737E-06	 1.43970482E-06	-1.98160760E-05	 3.33760204E-05	 5.48152573E-02	-8.73111531E-03	-9.94946999E-03	 1.02306534E-02
 7.500000E-01	 7.31680786E-06	 9.47732038E-07	-1.86148476E-05	 3.43423094E-05	 5.67428226E-02	-9.47233586E-03	-1.04697828E-02	 1.14390822E-02
 7.550000E-01	 7.30008697E-06	 4.70512316E-07	-1.73118421E-05	 3.51672651E-05	 5.87514294E-02	-1.02766010E-02	-1.10011465E-02	 1.27725665E-02
 7.600000E-01	 7.25476004E-06	 1.77246301E-08	-1.59134651E-05	 3.58054579E-05	 6.08440756E-02	-1.11512811E-02	-1.15400270E-02	 1.42384746E-02
 7.650000E-01	 7.18689345E-06	-4.05220097E-07	-1.44449772E-05	 3.62370131E-05	 6.30239457E-02	-1.21045540E-02	-1.20823810E-02	 1.58440408E-02
 7.700000E-01	 7.10344948E-06	-7.96112492E-07	-1.29315476E-05	 3.64467382E-05	 6.52940301E-02	-1.31454868E-02	-1.26233146E-02	 1.75959651E-02
 7.750000E-01	 7.00073194E-06	-1.14586088E-06	-1.13887883E-05	 3.63954551E-05	 6.76568593E-02	-1.42838978E-02	-1.31568882E-02	 1.95002186E-02
 7.800000E-01	 6.87765192E-06	-1.44383089E-06	-9.84019333E-06	 3.60570116E-05	 7.01156107E-02	-1.55309250E-02	-1.36770430E-02	 2.15631303E-02
 7.850000E-01	 6.74629380E-06	-1.69198788E-06	-8.31925887E-06	 3.54555669E-05	 7.26720179E-02	-1.68981660E-02	-1.41758102E-02	 2.37890362E-02
 7.900000E-01	 6.61789211E-06	-1.90018650E-06	-6.85016507E-06	 3.46288144E-05	 7.53274422E-02	-1.83980965E-02	-1.46439699E-02	 2.61812461E-02
 7.950000E-01	 6.49118699E-06	-2.07000747E-06	-5.44423862E-06	 3.35802395E-05	 7.80860011E-02	-2.00457776E-02	-1.50733942E-02	 2.87457207E-02
 8.000000E-01	 6.36181791E-06	-2.19438693E-06	-4.11453183E-06	 3.22943290E-05	 8.09503208E-02	-2.18567310E-02	-1.54535779E-02	 3.14856341E-02
 8.050000E-01	 6.23178919E-06	-2.27009126E-06	-2.88027941E-06	 3.07816208E-05	 8.39232266E-02	-2.38480450E-02	-1.57731531E-02	 3.44030195E-02
 8.100000E-01	 6.10521935E-06	-2.29922232E-06	-1.75717693E-06	 2.90771730E-05	 8.70073775E-02	-2.60380248E-02	-1.60198824E-02	 3.74978773E-02
 8.150000E-01	 5.98366883E-06	-2.28535815E-06	-7.52288027E-07	 2.72262655E-05	 9.02032711E-02	-2.84448306E-02	-1.61794072E-02	 4.07645573E-02
 8.200000E-01	 5.86902559E-06	-2.23741932E-06	 1.33181937E-07	 2.52945094E-05	 9.35092249E-02	-3.10860275E-02	-1.62353174E-02	 4.41916033E-02
 8.250000E-01	 5.76436983E-06	-2.17431090E-06	 9.06213649E-07	 2.33721800E-05	 9.69256819E-02	-3.39815084E-02	-1.61720910E-02	 4.77691955E-02
 8.300000E-01	 5.66709781E-06	-2.10855885E-06	 1.58388354E-06	 2.15135574E-05	 1.00454207E-01	-3.71532171E-02	-1.59738352E-02	 5.14880838E-02
 8.350000E-01	 5.56834448E-06	-2.02880896E-06	 2.18234800E-06	 1.96950967E-05	 1.04096000E-01	-4.06239502E-02	-1.56233871E-02	 5.53367088E-02
 8.400000E-01	 5.46395321E-06	-1.91912959E-06	 2.70923780E-06	 1.78928615E-05	 1.07852370E-01	-4.44173725E-02	-1.51033808E-02	 5.93007359E-02
 8.450000E-01	 5.35790068E-06	-1.78408374E-06	 3.17048754E-06	 1.61487045E-05	 1.11719313E-01	-4.85522232E-02	-1.43933843E-02	 6.33525739E-02
 8.500000E-01	 5.25260480E-06	-1.63613191E-06	 3.57770258E-06	 1.45136857E-05	 1.15692663E-01	-5.30461125E-02	-1.34738530E-02	 6.74609549E-02
 8.550000E-01	 5.14523189E-06	-1.47454401E-06	 3.94165325E-06	 1.29897730E-05	 1.19767862E-01	-5.79154754E-02	-1.23251703E-02	 7.15912596E-02
 8.600000E-01	 5.03405789E-06	-1.29494774E-06	 4.26713307E-06	 1.15684634E-05	 1.23939688E-01	-6.31764077E-02	-1.09258388E-02	 7.57056554E-02
 8.650000E-01	 4.92037418E-06	-1.10393035E-06	 4.55684286E-06	 1.02666200E-05	 1.28205998E-01	-6.88504884E-02	-9.25287421E-03	 7.97703447E-02
 8.700000E-01	 4.80354038E-06	-9.07727777E-07	 4.81602221E-06	 9.09136259E-06	 1.32567222E-01	-7.49653990E-02	-7.28066020E-03	 8.37525924E-02
 8.750000E-01	 4.68025957E-06	-6.99477083E-07	 5.05123920E-06	 8.01784207E-06	 1.37020063E-01	-8.15464833E-02	-4.97878404E-03	 8.76053759E-02
 8.800000E-01	 4.54978972E-06	-4.77482231E-07	 5.26415687E-06	 7.03952424E-06	 1.41556129E-01	-8.86125035E-02	-2.31355441E-03	 9.12632587E-02
 8.850000E-01	 4.41470376E-06	-2.62542439E-07	 5.44792503E-06	 6.19360750E-06	 1.46164033E-01	-9.61773125E-02	 7.50399982E-04	 9.46465101E-02
 8.900000E-01	 4.27515753E-06	-6.96602495E-08	 5.59869186E-06	 5.48976067E-06	 1.50830588E-01	-1.04252399E-01	 4.25111938E-03	 9.76620675E-02
 8.950000E-01	 4.12804913E-06	 1.18857772E-07	 5.72824003E-06	 4.87812076E-06	 1.55539323E-01	-1.12847243E-01	 8.23337265E-03	 1.00197090E-01
 9.000000E-01	 3.97180621E-06	 3.20168778E-07	 5.84888058E-06	 4.32715248E-06	 1.60272038E-01	-1.21972169E-01	 1.27492697E-02	 1.02116040E-01
 9.050000E-01	 3.80779672E-06	 5.18008212E-07	 5.95539985E-06	 3.86860766E-06	 1.65011329E-01	-1.31638896E-01	 1.78511539E-02	 1.03263108E-01
 9.100000E-01	 3.63667153E-06	 6.84607105E-07	 6.03105358E-06	 3.53609889E-06	 1.69721523E-01	-1.41813723E-01	 2.36002633E-02	 1.03405294E-01
 9.150000E-01	 3.45804592E-06	 8.12714831E-07	 6.06907270E-06	 3.31841607E-06	 1.74360111E-01	-1.52462532E-01	 3.00438810E-02	 1.02317878E-01
 9.200000E-01	 3.27126135E-06	 9.08539317E-07	 6.07436743E-06	 3.19247756E-06	 1.78866002E-01	-1.63459124E-01	 3.72823705E-02	 9.95759817E-02
 9.250000E-01	 3.07424847E-06	 9.81546718E-07	 6.06045608E-06	 3.13612365E-06	 1.83200432E-01	-1.74825448E-01	 4.53354060E-02	 9.49988899E-02
 9.300000E-01	 2.87006043E-06	 1.03397585E-06	 6.04190690E-06	 3.15534334E-06	 1.87252490E-01	-1.86289284E-01	 5.43765756E-02	 8.78398601E-02
 9.350000E-01	 2.66255722E-06	 1.05117622E-06	 5.99595209E-06	 3.22955817E-06	 1.90912709E-01	-1.97522167E-01	 6.45400941E-02	 7.72730868E-02
 9.400000E-01	 2.45956369E-06	 1.03982418E-06	 5.91845331E-06	 3.32246407E-06	 1.94085214E-01	-2.08633228E-01	 7.56932050E-02	 6.34747642E-02
 9.450000E-01	 2.27356932E-06	 9.98555569E-07	 5.80464156E-06	 3.44052566E-06	 1.96884094E-01	-2.20068545E-01	 8.73531929E-02	 4.73092120E-02
 9.500000E-01	 2.09120933E-06	 9.79861190E-07	 5.65964768E-06	 3.46213516E-06	 1.98938930E-01	-2.30911890E-01	 9.95942554E-02	 2.66408594E-02
 9.550000E-01	 1.98740134E-06	 9.63478327E-07	 5.50406329E-06	 3.49687394E-06	 1.99955860E-01	-2.40524502E-01	 1.10808737E-01	 4.23866832E-03
 9.600000E-01	 1.71744179E-06	 8.77498864E-07	 5.34950178E-06	 3.63231872E-06	 2.02999543E-01	-2.55813558E-01	 1.24530039E-01	-2.40675453E-02
 9.650000E-01	 1.77033405E-06	 8.69154713E-07	 5.35532280E-06	 3.71028424E-06	 1.93540878E-01	-2.54058566E-01	 1.29926958E-01	-3.58643955E-02
 9.700000E-01	 1.90790803E-06	 7.38960403E-07	 5.51143522E-06	 3.92543656E-06	 1.71823489E-01	-2.52715534E-01	 1.40964376E-01	-5.16802274E-02
 9.750000E-01	 2.23221753E-06	 2.85606398E-07	 5.67315970E-06	 3.07803393E-06	 1.01142546E-01	-2.22443185E-01	 6.82429823E-02	-1.26937595E-02
 9.800000E-01	 3.20589699E-06	-1.10372780E-06	 4.86584402E-06	 6.60978138E-07	-9.25574661E-02	-1.62351130E-01	-1.07835388E-01	 9.08953743E-02
 9.850000E-01	 1.95087210E-06	-4.15077098E-06	 1.00538233E-06	-4.58386088E-06	-2.74700119E-01	 3.45979910E-01	-3.53984260E-01	 4.98335517E-01
 9.900000E-01	-1.14028559E-06	 3.20233600E-06	-3.10220399E-06	-5.44950566E-06	 1.58202926E-01	 2.29946409E-02	-4.03264030E-01	 8.50667233E-01
 9.950000E-01	-7.76156859E-06	 2.45442316E-05	 9.14708977E-06	-2.16340008E-05	 1.82265270E+00	-8.51179825E-01	-2.34745520E+00	 1.17964886E+00
 1.000000E+00	 0.00000000E+00	 0.00000000E+00	 0.00000000E+00	 0.00000000E+00	 0.00000000E+00	 0.00000000E+00	 0.00000000E+00	 0.00000000E+00
