r	R  4/ 4	R  5/ 4	R  6/ 4	R  7/ 4	I  4/ 4	I  5/ 4	I  6/ 4	I  7/ 4
 0.000000E+00	 0.00000000E+00	 0.00000000E+00	 0.00000000E+00	 0.00000000E+00	 0.00000000E+00	 0.00000000E+00	 0.00000000E+00	 0.00000000E+00
 5.000000E-03	 3.61116530E-10	-7.54492522E-12	-5.28884811E-10	 6.45174782E-11	 3.78100692E-10	-1.80719404E-10	 2.96019967E-10	-8.75959280E-11
 1.000000E-02	-1.26228466E-09	 5.42348823E-10	 1.96200380E-09	-4.47835323E-11	 2.16365765E-09	-4.39549926E-09	 5.53276275E-12	 6.76472826E-10
 1.500000E-02	 2.12278254E-08	 1.14333808E-09	 4.96811851E-09	 1.47098644E-10	 1.75206775E-09	-1.35425834E-08	-2.48042473E-10	 2.15889294E-09
 2.000000E-02	 1.11177741E-07	 3.04834180E-09	 8.75726329E-09	 1.08750200E-09	-1.55637994E-09	-2.51215826E-08	-3.50057116E-10	 3.13776184E-09
 2.500000E-02	 3.35238145E-07	 9.84668641E-09	 1.67663447E-08	 3.10150502E-09	-1.03854689E-08	-3.44430340E-08	-1.09848362E-09	 4.99388500E-09
 3.000000E-02	 7.65706235E-07	 2.73592909E-08	 2.79568960E-08	 6.67247589E-09	-2.93921036E-08	-1.27593576E-08	-6.53357329E-10	 1.24898106E-08
 3.500000E-02	 1.37480075E-06	 6.22881751E-08	 2.04547545E-08	 7.75405908E-09	-5.94013023E-08	 8.37884076E-08	 1.11111481E-08	 1.94642149E-08
 4.000000E-02	 1.95669205E-06	 1.07432878E-07	-1.48796864E-08	-1.69885768E-10	-9.10517783E-08	 2.14991593E-07	 3.69477962E-08	 1.11442896E-08
 4.500000E-02	 2.41205112E-06	 1.45233249E-07	-3.85844671E-08	-1.02984680E-08	-1.18341550E-07	 2.93277960E-07	 6.32973972E-08	-8.13687465E-09
 5.000000E-02	 2.84054146E-06	 1.73503324E-07	-1.52218592E-08	-1.06733474E-08	-1.49335002E-07	 3.53798991E-07	 8.96762022E-08	-2.15539073E-08
 5.500000E-02	 3.15684336E-06	 1.88388794E-07	 6.09501833E-08	 3.31920463E-09	-1.87998496E-07	 5.14102994E-07	 1.32408505E-07	-1.27000817E-08
 6.000000E-02	 2.99093425E-06	 1.71596108E-07	 1.60297235E-07	 3.09863583E-08	-2.30274507E-07	 9.39732627E-07	 2.19041390E-07	 4.90824741E-08
 6.500000E-02	 1.43317634E-06	 7.32245364E-08	 1.45388126E-07	 2.62660339E-08	-2.48201797E-07	 1.74780711E-06	 3.93707343E-07	 1.57086110E-07
 7.000000E-02	-2.79591354E-06	-2.45952157E-07	-8.09072375E-08	-6.34854351E-08	-1.65097350E-07	 2.58492732E-06	 6.13612885E-07	 2.35499334E-07
 7.500000E-02	-9.82088277E-06	-9.03879861E-07	-4.15608985E-07	-2.07809974E-07	 6.31885890E-08	 2.91820789E-06	 7.48650702E-07	 2.36408541E-07
 8.000000E-02	-1.87288615E-05	-1.90831400E-06	-7.29077393E-07	-3.46511603E-07	 4.15261697E-07	 2.57242477E-06	 7.17162725E-07	 1.67852877E-07
 8.500000E-02	-2.83621148E-05	-3.21028329E-06	-9.20066905E-07	-4.12096678E-07	 8.46253630E-07	 1.56092820E-06	 4.79876041E-07	 4.27575357E-08
 9.000000E-02	-3.72727164E-05	-4.67569356E-06	-9.14270025E-07	-3.54253110E-07	 1.26695660E-06	 2.15433952E-07	 1.00976526E-07	-1.04874495E-07
 9.500000E-02	-4.49188934E-05	-6.21571118E-06	-7.13320051E-07	-1.77445299E-07	 1.60826245E-06	-9.51469095E-07	-2.84769859E-07	-2.10538214E-07
 1.000000E-01	-5.16000387E-05	-7.80107272E-06	-4.24868700E-07	 8.47973500E-08	 1.82174112E-06	-1.37159208E-06	-5.24290902E-07	-1.58087134E-07
 1.050000E-01	-5.91244738E-05	-9.51629076E-06	-4.71167876E-07	 2.24584416E-07	 1.93378235E-06	-7.12677905E-07	-4.49123641E-07	 7.67174353E-08
 1.100000E-01	-6.98226921E-05	-1.16868953E-05	-1.12698478E-06	 4.11544550E-08	 2.15349078E-06	-3.02906867E-08	-2.69608117E-07	 2.16572282E-07
 1.150000E-01	-8.24121255E-05	-1.44157579E-05	-1.89991533E-06	-2.25485940E-07	 2.58361543E-06	-5.39964473E-07	-4.15751120E-07	 4.96772815E-08
 1.200000E-01	-9.41394118E-05	-1.74340481E-05	-2.29148503E-06	-2.48573564E-07	 3.05944123E-06	-1.68150621E-06	-8.37204133E-07	-2.30938468E-07
 1.250000E-01	-1.04791187E-04	-2.05903621E-05	-2.39975023E-06	-4.01789406E-08	 3.44296347E-06	-2.40367464E-06	-1.20898334E-06	-3.89930039E-07
 1.300000E-01	-1.15434005E-04	-2.39130592E-05	-2.48914057E-06	 2.54396646E-07	 3.70298351E-06	-2.19554821E-06	-1.31157197E-06	-3.36268744E-07
 1.350000E-01	-1.28043302E-04	-2.75716637E-05	-2.93698919E-06	 3.71366594E-07	 3.89280596E-06	-9.24732706E-07	-1.01397760E-06	-5.48430746E-08
 1.400000E-01	-1.44687715E-04	-3.19151784E-05	-4.01688937E-06	 1.11740683E-07	 4.25044852E-06	 4.41712150E-07	-6.11252836E-07	 2.37287325E-07
 1.450000E-01	-1.64309260E-04	-3.69810337E-05	-5.46916771E-06	-3.00961665E-07	 4.92329689E-06	 7.54975412E-07	-5.50700853E-07	 2.78403999E-07
 1.500000E-01	-1.84413802E-04	-4.25691847E-05	-6.85456364E-06	-5.53614982E-07	 5.82323582E-06	-1.37669787E-07	-8.64638826E-07	 5.99067602E-09
 1.550000E-01	-2.02696591E-04	-4.85571950E-05	-7.60252643E-06	-2.70859335E-07	 6.75640491E-06	-1.65124933E-06	-1.37508634E-06	-4.26251073E-07
 1.600000E-01	-2.18231049E-04	-5.47336403E-05	-7.58327341E-06	 7.37441033E-07	 7.19231239E-06	-1.32122111E-06	-1.19866009E-06	-2.94997268E-07
 1.650000E-01	-2.37766821E-04	-6.17718461E-05	-8.45130958E-06	 1.31249519E-06	 6.91289401E-06	 2.68867887E-06	 7.03705165E-07	 9.60017581E-07
 1.700000E-01	-2.68970748E-04	-7.13311424E-05	-1.15832512E-05	 3.05319801E-07	 6.91394665E-06	 6.55494733E-06	 3.07935871E-06	 2.29182496E-06
 1.750000E-01	-3.06020356E-04	-8.36249989E-05	-1.52944582E-05	-9.57941543E-07	 7.89465709E-06	 6.24827082E-06	 3.86480755E-06	 2.47872789E-06
 1.800000E-01	-3.40116641E-04	-9.73621087E-05	-1.77596578E-05	-8.13139475E-07	 8.93817784E-06	 4.91708097E-06	 3.95214304E-06	 2.32137387E-06
 1.850000E-01	-3.75187288E-04	-1.12531824E-04	-2.00893432E-05	-5.41395487E-08	 9.22053405E-06	 6.79242154E-06	 5.40586441E-06	 3.09316836E-06
 1.900000E-01	-4.18817909E-04	-1.30406334E-04	-2.38710226E-05	-4.99477734E-08	 9.15062180E-06	 1.10039727E-05	 8.18844940E-06	 4.59737113E-06
 1.950000E-01	-4.72809770E-04	-1.51796698E-04	-2.92472998E-05	-1.02947216E-06	 9.31083993E-06	 1.53984489E-05	 1.12968114E-05	 6.20489308E-06
 2.000000E-01	-5.36598920E-04	-1.77027795E-04	-3.60130019E-05	-2.75162130E-06	 1.00477535E-05	 1.87664940E-05	 1.38274261E-05	 7.56353605E-06
 2.050000E-01	-6.07117775E-04	-2.05659950E-04	-4.38666537E-05	-4.69026225E-06	 1.15031921E-05	 2.03115659E-05	 1.50704088E-05	 8.34446946E-06
 2.100000E-01	-6.80339436E-04	-2.36824719E-04	-5.24266463E-05	-6.37066502E-06	 1.34564847E-05	 2.02995876E-05	 1.51062013E-05	 8.51558119E-06
 2.150000E-01	-7.53737956E-04	-2.69867572E-04	-6.15046611E-05	-7.61085535E-06	 1.56372140E-05	 1.93930192E-05	 1.43042382E-05	 8.20743922E-06
 2.200000E-01	-8.25593180E-04	-3.04145450E-04	-7.10060445E-05	-8.38685719E-06	 1.77026454E-05	 1.85422578E-05	 1.32970378E-05	 7.70705373E-06
 2.250000E-01	-8.96946153E-04	-3.39624835E-04	-8.12313582E-05	-9.13991619E-06	 1.94208907E-05	 1.85206232E-05	 1.27043402E-05	 7.35241496E-06
 2.300000E-01	-9.69378381E-04	-3.76562479E-04	-9.25084511E-05	-1.02750022E-05	 2.10191334E-05	 1.87966546E-05	 1.22974292E-05	 7.06035351E-06
 2.350000E-01	-1.04222690E-03	-4.14815865E-04	-1.04679246E-04	-1.16028354E-05	 2.27449851E-05	 1.86738061E-05	 1.16634959E-05	 6.62029085E-06
 2.400000E-01	-1.11432405E-03	-4.54050625E-04	-1.17515821E-04	-1.28033415E-05	 2.45391951E-05	 1.82511871E-05	 1.08896165E-05	 6.12246858E-06
 2.450000E-01	-1.18543164E-03	-4.94091534E-04	-1.31065654E-04	-1.36993344E-05	 2.62938979E-05	 1.77243986E-05	 1.02888769E-05	 5.70369133E-06
 2.500000E-01	-1.25535947E-03	-5.35006768E-04	-1.45176799E-04	-1.40764101E-05	 2.80260444E-05	 1.68843036E-05	 1.02918075E-05	 5.39319327E-06
 2.550000E-01	-1.32281211E-03	-5.77362071E-04	-1.58930881E-04	-1.30945707E-05	 2.94049678E-05	 1.64804346E-05	 1.16787510E-05	 5.55079929E-06
 2.600000E-01	-1.38986909E-03	-6.22131274E-04	-1.72228719E-04	-1.07003301E-05	 2.85911232E-05	 2.13344060E-05	 1.72816483E-05	 7.93322113E-06
 2.650000E-01	-1.47458680E-03	-6.73170279E-04	-1.88736060E-04	-1.10552774E-05	 2.48032758E-05	 3.42511385E-05	 2.90498425E-05	 1.40643763E-05
 2.700000E-01	-1.59258546E-03	-7.35343520E-04	-2.11711394E-04	-1.72368985E-05	 2.26123619E-05	 4.49461306E-05	 3.98824395E-05	 2.03543111E-05
 2.750000E-01	-1.72190843E-03	-8.05280918E-04	-2.36802843E-04	-2.32052054E-05	 2.55633775E-05	 4.41312339E-05	 4.22005451E-05	 2.20861861E-05
 2.800000E-01	-1.83755988E-03	-8.76204831E-04	-2.58994566E-04	-2.33770022E-05	 2.87035276E-05	 4.24027325E-05	 4.26230470E-05	 2.21594947E-05
 2.850000E-01	-1.95773702E-03	-9.50126292E-04	-2.82102387E-04	-2.35097683E-05	 2.75001550E-05	 5.09889847E-05	 4.96234196E-05	 2.55380792E-05
 2.900000E-01	-2.10540630E-03	-1.03240445E-03	-3.10987517E-04	-2.96299719E-05	 2.64533607E-05	 6.07020156E-05	 5.70213946E-05	 2.94457899E-05
 2.950000E-01	-2.26359284E-03	-1.11988645E-03	-3.42328440E-04	-3.72991851E-05	 3.01572545E-05	 6.06716328E-05	 5.62222558E-05	 2.88646948E-05
 3.000000E-01	-2.40882807E-03	-1.20583431E-03	-3.71397772E-04	-4.12876134E-05	 3.56082399E-05	 5.65954086E-05	 5.07108030E-05	 2.51788683E-05
 3.050000E-01	-2.54569009E-03	-1.28908243E-03	-3.99266137E-04	-4.39631559E-05	 3.93505074E-05	 5.60910740E-05	 4.63616453E-05	 2.17467259E-05
 3.100000E-01	-2.68336293E-03	-1.37065252E-03	-4.27938201E-04	-4.83643889E-05	 4.29830081E-05	 5.59205295E-05	 4.14827377E-05	 1.80228354E-05
 3.150000E-01	-2.81445848E-03	-1.44860492E-03	-4.55846271E-04	-5.26195104E-05	 4.84060387E-05	 5.16345235E-05	 3.31049572E-05	 1.23872515E-05
 3.200000E-01	-2.92932871E-03	-1.52001385E-03	-4.80862587E-04	-5.43778794E-05	 5.41347844E-05	 4.57907452E-05	 2.35401093E-05	 6.03253547E-06
 3.250000E-01	-3.03090701E-03	-1.58515571E-03	-5.03358266E-04	-5.43511852E-05	 5.83875413E-05	 4.20102249E-05	 1.62204401E-05	 1.04292528E-06
 3.300000E-01	-3.12536306E-03	-1.64580235E-03	-5.24325438E-04	-5.37245022E-05	 6.12251611E-05	 4.02267291E-05	 1.18655940E-05	-1.92067718E-06
 3.350000E-01	-3.21599590E-03	-1.70391654E-03	-5.44006553E-04	-5.24243640E-05	 6.29597614E-05	 3.98343960E-05	 1.05420596E-05	-2.63285428E-06
 3.400000E-01	-3.30653173E-03	-1.76172018E-03	-5.62779520E-04	-5.03231381E-05	 6.31969174E-05	 4.18482119E-05	 1.30448300E-05	-5.11095196E-07
 3.450000E-01	-3.40459368E-03	-1.82219963E-03	-5.81995865E-04	-4.83531365E-05	 6.17930742E-05	 4.70015153E-05	 1.99656539E-05	 4.91625983E-06
 3.500000E-01	-3.51723236E-03	-1.88863844E-03	-6.02873741E-04	-4.71286597E-05	 6.01129224E-05	 5.29520556E-05	 2.96326719E-05	 1.27330400E-05
 3.550000E-01	-3.64199936E-03	-1.96239866E-03	-6.24544934E-04	-4.46121537E-05	 5.89234501E-05	 5.82442797E-05	 4.07614785E-05	 2.19135347E-05
 3.600000E-01	-3.77861641E-03	-2.04475862E-03	-6.46377388E-04	-3.97988005E-05	 5.54394509E-05	 6.87635301E-05	 5.73672251E-05	 3.40456079E-05
 3.650000E-01	-3.94804198E-03	-2.14139495E-03	-6.71633714E-04	-3.81360642E-05	 4.79330130E-05	 8.91394511E-05	 8.23032209E-05	 5.08458680E-05
 3.700000E-01	-4.16984237E-03	-2.25808941E-03	-7.03786511E-04	-4.42304300E-05	 4.17283929E-05	 1.09927963E-04	 1.06060361E-04	 6.80022824E-05
 3.750000E-01	-4.42661253E-03	-2.38973688E-03	-7.40489651E-04	-5.35523578E-05	 4.19886564E-05	 1.20243457E-04	 1.18046288E-04	 7.95479582E-05
 3.800000E-01	-4.69211815E-03	-2.52762359E-03	-7.77580426E-04	-6.03567110E-05	 4.74259238E-05	 1.21341120E-04	 1.19465497E-04	 8.50872346E-05
 3.850000E-01	-4.95310220E-03	-2.66656465E-03	-8.12603691E-04	-6.25504504E-05	 5.48986608E-05	 1.18721987E-04	 1.15488649E-04	 8.66908325E-05
 3.900000E-01	-5.20556098E-03	-2.80364376E-03	-8.44479044E-04	-6.06986586E-05	 5.98724452E-05	 1.21209694E-04	 1.14081845E-04	 8.82485795E-05
 3.950000E-01	-5.47265008E-03	-2.94335918E-03	-8.76468580E-04	-6.24059769E-05	 6.00278650E-05	 1.34479619E-04	 1.20407560E-04	 9.32453058E-05
 4.000000E-01	-5.77500951E-03	-3.09079888E-03	-9.11922841E-04	-7.33757001E-05	 6.21492390E-05	 1.45484782E-04	 1.23080587E-04	 9.73868394E-05
 4.050000E-01	-6.08408636E-03	-3.23827473E-03	-9.47001645E-04	-8.57692508E-05	 7.21719522E-05	 1.40378280E-04	 1.10363231E-04	 9.45752210E-05
 4.100000E-01	-6.36373809E-03	-3.37515460E-03	-9.76205804E-04	-9.08686705E-05	 8.57017293E-05	 1.26054488E-04	 8.98369023E-05	 8.74470711E-05
 4.150000E-01	-6.61233631E-03	-3.50112544E-03	-9.98444432E-04	-8.87057211E-05	 9.65025964E-05	 1.15271408E-04	 7.38077280E-05	 8.19460369E-05
 4.200000E-01	-6.84511292E-03	-3.62051650E-03	-1.01518121E-03	-8.34603927E-05	 9.96961690E-05	 1.19595895E-04	 7.16685667E-05	 8.30923981E-05
 4.250000E-01	-7.10734410E-03	-3.74467053E-03	-1.03266076E-03	-8.74539715E-05	 9.44302365E-05	 1.43584015E-04	 8.64737688E-05	 9.37131420E-05
 4.300000E-01	-7.43395430E-03	-3.88398354E-03	-1.05586128E-03	-1.08713300E-04	 9.32801549E-05	 1.61758782E-04	 9.62192342E-05	 1.04454281E-04
 4.350000E-01	-7.76855216E-03	-4.02648450E-03	-1.07659121E-03	-1.30458080E-04	 1.05478880E-04	 1.51008273E-04	 8.09770439E-05	 1.04248050E-04
 4.400000E-01	-8.05107878E-03	-4.15587668E-03	-1.08604997E-03	-1.37782951E-04	 1.17932427E-04	 1.37657150E-04	 6.10721876E-05	 1.00701863E-04
 4.450000E-01	-8.32873319E-03	-4.27905031E-03	-1.09120910E-03	-1.47002703E-04	 1.19206238E-04	 1.49995783E-04	 5.86541303E-05	 1.05464588E-04
 4.500000E-01	-8.65678915E-03	-4.40781370E-03	-1.10025159E-03	-1.74333227E-04	 1.21184901E-04	 1.63210746E-04	 5.49636206E-05	 1.11608740E-04
 4.550000E-01	-8.98591133E-03	-4.53238989E-03	-1.10624835E-03	-2.05261251E-04	 1.34806784E-04	 1.48777538E-04	 2.86529740E-05	 1.08112487E-04
 4.600000E-01	-9.25655525E-03	-4.63818341E-03	-1.10103731E-03	-2.24334807E-04	 1.49692434E-04	 1.27821443E-04	-3.78140313E-06	 1.01366374E-04
 4.650000E-01	-9.50183958E-03	-4.72968283E-03	-1.08959715E-03	-2.43048302E-04	 1.55810793E-04	 1.26064880E-04	-2.24338458E-05	 1.01914668E-04
 4.700000E-01	-9.76566784E-03	-4.81637954E-03	-1.07794213E-03	-2.74146110E-04	 1.60514691E-04	 1.27622723E-04	-3.75818821E-05	 1.06444417E-04
 4.750000E-01	-1.00198126E-02	-4.89535989E-03	-1.06141180E-03	-3.07986933E-04	 1.70600941E-04	 1.13824164E-04	-6.17692248E-05	 1.08671476E-04
 4.800000E-01	-1.02334189E-02	-4.96114469E-03	-1.03546588E-03	-3.35281559E-04	 1.77688573E-04	 1.04670981E-04	-8.18360656E-05	 1.14463621E-04
 4.850000E-01	-1.04558888E-02	-5.02191167E-03	-1.00719971E-03	-3.71518193E-04	 1.75698634E-04	 1.19218317E-04	-8.55810333E-05	 1.31388870E-04
 4.900000E-01	-1.07329856E-02	-5.08775299E-03	-9.82762635E-04	-4.29375914E-04	 1.77892828E-04	 1.24569861E-04	-9.50621113E-05	 1.50768002E-04
 4.950000E-01	-1.09886916E-02	-5.14712169E-03	-9.52919133E-04	-4.83604792E-04	 1.93317201E-04	 9.07587627E-05	-1.28709207E-04	 1.61927935E-04
 5.000000E-01	-1.11512693E-02	-5.18629443E-03	-9.09443559E-04	-5.12505652E-04	 2.02689006E-04	 6.66515886E-05	-1.50863404E-04	 1.78989411E-04
 5.050000E-01	-1.13287416E-02	-5.22659304E-03	-8.62956464E-04	-5.49133676E-04	 1.91155053E-04	 1.02639622E-04	-1.27906427E-04	 2.20661364E-04
 5.100000E-01	-1.16420337E-02	-5.29623313E-03	-8.23460698E-04	-6.27395657E-04	 1.77831779E-04	 1.53133227E-04	-9.34539407E-05	 2.75374149E-04
 5.150000E-01	-1.20279952E-02	-5.38846760E-03	-7.82299032E-04	-7.24257553E-04	 1.79869642E-04	 1.63498942E-04	-8.49135906E-05	 3.23958396E-04
 5.200000E-01	-1.23997242E-02	-5.48762254E-03	-7.29990169E-04	-8.12513862E-04	 1.85433230E-04	 1.63426411E-04	-8.36114917E-05	 3.71620065E-04
 5.250000E-01	-1.28029358E-02	-5.59990987E-03	-6.69570465E-04	-9.09175625E-04	 1.82346909E-04	 1.94827561E-04	-6.54522892E-05	 4.30450956E-04
 5.300000E-01	-1.33073462E-02	-5.73701783E-03	-6.05267223E-04	-1.03840693E-03	 1.76280676E-04	 2.46260048E-04	-4.21333448E-05	 4.97494943E-04
 5.350000E-01	-1.39172652E-02	-5.89696562E-03	-5.36866098E-04	-1.20488290E-03	 1.75794012E-04	 2.90399972E-04	-3.33058114E-05	 5.63817629E-04
 5.400000E-01	-1.46019032E-02	-6.07144832E-03	-4.61659595E-04	-1.40244638E-03	 1.88118726E-04	 2.98312886E-04	-5.51497783E-05	 6.20363757E-04
 5.450000E-01	-1.52596642E-02	-6.24070717E-03	-3.71869133E-04	-1.60085853E-03	 2.13630805E-04	 2.57815788E-04	-1.11800022E-04	 6.61290494E-04
 5.500000E-01	-1.58147640E-02	-6.38577050E-03	-2.64230582E-04	-1.77996111E-03	 2.31958194E-04	 2.35881108E-04	-1.63405064E-04	 7.02945111E-04
 5.550000E-01	-1.64078111E-02	-6.52281946E-03	-1.48870421E-04	-1.99468589E-03	 2.31656794E-04	 2.89621728E-04	-1.80966585E-04	 7.64765455E-04
 5.600000E-01	-1.71702413E-02	-6.67367790E-03	-3.05127536E-05	-2.29414581E-03	 2.40198157E-04	 3.24608915E-04	-2.18213674E-04	 8.26824400E-04
 5.650000E-01	-1.79059277E-02	-6.81005127E-03	 1.01581987E-04	-2.60919860E-03	 2.75751729E-04	 2.44394907E-04	-3.20631455E-04	 8.60126814E-04
 5.700000E-01	-1.84026149E-02	-6.89271677E-03	 2.50581169E-04	-2.86645860E-03	 3.08528245E-04	 1.47581653E-04	-4.29529161E-04	 8.84852392E-04
 5.750000E-01	-1.88143390E-02	-6.93798464E-03	 4.05923625E-04	-3.12678367E-03	 3.15930451E-04	 1.49698564E-04	-4.88339588E-04	 9.35638665E-04
 5.800000E-01	-1.93376496E-02	-6.97769332E-03	 5.63852600E-04	-3.46469819E-03	 3.19354335E-04	 1.79807576E-04	-5.36128384E-04	 1.00273526E-03
 5.850000E-01	-1.98776984E-02	-7.00384387E-03	 7.28502717E-04	-3.84212329E-03	 3.37177084E-04	 1.39807007E-04	-6.15740063E-04	 1.06157752E-03
 5.900000E-01	-2.02885655E-02	-6.99616072E-03	 8.98642526E-04	-4.20101425E-03	 3.58992228E-04	 5.77144958E-05	-7.07198368E-04	 1.11645777E-03
 5.950000E-01	-2.05754436E-02	-6.95522082E-03	 1.06995964E-03	-4.54132159E-03	 3.72897584E-04	-7.92752121E-06	-7.81396500E-04	 1.18339662E-03
 6.000000E-01	-2.07972933E-02	-6.89138035E-03	 1.24100221E-03	-4.88446983E-03	 3.75518435E-04	-2.70470963E-05	-8.24322319E-04	 1.27289111E-03
 6.050000E-01	-2.10600654E-02	-6.82571364E-03	 1.41778501E-03	-5.27140589E-03	 3.68745220E-04	 1.25464703E-05	-8.34065101E-04	 1.39279427E-03
 6.100000E-01	-2.14607864E-02	-6.77955297E-03	 1.61132649E-03	-5.74096632E-03	 3.62322842E-04	 7.27449420E-05	-8.34845447E-04	 1.53804944E-03
 6.150000E-01	-2.19764461E-02	-6.75393501E-03	 1.82663553E-03	-6.28374816E-03	 3.62664000E-04	 1.09862466E-04	-8.48141571E-04	 1.69773172E-03
 6.200000E-01	-2.25586641E-02	-6.74286969E-03	 2.06455028E-03	-6.88101173E-03	 3.67477272E-04	 1.28569192E-04	-8.72752725E-04	 1.87036691E-03
 6.250000E-01	-2.32012042E-02	-6.74353829E-03	 2.32722716E-03	-7.53474875E-03	 3.73844213E-04	 1.48336294E-04	-9.03499288E-04	 2.05914831E-03
 6.300000E-01	-2.39207364E-02	-6.75501301E-03	 2.61853937E-03	-8.25912014E-03	 3.79768837E-04	 1.91357546E-04	-9.36183014E-04	 2.26877112E-03
 6.350000E-01	-2.47829222E-02	-6.78199512E-03	 2.94757847E-03	-9.09447836E-03	 3.86281361E-04	 2.69095471E-04	-9.72801766E-04	 2.50351728E-03
 6.400000E-01	-2.58394578E-02	-6.82931179E-03	 3.32637211E-03	-1.00765804E-02	 3.99998053E-04	 3.37709085E-04	-1.03123503E-03	 2.75561252E-03
 6.450000E-01	-2.70105697E-02	-6.88516964E-03	 3.75345390E-03	-1.11763224E-02	 4.23106411E-04	 3.51897181E-04	-1.12192004E-03	 3.01145271E-03
 6.500000E-01	-2.82005574E-02	-6.93244144E-03	 4.21810783E-03	-1.23545118E-02	 4.49490818E-04	 3.40008413E-04	-1.23313911E-03	 3.27225200E-03
 6.550000E-01	-2.94236778E-02	-6.96509275E-03	 4.71733199E-03	-1.36289402E-02	 4.75942667E-04	 3.39222036E-04	-1.35551248E-03	 3.54542314E-03
 6.600000E-01	-3.07040032E-02	-6.98192954E-03	 5.25250912E-03	-1.50224831E-02	 5.05225662E-04	 3.25322088E-04	-1.49081305E-03	 3.82637081E-03
 6.650000E-01	-3.19751703E-02	-6.97564052E-03	 5.81654287E-03	-1.65043225E-02	 5.37360185E-04	 2.70701092E-04	-1.63642932E-03	 4.10582779E-03
 6.700000E-01	-3.31722325E-02	-6.93647544E-03	 6.39631233E-03	-1.80402905E-02	 5.67833416E-04	 2.16270643E-04	-1.78069091E-03	 4.38785684E-03
 6.750000E-01	-3.43598364E-02	-6.86707414E-03	 6.99568578E-03	-1.96717744E-02	 5.96288185E-04	 2.03564263E-04	-1.91975676E-03	 4.68232393E-03
 6.800000E-01	-3.56034679E-02	-6.77501783E-03	 7.62395513E-03	-2.14411572E-02	 6.26368657E-04	 1.80728960E-04	-2.06187645E-03	 4.97993801E-03
 6.850000E-01	-3.68027156E-02	-6.65345197E-03	 8.25724568E-03	-2.32851800E-02	 6.56080598E-04	 8.42686044E-05	-2.20378818E-03	 5.25911131E-03
 6.900000E-01	-3.78227510E-02	-6.49129487E-03	 8.85524324E-03	-2.51107442E-02	 6.79714031E-04	-7.44228710E-05	-2.32766592E-03	 5.51200927E-03
 6.950000E-01	-3.86012449E-02	-6.28422611E-03	 9.39101661E-03	-2.68636651E-02	 6.93924434E-04	-2.52817902E-04	-2.42001160E-03	 5.74222921E-03
 7.000000E-01	-3.91405331E-02	-6.03101158E-03	 9.84936562E-03	-2.85303969E-02	 6.98906132E-04	-3.66835670E-04	-2.47684852E-03	 5.96526453E-03
 7.050000E-01	-3.96431243E-02	-5.74839204E-03	 1.02695004E-02	-3.02417462E-02	 7.02145869E-04	-3.57542092E-04	-2.51050625E-03	 6.20418487E-03
 7.100000E-01	-4.02978100E-02	-5.46058307E-03	 1.07084314E-02	-3.21289392E-02	 7.09017878E-04	-3.42071895E-04	-2.53339986E-03	 6.44073836E-03
 7.150000E-01	-4.09405867E-02	-5.16434338E-03	 1.11332564E-02	-3.40626664E-02	 7.11816644E-04	-4.39176584E-04	-2.53295426E-03	 6.63207451E-03
 7.200000E-01	-4.13853073E-02	-4.84201426E-03	 1.14791104E-02	-3.58852382E-02	 7.06394931E-04	-5.37074346E-04	-2.50656974E-03	 6.78304657E-03
 7.250000E-01	-4.18196209E-02	-4.49809362E-03	 1.17791551E-02	-3.77305804E-02	 7.03296246E-04	-5.14551447E-04	-2.47631419E-03	 6.92618848E-03
 7.300000E-01	-4.24413111E-02	-4.14950273E-03	 1.20949433E-02	-3.97503725E-02	 7.03861433E-04	-5.11469596E-04	-2.43733398E-03	 7.03337844E-03
 7.350000E-01	-4.29862572E-02	-3.79015811E-03	 1.23499900E-02	-4.17130089E-02	 6.94044919E-04	-6.70377655E-04	-2.35373665E-03	 7.04469255E-03
 7.400000E-01	-4.31663724E-02	-3.40065719E-03	 1.24340994E-02	-4.33542062E-02	 6.74004151E-04	-8.29722792E-04	-2.23157284E-03	 6.97806321E-03
 7.450000E-01	-4.32313894E-02	-2.98392671E-03	 1.24111134E-02	-4.48676997E-02	 6.62180151E-04	-8.18842614E-04	-2.11728444E-03	 6.89708848E-03
 7.500000E-01	-4.34852345E-02	-2.55319699E-03	 1.23947561E-02	-4.65080814E-02	 6.60955601E-04	-7.70747326E-04	-2.00801660E-03	 6.78814995E-03
 7.550000E-01	-4.37450419E-02	-2.10811288E-03	 1.23370110E-02	-4.80965168E-02	 6.52329756E-04	-8.38976116E-04	-1.86333863E-03	 6.59070063E-03
 7.600000E-01	-4.37690637E-02	-1.64178936E-03	 1.21448166E-02	-4.93902591E-02	 6.35839897E-04	-9.26354362E-04	-1.69516657E-03	 6.31562130E-03
 7.650000E-01	-4.36918310E-02	-1.15155528E-03	 1.18565437E-02	-5.04966909E-02	 6.28142182E-04	-9.22879896E-04	-1.54477771E-03	 6.01124314E-03
 7.700000E-01	-4.36704004E-02	-6.39682824E-04	 1.15398778E-02	-5.15525864E-02	 6.23847942E-04	-9.33204808E-04	-1.39326009E-03	 5.66327181E-03
 7.750000E-01	-4.34655492E-02	-1.16968951E-04	 1.11178307E-02	-5.23142849E-02	 6.01108863E-04	-1.05416145E-03	-1.19658060E-03	 5.22776739E-03
 7.800000E-01	-4.28398104E-02	 4.02582019E-04	 1.04971270E-02	-5.25351570E-02	 5.68421382E-04	-1.14636344E-03	-9.91806899E-04	 4.75306828E-03
 7.850000E-01	-4.20848441E-02	 9.30423791E-04	 9.78890053E-03	-5.24997430E-02	 5.54923294E-04	-1.08606860E-03	-8.50821710E-04	 4.33214372E-03
 7.900000E-01	-4.15321235E-02	 1.49262941E-03	 9.13915897E-03	-5.25492171E-02	 5.55260747E-04	-9.99303165E-04	-7.52586350E-04	 3.94864849E-03
 7.950000E-01	-4.10071832E-02	 2.07846624E-03	 8.49987069E-03	-5.25153879E-02	 5.42083116E-04	-1.01348520E-03	-6.33043117E-04	 3.52887909E-03
 8.000000E-01	-4.02490681E-02	 2.65612601E-03	 7.77451310E-03	-5.21271931E-02	 5.14820172E-04	-1.07279976E-03	-4.95360952E-04	 3.07524635E-03
 8.050000E-01	-3.92587888E-02	 3.21497932E-03	 6.96465021E-03	-5.13847217E-02	 4.87087413E-04	-1.10329967E-03	-3.70706787E-04	 2.63020628E-03
 8.100000E-01	-3.81010596E-02	 3.74985237E-03	 6.10366875E-03	-5.03554173E-02	 4.57043120E-04	-1.11311067E-03	-2.58823322E-04	 2.21450636E-03
 8.150000E-01	-3.67835309E-02	 4.24794715E-03	 5.20401742E-03	-4.90543985E-02	 4.19750829E-04	-1.11331338E-03	-1.53464988E-04	 1.84288271E-03
 8.200000E-01	-3.53534616E-02	 4.70871994E-03	 4.28523743E-03	-4.75445192E-02	 3.90680798E-04	-1.05370947E-03	-8.99914347E-05	 1.55530825E-03
 8.250000E-01	-3.41209295E-02	 5.20440424E-03	 3.45786078E-03	-4.61732112E-02	 3.86759886E-04	-9.23662075E-04	-1.01677698E-04	 1.38491452E-03
 8.300000E-01	-3.33095324E-02	 5.81581711E-03	 2.79984862E-03	-4.52038624E-02	 3.84402239E-04	-8.54351901E-04	-1.05257015E-04	 1.23837193E-03
 8.350000E-01	-3.24430873E-02	 6.42952787E-03	 2.15919115E-03	-4.41239238E-02	 3.51159360E-04	-9.11726308E-04	-3.54708516E-06	 9.94570960E-04
 8.400000E-01	-3.10483087E-02	 6.87451314E-03	 1.39775370E-03	-4.24028734E-02	 3.09166567E-04	-9.49907919E-04	 1.24299292E-04	 7.34636889E-04
 8.450000E-01	-2.94777556E-02	 7.22947812E-03	 6.30677005E-04	-4.04271198E-02	 2.93483093E-04	-8.75698055E-04	 1.63566417E-04	 5.92144836E-04
 8.500000E-01	-2.81671567E-02	 7.64976480E-03	-1.82355197E-05	-3.86928396E-02	 2.87061210E-04	-7.87901344E-04	 1.65213319E-04	 5.20620543E-04
 8.550000E-01	-2.69478359E-02	 8.07562489E-03	-6.02886369E-04	-3.70232257E-02	 2.64356620E-04	-7.54000718E-04	 2.14431914E-04	 4.27847457E-04
 8.600000E-01	-2.55878977E-02	 8.39961111E-03	-1.18316212E-03	-3.51670263E-02	 2.42243775E-04	-7.11895984E-04	 2.70804650E-04	 3.45937381E-04
 8.650000E-01	-2.42989348E-02	 8.71423569E-03	-1.70796432E-03	-3.33577876E-02	 2.38718185E-04	-6.32426926E-04	 2.73593763E-04	 3.21961195E-04
 8.700000E-01	-2.32765858E-02	 9.13258300E-03	-2.14532856E-03	-3.18143989E-02	 2.31370216E-04	-5.82901522E-04	 2.91069304E-04	 2.89243625E-04
 8.750000E-01	-2.21412233E-02	 9.45737900E-03	-2.56706744E-03	-3.01219861E-02	 1.95509990E-04	-5.83788874E-04	 3.90901308E-04	 1.87313118E-04
 8.800000E-01	-2.05923336E-02	 9.46857449E-03	-3.01161499E-03	-2.79596172E-02	 1.58599937E-04	-5.48493927E-04	 4.46585282E-04	 1.16242113E-04
 8.850000E-01	-1.92741201E-02	 9.52613803E-03	-3.39651441E-03	-2.60269571E-02	 1.55917168E-04	-4.57037379E-04	 3.44181842E-04	 1.69111287E-04
 8.900000E-01	-1.87413118E-02	 1.00545716E-02	-3.69590896E-03	-2.48931190E-02	 1.58667669E-04	-4.15097998E-04	 2.60725859E-04	 1.94090370E-04
 8.950000E-01	-1.81814309E-02	 1.05737628E-02	-3.98012994E-03	-2.36849124E-02	 1.34654241E-04	-4.28075138E-04	 4.00266378E-04	 9.31091306E-05
 9.000000E-01	-1.67917065E-02	 1.04220882E-02	-4.24517577E-03	-2.15615993E-02	 9.29951879E-05	-4.19146101E-04	 5.60122546E-04	-2.69471563E-05
 9.050000E-01	-1.51490396E-02	 9.93576720E-03	-4.47613582E-03	-1.92197019E-02	 8.63007339E-05	-3.37681944E-04	 5.64918286E-04	-8.54536471E-06
 9.100000E-01	-1.39927412E-02	 9.74376988E-03	-4.64393645E-03	-1.72957655E-02	 7.16285881E-05	-2.93616157E-04	 4.42213974E-04	 4.78170909E-05
 9.150000E-01	-1.32843612E-02	 9.86538901E-03	-4.84859012E-03	-1.58183493E-02	 8.11764309E-05	-2.46890229E-04	 3.89816129E-04	 8.25889586E-05
 9.200000E-01	-1.27373328E-02	 1.01615955E-02	-4.98677022E-03	-1.43307975E-02	 4.54760531E-05	-2.49153934E-04	 4.16027769E-04	 8.30912087E-05
 9.250000E-01	-1.19472617E-02	 1.01453710E-02	-5.07591671E-03	-1.25673448E-02	 2.73986437E-05	-2.32460549E-04	 5.04665655E-04	-8.59669355E-06
 9.300000E-01	-1.05894408E-02	 9.52350847E-03	-4.99937443E-03	-1.04246059E-02	 8.15261603E-05	-8.85559554E-05	 6.60943599E-04	 8.07893511E-06
 9.350000E-01	-9.20280850E-03	 8.92203752E-03	-4.57738190E-03	-7.90258207E-03	 8.09471807E-05	-7.02388874E-05	 5.19290859E-04	-5.69930504E-05
 9.400000E-01	-8.44689619E-03	 8.57085671E-03	-4.63531436E-03	-6.26323856E-03	 3.97369351E-04	 2.22125907E-04	 5.12497061E-04	-2.38692154E-04
 9.450000E-01	-7.41542422E-03	 9.09532842E-03	-3.57917821E-03	-3.51666421E-03	 3.59271334E-04	 2.87032787E-04	 6.48729130E-04	-6.61691210E-07
 9.500000E-01	-6.89350324E-03	 7.91320861E-03	-3.75581536E-03	-2.16194397E-03	 9.28414260E-04	 6.64766217E-04	 5.57316698E-04	-7.06220911E-04
 9.550000E-01	-5.16051972E-03	 8.00101505E-03	-2.32969862E-03	-4.32497407E-06	 1.17887221E-03	 1.34875120E-03	 1.47209981E-03	 5.76828648E-04
 9.600000E-01	-5.27428881E-03	 6.79861655E-03	-2.57052820E-03	 9.95875519E-04	 8.18251332E-04	 6.72940765E-04	 4.52355820E-04	-4.86921733E-04
 9.650000E-01	-5.57912791E-03	 3.72966910E-03	-5.17816955E-03	-1.96618450E-03	 7.05252736E-04	 2.66950254E-04	 6.84791180E-05	-2.79945239E-04
 9.700000E-01	-3.31655849E-03	 4.93757963E-03	-4.44554300E-03	-1.78715932E-03	-3.47452546E-03	-2.76228058E-03	-3.88974678E-04	 2.36494470E-03
 9.750000E-01	-9.96860596E-03	-6.63166970E-03	-1.84655502E-02	-2.37468880E-02	-7.79126695E-03	-9.21056097E-03	-8.36308633E-03	-9.60644571E-03
 9.800000E-01	-2.52434415E-03	-2.91365924E-02	-1.08640792E-02	-1.97467602E-02	-3.10769758E-04	 1.56559910E-03	 2.98528637E-03	 3.61542693E-03
 9.850000E-01	-7.20488640E-03	 1.13889043E-03	 2.23439318E-02	 1.78218856E-02	-2.74416302E-03	-2.47834136E-02	-4.81132013E-03	 1.00644664E-02
 9.900000E-01	 7.70164013E-03	-1.12417387E-03	 6.25232253E-03	 8.27145591E-04	-1.14256624E-03	 4.64918201E-03	-2.78249126E-03	 6.12453135E-03
 9.950000E-01	-7.78743426E-03	-3.27850517E-02	-1.56129716E-02	 3.06257835E-02	 2.70988199E-02	 1.14170525E-02	-5.50510811E-02	 2.26487434E-02
 1.000000E+00	 0.00000000E+00	 0.00000000E+00	 0.00000000E+00	 0.00000000E+00	 0.00000000E+00	 0.00000000E+00	 0.00000000E+00	 0.00000000E+00
