r	R  4/ 4	R  5/ 4	R  6/ 4	R  7/ 4	I  4/ 4	I  5/ 4	I  6/ 4	I  7/ 4
 0.000000E+00	 0.00000000E+00	 0.00000000E+00	 0.00000000E+00	 0.00000000E+00	 0.00000000E+00	 0.00000000E+00	 0.00000000E+00	 0.00000000E+00
 5.000000E-03	-1.66071821E-14	-5.55335373E-15	 3.53898966E-15	-7.81935206E-16	 4.38780351E-11	-1.76503188E-13	-6.07837446E-12	-1.14603534E-13
 1.000000E-02	-2.77861265E-13	-4.02825378E-14	 4.46952599E-14	-6.35328675E-15	 5.44822659E-10	 1.75426598E-12	-2.48820497E-11	-9.57439182E-13
 1.500000E-02	-1.76295306E-12	-1.48303761E-13	 1.95440739E-13	-1.27997263E-14	 2.61132441E-09	 2.33319726E-11	-5.62375695E-11	-3.25433309E-12
 2.000000E-02	-6.35898780E-12	-4.27417765E-13	 4.92827075E-13	-5.62973155E-15	 8.09243165E-09	 1.13382095E-10	-9.96149658E-11	-7.69855403E-12
 2.500000E-02	-1.66623878E-11	-1.04287383E-12	 8.02805562E-13	 1.44338551E-14	 1.95791344E-08	 3.68243147E-10	-1.53260789E-10	-1.48278861E-11
 3.000000E-02	-3.54055245E-11	-2.19696829E-12	 4.70015992E-13	-3.44124414E-14	 4.04057111E-08	 9.48355008E-10	-2.13139291E-10	-2.48991567E-11
 3.500000E-02	-6.41062808E-11	-4.00430179E-12	-1.97681349E-12	-4.88024509E-13	 7.46507833E-08	 2.09456798E-09	-2.71596418E-10	-3.79957890E-11
 4.000000E-02	-1.03082551E-10	-6.57087494E-12	-7.50925168E-12	-1.87524691E-12	 1.27137197E-07	 4.14417965E-09	-3.16127470E-10	-5.34119519E-11
 4.500000E-02	-1.54104975E-10	-1.02582233E-11	-1.52764577E-11	-4.39700887E-12	 2.03429969E-07	 7.55099836E-09	-3.27893402E-10	-6.82251360E-11
 5.000000E-02	-2.20652823E-10	-1.53224031E-11	-2.50062473E-11	-8.12469764E-12	 3.09830657E-07	 1.29088936E-08	-2.78994071E-10	-7.70539726E-11
 5.500000E-02	-3.04289785E-10	-2.13078874E-11	-3.98108912E-11	-1.38067662E-11	 4.53369020E-07	 2.09710727E-08	-1.29546830E-10	-7.22740991E-11
 6.000000E-02	-4.01218933E-10	-2.66469979E-11	-6.65869049E-11	-2.31813095E-11	 6.41791032E-07	 3.26665255E-08	 1.74880301E-10	-4.41742981E-11
 6.500000E-02	-5.00396232E-10	-2.86268262E-11	-1.13965883E-10	-3.93676225E-11	 8.83541675E-07	 4.91154156E-08	 7.06256386E-10	 1.73457137E-11
 7.000000E-02	-5.90308031E-10	-2.63295840E-11	-1.81279866E-10	-6.41461717E-11	 1.18774125E-06	 7.16467925E-08	 1.55584336E-09	 1.24051477E-10
 7.500000E-02	-6.72797288E-10	-2.39559074E-11	-2.50670305E-10	-9.32151549E-11	 1.56415376E-06	 1.01839385E-07	 2.83923433E-09	 2.93465408E-10
 8.000000E-02	-7.65421392E-10	-2.96838810E-11	-2.97248348E-10	-1.17052899E-10	 2.02315039E-06	 1.41571058E-07	 4.70837511E-09	 5.49592130E-10
 8.500000E-02	-8.94403355E-10	-5.33168454E-11	-3.00972621E-10	-1.24456268E-10	 2.57566692E-06	 1.93048946E-07	 7.36391454E-09	 9.23100767E-10
 9.000000E-02	-1.08638006E-09	-1.02476590E-10	-2.55904580E-10	-1.07520082E-10	 3.23317572E-06	 2.58831572E-07	 1.10668278E-08	 1.45161431E-09
 9.500000E-02	-1.35761822E-09	-1.78738647E-10	-1.76153415E-10	-6.64414152E-11	 4.00764696E-06	 3.41831292E-07	 1.61466609E-08	 2.18040083E-09
 1.000000E-01	-1.70653468E-09	-2.76393659E-10	-9.30770938E-11	-9.60168333E-12	 4.91154045E-06	 4.45309988E-07	 2.30047450E-08	 3.16152499E-09
 1.050000E-01	-2.11249063E-09	-3.83782250E-10	-4.47940774E-11	 4.71208885E-11	 5.95779557E-06	 5.72875510E-07	 3.21194246E-08	 4.44852344E-09
 1.100000E-01	-2.55878186E-09	-4.97624445E-10	-4.11903668E-11	 9.21527659E-11	 7.15993406E-06	 7.28503361E-07	 4.40422426E-08	 6.09703517E-09
 1.150000E-01	-3.06422286E-09	-6.35082082E-10	-4.63017611E-11	 1.34456881E-10	 8.53207375E-06	 9.16624196E-07	 5.94108578E-08	 8.17684686E-09
 1.200000E-01	-3.66564991E-09	-8.16760815E-10	-2.73940073E-11	 1.91554334E-10	 1.00890631E-05	 1.14223379E-06	 7.89787312E-08	 1.07712534E-08
 1.250000E-01	-4.37843312E-09	-1.04724371E-09	 5.11950526E-12	 2.66874370E-10	 1.18464228E-05	 1.41089053E-06	 1.03639372E-07	 1.39673565E-08
 1.300000E-01	-5.19101158E-09	-1.31685823E-09	 1.35947206E-11	 3.47936255E-10	 1.38199428E-05	 1.72863518E-06	 1.34443489E-07	 1.78592098E-08
 1.350000E-01	-6.07664883E-09	-1.61019152E-09	-4.11463232E-11	 4.13821117E-10	 1.60258157E-05	 2.10199815E-06	 1.72594186E-07	 2.25461384E-08
 1.400000E-01	-7.01581350E-09	-1.92407573E-09	-1.68667378E-10	 4.51827953E-10	 1.84806780E-05	 2.53802164E-06	 2.19449153E-07	 2.81351187E-08
 1.450000E-01	-8.02179190E-09	-2.28098054E-09	-3.33745922E-10	 4.72900746E-10	 2.12016488E-05	 3.04433878E-06	 2.76531343E-07	 3.47454518E-08
 1.500000E-01	-9.13361835E-09	-2.71323386E-09	-4.88200130E-10	 4.97596501E-10	 2.42061414E-05	 3.62923761E-06	 3.45597695E-07	 4.25109663E-08
 1.550000E-01	-1.03891801E-08	-3.24064492E-09	-6.08936194E-10	 5.36609864E-10	 2.75110512E-05	 4.30159257E-06	 4.28802529E-07	 5.16036992E-08
 1.600000E-01	-1.17832313E-08	-3.83852694E-09	-7.39011727E-10	 5.70403627E-10	 3.11333269E-05	 5.07084090E-06	 5.28581018E-07	 6.22314821E-08
 1.650000E-01	-1.32365732E-08	-4.42323559E-09	-9.83012617E-10	 5.32103256E-10	 3.50898610E-05	 5.94683671E-06	 6.47647167E-07	 7.46167702E-08
 1.700000E-01	-1.46837214E-08	-4.94566314E-09	-1.36598297E-09	 3.73754029E-10	 3.93972697E-05	 6.93972460E-06	 7.88978014E-07	 8.89961857E-08
 1.750000E-01	-1.61813421E-08	-5.47321202E-09	-1.76231128E-09	 1.46367670E-10	 4.40714994E-05	 8.06005996E-06	 9.55848805E-07	 1.05666068E-07
 1.800000E-01	-1.78185745E-08	-6.07895127E-09	-2.07899381E-09	-7.62542370E-11	 4.91272015E-05	 9.31881428E-06	 1.15192421E-06	 1.25036572E-07
 1.850000E-01	-1.95758371E-08	-6.72028927E-09	-2.38403076E-09	-3.10891306E-10	 5.45801674E-05	 1.07272929E-05	 1.38072807E-06	 1.47543840E-07
 1.900000E-01	-2.13694904E-08	-7.30781185E-09	-2.77918501E-09	-6.23840369E-10	 6.04479730E-05	 1.22970685E-05	 1.64559155E-06	 1.73556424E-07
 1.950000E-01	-2.31540419E-08	-7.80533144E-09	-3.28454743E-09	-1.04246850E-09	 6.67486184E-05	 1.40399632E-05	 1.94997796E-06	 2.03388409E-07
 2.000000E-01	-2.49347843E-08	-8.24059939E-09	-3.86005288E-09	-1.53355263E-09	 7.35004939E-05	 1.59680919E-05	 2.29745473E-06	 2.37303566E-07
 2.050000E-01	-2.67506413E-08	-8.68766914E-09	-4.44624841E-09	-2.01555129E-09	 8.07224864E-05	 1.80938518E-05	 2.69168291E-06	 2.75511792E-07
 2.100000E-01	-2.86543488E-08	-9.23103069E-09	-4.99687187E-09	-2.39848382E-09	 8.84335688E-05	 2.04297725E-05	 3.13654677E-06	 3.18225430E-07
 2.150000E-01	-3.06884060E-08	-9.93227916E-09	-5.50099786E-09	-2.62038469E-09	 9.66517282E-05	 2.29882304E-05	 3.63635873E-06	 3.65754808E-07
 2.200000E-01	-3.28731347E-08	-1.08157813E-08	-5.98402006E-09	-2.66090806E-09	 1.05394684E-04	 2.57813768E-05	 4.19552094E-06	 4.18476110E-07
 2.250000E-01	-3.52022807E-08	-1.18649691E-08	-6.49592973E-09	-2.54265344E-09	 1.14680203E-04	 2.88210886E-05	 4.81838080E-06	 4.76789741E-07
 2.300000E-01	-3.76619837E-08	-1.30578277E-08	-7.07871765E-09	-2.29732560E-09	 1.24526205E-04	 3.21188854E-05	 5.50915997E-06	 5.41106602E-07
 2.350000E-01	-4.02547223E-08	-1.44004533E-08	-7.74723125E-09	-1.93456606E-09	 1.34951357E-04	 3.56860165E-05	 6.27178619E-06	 6.11804412E-07
 2.400000E-01	-4.29931674E-08	-1.59097149E-08	-8.50518570E-09	-1.45502577E-09	 1.45975663E-04	 3.95335718E-05	 7.10975586E-06	 6.89174589E-07
 2.450000E-01	-4.58870208E-08	-1.75879131E-08	-9.35675857E-09	-8.73905047E-10	 1.57619887E-04	 4.36723276E-05	 8.02626724E-06	 7.73449423E-07
 2.500000E-01	-4.89474038E-08	-1.94167557E-08	-1.02962881E-08	-2.37872277E-10	 1.69905579E-04	 4.81126092E-05	 9.02413028E-06	 8.64811760E-07
 2.550000E-01	-5.21820295E-08	-2.13368172E-08	-1.13171702E-08	 3.63840167E-10	 1.82855007E-04	 5.28641678E-05	 1.01056822E-05	 9.63413319E-07
 2.600000E-01	-5.55255845E-08	-2.31414500E-08	-1.24858326E-08	 7.55971056E-10	 1.96490520E-04	 5.79358880E-05	 1.12728168E-05	 1.06942279E-06
 2.650000E-01	-5.87933526E-08	-2.44496704E-08	-1.39382854E-08	 6.75839236E-10	 2.10835382E-04	 6.33356041E-05	 1.25267343E-05	 1.18294749E-06
 2.700000E-01	-6.18746747E-08	-2.51142038E-08	-1.56641134E-08	 6.98397573E-11	 2.25914632E-04	 6.90701667E-05	 1.38677642E-05	 1.30393349E-06
 2.750000E-01	-6.49351389E-08	-2.55301911E-08	-1.74458183E-08	-6.91014221E-10	 2.41754707E-04	 7.51457004E-05	 1.52954182E-05	 1.43223627E-06
 2.800000E-01	-6.81635790E-08	-2.60405959E-08	-1.92076691E-08	-1.28330898E-09	 2.58383753E-04	 8.15678261E-05	 1.68083998E-05	 1.56767847E-06
 2.850000E-01	-7.14498015E-08	-2.63833130E-08	-2.11803638E-08	-1.85407566E-09	 2.75831416E-04	 8.83409684E-05	 1.84045580E-05	 1.71006521E-06
 2.900000E-01	-7.46136917E-08	-2.62751175E-08	-2.35525789E-08	-2.56434689E-09	 2.94128326E-04	 9.54677729E-05	 2.00806609E-05	 1.85911425E-06
 2.950000E-01	-7.77405562E-08	-2.60230663E-08	-2.62731614E-08	-3.12889701E-09	 3.13305520E-04	 1.02950092E-04	 2.18327459E-05	 2.01429179E-06
 3.000000E-01	-8.10156320E-08	-2.60665312E-08	-2.93174278E-08	-3.17606948E-09	 3.33391899E-04	 1.10788998E-04	 2.36566552E-05	 2.17504098E-06
 3.050000E-01	-8.44520462E-08	-2.64470297E-08	-3.28522605E-08	-2.64852641E-09	 3.54416738E-04	 1.18984850E-04	 2.55477414E-05	 2.34069469E-06
 3.100000E-01	-8.79875988E-08	-2.70796652E-08	-3.70519009E-08	-1.59787635E-09	 3.76412757E-04	 1.27538025E-04	 2.75007276E-05	 2.51015728E-06
 3.150000E-01	-9.16613083E-08	-2.80912332E-08	-4.19685681E-08	 6.42910651E-11	 3.99414275E-04	 1.36449089E-04	 2.95102209E-05	 2.68199336E-06
 3.200000E-01	-9.55532940E-08	-2.96264117E-08	-4.76246329E-08	 2.42204480E-09	 4.23459652E-04	 1.45720186E-04	 3.15708255E-05	 2.85413288E-06
 3.250000E-01	-9.96690627E-08	-3.16045526E-08	-5.40767070E-08	 5.38392128E-09	 4.48589558E-04	 1.55353985E-04	 3.36770141E-05	 3.02420715E-06
 3.300000E-01	-1.03964373E-07	-3.38081173E-08	-6.13593211E-08	 8.75978291E-09	 4.74845746E-04	 1.65352763E-04	 3.58227892E-05	 3.18976884E-06
 3.350000E-01	-1.08404127E-07	-3.60136269E-08	-6.94455634E-08	 1.23671305E-08	 5.02272074E-04	 1.75718921E-04	 3.80016262E-05	 3.34815973E-06
 3.400000E-01	-1.12949453E-07	-3.79700655E-08	-7.82825930E-08	 1.60309809E-08	 5.30912276E-04	 1.86453995E-04	 4.02067367E-05	 3.49698773E-06
 3.450000E-01	-1.17535054E-07	-3.93729937E-08	-8.78191941E-08	 1.95717141E-08	 5.60810563E-04	 1.97557496E-04	 4.24305275E-05	 3.63459709E-06
 3.500000E-01	-1.22108824E-07	-3.99706035E-08	-9.79798271E-08	 2.28682209E-08	 5.92010517E-04	 2.09025685E-04	 4.46642172E-05	 3.76058960E-06
 3.550000E-01	-1.26669583E-07	-3.96278771E-08	-1.08670934E-07	 2.58921442E-08	 6.24555626E-04	 2.20853157E-04	 4.68982824E-05	 3.87554290E-06
 3.600000E-01	-1.31164614E-07	-3.80712246E-08	-1.19891070E-07	 2.85291269E-08	 6.58488517E-04	 2.33033663E-04	 4.91229063E-05	 3.98108301E-06
 3.650000E-01	-1.35385345E-07	-3.47297803E-08	-1.31781349E-07	 3.04959378E-08	 6.93852401E-04	 2.45560480E-04	 5.13279613E-05	 4.08001811E-06
 3.700000E-01	-1.39147595E-07	-2.92997506E-08	-1.44495427E-07	 3.18126413E-08	 7.30694578E-04	 2.58427682E-04	 5.35027815E-05	 4.17603112E-06
 3.750000E-01	-1.42525745E-07	-2.22525684E-08	-1.58120123E-07	 3.31630383E-08	 7.69063227E-04	 2.71629909E-04	 5.56366652E-05	 4.27405683E-06
 3.800000E-01	-1.45746257E-07	-1.43747932E-08	-1.72766944E-07	 3.54300663E-08	 8.09003799E-04	 2.85161696E-04	 5.77193658E-05	 4.38080504E-06
 3.850000E-01	-1.48968156E-07	-6.16307933E-09	-1.88654736E-07	 3.91756788E-08	 8.50561814E-04	 2.99018316E-04	 5.97407897E-05	 4.50434614E-06
 3.900000E-01	-1.52172378E-07	 2.41717654E-09	-2.06122372E-07	 4.44858666E-08	 8.93788691E-04	 3.13197575E-04	 6.16901396E-05	 4.65291870E-06
 3.950000E-01	-1.55129002E-07	 1.19069875E-08	-2.25576772E-07	 5.10502858E-08	 9.38739581E-04	 3.27697980E-04	 6.35556598E-05	 4.83485578E-06
 4.000000E-01	-1.57667168E-07	 2.25497121E-08	-2.47304572E-07	 5.88655207E-08	 9.85470653E-04	 3.42518225E-04	 6.53253997E-05	 5.05825143E-06
 4.050000E-01	-1.59983235E-07	 3.36471478E-08	-2.71369550E-07	 6.87150856E-08	 1.03403814E-03	 3.57658513E-04	 6.69882386E-05	 5.33088421E-06
 4.100000E-01	-1.62416839E-07	 4.43739422E-08	-2.97790670E-07	 8.13898757E-08	 1.08450401E-03	 3.73120862E-04	 6.85322329E-05	 5.66036936E-06
 4.150000E-01	-1.65068323E-07	 5.47176540E-08	-3.26707162E-07	 9.69123341E-08	 1.13693082E-03	 3.88903986E-04	 6.99436095E-05	 6.05605042E-06
 4.200000E-01	-1.67699796E-07	 6.55201074E-08	-3.58411994E-07	 1.14620789E-07	 1.19137127E-03	 4.04998071E-04	 7.12069998E-05	 6.53137891E-06
 4.250000E-01	-1.69805143E-07	 7.80974227E-08	-3.93297614E-07	 1.33584753E-07	 1.24787747E-03	 4.21389642E-04	 7.23050297E-05	 7.10208024E-06
 4.300000E-01	-1.71097974E-07	 9.29354392E-08	-4.31561663E-07	 1.53700492E-07	 1.30651255E-03	 4.38066616E-04	 7.32169806E-05	 7.78402724E-06
 4.350000E-01	-1.71981567E-07	 1.08814325E-07	-4.73073204E-07	 1.76313890E-07	 1.36734401E-03	 4.55017634E-04	 7.39206802E-05	 8.59423344E-06
 4.400000E-01	-1.72895169E-07	 1.24677588E-07	-5.17922090E-07	 2.02593488E-07	 1.43044094E-03	 4.72231296E-04	 7.43929960E-05	 9.55179645E-06
 4.450000E-01	-1.73498284E-07	 1.41301488E-07	-5.66784450E-07	 2.32228638E-07	 1.49587714E-03	 4.89694426E-04	 7.46083608E-05	 1.06782551E-05
 4.500000E-01	-1.73316460E-07	 1.59484248E-07	-6.20265821E-07	 2.64959893E-07	 1.56373042E-03	 5.07390784E-04	 7.45388420E-05	 1.19976302E-05
 4.550000E-01	-1.72639556E-07	 1.78267512E-07	-6.78378002E-07	 3.01927494E-07	 1.63408049E-03	 5.25302265E-04	 7.41549485E-05	 1.35360177E-05
 4.600000E-01	-1.71940415E-07	 1.96583227E-07	-7.41117407E-07	 3.44273387E-07	 1.70700912E-03	 5.43409652E-04	 7.34253264E-05	 1.53214168E-05
 4.650000E-01	-1.71019622E-07	 2.14949244E-07	-8.08960006E-07	 3.91846034E-07	 1.78259809E-03	 5.61690710E-04	 7.23174668E-05	 1.73841847E-05
 4.700000E-01	-1.69479796E-07	 2.34173128E-07	-8.82338215E-07	 4.44285767E-07	 1.86093491E-03	 5.80119599E-04	 7.07957087E-05	 1.97567468E-05
 4.750000E-01	-1.67433210E-07	 2.53994619E-07	-9.61186555E-07	 5.02062586E-07	 1.94211208E-03	 5.98666375E-04	 6.88203318E-05	 2.24743819E-05
 4.800000E-01	-1.65018491E-07	 2.74243000E-07	-1.04548552E-06	 5.65614115E-07	 2.02622174E-03	 6.17296963E-04	 6.63490973E-05	 2.55763650E-05
 4.850000E-01	-1.61768369E-07	 2.95895222E-07	-1.13569298E-06	 6.34640763E-07	 2.11335927E-03	 6.35974252E-04	 6.33374118E-05	 2.91059825E-05
 4.900000E-01	-1.57351375E-07	 3.19407656E-07	-1.23197563E-06	 7.09351742E-07	 2.20362778E-03	 6.54659408E-04	 5.97378583E-05	 3.31106132E-05
 4.950000E-01	-1.52426349E-07	 3.43408629E-07	-1.33363067E-06	 7.91257600E-07	 2.29713102E-03	 6.73311892E-04	 5.55022614E-05	 3.76434553E-05
 5.000000E-01	-1.47485043E-07	 3.67360195E-07	-1.44023444E-06	 8.81041152E-07	 2.39396715E-03	 6.91889653E-04	 5.05832149E-05	 4.27654592E-05
 5.050000E-01	-1.41466819E-07	 3.93757326E-07	-1.55259713E-06	 9.77123077E-07	 2.49423167E-03	 7.10349976E-04	 4.49337053E-05	 4.85454028E-05
 5.100000E-01	-1.33081949E-07	 4.24923093E-07	-1.67142718E-06	 1.07834692E-06	 2.59801763E-03	 7.28647818E-04	 3.85056164E-05	 5.50601635E-05
 5.150000E-01	-1.22577122E-07	 4.60018714E-07	-1.79609727E-06	 1.18608322E-06	 2.70541864E-03	 7.46740171E-04	 3.12505356E-05	 6.23937640E-05
 5.200000E-01	-1.10682661E-07	 4.97594328E-07	-1.92591894E-06	 1.30212229E-06	 2.81654014E-03	 7.64591135E-04	 2.31173801E-05	 7.06362166E-05
 5.250000E-01	-9.70063575E-08	 5.38247901E-07	-2.06144580E-06	 1.42681689E-06	 2.93148660E-03	 7.82165636E-04	 1.40534995E-05	 7.98852529E-05
 5.300000E-01	-8.06000957E-08	 5.83096775E-07	-2.20369333E-06	 1.56033915E-06	 3.05033396E-03	 7.99420460E-04	 4.01181895E-06	 9.02473223E-05
 5.350000E-01	-6.10806636E-08	 6.31865061E-07	-2.35314584E-06	 1.70399091E-06	 3.17315318E-03	 8.16309117E-04	-7.05617707E-06	 1.01834273E-04
 5.400000E-01	-3.89519249E-08	 6.82727945E-07	-2.50949371E-06	 1.86000703E-06	 3.30002919E-03	 8.32789481E-04	-1.92031060E-05	 1.14761558E-04
 5.450000E-01	-1.54648811E-08	 7.32979101E-07	-2.67185478E-06	 2.03080055E-06	 3.43105591E-03	 8.48821009E-04	-3.24858171E-05	 1.29152305E-04
 5.500000E-01	 8.89481087E-09	 7.81628729E-07	-2.84044140E-06	 2.21738719E-06	 3.56635855E-03	 8.64361288E-04	-4.69796085E-05	 1.45141448E-04
 5.550000E-01	 3.57525385E-08	 8.30830240E-07	-3.01749593E-06	 2.41892966E-06	 3.70607811E-03	 8.79362795E-04	-6.27677329E-05	 1.62872899E-04
 5.600000E-01	 6.63160294E-08	 8.81374544E-07	-3.20423213E-06	 2.63561150E-06	 3.85036900E-03	 8.93770083E-04	-7.99378153E-05	 1.82494568E-04
 5.650000E-01	 9.85459740E-08	 9.29348360E-07	-3.39829889E-06	 2.86987045E-06	 3.99938230E-03	 9.07513182E-04	-9.85811576E-05	 2.04159847E-04
 5.700000E-01	 1.30179266E-07	 9.71609900E-07	-3.59749435E-06	 3.12285754E-06	 4.15322234E-03	 9.20505238E-04	-1.18775545E-04	 2.28029660E-04
 5.750000E-01	 1.62560879E-07	 1.01043294E-06	-3.80351283E-06	 3.39290215E-06	 4.31200503E-03	 9.32648444E-04	-1.40607965E-04	 2.54276287E-04
 5.800000E-01	 1.97975154E-07	 1.04860310E-06	-4.01839437E-06	 3.67870191E-06	 4.47589225E-03	 9.43838399E-04	-1.64183723E-04	 2.83087069E-04
 5.850000E-01	 2.35837341E-07	 1.08484145E-06	-4.24056867E-06	 3.98082511E-06	 4.64506326E-03	 9.53964131E-04	-1.89615860E-04	 3.14668696E-04
 5.900000E-01	 2.74247860E-07	 1.11689056E-06	-4.46711275E-06	 4.29972208E-06	 4.81969248E-03	 9.62910549E-04	-2.17019388E-04	 3.49248276E-04
 5.950000E-01	 3.12713286E-07	 1.14485775E-06	-4.69671792E-06	 4.63471117E-06	 4.99993959E-03	 9.70564059E-04	-2.46502007E-04	 3.87067250E-04
 6.000000E-01	 3.52221865E-07	 1.17072501E-06	-4.92952122E-06	 4.98474120E-06	 5.18595994E-03	 9.76809705E-04	-2.78170300E-04	 4.28382348E-04
 6.050000E-01	 3.94523854E-07	 1.19706477E-06	-5.16609643E-06	 5.34923106E-06	 5.37789891E-03	 9.81526400E-04	-3.12129776E-04	 4.73468288E-04
 6.100000E-01	 4.40998809E-07	 1.22539094E-06	-5.40616064E-06	 5.72880622E-06	 5.57590887E-03	 9.84588690E-04	-3.48494203E-04	 5.22619643E-04
 6.150000E-01	 4.91593824E-07	 1.25517851E-06	-5.64761756E-06	 6.12505246E-06	 5.78015348E-03	 9.85870464E-04	-3.87387694E-04	 5.76148955E-04
 6.200000E-01	 5.45513131E-07	 1.28512002E-06	-5.88758466E-06	 6.53958998E-06	 5.99078676E-03	 9.85248038E-04	-4.28930839E-04	 6.34380357E-04
 6.250000E-01	 6.02329753E-07	 1.31435861E-06	-6.12375580E-06	 6.97387828E-06	 6.20795555E-03	 9.82597000E-04	-4.73241852E-04	 6.97652177E-04
 6.300000E-01	 6.62303307E-07	 1.34261086E-06	-6.35482059E-06	 7.42956703E-06	 6.43183692E-03	 9.77788193E-04	-5.20457512E-04	 7.66329827E-04
 6.350000E-01	 7.26302410E-07	 1.36981862E-06	-6.58011764E-06	 7.90863939E-06	 6.66261372E-03	 9.70693276E-04	-5.70711754E-04	 8.40799879E-04
 6.400000E-01	 7.94656851E-07	 1.39498802E-06	-6.79790927E-06	 8.41276768E-06	 6.90044742E-03	 9.61190456E-04	-6.24110836E-04	 9.21462545E-04
 6.450000E-01	 8.66080759E-07	 1.41574494E-06	-7.00445247E-06	 8.94215932E-06	 7.14555371E-03	 9.49157368E-04	-6.80785055E-04	 1.00876568E-03
 6.500000E-01	 9.38918938E-07	 1.42984472E-06	-7.19575334E-06	 9.49539129E-06	 7.39811099E-03	 9.34470642E-04	-7.40839957E-04	 1.10319635E-03
 6.550000E-01	 1.01266372E-06	 1.43616588E-06	-7.36917169E-06	 1.00703990E-05	 7.65818358E-03	 9.17023776E-04	-8.04279497E-04	 1.20523621E-03
 6.600000E-01	 1.08705588E-06	 1.43377244E-06	-7.52203786E-06	 1.06640923E-05	 7.92579348E-03	 8.96708659E-04	-8.71058111E-04	 1.31539246E-03
 6.650000E-01	 1.16089786E-06	 1.42146423E-06	-7.65062590E-06	 1.12712998E-05	 8.20108849E-03	 8.73431116E-04	-9.41171814E-04	 1.43424722E-03
 6.700000E-01	 1.23316826E-06	 1.39866889E-06	-7.75171225E-06	 1.18856223E-05	 8.48421080E-03	 8.47115676E-04	-1.01456608E-03	 1.56239230E-03
 6.750000E-01	 1.30434116E-06	 1.36573138E-06	-7.82401692E-06	 1.25014632E-05	 8.77524055E-03	 8.17662962E-04	-1.09111320E-03	 1.70038842E-03
 6.800000E-01	 1.37467130E-06	 1.32259823E-06	-7.86510384E-06	 1.31116251E-05	 9.07405038E-03	 7.84970620E-04	-1.17050168E-03	 1.84869478E-03
 6.850000E-01	 1.44233674E-06	 1.26856437E-06	-7.87000059E-06	 1.37045246E-05	 9.38063001E-03	 7.48911351E-04	-1.25246842E-03	 2.00781285E-03
 6.900000E-01	 1.50459477E-06	 1.20363814E-06	-7.83333090E-06	 1.42652970E-05	 9.69506074E-03	 7.09324381E-04	-1.33677881E-03	 2.17826890E-03
 6.950000E-01	 1.55952708E-06	 1.12918751E-06	-7.75107537E-06	 1.47790198E-05	 1.00171690E-02	 6.66057952E-04	-1.42296035E-03	 2.36042526E-03
 7.000000E-01	 1.60738587E-06	 1.04771065E-06	-7.62322428E-06	 1.52361543E-05	 1.03468582E-02	 6.18921571E-04	-1.51055608E-03	 2.55465296E-03
 7.050000E-01	 1.65104088E-06	 9.61842556E-07	-7.45372261E-06	 1.56354894E-05	 1.06841539E-02	 5.67676799E-04	-1.59915045E-03	 2.76135844E-03
 7.100000E-01	 1.69235740E-06	 8.72823777E-07	-7.24427038E-06	 1.59757580E-05	 1.10290843E-02	 5.12051093E-04	-1.68825618E-03	 2.98087321E-03
 7.150000E-01	 1.72887586E-06	 7.80988453E-07	-6.99084462E-06	 1.62453918E-05	 1.13816143E-02	 4.51718619E-04	-1.77728946E-03	 3.21340644E-03
 7.200000E-01	 1.75799246E-06	 6.87649826E-07	-6.69133533E-06	 1.64319136E-05	 1.17416377E-02	 3.86303894E-04	-1.86557419E-03	 3.45903895E-03
 7.250000E-01	 1.78140812E-06	 5.94509002E-07	-6.35086506E-06	 1.65353916E-05	 1.21090674E-02	 3.15364427E-04	-1.95240222E-03	 3.71778993E-03
 7.300000E-01	 1.80064082E-06	 5.02288162E-07	-5.97404861E-06	 1.65564254E-05	 1.24838797E-02	 2.38379276E-04	-2.03705126E-03	 3.98965050E-03
 7.350000E-01	 1.81237469E-06	 4.12053104E-07	-5.56029561E-06	 1.64804650E-05	 1.28660596E-02	 1.54762239E-04	-2.11874605E-03	 4.27453865E-03
 7.400000E-01	 1.81379850E-06	 3.26317995E-07	-5.11254259E-06	 1.62946727E-05	 1.32555347E-02	 6.38756545E-05	-2.19662111E-03	 4.57224684E-03
 7.450000E-01	 1.80787971E-06	 2.46891040E-07	-4.64170505E-06	 1.60094860E-05	 1.36523405E-02	-3.50278658E-05	-2.26986750E-03	 4.88261758E-03
 7.500000E-01	 1.79808737E-06	 1.73776777E-07	-4.15736605E-06	 1.56408102E-05	 1.40564232E-02	-1.42774250E-04	-2.33756775E-03	 5.20534878E-03
 7.550000E-01	 1.78321391E-06	 1.07405603E-07	-3.66367449E-06	 1.51877166E-05	 1.44675812E-02	-2.60251003E-04	-2.39866311E-03	 5.53992480E-03
 7.600000E-01	 1.76156642E-06	 4.92146867E-08	-3.16655037E-06	 1.46475573E-05	 1.48858090E-02	-3.88479816E-04	-2.45224948E-03	 5.88606479E-03
 7.650000E-01	 1.73502186E-06	-3.91552019E-10	-2.67602550E-06	 1.40330145E-05	 1.53111662E-02	-5.28589269E-04	-2.49745826E-03	 6.24361399E-03
 7.700000E-01	 1.70555539E-06	-4.19080459E-08	-2.20068672E-06	 1.33584146E-05	 1.57436904E-02	-6.81837313E-04	-2.53338730E-03	 6.61242036E-03
 7.750000E-01	 1.67213293E-06	-7.44477489E-08	-1.74607665E-06	 1.26249104E-05	 1.61832841E-02	-8.49561370E-04	-2.55903176E-03	 6.99219021E-03
 7.800000E-01	 1.63445639E-06	-9.66947539E-08	-1.31879698E-06	 1.18384156E-05	 1.66300249E-02	-1.03330857E-03	-2.57356744E-03	 7.38291658E-03
 7.850000E-01	 1.59570680E-06	-1.09741893E-07	-9.25427707E-07	 1.10241542E-05	 1.70835777E-02	-1.23461912E-03	-2.57586184E-03	 7.78396361E-03
 7.900000E-01	 1.55857212E-06	-1.16252352E-07	-5.68649422E-07	 1.02075139E-05	 1.75434672E-02	-1.45509831E-03	-2.56466522E-03	 8.19450912E-03
 7.950000E-01	 1.52237188E-06	-1.17301672E-07	-2.48859713E-07	 9.39566357E-06	 1.80100196E-02	-1.69681759E-03	-2.53926225E-03	 8.61507532E-03
 8.000000E-01	 1.48590027E-06	-1.12224131E-07	 3.24039390E-08	 8.58713685E-06	 1.84831630E-02	-1.96179196E-03	-2.49855174E-03	 9.04544128E-03
 8.050000E-01	 1.44973251E-06	-1.01009395E-07	 2.73229706E-07	 7.78876610E-06	 1.89629394E-02	-2.25226241E-03	-2.44150594E-03	 9.48537944E-03
 8.100000E-01	 1.41486753E-06	-8.44557985E-08	 4.73736951E-07	 7.01249946E-06	 1.94494301E-02	-2.57062415E-03	-2.36717398E-03	 9.93443513E-03
 8.150000E-01	 1.38156084E-06	-6.32831086E-08	 6.36509975E-07	 6.26957425E-06	 1.99422347E-02	-2.91913586E-03	-2.27441746E-03	 1.03908764E-02
 8.200000E-01	 1.35012229E-06	-3.88923545E-08	 7.65775761E-07	 5.57385754E-06	 2.04404181E-02	-3.29980280E-03	-2.16190085E-03	 1.08517700E-02
 8.250000E-01	 1.32119625E-06	-1.42993720E-08	 8.67972321E-07	 4.94380964E-06	 2.09436483E-02	-3.71502197E-03	-2.02868176E-03	 1.13153744E-02
 8.300000E-01	 1.29414539E-06	 8.61806788E-09	 9.49972905E-07	 4.38501285E-06	 2.14518741E-02	-4.16748407E-03	-1.87387138E-03	 1.17806200E-02
 8.350000E-01	 1.26694426E-06	 3.18884510E-08	 1.01466236E-06	 3.87989226E-06	 2.19649968E-02	-4.65993089E-03	-1.69647525E-03	 1.22462872E-02
 8.400000E-01	 1.23889146E-06	 5.82795409E-08	 1.06266617E-06	 3.41295534E-06	 2.24833171E-02	-5.19532854E-03	-1.49572449E-03	 1.27113896E-02
 8.450000E-01	 1.21125010E-06	 8.73740375E-08	 1.09727895E-06	 2.98916795E-06	 2.30059946E-02	-5.77561021E-03	-1.27046258E-03	 1.31721081E-02
 8.500000E-01	 1.18469898E-06	 1.17512282E-07	 1.12352316E-06	 2.61595385E-06	 2.35324672E-02	-6.40262510E-03	-1.01987782E-03	 1.36247062E-02
 8.550000E-01	 1.15853816E-06	 1.48972889E-07	 1.14384207E-06	 2.28734621E-06	 2.40620809E-02	-7.07799984E-03	-7.43164999E-04	 1.40651512E-02
 8.600000E-01	 1.13239858E-06	 1.82502335E-07	 1.15878892E-06	 1.99581138E-06	 2.45936561E-02	-7.80309412E-03	-4.39141549E-04	 1.44886709E-02
 8.650000E-01	 1.10663285E-06	 2.17093614E-07	 1.16981169E-06	 1.74207775E-06	 2.51264846E-02	-8.58017733E-03	-1.06367743E-04	 1.48918193E-02
 8.700000E-01	 1.08105448E-06	 2.51726332E-07	 1.17854235E-06	 1.52497763E-06	 2.56601479E-02	-9.41245546E-03	 2.56951876E-04	 1.52716754E-02
 8.750000E-01	 1.05485182E-06	 2.87349557E-07	 1.18495619E-06	 1.33475004E-06	 2.61933455E-02	-1.03025098E-02	 6.53095581E-04	 1.56227908E-02
 8.800000E-01	 1.02778274E-06	 3.24112761E-07	 1.18858005E-06	 1.16659404E-06	 2.67236613E-02	-1.12515118E-02	 1.08446849E-03	 1.59365019E-02
 8.850000E-01	 1.00027815E-06	 3.58849358E-07	 1.19041532E-06	 1.02914889E-06	 2.72482959E-02	-1.22597460E-02	 1.55336154E-03	 1.62025072E-02
 8.900000E-01	 9.72112671E-07	 3.89187611E-07	 1.19125840E-06	 9.24955780E-07	 2.77642847E-02	-1.33271026E-02	 2.06213035E-03	 1.64093922E-02
 8.950000E-01	 9.42613721E-07	 4.17653370E-07	 1.19029679E-06	 8.38729349E-07	 2.82680957E-02	-1.44530306E-02	 2.61374246E-03	 1.65437114E-02
 9.000000E-01	 9.11518792E-07	 4.46639243E-07	 1.18686140E-06	 7.59500949E-07	 2.87558746E-02	-1.56370350E-02	 3.21171472E-03	 1.65898647E-02
 9.050000E-01	 8.79187298E-07	 4.73873296E-07	 1.18179956E-06	 6.94862228E-07	 2.92244961E-02	-1.68793933E-02	 3.85905438E-03	 1.65313869E-02
 9.100000E-01	 8.45494029E-07	 4.95474714E-07	 1.17546940E-06	 6.54802371E-07	 2.96679372E-02	-1.81725353E-02	 4.55912264E-03	 1.63404541E-02
 9.150000E-01	 8.10139964E-07	 5.10273598E-07	 1.16668534E-06	 6.36445864E-07	 3.00787202E-02	-1.95089347E-02	 5.31322163E-03	 1.59930076E-02
 9.200000E-01	 7.73146407E-07	 5.19393066E-07	 1.15519166E-06	 6.33049800E-07	 3.04485813E-02	-2.08667989E-02	 6.12803104E-03	 1.54376373E-02
 9.250000E-01	 7.33737679E-07	 5.23915321E-07	 1.14157287E-06	 6.38346932E-07	 3.07702481E-02	-2.22494288E-02	 7.00107626E-03	 1.46656417E-02
 9.300000E-01	 6.92899991E-07	 5.23944291E-07	 1.12544342E-06	 6.47200557E-07	 3.10296423E-02	-2.36130137E-02	 7.94577777E-03	 1.35865287E-02
 9.350000E-01	 6.51396479E-07	 5.18804541E-07	 1.10782247E-06	 6.65151073E-07	 3.12146853E-02	-2.49092134E-02	 8.96927336E-03	 1.21083337E-02
 9.400000E-01	 6.08812141E-07	 5.05377157E-07	 1.08124848E-06	 6.78192563E-07	 3.13046313E-02	-2.61573952E-02	 1.00528700E-02	 1.02889801E-02
 9.450000E-01	 5.70394470E-07	 4.89795798E-07	 1.05352212E-06	 6.96187296E-07	 3.13079710E-02	-2.74269142E-02	 1.11352303E-02	 8.26768362E-03
 9.500000E-01	 5.27801390E-07	 4.69127299E-07	 1.01092473E-06	 6.88545337E-07	 3.11875457E-02	-2.85951760E-02	 1.22143208E-02	 5.80663544E-03
 9.550000E-01	 5.00707184E-07	 4.48397421E-07	 9.61367346E-07	 6.66769710E-07	 3.09099608E-02	-2.95756620E-02	 1.31475145E-02	 3.29960575E-03
 9.600000E-01	 4.50414413E-07	 4.23644056E-07	 9.22271167E-07	 6.74047124E-07	 3.08996566E-02	-3.11658469E-02	 1.43068355E-02	 3.27129651E-04
 9.650000E-01	 4.37124513E-07	 3.87340655E-07	 8.68984098E-07	 6.24374306E-07	 2.95854521E-02	-2.99822245E-02	 1.56137230E-02	 4.25811687E-04
 9.700000E-01	 5.17356094E-07	 4.30419607E-07	 9.26873042E-07	 6.70506572E-07	 2.92644356E-02	-2.54429468E-02	 2.02187777E-02	 3.52681312E-03
 9.750000E-01	 5.69922769E-07	 4.39672292E-07	 1.00075853E-06	 6.69549433E-07	 3.59948039E-02	 1.43473305E-02	 4.62605322E-02	 4.86620565E-02
 9.800000E-01	 1.23254939E-06	 1.22436410E-06	 1.77469786E-06	 1.14790915E-06	 6.70168998E-02	 3.46713352E-01	 1.97134935E-01	 3.24649109E-01
 9.850000E-01	-3.77650208E-07	-6.49952396E-07	-4.20507525E-07	-5.63750946E-07	-3.31985106E-02	-8.67374529E-02	-1.14268636E-01	-3.80242957E-02
 9.900000E-01	-3.30548108E-08	 2.27877879E-09	-1.93269331E-07	-1.91235807E-07	-3.52436236E-02	 1.68122916E-02	-3.12385420E-02	-1.61986137E-03
 9.950000E-01	 1.95101835E-07	 5.91749122E-08	 2.55018479E-07	 2.03545118E-07	 2.14530265E-02	 1.58996896E-02	 2.58037451E-02	 3.43047379E-02
 1.000000E+00	 0.00000000E+00	 0.00000000E+00	 0.00000000E+00	 0.00000000E+00	 0.00000000E+00	 0.00000000E+00	 0.00000000E+00	 0.00000000E+00
