r	R  4/ 4	R  5/ 4	R  6/ 4	R  7/ 4	I  4/ 4	I  5/ 4	I  6/ 4	I  7/ 4
 0.000000E+00	 0.00000000E+00	 0.00000000E+00	 0.00000000E+00	 0.00000000E+00	 0.00000000E+00	 0.00000000E+00	 0.00000000E+00	 0.00000000E+00
 5.000000E-03	-8.12170901E-11	 2.45166032E-13	 6.86597489E-12	 8.61771633E-14	-3.16786618E-14	-7.36239662E-15	 4.32889513E-15	-4.08508165E-16
 1.000000E-02	-1.00811213E-09	-2.58392190E-12	 2.69092984E-11	 6.65540060E-13	-5.19352228E-13	-5.73213645E-14	 4.78051361E-14	-3.98869215E-15
 1.500000E-02	-4.82827449E-09	-3.40101284E-11	 6.01817791E-11	 2.21397777E-12	-3.26805659E-12	-2.13964670E-13	 2.06220787E-13	-8.22983967E-15
 2.000000E-02	-1.49471960E-08	-1.64849172E-10	 1.05989022E-10	 5.17641446E-12	-1.17520982E-11	-6.18591722E-13	 5.17952802E-13	-3.60301944E-15
 2.500000E-02	-3.61164996E-08	-5.34162219E-10	 1.62282301E-10	 9.87616269E-12	-3.07286896E-11	-1.50885000E-12	 8.38324471E-13	 9.12965306E-15
 3.000000E-02	-7.44176111E-08	-1.37211468E-09	 2.24597051E-10	 1.64322624E-11	-6.51581927E-11	-3.17257368E-12	 4.78229221E-13	-2.42942793E-14
 3.500000E-02	-1.37241415E-07	-3.02169029E-09	 2.84733634E-10	 2.48292735E-11	-1.17735138E-10	-5.76892857E-12	-2.08158760E-12	-3.20047548E-13
 4.000000E-02	-2.33264723E-07	-5.95927571E-09	 3.29605511E-10	 3.45269237E-11	-1.88943412E-10	-9.44194930E-12	-7.81167354E-12	-1.20818228E-12
 4.500000E-02	-3.72423335E-07	-1.08201997E-08	 3.39887354E-10	 4.35937941E-11	-2.81874218E-10	-1.46915210E-11	-1.57930885E-11	-2.79812806E-12
 5.000000E-02	-5.65882548E-07	-1.84285013E-08	 2.87480312E-10	 4.86449213E-11	-4.02650225E-10	-2.18569614E-11	-2.57133481E-11	-5.11173311E-12
 5.500000E-02	-8.26006597E-07	-2.98200535E-08	 1.32878011E-10	 4.50748942E-11	-5.53839319E-10	-3.02630143E-11	-4.07044349E-11	-8.58419302E-12
 6.000000E-02	-1.16632721E-06	-4.62613982E-08	-1.77008023E-10	 2.72599938E-11	-7.28259427E-10	-3.76744816E-11	-6.76361857E-11	-1.42327142E-11
 6.500000E-02	-1.60151266E-06	-6.92674489E-08	-7.11363599E-10	-1.03490799E-11	-9.05777605E-10	-4.03051549E-11	-1.14882068E-10	-2.38412439E-11
 7.000000E-02	-2.14733972E-06	-1.00623756E-07	-1.55677041E-09	-7.40071218E-11	-1.06573556E-09	-3.69541972E-11	-1.81307207E-10	-3.82894273E-11
 7.500000E-02	-2.82066009E-06	-1.42441844E-07	-2.82182591E-09	-1.73005257E-10	-1.21166973E-09	-3.35530510E-11	-2.48848751E-10	-5.48535500E-11
 8.000000E-02	-3.63935979E-06	-1.97226625E-07	-4.64855992E-09	-3.19922221E-10	-1.37524409E-09	-4.14635800E-11	-2.93027883E-10	-6.79404875E-11
 8.500000E-02	-4.62232297E-06	-2.67918678E-07	-7.22401283E-09	-5.30629885E-10	-1.60336460E-09	-7.41214673E-11	-2.94763181E-10	-7.12963148E-11
 9.000000E-02	-5.78938960E-06	-3.57923350E-07	-1.07908442E-08	-8.24361097E-10	-1.94324145E-09	-1.41768456E-10	-2.49134322E-10	-6.08389498E-11
 9.500000E-02	-7.16132931E-06	-4.71117152E-07	-1.56547116E-08	-1.22406993E-09	-2.42326259E-09	-2.46239543E-10	-1.70623172E-10	-3.71653604E-11
 1.000000E-01	-8.75980629E-06	-6.11840182E-07	-2.21867499E-08	-1.75592554E-09	-3.03994449E-09	-3.79422105E-10	-8.98672709E-11	-5.32220568E-12
 1.050000E-01	-1.06073518E-05	-7.84890812E-07	-3.08279776E-08	-2.44641777E-09	-3.75633486E-09	-5.25328812E-10	-4.31729635E-11	 2.58270040E-11
 1.100000E-01	-1.27273054E-05	-9.95526194E-07	-4.20834517E-08	-3.32263079E-09	-4.54287863E-09	-6.79583239E-10	-3.93422348E-11	 5.01278209E-11
 1.150000E-01	-1.51437633E-05	-1.24956288E-06	-5.65320718E-08	-4.41822176E-09	-5.43257519E-09	-8.65388456E-10	-4.38622101E-11	 7.25887544E-11
 1.200000E-01	-1.78814409E-05	-1.55346073E-06	-7.48481439E-08	-5.77190838E-09	-6.48963065E-09	-1.11030862E-09	-2.58254092E-11	 1.02547391E-10
 1.250000E-01	-2.09657244E-05	-1.91431654E-06	-9.78208538E-08	-7.42213453E-09	-7.74015471E-09	-1.42009130E-09	 4.75830323E-12	 1.41604619E-10
 1.300000E-01	-2.44229375E-05	-2.33988633E-06	-1.26378212E-07	-9.41018551E-09	-9.16296506E-09	-1.78126550E-09	 1.24951999E-11	 1.82977149E-10
 1.350000E-01	-2.82803263E-05	-2.83857025E-06	-1.61580711E-07	-1.17794180E-08	-1.07105298E-08	-2.17287691E-09	-3.88290293E-11	 2.15750276E-10
 1.400000E-01	-3.25661085E-05	-3.41944633E-06	-2.04623129E-07	-1.45766997E-08	-1.23485014E-08	-2.59067371E-09	-1.57338244E-10	 2.33642331E-10
 1.450000E-01	-3.73095191E-05	-4.09237890E-06	-2.56844135E-07	-1.78546668E-08	-1.41001557E-08	-3.06463717E-09	-3.09727979E-10	 2.42616511E-10
 1.500000E-01	-4.25402917E-05	-4.86807466E-06	-3.19786589E-07	-2.16723164E-08	-1.60336207E-08	-3.63763691E-09	-4.51293870E-10	 2.53304588E-10
 1.550000E-01	-4.82872209E-05	-5.75798579E-06	-3.95346675E-07	-2.61069664E-08	-1.82144131E-08	-4.33533486E-09	-5.61148612E-10	 2.71024351E-10
 1.600000E-01	-5.45785412E-05	-6.77414939E-06	-4.85646673E-07	-3.12504129E-08	-2.06320294E-08	-5.12389045E-09	-6.79158314E-10	 2.85772192E-10
 1.650000E-01	-6.14419497E-05	-7.92901152E-06	-5.93029511E-07	-3.71980708E-08	-2.31482232E-08	-5.89236274E-09	-9.00263103E-10	 2.64513978E-10
 1.700000E-01	-6.89043283E-05	-9.23526782E-06	-7.20041553E-07	-4.40492440E-08	-2.56498047E-08	-6.57654135E-09	-1.24599967E-09	 1.84538755E-10
 1.750000E-01	-7.69912192E-05	-1.07060454E-05	-8.69464201E-07	-5.19291935E-08	-2.82344655E-08	-7.26512577E-09	-1.60185181E-09	 7.18789801E-11
 1.800000E-01	-8.57266383E-05	-1.23551083E-05	-1.04442043E-06	-6.10171707E-08	-3.10553545E-08	-8.05349075E-09	-1.88400444E-09	-3.71461075E-11
 1.850000E-01	-9.51367662E-05	-1.41966482E-05	-1.24787920E-06	-7.15009674E-08	-3.40783647E-08	-8.88559253E-09	-2.15400929E-09	-1.50617204E-10
 1.900000E-01	-1.05250348E-04	-1.62450287E-05	-1.48258945E-06	-8.35296768E-08	-3.71589614E-08	-9.64440298E-09	-2.50317377E-09	-3.00068030E-10
 1.950000E-01	-1.16096603E-04	-1.85148126E-05	-1.75138209E-06	-9.72217486E-08	-4.02181992E-08	-1.02827881E-08	-2.94894946E-09	-4.97777164E-10
 2.000000E-01	-1.27705302E-04	-2.10208474E-05	-2.05714664E-06	-1.12667975E-07	-4.32651635E-08	-1.08376977E-08	-3.45478183E-09	-7.27047538E-10
 2.050000E-01	-1.40106876E-04	-2.37782274E-05	-2.40281639E-06	-1.29930109E-07	-4.63671042E-08	-1.14064205E-08	-3.96720110E-09	-9.48938989E-10
 2.100000E-01	-1.53331574E-04	-2.68020569E-05	-2.79147499E-06	-1.49067137E-07	-4.96147516E-08	-1.20992358E-08	-4.44504332E-09	-1.12157442E-09
 2.150000E-01	-1.67407756E-04	-3.01071092E-05	-3.22654141E-06	-1.70181152E-07	-5.30808845E-08	-1.29959037E-08	-4.87888178E-09	-1.21713387E-09
 2.200000E-01	-1.82363419E-04	-3.37078160E-05	-3.71147839E-06	-1.93401742E-07	-5.67998080E-08	-1.41271374E-08	-5.29147179E-09	-1.22773317E-09
 2.250000E-01	-1.98226549E-04	-3.76181553E-05	-4.24965651E-06	-2.18865330E-07	-6.07602485E-08	-1.54705512E-08	-5.72693818E-09	-1.16533652E-09
 2.300000E-01	-2.15025149E-04	-4.18514972E-05	-4.84428335E-06	-2.46707969E-07	-6.49379517E-08	-1.69968234E-08	-6.22192666E-09	-1.04577566E-09
 2.350000E-01	-2.32788286E-04	-4.64207250E-05	-5.49825666E-06	-2.77044757E-07	-6.93363225E-08	-1.87126923E-08	-6.78892985E-09	-8.74599052E-10
 2.400000E-01	-2.51547115E-04	-5.13383788E-05	-6.21404582E-06	-3.09945699E-07	-7.39761075E-08	-2.06386730E-08	-7.43048735E-09	-6.53217935E-10
 2.450000E-01	-2.71333887E-04	-5.66164636E-05	-6.99381535E-06	-3.45450239E-07	-7.88731514E-08	-2.27765099E-08	-8.14942592E-09	-3.89545192E-10
 2.500000E-01	-2.92182036E-04	-6.22662852E-05	-7.83935157E-06	-3.83572198E-07	-8.40454553E-08	-2.51010394E-08	-8.94006446E-09	-1.05220996E-10
 2.550000E-01	-3.14126097E-04	-6.82983160E-05	-8.75199971E-06	-4.24309159E-07	-8.95036505E-08	-2.75327784E-08	-9.79610021E-09	 1.59988088E-10
 2.600000E-01	-3.37201008E-04	-7.47219665E-05	-9.73272856E-06	-4.67667431E-07	-9.51336087E-08	-2.98040113E-08	-1.07740257E-08	 3.29903316E-10
 2.650000E-01	-3.61442998E-04	-8.15451772E-05	-1.07818802E-05	-5.13623431E-07	-1.00622830E-07	-3.14311341E-08	-1.19895447E-08	 2.92920342E-10
 2.700000E-01	-3.86889886E-04	-8.87740739E-05	-1.18989234E-05	-5.62073131E-07	-1.05787203E-07	-3.22333165E-08	-1.34322019E-08	 3.04730246E-11
 2.750000E-01	-4.13580977E-04	-9.64134724E-05	-1.30825407E-05	-6.12864896E-07	-1.10904325E-07	-3.27128375E-08	-1.49140537E-08	-2.94593191E-10
 2.800000E-01	-4.41557646E-04	-1.04467173E-04	-1.43306434E-05	-6.65823824E-07	-1.16287810E-07	-3.33010217E-08	-1.63685965E-08	-5.43871979E-10
 2.850000E-01	-4.70863550E-04	-1.12937316E-04	-1.56404031E-05	-7.20769391E-07	-1.21753775E-07	-3.36706135E-08	-1.79911800E-08	-7.80167002E-10
 2.900000E-01	-5.01545663E-04	-1.21824457E-04	-1.70082726E-05	-7.77507092E-07	-1.27003907E-07	-3.34719340E-08	-1.99409555E-08	-1.07059938E-09
 2.950000E-01	-5.33653322E-04	-1.31128899E-04	-1.84303329E-05	-8.35767733E-07	-1.32180365E-07	-3.30927029E-08	-2.21717801E-08	-1.29602167E-09
 3.000000E-01	-5.67237668E-04	-1.40852289E-04	-1.99031400E-05	-8.95331427E-07	-1.37592472E-07	-3.30840108E-08	-2.46595226E-08	-1.30535114E-09
 3.050000E-01	-6.02352015E-04	-1.50996223E-04	-2.14231235E-05	-9.55961875E-07	-1.43266150E-07	-3.35012313E-08	-2.75421529E-08	-1.08013694E-09
 3.100000E-01	-6.39050829E-04	-1.61560584E-04	-2.29858202E-05	-1.01722260E-06	-1.49100814E-07	-3.42407339E-08	-3.09626301E-08	-6.46697487E-10
 3.150000E-01	-6.77388173E-04	-1.72544280E-04	-2.45864007E-05	-1.07851102E-06	-1.55160341E-07	-3.54579922E-08	-3.49594058E-08	 2.55862491E-11
 3.200000E-01	-7.17416783E-04	-1.83944796E-04	-2.62192174E-05	-1.13890899E-06	-1.61574295E-07	-3.73278375E-08	-3.95437075E-08	 9.64735825E-10
 3.250000E-01	-7.59189951E-04	-1.95758826E-04	-2.78781872E-05	-1.19736761E-06	-1.68349135E-07	-3.97455209E-08	-4.47546812E-08	 2.12814803E-09
 3.300000E-01	-8.02764329E-04	-2.07983222E-04	-2.95570584E-05	-1.25284640E-06	-1.75408914E-07	-4.24360828E-08	-5.06129870E-08	 3.43519955E-09
 3.350000E-01	-8.48200135E-04	-2.20615054E-04	-3.12492460E-05	-1.30426413E-06	-1.82691493E-07	-4.51163487E-08	-5.70878767E-08	 4.81025411E-09
 3.400000E-01	-8.95559661E-04	-2.33651376E-04	-3.29483141E-05	-1.35070717E-06	-1.90128935E-07	-4.74707596E-08	-6.41276384E-08	 6.18275903E-09
 3.450000E-01	-9.44907223E-04	-2.47087406E-04	-3.46474618E-05	-1.39161081E-06	-1.97611561E-07	-4.91221502E-08	-7.16828566E-08	 7.48258643E-09
 3.500000E-01	-9.96310281E-04	-2.60916356E-04	-3.63395508E-05	-1.42696363E-06	-2.05053263E-07	-4.97619369E-08	-7.96860276E-08	 8.66452849E-09
 3.550000E-01	-1.04983855E-03	-2.75130670E-04	-3.80172856E-05	-1.45716413E-06	-2.12449464E-07	-4.92233873E-08	-8.80558783E-08	 9.72042399E-09
 3.600000E-01	-1.10556395E-03	-2.89723563E-04	-3.96736803E-05	-1.48302294E-06	-2.19709896E-07	-4.71705516E-08	-9.67877352E-08	 1.06112421E-08
 3.650000E-01	-1.16355999E-03	-3.04688179E-04	-4.13016998E-05	-1.50576028E-06	-2.26494487E-07	-4.29163616E-08	-1.05994952E-07	 1.12374340E-08
 3.700000E-01	-1.22390116E-03	-3.20016303E-04	-4.28933919E-05	-1.52683639E-06	-2.32506519E-07	-3.61097915E-08	-1.15798832E-07	 1.16131423E-08
 3.750000E-01	-1.28666310E-03	-3.35700487E-04	-4.44408874E-05	-1.54811168E-06	-2.37869243E-07	-2.73401398E-08	-1.26261425E-07	 1.19921499E-08
 3.800000E-01	-1.35192312E-03	-3.51736043E-04	-4.59374372E-05	-1.57204973E-06	-2.42955572E-07	-1.75756559E-08	-1.37463907E-07	 1.26912699E-08
 3.850000E-01	-1.41975970E-03	-3.68119798E-04	-4.73765957E-05	-1.60150835E-06	-2.48028343E-07	-7.42656558E-09	-1.49573578E-07	 1.39020558E-08
 3.900000E-01	-1.49025382E-03	-3.84848599E-04	-4.87506893E-05	-1.63925394E-06	-2.53054639E-07	 3.14881206E-09	-1.62849480E-07	 1.56411191E-08
 3.950000E-01	-1.56349056E-03	-4.01919358E-04	-5.00511725E-05	-1.68796440E-06	-2.57663740E-07	 1.47943486E-08	-1.77604178E-07	 1.77858360E-08
 4.000000E-01	-1.63955774E-03	-4.19329812E-04	-5.12695695E-05	-1.75013928E-06	-2.61586407E-07	 2.77864065E-08	-1.94052847E-07	 2.03234664E-08
 4.050000E-01	-1.71854101E-03	-4.37078638E-04	-5.23979154E-05	-1.82804709E-06	-2.65140472E-07	 4.12831576E-08	-2.12225865E-07	 2.35111269E-08
 4.100000E-01	-1.80052430E-03	-4.55162014E-04	-5.34266916E-05	-1.92374833E-06	-2.68871278E-07	 5.42994072E-08	-2.32111718E-07	 2.75987417E-08
 4.150000E-01	-1.88559255E-03	-4.73572356E-04	-5.43452288E-05	-2.03981605E-06	-2.72938297E-07	 6.68258286E-08	-2.53796572E-07	 3.25681899E-08
 4.200000E-01	-1.97383515E-03	-4.92300777E-04	-5.51436530E-05	-2.18021570E-06	-2.76951807E-07	 7.98806160E-08	-2.77495706E-07	 3.81757519E-08
 4.250000E-01	-2.06534561E-03	-5.11336205E-04	-5.58110511E-05	-2.34958785E-06	-2.80100637E-07	 9.50252871E-08	-3.03506581E-07	 4.40978874E-08
 4.300000E-01	-2.16022546E-03	-5.30665088E-04	-5.63331524E-05	-2.55241700E-06	-2.81937168E-07	 1.12812510E-07	-3.31969482E-07	 5.02913924E-08
 4.350000E-01	-2.25858103E-03	-5.50273874E-04	-5.66944885E-05	-2.79337574E-06	-2.83099549E-07	 1.31802525E-07	-3.62756772E-07	 5.71867562E-08
 4.400000E-01	-2.36052336E-03	-5.70149900E-04	-5.68791432E-05	-3.07765852E-06	-2.84274867E-07	 1.50764312E-07	-3.95909734E-07	 6.51448507E-08
 4.450000E-01	-2.46617181E-03	-5.90278791E-04	-5.68695401E-05	-3.41108896E-06	-2.84933654E-07	 1.70588853E-07	-4.31933130E-07	 7.40404180E-08
 4.500000E-01	-2.57565229E-03	-6.10642644E-04	-5.66464617E-05	-3.80011968E-06	-2.84340814E-07	 1.92181130E-07	-4.71277315E-07	 8.37672617E-08
 4.550000E-01	-2.68909414E-03	-6.31221578E-04	-5.61896714E-05	-4.25167548E-06	-2.82947584E-07	 2.14427595E-07	-5.13923716E-07	 9.46656783E-08
 4.600000E-01	-2.80663045E-03	-6.51994613E-04	-5.54776541E-05	-4.77307222E-06	-2.81489438E-07	 2.36099638E-07	-5.59839553E-07	 1.07068448E-07
 4.650000E-01	-2.92839302E-03	-6.72936705E-04	-5.44880436E-05	-5.37213736E-06	-2.79662735E-07	 2.57787417E-07	-6.09367199E-07	 1.20895789E-07
 4.700000E-01	-3.05451490E-03	-6.94015561E-04	-5.31958379E-05	-6.05702218E-06	-2.76852339E-07	 2.80414332E-07	-6.62812190E-07	 1.36002708E-07
 4.750000E-01	-3.18513574E-03	-7.15193706E-04	-5.15731906E-05	-6.83646299E-06	-2.73218859E-07	 3.03700322E-07	-7.20093337E-07	 1.52503484E-07
 4.800000E-01	-3.32040170E-03	-7.36431690E-04	-4.95909716E-05	-7.72023350E-06	-2.68957856E-07	 3.27477202E-07	-7.81167498E-07	 1.70503365E-07
 4.850000E-01	-3.46046471E-03	-7.57686864E-04	-4.72185170E-05	-8.71905882E-06	-2.63346384E-07	 3.52855317E-07	-8.46359087E-07	 1.89880055E-07
 4.900000E-01	-3.60548226E-03	-7.78912209E-04	-4.44230275E-05	-9.84446391E-06	-2.55891066E-07	 3.80323640E-07	-9.15769997E-07	 2.10661591E-07
 4.950000E-01	-3.75561217E-03	-8.00058816E-04	-4.11714668E-05	-1.11093362E-05	-2.47604782E-07	 4.08334367E-07	-9.88840497E-07	 2.33265313E-07
 5.000000E-01	-3.91101134E-03	-8.21079262E-04	-3.74319379E-05	-1.25286677E-05	-2.39212032E-07	 4.36334815E-07	-1.06522774E-06	 2.57861610E-07
 5.050000E-01	-4.07183925E-03	-8.41928048E-04	-3.31732487E-05	-1.41196363E-05	-2.29061184E-07	 4.67176399E-07	-1.14553337E-06	 2.83954218E-07
 5.100000E-01	-4.23826859E-03	-8.62562983E-04	-2.83636611E-05	-1.59020184E-05	-2.15160654E-07	 5.03486347E-07	-1.23030322E-06	 3.11193144E-07
 5.150000E-01	-4.41047462E-03	-8.82944440E-04	-2.29708769E-05	-1.78975908E-05	-1.97858449E-07	 5.44348075E-07	-1.31908165E-06	 3.39979662E-07
 5.200000E-01	-4.58862726E-03	-9.03032545E-04	-1.69602026E-05	-2.01288828E-05	-1.78249931E-07	 5.88146857E-07	-1.41134459E-06	 3.70815575E-07
 5.250000E-01	-4.77289529E-03	-9.22788719E-04	-1.02959246E-05	-2.26203397E-05	-1.55733449E-07	 6.35531562E-07	-1.50749661E-06	 4.03777070E-07
 5.300000E-01	-4.96343841E-03	-9.42176703E-04	-2.94621884E-06	-2.54002245E-05	-1.28844640E-07	 6.87738669E-07	-1.60832232E-06	 4.38916354E-07
 5.350000E-01	-5.16041595E-03	-9.61157983E-04	 5.12265431E-06	-2.84989940E-05	-9.69900777E-08	 7.44429532E-07	-1.71421972E-06	 4.76619465E-07
 5.400000E-01	-5.36398551E-03	-9.79690481E-04	 1.39479575E-05	-3.19473533E-05	-6.09812259E-08	 8.03483353E-07	-1.82498131E-06	 5.17515450E-07
 5.450000E-01	-5.57431708E-03	-9.97732588E-04	 2.35704764E-05	-3.57781843E-05	-2.27467185E-08	 8.61844556E-07	-1.93998385E-06	 5.62284123E-07
 5.500000E-01	-5.79164107E-03	-1.01524294E-03	 3.40451455E-05	-4.00285577E-05	 1.70174571E-08	 9.18444927E-07	-2.05941635E-06	 6.11228306E-07
 5.550000E-01	-6.01621251E-03	-1.03217307E-03	 4.54332427E-05	-4.47384833E-05	 6.07754602E-08	 9.75626280E-07	-2.18494553E-06	 6.64120520E-07
 5.600000E-01	-6.24828213E-03	-1.04845726E-03	 5.77987363E-05	-4.99477856E-05	 1.10288578E-07	 1.03414428E-06	-2.31746126E-06	 7.20989784E-07
 5.650000E-01	-6.48809361E-03	-1.06401237E-03	 7.12082512E-05	-5.56978457E-05	 1.62465274E-07	 1.08966977E-06	-2.45526972E-06	 7.82526831E-07
 5.700000E-01	-6.73585323E-03	-1.07874515E-03	 8.57206342E-05	-6.20352513E-05	 2.13921995E-07	 1.13879892E-06	-2.59683310E-06	 8.49128574E-07
 5.750000E-01	-6.99178841E-03	-1.09254902E-03	 1.01402612E-04	-6.90110328E-05	 2.66655155E-07	 1.18398967E-06	-2.74343110E-06	 9.20388330E-07
 5.800000E-01	-7.25616475E-03	-1.10529977E-03	 1.18332800E-04	-7.66782303E-05	 3.24081773E-07	 1.22824843E-06	-2.89655115E-06	 9.95947055E-07
 5.850000E-01	-7.52927292E-03	-1.11686487E-03	 1.36595181E-04	-8.50953088E-05	 3.85367498E-07	 1.27022342E-06	-3.05508343E-06	 1.07599976E-06
 5.900000E-01	-7.81142670E-03	-1.12711424E-03	 1.56277637E-04	-9.43303262E-05	 4.47658015E-07	 1.30748667E-06	-3.21698420E-06	 1.16078151E-06
 5.950000E-01	-8.10292767E-03	-1.13592101E-03	 1.77464583E-04	-1.04458097E-04	 5.10181228E-07	 1.34017552E-06	-3.38138348E-06	 1.25022385E-06
 6.000000E-01	-8.40406740E-03	-1.14315477E-03	 2.00240591E-04	-1.15559295E-04	 5.74487752E-07	 1.37054945E-06	-3.54845136E-06	 1.34415098E-06
 6.050000E-01	-8.71512144E-03	-1.14867684E-03	 2.24690513E-04	-1.27721414E-04	 6.43317088E-07	 1.40151821E-06	-3.71867293E-06	 1.44250910E-06
 6.100000E-01	-9.03636795E-03	-1.15234054E-03	 2.50905375E-04	-1.41038294E-04	 7.18814721E-07	 1.43477950E-06	-3.89190538E-06	 1.54555775E-06
 6.150000E-01	-9.36809965E-03	-1.15399656E-03	 2.78984423E-04	-1.55610355E-04	 8.00959502E-07	 1.46979068E-06	-4.06670129E-06	 1.65384082E-06
 6.200000E-01	-9.71059579E-03	-1.15349724E-03	 3.09025697E-04	-1.71543500E-04	 8.88573181E-07	 1.50511316E-06	-4.24104397E-06	 1.76793153E-06
 6.250000E-01	-1.00641231E-02	-1.15069238E-03	 3.41126517E-04	-1.88949256E-04	 9.81008578E-07	 1.53976510E-06	-4.41331642E-06	 1.88835129E-06
 6.300000E-01	-1.04289772E-02	-1.14542211E-03	 3.75395935E-04	-2.07945538E-04	 1.07868632E-06	 1.57338943E-06	-4.58257946E-06	 2.01563501E-06
 6.350000E-01	-1.08054583E-02	-1.13752628E-03	 4.11940709E-04	-2.28656769E-04	 1.18291105E-06	 1.60581958E-06	-4.74833069E-06	 2.15037450E-06
 6.400000E-01	-1.11938481E-02	-1.12685415E-03	 4.50849798E-04	-2.51214950E-04	 1.29412138E-06	 1.63583275E-06	-4.90930820E-06	 2.29309455E-06
 6.450000E-01	-1.15945654E-02	-1.11326320E-03	 4.92236990E-04	-2.75782491E-04	 1.41036725E-06	 1.66076679E-06	-5.06290498E-06	 2.44411372E-06
 6.500000E-01	-1.20081916E-02	-1.09664155E-03	 5.36235426E-04	-3.02596373E-04	 1.52916334E-06	 1.67814460E-06	-5.20663845E-06	 2.60384415E-06
 6.550000E-01	-1.24352930E-02	-1.07691263E-03	 5.82938143E-04	-3.31954866E-04	 1.64967351E-06	 1.68666475E-06	-5.33915983E-06	 2.77287483E-06
 6.600000E-01	-1.28766160E-02	-1.05401585E-03	 6.32458553E-04	-3.64263820E-04	 1.77146923E-06	 1.68528802E-06	-5.45939616E-06	 2.95215252E-06
 6.650000E-01	-1.33332133E-02	-1.02789935E-03	 6.84977704E-04	-4.00037059E-04	 1.89285853E-06	 1.67279380E-06	-5.56561897E-06	 3.14252934E-06
 6.700000E-01	-1.38062013E-02	-9.98515629E-04	 7.40673566E-04	-4.39874360E-04	 2.01247134E-06	 1.64863508E-06	-5.65640925E-06	 3.34477880E-06
 6.750000E-01	-1.42966839E-02	-9.65769958E-04	 7.99711071E-04	-4.84468540E-04	 2.13106695E-06	 1.61313013E-06	-5.73160912E-06	 3.56005392E-06
 6.800000E-01	-1.48055947E-02	-9.29546770E-04	 8.62174989E-04	-5.34611740E-04	 2.24903501E-06	 1.56614043E-06	-5.79020234E-06	 3.78932750E-06
 6.850000E-01	-1.53341144E-02	-8.89671612E-04	 9.28220623E-04	-5.91236912E-04	 2.36372886E-06	 1.50689390E-06	-5.82916295E-06	 4.03253437E-06
 6.900000E-01	-1.58835879E-02	-8.45893991E-04	 9.98048685E-04	-6.55409692E-04	 2.47107788E-06	 1.43537869E-06	-5.84479400E-06	 4.28849575E-06
 6.950000E-01	-1.64550860E-02	-7.97940297E-04	 1.07172639E-03	-7.28298611E-04	 2.56826640E-06	 1.35304788E-06	-5.83409224E-06	 4.55564339E-06
 7.000000E-01	-1.70498497E-02	-7.45450187E-04	 1.14935291E-03	-8.11231666E-04	 2.65587017E-06	 1.26255735E-06	-5.79657363E-06	 4.83340775E-06
 7.050000E-01	-1.76693088E-02	-6.87957985E-04	 1.23105977E-03	-9.05688058E-04	 2.73826267E-06	 1.16654509E-06	-5.73417364E-06	 5.12278770E-06
 7.100000E-01	-1.83147603E-02	-6.24901445E-04	 1.31688365E-03	-1.01319619E-03	 2.81818989E-06	 1.06611168E-06	-5.64671184E-06	 5.42367728E-06
 7.150000E-01	-1.89873805E-02	-5.55603576E-04	 1.40676395E-03	-1.13536019E-03	 2.89214366E-06	 9.61578895E-07	-5.52942499E-06	 5.73216943E-06
 7.200000E-01	-1.96882688E-02	-4.79274974E-04	 1.50054507E-03	-1.27387842E-03	 2.95634478E-06	 8.54298069E-07	-5.37843155E-06	 6.04291919E-06
 7.250000E-01	-2.04185584E-02	-3.94986977E-04	 1.59800107E-03	-1.43054877E-03	 3.01299109E-06	 7.45794192E-07	-5.19484144E-06	 6.35302909E-06
 7.300000E-01	-2.11794514E-02	-3.01651034E-04	 1.69882846E-03	-1.60725491E-03	 3.06391847E-06	 6.36620413E-07	-4.97932662E-06	 6.65870120E-06
 7.350000E-01	-2.19721484E-02	-1.98026511E-04	 1.80260564E-03	-1.80594484E-03	 3.10410431E-06	 5.28155722E-07	-4.72845751E-06	 6.95006152E-06
 7.400000E-01	-2.27977664E-02	-8.27260673E-05	 1.90875218E-03	-2.02860159E-03	 3.12927890E-06	 4.23485086E-07	-4.44130177E-06	 7.21619390E-06
 7.450000E-01	-2.36575469E-02	 4.58628115E-05	 2.01662173E-03	-2.27728870E-03	 3.14347521E-06	 3.24597393E-07	-4.12350724E-06	 7.45332838E-06
 7.500000E-01	-2.45525988E-02	 1.89551228E-04	 2.12536732E-03	-2.55407282E-03	 3.15159120E-06	 2.31473245E-07	-3.78043372E-06	 7.65993550E-06
 7.550000E-01	-2.54837903E-02	 3.50346067E-04	 2.23389100E-03	-2.86095355E-03	 3.15186100E-06	 1.44997489E-07	-3.41340006E-06	 7.82804791E-06
 7.600000E-01	-2.64521784E-02	 5.30549595E-04	 2.34105256E-03	-3.20000100E-03	 3.14167018E-06	 6.73295214E-08	-3.02541629E-06	 7.94809500E-06
 7.650000E-01	-2.74588539E-02	 7.32741118E-04	 2.44557863E-03	-3.57332037E-03	 3.12346273E-06	-8.01912713E-10	-2.62381724E-06	 8.01665374E-06
 7.700000E-01	-2.85047727E-02	 9.59820227E-04	 2.54598878E-03	-3.98296637E-03	 3.09991605E-06	-5.96491643E-08	-2.21578047E-06	 8.03179850E-06
 7.750000E-01	-2.95906531E-02	 1.21496614E-03	 2.64054134E-03	-4.43090094E-03	 3.06952499E-06	-1.07369183E-07	-1.80651208E-06	 7.98638891E-06
 7.800000E-01	-3.07174131E-02	 1.50182247E-03	 2.72747905E-03	-4.91921492E-03	 3.03200318E-06	-1.41585017E-07	-1.40283424E-06	 7.87635223E-06
 7.850000E-01	-3.18853243E-02	 1.82424243E-03	 2.80458067E-03	-5.44962040E-03	 2.99219752E-06	-1.63460295E-07	-1.01270971E-06	 7.70934159E-06
 7.900000E-01	-3.30944381E-02	 2.18640528E-03	 2.86931439E-03	-6.02365990E-03	 2.95427989E-06	-1.76371893E-07	-6.41241544E-07	 7.49613244E-06
 7.950000E-01	-3.43458232E-02	 2.59334812E-03	 2.91942199E-03	-6.64351078E-03	 2.91740672E-06	-1.81317127E-07	-2.91283293E-07	 7.23908278E-06
 8.000000E-01	-3.56398798E-02	 3.05031510E-03	 2.95206307E-03	-7.31079853E-03	 2.87978554E-06	-1.76772576E-07	 3.30758829E-08	 6.93551748E-06
 8.050000E-01	-3.69770000E-02	 3.56313559E-03	 2.96423975E-03	-8.02692307E-03	 2.84224902E-06	-1.62215325E-07	 3.26788992E-07	 6.58836234E-06
 8.100000E-01	-3.83574442E-02	 4.13812917E-03	 2.95282389E-03	-8.79283990E-03	 2.80643419E-06	-1.38371377E-07	 5.86606211E-07	 6.20601154E-06
 8.150000E-01	-3.97805556E-02	 4.78170300E-03	 2.91430139E-03	-9.60821501E-03	 2.77297079E-06	-1.05995820E-07	 8.12115963E-07	 5.79908690E-06
 8.200000E-01	-4.12447612E-02	 5.50018925E-03	 2.84476185E-03	-1.04713852E-02	 2.74249784E-06	-6.71819790E-08	 1.00521152E-06	 5.38281470E-06
 8.250000E-01	-4.27492446E-02	 6.30074248E-03	 2.74053277E-03	-1.13810570E-02	 2.71574216E-06	-2.69345159E-08	 1.17069069E-06	 4.97790343E-06
 8.300000E-01	-4.42935222E-02	 7.19124557E-03	 2.59783911E-03	-1.23360795E-02	 2.69117585E-06	 1.15416705E-08	 1.31459664E-06	 4.59562087E-06
 8.350000E-01	-4.58768819E-02	 8.17994145E-03	 2.41262717E-03	-1.33347460E-02	 2.66550578E-06	 5.20021027E-08	 1.43968103E-06	 4.22716083E-06
 8.400000E-01	-4.74986157E-02	 9.27548743E-03	 2.18094663E-03	-1.43745596E-02	 2.63773828E-06	 9.96779581E-08	 1.54631272E-06	 3.86314623E-06
 8.450000E-01	-4.91559965E-02	 1.04850757E-02	 1.89832739E-03	-1.54497406E-02	 2.60966859E-06	 1.53891783E-07	 1.63716879E-06	 3.51164893E-06
 8.500000E-01	-5.08462783E-02	 1.18156409E-02	 1.56068453E-03	-1.65533843E-02	 2.58208425E-06	 2.11597926E-07	 1.71720654E-06	 3.18436815E-06
 8.550000E-01	-5.25665859E-02	 1.32737796E-02	 1.16396557E-03	-1.76776297E-02	 2.55394276E-06	 2.73493203E-07	 1.78941445E-06	 2.88106721E-06
 8.600000E-01	-5.43137191E-02	 1.48659662E-02	 7.03580123E-04	-1.88138212E-02	 2.52477086E-06	 3.41170374E-07	 1.85468497E-06	 2.59899594E-06
 8.650000E-01	-5.60854469E-02	 1.66004493E-02	 1.74389436E-04	-1.99543428E-02	 2.49487975E-06	 4.12689126E-07	 1.91430944E-06	 2.34253943E-06
 8.700000E-01	-5.78802810E-02	 1.84875025E-02	-4.29487087E-04	-2.10919327E-02	 2.46367020E-06	 4.86088014E-07	 1.96992702E-06	 2.11382189E-06
 8.750000E-01	-5.96952360E-02	 2.05367051E-02	-1.11494320E-03	-2.22158377E-02	 2.42994266E-06	 5.63537130E-07	 2.02226875E-06	 1.90597305E-06
 8.800000E-01	-6.15254866E-02	 2.27555479E-02	-1.88939942E-03	-2.33106183E-02	 2.39341488E-06	 6.45564884E-07	 2.07148145E-06	 1.71726232E-06
 8.850000E-01	-6.33651585E-02	 2.51499598E-02	-2.76046442E-03	-2.43570796E-02	 2.35416829E-06	 7.25162794E-07	 2.11724312E-06	 1.55964785E-06
 8.900000E-01	-6.52076613E-02	 2.77251118E-02	-3.73625472E-03	-2.53326010E-02	 2.31134246E-06	 7.96900500E-07	 2.15877626E-06	 1.43747642E-06
 8.950000E-01	-6.70449846E-02	 3.04854833E-02	-4.82642928E-03	-2.62096982E-02	 2.26424576E-06	 8.66448010E-07	 2.19686295E-06	 1.33553334E-06
 9.000000E-01	-6.88681715E-02	 3.34358423E-02	-6.04223592E-03	-2.69553194E-02	 2.21298263E-06	 9.39678442E-07	 2.23329581E-06	 1.24319758E-06
 9.050000E-01	-7.06683780E-02	 3.65816609E-02	-7.39443274E-03	-2.75312289E-02	 2.15745583E-06	 1.01122434E-06	 2.26817060E-06	 1.17104900E-06
 9.100000E-01	-7.24312713E-02	 3.99127114E-02	-8.89517237E-03	-2.78786900E-02	 2.09657258E-06	 1.07129271E-06	 2.29861242E-06	 1.13222609E-06
 9.150000E-01	-7.41391167E-02	 4.34194587E-02	-1.05532992E-02	-2.79417989E-02	 2.02964369E-06	 1.11683988E-06	 2.32215416E-06	 1.12489339E-06
 9.200000E-01	-7.57711648E-02	 4.70582957E-02	-1.23892182E-02	-2.76101532E-02	 1.95651106E-06	 1.14959509E-06	 2.33861769E-06	 1.14141966E-06
 9.250000E-01	-7.73067658E-02	 5.08410817E-02	-1.44051533E-02	-2.68426406E-02	 1.87644219E-06	 1.17245740E-06	 2.34998945E-06	 1.17311295E-06
 9.300000E-01	-7.87098253E-02	 5.46717891E-02	-1.66375355E-02	-2.54430749E-02	 1.79087942E-06	 1.18631129E-06	 2.35951119E-06	 1.21886291E-06
 9.350000E-01	-7.99460398E-02	 5.84358839E-02	-1.91113275E-02	-2.31941440E-02	 1.70037321E-06	 1.18484962E-06	 2.35983839E-06	 1.27532896E-06
 9.400000E-01	-8.09613783E-02	 6.21823030E-02	-2.17977577E-02	-2.01588743E-02	 1.60805646E-06	 1.16921728E-06	 2.34688755E-06	 1.33027544E-06
 9.450000E-01	-8.17761666E-02	 6.60864777E-02	-2.45742404E-02	-1.65680409E-02	 1.52010474E-06	 1.13966306E-06	 2.31977801E-06	 1.38571316E-06
 9.500000E-01	-8.22666400E-02	 6.98371087E-02	-2.74187465E-02	-1.18941370E-02	 1.43150635E-06	 1.11259463E-06	 2.27501921E-06	 1.40647809E-06
 9.550000E-01	-8.23133923E-02	 7.32376610E-02	-2.99863915E-02	-6.80549723E-03	 1.37907076E-06	 1.08734527E-06	 2.22365297E-06	 1.42084240E-06
 9.600000E-01	-8.29769347E-02	 7.87181537E-02	-3.28879141E-02	-2.45294010E-04	 1.24770491E-06	 1.03523997E-06	 2.18086266E-06	 1.47708279E-06
 9.650000E-01	-7.87476135E-02	 7.83738633E-02	-3.46772962E-02	 2.05387496E-03	 1.27790996E-06	 1.02874691E-06	 2.18168268E-06	 1.50342169E-06
 9.700000E-01	-6.95719595E-02	 7.87039620E-02	-3.72594012E-02	 5.12288853E-03	 1.35217154E-06	 1.01683412E-06	 2.26008988E-06	 1.58673722E-06
 9.750000E-01	-3.25024223E-02	 7.70149930E-02	-1.55520692E-02	-6.05792895E-04	 1.47348883E-06	 8.01540509E-07	 2.20631455E-06	 1.33599931E-06
 9.800000E-01	 5.51798046E-02	 7.57441552E-02	 5.24998263E-02	 1.46489537E-04	 1.64474118E-06	 1.98309421E-07	 1.84072927E-06	 5.92276344E-07
 9.850000E-01	 1.17347387E-01	-9.51985376E-02	 7.61437283E-02	-1.38103776E-01	 8.27763217E-07	-1.38659025E-06	-1.52984061E-07	-1.43013630E-06
 9.900000E-01	-3.11855109E-03	-9.81947335E-02	-1.10626213E-03	-1.88073202E-01	-7.95149930E-07	-5.38461154E-07	-1.52558712E-06	-6.21762520E-07
 9.950000E-01	-3.67298997E-02	-9.18248495E-02	 1.14324947E-02	-2.03568581E-01	-1.14973857E-06	-1.10620562E-09	-1.47660269E-06	-5.81498697E-07
 1.000000E+00	 0.00000000E+00	 0.00000000E+00	 0.00000000E+00	 0.00000000E+00	 0.00000000E+00	 0.00000000E+00	 0.00000000E+00	 0.00000000E+00
