r	R  4/ 4	R  5/ 4	R  6/ 4	R  7/ 4	I  4/ 4	I  5/ 4	I  6/ 4	I  7/ 4
 0.000000E+00	 0.00000000E+00	 0.00000000E+00	 0.00000000E+00	 0.00000000E+00	 0.00000000E+00	 0.00000000E+00	 0.00000000E+00	 0.00000000E+00
 5.000000E-03	-2.43017336E-09	 3.20702858E-09	 1.04907093E-09	 1.09757860E-09	-7.43244404E-07	 4.40655266E-08	 1.61193596E-06	 4.88947834E-08
 1.000000E-02	-1.62536507E-08	 5.46892268E-09	-3.68877284E-09	 2.57342537E-09	-7.05159127E-07	 8.85344652E-08	 1.79071511E-06	 1.08693336E-07
 1.500000E-02	-3.04562157E-08	 7.56640019E-09	-1.44262779E-08	 2.80139310E-09	-4.62655314E-07	 1.49226627E-07	 1.82500967E-06	 1.63984670E-07
 2.000000E-02	-3.94798217E-08	 9.91699916E-09	-3.10772454E-08	 4.19087385E-10	 1.48903925E-07	 2.33532304E-07	 1.83620317E-06	 2.19148783E-07
 2.500000E-02	-2.95063697E-08	 1.20654746E-08	-6.20445597E-08	-6.20272914E-09	 1.37649655E-06	 3.50808978E-07	 1.84262743E-06	 2.69895676E-07
 3.000000E-02	 3.90518209E-08	 1.43942319E-08	-1.03004356E-07	-1.99045581E-08	 3.52152505E-06	 4.77685228E-07	 1.84408547E-06	 2.99851370E-07
 3.500000E-02	 1.56078259E-07	 1.07094079E-08	-8.19827323E-08	-2.53173883E-08	 6.89906918E-06	 5.73359231E-07	 1.81602948E-06	 3.32927238E-07
 4.000000E-02	 2.16663168E-07	-5.00286573E-09	 3.71818378E-08	 5.89006012E-09	 1.18283123E-05	 7.71721595E-07	 1.75263766E-06	 4.24558256E-07
 4.500000E-02	 2.02951804E-07	-1.78420268E-08	 1.24322929E-07	 5.05557864E-08	 1.85823403E-05	 1.30357959E-06	 1.69575761E-06	 5.51544089E-07
 5.000000E-02	 2.42911707E-07	-1.48015057E-08	 6.40987362E-08	 6.04177532E-08	 2.74082430E-05	 2.14204959E-06	 1.65457064E-06	 6.41072126E-07
 5.500000E-02	 4.57267559E-07	 2.59460989E-09	-1.39367931E-07	 2.20047563E-08	 3.85324887E-05	 3.09110144E-06	 1.58042539E-06	 6.29880759E-07
 6.000000E-02	 9.13605122E-07	 1.92745378E-08	-3.68872450E-07	-5.86149507E-08	 5.20927858E-05	 3.87234048E-06	 1.38518155E-06	 4.04328387E-07
 6.500000E-02	 1.39756215E-06	-4.54181305E-08	-1.61935276E-07	-9.09715951E-09	 6.79631623E-05	 4.29039787E-06	 9.13888669E-07	 1.28733562E-08
 7.000000E-02	 1.42731287E-06	-2.44944528E-07	 7.62241600E-07	 3.88128063E-07	 8.58934064E-05	 5.13283462E-06	 2.68616764E-07	-2.44988001E-07
 7.500000E-02	 8.92247419E-07	-4.93333934E-07	 1.95006168E-06	 1.02231383E-06	 1.05872750E-04	 7.55812116E-06	-1.29442324E-07	-2.28957050E-07
 8.000000E-02	 3.07706907E-08	-6.87622395E-07	 2.88647782E-06	 1.64887784E-06	 1.27877179E-04	 1.18620283E-05	 8.05052561E-10	 8.31393761E-11
 8.500000E-02	-8.75313296E-07	-7.28267621E-07	 3.16494831E-06	 1.98439829E-06	 1.52541478E-04	 1.80253295E-05	 8.95827915E-07	 3.61022167E-07
 9.000000E-02	-1.44306052E-06	-5.50976765E-07	 2.54273045E-06	 1.79257536E-06	 1.79983707E-04	 2.51201199E-05	 2.38092274E-06	 6.70890698E-07
 9.500000E-02	-1.38309941E-06	-1.70766483E-07	 1.15006444E-06	 1.08516693E-06	 2.11461132E-04	 3.20971022E-05	 4.15066343E-06	 7.03463312E-07
 1.000000E-01	-6.10592678E-07	 3.24876677E-07	-5.55018953E-07	-8.22713839E-09	 2.48173723E-04	 3.79741759E-05	 5.81567878E-06	 7.46233820E-08
 1.050000E-01	 1.18727950E-07	 5.16803493E-07	-1.16187853E-06	-7.44367963E-07	 2.96506902E-04	 4.37604365E-05	 7.47901097E-06	-1.08461602E-06
 1.100000E-01	-3.63756199E-07	 1.09385884E-07	 6.95843680E-08	-3.32222620E-07	 3.60142555E-04	 5.30717126E-05	 9.88338636E-06	-1.64354937E-06
 1.150000E-01	-1.56937053E-06	-3.62551398E-07	 1.32136504E-06	 4.57036229E-07	 4.47806434E-04	 7.15552968E-05	 1.54039338E-05	-7.72369819E-07
 1.200000E-01	-2.10304650E-06	-3.38955123E-07	 1.02716067E-06	 4.36164230E-07	 5.59226551E-04	 9.86010864E-05	 2.36173226E-05	 5.76745444E-07
 1.250000E-01	-1.68784201E-06	 8.30667100E-08	-3.38476087E-07	-4.22470686E-07	 6.79114215E-04	 1.27604292E-04	 3.10936510E-05	 1.04613806E-06
 1.300000E-01	-6.87417653E-07	 6.05267353E-07	-1.86769956E-06	-1.66571320E-06	 8.14796247E-04	 1.59966528E-04	 3.86549048E-05	 6.49804381E-07
 1.350000E-01	 1.11420181E-07	 7.19618023E-07	-2.34511649E-06	-2.39142749E-06	 9.70258716E-04	 1.97228418E-04	 4.66482994E-05	-3.66579879E-07
 1.400000E-01	-2.75354925E-07	 9.21732348E-08	-1.09401220E-06	-1.82960735E-06	 1.15023928E-03	 2.43701227E-04	 5.64533880E-05	-9.89269523E-07
 1.450000E-01	-1.66233259E-06	-7.87749167E-07	 7.68353679E-07	-7.06101229E-07	 1.35032067E-03	 3.01708435E-04	 7.00079059E-05	-4.44331978E-07
 1.500000E-01	-3.08184117E-06	-1.26410197E-06	 1.78312511E-06	-1.13842009E-07	 1.53935838E-03	 3.63363184E-04	 8.75630384E-05	 1.34883076E-06
 1.550000E-01	-2.90531717E-06	-4.16991114E-07	 3.26700337E-07	-1.30007904E-06	 1.74206826E-03	 4.33957637E-04	 1.10109933E-04	 4.33490740E-06
 1.600000E-01	 2.63369302E-07	 2.17562801E-06	-3.60360743E-06	-4.97817465E-06	 1.95457120E-03	 5.07327360E-04	 1.34806299E-04	 5.82298200E-06
 1.650000E-01	 3.21414846E-06	 3.74767595E-06	-4.98802121E-06	-7.41216416E-06	 2.16755928E-03	 5.76868054E-04	 1.57960957E-04	 4.13370667E-06
 1.700000E-01	 1.45720698E-06	 1.80285573E-06	-9.63728392E-07	-4.74037202E-06	 2.36761939E-03	 6.45933629E-04	 1.81181911E-04	 3.22045970E-06
 1.750000E-01	-1.85657113E-06	-3.96298048E-07	 2.30061652E-06	-1.24009188E-06	 2.53191144E-03	 7.12076863E-04	 2.06172181E-04	 6.44794375E-06
 1.800000E-01	-1.00228432E-06	 8.52231449E-07	 4.34764752E-08	-2.47439418E-06	 2.75869093E-03	 7.96288861E-04	 2.32784812E-04	 1.08233846E-05
 1.850000E-01	 2.57890495E-06	 3.50758083E-06	-3.72117780E-06	-6.03946412E-06	 3.07444799E-03	 9.02465759E-04	 2.60661505E-04	 1.27118834E-05
 1.900000E-01	 4.77124497E-06	 4.46735365E-06	-4.97639313E-06	-7.56020734E-06	 3.42453601E-03	 1.01744412E-03	 2.89268594E-04	 1.27698691E-05
 1.950000E-01	 4.80369756E-06	 3.45140269E-06	-4.06445704E-06	-6.20222225E-06	 3.80760542E-03	 1.14432911E-03	 3.19511112E-04	 1.27147318E-05
 2.000000E-01	 3.18444287E-06	 1.11894498E-06	-2.03065064E-06	-2.58014823E-06	 4.22812660E-03	 1.28633987E-03	 3.53716124E-04	 1.39574042E-05
 2.050000E-01	 7.42905314E-07	-1.44287724E-06	 3.76604607E-08	 1.60161128E-06	 4.66944009E-03	 1.43709199E-03	 3.94130900E-04	 1.89748152E-05
 2.100000E-01	-1.44341419E-06	-3.26930994E-06	 1.20786951E-06	 4.66055185E-06	 5.08535127E-03	 1.57739969E-03	 4.39064226E-04	 2.91787471E-05
 2.150000E-01	-2.76474092E-06	-3.97711726E-06	 1.21136131E-06	 5.86216256E-06	 5.49708278E-03	 1.71176600E-03	 4.84383135E-04	 4.29223466E-05
 2.200000E-01	-2.88109953E-06	-3.46129015E-06	 2.35287894E-07	 5.05117708E-06	 5.91005204E-03	 1.84114436E-03	 5.28218542E-04	 5.87014507E-05
 2.250000E-01	-2.62181826E-06	-2.77826835E-06	-7.25629327E-07	 3.62928823E-06	 6.32458634E-03	 1.96456540E-03	 5.69394634E-04	 7.58873774E-05
 2.300000E-01	-3.14318736E-06	-2.99222734E-06	-1.01563729E-06	 2.91218385E-06	 6.76370954E-03	 2.09410937E-03	 6.10325577E-04	 9.55041712E-05
 2.350000E-01	-4.14535816E-06	-3.58929592E-06	-1.08913301E-06	 2.32708009E-06	 7.24907250E-03	 2.24184061E-03	 6.53937286E-04	 1.18380276E-04
 2.400000E-01	-4.90112324E-06	-3.76522340E-06	-1.32939613E-06	 9.24840365E-07	 7.75141120E-03	 2.39498314E-03	 6.97831967E-04	 1.43662862E-04
 2.450000E-01	-5.42837220E-06	-3.43433431E-06	-1.64706306E-06	-1.84163869E-06	 8.26645508E-03	 2.54858634E-03	 7.38520669E-04	 1.69868373E-04
 2.500000E-01	-5.31829863E-06	-2.08100506E-06	-2.46887978E-06	-6.51367568E-06	 8.78557992E-03	 2.69670721E-03	 7.72182236E-04	 1.95899668E-04
 2.550000E-01	-9.59717318E-07	 3.72502736E-06	-5.68845190E-06	-1.52242206E-05	 9.27287133E-03	 2.81816103E-03	 7.90731142E-04	 2.18751145E-04
 2.600000E-01	 1.01197495E-05	 1.53225789E-05	-1.09468202E-05	-2.80091562E-05	 9.74965709E-03	 2.91308745E-03	 7.89922652E-04	 2.32317525E-04
 2.650000E-01	 1.71346086E-05	 2.02263857E-05	-1.20246178E-05	-3.24674610E-05	 1.02419136E-02	 2.99215483E-03	 7.71482373E-04	 2.33973918E-04
 2.700000E-01	 8.28794473E-06	 7.84325109E-06	-6.92466943E-06	-1.94940234E-05	 1.07330873E-02	 3.06101378E-03	 7.42208349E-04	 2.34385117E-04
 2.750000E-01	-2.52209783E-06	-4.11493014E-06	-4.83375480E-06	-7.45183715E-06	 1.12419765E-02	 3.13865454E-03	 7.15723593E-04	 2.45546028E-04
 2.800000E-01	 3.19525859E-06	 2.68141919E-06	-1.01565019E-05	-1.30951316E-05	 1.17492972E-02	 3.19382870E-03	 6.74505379E-04	 2.53640080E-04
 2.850000E-01	 1.24559602E-05	 1.10518850E-05	-1.41974620E-05	-1.92632381E-05	 1.22139293E-02	 3.18623391E-03	 5.90059328E-04	 2.39606137E-04
 2.900000E-01	 5.69520293E-06	 9.24055991E-07	-1.21918723E-05	-8.33385179E-06	 1.26245380E-02	 3.14792862E-03	 4.86908788E-04	 2.16994501E-04
 2.950000E-01	-7.48276790E-06	-1.43327480E-05	-1.04357975E-05	 6.40341811E-06	 1.28759579E-02	 3.04357074E-03	 3.63414019E-04	 1.96741811E-04
 3.000000E-01	-1.08934279E-05	-1.74057693E-05	-1.25901223E-05	 9.77882702E-06	 1.30620515E-02	 2.91141880E-03	 2.37024774E-04	 1.81281148E-04
 3.050000E-01	-9.95783689E-06	-1.60050743E-05	-1.46731789E-05	 8.86923361E-06	 1.33318543E-02	 2.83524243E-03	 1.44623220E-04	 1.74830730E-04
 3.100000E-01	-1.48601722E-05	-2.10629560E-05	-1.42552436E-05	 1.25421782E-05	 1.36370835E-02	 2.80488595E-03	 8.74567824E-05	 1.81220292E-04
 3.150000E-01	-2.15629726E-05	-2.69558420E-05	-1.34309805E-05	 1.55553886E-05	 1.40911854E-02	 2.90950396E-03	 1.12758965E-04	 2.17067837E-04
 3.200000E-01	-2.27266671E-05	-2.57395759E-05	-1.33767150E-05	 1.16024707E-05	 1.45888194E-02	 3.06208164E-03	 1.69648574E-04	 2.64958947E-04
 3.250000E-01	-1.97490771E-05	-1.98273534E-05	-1.29935153E-05	 3.15943323E-06	 1.50663201E-02	 3.19869371E-03	 2.12970526E-04	 3.06809248E-04
 3.300000E-01	-1.61776584E-05	-1.34034573E-05	-1.16916057E-05	-6.14045223E-06	 1.55845375E-02	 3.35820351E-03	 2.57865116E-04	 3.45174429E-04
 3.350000E-01	-1.14544478E-05	-5.91137738E-06	-1.00924807E-05	-1.62213842E-05	 1.60414084E-02	 3.46524792E-03	 2.70942623E-04	 3.73236687E-04
 3.400000E-01	-4.55852664E-06	 3.46505899E-06	-8.59158288E-06	-2.73053389E-05	 1.64299746E-02	 3.47496340E-03	 2.21684852E-04	 3.84533654E-04
 3.450000E-01	 1.72793777E-06	 1.13474793E-05	-6.81522407E-06	-3.68643770E-05	 1.66723602E-02	 3.31022588E-03	 6.42583629E-05	 3.67680908E-04
 3.500000E-01	 4.88324187E-06	 1.52711644E-05	-5.11339240E-06	-4.33426878E-05	 1.68171346E-02	 3.04211111E-03	-1.57316448E-04	 3.36164419E-04
 3.550000E-01	 1.12010260E-05	 2.26520389E-05	-5.28490119E-06	-5.24535907E-05	 1.68579085E-02	 2.69588118E-03	-4.22571502E-04	 2.98295683E-04
 3.600000E-01	 2.64683786E-05	 3.88786757E-05	-7.62687026E-06	-6.70754443E-05	 1.68654052E-02	 2.31554391E-03	-7.08894812E-04	 2.58574223E-04
 3.650000E-01	 3.75209403E-05	 4.77187039E-05	-9.50105611E-06	-7.19261228E-05	 1.70114037E-02	 2.01624203E-03	-9.63204643E-04	 2.26612940E-04
 3.700000E-01	 2.90042935E-05	 3.33435497E-05	-9.70437427E-06	-5.44595524E-05	 1.71852405E-02	 1.75047237E-03	-1.19848723E-03	 2.05822537E-04
 3.750000E-01	 9.65397125E-06	 8.48815819E-06	-1.00706912E-05	-2.86830872E-05	 1.72240946E-02	 1.43581209E-03	-1.43712415E-03	 2.01631470E-04
 3.800000E-01	-5.10855875E-06	-8.87001361E-06	-1.20226533E-05	-1.15750151E-05	 1.72242432E-02	 1.14392261E-03	-1.63813283E-03	 2.24545816E-04
 3.850000E-01	-7.78495553E-06	-1.12220726E-05	-1.57300682E-05	-9.16591711E-06	 1.74375759E-02	 1.03907684E-03	-1.73397033E-03	 2.82344375E-04
 3.900000E-01	 3.36380431E-06	 1.62783346E-06	-2.00245640E-05	-2.00634554E-05	 1.77597512E-02	 1.02110118E-03	-1.78973417E-03	 3.45780714E-04
 3.950000E-01	 9.61226937E-06	 7.33871197E-06	-2.14563436E-05	-2.27919324E-05	 1.80837137E-02	 1.01109868E-03	-1.84966514E-03	 3.93238960E-04
 4.000000E-01	-8.19404113E-06	-1.34363406E-05	-1.86465746E-05	-1.36523883E-06	 1.84041578E-02	 1.06652488E-03	-1.85478842E-03	 4.54102201E-04
 4.050000E-01	-3.30691527E-05	-3.88515978E-05	-1.52078890E-05	 2.12226318E-05	 1.89073944E-02	 1.31877818E-03	-1.73738522E-03	 5.63250512E-04
 4.100000E-01	-4.00790990E-05	-4.20035077E-05	-1.40474970E-05	 2.01526982E-05	 1.92843128E-02	 1.47508263E-03	-1.66855816E-03	 6.71523110E-04
 4.150000E-01	-2.49594872E-05	-2.10241605E-05	-1.54978213E-05	-3.70774602E-06	 1.90702904E-02	 1.16414303E-03	-1.84647515E-03	 7.17206183E-04
 4.200000E-01	 5.58651728E-06	 1.41687687E-05	-1.82644500E-05	-3.86037649E-05	 1.87071481E-02	 7.12497641E-04	-2.11601989E-03	 7.26320141E-04
 4.250000E-01	 1.97202195E-05	 2.81697269E-05	-1.68690800E-05	-5.03275238E-05	 1.86757837E-02	 4.67198865E-04	-2.32603809E-03	 7.27351952E-04
 4.300000E-01	-9.84397206E-06	-4.65459886E-06	-9.15185261E-06	-1.70335123E-05	 1.87293143E-02	 3.15425891E-04	-2.49353981E-03	 7.43538607E-04
 4.350000E-01	-4.08966551E-05	-3.52389571E-05	-4.64872220E-06	 1.31398706E-05	 1.87903968E-02	 2.19875592E-04	-2.61935045E-03	 8.01048785E-04
 4.400000E-01	-2.62265050E-05	-1.65255876E-05	-9.07401500E-06	-2.03520571E-06	 1.89418067E-02	 1.69416185E-04	-2.74179083E-03	 8.68074848E-04
 4.450000E-01	-5.90925371E-06	 5.22132543E-06	-1.13423399E-05	-1.80186876E-05	 1.90935632E-02	 8.87024045E-05	-2.90341850E-03	 9.06592629E-04
 4.500000E-01	-2.96434986E-05	-1.89615290E-05	-3.41184016E-06	 8.40084397E-06	 1.91496322E-02	-8.85301807E-06	-3.06451586E-03	 9.46012234E-04
 4.550000E-01	-6.13022655E-05	-4.75446927E-05	 4.68203361E-06	 3.62180943E-05	 1.91500015E-02	-5.20143765E-05	-3.17528191E-03	 1.02410522E-03
 4.600000E-01	-5.39913605E-05	-3.45858130E-05	 4.86417319E-06	 2.34941607E-05	 1.90306526E-02	-9.98722582E-05	-3.25946386E-03	 1.11716471E-03
 4.650000E-01	-3.58577079E-05	-1.22151557E-05	 5.62850935E-06	 1.35710487E-06	 1.89431571E-02	-1.06305357E-04	-3.33288125E-03	 1.19468049E-03
 4.700000E-01	-4.42054660E-05	-1.66533494E-05	 1.40351895E-05	 2.89120567E-06	 1.88235726E-02	-1.21475370E-04	-3.43468225E-03	 1.25923124E-03
 4.750000E-01	-5.24826586E-05	-1.93862357E-05	 2.14104314E-05	 1.99531348E-06	 1.85056786E-02	-2.29137346E-04	-3.58626398E-03	 1.32246901E-03
 4.800000E-01	-2.96370347E-05	 8.06600290E-06	 2.14310547E-05	-2.54594178E-05	 1.81415263E-02	-3.51364502E-04	-3.75921194E-03	 1.37513468E-03
 4.850000E-01	-1.48650481E-05	 2.53229833E-05	 2.69217292E-05	-4.06788557E-05	 1.79577269E-02	-3.81094883E-04	-3.92861685E-03	 1.40777783E-03
 4.900000E-01	-4.80498083E-05	-2.57047327E-06	 4.64284907E-05	-1.42981136E-05	 1.77886916E-02	-4.07787753E-04	-4.11226818E-03	 1.45038049E-03
 4.950000E-01	-6.80669776E-05	-1.32089589E-05	 5.89381148E-05	-1.17010799E-05	 1.74306367E-02	-5.43048792E-04	-4.33921437E-03	 1.52905913E-03
 5.000000E-01	-1.06923295E-05	 4.94062210E-05	 4.81954740E-05	-8.52492096E-05	 1.69554144E-02	-7.85670320E-04	-4.64173382E-03	 1.58915897E-03
 5.050000E-01	 5.33198791E-05	 1.11762846E-04	 3.93534892E-05	-1.54048746E-04	 1.63482403E-02	-1.22189974E-03	-5.11825255E-03	 1.55375141E-03
 5.100000E-01	 4.12507122E-05	 1.00208992E-04	 5.51828874E-05	-1.43090865E-04	 1.58409561E-02	-1.61873730E-03	-5.61230147E-03	 1.50659814E-03
 5.150000E-01	 7.23844783E-06	 7.14712158E-05	 7.34260928E-05	-1.13676830E-04	 1.58634814E-02	-1.62657159E-03	-5.93381021E-03	 1.55626901E-03
 5.200000E-01	 2.33650600E-05	 8.94235922E-05	 7.12748584E-05	-1.30998696E-04	 1.58530523E-02	-1.63520171E-03	-6.26867568E-03	 1.62172704E-03
 5.250000E-01	 5.94855459E-05	 1.21647094E-04	 6.28242466E-05	-1.58754728E-04	 1.47853875E-02	-2.26055405E-03	-6.83216451E-03	 1.58259065E-03
 5.300000E-01	 6.57861437E-05	 1.24127267E-04	 6.62194396E-05	-1.49979060E-04	 1.34129129E-02	-2.98485182E-03	-7.41939824E-03	 1.50043046E-03
 5.350000E-01	 3.25167669E-05	 9.22661674E-05	 8.55355749E-05	-1.02957728E-04	 1.24535906E-02	-3.27879429E-03	-7.78045679E-03	 1.47358846E-03
 5.400000E-01	-3.01488315E-05	 3.87062886E-05	 1.14951081E-04	-3.72748976E-05	 1.17101526E-02	-3.30310214E-03	-8.00631644E-03	 1.52180832E-03
 5.450000E-01	-5.87917775E-05	 1.90530034E-05	 1.24197835E-04	-1.49511788E-05	 1.17012068E-02	-2.91787746E-03	-8.21378060E-03	 1.67010451E-03
 5.500000E-01	-3.37688168E-06	 6.96503724E-05	 9.75159063E-05	-6.97642833E-05	 1.19566227E-02	-2.31228950E-03	-8.36952148E-03	 1.83171697E-03
 5.550000E-01	 3.13180474E-05	 9.71763519E-05	 8.86234008E-05	-9.58503046E-05	 1.23166848E-02	-1.51005247E-03	-8.42520711E-03	 1.92410248E-03
 5.600000E-01	-5.81718483E-05	 2.38017632E-05	 1.40068909E-04	-1.56617931E-05	 1.21288226E-02	-8.53908871E-04	-8.48955812E-03	 1.98009072E-03
 5.650000E-01	-1.46980264E-04	-3.91102335E-05	 1.86506463E-04	 4.15782105E-05	 1.02035772E-02	-8.84736510E-04	-8.60012201E-03	 2.02389605E-03
 5.700000E-01	-9.70859761E-05	 1.25597260E-05	 1.64397546E-04	-3.10021240E-05	 8.27215854E-03	-8.33003919E-04	-8.71708787E-03	 2.07112306E-03
 5.750000E-01	-1.64570168E-05	 8.18081762E-05	 1.33860112E-04	-1.20293130E-04	 7.44568912E-03	-2.50300979E-04	-8.81409033E-03	 2.10191850E-03
 5.800000E-01	-3.82317732E-05	 6.88998790E-05	 1.61230657E-04	-1.20128347E-04	 7.01744080E-03	 4.72330320E-04	-8.97917581E-03	 2.14670997E-03
 5.850000E-01	-9.80650575E-05	 3.33724435E-05	 2.09722114E-04	-9.82550099E-05	 6.43594949E-03	 1.12041810E-03	-9.22990224E-03	 2.25391844E-03
 5.900000E-01	-1.01528633E-04	 4.60909454E-05	 2.29577256E-04	-1.31703825E-04	 5.57298914E-03	 1.76313883E-03	-9.42303371E-03	 2.36638934E-03
 5.950000E-01	-5.14733899E-05	 9.87615586E-05	 2.21368308E-04	-2.12196338E-04	 4.61798982E-03	 2.39821582E-03	-9.63665719E-03	 2.42633893E-03
 6.000000E-01	 2.46303645E-05	 1.67507751E-04	 2.01837239E-04	-3.09742192E-04	 3.31093018E-03	 2.78947434E-03	-9.99292913E-03	 2.37934858E-03
 6.050000E-01	 8.68010263E-05	 2.21583790E-04	 1.95966635E-04	-3.80911031E-04	 2.06455635E-03	 3.13730314E-03	-1.04927229E-02	 2.24523781E-03
 6.100000E-01	 1.01487024E-04	 2.39039270E-04	 2.21254868E-04	-4.00825870E-04	 1.00471130E-03	 3.61043320E-03	-1.10538611E-02	 2.05928793E-03
 6.150000E-01	 9.40440780E-05	 2.41653980E-04	 2.60111043E-04	-3.99614675E-04	-2.70218923E-04	 4.17156070E-03	-1.15343770E-02	 1.80012325E-03
 6.200000E-01	 9.86599635E-05	 2.53041356E-04	 2.89208129E-04	-4.07199831E-04	-1.67738024E-03	 4.82117707E-03	-1.19528904E-02	 1.48096679E-03
 6.250000E-01	 1.21931922E-04	 2.75437961E-04	 3.01046264E-04	-4.27099778E-04	-2.37550343E-03	 5.82454135E-03	-1.24023129E-02	 1.23472805E-03
 6.300000E-01	 1.59684946E-04	 3.03827572E-04	 3.00175252E-04	-4.54607648E-04	-2.83028801E-03	 7.08039464E-03	-1.27581522E-02	 9.64682078E-04
 6.350000E-01	 1.78784708E-04	 3.15210834E-04	 3.10897081E-04	-4.70587958E-04	-3.51425550E-03	 8.50927547E-03	-1.28643208E-02	 5.61129772E-04
 6.400000E-01	 1.50470566E-04	 2.93630865E-04	 3.46052233E-04	-4.66262012E-04	-2.74635551E-03	 1.05647893E-02	-1.30551900E-02	 3.84389389E-04
 6.450000E-01	 1.12457456E-04	 2.65956645E-04	 3.78659675E-04	-4.74280887E-04	-2.60081049E-03	 1.21310681E-02	-1.35366081E-02	 1.09965142E-04
 6.500000E-01	 1.05503166E-04	 2.55736009E-04	 3.83606424E-04	-5.18041864E-04	-4.29385261E-03	 1.31665706E-02	-1.36235185E-02	-6.94961161E-04
 6.550000E-01	 1.03496211E-04	 2.43567007E-04	 3.76939715E-04	-5.85017240E-04	-6.54334219E-03	 1.38547339E-02	-1.37639926E-02	-1.83269452E-03
 6.600000E-01	 7.60307853E-05	 2.12814653E-04	 3.72387697E-04	-6.64506204E-04	-5.13083783E-03	 1.61354481E-02	-1.37683696E-02	-2.44310409E-03
 6.650000E-01	 5.28057885E-05	 1.82092626E-04	 3.49290872E-04	-7.69996757E-04	-3.04275955E-03	 1.90939639E-02	-1.31712770E-02	-3.24608598E-03
 6.700000E-01	 6.39054990E-05	 1.65651058E-04	 2.90026225E-04	-9.01377810E-04	-2.52388739E-03	 2.15609863E-02	-1.23043968E-02	-4.93698186E-03
 6.750000E-01	 6.73616952E-05	 1.35859025E-04	 2.30701133E-04	-1.04915883E-03	-6.33632238E-03	 2.25459561E-02	-1.08599381E-02	-8.52327455E-03
 6.800000E-01	 1.92346164E-05	 7.22521959E-05	 1.93032014E-04	-1.19968165E-03	-7.64921260E-03	 2.44551219E-02	-9.55732194E-03	-1.21579430E-02
 6.850000E-01	-4.75246129E-05	-4.20006051E-07	 1.53504091E-04	-1.36541130E-03	-7.20736560E-03	 2.71412287E-02	-8.24354725E-03	-1.59851371E-02
 6.900000E-01	-8.84760800E-05	-5.73302305E-05	 8.98069575E-05	-1.55428313E-03	-1.16777788E-02	 2.83552729E-02	-6.09602858E-03	-2.23967954E-02
 6.950000E-01	-8.07924622E-05	-8.77820789E-05	-1.78541055E-05	-1.72755785E-03	-1.45313234E-02	 3.00426053E-02	-4.18023081E-03	-2.93827785E-02
 7.000000E-01	-1.84435736E-05	-9.08564585E-05	-1.60159265E-04	-1.85531968E-03	-1.48442803E-02	 3.25626476E-02	-2.50993988E-03	-3.66225366E-02
 7.050000E-01	 1.91220432E-05	-1.11961951E-04	-2.71551379E-04	-1.94607467E-03	-1.49831626E-02	 3.54370733E-02	-4.71511924E-04	-4.52561854E-02
 7.100000E-01	-3.84515513E-05	-1.84470063E-04	-3.16174056E-04	-2.02694522E-03	-1.68688832E-02	 3.76001436E-02	 1.49692401E-03	-5.58870876E-02
 7.150000E-01	-1.00943922E-04	-2.52880893E-04	-3.59986225E-04	-2.07192943E-03	-2.05384383E-02	 3.89517449E-02	 3.23813335E-03	-6.84512907E-02
 7.200000E-01	-7.76531861E-05	-2.71288442E-04	-4.44196639E-04	-2.03050318E-03	-2.40802570E-02	 4.01092369E-02	 4.60924664E-03	-8.21039601E-02
 7.250000E-01	-6.30741162E-05	-2.92983386E-04	-4.96034225E-04	-1.93523432E-03	-2.65045614E-02	 4.14955132E-02	 5.70896969E-03	-9.63296594E-02
 7.300000E-01	-1.51516019E-04	-3.60924012E-04	-4.70864235E-04	-1.83752109E-03	-2.87049642E-02	 4.29890717E-02	 6.79202889E-03	-1.11287400E-01
 7.350000E-01	-2.26422517E-04	-4.02370641E-04	-4.34773630E-04	-1.68342190E-03	-3.17951438E-02	 4.43385491E-02	 8.03015503E-03	-1.27196434E-01
 7.400000E-01	-1.72319299E-04	-3.56198230E-04	-4.23614057E-04	-1.40926844E-03	-3.30873837E-02	 4.62302242E-02	 9.00334863E-03	-1.42166131E-01
 7.450000E-01	-1.01704167E-04	-2.94698687E-04	-3.76205635E-04	-1.09457577E-03	-3.62847929E-02	 4.71640377E-02	 9.85086615E-03	-1.58377058E-01
 7.500000E-01	-1.31362541E-04	-2.83030546E-04	-2.66245312E-04	-8.14594267E-04	-4.24160701E-02	 4.69861837E-02	 1.07332017E-02	-1.76144142E-01
 7.550000E-01	-1.73156674E-04	-2.65599960E-04	-1.44931972E-04	-5.18326914E-04	-4.48413975E-02	 4.85990447E-02	 1.18256896E-02	-1.90468091E-01
 7.600000E-01	-1.37205157E-04	-1.98684936E-04	-4.37099402E-05	-1.86639366E-04	-4.56164385E-02	 5.13802344E-02	 1.33900178E-02	-2.02582287E-01
 7.650000E-01	-9.79866636E-05	-1.33316707E-04	 5.84526628E-05	 1.11729535E-04	-4.70690498E-02	 5.41233487E-02	 1.50046573E-02	-2.13832932E-01
 7.700000E-01	-1.27342527E-04	-1.11724093E-04	 1.61893523E-04	 3.27910700E-04	-5.08604331E-02	 5.62035584E-02	 1.65951500E-02	-2.25333746E-01
 7.750000E-01	-1.38002740E-04	-7.98908926E-05	 2.33311894E-04	 4.97806035E-04	-5.26194189E-02	 5.89534444E-02	 1.76936072E-02	-2.32871647E-01
 7.800000E-01	-5.42160092E-05	 3.60563186E-06	 2.71622418E-04	 6.19318408E-04	-6.22749668E-02	 5.84938547E-02	 1.80712471E-02	-2.44570312E-01
 7.850000E-01	 2.29015412E-05	 6.68609240E-05	 2.89492707E-04	 6.56307539E-04	-7.38954185E-02	 5.73625292E-02	 1.82278541E-02	-2.55820498E-01
 7.900000E-01	-9.25420840E-07	 4.68440468E-05	 2.71626344E-04	 6.17910656E-04	-7.06696276E-02	 6.30303524E-02	 2.00224913E-02	-2.52649252E-01
 7.950000E-01	-5.95245411E-05	-7.54141102E-06	 2.16775723E-04	 5.34508349E-04	-7.23274930E-02	 6.81761483E-02	 2.26917411E-02	-2.52649248E-01
 8.000000E-01	-7.68141865E-05	-4.16678476E-05	 1.38572416E-04	 4.27737704E-04	-7.26704526E-02	 7.41627934E-02	 2.52740574E-02	-2.49857776E-01
 8.050000E-01	-7.19514130E-05	-6.37994138E-05	 5.42378994E-05	 2.91438872E-04	-7.40292097E-02	 7.97134396E-02	 2.70434263E-02	-2.46808781E-01
 8.100000E-01	-6.68797479E-05	-8.04944052E-05	-1.90681528E-05	 1.39807583E-04	-8.77871971E-02	 7.90823805E-02	 2.50026621E-02	-2.53002752E-01
 8.150000E-01	-4.34309360E-05	-7.75417580E-05	-7.13448554E-05	 6.89908724E-06	-1.12904608E-01	 7.27643121E-02	 1.90296134E-02	-2.68195719E-01
 8.200000E-01	 1.26715484E-05	-4.10895594E-05	-8.08634187E-05	-6.10925711E-05	-1.26355670E-01	 7.17990904E-02	 1.47629283E-02	-2.72773840E-01
 8.250000E-01	 2.52857323E-05	-3.36024667E-05	-7.33799167E-05	-6.83869483E-05	-1.31724387E-01	 7.55117512E-02	 1.31009242E-02	-2.69930370E-01
 8.300000E-01	-7.40721440E-05	-1.25913616E-04	-1.24748007E-04	-6.05884166E-05	-1.35208600E-01	 8.15663234E-02	 1.33738604E-02	-2.64515297E-01
 8.350000E-01	-1.57197283E-04	-2.05171140E-04	-1.79905156E-04	-3.40177285E-05	-1.34402199E-01	 9.05310961E-02	 1.58681152E-02	-2.52308179E-01
 8.400000E-01	-1.00219221E-04	-1.46161818E-04	-1.26895400E-04	 2.87410550E-05	-1.57617335E-01	 8.81110355E-02	 1.05965283E-02	-2.59525324E-01
 8.450000E-01	-1.37009092E-05	-5.35317126E-05	-3.68006114E-05	 8.07158274E-05	-1.80812769E-01	 8.43069344E-02	 3.95283178E-03	-2.63950240E-01
 8.500000E-01	-1.72226457E-05	-5.06242834E-05	-2.50498872E-05	 7.19467988E-05	-2.05239455E-01	 7.93358066E-02	-3.44006843E-03	-2.68220938E-01
 8.550000E-01	-3.73702187E-05	-6.82141078E-05	-4.07319928E-05	 5.04415334E-05	-2.33269255E-01	 7.25368052E-02	-1.19959605E-02	-2.75133517E-01
 8.600000E-01	 6.64591071E-06	-1.98707719E-05	 3.63673933E-06	 7.45513992E-05	-2.41573926E-01	 7.73865972E-02	-9.37347449E-03	-2.62741572E-01
 8.650000E-01	 3.58656514E-05	 1.33990550E-05	 3.63395209E-05	 8.70659849E-05	-2.34831499E-01	 9.17560668E-02	 3.46074580E-03	-2.34509751E-01
 8.700000E-01	-2.71172559E-05	-5.74358372E-05	-4.13775446E-05	 1.14915828E-05	-2.41221306E-01	 1.00362555E-01	 1.12763122E-02	-2.17251847E-01
 8.750000E-01	-6.67331879E-05	-1.03734104E-04	-9.99304160E-05	-4.78415806E-05	-2.72036776E-01	 9.48268557E-02	 4.88049955E-03	-2.21178909E-01
 8.800000E-01	 4.50547018E-05	 2.51313614E-05	 2.66689645E-05	 3.26588808E-05	-3.12307650E-01	 8.27860368E-02	-8.32876676E-03	-2.31762119E-01
 8.850000E-01	 1.30313969E-04	 1.31406100E-04	 1.48864887E-04	 1.27444478E-04	-3.51042379E-01	 7.12617937E-02	-2.07686176E-02	-2.38158499E-01
 8.900000E-01	-3.68036182E-05	-7.22224584E-05	-7.71518060E-05	-7.79415703E-05	-3.85129014E-01	 6.50051411E-02	-2.75912573E-02	-2.36581147E-01
 8.950000E-01	-2.03381638E-04	-2.73745062E-04	-3.02495435E-04	-2.63465466E-04	-4.03070764E-01	 7.13157518E-02	-1.97275992E-02	-2.14507620E-01
 9.000000E-01	-1.06484125E-04	-1.63072562E-04	-1.89696830E-04	-1.70315746E-04	-4.03935460E-01	 8.54176246E-02	 4.59139938E-03	-1.62971615E-01
 9.050000E-01	 1.18647120E-04	 1.17703553E-04	 1.32978142E-04	 1.24561313E-04	-4.55724202E-01	 7.47039015E-02	-9.14509047E-03	-1.72088644E-01
 9.100000E-01	 1.57161065E-04	 1.73433646E-04	 2.07849986E-04	 1.99392849E-04	-5.58389972E-01	 2.01161058E-02	-5.49610349E-02	-1.94009092E-01
 9.150000E-01	 7.94183239E-05	 7.43975820E-05	 8.83069340E-05	 7.76994586E-05	-5.71126794E-01	 5.04731471E-02	-4.80321298E-02	-2.06041019E-01
 9.200000E-01	-8.02331972E-06	-1.22489246E-05	 1.39358600E-05	 5.40386899E-05	-6.60438233E-01	-2.84549272E-02	-5.55625323E-02	-1.02181578E-01
 9.250000E-01	-3.00495976E-04	-3.92588851E-04	-4.40002904E-04	-4.15352364E-04	-6.10395018E-01	 7.62109543E-02	 1.69097097E-03	-1.07776296E-01
 9.300000E-01	 1.87579616E-04	 2.18621355E-04	 2.78618307E-04	 3.50685107E-04	-5.63264431E-01	 1.48446704E-01	 7.00614853E-02	-3.25726777E-02
 9.350000E-01	-3.56274255E-04	-3.94347794E-04	-3.47957049E-04	-2.02491396E-04	-9.64500311E-01	-2.15760231E-01	-8.67569750E-02	 1.93322515E-01
 9.400000E-01	 2.57166717E-04	 2.32488604E-04	 2.21855389E-04	 2.38979801E-04	-1.31119592E+00	-4.74182735E-01	 1.63762153E-02	 5.77310755E-01
 9.450000E-01	-8.16573745E-04	-8.23377254E-04	-7.44730275E-04	-5.34324153E-04	-4.40452302E-01	 1.39835656E-01	 6.15039747E-01	 1.81115820E+00
 9.500000E-01	-6.55422307E-04	-1.06453716E-03	-1.33578234E-03	-1.34196241E-03	 2.80768694E-01	 4.71763339E+00	 4.69858204E+00	 2.92328074E+00
 9.550000E-01	 4.58317402E-04	 1.23936133E-03	 1.63607671E-03	 1.29027695E-03	 2.00119677E+01	 1.25472207E+01	 2.46316270E+01	 3.78462045E+01
 9.600000E-01	-1.68667852E-03	-2.40285541E-03	-2.42676361E-03	-1.63770487E-03	 1.16644878E+02	 1.64955853E+02	 1.66298705E+02	 1.54405088E+02
 9.650000E-01	 3.85657471E-03	 1.05644595E-02	 1.19277056E-02	 6.88899472E-03	 7.70549196E+02	 7.64677400E+02	 8.77343744E+02	 1.01349146E+03
 9.700000E-01	 1.76326080E-02	 2.17077538E-02	 1.65405445E-02	 1.11279581E-02	 4.56089004E+03	 5.09425045E+03	 4.23862127E+03	 4.45338302E+03
 9.750000E-01	 8.71924430E-02	 1.64630608E-01	 1.30182741E-01	 1.00495278E-01	 2.81260849E+04	 4.49372814E+04	 3.62573030E+04	 3.84440502E+04
 9.800000E-01	 7.57923120E-01	 1.31858746E+00	 1.00377046E+00	 7.60599553E-01	 1.01218839E+05	 3.92972545E+05	 2.03331631E+05	 2.67829762E+05
 9.850000E-01	-8.59989803E-01	-2.49660569E-01	-4.52836788E-01	-4.15792644E-02	 9.27924928E+03	-1.30627215E+05	-8.18712386E+04	-8.16507063E+04
 9.900000E-01	 3.52942854E-01	 2.49985233E-01	 4.26902770E-01	 1.28115112E-01	-4.41663575E+04	-2.09010326E+04	-3.24927779E+04	-7.01812234E+04
 9.950000E-01	 7.61495953E-01	 1.41921362E-01	 9.28927182E-01	 5.26808222E-01	 1.09696008E+04	-1.91574465E+04	 3.18740348E+04	-4.21144387E+04
 1.000000E+00	 1.17004904E+00	 3.38574936E-02	 1.43095158E+00	 9.25501320E-01	 6.61055574E+04	-1.74138604E+04	 9.62408457E+04	-1.40476549E+04
