r	R  4/ 4	R  5/ 4	R  6/ 4	R  7/ 4	I  4/ 4	I  5/ 4	I  6/ 4	I  7/ 4
 0.000000E+00	 0.00000000E+00	 0.00000000E+00	 0.00000000E+00	 0.00000000E+00	 0.00000000E+00	 0.00000000E+00	 0.00000000E+00	 0.00000000E+00
 5.000000E-03	-8.95160901E-12	-1.29774666E-12	 1.43990740E-12	-2.04678183E-13	 1.75520666E-08	 5.65156252E-11	-8.01602841E-10	-3.08449657E-11
 1.000000E-02	-5.62604704E-11	-4.59886279E-12	 6.18232780E-12	-3.87166477E-13	 8.27131341E-08	 7.57351636E-10	-1.61593413E-09	-1.01149872E-10
 1.500000E-02	-1.95910240E-10	-1.24719910E-11	 1.44370637E-11	 2.33101335E-14	 2.43154599E-07	 3.59621439E-09	-2.40760383E-09	-2.17172495E-10
 2.000000E-02	-4.80001824E-10	-2.88195674E-11	 1.95669318E-11	 8.77360045E-13	 5.46636829E-07	 1.11116962E-08	-3.12571068E-09	-3.72854854E-10
 2.500000E-02	-9.35766413E-10	-5.70080337E-11	-7.34884351E-13	-9.27266938E-13	 1.04100816E-06	 2.68995790E-08	-3.65731210E-09	-5.54136502E-10
 3.000000E-02	-1.52845766E-09	-9.54056879E-11	-8.95485123E-11	-1.61872538E-11	 1.77419428E-06	 5.56154701E-08	-3.81231360E-09	-7.46379702E-10
 3.500000E-02	-2.18029050E-09	-1.40910257E-10	-2.57060963E-10	-5.93045251E-11	 2.79415107E-06	 1.02957037E-07	-3.31787850E-09	-9.18571338E-10
 4.000000E-02	-2.89940781E-09	-2.01477022E-10	-4.28462796E-10	-1.25932269E-10	 4.14876437E-06	 1.75784960E-07	-1.81366982E-09	-9.73871957E-10
 4.500000E-02	-3.78765678E-09	-2.81940193E-10	-5.63685131E-10	-2.01332990E-10	 5.88567252E-06	 2.82364988E-07	 1.19629365E-09	-7.61653934E-10
 5.000000E-02	-4.83837033E-09	-3.55977191E-10	-7.90404003E-10	-3.03145773E-10	 8.05206390E-06	 4.32342586E-07	 6.38995494E-09	-1.30441841E-10
 5.500000E-02	-5.81713763E-09	-3.64834387E-10	-1.33956703E-09	-4.85065458E-10	 1.06944719E-05	 6.36514037E-07	 1.46220666E-08	 1.05925520E-09
 6.000000E-02	-6.31778678E-09	-2.35787735E-10	-2.38898535E-09	-8.23471351E-10	 1.38584894E-05	 9.06701238E-07	 2.69263281E-08	 2.88720172E-09
 6.500000E-02	-6.09171513E-09	 1.02258408E-11	-3.69496100E-09	-1.31972850E-09	 1.75883920E-05	 1.25579256E-06	 4.44892573E-08	 5.41958003E-09
 7.000000E-02	-5.55409135E-09	 1.50478834E-10	-4.40408465E-09	-1.73475801E-09	 2.19266736E-05	 1.69856120E-06	 6.87162513E-08	 8.89550237E-09
 7.500000E-02	-5.64147124E-09	-1.08062400E-10	-3.73605336E-09	-1.70444893E-09	 2.69136325E-05	 2.25268779E-06	 1.01562309E-07	 1.37092644E-08
 8.000000E-02	-7.13928537E-09	-9.45895201E-10	-1.62054494E-09	-1.00646712E-09	 3.25870190E-05	 2.93841720E-06	 1.45767594E-07	 2.02844018E-08
 8.500000E-02	-1.03400397E-08	-2.34509790E-09	 1.33193538E-09	 3.07110260E-10	 3.89823088E-05	 3.77767761E-06	 2.04844610E-07	 2.90596456E-08
 9.000000E-02	-1.49229808E-08	-4.04060251E-09	 4.02118924E-09	 1.86901286E-09	 4.61328259E-05	 4.79318839E-06	 2.82945921E-07	 4.05053169E-08
 9.500000E-02	-1.99789691E-08	-5.60293137E-09	 5.24566815E-09	 3.15454989E-09	 5.40703824E-05	 6.00760909E-06	 3.84593248E-07	 5.50866700E-08
 1.000000E-01	-2.43190526E-08	-6.60570721E-09	 4.23188683E-09	 3.65853563E-09	 6.28262016E-05	 7.44334587E-06	 5.14580307E-07	 7.30700867E-08
 1.050000E-01	-2.74560886E-08	-7.12719527E-09	 1.67158849E-09	 3.27813250E-09	 7.24344952E-05	 9.12338877E-06	 6.77746332E-07	 9.45707179E-08
 1.100000E-01	-3.06611099E-08	-8.09590296E-09	-4.85717041E-11	 2.81362590E-09	 8.29332285E-05	 1.10742454E-05	 8.79223807E-07	 1.20112076E-07
 1.150000E-01	-3.56589827E-08	-1.02813323E-08	 4.44465034E-10	 3.20233181E-09	 9.43651436E-05	 1.33287848E-05	 1.12551775E-06	 1.50585129E-07
 1.200000E-01	-4.23387417E-08	-1.32782441E-08	 1.65659316E-09	 4.26597637E-09	 1.06775434E-04	 1.59233383E-05	 1.42487066E-06	 1.86547695E-07
 1.250000E-01	-4.91412189E-08	-1.61111931E-08	 1.32049735E-09	 5.03801714E-09	 1.20194427E-04	 1.88915715E-05	 1.78685872E-06	 2.28346381E-07
 1.300000E-01	-5.47099038E-08	-1.81359885E-08	-1.49050501E-09	 4.73405251E-09	 1.34643778E-04	 2.22647990E-05	 2.22145588E-06	 2.76374978E-07
 1.350000E-01	-5.87880189E-08	-1.95621857E-08	-5.87177575E-09	 3.34698635E-09	 1.50150758E-04	 2.60752831E-05	 2.73855179E-06	 3.31049807E-07
 1.400000E-01	-6.26649425E-08	-2.16102127E-08	-9.42642077E-09	 1.90331581E-09	 1.66745207E-04	 3.03585492E-05	 3.34845084E-06	 3.93014420E-07
 1.450000E-01	-6.82274334E-08	-2.54236050E-08	-1.02941022E-08	 1.47448456E-09	 1.84452156E-04	 3.51547334E-05	 4.06401529E-06	 4.63133883E-07
 1.500000E-01	-7.62680390E-08	-3.09166530E-08	-8.86555999E-09	 2.05245994E-09	 2.03264400E-04	 4.05038261E-05	 4.90558524E-06	 5.43107148E-07
 1.550000E-01	-8.53602228E-08	-3.62525652E-08	-8.08017391E-09	 2.34556234E-09	 2.23166970E-04	 4.64428497E-05	 5.89501078E-06	 6.35318300E-07
 1.600000E-01	-9.17319281E-08	-3.80984706E-08	-1.20512871E-08	-1.45185383E-10	 2.44159768E-04	 5.30033656E-05	 7.05032285E-06	 7.41391619E-07
 1.650000E-01	-9.34425053E-08	-3.56676212E-08	-2.01985743E-08	-6.33528502E-09	 2.66232087E-04	 6.02081624E-05	 8.38897821E-06	 8.62254629E-07
 1.700000E-01	-9.48689973E-08	-3.38261560E-08	-2.51059712E-08	-1.24268999E-08	 2.89353447E-04	 6.80798321E-05	 9.92905780E-06	 1.00028759E-06
 1.750000E-01	-1.00992773E-07	-3.65101349E-08	-2.29704356E-08	-1.44975157E-08	 3.13460551E-04	 7.66450141E-05	 1.16927144E-05	 1.16108104E-06
 1.800000E-01	-1.09357423E-07	-4.01759776E-08	-2.00293830E-08	-1.47311053E-08	 3.38548402E-04	 8.59278693E-05	 1.36879571E-05	 1.34913888E-06
 1.850000E-01	-1.14396695E-07	-3.95891072E-08	-2.25574363E-08	-1.76410949E-08	 3.64711216E-04	 9.59477644E-05	 1.59040413E-05	 1.56312088E-06
 1.900000E-01	-1.15275839E-07	-3.49558374E-08	-2.90111439E-08	-2.35685710E-08	 3.92020153E-04	 1.06721350E-04	 1.83390169E-05	 1.79909478E-06
 1.950000E-01	-1.14859899E-07	-3.00507856E-08	-3.48213580E-08	-2.93073899E-08	 4.20501444E-04	 1.18266092E-04	 2.10004956E-05	 2.05368490E-06
 2.000000E-01	-1.15868440E-07	-2.84254883E-08	-3.74254861E-08	-3.13489421E-08	 4.50183666E-04	 1.30600518E-04	 2.38948481E-05	 2.32353482E-06
 2.050000E-01	-1.19829899E-07	-3.19078436E-08	-3.66238851E-08	-2.78647183E-08	 4.81085582E-04	 1.43737993E-04	 2.70322812E-05	 2.60698766E-06
 2.100000E-01	-1.26859461E-07	-4.00964928E-08	-3.39799239E-08	-1.94853792E-08	 5.13178199E-04	 1.57677839E-04	 3.04337797E-05	 2.90727891E-06
 2.150000E-01	-1.35912868E-07	-5.10544982E-08	-3.18020745E-08	-8.45428800E-09	 5.46421137E-04	 1.72407870E-04	 3.41160280E-05	 3.22968693E-06
 2.200000E-01	-1.45419484E-07	-6.22637511E-08	-3.20528344E-08	 2.50419845E-09	 5.80807317E-04	 1.87912000E-04	 3.80801529E-05	 3.57711359E-06
 2.250000E-01	-1.54278086E-07	-7.22300126E-08	-3.52668975E-08	 1.17132123E-08	 6.16343197E-04	 2.04169874E-04	 4.23203392E-05	 3.95067737E-06
 2.300000E-01	-1.62770012E-07	-8.16834373E-08	-4.03120672E-08	 1.95902098E-08	 6.53057712E-04	 2.21161272E-04	 4.68230673E-05	 4.34964743E-06
 2.350000E-01	-1.71749998E-07	-9.18767124E-08	-4.59552514E-08	 2.71356239E-08	 6.91018085E-04	 2.38872352E-04	 5.15649728E-05	 4.77017453E-06
 2.400000E-01	-1.81450745E-07	-1.02687556E-07	-5.18527086E-08	 3.41703716E-08	 7.30291851E-04	 2.57287874E-04	 5.65225542E-05	 5.20757341E-06
 2.450000E-01	-1.91822334E-07	-1.12983212E-07	-5.77023519E-08	 3.92119504E-08	 7.70928793E-04	 2.76383209E-04	 6.16736964E-05	 5.65834636E-06
 2.500000E-01	-2.02800691E-07	-1.20775106E-07	-6.31568375E-08	 3.98753356E-08	 8.12977402E-04	 2.96125333E-04	 6.69906606E-05	 6.11989772E-06
 2.550000E-01	-2.11923392E-07	-1.19995159E-07	-7.05386061E-08	 3.20177659E-08	 8.56463381E-04	 3.16467826E-04	 7.24439302E-05	 6.59177131E-06
 2.600000E-01	-2.12991110E-07	-1.00284019E-07	-8.44421349E-08	 1.00513962E-08	 9.01418847E-04	 3.37348939E-04	 7.79968814E-05	 7.07253687E-06
 2.650000E-01	-2.04542985E-07	-6.35544525E-08	-1.02391843E-07	-2.21044812E-08	 9.47930427E-04	 3.58703145E-04	 8.35991101E-05	 7.55502239E-06
 2.700000E-01	-1.97864463E-07	-3.48101736E-08	-1.12999063E-07	-4.40347009E-08	 9.96100357E-04	 3.80475359E-04	 8.91962220E-05	 8.03111461E-06
 2.750000E-01	-2.02604030E-07	-2.98447515E-08	-1.14159578E-07	-4.35931880E-08	 1.04602877E-03	 4.02625968E-04	 9.47358398E-05	 8.49683722E-06
 2.800000E-01	-2.09877085E-07	-2.74842684E-08	-1.20312527E-07	-3.74693148E-08	 1.09781899E-03	 4.25100200E-04	 1.00164389E-04	 8.95056791E-06
 2.850000E-01	-2.07797539E-07	-7.55537309E-09	-1.39976092E-07	-4.12700581E-08	 1.15155107E-03	 4.47802211E-04	 1.05419522E-04	 9.38892720E-06
 2.900000E-01	-2.02663643E-07	 1.16057457E-08	-1.64070126E-07	-4.10697847E-08	 1.20726985E-03	 4.70649141E-04	 1.10442877E-04	 9.80099680E-06
 2.950000E-01	-2.06245610E-07	 6.71983827E-09	-1.85721002E-07	-1.97073222E-08	 1.26491956E-03	 4.93590279E-04	 1.15204627E-04	 1.01779302E-05
 3.000000E-01	-2.16218098E-07	-1.36584500E-08	-2.11952980E-07	 1.54756720E-08	 1.32444352E-03	 5.16577515E-04	 1.19682703E-04	 1.05154315E-05
 3.050000E-01	-2.24609649E-07	-3.26392356E-08	-2.49174634E-07	 5.08432433E-08	 1.38596469E-03	 5.39588470E-04	 1.23841059E-04	 1.07961434E-05
 3.100000E-01	-2.32254379E-07	-5.29698425E-08	-2.93691965E-07	 8.73964255E-08	 1.44964559E-03	 5.62629844E-04	 1.27655674E-04	 1.09953156E-05
 3.150000E-01	-2.43737266E-07	-8.20462652E-08	-3.40612295E-07	 1.29506221E-07	 1.51566793E-03	 5.85758518E-04	 1.31122719E-04	 1.10815556E-05
 3.200000E-01	-2.57978696E-07	-1.13185480E-07	-3.90077130E-07	 1.71377791E-07	 1.58423630E-03	 6.09042192E-04	 1.34237868E-04	 1.10247970E-05
 3.250000E-01	-2.70972228E-07	-1.34718285E-07	-4.42478222E-07	 2.04177266E-07	 1.65546004E-03	 6.32485241E-04	 1.36981730E-04	 1.08128851E-05
 3.300000E-01	-2.81409782E-07	-1.42043222E-07	-4.95124764E-07	 2.24971834E-07	 1.72944183E-03	 6.56079027E-04	 1.39322179E-04	 1.04364918E-05
 3.350000E-01	-2.89464335E-07	-1.34081779E-07	-5.45201986E-07	 2.34249711E-07	 1.80624550E-03	 6.79799619E-04	 1.41233732E-04	 9.89739724E-06
 3.400000E-01	-2.94162958E-07	-1.08225732E-07	-5.91926904E-07	 2.32103657E-07	 1.88588239E-03	 7.03553933E-04	 1.42681970E-04	 9.22789727E-06
 3.450000E-01	-2.95079301E-07	-6.44495533E-08	-6.34568255E-07	 2.20269274E-07	 1.96834763E-03	 7.27172025E-04	 1.43602680E-04	 8.49222688E-06
 3.500000E-01	-2.94278982E-07	-8.21135162E-09	-6.71761932E-07	 2.03619669E-07	 2.05361792E-03	 7.50495546E-04	 1.43933683E-04	 7.76233661E-06
 3.550000E-01	-2.91742313E-07	 6.11905990E-08	-7.05894998E-07	 1.82372372E-07	 2.14166254E-03	 7.73443652E-04	 1.43641618E-04	 7.10343978E-06
 3.600000E-01	-2.80787941E-07	 1.57797625E-07	-7.44527684E-07	 1.48316319E-07	 2.23247252E-03	 7.95973829E-04	 1.42707020E-04	 6.58739587E-06
 3.650000E-01	-2.57180621E-07	 2.82582770E-07	-7.92656666E-07	 1.05782060E-07	 2.32619836E-03	 8.18096520E-04	 1.41102540E-04	 6.28046974E-06
 3.700000E-01	-2.30035921E-07	 4.01967228E-07	-8.48532839E-07	 8.59236025E-08	 2.42300022E-03	 8.39855600E-04	 1.38809679E-04	 6.25117271E-06
 3.750000E-01	-2.12583213E-07	 4.80824064E-07	-9.10798299E-07	 1.16539360E-07	 2.52281846E-03	 8.61265899E-04	 1.35841942E-04	 6.59701929E-06
 3.800000E-01	-2.07549418E-07	 5.18340745E-07	-9.83706427E-07	 1.93703887E-07	 2.62556743E-03	 8.82347912E-04	 1.32218923E-04	 7.41902590E-06
 3.850000E-01	-2.07024610E-07	 5.40971940E-07	-1.07458212E-06	 2.91742657E-07	 2.73143939E-03	 9.03206969E-04	 1.27922886E-04	 8.76644335E-06
 3.900000E-01	-1.98478487E-07	 5.82147255E-07	-1.18948437E-06	 3.82553643E-07	 2.84074460E-03	 9.23947225E-04	 1.22900276E-04	 1.06477346E-05
 3.950000E-01	-1.77020766E-07	 6.48591974E-07	-1.32673028E-06	 4.63256514E-07	 2.95363614E-03	 9.44597294E-04	 1.17113938E-04	 1.30582438E-05
 4.000000E-01	-1.56384493E-07	 7.00383389E-07	-1.47526515E-06	 5.69091129E-07	 3.07014891E-03	 9.65211790E-04	 1.10584334E-04	 1.59801066E-05
 4.050000E-01	-1.53015918E-07	 7.03091793E-07	-1.62646567E-06	 7.25647089E-07	 3.19046939E-03	 9.85897884E-04	 1.03311689E-04	 1.93978973E-05
 4.100000E-01	-1.63821766E-07	 6.78809742E-07	-1.78276258E-06	 9.08405651E-07	 3.31480169E-03	 1.00660761E-03	 9.52105539E-05	 2.33620341E-05
 4.150000E-01	-1.70196328E-07	 6.81247178E-07	-1.95298323E-06	 1.07057076E-06	 3.44284737E-03	 1.02695967E-03	 8.61705862E-05	 2.80605392E-05
 4.200000E-01	-1.52601917E-07	 7.53205191E-07	-2.14528532E-06	 1.18144268E-06	 3.57426943E-03	 1.04656146E-03	 7.60757735E-05	 3.36990113E-05
 4.250000E-01	-1.09476056E-07	 8.83215336E-07	-2.35659778E-06	 1.25899598E-06	 3.70940414E-03	 1.06533986E-03	 6.47537605E-05	 4.03554560E-05
 4.300000E-01	-7.01159008E-08	 9.89579088E-07	-2.57005914E-06	 1.37656656E-06	 3.84874712E-03	 1.08336306E-03	 5.20499730E-05	 4.80713713E-05
 4.350000E-01	-5.78986388E-08	 1.02260854E-06	-2.78219696E-06	 1.57514215E-06	 3.99249082E-03	 1.10065308E-03	 3.78866408E-05	 5.69506469E-05
 4.400000E-01	-4.88627303E-08	 1.04661002E-06	-3.01901178E-06	 1.80135565E-06	 4.14083748E-03	 1.11715134E-03	 2.21543934E-05	 6.71390696E-05
 4.450000E-01	-1.35723508E-08	 1.12133518E-06	-3.29711688E-06	 2.00920293E-06	 4.29406837E-03	 1.13270194E-03	 4.69859098E-06	 7.87952494E-05
 4.500000E-01	 2.76648720E-08	 1.19090147E-06	-3.59511012E-06	 2.24542600E-06	 4.45237442E-03	 1.14714606E-03	-1.46071817E-05	 9.20659944E-05
 4.550000E-01	 4.43307956E-08	 1.19518477E-06	-3.89336796E-06	 2.55517223E-06	 4.61588236E-03	 1.16038780E-03	-3.58731413E-05	 1.07079473E-04
 4.600000E-01	 5.21879913E-08	 1.18174270E-06	-4.20684416E-06	 2.89682556E-06	 4.78465919E-03	 1.17229413E-03	-5.91965103E-05	 1.23972971E-04
 4.650000E-01	 7.92715954E-08	 1.21100038E-06	-4.54958505E-06	 3.22200980E-06	 4.95889011E-03	 1.18265168E-03	-8.47160509E-05	 1.42889077E-04
 4.700000E-01	 1.15540242E-07	 1.25789008E-06	-4.90414721E-06	 3.55074854E-06	 5.13892017E-03	 1.19121209E-03	-1.12664085E-04	 1.63986351E-04
 4.750000E-01	 1.43725870E-07	 1.29089540E-06	-5.25597143E-06	 3.90872736E-06	 5.32489881E-03	 1.19771004E-03	-1.43252522E-04	 1.87485459E-04
 4.800000E-01	 1.82499135E-07	 1.34987445E-06	-5.62191799E-06	 4.27115307E-06	 5.51691840E-03	 1.20191466E-03	-1.76638352E-04	 2.13644374E-04
 4.850000E-01	 2.47004672E-07	 1.45502953E-06	-6.00798582E-06	 4.63066718E-06	 5.71533237E-03	 1.20367262E-03	-2.12988402E-04	 2.42724168E-04
 4.900000E-01	 3.00963526E-07	 1.53069711E-06	-6.37678241E-06	 5.04558522E-06	 5.92041072E-03	 1.20287349E-03	-2.52418065E-04	 2.75044158E-04
 4.950000E-01	 3.17854829E-07	 1.54484426E-06	-6.70928868E-06	 5.53116487E-06	 6.13199390E-03	 1.19941365E-03	-2.94926996E-04	 3.11041579E-04
 5.000000E-01	 3.53073424E-07	 1.62203916E-06	-7.05424767E-06	 5.98786258E-06	 6.34981632E-03	 1.19322298E-03	-3.40477763E-04	 3.51218336E-04
 5.050000E-01	 4.64011649E-07	 1.85445264E-06	-7.44813076E-06	 6.35642432E-06	 6.57371285E-03	 1.18420509E-03	-3.89093239E-04	 3.96087541E-04
 5.100000E-01	 6.08552561E-07	 2.13468415E-06	-7.84462726E-06	 6.73188285E-06	 6.80362246E-03	 1.17235052E-03	-4.40818496E-04	 4.46140325E-04
 5.150000E-01	 7.21617906E-07	 2.34118449E-06	-8.19873453E-06	 7.20917170E-06	 7.03994501E-03	 1.15795383E-03	-4.95749108E-04	 5.01799835E-04
 5.200000E-01	 8.23790548E-07	 2.52024007E-06	-8.54849719E-06	 7.75550248E-06	 7.28303036E-03	 1.14127069E-03	-5.54021603E-04	 5.63507727E-04
 5.250000E-01	 9.69143238E-07	 2.75455619E-06	-8.94881001E-06	 8.31874284E-06	 7.53192753E-03	 1.12206535E-03	-6.15506854E-04	 6.31793535E-04
 5.300000E-01	 1.15738610E-06	 3.01598069E-06	-9.39744038E-06	 8.92946863E-06	 7.78555708E-03	 1.09997012E-03	-6.80071656E-04	 7.07112041E-04
 5.350000E-01	 1.34174204E-06	 3.20972871E-06	-9.85169857E-06	 9.65413315E-06	 8.04420877E-03	 1.07502005E-03	-7.47894568E-04	 7.89753291E-04
 5.400000E-01	 1.46956305E-06	 3.25750101E-06	-1.02675624E-05	 1.05285350E-05	 8.30862271E-03	 1.04740667E-03	-8.19244073E-04	 8.80080730E-04
 5.450000E-01	 1.54143569E-06	 3.18619850E-06	-1.06618471E-05	 1.15133985E-05	 8.58009587E-03	 1.01712082E-03	-8.94850852E-04	 9.78721872E-04
 5.500000E-01	 1.65002601E-06	 3.15238303E-06	-1.11352133E-05	 1.25040102E-05	 8.86014537E-03	 9.83937544E-04	-9.75565522E-04	 1.08634635E-03
 5.550000E-01	 1.84988828E-06	 3.21342212E-06	-1.17199223E-05	 1.34735604E-05	 9.14971195E-03	 9.47436959E-04	-1.06178521E-03	 1.20337223E-03
 5.600000E-01	 2.02296021E-06	 3.17387055E-06	-1.22679900E-05	 1.45275579E-05	 9.44911983E-03	 9.06895958E-04	-1.15376922E-03	 1.33010484E-03
 5.650000E-01	 2.05742505E-06	 2.90703215E-06	-1.26693786E-05	 1.56971718E-05	 9.75675625E-03	 8.61302678E-04	-1.25120056E-03	 1.46696351E-03
 5.700000E-01	 2.06231120E-06	 2.61222961E-06	-1.30544165E-05	 1.68500467E-05	 1.00714882E-02	 8.09760350E-04	-1.35394024E-03	 1.61455673E-03
 5.750000E-01	 2.18411977E-06	 2.48042150E-06	-1.35597614E-05	 1.79071431E-05	 1.03951693E-02	 7.51703684E-04	-1.46287485E-03	 1.77373552E-03
 5.800000E-01	 2.36068254E-06	 2.39715276E-06	-1.40802388E-05	 1.89405905E-05	 1.07298403E-02	 6.86708506E-04	-1.57884372E-03	 1.94560846E-03
 5.850000E-01	 2.45720985E-06	 2.19995620E-06	-1.44559606E-05	 2.00068539E-05	 1.10759058E-02	 6.14430469E-04	-1.70215957E-03	 2.13145671E-03
 5.900000E-01	 2.47664387E-06	 1.93349167E-06	-1.46953543E-05	 2.10656650E-05	 1.14327348E-02	 5.34785112E-04	-1.83265034E-03	 2.33239976E-03
 5.950000E-01	 2.51201910E-06	 1.73433667E-06	-1.48970020E-05	 2.20686511E-05	 1.17997129E-02	 4.47776739E-04	-1.97004450E-03	 2.54939195E-03
 6.000000E-01	 2.63561823E-06	 1.68190731E-06	-1.51215497E-05	 2.30190512E-05	 1.21763791E-02	 3.53163960E-04	-2.11427141E-03	 2.78350533E-03
 6.050000E-01	 2.86004776E-06	 1.76112334E-06	-1.53554680E-05	 2.39708805E-05	 1.25626374E-02	 2.50608632E-04	-2.26556258E-03	 3.03595903E-03
 6.100000E-01	 3.12721683E-06	 1.87219847E-06	-1.55127375E-05	 2.49939473E-05	 1.29590774E-02	 1.39948865E-04	-2.42451735E-03	 3.30797164E-03
 6.150000E-01	 3.36704485E-06	 1.92423885E-06	-1.55096090E-05	 2.61202985E-05	 1.33657516E-02	 2.12416376E-05	-2.59135548E-03	 3.60049542E-03
 6.200000E-01	 3.56748082E-06	 1.90655255E-06	-1.53393218E-05	 2.73458658E-05	 1.37821183E-02	-1.05458298E-04	-2.76588699E-03	 3.91436113E-03
 6.250000E-01	 3.76252512E-06	 1.85213107E-06	-1.50525239E-05	 2.86715984E-05	 1.42089205E-02	-2.40327180E-04	-2.94863336E-03	 4.25089861E-03
 6.300000E-01	 3.99391673E-06	 1.78670581E-06	-1.47022031E-05	 3.01143666E-05	 1.46473174E-02	-3.83491674E-04	-3.14010106E-03	 4.61166207E-03
 6.350000E-01	 4.26391630E-06	 1.68738826E-06	-1.42745935E-05	 3.16749000E-05	 1.50968071E-02	-5.34714535E-04	-3.33930686E-03	 4.99777264E-03
 6.400000E-01	 4.50311463E-06	 1.47956738E-06	-1.36704175E-05	 3.32959914E-05	 1.55584479E-02	-6.93803159E-04	-3.54613354E-03	 5.41120470E-03
 6.450000E-01	 4.64756323E-06	 1.12294748E-06	-1.28169884E-05	 3.48779210E-05	 1.60327841E-02	-8.60808434E-04	-3.76055815E-03	 5.85475637E-03
 6.500000E-01	 4.72233289E-06	 6.57883303E-07	-1.17498341E-05	 3.63474937E-05	 1.65149400E-02	-1.03521934E-03	-3.97851049E-03	 6.32951598E-03
 6.550000E-01	 4.77239597E-06	 1.26535780E-07	-1.05116178E-05	 3.76509984E-05	 1.69998770E-02	-1.21654421E-03	-4.19512233E-03	 6.83613300E-03
 6.600000E-01	 4.77552719E-06	-4.73629886E-07	-9.06735968E-06	 3.86883525E-05	 1.74902843E-02	-1.40438592E-03	-4.41013789E-03	 7.37784386E-03
 6.650000E-01	 4.70717245E-06	-1.13090000E-06	-7.39921530E-06	 3.93529470E-05	 1.79900339E-02	-1.59769297E-03	-4.62326852E-03	 7.95737386E-03
 6.700000E-01	 4.62118506E-06	-1.79549571E-06	-5.58598428E-06	 3.96310779E-05	 1.84969456E-02	-1.79663295E-03	-4.83052814E-03	 8.57403408E-03
 6.750000E-01	 4.55867757E-06	-2.45070057E-06	-3.65303600E-06	 3.94970395E-05	 1.90023365E-02	-2.00207194E-03	-5.02363845E-03	 9.22355207E-03
 6.800000E-01	 4.44568087E-06	-3.13034292E-06	-1.48141503E-06	 3.87579592E-05	 1.95032931E-02	-2.21490946E-03	-5.19823762E-03	 9.90401939E-03
 6.850000E-01	 4.18562856E-06	-3.83243149E-06	 1.02360050E-06	 3.71668219E-05	 2.00065378E-02	-2.43702756E-03	-5.35680210E-03	 1.06175963E-02
 6.900000E-01	 3.77541679E-06	-4.49018045E-06	 3.83130786E-06	 3.46160535E-05	 2.05068096E-02	-2.66921417E-03	-5.49258653E-03	 1.13597999E-02
 6.950000E-01	 3.31152948E-06	-5.02337699E-06	 6.76881812E-06	 3.12772448E-05	 2.09983783E-02	-2.91242684E-03	-5.59842780E-03	 1.21256299E-02
 7.000000E-01	 2.94821845E-06	-5.39120330E-06	 9.57954937E-06	 2.75921180E-05	 2.14876607E-02	-3.16945802E-03	-5.67615951E-03	 1.29165074E-02
 7.050000E-01	 2.73745228E-06	-5.63417469E-06	 1.22084204E-05	 2.38271528E-05	 2.19786708E-02	-3.44295104E-03	-5.72480594E-03	 1.37311583E-02
 7.100000E-01	 2.50754032E-06	-5.82641564E-06	 1.49121279E-05	 1.96486846E-05	 2.24694591E-02	-3.73572147E-03	-5.73894604E-03	 1.45632282E-02
 7.150000E-01	 2.11450620E-06	-5.96558430E-06	 1.78134162E-05	 1.46955608E-05	 2.29556992E-02	-4.05108557E-03	-5.71249645E-03	 1.54046400E-02
 7.200000E-01	 1.69238499E-06	-6.00764247E-06	 2.06176520E-05	 9.34266468E-06	 2.34357089E-02	-4.39280160E-03	-5.64145180E-03	 1.62492737E-02
 7.250000E-01	 1.37396410E-06	-5.97163172E-06	 2.31081876E-05	 4.01128381E-06	 2.39121493E-02	-4.76555572E-03	-5.52432396E-03	 1.70942400E-02
 7.300000E-01	 9.97622653E-07	-5.87801923E-06	 2.54690721E-05	-1.76952144E-06	 2.43873444E-02	-5.17397771E-03	-5.35895126E-03	 1.79362779E-02
 7.350000E-01	 4.23889457E-07	-5.66907420E-06	 2.77543726E-05	-8.43265228E-06	 2.48597206E-02	-5.62182780E-03	-5.14071970E-03	 1.87689877E-02
 7.400000E-01	-1.44810783E-07	-5.32087915E-06	 2.95934143E-05	-1.51731109E-05	 2.53309111E-02	-6.11429884E-03	-4.86854515E-03	 1.95899374E-02
 7.450000E-01	-5.06151546E-07	-4.91428463E-06	 3.07720721E-05	-2.10649057E-05	 2.58015148E-02	-6.65745601E-03	-4.54075266E-03	 2.03960814E-02
 7.500000E-01	-7.94636331E-07	-4.49367817E-06	 3.15083399E-05	-2.64742146E-05	 2.62638854E-02	-7.25581329E-03	-4.14929359E-03	 2.11758815E-02
 7.550000E-01	-1.17656306E-06	-4.01290597E-06	 3.19202266E-05	-3.19987444E-05	 2.67195837E-02	-7.91567746E-03	-3.69459894E-03	 2.19300219E-02
 7.600000E-01	-1.55256039E-06	-3.47280496E-06	 3.18182082E-05	-3.72000083E-05	 2.71770256E-02	-8.64481503E-03	-3.18279526E-03	 2.26701282E-02
 7.650000E-01	-1.80445729E-06	-2.93561995E-06	 3.11163694E-05	-4.15311644E-05	 2.76375998E-02	-9.45083731E-03	-2.61394500E-03	 2.34003505E-02
 7.700000E-01	-2.02603645E-06	-2.38580256E-06	 2.99593341E-05	-4.53636364E-05	 2.80962457E-02	-1.03404724E-02	-1.98365866E-03	 2.41162137E-02
 7.750000E-01	-2.29053325E-06	-1.76501460E-06	 2.84110566E-05	-4.89684529E-05	 2.85542489E-02	-1.13230367E-02	-1.29444794E-03	 2.48223908E-02
 7.800000E-01	-2.46215265E-06	-1.13704001E-06	 2.64381164E-05	-5.15701368E-05	 2.90039576E-02	-1.24050628E-02	-5.42199794E-04	 2.55078585E-02
 7.850000E-01	-2.44469587E-06	-6.30069710E-07	 2.41668361E-05	-5.25413098E-05	 2.94275590E-02	-1.35884246E-02	 2.86795139E-04	 2.61463543E-02
 7.900000E-01	-2.36256598E-06	-2.43546675E-07	 2.17963887E-05	-5.24636332E-05	 2.98463555E-02	-1.48902366E-02	 1.17909636E-03	 2.67751861E-02
 7.950000E-01	-2.34120442E-06	 1.29773592E-07	 1.93636010E-05	-5.22022441E-05	 3.02733433E-02	-1.63236982E-02	 2.12991888E-03	 2.74137239E-02
 8.000000E-01	-2.34015773E-06	 5.24873786E-07	 1.68196900E-05	-5.17679853E-05	 3.06993683E-02	-1.78942711E-02	 3.14932808E-03	 2.80378130E-02
 8.050000E-01	-2.28839864E-06	 8.94587647E-07	 1.42180327E-05	-5.07286909E-05	 3.11293646E-02	-1.96142047E-02	 4.23248044E-03	 2.86399236E-02
 8.100000E-01	-2.19622613E-06	 1.21539418E-06	 1.17034770E-05	-4.89424513E-05	 3.15490847E-02	-2.14840681E-02	 5.38294103E-03	 2.91715891E-02
 8.150000E-01	-2.08583962E-06	 1.46787691E-06	 9.40835436E-06	-4.63474460E-05	 3.19257811E-02	-2.34912993E-02	 6.61310175E-03	 2.95529599E-02
 8.200000E-01	-1.94471222E-06	 1.57806543E-06	 7.45681636E-06	-4.27109781E-05	 3.22616483E-02	-2.56403543E-02	 7.91664805E-03	 2.97837309E-02
 8.250000E-01	-1.80335801E-06	 1.53060098E-06	 5.93411541E-06	-3.82999512E-05	 3.25851764E-02	-2.79533148E-02	 9.27918880E-03	 2.99239341E-02
 8.300000E-01	-1.74778805E-06	 1.48799197E-06	 4.72578224E-06	-3.42752791E-05	 3.29038781E-02	-3.04412896E-02	 1.07024013E-02	 2.99903867E-02
 8.350000E-01	-1.78006659E-06	 1.59989946E-06	 3.63053843E-06	-3.13159113E-05	 3.32290813E-02	-3.31131504E-02	 1.21824218E-02	 2.99857767E-02
 8.400000E-01	-1.79424914E-06	 1.78752974E-06	 2.66158538E-06	-2.86956722E-05	 3.35368970E-02	-3.59428472E-02	 1.37244709E-02	 2.98263485E-02
 8.450000E-01	-1.74587093E-06	 1.90824849E-06	 1.96057566E-06	-2.56762876E-05	 3.37995340E-02	-3.88943984E-02	 1.53299287E-02	 2.94235075E-02
 8.500000E-01	-1.69817354E-06	 1.98447535E-06	 1.50008237E-06	-2.26099661E-05	 3.40229937E-02	-4.19579274E-02	 1.69874769E-02	 2.87703748E-02
 8.550000E-01	-1.68491551E-06	 2.09372666E-06	 1.13612563E-06	-1.99785778E-05	 3.41873790E-02	-4.51176634E-02	 1.87090633E-02	 2.78335805E-02
 8.600000E-01	-1.67218728E-06	 2.19458475E-06	 8.36640365E-07	-1.75664286E-05	 3.42909448E-02	-4.83943147E-02	 2.05151303E-02	 2.66320310E-02
 8.650000E-01	-1.65410714E-06	 2.23012789E-06	 6.36378484E-07	-1.51684314E-05	 3.43582142E-02	-5.18473615E-02	 2.24254222E-02	 2.52253588E-02
 8.700000E-01	-1.66818342E-06	 2.26337320E-06	 4.87896640E-07	-1.31225142E-05	 3.43701094E-02	-5.54868525E-02	 2.44669538E-02	 2.35490582E-02
 8.750000E-01	-1.71620833E-06	 2.33200914E-06	 3.23375648E-07	-1.15457251E-05	 3.42622668E-02	-5.92472412E-02	 2.66593659E-02	 2.14181231E-02
 8.800000E-01	-1.75815112E-06	 2.30344542E-06	 1.75871985E-07	-9.84528009E-06	 3.39863979E-02	-6.30545354E-02	 2.90030669E-02	 1.86762054E-02
 8.850000E-01	-1.79347290E-06	 2.09645849E-06	 8.62861607E-08	-7.78464486E-06	 3.35248365E-02	-6.68674620E-02	 3.14964617E-02	 1.52346866E-02
 8.900000E-01	-1.85772369E-06	 1.89443650E-06	-3.81847051E-09	-6.13457679E-06	 3.28539816E-02	-7.06590971E-02	 3.41613479E-02	 1.09922722E-02
 8.950000E-01	-1.95209904E-06	 1.85086810E-06	-1.41654415E-07	-5.33031099E-06	 3.19451683E-02	-7.44170344E-02	 3.70351362E-02	 5.81412053E-03
 9.000000E-01	-2.04335260E-06	 1.81118730E-06	-2.73747926E-07	-4.63483895E-06	 3.08114985E-02	-7.81679687E-02	 4.01191057E-02	-3.97047398E-04
 9.050000E-01	-2.12706103E-06	 1.57328890E-06	-3.67005805E-07	-3.37298087E-06	 2.93831083E-02	-8.16839547E-02	 4.34082414E-02	-8.03503816E-03
 9.100000E-01	-2.22443649E-06	 1.17267613E-06	-4.86921179E-07	-1.88194800E-06	 2.75197793E-02	-8.47135939E-02	 4.68476114E-02	-1.73444879E-02
 9.150000E-01	-2.33075890E-06	 7.70556238E-07	-6.53269740E-07	-7.00783230E-07	 2.51493176E-02	-8.67986939E-02	 5.05441253E-02	-2.90852440E-02
 9.200000E-01	-2.46138438E-06	 4.39483253E-07	-8.09026063E-07	 6.12450383E-08	 2.22783383E-02	-8.82880584E-02	 5.43761102E-02	-4.27625635E-02
 9.250000E-01	-2.58522735E-06	 1.46622770E-07	-9.58372763E-07	 4.55882358E-07	 1.87195263E-02	-8.84723568E-02	 5.85607279E-02	-5.96355198E-02
 9.300000E-01	-2.65271312E-06	-1.64649465E-07	-1.08730680E-06	 8.63525143E-07	 1.43180370E-02	-8.56879130E-02	 6.34076536E-02	-8.23865172E-02
 9.350000E-01	-2.70898340E-06	-5.98160835E-07	-1.42378884E-06	 9.98441861E-07	 8.85907338E-03	-8.19700735E-02	 6.78823144E-02	-1.06234188E-01
 9.400000E-01	-2.60956964E-06	-9.34548832E-07	-1.74934590E-06	 9.99866358E-07	 3.00530433E-03	-8.11105246E-02	 6.97787056E-02	-1.23730803E-01
 9.450000E-01	-2.60985126E-06	-1.16782940E-06	-2.26555776E-06	 3.33526109E-07	-3.77204020E-03	-7.85358120E-02	 6.96335375E-02	-1.44403706E-01
 9.500000E-01	-2.24505322E-06	-1.33369466E-06	-2.96886830E-06	-9.47720173E-07	-1.28223409E-02	-6.92242936E-02	 6.48279697E-02	-1.60052142E-01
 9.550000E-01	-2.49310735E-06	-1.46529313E-06	-2.85607293E-06	-4.67076036E-07	-9.27466984E-03	-8.28170163E-02	 6.74126823E-02	-1.76528360E-01
 9.600000E-01	-2.04838632E-06	-1.96701146E-06	-2.97622884E-06	-1.36581500E-06	-4.26705192E-02	-1.30978628E-02	 7.94516422E-02	-9.25824649E-02
 9.650000E-01	 2.15660054E-06	 2.18281899E-07	 1.48254501E-07	-1.14062802E-07	-5.26804574E-02	 1.84369578E-01	 1.90459779E-01	 1.03081354E-01
 9.700000E-01	 4.27824320E-06	 1.68592175E-06	 4.24525963E-06	 1.45536686E-06	 2.06484383E-01	 1.42812581E+00	 9.87320967E-01	 1.55398415E+00
 9.750000E-01	 2.30407456E-05	 2.55778028E-05	 2.73136175E-05	 1.53800539E-05	 1.21623753E+00	 1.19894281E+01	 5.69955035E+00	 1.03453111E+01
 9.800000E-01	-3.05271150E-05	-3.51034685E-05	-4.57876632E-05	-3.97321403E-05	-2.22913941E+00	-3.25655847E+00	-5.17162529E+00	-2.79269703E+00
 9.850000E-01	-4.07728437E-05	-3.93708347E-05	-6.34002470E-05	-4.31420409E-05	-3.29443624E+00	-1.06281287E+01	-7.35730501E+00	-1.05111169E+01
 9.900000E-01	 1.84518426E-05	 2.28453232E-05	 2.17628198E-05	 2.47192942E-05	 1.76065992E+00	 3.30656945E+00	 4.51258720E+00	 2.33016008E+00
 9.950000E-01	 1.06489702E-06	-7.34135014E-08	 6.22638537E-06	 6.16087327E-06	 1.13541238E+00	-5.41626655E-01	 1.00638423E+00	 5.21855640E-02
 1.000000E+00	-1.25708446E-05	-3.81277104E-06	-1.64314071E-05	-1.31148641E-05	-1.38226616E+00	-1.02445232E+00	-1.66259262E+00	-2.21033047E+00
