@R IP 1 []
  8.100000000e+06
@R BCENTR 1 []
  7.000000000e+00
@R RMAJOR 1 []
  4.000000000e+00
@R AMINOR 1 []
  1.330000000e+00
@R KAPPA 1 []
  2.000000000e+00
@R DELTA 1 []
  6.000000000e-01
@I NRHO 1 []
              101
@R RHOB 1 []
  1.832144905e+00
@R RHO 101 []
  0.000000000e+00  1.000000000e-02  2.000000000e-02  3.000000000e-02
  4.000000000e-02  5.000000000e-02  6.000000000e-02  7.000000000e-02
  8.000000000e-02  9.000000000e-02  1.000000000e-01  1.100000000e-01
  1.200000000e-01  1.300000000e-01  1.400000000e-01  1.500000000e-01
  1.600000000e-01  1.700000000e-01  1.800000000e-01  1.900000000e-01
  2.000000000e-01  2.100000000e-01  2.200000000e-01  2.300000000e-01
  2.400000000e-01  2.500000000e-01  2.600000000e-01  2.700000000e-01
  2.800000000e-01  2.900000000e-01  3.000000000e-01  3.100000000e-01
  3.200000000e-01  3.300000000e-01  3.400000000e-01  3.500000000e-01
  3.600000000e-01  3.700000000e-01  3.800000000e-01  3.900000000e-01
  4.000000000e-01  4.100000000e-01  4.200000000e-01  4.300000000e-01
  4.400000000e-01  4.500000000e-01  4.600000000e-01  4.700000000e-01
  4.800000000e-01  4.900000000e-01  5.000000000e-01  5.100000000e-01
  5.200000000e-01  5.300000000e-01  5.400000000e-01  5.500000000e-01
  5.600000000e-01  5.700000000e-01  5.800000000e-01  5.900000000e-01
  6.000000000e-01  6.100000000e-01  6.200000000e-01  6.300000000e-01
  6.400000000e-01  6.500000000e-01  6.600000000e-01  6.700000000e-01
  6.800000000e-01  6.900000000e-01  7.000000000e-01  7.100000000e-01
  7.200000000e-01  7.300000000e-01  7.400000000e-01  7.500000000e-01
  7.600000000e-01  7.700000000e-01  7.800000000e-01  7.900000000e-01
  8.000000000e-01  8.100000000e-01  8.200000000e-01  8.300000000e-01
  8.400000000e-01  8.500000000e-01  8.600000000e-01  8.700000000e-01
  8.800000000e-01  8.900000000e-01  9.000000000e-01  9.100000000e-01
  9.200000000e-01  9.300000000e-01  9.400000000e-01  9.500000000e-01
  9.600000000e-01  9.700000000e-01  9.800000000e-01  9.900000000e-01
  1.000000000e+00
@R VOLP 101 []
  0.000000000e+00  3.506760669e+00  7.010698958e+00  1.050901640e+01
  1.399903288e+01  1.747810514e+01  2.094378827e+01  2.439371258e+01
  2.782567658e+01  3.123759100e+01  3.462748627e+01  3.799349297e+01
  4.133387850e+01  4.464702304e+01  4.793149289e+01  5.118612843e+01
  5.440992924e+01  5.760199469e+01  6.076154671e+01  6.388792745e+01
  6.698070995e+01  7.003957757e+01  7.306431739e+01  7.605486559e+01
  7.901124762e+01  8.193361818e+01  8.482220099e+01  8.767728765e+01
  9.049924068e+01  9.328847504e+01  9.604570086e+01  9.877175050e+01
  1.014670325e+02  1.041317023e+02  1.067660510e+02  1.093704060e+02
  1.119450620e+02  1.144903701e+02  1.170066914e+02  1.194943479e+02
  1.219536818e+02  1.243850467e+02  1.267887771e+02  1.291652177e+02
  1.315147169e+02  1.338375775e+02  1.361341390e+02  1.384047275e+02
  1.406496376e+02  1.428691650e+02  1.450636047e+02  1.472332428e+02
  1.493783304e+02  1.514991029e+02  1.535958617e+02  1.556688239e+02
  1.577181693e+02  1.597441160e+02  1.617468265e+02  1.637264595e+02
  1.656832594e+02  1.676175115e+02  1.695293234e+02  1.714184133e+02
  1.732847320e+02  1.751285506e+02  1.769491969e+02  1.787432844e+02
  1.805042513e+02  1.822264458e+02  1.839063500e+02  1.855395160e+02
  1.871216335e+02  1.886494140e+02  1.901196557e+02  1.915295179e+02
  1.928767121e+02  1.941595556e+02  1.953769409e+02  1.965281876e+02
  1.976131548e+02  1.986310166e+02  1.995809330e+02  2.004622935e+02
  2.012720392e+02  2.020120520e+02  2.026966450e+02  2.033349827e+02
  2.039187618e+02  2.044259294e+02  2.048340247e+02  2.051306066e+02
  2.053075104e+02  2.053789626e+02  2.053836684e+02  2.053401116e+02
  2.052640039e+02  2.051073366e+02  2.048306545e+02  2.039573258e+02
  2.021541466e+02
@R IPOL 101 []
  9.860201451e-01  9.860285090e-01  9.860535838e-01  9.860953190e-01
  9.861536259e-01  9.862283725e-01  9.863193769e-01  9.864263977e-01
  9.865491271e-01  9.866871801e-01  9.868401003e-01  9.870073515e-01
  9.871883318e-01  9.873823309e-01  9.875885260e-01  9.878060586e-01
  9.880340681e-01  9.882716587e-01  9.885179071e-01  9.887719079e-01
  9.890326984e-01  9.892993210e-01  9.895708122e-01  9.898462217e-01
  9.901246009e-01  9.904050206e-01  9.906865679e-01  9.909683573e-01
  9.912495587e-01  9.915293508e-01  9.918067104e-01  9.920807003e-01
  9.923508070e-01  9.926167125e-01  9.928780292e-01  9.931343898e-01
  9.933854466e-01  9.936308606e-01  9.938703045e-01  9.941034649e-01
  9.943300472e-01  9.945497634e-01  9.947623472e-01  9.949675402e-01
  9.951651053e-01  9.953548152e-01  9.955364637e-01  9.957098586e-01
  9.958748194e-01  9.960311902e-01  9.961788226e-01  9.963175922e-01
  9.964473887e-01  9.965681156e-01  9.966796979e-01  9.967820741e-01
  9.968752025e-01  9.969590547e-01  9.970336255e-01  9.970989198e-01
  9.971549639e-01  9.972017981e-01  9.972394845e-01  9.972680976e-01
  9.972877293e-01  9.972984973e-01  9.973010402e-01  9.972970677e-01
  9.972889270e-01  9.972789401e-01  9.972692553e-01  9.972618163e-01
  9.972583355e-01  9.972602640e-01  9.972687749e-01  9.972847235e-01
  9.973086605e-01  9.973408251e-01  9.973811678e-01  9.974293895e-01
  9.974849790e-01  9.975472958e-01  9.976156587e-01  9.976894535e-01
  9.977683747e-01  9.978523666e-01  9.979402100e-01  9.980315576e-01
  9.981290340e-01  9.982368110e-01  9.983600776e-01  9.985047429e-01
  9.986758216e-01  9.988743286e-01  9.990935343e-01  9.993169533e-01
  9.995227924e-01  9.996943688e-01  9.998269855e-01  9.999256484e-01
  9.999961943e-01
@R G11 101 []
  0.000000000e+00  3.801560582e+00  7.605210862e+00  1.141257741e+01
  1.522913439e+01  1.905430528e+01  2.288864046e+01  2.673257615e+01
  3.058673261e+01  3.445119171e+01  3.832608371e+01  4.221347397e+01
  4.612358805e+01  5.006165027e+01  5.402610991e+01  5.801638445e+01
  6.202548362e+01  6.606320756e+01  7.011592421e+01  7.418425946e+01
  7.827642601e+01  8.238391259e+01  8.650850304e+01  9.064630784e+01
  9.479858005e+01  9.895941508e+01  1.031270961e+02  1.073032831e+02
  1.114857096e+02  1.156696384e+02  1.198538926e+02  1.240364463e+02
  1.282163642e+02  1.323940105e+02  1.365700157e+02  1.407444873e+02
  1.449177834e+02  1.490900762e+02  1.532620013e+02  1.574337810e+02
  1.616031452e+02  1.657712098e+02  1.699424781e+02  1.741149136e+02
  1.782837476e+02  1.824575188e+02  1.866327055e+02  1.908075024e+02
  1.949881178e+02  1.991702522e+02  2.033560204e+02  2.075480683e+02
  2.117422347e+02  2.159445034e+02  2.201540913e+02  2.243666806e+02
  2.285921907e+02  2.328263487e+02  2.370670076e+02  2.413207395e+02
  2.455885410e+02  2.498673941e+02  2.541595393e+02  2.584683937e+02
  2.627953408e+02  2.671410893e+02  2.715124716e+02  2.759335207e+02
  2.804436644e+02  2.850766725e+02  2.898592416e+02  2.948200952e+02
  2.999880133e+02  3.053905317e+02  3.110555962e+02  3.170132969e+02
  3.232954927e+02  3.299337446e+02  3.369618334e+02  3.444165293e+02
  3.523376517e+02  3.607762064e+02  3.697883046e+02  3.794416970e+02
  3.898151141e+02  4.009415185e+02  4.127476265e+02  4.251239652e+02
  4.380434698e+02  4.515256857e+02  4.655144187e+02  4.796992883e+02
  4.938133568e+02  5.075901675e+02  5.211812537e+02  5.354084393e+02
  5.520069329e+02  5.730476917e+02  6.031564401e+02  6.533458738e+02
  7.501045209e+02
@R G22 101 []
  0.000000000e+00  2.014535506e-02  4.030188017e-02  6.047857877e-02
  8.070497128e-02  1.009784246e-01  1.213030275e-01  1.416820256e-01
  1.621200845e-01  1.826190676e-01  2.031811027e-01  2.238185533e-01
  2.445873950e-01  2.655170156e-01  2.866014750e-01  3.078411511e-01
  3.292025764e-01  3.507409826e-01  3.723871404e-01  3.941478122e-01
  4.160707650e-01  4.381148988e-01  4.602937209e-01  4.825910489e-01
  5.050177810e-01  5.275470703e-01  5.501743294e-01  5.729126711e-01
  5.957544392e-01  6.186786891e-01  6.416847198e-01  6.647678412e-01
  6.879258968e-01  7.111618533e-01  7.344810578e-01  7.578862315e-01
  7.813811550e-01  8.049689562e-01  8.286554250e-01  8.524436100e-01
  8.763232491e-01  9.003026394e-01  9.244080517e-01  9.486305234e-01
  9.729462359e-01  9.974034588e-01  1.021985047e+00  1.046683169e+00
  1.071533629e+00  1.096514712e+00  1.121639974e+00  1.146925980e+00
  1.172351287e+00  1.197950924e+00  1.223722761e+00  1.249644303e+00
  1.275772477e+00  1.302085309e+00  1.328572183e+00  1.355271895e+00
  1.382192541e+00  1.409319663e+00  1.436666841e+00  1.464251755e+00
  1.492084251e+00  1.520174097e+00  1.548554036e+00  1.577319826e+00
  1.606632866e+00  1.636638843e+00  1.667454549e+00  1.699206452e+00
  1.732026664e+00  1.766045301e+00  1.801398092e+00  1.838236215e+00
  1.876724174e+00  1.917030252e+00  1.959343325e+00  2.003876265e+00
  2.050857434e+00  2.100573882e+00  2.153350191e+00  2.209570228e+00
  2.269687176e+00  2.333959461e+00  2.402208699e+00  2.474044339e+00
  2.549291831e+00  2.627818540e+00  2.709070782e+00  2.791101150e+00
  2.872389953e+00  2.951639067e+00  3.030034139e+00  3.112563564e+00
  3.209331976e+00  3.331602005e+00  3.506447180e+00  3.794552022e+00
  4.359174193e+00
@R G33 101 []
  8.368203797e-01  8.369239480e-01  8.372392320e-01  8.377634124e-01
  8.384903149e-01  8.394179920e-01  8.405389976e-01  8.418487181e-01
  8.433409539e-01  8.450104135e-01  8.468521661e-01  8.488619910e-01
  8.510353787e-01  8.533681683e-01  8.558551602e-01  8.584889178e-01
  8.612621674e-01  8.641686235e-01  8.672023728e-01  8.703577277e-01
  8.736277583e-01  8.770059552e-01  8.804861781e-01  8.840619901e-01
  8.877273366e-01  8.914759745e-01  8.953020873e-01  8.992001778e-01
  9.031649147e-01  9.071912720e-01  9.112723538e-01  9.154009749e-01
  9.195742348e-01  9.237916348e-01  9.280516981e-01  9.323528341e-01
  9.366939069e-01  9.410734622e-01  9.454901227e-01  9.499429536e-01
  9.544309548e-01  9.589531374e-01  9.635087302e-01  9.680969546e-01
  9.727170592e-01  9.773686736e-01  9.820511820e-01  9.867640990e-01
  9.915071837e-01  9.962801877e-01  1.001082875e+00  1.005915068e+00
  1.010776818e+00  1.015668274e+00  1.020589117e+00  1.025539584e+00
  1.030520124e+00  1.035530908e+00  1.040572432e+00  1.045645192e+00
  1.050749093e+00  1.055883773e+00  1.061049957e+00  1.066250759e+00
  1.071487749e+00  1.076760473e+00  1.082073661e+00  1.087447234e+00
  1.092919155e+00  1.098521205e+00  1.104272049e+00  1.110195982e+00
  1.116316570e+00  1.122651589e+00  1.129218752e+00  1.136034226e+00
  1.143111581e+00  1.150461578e+00  1.158092389e+00  1.166010468e+00
  1.174219860e+00  1.182729385e+00  1.191548584e+00  1.200686166e+00
  1.210165813e+00  1.219981933e+00  1.230055402e+00  1.240336225e+00
  1.250876803e+00  1.261813734e+00  1.273288715e+00  1.285384784e+00
  1.298163338e+00  1.311552263e+00  1.325330528e+00  1.339413202e+00
  1.353736416e+00  1.368650245e+00  1.384446828e+00  1.404425836e+00
  1.431166461e+00
@R GRADRHO 101 []
  1.063244759e+00  1.019294777e+00  1.019481496e+00  1.019760748e+00
  1.020345514e+00  1.021004342e+00  1.021749815e+00  1.022564936e+00
  1.023429597e+00  1.024345635e+00  1.025290538e+00  1.026281253e+00
  1.027430575e+00  1.028761908e+00  1.030238377e+00  1.031859994e+00
  1.033568657e+00  1.035438715e+00  1.037353488e+00  1.039325209e+00
  1.041417509e+00  1.043574417e+00  1.045810976e+00  1.048108293e+00
  1.050477451e+00  1.052889862e+00  1.055342860e+00  1.057848168e+00
  1.060398137e+00  1.062974030e+00  1.065575592e+00  1.068199974e+00
  1.070843706e+00  1.073506483e+00  1.076189320e+00  1.078891432e+00
  1.081613060e+00  1.084353306e+00  1.087113807e+00  1.089893366e+00
  1.092682629e+00  1.095484975e+00  1.098312953e+00  1.101158319e+00
  1.104004979e+00  1.106877546e+00  1.109763718e+00  1.112656603e+00
  1.115572765e+00  1.118498103e+00  1.121436928e+00  1.124395162e+00
  1.127359356e+00  1.130344141e+00  1.133345919e+00  1.136351437e+00
  1.139384572e+00  1.142432494e+00  1.145487958e+00  1.148565942e+00
  1.151667063e+00  1.154782127e+00  1.157913467e+00  1.161065788e+00
  1.164242994e+00  1.167448711e+00  1.170689486e+00  1.173981460e+00
  1.177368028e+00  1.180892631e+00  1.184574785e+00  1.188442681e+00
  1.192528100e+00  1.196850886e+00  1.201432619e+00  1.206294888e+00
  1.211454836e+00  1.216925887e+00  1.222721062e+00  1.228854116e+00
  1.235332603e+00  1.242171085e+00  1.249393627e+00  1.257021270e+00
  1.265102039e+00  1.273614339e+00  1.282496372e+00  1.291750309e+00
  1.301437800e+00  1.311692529e+00  1.322735944e+00  1.334532243e+00
  1.347305002e+00  1.360910618e+00  1.374985285e+00  1.389451550e+00
  1.404756213e+00  1.420212710e+00  1.439873863e+00  1.459763693e+00
  1.493648698e+00
@R AREA 101 []
  0.000000000e+00  3.582580320e+00  7.159993228e+00  1.073426447e+01
  1.430224180e+01  1.786201478e+01  2.141250758e+01  2.495222838e+01
  2.848052751e+01  3.199663871e+01  3.550018052e+01  3.899099496e+01
  4.246883313e+01  4.593303454e+01  4.938323111e+01  5.281879318e+01
  5.623913592e+01  5.964367885e+01  6.303186488e+01  6.640369061e+01
  6.975867495e+01  7.309663108e+01  7.641729829e+01  7.972058232e+01
  8.300633933e+01  8.627453820e+01  8.952520672e+01  9.275838916e+01
  9.597413105e+01  9.917254940e+01  1.023538093e+02  1.055181132e+02
  1.086656849e+02  1.117967453e+02  1.149114967e+02  1.180101521e+02
  1.210929130e+02  1.241599804e+02  1.272115573e+02  1.302478329e+02
  1.332690179e+02  1.362753317e+02  1.392669621e+02  1.422440892e+02
  1.452069277e+02  1.481556962e+02  1.510905472e+02  1.540117219e+02
  1.569193937e+02  1.598137601e+02  1.626950230e+02  1.655633732e+02
  1.684189956e+02  1.712621110e+02  1.740928687e+02  1.769114979e+02
  1.797181788e+02  1.825130821e+02  1.852964195e+02  1.880683875e+02
  1.908291522e+02  1.935789067e+02  1.963178543e+02  1.990462028e+02
  2.017641399e+02  2.044718203e+02  2.071693950e+02  2.098570755e+02
  2.125352053e+02  2.152041276e+02  2.178642357e+02  2.205160355e+02
  2.231600230e+02  2.257967631e+02  2.284269118e+02  2.310511956e+02
  2.336704681e+02  2.362857423e+02  2.388982058e+02  2.415092850e+02
  2.441206748e+02  2.467344163e+02  2.493529445e+02  2.519790921e+02
  2.546163018e+02  2.572685985e+02  2.599408380e+02  2.626375091e+02
  2.653627173e+02  2.681197612e+02  2.709102614e+02  2.737318283e+02
  2.765781113e+02  2.794377765e+02  2.823021033e+02  2.851702778e+02
  2.880614863e+02  2.910209576e+02  2.941429488e+02  2.976160996e+02
  3.020948041e+02
@R A 101 []
  0.000000000e+00  1.410610716e-02  2.822109020e-02  4.234505799e-02
  5.648583364e-02  7.064701836e-02  8.483273078e-02  9.904673126e-02
  1.132906079e-01  1.275657956e-01  1.418725586e-01  1.562094926e-01
  1.705748359e-01  1.849644796e-01  1.993757125e-01  2.138058443e-01
  2.282544006e-01  2.427207165e-01  2.572032014e-01  2.717017817e-01
  2.862145423e-01  3.007402993e-01  3.152772867e-01  3.298242837e-01
  3.443793653e-01  3.589408372e-01  3.735071900e-01  3.880766278e-01
  4.026470574e-01  4.172168832e-01  4.317842974e-01  4.463471502e-01
  4.609036114e-01  4.754519799e-01  4.899905671e-01  5.045177537e-01
  5.190319442e-01  5.335316017e-01  5.480153374e-01  5.624817401e-01
  5.769294835e-01  5.913574709e-01  6.057644376e-01  6.201490662e-01
  6.345104030e-01  6.488474575e-01  6.631589534e-01  6.774441656e-01
  6.917020139e-01  7.059315845e-01  7.201320312e-01  7.343024950e-01
  7.484420839e-01  7.625501166e-01  7.766256452e-01  7.906680581e-01
  8.046765259e-01  8.186502547e-01  8.325886004e-01  8.464908693e-01
  8.603563080e-01  8.741842187e-01  8.879738695e-01  9.017245190e-01
  9.154354067e-01  9.291059230e-01  9.427356530e-01  9.563229149e-01
  9.698648574e-01  9.833571842e-01  9.967952362e-01  1.010172786e+00
  1.023483218e+00  1.036719237e+00  1.049873037e+00  1.062936260e+00
  1.075900101e+00  1.088755281e+00  1.101492275e+00  1.114101103e+00
  1.126571656e+00  1.138893494e+00  1.151056282e+00  1.163048760e+00
  1.174859223e+00  1.186476702e+00  1.197891877e+00  1.209099140e+00
  1.220099105e+00  1.230898461e+00  1.241512591e+00  1.251962912e+00
  1.262273536e+00  1.272475971e+00  1.282595643e+00  1.292634741e+00
  1.302570216e+00  1.312342990e+00  1.321848302e+00  1.330894234e+00
  1.339079828e+00
@R RTOR 101 []
  4.372641448e+00  4.372543680e+00  4.372239363e+00  4.371730595e+00
  4.371023746e+00  4.370118828e+00  4.369021206e+00  4.367734233e+00
  4.366262591e+00  4.364610898e+00  4.362783983e+00  4.360786207e+00
  4.358622630e+00  4.356298528e+00  4.353818424e+00  4.351187872e+00
  4.348412643e+00  4.345498971e+00  4.342453181e+00  4.339281072e+00
  4.335989106e+00  4.332583780e+00  4.329071537e+00  4.325459005e+00
  4.321752759e+00  4.317959189e+00  4.314084917e+00  4.310136245e+00
  4.306119544e+00  4.302041000e+00  4.297906430e+00  4.293722140e+00
  4.289494348e+00  4.285228456e+00  4.280929402e+00  4.276601774e+00
  4.272249697e+00  4.267876986e+00  4.263487267e+00  4.259083850e+00
  4.254669778e+00  4.250247920e+00  4.245820949e+00  4.241391339e+00
  4.236961406e+00  4.232533289e+00  4.228109020e+00  4.223690434e+00
  4.219279337e+00  4.214877307e+00  4.210485869e+00  4.206106465e+00
  4.201740396e+00  4.197388850e+00  4.193053050e+00  4.188733987e+00
  4.184432646e+00  4.180149997e+00  4.175886837e+00  4.171643914e+00
  4.167422027e+00  4.163221875e+00  4.159044075e+00  4.154889132e+00
  4.150757527e+00  4.146649692e+00  4.142566032e+00  4.138507085e+00
  4.134471786e+00  4.130458827e+00  4.126466584e+00  4.122493330e+00
  4.118536717e+00  4.114594676e+00  4.110665058e+00  4.106745869e+00
  4.102835290e+00  4.098931916e+00  4.095034754e+00  4.091143520e+00
  4.087258388e+00  4.083380407e+00  4.079511191e+00  4.075652726e+00
  4.071806685e+00  4.067975108e+00  4.064160860e+00  4.060368408e+00
  4.056600492e+00  4.052857809e+00  4.049137929e+00  4.045429776e+00
  4.041708936e+00  4.037949030e+00  4.034128038e+00  4.030235242e+00
  4.026288831e+00  4.022337431e+00  4.018440635e+00  4.014693350e+00
  4.011282215e+00
@R SHIFT 101 []
  3.726414484e-01  3.725436797e-01  3.722393627e-01  3.717305951e-01
  3.710237460e-01  3.701188281e-01  3.690212058e-01  3.677342328e-01
  3.662625908e-01  3.646108983e-01  3.627839829e-01  3.607862069e-01
  3.586226301e-01  3.562985277e-01  3.538184237e-01  3.511878718e-01
  3.484126426e-01  3.454989708e-01  3.424531808e-01  3.392810725e-01
  3.359891061e-01  3.325837800e-01  3.290715366e-01  3.254590052e-01
  3.217527586e-01  3.179591889e-01  3.140849167e-01  3.101362452e-01
  3.061195442e-01  3.020409996e-01  2.979064298e-01  2.937221398e-01
  2.894943479e-01  2.852284564e-01  2.809294021e-01  2.766017739e-01
  2.722496972e-01  2.678769857e-01  2.634872675e-01  2.590838505e-01
  2.546697776e-01  2.502479205e-01  2.458209488e-01  2.413913390e-01
  2.369614065e-01  2.325332895e-01  2.281090203e-01  2.236904343e-01
  2.192793374e-01  2.148773065e-01  2.104858691e-01  2.061064651e-01
  2.017403959e-01  1.973888495e-01  1.930530504e-01  1.887339868e-01
  1.844326461e-01  1.801499969e-01  1.758868373e-01  1.716439143e-01
  1.674220271e-01  1.632218753e-01  1.590440748e-01  1.548891323e-01
  1.507575272e-01  1.466496922e-01  1.425660322e-01  1.385070854e-01
  1.344717865e-01  1.304588275e-01  1.264665837e-01  1.224933299e-01
  1.185367175e-01  1.145946760e-01  1.106650579e-01  1.067458690e-01
  1.028352903e-01  9.893191573e-02  9.503475429e-02  9.114352020e-02
  8.725838847e-02  8.338040699e-02  7.951119144e-02  7.565272626e-02
  7.180668504e-02  6.797510751e-02  6.416086012e-02  6.036840840e-02
  5.660049220e-02  5.285780850e-02  4.913792885e-02  4.542977639e-02
  4.170893576e-02  3.794903008e-02  3.412803827e-02  3.023524197e-02
  2.628883068e-02  2.233743096e-02  1.844063527e-02  1.469334968e-02
  1.128221532e-02
@R ELONG 101 []
  1.876219580e+00  1.875397503e+00  1.872931272e+00  1.871119120e+00
  1.868502242e+00  1.865322521e+00  1.861641605e+00  1.857489915e+00
  1.853011837e+00  1.848269044e+00  1.843356460e+00  1.838380451e+00
  1.833395105e+00  1.828455473e+00  1.823600598e+00  1.818827135e+00
  1.814106001e+00  1.809426878e+00  1.804791848e+00  1.800205272e+00
  1.795668872e+00  1.791186681e+00  1.786764048e+00  1.782405516e+00
  1.778116607e+00  1.773904210e+00  1.769772442e+00  1.765727123e+00
  1.761774160e+00  1.757917079e+00  1.754161801e+00  1.750513941e+00
  1.746978274e+00  1.743557409e+00  1.740252558e+00  1.737065247e+00
  1.733995406e+00  1.731043570e+00  1.728209131e+00  1.725491216e+00
  1.722889660e+00  1.720402811e+00  1.718030096e+00  1.715770575e+00
  1.713622743e+00  1.711585949e+00  1.709658767e+00  1.707840242e+00
  1.706129382e+00  1.704524944e+00  1.703026273e+00  1.701632070e+00
  1.700341639e+00  1.699154275e+00  1.698068868e+00  1.697085041e+00
  1.696201964e+00  1.695419076e+00  1.694736193e+00  1.694152718e+00
  1.693668282e+00  1.693282189e+00  1.692994548e+00  1.692806716e+00
  1.692719373e+00  1.692730766e+00  1.692836882e+00  1.693041335e+00
  1.693359342e+00  1.693800922e+00  1.694384263e+00  1.695131920e+00
  1.696065009e+00  1.697210089e+00  1.698593468e+00  1.700243354e+00
  1.702190944e+00  1.704469322e+00  1.707112640e+00  1.710160644e+00
  1.713653084e+00  1.717636687e+00  1.722159471e+00  1.727275482e+00
  1.733049129e+00  1.739554760e+00  1.746867833e+00  1.755033953e+00
  1.764094148e+00  1.774059484e+00  1.784910592e+00  1.796536730e+00
  1.808771590e+00  1.821358720e+00  1.834107524e+00  1.846988104e+00
  1.860330849e+00  1.874800654e+00  1.891734105e+00  1.913328339e+00
  1.946617525e+00
@R TRIAG 101 []
  0.000000000e+00  8.841001914e-03  1.716755918e-02  2.540107854e-02
  3.353124812e-02  4.143568028e-02  4.911048108e-02  5.653111851e-02
  6.369501753e-02  7.059008086e-02  7.721967874e-02  8.357840056e-02
  8.969038512e-02  9.557976002e-02  1.012427422e-01  1.066734617e-01
  1.118739829e-01  1.168480615e-01  1.215971937e-01  1.261299267e-01
  1.304539135e-01  1.345770123e-01  1.385065684e-01  1.422520784e-01
  1.458247627e-01  1.492317553e-01  1.524803953e-01  1.555787653e-01
  1.585378671e-01  1.613670052e-01  1.640713808e-01  1.666604566e-01
  1.691457889e-01  1.715363930e-01  1.738405780e-01  1.760677875e-01
  1.782271519e-01  1.803283398e-01  1.823789239e-01  1.843863125e-01
  1.863569980e-01  1.882971243e-01  1.902119630e-01  1.921070535e-01
  1.939871360e-01  1.958559339e-01  1.977179709e-01  1.995763254e-01
  2.014350317e-01  2.032969797e-01  2.051645983e-01  2.070413305e-01
  2.089289354e-01  2.108303186e-01  2.127473337e-01  2.146822559e-01
  2.166370914e-01  2.186131757e-01  2.206138210e-01  2.226402241e-01
  2.246938292e-01  2.267962934e-01  2.289408741e-01  2.311193365e-01
  2.333332838e-01  2.355855008e-01  2.378796804e-01  2.402169554e-01
  2.426146393e-01  2.450952335e-01  2.476849261e-01  2.504103204e-01
  2.533015956e-01  2.563906367e-01  2.597102696e-01  2.632991358e-01
  2.671966442e-01  2.714405524e-01  2.760791123e-01  2.811574415e-01
  2.867306078e-01  2.928698736e-01  2.996285369e-01  3.070851592e-01
  3.153286295e-01  3.244787505e-01  3.346383300e-01  3.458469130e-01
  3.580642237e-01  3.711664616e-01  3.849111981e-01  3.989550071e-01
  4.128686917e-01  4.264037088e-01  4.394583479e-01  4.521401416e-01
  4.650209539e-01  4.787886331e-01  4.948293169e-01  5.157953474e-01
  5.515840719e-01
@R PMHD 101 []
  1.174455177e+06  1.174126161e+06  1.173138838e+06  1.171492397e+06
  1.169185727e+06  1.166217692e+06  1.162587563e+06  1.158295591e+06
  1.153343592e+06  1.147735822e+06  1.141479226e+06  1.134584501e+06
  1.127066223e+06  1.118943409e+06  1.110237016e+06  1.100969214e+06
  1.091161717e+06  1.080837374e+06  1.070020867e+06  1.058736602e+06
  1.047011479e+06  1.034872062e+06  1.022345780e+06  1.009460055e+06
  9.962427935e+05  9.827215147e+05  9.689237163e+05  9.548767181e+05
  9.406062862e+05  9.261380086e+05  9.115050665e+05  8.967397037e+05
  8.818596240e+05  8.668742778e+05  8.517963696e+05  8.366381893e+05
  8.214116881e+05  8.061290007e+05  7.908021176e+05  7.754430176e+05
  7.600635496e+05  7.446753260e+05  7.292899699e+05  7.139191371e+05
  6.985741743e+05  6.832661785e+05  6.680064621e+05  6.528057839e+05
  6.376750009e+05  6.226247215e+05  6.076653036e+05  5.928070215e+05
  5.780598943e+05  5.634336267e+05  5.489380363e+05  5.345822468e+05
  5.203755343e+05  5.063268465e+05  4.924446914e+05  4.787374635e+05
  4.652134140e+05  4.518803633e+05  4.387458402e+05  4.258171435e+05
  4.131012608e+05  4.006048132e+05  3.883342389e+05  3.762960906e+05
  3.644971896e+05  3.529441641e+05  3.416431442e+05  3.305997540e+05
  3.198188443e+05  3.093044635e+05  2.990596803e+05  2.890863639e+05
  2.793849991e+05  2.699543037e+05  2.607906851e+05  2.518872785e+05
  2.432325599e+05  2.348082332e+05  2.265860036e+05  2.185228957e+05
  2.105543405e+05  2.025844914e+05  1.944721029e+05  1.860114905e+05
  1.769129928e+05  1.667830788e+05  1.551253263e+05  1.413850852e+05
  1.250943906e+05  1.061526908e+05  8.518200146e+04  6.372421555e+04
  4.390633979e+04  2.755872646e+04  1.547145753e+04  7.302540118e+03
  2.199038084e+03
@R QMHD 101 []
  3.657572781e+00  3.655587756e+00  3.649703749e+00  3.640132582e+00
  3.627223758e+00  3.611457858e+00  3.593436184e+00  3.573865126e+00
  3.553533085e+00  3.533279540e+00  3.513951471e+00  3.496351946e+00
  3.481173452e+00  3.468744823e+00  3.458622881e+00  3.449734046e+00
  3.441527864e+00  3.434035830e+00  3.427258592e+00  3.421151905e+00
  3.415615050e+00  3.410503917e+00  3.405758281e+00  3.401340533e+00
  3.397184300e+00  3.393248668e+00  3.389499969e+00  3.385895937e+00
  3.382413871e+00  3.379079124e+00  3.375833211e+00  3.372620467e+00
  3.369488648e+00  3.366487922e+00  3.363632436e+00  3.360943478e+00
  3.358443359e+00  3.356162673e+00  3.354118836e+00  3.352334926e+00
  3.350831568e+00  3.349624613e+00  3.348739795e+00  3.348192495e+00
  3.347998686e+00  3.348184060e+00  3.348755955e+00  3.349739849e+00
  3.351150842e+00  3.353003356e+00  3.355319561e+00  3.358111460e+00
  3.361397849e+00  3.365196291e+00  3.369521841e+00  3.374397254e+00
  3.379834307e+00  3.385851173e+00  3.392469050e+00  3.399700908e+00
  3.407570869e+00  3.416102899e+00  3.425322987e+00  3.435255323e+00
  3.445867386e+00  3.457123454e+00  3.469280717e+00  3.483166073e+00
  3.499906553e+00  3.520301894e+00  3.545217370e+00  3.575264550e+00
  3.610970650e+00  3.652870520e+00  3.701412747e+00  3.757017267e+00
  3.820110201e+00  3.891094987e+00  3.970375354e+00  4.058366077e+00
  4.155463684e+00  4.262126740e+00  4.378642037e+00  4.505386088e+00
  4.642992336e+00  4.791883178e+00  4.950694579e+00  5.115966908e+00
  5.285523783e+00  5.455816106e+00  5.620106158e+00  5.770746991e+00
  5.898649453e+00  6.001298711e+00  6.087867192e+00  6.177618196e+00
  6.300532320e+00  6.497766789e+00  6.822678544e+00  7.374236392e+00
  8.627467931e+00
@R ER 101 []
  0.000000000e+00  0.000000000e+00  0.000000000e+00  0.000000000e+00
  0.000000000e+00  0.000000000e+00  0.000000000e+00  0.000000000e+00
  0.000000000e+00  0.000000000e+00  0.000000000e+00  0.000000000e+00
  0.000000000e+00  0.000000000e+00  0.000000000e+00  0.000000000e+00
  0.000000000e+00  0.000000000e+00  0.000000000e+00  0.000000000e+00
  0.000000000e+00  0.000000000e+00  0.000000000e+00  0.000000000e+00
  0.000000000e+00  0.000000000e+00  0.000000000e+00  0.000000000e+00
  0.000000000e+00  0.000000000e+00  0.000000000e+00  0.000000000e+00
  0.000000000e+00  0.000000000e+00  0.000000000e+00  0.000000000e+00
  0.000000000e+00  0.000000000e+00  0.000000000e+00  0.000000000e+00
  0.000000000e+00  0.000000000e+00  0.000000000e+00  0.000000000e+00
  0.000000000e+00  0.000000000e+00  0.000000000e+00  0.000000000e+00
  0.000000000e+00  0.000000000e+00  0.000000000e+00  0.000000000e+00
  0.000000000e+00  0.000000000e+00  0.000000000e+00  0.000000000e+00
  0.000000000e+00  0.000000000e+00  0.000000000e+00  0.000000000e+00
  0.000000000e+00  0.000000000e+00  0.000000000e+00  0.000000000e+00
  0.000000000e+00  0.000000000e+00  0.000000000e+00  0.000000000e+00
  0.000000000e+00  0.000000000e+00  0.000000000e+00  0.000000000e+00
  0.000000000e+00  0.000000000e+00  0.000000000e+00  0.000000000e+00
  0.000000000e+00  0.000000000e+00  0.000000000e+00  0.000000000e+00
  0.000000000e+00  0.000000000e+00  0.000000000e+00  0.000000000e+00
  0.000000000e+00  0.000000000e+00  0.000000000e+00  0.000000000e+00
  0.000000000e+00  0.000000000e+00  0.000000000e+00  0.000000000e+00
  0.000000000e+00  0.000000000e+00  0.000000000e+00  0.000000000e+00
  0.000000000e+00  0.000000000e+00  0.000000000e+00  0.000000000e+00
  0.000000000e+00
@R NC1 101 []
  9.985000644e-01  9.297122654e-01  9.042975739e-01  8.862177195e-01
  8.719012387e-01  8.599658727e-01  8.496933162e-01  8.406615681e-01
  8.325909168e-01  8.252905260e-01  8.186199996e-01  8.124755596e-01
  8.067770733e-01  8.014629422e-01  7.964807161e-01  7.917862141e-01
  7.873410093e-01  7.831129021e-01  7.790749186e-01  7.752038327e-01
  7.714789837e-01  7.678825181e-01  7.643993973e-01  7.610157429e-01
  7.577201736e-01  7.545020237e-01  7.513524540e-01  7.482636905e-01
  7.452292975e-01  7.422436996e-01  7.392995742e-01  7.363907756e-01
  7.335156593e-01  7.306744242e-01  7.278660950e-01  7.250896714e-01
  7.223445258e-01  7.196296263e-01  7.169440907e-01  7.142872434e-01
  7.116583580e-01  7.090567404e-01  7.064817099e-01  7.039327604e-01
  7.014092570e-01  6.989107007e-01  6.964366980e-01  6.939866229e-01
  6.915601815e-01  6.891570113e-01  6.867766523e-01  6.844187928e-01
  6.820831559e-01  6.797694800e-01  6.774773882e-01  6.752065462e-01
  6.729568780e-01  6.707281547e-01  6.685201623e-01  6.663327771e-01
  6.641656244e-01  6.620181017e-01  6.598900998e-01  6.577823863e-01
  6.556953710e-01  6.536292131e-01  6.515834774e-01  6.495625162e-01
  6.475755854e-01  6.456303765e-01  6.437287596e-01  6.418751515e-01
  6.400743500e-01  6.383278907e-01  6.366379496e-01  6.350059658e-01
  6.334322149e-01  6.319164250e-01  6.304573051e-01  6.290535712e-01
  6.277029952e-01  6.264048202e-01  6.251588079e-01  6.239645024e-01
  6.228270088e-01  6.217434874e-01  6.206996086e-01  6.196998739e-01
  6.187714685e-01  6.179614971e-01  6.173283983e-01  6.169166298e-01
  6.167680846e-01  6.168573850e-01  6.170685698e-01  6.172710378e-01
  6.173106818e-01  6.170642980e-01  6.165511618e-01  6.155721625e-01
  6.143495468e-01
@R HFAC1 101 []
  1.000000000e+00  9.968102863e-01  9.936906432e-01  9.906387617e-01
  9.876494783e-01  9.847195848e-01  9.818436812e-01  9.790176297e-01
  9.762371468e-01  9.734984907e-01  9.707984412e-01  9.681344732e-01
  9.655041156e-01  9.629057221e-01  9.603365500e-01  9.577928265e-01
  9.552704763e-01  9.527661912e-01  9.502771675e-01  9.478002968e-01
  9.453324352e-01  9.428705777e-01  9.404121477e-01  9.379543772e-01
  9.354949657e-01  9.330314960e-01  9.305618739e-01  9.280842678e-01
  9.255970992e-01  9.230988963e-01  9.205872243e-01  9.180598035e-01
  9.155166345e-01  9.129587498e-01  9.103865913e-01  9.078004897e-01
  9.052009146e-01  9.025881206e-01  8.999623483e-01  8.973240167e-01
  8.946734547e-01  8.920109183e-01  8.893367927e-01  8.866514448e-01
  8.839551382e-01  8.812483078e-01  8.785313411e-01  8.758045022e-01
  8.730682765e-01  8.703230594e-01  8.675692302e-01  8.648071860e-01
  8.620374241e-01  8.592603991e-01  8.564764452e-01  8.536860108e-01
  8.508896926e-01  8.480879639e-01  8.452813650e-01  8.424704187e-01
  8.396554348e-01  8.368365801e-01  8.340145187e-01  8.311908555e-01
  8.283664507e-01  8.255414685e-01  8.227176883e-01  8.199038069e-01
  8.171153478e-01  8.143649377e-01  8.116600799e-01  8.090105625e-01
  8.064257376e-01  8.039127331e-01  8.014787382e-01  7.991303957e-01
  7.968735561e-01  7.947132152e-01  7.926535071e-01  7.906983645e-01
  7.888511876e-01  7.871177291e-01  7.855038868e-01  7.840159977e-01
  7.826654419e-01  7.814531037e-01  7.803519122e-01  7.793438587e-01
  7.784460268e-01  7.776998873e-01  7.771400489e-01  7.767744057e-01
  7.765948033e-01  7.765518496e-01  7.765650610e-01  7.766147113e-01
  7.767141252e-01  7.770515320e-01  7.777750116e-01  7.801635613e-01
  7.851558486e-01
@R HFAC2 101 []
  1.000000000e+00  9.936359198e-01  9.874416663e-01  9.814111784e-01
  9.755328974e-01  9.697992455e-01  9.641984698e-01  9.587214392e-01
  9.533588225e-01  9.481024752e-01  9.429453153e-01  9.378816746e-01
  9.329060622e-01  9.280146061e-01  9.232013982e-01  9.184586846e-01
  9.137782295e-01  9.091532933e-01  9.045781473e-01  9.000465838e-01
  8.955523844e-01  8.910896625e-01  8.866533835e-01  8.822382195e-01
  8.778397597e-01  8.734534233e-01  8.690752877e-01  8.647019349e-01
  8.603304621e-01  8.559581990e-01  8.515807144e-01  8.471939248e-01
  8.427979433e-01  8.383947566e-01  8.339852447e-01  8.295700790e-01
  8.251501831e-01  8.207260694e-01  8.162982361e-01  8.118674771e-01
  8.074344182e-01  8.029995657e-01  7.985636160e-01  7.941272456e-01
  7.896909440e-01  7.852554745e-01  7.808215232e-01  7.763895463e-01
  7.719603761e-01  7.675346829e-01  7.631130894e-01  7.586962568e-01
  7.542849839e-01  7.498800071e-01  7.454818438e-01  7.410911769e-01
  7.367089547e-01  7.323358875e-01  7.279727780e-01  7.236204253e-01
  7.192792383e-01  7.149493599e-01  7.106317250e-01  7.063288203e-01
  7.020420036e-01  6.977715257e-01  6.935199197e-01  6.893000290e-01
  6.851354928e-01  6.810454146e-01  6.770398685e-01  6.731327266e-01
  6.693372249e-01  6.656624941e-01  6.621178201e-01  6.587114560e-01
  6.554501013e-01  6.523390748e-01  6.493822574e-01  6.465831796e-01
  6.439442255e-01  6.414711977e-01  6.391704242e-01  6.370483169e-01
  6.351200837e-01  6.333848860e-01  6.318031133e-01  6.303539522e-01
  6.290685490e-01  6.280162637e-01  6.272632235e-01  6.268370275e-01
  6.267467572e-01  6.269228748e-01  6.272174027e-01  6.275543898e-01
  6.278858707e-01  6.283850491e-01  6.292449060e-01  6.319430851e-01
  6.378070157e-01
