 # generated by fastran_io_instate.py
@R INFLAG 1 []
  1.000000000e+00
@R TIME0 1 [s]
  0.000000000e+00
@R IP 1 []
  8.100000000e+00
@R BCENTR 1 []
  7.000000000e+00
@R RMAJOR 1 []
  4.000000000e+00
@R AMINOR 1 []
  1.330000000e+00
@R ELONGB 1 []
  2.000000000e+00
@R TRIANB 1 []
  6.000000000e-01
@R RHO 101 []
  0.000000000e+00  1.000000000e-02  2.000000000e-02  3.000000000e-02
  4.000000000e-02  5.000000000e-02  6.000000000e-02  7.000000000e-02
  8.000000000e-02  9.000000000e-02  1.000000000e-01  1.100000000e-01
  1.200000000e-01  1.300000000e-01  1.400000000e-01  1.500000000e-01
  1.600000000e-01  1.700000000e-01  1.800000000e-01  1.900000000e-01
  2.000000000e-01  2.100000000e-01  2.200000000e-01  2.300000000e-01
  2.400000000e-01  2.500000000e-01  2.600000000e-01  2.700000000e-01
  2.800000000e-01  2.900000000e-01  3.000000000e-01  3.100000000e-01
  3.200000000e-01  3.300000000e-01  3.400000000e-01  3.500000000e-01
  3.600000000e-01  3.700000000e-01  3.800000000e-01  3.900000000e-01
  4.000000000e-01  4.100000000e-01  4.200000000e-01  4.300000000e-01
  4.400000000e-01  4.500000000e-01  4.600000000e-01  4.700000000e-01
  4.800000000e-01  4.900000000e-01  5.000000000e-01  5.100000000e-01
  5.200000000e-01  5.300000000e-01  5.400000000e-01  5.500000000e-01
  5.600000000e-01  5.700000000e-01  5.800000000e-01  5.900000000e-01
  6.000000000e-01  6.100000000e-01  6.200000000e-01  6.300000000e-01
  6.400000000e-01  6.500000000e-01  6.600000000e-01  6.700000000e-01
  6.800000000e-01  6.900000000e-01  7.000000000e-01  7.100000000e-01
  7.200000000e-01  7.300000000e-01  7.400000000e-01  7.500000000e-01
  7.600000000e-01  7.700000000e-01  7.800000000e-01  7.900000000e-01
  8.000000000e-01  8.100000000e-01  8.200000000e-01  8.300000000e-01
  8.400000000e-01  8.500000000e-01  8.600000000e-01  8.700000000e-01
  8.800000000e-01  8.900000000e-01  9.000000000e-01  9.100000000e-01
  9.200000000e-01  9.300000000e-01  9.400000000e-01  9.500000000e-01
  9.600000000e-01  9.700000000e-01  9.800000000e-01  9.900000000e-01
  1.000000000e+00
@R AMAIN 1 []
  2.500000000e+00
@R ZMAIN 1 []
  1.000000000e+00
@I NIMP 1 []
                2
@R AIMP 2 []
  9.000000000e+00  4.000000000e+01
@R ZIMP 2 []
  4.000000000e+00  1.800000000e+01
@R FIMP 2 []
  2.000000000e-02  5.000000000e-04
@R ENE 101 []
  2.629700715e+01  2.625956900e+01  2.621921796e+01  2.617599177e+01
  2.612992816e+01  2.608106485e+01  2.602943957e+01  2.597509004e+01
  2.591805399e+01  2.585836915e+01  2.579607324e+01  2.573120399e+01
  2.566379913e+01  2.559389638e+01  2.552153347e+01  2.544674812e+01
  2.536957806e+01  2.529006102e+01  2.520823473e+01  2.512413690e+01
  2.503780527e+01  2.494927756e+01  2.485859151e+01  2.476578482e+01
  2.467089524e+01  2.457396049e+01  2.447501829e+01  2.437410637e+01
  2.427126245e+01  2.416652427e+01  2.405992955e+01  2.395151602e+01
  2.384132139e+01  2.372938341e+01  2.361573979e+01  2.350042826e+01
  2.338348655e+01  2.326495238e+01  2.314486348e+01  2.302325758e+01
  2.290017239e+01  2.277564566e+01  2.264971510e+01  2.252241845e+01
  2.239379342e+01  2.226387774e+01  2.213270914e+01  2.200032534e+01
  2.186676407e+01  2.173206306e+01  2.159626002e+01  2.145939267e+01
  2.132149875e+01  2.118261595e+01  2.104278199e+01  2.090203457e+01
  2.076041139e+01  2.061795010e+01  2.047468835e+01  2.033066373e+01
  2.018591380e+01  2.004047597e+01  1.989438756e+01  1.974768564e+01
  1.960040699e+01  1.945258790e+01  1.930426396e+01  1.915546969e+01
  1.900623803e+01  1.885659956e+01  1.870658132e+01  1.855620507e+01
  1.840548469e+01  1.825442230e+01  1.810300248e+01  1.795118360e+01
  1.779888504e+01  1.764596797e+01  1.749220697e+01  1.733724783e+01
  1.718054504e+01  1.702126972e+01  1.685817458e+01  1.668939767e+01
  1.651218108e+01  1.632247618e+01  1.611440843e+01  1.587959384e+01
  1.560635717e+01  1.527904067e+01  1.487786104e+01  1.438018836e+01
  1.376451827e+01  1.301819378e+01  1.214806071e+01  1.118933426e+01
  1.020477403e+01  9.269579145e+00  8.448151539e+00  7.776638048e+00
  7.260124812e+00
@R TE 101 []
  1.687664833e+01  1.681835183e+01  1.675474676e+01  1.668594575e+01
  1.661206140e+01  1.653320634e+01  1.644949316e+01  1.636103449e+01
  1.626794294e+01  1.617033112e+01  1.606831165e+01  1.596199713e+01
  1.585150018e+01  1.573693342e+01  1.561840945e+01  1.549604088e+01
  1.536994035e+01  1.524022044e+01  1.510699378e+01  1.497037299e+01
  1.483047066e+01  1.468739943e+01  1.454127189e+01  1.439220066e+01
  1.424029836e+01  1.408567760e+01  1.392845099e+01  1.376873115e+01
  1.360663068e+01  1.344226220e+01  1.327573832e+01  1.310717166e+01
  1.293667483e+01  1.276436044e+01  1.259034111e+01  1.241472944e+01
  1.223763806e+01  1.205917956e+01  1.187946658e+01  1.169861171e+01
  1.151672758e+01  1.133392679e+01  1.115032196e+01  1.096602570e+01
  1.078115063e+01  1.059580935e+01  1.041011448e+01  1.022417864e+01
  1.003811443e+01  9.852034473e+00  9.666051376e+00  9.480277753e+00
  9.294826217e+00  9.109809381e+00  8.925339856e+00  8.741530256e+00
  8.558493190e+00  8.376341268e+00  8.195187100e+00  8.015143291e+00
  7.836322441e+00  7.658837146e+00  7.482799989e+00  7.308323536e+00
  7.135520326e+00  6.964502855e+00  6.795383551e+00  6.628274731e+00
  6.463288542e+00  6.300536859e+00  6.140131125e+00  5.982182100e+00
  5.826799467e+00  5.674091195e+00  5.524162551e+00  5.377114518e+00
  5.233041298e+00  5.092026367e+00  4.954136213e+00  4.819410444e+00
  4.687846120e+00  4.559373009e+00  4.433814516e+00  4.310826241e+00
  4.189799801e+00  4.069713701e+00  3.948905662e+00  3.824734384e+00
  3.693100866e+00  3.547830973e+00  3.380028039e+00  3.177766380e+00
  2.926978929e+00  2.614913177e+00  2.237166953e+00  1.806424313e+00
  1.356001739e+00  9.308756968e-01  5.693386136e-01  2.892900635e-01
  8.807942995e-02
@R TI 101 []
  1.467282623e+01  1.462429485e+01  1.457135101e+01  1.451408828e+01
  1.445260025e+01  1.438698050e+01  1.431732261e+01  1.424372017e+01
  1.416626676e+01  1.408505597e+01  1.400018137e+01  1.391173655e+01
  1.381981510e+01  1.372451060e+01  1.362591662e+01  1.352412676e+01
  1.341923460e+01  1.331133372e+01  1.320051770e+01  1.308688013e+01
  1.297051460e+01  1.285151467e+01  1.272997395e+01  1.260598600e+01
  1.247964442e+01  1.235104279e+01  1.222027469e+01  1.208743370e+01
  1.195261341e+01  1.181590740e+01  1.167740926e+01  1.153721257e+01
  1.139541090e+01  1.125209785e+01  1.110736700e+01  1.096131193e+01
  1.081402623e+01  1.066560347e+01  1.051613724e+01  1.036572113e+01
  1.021444872e+01  1.006241359e+01  9.909709322e+00  9.756429504e+00
  9.602667717e+00  9.448517545e+00  9.294072572e+00  9.139426379e+00
  8.984672552e+00  8.829904672e+00  8.675216324e+00  8.520701090e+00
  8.366452553e+00  8.212564296e+00  8.059129901e+00  7.906242949e+00
  7.753997022e+00  7.602485698e+00  7.451802553e+00  7.302041160e+00
  7.153295086e+00  7.005657886e+00  6.859223103e+00  6.714084254e+00
  6.570334818e+00  6.428068218e+00  6.287377782e+00  6.148356694e+00
  6.011097914e+00  5.875694044e+00  5.742237131e+00  5.610818348e+00
  5.481527503e+00  5.354452258e+00  5.229676915e+00  5.107280504e+00
  4.987333794e+00  4.869894596e+00  4.755000398e+00  4.642656828e+00
  4.532819562e+00  4.425366024e+00  4.320051176e+00  4.216438755e+00
  4.113794963e+00  4.010925942e+00  3.905933827e+00  3.795862080e+00
  3.676208365e+00  3.540325348e+00  3.378853301e+00  3.179603450e+00
  2.928766172e+00  2.614698143e+00  2.234909433e+00  1.803911501e+00
  1.355357440e+00  9.326420559e-01  5.719478490e-01  2.902394252e-01
  8.538351654e-02
@R ZEFF 101 []
  1.506123664e+00  1.505417223e+00  1.504647985e+00  1.503817110e+00
  1.502925767e+00  1.501975134e+00  1.500966406e+00  1.499900793e+00
  1.498779527e+00  1.497603863e+00  1.496375085e+00  1.495094508e+00
  1.493763483e+00  1.492383397e+00  1.490955681e+00  1.489481809e+00
  1.487963304e+00  1.486401743e+00  1.484798755e+00  1.483156028e+00
  1.481475310e+00  1.479758413e+00  1.478007214e+00  1.476223657e+00
  1.474409757e+00  1.472567599e+00  1.470699339e+00  1.468807205e+00
  1.466893501e+00  1.464960597e+00  1.463010939e+00  1.461047039e+00
  1.459071477e+00  1.457086894e+00  1.455095994e+00  1.453101532e+00
  1.451106315e+00  1.449113188e+00  1.447125036e+00  1.445144766e+00
  1.443175304e+00  1.441219584e+00  1.439280532e+00  1.437361062e+00
  1.435464058e+00  1.433592360e+00  1.431748754e+00  1.429935954e+00
  1.428156592e+00  1.426413198e+00  1.424708186e+00  1.423043843e+00
  1.421422313e+00  1.419845581e+00  1.418315462e+00  1.416833593e+00
  1.415401414e+00  1.414020167e+00  1.412690885e+00  1.411414384e+00
  1.410191265e+00  1.409021907e+00  1.407906469e+00  1.406844891e+00
  1.405836902e+00  1.404882023e+00  1.403979574e+00  1.403128688e+00
  1.402328320e+00  1.401577261e+00  1.400874149e+00  1.400217491e+00
  1.399605667e+00  1.399036955e+00  1.398509542e+00  1.398021533e+00
  1.397570967e+00  1.397155825e+00  1.396774028e+00  1.396423439e+00
  1.396101850e+00  1.395806953e+00  1.395536306e+00  1.395287266e+00
  1.395056902e+00  1.394841885e+00  1.394638358e+00  1.394441864e+00
  1.394247435e+00  1.394050138e+00  1.393846547e+00  1.393637588e+00
  1.393432419e+00  1.393250331e+00  1.393114754e+00  1.393037573e+00
  1.393007602e+00  1.393000758e+00  1.393000024e+00  1.393000000e+00
  1.393000000e+00
@R OMEGA 101 []
  5.000000000e+03  4.992501875e+03  4.978801804e+03  4.961079526e+03
  4.940120160e+03  4.916382264e+03  4.890178959e+03  4.861743180e+03
  4.831258024e+03  4.798873089e+03  4.764714177e+03  4.728889466e+03
  4.691493659e+03  4.652610886e+03  4.612316799e+03  4.570680145e+03
  4.527763951e+03  4.483626454e+03  4.438321832e+03  4.391900796e+03
  4.344411068e+03  4.295897774e+03  4.246403778e+03  4.195969955e+03
  4.144635428e+03  4.092437767e+03  4.039413164e+03  3.985596584e+03
  3.931021896e+03  3.875721988e+03  3.819728870e+03  3.763073767e+03
  3.705787199e+03  3.647899055e+03  3.589438660e+03  3.530434837e+03
  3.470915960e+03  3.410910006e+03  3.350444605e+03  3.289547080e+03
  3.228244492e+03  3.166563674e+03  3.104531273e+03  3.042173783e+03
  2.979517575e+03  2.916588934e+03  2.853414088e+03  2.790019238e+03
  2.726430588e+03  2.662674375e+03  2.598776897e+03  2.534764544e+03
  2.470663824e+03  2.406501396e+03  2.342304099e+03  2.278098979e+03
  2.213913327e+03  2.149774707e+03  2.085710992e+03  2.021750397e+03
  1.957921519e+03  1.894253376e+03  1.830775447e+03  1.767517715e+03
  1.704510722e+03  1.641785608e+03  1.579374179e+03  1.517308956e+03
  1.455623246e+03  1.394351213e+03  1.333527952e+03  1.273189580e+03
  1.213373329e+03  1.154117653e+03  1.095462349e+03  1.037448686e+03
  9.801195629e+02  9.235196753e+02  8.676957162e+02  8.126966008e+02
  7.585737302e+02  7.053812976e+02  6.531766492e+02  6.020207128e+02
  5.519785103e+02  5.031197796e+02  4.555197357e+02  4.092600162e+02
  3.644298727e+02  3.211276991e+02  2.794630303e+02  2.395592200e+02
  2.015571260e+02  1.656203590e+02  1.319430748e+02  1.007621703e+02
  7.237775876e+01  4.719105135e+01  2.578549737e+01  9.151104569e+00
  0.000000000e+00
@R Q 101 []
  0.000000000e+00  0.000000000e+00  0.000000000e+00  0.000000000e+00
  0.000000000e+00  0.000000000e+00  0.000000000e+00  0.000000000e+00
  0.000000000e+00  0.000000000e+00  0.000000000e+00  0.000000000e+00
  0.000000000e+00  0.000000000e+00  0.000000000e+00  0.000000000e+00
  0.000000000e+00  0.000000000e+00  0.000000000e+00  0.000000000e+00
  0.000000000e+00  0.000000000e+00  0.000000000e+00  0.000000000e+00
  0.000000000e+00  0.000000000e+00  0.000000000e+00  0.000000000e+00
  0.000000000e+00  0.000000000e+00  0.000000000e+00  0.000000000e+00
  0.000000000e+00  0.000000000e+00  0.000000000e+00  0.000000000e+00
  0.000000000e+00  0.000000000e+00  0.000000000e+00  0.000000000e+00
  0.000000000e+00  0.000000000e+00  0.000000000e+00  0.000000000e+00
  0.000000000e+00  0.000000000e+00  0.000000000e+00  0.000000000e+00
  0.000000000e+00  0.000000000e+00  0.000000000e+00  0.000000000e+00
  0.000000000e+00  0.000000000e+00  0.000000000e+00  0.000000000e+00
  0.000000000e+00  0.000000000e+00  0.000000000e+00  0.000000000e+00
  0.000000000e+00  0.000000000e+00  0.000000000e+00  0.000000000e+00
  0.000000000e+00  0.000000000e+00  0.000000000e+00  0.000000000e+00
  0.000000000e+00  0.000000000e+00  0.000000000e+00  0.000000000e+00
  0.000000000e+00  0.000000000e+00  0.000000000e+00  0.000000000e+00
  0.000000000e+00  0.000000000e+00  0.000000000e+00  0.000000000e+00
  0.000000000e+00  0.000000000e+00  0.000000000e+00  0.000000000e+00
  0.000000000e+00  0.000000000e+00  0.000000000e+00  0.000000000e+00
  0.000000000e+00  0.000000000e+00  0.000000000e+00  0.000000000e+00
  0.000000000e+00  0.000000000e+00  0.000000000e+00  0.000000000e+00
  0.000000000e+00  0.000000000e+00  0.000000000e+00  0.000000000e+00
  0.000000000e+00
@R FP 101 []
  0.000000000e+00  0.000000000e+00  0.000000000e+00  0.000000000e+00
  0.000000000e+00  0.000000000e+00  0.000000000e+00  0.000000000e+00
  0.000000000e+00  0.000000000e+00  0.000000000e+00  0.000000000e+00
  0.000000000e+00  0.000000000e+00  0.000000000e+00  0.000000000e+00
  0.000000000e+00  0.000000000e+00  0.000000000e+00  0.000000000e+00
  0.000000000e+00  0.000000000e+00  0.000000000e+00  0.000000000e+00
  0.000000000e+00  0.000000000e+00  0.000000000e+00  0.000000000e+00
  0.000000000e+00  0.000000000e+00  0.000000000e+00  0.000000000e+00
  0.000000000e+00  0.000000000e+00  0.000000000e+00  0.000000000e+00
  0.000000000e+00  0.000000000e+00  0.000000000e+00  0.000000000e+00
  0.000000000e+00  0.000000000e+00  0.000000000e+00  0.000000000e+00
  0.000000000e+00  0.000000000e+00  0.000000000e+00  0.000000000e+00
  0.000000000e+00  0.000000000e+00  0.000000000e+00  0.000000000e+00
  0.000000000e+00  0.000000000e+00  0.000000000e+00  0.000000000e+00
  0.000000000e+00  0.000000000e+00  0.000000000e+00  0.000000000e+00
  0.000000000e+00  0.000000000e+00  0.000000000e+00  0.000000000e+00
  0.000000000e+00  0.000000000e+00  0.000000000e+00  0.000000000e+00
  0.000000000e+00  0.000000000e+00  0.000000000e+00  0.000000000e+00
  0.000000000e+00  0.000000000e+00  0.000000000e+00  0.000000000e+00
  0.000000000e+00  0.000000000e+00  0.000000000e+00  0.000000000e+00
  0.000000000e+00  0.000000000e+00  0.000000000e+00  0.000000000e+00
  0.000000000e+00  0.000000000e+00  0.000000000e+00  0.000000000e+00
  0.000000000e+00  0.000000000e+00  0.000000000e+00  0.000000000e+00
  0.000000000e+00  0.000000000e+00  0.000000000e+00  0.000000000e+00
  0.000000000e+00  0.000000000e+00  0.000000000e+00  0.000000000e+00
  0.000000000e+00
@R CURPAR 101 []
  6.551239014e-01  6.619449031e-01  6.689631080e-01  6.761689739e-01
  6.835529588e-01  6.911055206e-01  6.988171171e-01  7.066782064e-01
  7.146792462e-01  7.228106945e-01  7.310630093e-01  7.394266485e-01
  7.478920699e-01  7.564497314e-01  7.650900911e-01  7.738036068e-01
  7.825807363e-01  7.914119377e-01  8.002876689e-01  8.091983876e-01
  8.181345520e-01  8.270866198e-01  8.360450490e-01  8.450002976e-01
  8.539428233e-01  8.628630842e-01  8.717515381e-01  8.805986430e-01
  8.893948567e-01  8.981306372e-01  9.067964424e-01  9.153827303e-01
  9.238799586e-01  9.322785854e-01  9.405690686e-01  9.487418660e-01
  9.567874355e-01  9.646962352e-01  9.724587229e-01  9.800653564e-01
  9.875065939e-01  9.947728930e-01  1.001854712e+00  1.008742508e+00
  1.015426740e+00  1.021897865e+00  1.028146342e+00  1.034162628e+00
  1.039937180e+00  1.045460458e+00  1.050722919e+00  1.055715021e+00
  1.060427222e+00  1.064849979e+00  1.068973751e+00  1.072788995e+00
  1.076286170e+00  1.079455733e+00  1.082288143e+00  1.084773856e+00
  1.086903332e+00  1.088667028e+00  1.090055401e+00  1.091058911e+00
  1.091668014e+00  1.091873169e+00  1.087032523e+00  1.073143779e+00
  1.051156724e+00  1.022021148e+00  9.866868399e-01  9.461035877e-01
  9.012211804e-01  8.529894069e-01  8.023580558e-01  7.502769160e-01
  6.976957762e-01  6.455644252e-01  5.948326516e-01  5.464502444e-01
  5.013669921e-01  4.605326837e-01  4.248971078e-01  3.954100533e-01
  3.730213088e-01  3.586806631e-01  3.770602255e-01  4.077773392e-01
  4.558567925e-01  5.270088275e-01  6.259146653e-01  7.523572913e-01
  8.948703854e-01  1.024547936e+00  1.096667888e+00  1.067419071e+00
  9.237207036e-01  6.914690328e-01  4.391237237e-01  2.161573695e-01
  8.620062188e-03
@R CURBEAM 101 []
  0.000000000e+00  0.000000000e+00  0.000000000e+00  0.000000000e+00
  0.000000000e+00  0.000000000e+00  0.000000000e+00  0.000000000e+00
  0.000000000e+00  0.000000000e+00  0.000000000e+00  0.000000000e+00
  0.000000000e+00  0.000000000e+00  0.000000000e+00  0.000000000e+00
  0.000000000e+00  0.000000000e+00  0.000000000e+00  0.000000000e+00
  0.000000000e+00  0.000000000e+00  0.000000000e+00  0.000000000e+00
  0.000000000e+00  0.000000000e+00  0.000000000e+00  0.000000000e+00
  0.000000000e+00  0.000000000e+00  0.000000000e+00  0.000000000e+00
  0.000000000e+00  0.000000000e+00  0.000000000e+00  0.000000000e+00
  0.000000000e+00  0.000000000e+00  0.000000000e+00  0.000000000e+00
  0.000000000e+00  0.000000000e+00  0.000000000e+00  0.000000000e+00
  0.000000000e+00  0.000000000e+00  0.000000000e+00  0.000000000e+00
  0.000000000e+00  0.000000000e+00  0.000000000e+00  0.000000000e+00
  0.000000000e+00  0.000000000e+00  0.000000000e+00  0.000000000e+00
  0.000000000e+00  0.000000000e+00  0.000000000e+00  0.000000000e+00
  0.000000000e+00  0.000000000e+00  0.000000000e+00  0.000000000e+00
  0.000000000e+00  0.000000000e+00  0.000000000e+00  0.000000000e+00
  0.000000000e+00  0.000000000e+00  0.000000000e+00  0.000000000e+00
  0.000000000e+00  0.000000000e+00  0.000000000e+00  0.000000000e+00
  0.000000000e+00  0.000000000e+00  0.000000000e+00  0.000000000e+00
  0.000000000e+00  0.000000000e+00  0.000000000e+00  0.000000000e+00
  0.000000000e+00  0.000000000e+00  0.000000000e+00  0.000000000e+00
  0.000000000e+00  0.000000000e+00  0.000000000e+00  0.000000000e+00
  0.000000000e+00  0.000000000e+00  0.000000000e+00  0.000000000e+00
  0.000000000e+00  0.000000000e+00  0.000000000e+00  0.000000000e+00
  0.000000000e+00
@R CURRF 101 []
  0.000000000e+00  0.000000000e+00  0.000000000e+00  0.000000000e+00
  0.000000000e+00  0.000000000e+00  0.000000000e+00  0.000000000e+00
  0.000000000e+00  0.000000000e+00  0.000000000e+00  0.000000000e+00
  0.000000000e+00  0.000000000e+00  0.000000000e+00  0.000000000e+00
  0.000000000e+00  0.000000000e+00  0.000000000e+00  0.000000000e+00
  0.000000000e+00  0.000000000e+00  0.000000000e+00  0.000000000e+00
  0.000000000e+00  0.000000000e+00  0.000000000e+00  0.000000000e+00
  0.000000000e+00  0.000000000e+00  0.000000000e+00  0.000000000e+00
  0.000000000e+00  0.000000000e+00  0.000000000e+00  0.000000000e+00
  0.000000000e+00  0.000000000e+00  0.000000000e+00  0.000000000e+00
  0.000000000e+00  0.000000000e+00  0.000000000e+00  0.000000000e+00
  0.000000000e+00  0.000000000e+00  0.000000000e+00  0.000000000e+00
  0.000000000e+00  0.000000000e+00  0.000000000e+00  0.000000000e+00
  0.000000000e+00  0.000000000e+00  0.000000000e+00  0.000000000e+00
  0.000000000e+00  0.000000000e+00  0.000000000e+00  0.000000000e+00
  0.000000000e+00  0.000000000e+00  0.000000000e+00  0.000000000e+00
  0.000000000e+00  0.000000000e+00  0.000000000e+00  0.000000000e+00
  0.000000000e+00  0.000000000e+00  0.000000000e+00  0.000000000e+00
  0.000000000e+00  0.000000000e+00  0.000000000e+00  0.000000000e+00
  0.000000000e+00  0.000000000e+00  0.000000000e+00  0.000000000e+00
  0.000000000e+00  0.000000000e+00  0.000000000e+00  0.000000000e+00
  0.000000000e+00  0.000000000e+00  0.000000000e+00  0.000000000e+00
  0.000000000e+00  0.000000000e+00  0.000000000e+00  0.000000000e+00
  0.000000000e+00  0.000000000e+00  0.000000000e+00  0.000000000e+00
  0.000000000e+00  0.000000000e+00  0.000000000e+00  0.000000000e+00
  0.000000000e+00
@R CURBOOT 101 []
  3.192345650e-01  4.788518476e-01  6.446964695e-01  6.457418273e-01
  6.345231819e-01  6.234441051e-01  6.145114979e-01  6.077008178e-01
  6.026112886e-01  5.988382801e-01  5.960488925e-01  5.939844334e-01
  5.924474450e-01  5.912879117e-01  5.903917344e-01  5.896708492e-01
  5.890569119e-01  5.884975341e-01  5.879517724e-01  5.873873050e-01
  5.867787523e-01  5.861056460e-01  5.853516241e-01  5.845039048e-01
  5.835529709e-01  5.824910883e-01  5.813113172e-01  5.800081104e-01
  5.785767221e-01  5.770133998e-01  5.753157287e-01  5.734822944e-01
  5.715124149e-01  5.694059260e-01  5.671633019e-01  5.647852020e-01
  5.622724731e-01  5.596264520e-01  5.568485368e-01  5.539403185e-01
  5.509034739e-01  5.477396820e-01  5.444508519e-01  5.410388433e-01
  5.375055688e-01  5.338528900e-01  5.300826908e-01  5.261969851e-01
  5.221975509e-01  5.180862642e-01  5.138650400e-01  5.095355724e-01
  5.050996973e-01  5.005591479e-01  4.959155593e-01  4.911706111e-01
  4.863258767e-01  4.813829488e-01  4.763433027e-01  4.712083288e-01
  4.659795533e-01  4.606584029e-01  4.552462453e-01  4.497445375e-01
  4.441547738e-01  4.384785550e-01  4.327177465e-01  4.268746117e-01
  4.209518297e-01  4.149529515e-01  4.088830031e-01  4.027490087e-01
  3.965610621e-01  3.903339871e-01  3.840895918e-01  3.778600846e-01
  3.716936620e-01  3.656631763e-01  3.598790630e-01  3.545086798e-01
  3.498047726e-01  3.461477953e-01  3.441101278e-01  3.445537267e-01
  3.487714703e-01  3.586806631e-01  3.770602255e-01  4.077773392e-01
  4.558567925e-01  5.270088275e-01  6.259146653e-01  7.523572913e-01
  8.948703854e-01  1.024547936e+00  1.096667888e+00  1.067419071e+00
  9.237207036e-01  6.914690328e-01  4.391237237e-01  2.161573695e-01
  8.620062188e-03
@R ENBEAM 101 []
  0.000000000e+00  0.000000000e+00  0.000000000e+00  0.000000000e+00
  0.000000000e+00  0.000000000e+00  0.000000000e+00  0.000000000e+00
  0.000000000e+00  0.000000000e+00  0.000000000e+00  0.000000000e+00
  0.000000000e+00  0.000000000e+00  0.000000000e+00  0.000000000e+00
  0.000000000e+00  0.000000000e+00  0.000000000e+00  0.000000000e+00
  0.000000000e+00  0.000000000e+00  0.000000000e+00  0.000000000e+00
  0.000000000e+00  0.000000000e+00  0.000000000e+00  0.000000000e+00
  0.000000000e+00  0.000000000e+00  0.000000000e+00  0.000000000e+00
  0.000000000e+00  0.000000000e+00  0.000000000e+00  0.000000000e+00
  0.000000000e+00  0.000000000e+00  0.000000000e+00  0.000000000e+00
  0.000000000e+00  0.000000000e+00  0.000000000e+00  0.000000000e+00
  0.000000000e+00  0.000000000e+00  0.000000000e+00  0.000000000e+00
  0.000000000e+00  0.000000000e+00  0.000000000e+00  0.000000000e+00
  0.000000000e+00  0.000000000e+00  0.000000000e+00  0.000000000e+00
  0.000000000e+00  0.000000000e+00  0.000000000e+00  0.000000000e+00
  0.000000000e+00  0.000000000e+00  0.000000000e+00  0.000000000e+00
  0.000000000e+00  0.000000000e+00  0.000000000e+00  0.000000000e+00
  0.000000000e+00  0.000000000e+00  0.000000000e+00  0.000000000e+00
  0.000000000e+00  0.000000000e+00  0.000000000e+00  0.000000000e+00
  0.000000000e+00  0.000000000e+00  0.000000000e+00  0.000000000e+00
  0.000000000e+00  0.000000000e+00  0.000000000e+00  0.000000000e+00
  0.000000000e+00  0.000000000e+00  0.000000000e+00  0.000000000e+00
  0.000000000e+00  0.000000000e+00  0.000000000e+00  0.000000000e+00
  0.000000000e+00  0.000000000e+00  0.000000000e+00  0.000000000e+00
  0.000000000e+00  0.000000000e+00  0.000000000e+00  0.000000000e+00
  0.000000000e+00
@R WBEAM 101 []
  0.000000000e+00  0.000000000e+00  0.000000000e+00  0.000000000e+00
  0.000000000e+00  0.000000000e+00  0.000000000e+00  0.000000000e+00
  0.000000000e+00  0.000000000e+00  0.000000000e+00  0.000000000e+00
  0.000000000e+00  0.000000000e+00  0.000000000e+00  0.000000000e+00
  0.000000000e+00  0.000000000e+00  0.000000000e+00  0.000000000e+00
  0.000000000e+00  0.000000000e+00  0.000000000e+00  0.000000000e+00
  0.000000000e+00  0.000000000e+00  0.000000000e+00  0.000000000e+00
  0.000000000e+00  0.000000000e+00  0.000000000e+00  0.000000000e+00
  0.000000000e+00  0.000000000e+00  0.000000000e+00  0.000000000e+00
  0.000000000e+00  0.000000000e+00  0.000000000e+00  0.000000000e+00
  0.000000000e+00  0.000000000e+00  0.000000000e+00  0.000000000e+00
  0.000000000e+00  0.000000000e+00  0.000000000e+00  0.000000000e+00
  0.000000000e+00  0.000000000e+00  0.000000000e+00  0.000000000e+00
  0.000000000e+00  0.000000000e+00  0.000000000e+00  0.000000000e+00
  0.000000000e+00  0.000000000e+00  0.000000000e+00  0.000000000e+00
  0.000000000e+00  0.000000000e+00  0.000000000e+00  0.000000000e+00
  0.000000000e+00  0.000000000e+00  0.000000000e+00  0.000000000e+00
  0.000000000e+00  0.000000000e+00  0.000000000e+00  0.000000000e+00
  0.000000000e+00  0.000000000e+00  0.000000000e+00  0.000000000e+00
  0.000000000e+00  0.000000000e+00  0.000000000e+00  0.000000000e+00
  0.000000000e+00  0.000000000e+00  0.000000000e+00  0.000000000e+00
  0.000000000e+00  0.000000000e+00  0.000000000e+00  0.000000000e+00
  0.000000000e+00  0.000000000e+00  0.000000000e+00  0.000000000e+00
  0.000000000e+00  0.000000000e+00  0.000000000e+00  0.000000000e+00
  0.000000000e+00  0.000000000e+00  0.000000000e+00  0.000000000e+00
  0.000000000e+00
@R QBEAME 101 []
  0.000000000e+00  0.000000000e+00  0.000000000e+00  0.000000000e+00
  0.000000000e+00  0.000000000e+00  0.000000000e+00  0.000000000e+00
  0.000000000e+00  0.000000000e+00  0.000000000e+00  0.000000000e+00
  0.000000000e+00  0.000000000e+00  0.000000000e+00  0.000000000e+00
  0.000000000e+00  0.000000000e+00  0.000000000e+00  0.000000000e+00
  0.000000000e+00  0.000000000e+00  0.000000000e+00  0.000000000e+00
  0.000000000e+00  0.000000000e+00  0.000000000e+00  0.000000000e+00
  0.000000000e+00  0.000000000e+00  0.000000000e+00  0.000000000e+00
  0.000000000e+00  0.000000000e+00  0.000000000e+00  0.000000000e+00
  0.000000000e+00  0.000000000e+00  0.000000000e+00  0.000000000e+00
  0.000000000e+00  0.000000000e+00  0.000000000e+00  0.000000000e+00
  0.000000000e+00  0.000000000e+00  0.000000000e+00  0.000000000e+00
  0.000000000e+00  0.000000000e+00  0.000000000e+00  0.000000000e+00
  0.000000000e+00  0.000000000e+00  0.000000000e+00  0.000000000e+00
  0.000000000e+00  0.000000000e+00  0.000000000e+00  0.000000000e+00
  0.000000000e+00  0.000000000e+00  0.000000000e+00  0.000000000e+00
  0.000000000e+00  0.000000000e+00  0.000000000e+00  0.000000000e+00
  0.000000000e+00  0.000000000e+00  0.000000000e+00  0.000000000e+00
  0.000000000e+00  0.000000000e+00  0.000000000e+00  0.000000000e+00
  0.000000000e+00  0.000000000e+00  0.000000000e+00  0.000000000e+00
  0.000000000e+00  0.000000000e+00  0.000000000e+00  0.000000000e+00
  0.000000000e+00  0.000000000e+00  0.000000000e+00  0.000000000e+00
  0.000000000e+00  0.000000000e+00  0.000000000e+00  0.000000000e+00
  0.000000000e+00  0.000000000e+00  0.000000000e+00  0.000000000e+00
  0.000000000e+00  0.000000000e+00  0.000000000e+00  0.000000000e+00
  0.000000000e+00
@R QBEAMI 101 []
  0.000000000e+00  0.000000000e+00  0.000000000e+00  0.000000000e+00
  0.000000000e+00  0.000000000e+00  0.000000000e+00  0.000000000e+00
  0.000000000e+00  0.000000000e+00  0.000000000e+00  0.000000000e+00
  0.000000000e+00  0.000000000e+00  0.000000000e+00  0.000000000e+00
  0.000000000e+00  0.000000000e+00  0.000000000e+00  0.000000000e+00
  0.000000000e+00  0.000000000e+00  0.000000000e+00  0.000000000e+00
  0.000000000e+00  0.000000000e+00  0.000000000e+00  0.000000000e+00
  0.000000000e+00  0.000000000e+00  0.000000000e+00  0.000000000e+00
  0.000000000e+00  0.000000000e+00  0.000000000e+00  0.000000000e+00
  0.000000000e+00  0.000000000e+00  0.000000000e+00  0.000000000e+00
  0.000000000e+00  0.000000000e+00  0.000000000e+00  0.000000000e+00
  0.000000000e+00  0.000000000e+00  0.000000000e+00  0.000000000e+00
  0.000000000e+00  0.000000000e+00  0.000000000e+00  0.000000000e+00
  0.000000000e+00  0.000000000e+00  0.000000000e+00  0.000000000e+00
  0.000000000e+00  0.000000000e+00  0.000000000e+00  0.000000000e+00
  0.000000000e+00  0.000000000e+00  0.000000000e+00  0.000000000e+00
  0.000000000e+00  0.000000000e+00  0.000000000e+00  0.000000000e+00
  0.000000000e+00  0.000000000e+00  0.000000000e+00  0.000000000e+00
  0.000000000e+00  0.000000000e+00  0.000000000e+00  0.000000000e+00
  0.000000000e+00  0.000000000e+00  0.000000000e+00  0.000000000e+00
  0.000000000e+00  0.000000000e+00  0.000000000e+00  0.000000000e+00
  0.000000000e+00  0.000000000e+00  0.000000000e+00  0.000000000e+00
  0.000000000e+00  0.000000000e+00  0.000000000e+00  0.000000000e+00
  0.000000000e+00  0.000000000e+00  0.000000000e+00  0.000000000e+00
  0.000000000e+00  0.000000000e+00  0.000000000e+00  0.000000000e+00
  0.000000000e+00
@R ENALP 101 []
  0.000000000e+00  0.000000000e+00  0.000000000e+00  0.000000000e+00
  0.000000000e+00  0.000000000e+00  0.000000000e+00  0.000000000e+00
  0.000000000e+00  0.000000000e+00  0.000000000e+00  0.000000000e+00
  0.000000000e+00  0.000000000e+00  0.000000000e+00  0.000000000e+00
  0.000000000e+00  0.000000000e+00  0.000000000e+00  0.000000000e+00
  0.000000000e+00  0.000000000e+00  0.000000000e+00  0.000000000e+00
  0.000000000e+00  0.000000000e+00  0.000000000e+00  0.000000000e+00
  0.000000000e+00  0.000000000e+00  0.000000000e+00  0.000000000e+00
  0.000000000e+00  0.000000000e+00  0.000000000e+00  0.000000000e+00
  0.000000000e+00  0.000000000e+00  0.000000000e+00  0.000000000e+00
  0.000000000e+00  0.000000000e+00  0.000000000e+00  0.000000000e+00
  0.000000000e+00  0.000000000e+00  0.000000000e+00  0.000000000e+00
  0.000000000e+00  0.000000000e+00  0.000000000e+00  0.000000000e+00
  0.000000000e+00  0.000000000e+00  0.000000000e+00  0.000000000e+00
  0.000000000e+00  0.000000000e+00  0.000000000e+00  0.000000000e+00
  0.000000000e+00  0.000000000e+00  0.000000000e+00  0.000000000e+00
  0.000000000e+00  0.000000000e+00  0.000000000e+00  0.000000000e+00
  0.000000000e+00  0.000000000e+00  0.000000000e+00  0.000000000e+00
  0.000000000e+00  0.000000000e+00  0.000000000e+00  0.000000000e+00
  0.000000000e+00  0.000000000e+00  0.000000000e+00  0.000000000e+00
  0.000000000e+00  0.000000000e+00  0.000000000e+00  0.000000000e+00
  0.000000000e+00  0.000000000e+00  0.000000000e+00  0.000000000e+00
  0.000000000e+00  0.000000000e+00  0.000000000e+00  0.000000000e+00
  0.000000000e+00  0.000000000e+00  0.000000000e+00  0.000000000e+00
  0.000000000e+00  0.000000000e+00  0.000000000e+00  0.000000000e+00
  0.000000000e+00
@R WALP 101 []
  0.000000000e+00  0.000000000e+00  0.000000000e+00  0.000000000e+00
  0.000000000e+00  0.000000000e+00  0.000000000e+00  0.000000000e+00
  0.000000000e+00  0.000000000e+00  0.000000000e+00  0.000000000e+00
  0.000000000e+00  0.000000000e+00  0.000000000e+00  0.000000000e+00
  0.000000000e+00  0.000000000e+00  0.000000000e+00  0.000000000e+00
  0.000000000e+00  0.000000000e+00  0.000000000e+00  0.000000000e+00
  0.000000000e+00  0.000000000e+00  0.000000000e+00  0.000000000e+00
  0.000000000e+00  0.000000000e+00  0.000000000e+00  0.000000000e+00
  0.000000000e+00  0.000000000e+00  0.000000000e+00  0.000000000e+00
  0.000000000e+00  0.000000000e+00  0.000000000e+00  0.000000000e+00
  0.000000000e+00  0.000000000e+00  0.000000000e+00  0.000000000e+00
  0.000000000e+00  0.000000000e+00  0.000000000e+00  0.000000000e+00
  0.000000000e+00  0.000000000e+00  0.000000000e+00  0.000000000e+00
  0.000000000e+00  0.000000000e+00  0.000000000e+00  0.000000000e+00
  0.000000000e+00  0.000000000e+00  0.000000000e+00  0.000000000e+00
  0.000000000e+00  0.000000000e+00  0.000000000e+00  0.000000000e+00
  0.000000000e+00  0.000000000e+00  0.000000000e+00  0.000000000e+00
  0.000000000e+00  0.000000000e+00  0.000000000e+00  0.000000000e+00
  0.000000000e+00  0.000000000e+00  0.000000000e+00  0.000000000e+00
  0.000000000e+00  0.000000000e+00  0.000000000e+00  0.000000000e+00
  0.000000000e+00  0.000000000e+00  0.000000000e+00  0.000000000e+00
  0.000000000e+00  0.000000000e+00  0.000000000e+00  0.000000000e+00
  0.000000000e+00  0.000000000e+00  0.000000000e+00  0.000000000e+00
  0.000000000e+00  0.000000000e+00  0.000000000e+00  0.000000000e+00
  0.000000000e+00  0.000000000e+00  0.000000000e+00  0.000000000e+00
  0.000000000e+00
@R QTFUSE 101 []
  1.204150317e+00  1.196648857e+00  1.188499841e+00  1.179713392e+00
  1.170299678e+00  1.160268958e+00  1.149631626e+00  1.138398257e+00
  1.126579656e+00  1.114186903e+00  1.101231399e+00  1.087724915e+00
  1.073679640e+00  1.059108226e+00  1.044023839e+00  1.028440198e+00
  1.012371630e+00  9.958331124e-01  9.788403084e-01  9.614096201e-01
  9.435582213e-01  9.253040966e-01  9.066660782e-01  8.876638730e-01
  8.683180916e-01  8.486502741e-01  8.286829031e-01  8.084394156e-01
  7.879442149e-01  7.672226642e-01  7.463010769e-01  7.252067026e-01
  7.039677001e-01  6.826131009e-01  6.611727645e-01  6.396773192e-01
  6.181580985e-01  5.966470581e-01  5.751766851e-01  5.537798980e-01
  5.324899269e-01  5.113401951e-01  4.903641693e-01  4.695952223e-01
  4.490664693e-01  4.288106025e-01  4.088597169e-01  3.892451311e-01
  3.699972028e-01  3.511451447e-01  3.327168383e-01  3.147386529e-01
  2.972352699e-01  2.802295126e-01  2.637421910e-01  2.477919570e-01
  2.323951774e-01  2.175658241e-01  2.033153870e-01  1.896528077e-01
  1.765844390e-01  1.641140274e-01  1.522427244e-01  1.409691215e-01
  1.302893123e-01  1.201969782e-01  1.106834976e-01  1.017380769e-01
  9.334789850e-02  8.549828609e-02  7.817288014e-02  7.135382204e-02
  6.502194103e-02  5.915693928e-02  5.373756854e-02  4.874179159e-02
  4.414692008e-02  3.992971775e-02  3.606645617e-02  3.253290520e-02
  2.930423585e-02  2.635480760e-02  2.365780708e-02  2.118470673e-02
  1.890453246e-02  1.678299723e-02  1.478173506e-02  1.285826891e-02
  1.096812669e-02  9.071761454e-03  7.150056134e-03  5.230562801e-03
  3.416162705e-03  1.884550844e-03  8.135654816e-04  2.479575694e-04
  4.627203209e-05  4.236491419e-06  1.233380142e-07  3.473740902e-10
  1.780529601e-16
@R QTFUSI 101 []
  4.894370392e-01  4.849470798e-01  4.800812212e-01  4.748511562e-01
  4.692688659e-01  4.633466167e-01  4.570969551e-01  4.505327074e-01
  4.436669736e-01  4.365131266e-01  4.290848055e-01  4.213959144e-01
  4.134606142e-01  4.052933192e-01  3.969086909e-01  3.883216272e-01
  3.795472572e-01  3.706009295e-01  3.614981988e-01  3.522548149e-01
  3.428867060e-01  3.334099616e-01  3.238408131e-01  3.141956120e-01
  3.044908055e-01  2.947429111e-01  2.849684854e-01  2.751840924e-01
  2.654062708e-01  2.556514945e-01  2.459361316e-01  2.362764032e-01
  2.266883365e-01  2.171877167e-01  2.077900360e-01  1.985104404e-01
  1.893636763e-01  1.803640322e-01  1.715252820e-01  1.628606282e-01
  1.543826408e-01  1.461032028e-01  1.380334500e-01  1.301837190e-01
  1.225634935e-01  1.151813548e-01  1.080449380e-01  1.011608907e-01
  9.453483943e-02  8.817136128e-02  8.207396271e-02  7.624506676e-02
  7.068600826e-02  6.539703718e-02  6.037733191e-02  5.562502121e-02
  5.113721535e-02  4.691004628e-02  4.293871671e-02  3.921755707e-02
  3.574009013e-02  3.249910200e-02  2.948671925e-02  2.669449012e-02
  2.411346952e-02  2.173430579e-02  1.954732852e-02  1.754263573e-02
  1.571017933e-02  1.403984752e-02  1.252154295e-02  1.114525564e-02
  9.901129558e-03  8.779522060e-03  7.771055327e-03  6.866659031e-03
  6.057603550e-03  5.335522822e-03  4.692426056e-03  4.120697025e-03
  3.613079544e-03  3.162647458e-03  2.762757400e-03  2.406983742e-03
  2.089038762e-03  1.802690799e-03  1.541715798e-03  1.299964475e-03
  1.071710651e-03  8.525575124e-04  6.412110175e-04  4.420312972e-04
  2.668386040e-04  1.322012351e-04  4.921529827e-05  1.225515060e-05
  1.746392412e-06  1.124873984e-07  2.074838670e-09  3.135941046e-12
  5.501297434e-19
@R QRFE 101 []
  5.914986134e-01  5.911700943e-01  5.901856314e-01  5.885485017e-01
  5.862641467e-01  5.833401420e-01  5.797861561e-01  5.756138962e-01
  5.708370450e-01  5.654711849e-01  5.595337142e-01  5.530437525e-01
  5.460220389e-01  5.384908206e-01  5.304737368e-01  5.219956942e-01
  5.130827391e-01  5.037619241e-01  4.940611718e-01  4.840091365e-01
  4.736350635e-01  4.629686490e-01  4.520399000e-01  4.408789951e-01
  4.295161485e-01  4.179814765e-01  4.063048677e-01  3.945158588e-01
  3.826435143e-01  3.707163137e-01  3.587620442e-01  3.468077009e-01
  3.348793944e-01  3.230022661e-01  3.112004122e-01  2.994968151e-01
  2.879132844e-01  2.764704057e-01  2.651874984e-01  2.540825817e-01
  2.431723498e-01  2.324721540e-01  2.219959945e-01  2.117565185e-01
  2.017650262e-01  1.920314843e-01  1.825645453e-01  1.733715738e-01
  1.644586777e-01  1.558307450e-01  1.474914857e-01  1.394434774e-01
  1.316882145e-01  1.242261610e-01  1.170568061e-01  1.101787210e-01
  1.035896185e-01  9.728641300e-02  9.126528180e-02  8.552172611e-02
  8.005063237e-02  7.484633289e-02  6.990266564e-02  6.521303284e-02
  6.077045805e-02  5.656764151e-02  5.259701342e-02  4.885078511e-02
  4.532099769e-02  4.199956828e-02  3.887833353e-02  3.594909046e-02
  3.320363438e-02  3.063379415e-02  2.823146446e-02  2.598863531e-02
  2.389741873e-02  2.195007267e-02  2.013902226e-02  1.845687845e-02
  1.689645410e-02  1.545077771e-02  1.411310479e-02  1.287692715e-02
  1.173598003e-02  1.068424739e-02  9.715965402e-03  8.825624270e-03
  8.007968568e-03  7.257996188e-03  6.570956048e-03  5.942344685e-03
  5.367901859e-03  4.843605295e-03  4.365664670e-03  3.930514959e-03
  3.534809256e-03  3.175411140e-03  2.849386715e-03  2.553996377e-03
  2.286686402e-03
@R QRFI 101 []
  1.577329636e-01  1.576453585e-01  1.573828350e-01  1.569462671e-01
  1.563371058e-01  1.555573712e-01  1.546096416e-01  1.534970390e-01
  1.522232120e-01  1.507923160e-01  1.492089904e-01  1.474783340e-01
  1.456058770e-01  1.435975522e-01  1.414596631e-01  1.391988518e-01
  1.368220638e-01  1.343365131e-01  1.317496458e-01  1.290691031e-01
  1.263026836e-01  1.234583064e-01  1.205439733e-01  1.175677320e-01
  1.145376396e-01  1.114617271e-01  1.083479647e-01  1.052042290e-01
  1.020382705e-01  9.885768364e-02  9.566987845e-02  9.248205357e-02
  8.930117184e-02  8.613393764e-02  8.298677659e-02  7.986581737e-02
  7.677687585e-02  7.372544153e-02  7.071666624e-02  6.775535513e-02
  6.484595994e-02  6.199257441e-02  5.919893188e-02  5.646840493e-02
  5.380400698e-02  5.120839580e-02  4.868387876e-02  4.623241969e-02
  4.385564738e-02  4.155486533e-02  3.933106286e-02  3.718492730e-02
  3.511685719e-02  3.312697627e-02  3.121514829e-02  2.938099226e-02
  2.762389826e-02  2.594304347e-02  2.433740848e-02  2.280579363e-02
  2.134683530e-02  1.995902210e-02  1.864071084e-02  1.739014209e-02
  1.620545548e-02  1.508470440e-02  1.402587025e-02  1.302687603e-02
  1.208559938e-02  1.119988487e-02  1.036755561e-02  9.586424121e-03
  8.854302501e-03  8.169011773e-03  7.528390522e-03  6.930302750e-03
  6.372644995e-03  5.853352712e-03  5.370405937e-03  4.921834254e-03
  4.505721094e-03  4.120207389e-03  3.763494611e-03  3.433847240e-03
  3.129594674e-03  2.849132638e-03  2.590924107e-03  2.353499805e-03
  2.135458285e-03  1.935465650e-03  1.752254946e-03  1.584625249e-03
  1.431440496e-03  1.291628079e-03  1.164177245e-03  1.048137323e-03
  9.426158015e-04  8.467763040e-04  7.598364575e-04  6.810657006e-04
  6.097830405e-04
@R QRAD 101 []
 -2.193646458e-01 -2.182571915e-01 -2.170611230e-01 -2.157788395e-01
 -2.144127832e-01 -2.129654354e-01 -2.114393142e-01 -2.098369701e-01
 -2.081609834e-01 -2.064139604e-01 -2.045985306e-01 -2.027173430e-01
 -2.007730632e-01 -1.987683701e-01 -1.967059528e-01 -1.945885075e-01
 -1.924187345e-01 -1.901993348e-01 -1.879330077e-01 -1.856224468e-01
 -1.832703385e-01 -1.808793577e-01 -1.784521655e-01 -1.759914062e-01
 -1.734997048e-01 -1.709796639e-01 -1.684338606e-01 -1.658648444e-01
 -1.632751342e-01 -1.606672161e-01 -1.580435397e-01 -1.554065168e-01
 -1.527585180e-01 -1.501018715e-01 -1.474388589e-01 -1.447717146e-01
 -1.421026231e-01 -1.394337166e-01 -1.367670731e-01 -1.341047153e-01
 -1.314486076e-01 -1.288006558e-01 -1.261627047e-01 -1.235365374e-01
 -1.209238737e-01 -1.183263698e-01 -1.157456171e-01 -1.131831419e-01
 -1.106404052e-01 -1.081188024e-01 -1.056196634e-01 -1.031442534e-01
 -1.006937735e-01 -9.826936082e-02 -9.587209064e-02 -9.350297711e-02
 -9.116297501e-02 -8.885298112e-02 -8.657383662e-02 -8.432632871e-02
 -8.211119321e-02 -7.992911599e-02 -7.778073605e-02 -7.566664690e-02
 -7.358739908e-02 -7.154350141e-02 -6.953542236e-02 -6.756359038e-02
 -6.562839331e-02 -6.373017617e-02 -6.186923654e-02 -6.004581666e-02
 -5.826009065e-02 -5.651214448e-02 -5.480194557e-02 -5.312929667e-02
 -5.149376784e-02 -4.989459445e-02 -4.833052735e-02 -4.679961179e-02
 -4.529886228e-02 -4.382378815e-02 -4.236770449e-02 -4.092074348e-02
 -3.946846139e-02 -3.798993453e-02 -3.645528942e-02 -3.482280336e-02
 -3.303618933e-02 -3.102369520e-02 -2.870240036e-02 -2.599324429e-02
 -2.285269497e-02 -1.932021894e-02 -1.556136327e-02 -1.186311495e-02
 -8.548032252e-03 -5.842261816e-03 -3.793986139e-03 -2.291904115e-03
 -1.106219297e-03
@R QOHM 101 []
  0.000000000e+00  0.000000000e+00  0.000000000e+00  0.000000000e+00
  0.000000000e+00  0.000000000e+00  0.000000000e+00  0.000000000e+00
  0.000000000e+00  0.000000000e+00  0.000000000e+00  0.000000000e+00
  0.000000000e+00  0.000000000e+00  0.000000000e+00  0.000000000e+00
  0.000000000e+00  0.000000000e+00  0.000000000e+00  0.000000000e+00
  0.000000000e+00  0.000000000e+00  0.000000000e+00  0.000000000e+00
  0.000000000e+00  0.000000000e+00  0.000000000e+00  0.000000000e+00
  0.000000000e+00  0.000000000e+00  0.000000000e+00  0.000000000e+00
  0.000000000e+00  0.000000000e+00  0.000000000e+00  0.000000000e+00
  0.000000000e+00  0.000000000e+00  0.000000000e+00  0.000000000e+00
  0.000000000e+00  0.000000000e+00  0.000000000e+00  0.000000000e+00
  0.000000000e+00  0.000000000e+00  0.000000000e+00  0.000000000e+00
  0.000000000e+00  0.000000000e+00  0.000000000e+00  0.000000000e+00
  0.000000000e+00  0.000000000e+00  0.000000000e+00  0.000000000e+00
  0.000000000e+00  0.000000000e+00  0.000000000e+00  0.000000000e+00
  0.000000000e+00  0.000000000e+00  0.000000000e+00  0.000000000e+00
  0.000000000e+00  0.000000000e+00  0.000000000e+00  0.000000000e+00
  0.000000000e+00  0.000000000e+00  0.000000000e+00  0.000000000e+00
  0.000000000e+00  0.000000000e+00  0.000000000e+00  0.000000000e+00
  0.000000000e+00  0.000000000e+00  0.000000000e+00  0.000000000e+00
  0.000000000e+00  0.000000000e+00  0.000000000e+00  0.000000000e+00
  0.000000000e+00  0.000000000e+00  0.000000000e+00  0.000000000e+00
  0.000000000e+00  0.000000000e+00  0.000000000e+00  0.000000000e+00
  0.000000000e+00  0.000000000e+00  0.000000000e+00  0.000000000e+00
  0.000000000e+00  0.000000000e+00  0.000000000e+00  0.000000000e+00
  0.000000000e+00
@R QIONE 101 []
  0.000000000e+00  0.000000000e+00  0.000000000e+00  0.000000000e+00
  0.000000000e+00  0.000000000e+00  0.000000000e+00  0.000000000e+00
  0.000000000e+00  0.000000000e+00  0.000000000e+00  0.000000000e+00
  0.000000000e+00  0.000000000e+00  0.000000000e+00  0.000000000e+00
  0.000000000e+00  0.000000000e+00  0.000000000e+00  0.000000000e+00
  0.000000000e+00  0.000000000e+00  0.000000000e+00  0.000000000e+00
  0.000000000e+00  0.000000000e+00  0.000000000e+00  0.000000000e+00
  0.000000000e+00  0.000000000e+00  0.000000000e+00  0.000000000e+00
  0.000000000e+00  0.000000000e+00  0.000000000e+00  0.000000000e+00
  0.000000000e+00  0.000000000e+00  0.000000000e+00  0.000000000e+00
  0.000000000e+00  0.000000000e+00  0.000000000e+00  0.000000000e+00
  0.000000000e+00  0.000000000e+00  0.000000000e+00  0.000000000e+00
  0.000000000e+00  0.000000000e+00  0.000000000e+00  0.000000000e+00
  0.000000000e+00  0.000000000e+00  0.000000000e+00  0.000000000e+00
  0.000000000e+00  0.000000000e+00  0.000000000e+00  0.000000000e+00
  0.000000000e+00  0.000000000e+00  0.000000000e+00  0.000000000e+00
  0.000000000e+00  0.000000000e+00  0.000000000e+00  0.000000000e+00
  0.000000000e+00  0.000000000e+00  0.000000000e+00  0.000000000e+00
  0.000000000e+00  0.000000000e+00  0.000000000e+00  0.000000000e+00
  0.000000000e+00  0.000000000e+00  0.000000000e+00  0.000000000e+00
  0.000000000e+00  0.000000000e+00  0.000000000e+00  0.000000000e+00
  0.000000000e+00  0.000000000e+00  0.000000000e+00  0.000000000e+00
  0.000000000e+00  0.000000000e+00  0.000000000e+00  0.000000000e+00
  0.000000000e+00  0.000000000e+00  0.000000000e+00  0.000000000e+00
  0.000000000e+00  0.000000000e+00  0.000000000e+00  0.000000000e+00
  0.000000000e+00
@R QIONI 101 []
  0.000000000e+00  0.000000000e+00  0.000000000e+00  0.000000000e+00
  0.000000000e+00  0.000000000e+00  0.000000000e+00  0.000000000e+00
  0.000000000e+00  0.000000000e+00  0.000000000e+00  0.000000000e+00
  0.000000000e+00  0.000000000e+00  0.000000000e+00  0.000000000e+00
  0.000000000e+00  0.000000000e+00  0.000000000e+00  0.000000000e+00
  0.000000000e+00  0.000000000e+00  0.000000000e+00  0.000000000e+00
  0.000000000e+00  0.000000000e+00  0.000000000e+00  0.000000000e+00
  0.000000000e+00  0.000000000e+00  0.000000000e+00  0.000000000e+00
  0.000000000e+00  0.000000000e+00  0.000000000e+00  0.000000000e+00
  0.000000000e+00  0.000000000e+00  0.000000000e+00  0.000000000e+00
  0.000000000e+00  0.000000000e+00  0.000000000e+00  0.000000000e+00
  0.000000000e+00  0.000000000e+00  0.000000000e+00  0.000000000e+00
  0.000000000e+00  0.000000000e+00  0.000000000e+00  0.000000000e+00
  0.000000000e+00  0.000000000e+00  0.000000000e+00  0.000000000e+00
  0.000000000e+00  0.000000000e+00  0.000000000e+00  0.000000000e+00
  0.000000000e+00  0.000000000e+00  0.000000000e+00  0.000000000e+00
  0.000000000e+00  0.000000000e+00  0.000000000e+00  0.000000000e+00
  0.000000000e+00  0.000000000e+00  0.000000000e+00  0.000000000e+00
  0.000000000e+00  0.000000000e+00  0.000000000e+00  0.000000000e+00
  0.000000000e+00  0.000000000e+00  0.000000000e+00  0.000000000e+00
  0.000000000e+00  0.000000000e+00  0.000000000e+00  0.000000000e+00
  0.000000000e+00  0.000000000e+00  0.000000000e+00  0.000000000e+00
  0.000000000e+00  0.000000000e+00  0.000000000e+00  0.000000000e+00
  0.000000000e+00  0.000000000e+00  0.000000000e+00  0.000000000e+00
  0.000000000e+00  0.000000000e+00  0.000000000e+00  0.000000000e+00
  0.000000000e+00
@R QCX 101 []
  0.000000000e+00  0.000000000e+00  0.000000000e+00  0.000000000e+00
  0.000000000e+00  0.000000000e+00  0.000000000e+00  0.000000000e+00
  0.000000000e+00  0.000000000e+00  0.000000000e+00  0.000000000e+00
  0.000000000e+00  0.000000000e+00  0.000000000e+00  0.000000000e+00
  0.000000000e+00  0.000000000e+00  0.000000000e+00  0.000000000e+00
  0.000000000e+00  0.000000000e+00  0.000000000e+00  0.000000000e+00
  0.000000000e+00  0.000000000e+00  0.000000000e+00  0.000000000e+00
  0.000000000e+00  0.000000000e+00  0.000000000e+00  0.000000000e+00
  0.000000000e+00  0.000000000e+00  0.000000000e+00  0.000000000e+00
  0.000000000e+00  0.000000000e+00  0.000000000e+00  0.000000000e+00
  0.000000000e+00  0.000000000e+00  0.000000000e+00  0.000000000e+00
  0.000000000e+00  0.000000000e+00  0.000000000e+00  0.000000000e+00
  0.000000000e+00  0.000000000e+00  0.000000000e+00  0.000000000e+00
  0.000000000e+00  0.000000000e+00  0.000000000e+00  0.000000000e+00
  0.000000000e+00  0.000000000e+00  0.000000000e+00  0.000000000e+00
  0.000000000e+00  0.000000000e+00  0.000000000e+00  0.000000000e+00
  0.000000000e+00  0.000000000e+00  0.000000000e+00  0.000000000e+00
  0.000000000e+00  0.000000000e+00  0.000000000e+00  0.000000000e+00
  0.000000000e+00  0.000000000e+00  0.000000000e+00  0.000000000e+00
  0.000000000e+00  0.000000000e+00  0.000000000e+00  0.000000000e+00
  0.000000000e+00  0.000000000e+00  0.000000000e+00  0.000000000e+00
  0.000000000e+00  0.000000000e+00  0.000000000e+00  0.000000000e+00
  0.000000000e+00  0.000000000e+00  0.000000000e+00  0.000000000e+00
  0.000000000e+00  0.000000000e+00  0.000000000e+00  0.000000000e+00
  0.000000000e+00  0.000000000e+00  0.000000000e+00  0.000000000e+00
  0.000000000e+00
@R STORQUEB 101 []
  0.000000000e+00  0.000000000e+00  0.000000000e+00  0.000000000e+00
  0.000000000e+00  0.000000000e+00  0.000000000e+00  0.000000000e+00
  0.000000000e+00  0.000000000e+00  0.000000000e+00  0.000000000e+00
  0.000000000e+00  0.000000000e+00  0.000000000e+00  0.000000000e+00
  0.000000000e+00  0.000000000e+00  0.000000000e+00  0.000000000e+00
  0.000000000e+00  0.000000000e+00  0.000000000e+00  0.000000000e+00
  0.000000000e+00  0.000000000e+00  0.000000000e+00  0.000000000e+00
  0.000000000e+00  0.000000000e+00  0.000000000e+00  0.000000000e+00
  0.000000000e+00  0.000000000e+00  0.000000000e+00  0.000000000e+00
  0.000000000e+00  0.000000000e+00  0.000000000e+00  0.000000000e+00
  0.000000000e+00  0.000000000e+00  0.000000000e+00  0.000000000e+00
  0.000000000e+00  0.000000000e+00  0.000000000e+00  0.000000000e+00
  0.000000000e+00  0.000000000e+00  0.000000000e+00  0.000000000e+00
  0.000000000e+00  0.000000000e+00  0.000000000e+00  0.000000000e+00
  0.000000000e+00  0.000000000e+00  0.000000000e+00  0.000000000e+00
  0.000000000e+00  0.000000000e+00  0.000000000e+00  0.000000000e+00
  0.000000000e+00  0.000000000e+00  0.000000000e+00  0.000000000e+00
  0.000000000e+00  0.000000000e+00  0.000000000e+00  0.000000000e+00
  0.000000000e+00  0.000000000e+00  0.000000000e+00  0.000000000e+00
  0.000000000e+00  0.000000000e+00  0.000000000e+00  0.000000000e+00
  0.000000000e+00  0.000000000e+00  0.000000000e+00  0.000000000e+00
  0.000000000e+00  0.000000000e+00  0.000000000e+00  0.000000000e+00
  0.000000000e+00  0.000000000e+00  0.000000000e+00  0.000000000e+00
  0.000000000e+00  0.000000000e+00  0.000000000e+00  0.000000000e+00
  0.000000000e+00  0.000000000e+00  0.000000000e+00  0.000000000e+00
  0.000000000e+00
@R STORQUE 101 []
  0.000000000e+00  0.000000000e+00  0.000000000e+00  0.000000000e+00
  0.000000000e+00  0.000000000e+00  0.000000000e+00  0.000000000e+00
  0.000000000e+00  0.000000000e+00  0.000000000e+00  0.000000000e+00
  0.000000000e+00  0.000000000e+00  0.000000000e+00  0.000000000e+00
  0.000000000e+00  0.000000000e+00  0.000000000e+00  0.000000000e+00
  0.000000000e+00  0.000000000e+00  0.000000000e+00  0.000000000e+00
  0.000000000e+00  0.000000000e+00  0.000000000e+00  0.000000000e+00
  0.000000000e+00  0.000000000e+00  0.000000000e+00  0.000000000e+00
  0.000000000e+00  0.000000000e+00  0.000000000e+00  0.000000000e+00
  0.000000000e+00  0.000000000e+00  0.000000000e+00  0.000000000e+00
  0.000000000e+00  0.000000000e+00  0.000000000e+00  0.000000000e+00
  0.000000000e+00  0.000000000e+00  0.000000000e+00  0.000000000e+00
  0.000000000e+00  0.000000000e+00  0.000000000e+00  0.000000000e+00
  0.000000000e+00  0.000000000e+00  0.000000000e+00  0.000000000e+00
  0.000000000e+00  0.000000000e+00  0.000000000e+00  0.000000000e+00
  0.000000000e+00  0.000000000e+00  0.000000000e+00  0.000000000e+00
  0.000000000e+00  0.000000000e+00  0.000000000e+00  0.000000000e+00
  0.000000000e+00  0.000000000e+00  0.000000000e+00  0.000000000e+00
  0.000000000e+00  0.000000000e+00  0.000000000e+00  0.000000000e+00
  0.000000000e+00  0.000000000e+00  0.000000000e+00  0.000000000e+00
  0.000000000e+00  0.000000000e+00  0.000000000e+00  0.000000000e+00
  0.000000000e+00  0.000000000e+00  0.000000000e+00  0.000000000e+00
  0.000000000e+00  0.000000000e+00  0.000000000e+00  0.000000000e+00
  0.000000000e+00  0.000000000e+00  0.000000000e+00  0.000000000e+00
  0.000000000e+00  0.000000000e+00  0.000000000e+00  0.000000000e+00
  0.000000000e+00
@R SION 101 []
  0.000000000e+00  0.000000000e+00  0.000000000e+00  0.000000000e+00
  0.000000000e+00  0.000000000e+00  0.000000000e+00  0.000000000e+00
  0.000000000e+00  0.000000000e+00  0.000000000e+00  0.000000000e+00
  0.000000000e+00  0.000000000e+00  0.000000000e+00  0.000000000e+00
  0.000000000e+00  0.000000000e+00  0.000000000e+00  0.000000000e+00
  0.000000000e+00  0.000000000e+00  0.000000000e+00  0.000000000e+00
  0.000000000e+00  0.000000000e+00  0.000000000e+00  0.000000000e+00
  0.000000000e+00  0.000000000e+00  0.000000000e+00  0.000000000e+00
  0.000000000e+00  0.000000000e+00  0.000000000e+00  0.000000000e+00
  0.000000000e+00  0.000000000e+00  0.000000000e+00  0.000000000e+00
  0.000000000e+00  0.000000000e+00  0.000000000e+00  0.000000000e+00
  0.000000000e+00  0.000000000e+00  0.000000000e+00  0.000000000e+00
  0.000000000e+00  0.000000000e+00  0.000000000e+00  0.000000000e+00
  0.000000000e+00  0.000000000e+00  0.000000000e+00  0.000000000e+00
  0.000000000e+00  0.000000000e+00  0.000000000e+00  0.000000000e+00
  0.000000000e+00  0.000000000e+00  0.000000000e+00  0.000000000e+00
  0.000000000e+00  0.000000000e+00  0.000000000e+00  0.000000000e+00
  0.000000000e+00  0.000000000e+00  0.000000000e+00  0.000000000e+00
  0.000000000e+00  0.000000000e+00  0.000000000e+00  0.000000000e+00
  0.000000000e+00  0.000000000e+00  0.000000000e+00  0.000000000e+00
  0.000000000e+00  0.000000000e+00  0.000000000e+00  0.000000000e+00
  0.000000000e+00  0.000000000e+00  0.000000000e+00  0.000000000e+00
  0.000000000e+00  0.000000000e+00  0.000000000e+00  0.000000000e+00
  0.000000000e+00  0.000000000e+00  0.000000000e+00  0.000000000e+00
  0.000000000e+00  0.000000000e+00  0.000000000e+00  0.000000000e+00
  0.000000000e+00
@R CHIE 101 []
  0.000000000e+00  0.000000000e+00  0.000000000e+00  0.000000000e+00
  0.000000000e+00  0.000000000e+00  0.000000000e+00  0.000000000e+00
  0.000000000e+00  0.000000000e+00  0.000000000e+00  0.000000000e+00
  0.000000000e+00  0.000000000e+00  0.000000000e+00  0.000000000e+00
  0.000000000e+00  0.000000000e+00  0.000000000e+00  0.000000000e+00
  0.000000000e+00  0.000000000e+00  0.000000000e+00  0.000000000e+00
  0.000000000e+00  0.000000000e+00  0.000000000e+00  0.000000000e+00
  0.000000000e+00  0.000000000e+00  0.000000000e+00  0.000000000e+00
  0.000000000e+00  0.000000000e+00  0.000000000e+00  0.000000000e+00
  0.000000000e+00  0.000000000e+00  0.000000000e+00  0.000000000e+00
  0.000000000e+00  0.000000000e+00  0.000000000e+00  0.000000000e+00
  0.000000000e+00  0.000000000e+00  0.000000000e+00  0.000000000e+00
  0.000000000e+00  0.000000000e+00  0.000000000e+00  0.000000000e+00
  0.000000000e+00  0.000000000e+00  0.000000000e+00  0.000000000e+00
  0.000000000e+00  0.000000000e+00  0.000000000e+00  0.000000000e+00
  0.000000000e+00  0.000000000e+00  0.000000000e+00  0.000000000e+00
  0.000000000e+00  0.000000000e+00  0.000000000e+00  0.000000000e+00
  0.000000000e+00  0.000000000e+00  0.000000000e+00  0.000000000e+00
  0.000000000e+00  0.000000000e+00  0.000000000e+00  0.000000000e+00
  0.000000000e+00  0.000000000e+00  0.000000000e+00  0.000000000e+00
  0.000000000e+00  0.000000000e+00  0.000000000e+00  0.000000000e+00
  0.000000000e+00  0.000000000e+00  0.000000000e+00  0.000000000e+00
  0.000000000e+00  0.000000000e+00  0.000000000e+00  0.000000000e+00
  0.000000000e+00  0.000000000e+00  0.000000000e+00  0.000000000e+00
  0.000000000e+00  0.000000000e+00  0.000000000e+00  0.000000000e+00
  0.000000000e+00
@R CHII 101 []
  0.000000000e+00  0.000000000e+00  0.000000000e+00  0.000000000e+00
  0.000000000e+00  0.000000000e+00  0.000000000e+00  0.000000000e+00
  0.000000000e+00  0.000000000e+00  0.000000000e+00  0.000000000e+00
  0.000000000e+00  0.000000000e+00  0.000000000e+00  0.000000000e+00
  0.000000000e+00  0.000000000e+00  0.000000000e+00  0.000000000e+00
  0.000000000e+00  0.000000000e+00  0.000000000e+00  0.000000000e+00
  0.000000000e+00  0.000000000e+00  0.000000000e+00  0.000000000e+00
  0.000000000e+00  0.000000000e+00  0.000000000e+00  0.000000000e+00
  0.000000000e+00  0.000000000e+00  0.000000000e+00  0.000000000e+00
  0.000000000e+00  0.000000000e+00  0.000000000e+00  0.000000000e+00
  0.000000000e+00  0.000000000e+00  0.000000000e+00  0.000000000e+00
  0.000000000e+00  0.000000000e+00  0.000000000e+00  0.000000000e+00
  0.000000000e+00  0.000000000e+00  0.000000000e+00  0.000000000e+00
  0.000000000e+00  0.000000000e+00  0.000000000e+00  0.000000000e+00
  0.000000000e+00  0.000000000e+00  0.000000000e+00  0.000000000e+00
  0.000000000e+00  0.000000000e+00  0.000000000e+00  0.000000000e+00
  0.000000000e+00  0.000000000e+00  0.000000000e+00  0.000000000e+00
  0.000000000e+00  0.000000000e+00  0.000000000e+00  0.000000000e+00
  0.000000000e+00  0.000000000e+00  0.000000000e+00  0.000000000e+00
  0.000000000e+00  0.000000000e+00  0.000000000e+00  0.000000000e+00
  0.000000000e+00  0.000000000e+00  0.000000000e+00  0.000000000e+00
  0.000000000e+00  0.000000000e+00  0.000000000e+00  0.000000000e+00
  0.000000000e+00  0.000000000e+00  0.000000000e+00  0.000000000e+00
  0.000000000e+00  0.000000000e+00  0.000000000e+00  0.000000000e+00
  0.000000000e+00  0.000000000e+00  0.000000000e+00  0.000000000e+00
  0.000000000e+00
