r	R 14/14	R 15/14	R 16/14	R 17/14	I 14/14	I 15/14	I 16/14	I 17/14
 0.000000E+00	 0.00000000E+00	 0.00000000E+00	 0.00000000E+00	 0.00000000E+00	 0.00000000E+00	 0.00000000E+00	 0.00000000E+00	 0.00000000E+00
 5.000000E-03	-3.33426995E-32	-5.84218990E-33	 3.36118621E-32	-6.84752659E-33	 1.49017956E-29	-1.38305383E-29	-4.02955751E-29	-4.34540098E-31
 1.000000E-02	-2.73704287E-30	 2.76321866E-31	 2.25502385E-30	-6.41088372E-31	 2.65193618E-27	-2.19063738E-28	 1.23152244E-28	-1.06843047E-27
 1.500000E-02	-9.02089761E-29	 2.19522468E-29	 4.99481789E-29	-1.08978963E-29	 2.83692224E-26	 2.91611936E-26	 7.91758752E-26	-3.50181997E-26
 2.000000E-02	-1.56406613E-27	 3.87633601E-28	 5.06074220E-28	-5.74348523E-29	-1.17828933E-24	 9.29221728E-25	 1.98272135E-24	-4.45183864E-25
 2.500000E-02	-1.61810698E-26	 3.25502423E-27	 2.69470525E-27	 7.12146178E-29	-3.39044324E-23	 1.27157377E-23	 2.44621028E-23	-2.97721680E-24
 3.000000E-02	-1.14365105E-25	 1.66156822E-26	 8.40217021E-27	 1.58960995E-27	-4.37699342E-22	 1.05857797E-22	 1.96586098E-22	-1.04355744E-23
 3.500000E-02	-6.45731768E-25	 5.60822827E-26	 3.73883713E-26	 1.05252512E-26	-3.70116610E-21	 6.13676134E-22	 1.16760934E-21	-5.83393115E-25
 4.000000E-02	-3.23643439E-24	 1.08092072E-25	 2.50547692E-25	 6.61973079E-26	-2.34317164E-20	 2.64189474E-21	 5.51561873E-21	 2.36667339E-22
 4.500000E-02	-1.45402676E-23	-1.67703865E-25	 1.20968000E-24	 3.49873644E-25	-1.19412301E-19	 8.57731575E-21	 2.17273589E-20	 1.74972107E-21
 5.000000E-02	-5.79658079E-23	-3.08776037E-24	 4.49092779E-24	 1.56604672E-24	-5.13068133E-19	 1.96628172E-20	 7.37090847E-20	 8.42958912E-21
 5.500000E-02	-2.07123362E-22	-1.94975384E-23	 1.46278882E-23	 6.18709759E-24	-1.91933770E-18	 1.87562614E-20	 2.20221819E-19	 3.20987993E-20
 6.000000E-02	-6.78197442E-22	-9.20227635E-23	 4.74337550E-23	 2.38347875E-23	-6.40032268E-18	-9.76913353E-20	 5.88450871E-19	 1.03443830E-19
 6.500000E-02	-2.07684019E-21	-3.64457956E-22	 1.51091346E-22	 8.64336754E-23	-1.93677956E-17	-7.30023164E-19	 1.42009926E-18	 2.91857903E-19
 7.000000E-02	-5.96088384E-21	-1.24197198E-21	 3.94953756E-22	 2.63100360E-22	-5.39292793E-17	-3.13468446E-18	 3.10890578E-18	 7.34534843E-19
 7.500000E-02	-1.58894201E-20	-3.73684826E-21	 7.46216405E-22	 6.51910873E-22	-1.39713124E-16	-1.07574212E-17	 6.16101911E-18	 1.66457518E-18
 8.000000E-02	-3.91740058E-20	-1.01596634E-20	 7.50455725E-22	 1.30214883E-21	-3.39785181E-16	-3.21513397E-17	 1.09112669E-17	 3.40051683E-18
 8.500000E-02	-8.95426238E-20	-2.53445867E-20	-1.19998739E-21	 1.97169817E-21	-7.81479848E-16	-8.69331501E-17	 1.66447465E-17	 6.20114776E-18
 9.000000E-02	-1.90959323E-19	-5.88542643E-20	-9.07169408E-21	 1.68713629E-21	-1.71014870E-15	-2.17250129E-16	 1.94562032E-17	 9.77837172E-18
 9.500000E-02	-3.83223435E-19	-1.28699367E-19	-3.11269837E-20	-2.01823952E-21	-3.57921403E-15	-5.08771329E-16	 7.66533623E-18	 1.20670954E-17
 1.000000E-01	-7.30740627E-19	-2.68067842E-19	-8.24263417E-20	-1.38442424E-20	-7.19582157E-15	-1.12747682E-15	-4.71879221E-17	 6.53768181E-18
 1.050000E-01	-1.33693156E-18	-5.35740948E-19	-1.89203204E-19	-4.27267794E-20	-1.39490208E-14	-2.38170735E-15	-2.06920394E-16	-2.31438781E-17
 1.100000E-01	-2.35921439E-18	-1.02490664E-18	-4.02535294E-19	-1.10985453E-19	-2.61575096E-14	-4.82343916E-15	-5.95709681E-16	-1.13003968E-16
 1.150000E-01	-4.01273883E-18	-1.87216197E-18	-8.18760319E-19	-2.68049900E-19	-4.75857822E-14	-9.40880123E-15	-1.44882133E-15	-3.36096119E-16
 1.200000E-01	-6.57263452E-18	-3.27839658E-18	-1.59268092E-18	-5.99449429E-19	-8.41936250E-14	-1.77460860E-14	-3.19169928E-15	-8.31568350E-16
 1.250000E-01	-1.03888152E-17	-5.53578423E-18	-2.95208963E-18	-1.23985044E-18	-1.45199033E-13	-3.24692725E-14	-6.56441295E-15	-1.85154360E-15
 1.300000E-01	-1.59035917E-17	-9.05818157E-18	-5.22316388E-18	-2.39455340E-18	-2.44547266E-13	-5.77862512E-14	-1.28119052E-14	-3.83406021E-15
 1.350000E-01	-2.36735442E-17	-1.44118339E-17	-8.86346152E-18	-4.37464089E-18	-4.02911458E-13	-1.00269184E-13	-2.39684337E-14	-7.51336024E-15
 1.400000E-01	-3.43625766E-17	-2.22919046E-17	-1.45223830E-17	-7.67988126E-18	-6.50362192E-13	-1.69971213E-13	-4.32739994E-14	-1.40824796E-14
 1.450000E-01	-4.86539718E-17	-3.34545241E-17	-2.30983840E-17	-1.30936449E-17	-1.02986806E-12	-2.81976634E-13	-7.57731032E-14	-2.54279685E-14
 1.500000E-01	-6.71203917E-17	-4.86251409E-17	-3.57473743E-17	-2.17619650E-17	-1.60179789E-12	-4.58513031E-13	-1.29161829E-13	-4.44629533E-14
 1.550000E-01	-9.00789620E-17	-6.84138131E-17	-5.38436041E-17	-3.52147309E-17	-2.44957076E-12	-7.31768133E-13	-2.14965615E-13	-7.55920202E-14
 1.600000E-01	-1.17725460E-16	-9.37075355E-17	-7.87749657E-17	-5.50229876E-17	-3.68677608E-12	-1.14762197E-12	-3.50146967E-13	-1.25350941E-13
 1.650000E-01	-1.50854224E-16	-1.26110468E-16	-1.11738886E-16	-8.25998740E-17	-5.46587240E-12	-1.77048217E-12	-5.59276506E-13	-2.03276805E-13
 1.700000E-01	-1.90847583E-16	-1.66512509E-16	-1.54054807E-16	-1.20343391E-16	-7.98866196E-12	-2.68945439E-12	-8.77421121E-13	-3.23080443E-13
 1.750000E-01	-2.37947424E-16	-2.13226180E-16	-2.07391513E-16	-1.72403422E-16	-1.15186770E-11	-4.02609921E-12	-1.35393725E-12	-5.04213933E-13
 1.800000E-01	-2.90932828E-16	-2.63826057E-16	-2.72747921E-16	-2.42414043E-16	-1.63954968E-11	-5.94397147E-12	-2.05734791E-12	-7.73937296E-13
 1.850000E-01	-3.50036689E-16	-3.18081042E-16	-3.49252408E-16	-3.31267787E-16	-2.30521431E-11	-8.66048893E-12	-3.08152710E-12	-1.17001796E-12
 1.900000E-01	-4.18767274E-16	-3.76797324E-16	-4.34477262E-16	-4.38379405E-16	-3.20348143E-11	-1.24612754E-11	-4.55359136E-12	-1.74425934E-12
 1.950000E-01	-5.03004322E-16	-4.39630480E-16	-5.25145290E-16	-5.63049937E-16	-4.40243131E-11	-1.77169793E-11	-6.64370102E-12	-2.56704453E-12
 2.000000E-01	-6.10706889E-16	-5.04826626E-16	-6.16752885E-16	-7.03771044E-16	-5.98602807E-11	-2.49030402E-11	-9.57693480E-12	-3.73307792E-12
 2.050000E-01	-7.52298409E-16	-5.69544224E-16	-7.02990639E-16	-8.57105371E-16	-8.05679080E-11	-3.46225320E-11	-1.36475726E-11	-5.36855831E-12
 2.100000E-01	-9.41107481E-16	-6.31323043E-16	-7.75817789E-16	-1.01636682E-15	-1.07386479E-10	-4.76319389E-11	-1.92359709E-11	-7.64000150E-12
 2.150000E-01	-1.19439308E-15	-6.90201219E-16	-8.26119047E-16	-1.17060467E-15	-1.41798860E-10	-6.48695838E-11	-2.68280557E-11	-1.07648550E-11
 2.200000E-01	-1.53466513E-15	-7.52445147E-16	-8.45584709E-16	-1.30370871E-15	-1.85564461E-10	-8.74876490E-11	-3.70374641E-11	-1.50239795E-11
 2.250000E-01	-1.99187932E-15	-8.34453804E-16	-8.29391460E-16	-1.39493588E-15	-2.40753755E-10	-1.16887263E-10	-5.06307012E-11	-2.07762397E-11
 2.300000E-01	-2.60394217E-15	-9.60228801E-16	-7.77865296E-16	-1.42345551E-15	-3.09784332E-10	-1.54756429E-10	-6.85551209E-11	-2.84752220E-11
 2.350000E-01	-3.41424289E-15	-1.15736520E-15	-6.97578834E-16	-1.37250009E-15	-3.95460032E-10	-2.03111464E-10	-9.19697431E-11	-3.86880492E-11
 2.400000E-01	-4.47063665E-15	-1.46076875E-15	-6.03861936E-16	-1.22945501E-15	-5.01012775E-10	-2.64341714E-10	-1.22278948E-10	-5.21162970E-11
 2.450000E-01	-5.82667510E-15	-1.91605162E-15	-5.22824780E-16	-9.87999963E-16	-6.30143308E-10	-3.41255466E-10	-1.61168453E-10	-6.96188145E-11
 2.500000E-01	-7.54086134E-15	-2.56755901E-15	-4.86593562E-16	-6.56576178E-16	-7.87065675E-10	-4.37128609E-10	-2.10643126E-10	-9.22360333E-11
 2.550000E-01	-9.67077522E-15	-3.45491595E-15	-5.34830399E-16	-2.61131876E-16	-9.76553806E-10	-5.55755414E-10	-2.73066611E-10	-1.21215575E-10
 2.600000E-01	-1.22737931E-14	-4.70039243E-15	-7.67996680E-16	 1.73246171E-16	-1.20398767E-09	-7.01499446E-10	-3.51201638E-10	-1.58038549E-10
 2.650000E-01	-1.54403265E-14	-6.58597099E-15	-1.39063508E-15	 6.15114830E-16	-1.47541049E-09	-8.79350052E-10	-4.48252116E-10	-2.04446562E-10
 2.700000E-01	-1.93101392E-14	-9.30540816E-15	-2.56356858E-15	 9.48155107E-16	-1.79759435E-09	-1.09498423E-09	-5.67908480E-10	-2.62470199E-10
 2.750000E-01	-2.39882648E-14	-1.26831337E-14	-4.24011422E-15	 9.63772441E-16	-2.17810536E-09	-1.35482747E-09	-7.14393173E-10	-3.34457966E-10
 2.800000E-01	-2.94852608E-14	-1.65661415E-14	-6.40375574E-15	 5.13676939E-16	-2.62538131E-09	-1.66611940E-09	-8.92507327E-10	-4.23105668E-10
 2.850000E-01	-3.58339139E-14	-2.13328268E-14	-9.36768345E-15	-4.40041330E-16	-3.14881126E-09	-2.03697920E-09	-1.10767571E-09	-5.31483889E-10
 2.900000E-01	-4.31944114E-14	-2.74216733E-14	-1.34564411E-14	-1.98530647E-15	-3.75881745E-09	-2.47647081E-09	-1.36598900E-09	-6.63062886E-10
 2.950000E-01	-5.17445636E-14	-3.46568838E-14	-1.85709936E-14	-4.29623558E-15	-4.46694787E-09	-2.99467972E-09	-1.67425433E-09	-8.21742020E-10
 3.000000E-01	-6.15539636E-14	-4.26902157E-14	-2.45060960E-14	-7.46357275E-15	-5.28594365E-09	-3.60276618E-09	-2.04002844E-09	-1.01187058E-09
 3.050000E-01	-7.26602496E-14	-5.17020271E-14	-3.14263852E-14	-1.14504215E-14	-6.22988620E-09	-4.31305786E-09	-2.47166294E-09	-1.23827346E-09
 3.100000E-01	-8.51906562E-14	-6.20719138E-14	-3.95873480E-14	-1.62079050E-14	-7.31439858E-09	-5.13918527E-09	-2.97837139E-09	-1.50628628E-09
 3.150000E-01	-9.93397463E-14	-7.38034586E-14	-4.88880269E-14	-2.16964139E-14	-8.55679553E-09	-6.09619038E-09	-3.57027901E-09	-1.82177949E-09
 3.200000E-01	-1.15287276E-13	-8.68018903E-14	-5.91083751E-14	-2.78355896E-14	-9.97634876E-09	-7.20071897E-09	-4.25851514E-09	-2.19120319E-09
 3.250000E-01	-1.33207987E-13	-1.01358703E-13	-7.03146511E-14	-3.45484861E-14	-1.15944786E-08	-8.47115252E-09	-5.05526137E-09	-2.62160090E-09
 3.300000E-01	-1.53342332E-13	-1.18002858E-13	-8.27425027E-14	-4.18497532E-14	-1.34349425E-08	-9.92774443E-09	-5.97380398E-09	-3.12061555E-09
 3.350000E-01	-1.76006220E-13	-1.37184005E-13	-9.65781869E-14	-4.98830005E-14	-1.55240857E-08	-1.15928249E-08	-7.02865280E-09	-3.69652564E-09
 3.400000E-01	-2.01523378E-13	-1.59368476E-13	-1.12145291E-13	-5.89507878E-14	-1.78909849E-08	-1.34909243E-08	-8.23563980E-09	-4.35826719E-09
 3.450000E-01	-2.30196675E-13	-1.85195370E-13	-1.30110226E-13	-6.95453770E-14	-2.05676483E-08	-1.56489102E-08	-9.61204262E-09	-5.11546656E-09
 3.500000E-01	-2.62391414E-13	-2.15050288E-13	-1.51054268E-13	-8.22327480E-14	-2.35891461E-08	-1.80960732E-08	-1.11766917E-08	-5.97846396E-09
 3.550000E-01	-2.98470502E-13	-2.48687447E-13	-1.75151184E-13	-9.74788015E-14	-2.69938472E-08	-2.08643475E-08	-1.29501724E-08	-6.95840936E-09
 3.600000E-01	-3.38395438E-13	-2.86417264E-13	-2.03452083E-13	-1.15879088E-13	-3.08236626E-08	-2.39885105E-08	-1.49549570E-08	-8.06735610E-09
 3.650000E-01	-3.81679660E-13	-3.30409642E-13	-2.38970885E-13	-1.38549296E-13	-3.51244869E-08	-2.75064760E-08	-1.72154819E-08	-9.31836694E-09
 3.700000E-01	-4.28112504E-13	-3.82768102E-13	-2.84268484E-13	-1.66633256E-13	-3.99469094E-08	-3.14597894E-08	-1.97582480E-08	-1.07256544E-08
 3.750000E-01	-4.78153115E-13	-4.42919767E-13	-3.38618099E-13	-2.00364834E-13	-4.53466443E-08	-3.58939289E-08	-2.26117604E-08	-1.23046077E-08
 3.800000E-01	-5.32616535E-13	-5.08704172E-13	-3.99190840E-13	-2.39127004E-13	-5.13847757E-08	-4.08585146E-08	-2.58065184E-08	-1.40717644E-08
 3.850000E-01	-5.92335780E-13	-5.78616127E-13	-4.63694803E-13	-2.82249941E-13	-5.81281818E-08	-4.64077666E-08	-2.93754208E-08	-1.60448982E-08
 3.900000E-01	-6.57488445E-13	-6.53536061E-13	-5.32933618E-13	-3.30052972E-13	-6.56501457E-08	-5.26011864E-08	-3.33544987E-08	-1.82432113E-08
 3.950000E-01	-7.27345994E-13	-7.37661961E-13	-6.11954170E-13	-3.84470385E-13	-7.40306692E-08	-5.95038036E-08	-3.77831551E-08	-2.06873026E-08
 4.000000E-01	-8.01773492E-13	-8.33946994E-13	-7.04183676E-13	-4.47245774E-13	-8.33569896E-08	-6.71866118E-08	-4.27041331E-08	-2.33991396E-08
 4.050000E-01	-8.82038736E-13	-9.38776268E-13	-8.05423925E-13	-5.17504306E-13	-9.37243738E-08	-7.57272351E-08	-4.81637071E-08	-2.64021373E-08
 4.100000E-01	-9.69391225E-13	-1.04604769E-12	-9.08789798E-13	-5.92712075E-13	-1.05237828E-07	-8.52107196E-08	-5.42118512E-08	-2.97211720E-08
 4.150000E-01	-1.06395321E-12	-1.15398557E-12	-1.01238700E-12	-6.71415836E-13	-1.18012542E-07	-9.57294022E-08	-6.09017852E-08	-3.33821838E-08
 4.200000E-01	-1.16422047E-12	-1.26804953E-12	-1.12291786E-12	-7.55422710E-13	-1.32173292E-07	-1.07382257E-07	-6.82892837E-08	-3.74116335E-08
 4.250000E-01	-1.26749144E-12	-1.40053442E-12	-1.25509591E-12	-8.50482271E-13	-1.47856061E-07	-1.20276492E-07	-7.64335512E-08	-4.18368377E-08
 4.300000E-01	-1.37364511E-12	-1.55718379E-12	-1.41516752E-12	-9.60474003E-13	-1.65210502E-07	-1.34529687E-07	-8.53983482E-08	-4.66864173E-08
 4.350000E-01	-1.48657261E-12	-1.72450219E-12	-1.58679385E-12	-1.08088566E-12	-1.84400454E-07	-1.50270139E-07	-9.52520113E-08	-5.19901899E-08
 4.400000E-01	-1.60771353E-12	-1.89010373E-12	-1.75655487E-12	-1.20647667E-12	-2.05604847E-07	-1.67637379E-07	-1.06067413E-07	-5.77789742E-08
 4.450000E-01	-1.73274063E-12	-2.06663990E-12	-1.94087677E-12	-1.34210313E-12	-2.29019525E-07	-1.86783275E-07	-1.17922060E-07	-6.40843457E-08
 4.500000E-01	-1.85919894E-12	-2.26878977E-12	-2.15668373E-12	-1.49429274E-12	-2.54858979E-07	-2.07873054E-07	-1.30898119E-07	-7.09383215E-08
 4.550000E-01	-1.99083646E-12	-2.48334847E-12	-2.38748681E-12	-1.65822499E-12	-2.83358410E-07	-2.31086338E-07	-1.45082281E-07	-7.83728801E-08
 4.600000E-01	-2.12976864E-12	-2.69250204E-12	-2.61339243E-12	-1.82614815E-12	-3.14776556E-07	-2.56618304E-07	-1.60565361E-07	-8.64192260E-08
 4.650000E-01	-2.27183575E-12	-2.90572702E-12	-2.84741419E-12	-2.00094568E-12	-3.49398343E-07	-2.84680575E-07	-1.77441699E-07	-9.51069547E-08
 4.700000E-01	-2.41399904E-12	-3.13778298E-12	-3.10694617E-12	-2.18842568E-12	-3.87539325E-07	-3.15503339E-07	-1.95809005E-07	-1.04463304E-07
 4.750000E-01	-2.55845140E-12	-3.37851609E-12	-3.37966123E-12	-2.38512821E-12	-4.29548921E-07	-3.49336516E-07	-2.15767589E-07	-1.14512099E-07
 4.800000E-01	-2.70455876E-12	-3.61902098E-12	-3.65715553E-12	-2.58804633E-12	-4.75812296E-07	-3.86450458E-07	-2.37419715E-07	-1.25272894E-07
 4.850000E-01	-2.84529471E-12	-3.88361074E-12	-3.97040143E-12	-2.80726348E-12	-5.26754244E-07	-4.27138605E-07	-2.60870113E-07	-1.36760724E-07
 4.900000E-01	-2.97899987E-12	-4.18669589E-12	-4.33537339E-12	-3.04954336E-12	-5.82843267E-07	-4.71720919E-07	-2.86227046E-07	-1.48986201E-07
 4.950000E-01	-3.11375978E-12	-4.48463210E-12	-4.70042801E-12	-3.29955014E-12	-6.44592345E-07	-5.20545270E-07	-3.13602428E-07	-1.61955163E-07
 5.000000E-01	-3.24933355E-12	-4.74634416E-12	-5.03435376E-12	-3.54571975E-12	-7.12559016E-07	-5.73988981E-07	-3.43111974E-07	-1.75668268E-07
 5.050000E-01	-3.37001506E-12	-5.03563953E-12	-5.41606714E-12	-3.81103913E-12	-7.87347389E-07	-6.32463590E-07	-3.74877347E-07	-1.90121356E-07
 5.100000E-01	-3.46697936E-12	-5.42425323E-12	-5.92597708E-12	-4.12388086E-12	-8.69609352E-07	-6.96418866E-07	-4.09027043E-07	-2.05304699E-07
 5.150000E-01	-3.54803069E-12	-5.87988590E-12	-6.52392355E-12	-4.47949168E-12	-9.60047528E-07	-7.66349256E-07	-4.45699416E-07	-2.21203647E-07
 5.200000E-01	-3.61719001E-12	-6.34275366E-12	-7.14565371E-12	-4.86288998E-12	-1.05942325E-06	-8.42804106E-07	-4.85046651E-07	-2.37798962E-07
 5.250000E-01	-3.66483075E-12	-6.83818631E-12	-7.82526008E-12	-5.28328314E-12	-1.16855698E-06	-9.26390084E-07	-5.27232001E-07	-2.55062702E-07
 5.300000E-01	-3.68050204E-12	-7.43559108E-12	-8.64091215E-12	-5.76234600E-12	-1.28832365E-06	-1.01776779E-06	-5.72422910E-07	-2.72951773E-07
 5.350000E-01	-3.66131717E-12	-8.16540481E-12	-9.62305628E-12	-6.31066382E-12	-1.41966947E-06	-1.11766492E-06	-6.20791905E-07	-2.91404804E-07
 5.400000E-01	-3.61208105E-12	-8.98086986E-12	-1.07172646E-11	-6.91932439E-12	-1.56362591E-06	-1.22689262E-06	-6.72522893E-07	-3.10342983E-07
 5.450000E-01	-3.53730596E-12	-9.75846316E-12	-1.17938748E-11	-7.56313483E-12	-1.72131039E-06	-1.34635209E-06	-7.27811884E-07	-3.29668207E-07
 5.500000E-01	-3.42236428E-12	-1.04554415E-11	-1.28212399E-11	-8.23192898E-12	-1.89394129E-06	-1.47704904E-06	-7.86866258E-07	-3.49257692E-07
 5.550000E-01	-3.24216801E-12	-1.12522943E-11	-1.39954208E-11	-8.95187673E-12	-2.08284611E-06	-1.62010046E-06	-8.49901614E-07	-3.68958895E-07
 5.600000E-01	-2.99724240E-12	-1.22708287E-11	-1.54277229E-11	-9.74048403E-12	-2.28948549E-06	-1.77674607E-06	-9.17133311E-07	-3.88579066E-07
 5.650000E-01	-2.70010850E-12	-1.32601820E-11	-1.68534386E-11	-1.05714543E-11	-2.51546854E-06	-1.94834572E-06	-9.88754459E-07	-4.07867758E-07
 5.700000E-01	-2.32843033E-12	-1.39598141E-11	-1.80343625E-11	-1.14202882E-11	-2.76254032E-06	-2.13636641E-06	-1.06491859E-06	-4.26506617E-07
 5.750000E-01	-1.84566796E-12	-1.45570219E-11	-1.91804736E-11	-1.22970585E-11	-3.03262003E-06	-2.34242241E-06	-1.14574706E-06	-4.44106228E-07
 5.800000E-01	-1.24811085E-12	-1.53411897E-11	-2.05639152E-11	-1.32154015E-11	-3.32782400E-06	-2.56831678E-06	-1.23134623E-06	-4.60210575E-07
 5.850000E-01	-5.41552265E-13	-1.62091899E-11	-2.20668962E-11	-1.41791852E-11	-3.65044432E-06	-2.81605245E-06	-1.32181180E-06	-4.74297325E-07
 5.900000E-01	 2.94954504E-13	-1.68772789E-11	-2.34280245E-11	-1.51986835E-11	-4.00293512E-06	-3.08784606E-06	-1.41722541E-06	-4.85770370E-07
 5.950000E-01	 1.29322065E-12	-1.72615582E-11	-2.45912259E-11	-1.62884826E-11	-4.38791465E-06	-3.38615880E-06	-1.51765946E-06	-4.93954420E-07
 6.000000E-01	 2.47273911E-12	-1.74985425E-11	-2.56956953E-11	-1.74554863E-11	-4.80818036E-06	-3.71373560E-06	-1.62317562E-06	-4.98081752E-07
 6.050000E-01	 3.82949810E-12	-1.78480513E-11	-2.69676759E-11	-1.86908729E-11	-5.26670611E-06	-4.07363708E-06	-1.73382180E-06	-4.97279603E-07
 6.100000E-01	 5.33793053E-12	-1.85173099E-11	-2.85569913E-11	-1.99812084E-11	-5.76665913E-06	-4.46929820E-06	-1.84963899E-06	-4.90556543E-07
 6.150000E-01	 6.97949030E-12	-1.94896737E-11	-3.04084608E-11	-2.13368567E-11	-6.31141297E-06	-4.90458527E-06	-1.97066530E-06	-4.76785446E-07
 6.200000E-01	 8.75456097E-12	-2.06372580E-11	-3.23829689E-11	-2.27872850E-11	-6.90453840E-06	-5.38383678E-06	-2.09693762E-06	-4.54691185E-07
 6.250000E-01	 1.06633486E-11	-2.19136652E-11	-3.44168886E-11	-2.43483482E-11	-7.54980477E-06	-5.91192241E-06	-2.22849596E-06	-4.22835447E-07
 6.300000E-01	 1.26869564E-11	-2.34386511E-11	-3.65753957E-11	-2.59898335E-11	-8.25120094E-06	-6.49434495E-06	-2.36540918E-06	-3.79601792E-07
 6.350000E-01	 1.47688839E-11	-2.55096899E-11	-3.90386475E-11	-2.76134001E-11	-9.01287861E-06	-7.13731493E-06	-2.50782955E-06	-3.23208813E-07
 6.400000E-01	 1.68364183E-11	-2.83248765E-11	-4.18716854E-11	-2.91286538E-11	-9.83907662E-06	-7.84782987E-06	-2.65606639E-06	-2.51739788E-07
 6.450000E-01	 1.88692114E-11	-3.16901276E-11	-4.48383922E-11	-3.05686481E-11	-1.07340887E-05	-8.63386671E-06	-2.81070510E-06	-1.63159709E-07
 6.500000E-01	 2.08885082E-11	-3.53407973E-11	-4.76883604E-11	-3.19993695E-11	-1.17019253E-05	-9.50441595E-06	-2.97278628E-06	-5.54129747E-08
 6.550000E-01	 2.28698110E-11	-3.93652541E-11	-5.04417770E-11	-3.33489554E-11	-1.27460592E-05	-1.04695487E-05	-3.14403165E-06	 7.34280810E-08
 6.600000E-01	 2.47596759E-11	-4.38963207E-11	-5.31249892E-11	-3.45209272E-11	-1.38692756E-05	-1.15406105E-05	-3.32702919E-06	 2.25100532E-07
 6.650000E-01	 2.65760354E-11	-4.86880833E-11	-5.55090685E-11	-3.56063961E-11	-1.50735054E-05	-1.27307212E-05	-3.52574178E-06	 4.00972489E-07
 6.700000E-01	 2.83691486E-11	-5.35438219E-11	-5.74592075E-11	-3.67017693E-11	-1.63594271E-05	-1.40547977E-05	-3.74579194E-06	 6.01843539E-07
 6.750000E-01	 3.00836334E-11	-5.88621392E-11	-5.92627645E-11	-3.76038662E-11	-1.77264166E-05	-1.55294415E-05	-3.99429792E-06	 8.27978987E-07
 6.800000E-01	 3.16231564E-11	-6.50375541E-11	-6.11587011E-11	-3.80878019E-11	-1.91719066E-05	-1.71728191E-05	-4.28022288E-06	 1.07877923E-06
 6.850000E-01	 3.30555096E-11	-7.16350535E-11	-6.28407193E-11	-3.83934881E-11	-2.06912646E-05	-1.90053752E-05	-4.61496859E-06	 1.35258370E-06
 6.900000E-01	 3.46034135E-11	-7.76986458E-11	-6.37333236E-11	-3.91122761E-11	-2.22773843E-05	-2.10498603E-05	-5.01267782E-06	 1.64634331E-06
 6.950000E-01	 3.64950127E-11	-8.24530216E-11	-6.34397004E-11	-4.07821598E-11	-2.39195246E-05	-2.33306528E-05	-5.49067173E-06	 1.95488919E-06
 7.000000E-01	 3.88184203E-11	-8.60855045E-11	-6.22835376E-11	-4.34256494E-11	-2.56030017E-05	-2.58743927E-05	-6.07009270E-06	 2.27056778E-06
 7.050000E-01	 4.13681832E-11	-9.02401955E-11	-6.15993973E-11	-4.62344024E-11	-2.73083720E-05	-2.87100449E-05	-6.77662417E-06	 2.58249703E-06
 7.100000E-01	 4.39031710E-11	-9.61273442E-11	-6.22734574E-11	-4.86039408E-11	-2.90106331E-05	-3.18683838E-05	-7.64084993E-06	 2.87573341E-06
 7.150000E-01	 4.66591684E-11	-1.02456713E-10	-6.34263743E-11	-5.14023089E-11	-3.06783449E-05	-3.53812499E-05	-8.69829083E-06	 3.13056126E-06
 7.200000E-01	 5.01039712E-11	-1.07867583E-10	-6.44706207E-11	-5.57301093E-11	-3.22723548E-05	-3.92809263E-05	-9.98997279E-06	 3.32136545E-06
 7.250000E-01	 5.42766068E-11	-1.13917593E-10	-6.71589419E-11	-6.11476263E-11	-3.37444742E-05	-4.35996613E-05	-1.15631960E-05	 3.41528900E-06
 7.300000E-01	 5.90315372E-11	-1.22001411E-10	-7.27596286E-11	-6.70464122E-11	-3.50359348E-05	-4.83688733E-05	-1.34722988E-05	 3.37062948E-06
 7.350000E-01	 6.47544868E-11	-1.29516144E-10	-7.91223827E-11	-7.46472652E-11	-3.60754887E-05	-5.36176524E-05	-1.57792078E-05	 3.13494547E-06
 7.400000E-01	 7.21361030E-11	-1.33697826E-10	-8.44284142E-11	-8.55231096E-11	-3.67774127E-05	-5.93707677E-05	-1.85536621E-05	 2.64303559E-06
 7.450000E-01	 8.14459163E-11	-1.36481644E-10	-9.12890746E-11	-9.94262381E-11	-3.70396111E-05	-6.56471988E-05	-2.18735004E-05	 1.81509629E-06
 7.500000E-01	 9.26440088E-11	-1.40543091E-10	-1.02531167E-10	-1.15447275E-10	-3.67410552E-05	-7.24565743E-05	-2.58242757E-05	 5.54247930E-07
 7.550000E-01	 1.05954605E-10	-1.44047374E-10	-1.16312181E-10	-1.33896236E-10	-3.57397843E-05	-7.97956204E-05	-3.04981748E-05	-1.25545698E-06
 7.600000E-01	 1.21918911E-10	-1.44053168E-10	-1.30160726E-10	-1.55759146E-10	-3.38698319E-05	-8.76460906E-05	-3.59947466E-05	-3.75174720E-06
 7.650000E-01	 1.41068939E-10	-1.41168447E-10	-1.45733916E-10	-1.81479573E-10	-3.09375325E-05	-9.59692943E-05	-4.24201736E-05	-7.09767696E-06
 7.700000E-01	 1.63518668E-10	-1.36291090E-10	-1.64125762E-10	-2.10480409E-10	-2.67200921E-05	-1.04700312E-04	-4.98834282E-05	-1.14823115E-05
 7.750000E-01	 1.88813084E-10	-1.26422007E-10	-1.80702227E-10	-2.41226637E-10	-2.09625820E-05	-1.13741134E-04	-5.84934453E-05	-1.71223077E-05
 7.800000E-01	 2.16765597E-10	-1.08709961E-10	-1.91723532E-10	-2.72888796E-10	-1.33755295E-05	-1.22955296E-04	-6.83562348E-05	-2.42621019E-05
 7.850000E-01	 2.48236766E-10	-8.53377621E-11	-2.01567642E-10	-3.06684673E-10	-3.63476443E-06	-1.32157134E-04	-7.95669076E-05	-3.31717426E-05
 7.900000E-01	 2.84019168E-10	-5.93424308E-11	-2.15172001E-10	-3.43274263E-10	 8.62340150E-06	-1.41103864E-04	-9.22078202E-05	-4.41482164E-05
 7.950000E-01	 3.23417624E-10	-2.92960652E-11	-2.29043263E-10	-3.80093220E-10	 2.38112470E-05	-1.49488779E-04	-1.06350687E-04	-5.75203550E-05
 8.000000E-01	 3.64939500E-10	 7.84767292E-12	-2.36620941E-10	-4.13517589E-10	 4.23860442E-05	-1.56921299E-04	-1.22038992E-04	-7.36415752E-05
 8.050000E-01	 4.07560533E-10	 5.26127047E-11	-2.35744452E-10	-4.41511433E-10	 6.48473978E-05	-1.62922217E-04	-1.39279201E-04	-9.28750683E-05
 8.100000E-01	 4.50396901E-10	 1.03919504E-10	-2.26514511E-10	-4.62405938E-10	 9.17336701E-05	-1.66913976E-04	-1.58031109E-04	-1.15578933E-04
 8.150000E-01	 4.92212870E-10	 1.60944603E-10	-2.07986825E-10	-4.73759532E-10	 1.23605880E-04	-1.68219669E-04	-1.78193533E-04	-1.42072727E-04
 8.200000E-01	 5.33349044E-10	 2.22963337E-10	-1.82083210E-10	-4.76738553E-10	 1.61045628E-04	-1.66061136E-04	-1.99605206E-04	-1.72616455E-04
 8.250000E-01	 5.77324535E-10	 2.88662746E-10	-1.56952432E-10	-4.78930489E-10	 2.04677940E-04	-1.59540441E-04	-2.22056671E-04	-2.07421131E-04
 8.300000E-01	 6.25211135E-10	 3.56189052E-10	-1.35800161E-10	-4.81453113E-10	 2.55171652E-04	-1.47619447E-04	-2.45276834E-04	-2.46628411E-04
 8.350000E-01	 6.69596961E-10	 4.23731186E-10	-1.06245314E-10	-4.68437716E-10	 3.13226149E-04	-1.29111476E-04	-2.68916735E-04	-2.90269762E-04
 8.400000E-01	 7.02662033E-10	 4.90119301E-10	-5.64441296E-11	-4.27092731E-10	 3.79555649E-04	-1.02710359E-04	-2.92563453E-04	-3.38212261E-04
 8.450000E-01	 7.26693596E-10	 5.54829026E-10	 6.90801815E-12	-3.66828658E-10	 4.54848602E-04	-6.70396861E-05	-3.15752679E-04	-3.90074936E-04
 8.500000E-01	 7.46900932E-10	 6.16184564E-10	 7.21488446E-11	-3.00138825E-10	 5.39803034E-04	-2.06782344E-05	-3.38036137E-04	-4.45234725E-04
 8.550000E-01	 7.60264253E-10	 6.69971787E-10	 1.40360411E-10	-2.22250276E-10	 6.35141792E-04	 3.78472752E-05	-3.58989414E-04	-5.02814051E-04
 8.600000E-01	 7.61613499E-10	 7.13100640E-10	 2.16924139E-10	-1.26610560E-10	 7.41618879E-04	 1.10077759E-04	-3.78180005E-04	-5.61638799E-04
 8.650000E-01	 7.53335150E-10	 7.46646511E-10	 2.98970157E-10	-2.14541905E-11	 8.60045849E-04	 1.97677562E-04	-3.95095124E-04	-6.20198731E-04
 8.700000E-01	 7.36820675E-10	 7.67961340E-10	 3.81658443E-10	 8.72715209E-11	 9.91254755E-04	 3.02418326E-04	-4.09051290E-04	-6.76510164E-04
 8.750000E-01	 7.00662934E-10	 7.64430989E-10	 4.68038768E-10	 2.11815088E-10	 1.13603432E-03	 4.25984849E-04	-4.19232205E-04	-7.27942464E-04
 8.800000E-01	 6.35990068E-10	 7.31061391E-10	 5.63410983E-10	 3.56251803E-10	 1.29511653E-03	 5.69757790E-04	-4.24795267E-04	-7.71143173E-04
 8.850000E-01	 5.57370447E-10	 6.85632145E-10	 6.64641302E-10	 4.93229319E-10	 1.46921948E-03	 7.34669047E-04	-4.24919819E-04	-8.02037183E-04
 8.900000E-01	 4.79179791E-10	 6.36994575E-10	 7.61931280E-10	 6.00839247E-10	 1.65902914E-03	 9.21096547E-04	-4.18676298E-04	-8.15766542E-04
 8.950000E-01	 3.80460354E-10	 5.54783692E-10	 8.48668522E-10	 6.96106779E-10	 1.86511075E-03	 1.12866988E-03	-4.04799441E-04	-8.06523472E-04
 9.000000E-01	 2.31280184E-10	 4.11648613E-10	 9.26402649E-10	 7.94789270E-10	 2.08771604E-03	 1.35602907E-03	-3.81319368E-04	-7.67345285E-04
 9.050000E-01	 3.76779116E-11	 2.29369577E-10	 1.00032987E-09	 8.72488845E-10	 2.32687472E-03	 1.60048371E-03	-3.45731162E-04	-6.90406940E-04
 9.100000E-01	-1.74885165E-10	 4.69753491E-11	 1.07076913E-09	 8.94527983E-10	 2.58188618E-03	 1.85717900E-03	-2.94561842E-04	-5.67370467E-04
 9.150000E-01	-3.98809668E-10	-1.22353863E-10	 1.13330087E-09	 8.51822657E-10	 2.85318366E-03	 2.11902707E-03	-2.26117199E-04	-3.91598646E-04
 9.200000E-01	-6.40044596E-10	-2.86230558E-10	 1.16921625E-09	 7.40312269E-10	 3.13584975E-03	 2.37615145E-03	-1.29910661E-04	-1.54332587E-04
 9.250000E-01	-9.15298831E-10	-4.62814135E-10	 1.15193470E-09	 5.52163219E-10	 3.43125192E-03	 2.61656767E-03	-5.54939934E-06	 1.45791344E-04
 9.300000E-01	-1.22880034E-09	-6.46367900E-10	 1.05716591E-09	 2.78135453E-10	 3.72519559E-03	 2.82346431E-03	 1.72113593E-04	 5.16107315E-04
 9.350000E-01	-1.55241543E-09	-7.85215768E-10	 8.84239247E-10	-6.68443225E-11	 3.99553925E-03	 2.98399336E-03	 4.40390551E-04	 9.48707319E-04
 9.400000E-01	-1.86269427E-09	-8.34087000E-10	 6.52981464E-10	-4.35826464E-10	 4.24442598E-03	 3.07613097E-03	 7.90454786E-04	 1.42057418E-03
 9.450000E-01	-2.16078867E-09	-7.72100077E-10	 3.40331404E-10	-8.31576312E-10	 4.48020566E-03	 3.05200554E-03	 1.19690555E-03	 1.93335996E-03
 9.500000E-01	-2.45823136E-09	-6.81478033E-10	-6.07086810E-11	-1.13955945E-09	 4.65154395E-03	 2.96871646E-03	 1.72491703E-03	 2.31977927E-03
 9.550000E-01	-2.56546845E-09	-5.41987400E-10	-6.64000078E-10	-1.36991045E-09	 4.66349767E-03	 2.69460706E-03	 2.39317086E-03	 2.69612027E-03
 9.600000E-01	-2.66845706E-09	-2.20299288E-10	-1.40408190E-09	-1.37111988E-09	 4.64498197E-03	 2.26558786E-03	 3.18095801E-03	 2.87625537E-03
 9.650000E-01	-2.41696143E-09	-4.51521153E-10	-1.75014588E-09	-1.66405614E-09	 4.26099399E-03	 2.27373368E-03	 3.54557773E-03	 3.18017883E-03
 9.700000E-01	-2.16376375E-09	-6.94598653E-10	-1.99053331E-09	-1.97230102E-09	 4.08915039E-03	 2.37819959E-03	 4.00153882E-03	 3.57800802E-03
 9.750000E-01	-1.69031794E-09	 2.78992689E-12	-1.28112222E-09	-1.55382260E-09	 7.19424482E-03	 1.33296905E-03	 4.91880749E-05	 2.58666034E-03
 9.800000E-01	-2.32008787E-09	 2.51526093E-09	-6.78435669E-11	-3.14261130E-09	 7.45320644E-02	 2.95666761E-03	-7.20520837E-02	-7.41312699E-04
 9.850000E-01	-3.53579098E-10	 1.11805669E-09	-4.34466047E-10	 2.07682379E-09	 1.55148760E-02	-3.37556573E-03	 1.76690227E-02	-1.31823796E-02
 9.900000E-01	 9.04367913E-10	-1.29914578E-10	 9.64524945E-11	-3.26605536E-10	-2.19637044E-02	-5.50736277E-03	 4.25346099E-04	-8.34769416E-04
 9.950000E-01	-4.71480698E-10	-1.03659155E-09	-4.31666109E-10	-1.72241996E-09	-1.55272532E-02	 8.12239539E-03	-1.53527449E-02	 8.52327772E-03
 1.000000E+00	 0.00000000E+00	 0.00000000E+00	 0.00000000E+00	 0.00000000E+00	 0.00000000E+00	 0.00000000E+00	 0.00000000E+00	 0.00000000E+00
