l	m	n	kenc	ke	menc	me	vprlfnc	vprlf
   1	  14	  14	 1.184486E-02	 5.153996E-03	-2.880187E-01	-3.745845E-01	 4.585591E-09	 4.762856E-09
   2	  15	  14	 2.482562E-03	 2.067680E-04	-8.138980E-01	-1.023334E+00	 7.703611E-09	 8.109756E-09
   3	  16	  14	 9.011516E-03	 2.042007E-03	-6.737567E-03	 5.510748E-02	 3.303173E-09	 3.422898E-09
   4	  17	  14	 2.749597E-03	 1.400805E-03	-7.047455E-01	 1.000000E+00	 4.441740E-09	 4.052302E-09
   5	  18	  14	 2.181745E-03	 5.257212E-03	-1.677340E-01	-1.182123E-01	 1.973756E-09	 2.126451E-09
   6	  19	  14	 1.354880E-03	 1.218175E-03	-8.567346E-02	-3.393648E-01	 2.667834E-09	 2.865962E-09
   7	  20	  14	 7.166349E-03	 1.323462E-02	-1.435538E-01	-2.871793E-01	 1.576048E-09	 1.643016E-09
   8	  21	  14	 9.352224E-04	 6.455211E-04	-3.891347E-02	-2.092962E-01	 1.483336E-09	 1.512601E-09
   9	  22	  14	 6.096495E-03	 1.543714E-02	-7.683863E-02	-3.077103E-01	 1.630295E-09	 1.821028E-09
  10	  23	  14	 1.810824E-03	 1.782512E-03	-1.957308E-01	-4.181627E-01	 5.985709E-10	 5.300051E-10
  11	  24	  14	 3.455562E-03	 9.125645E-03	-8.515713E-02	 3.033899E-01	 4.163609E-09	 3.963942E-09
  12	  25	  14	 3.058015E-04	-1.300311E-04	-6.207729E-02	 1.478062E-01	 4.001528E-09	 4.696983E-09
  13	  26	  14	 1.191072E-03	 3.724439E-03	-6.901763E-02	-2.311395E-01	 6.676561E-09	 7.387795E-09
