r	R 14/14	R 15/14	R 16/14	R 17/14	I 14/14	I 15/14	I 16/14	I 17/14
 0.000000E+00	 0.00000000E+00	 0.00000000E+00	 0.00000000E+00	 0.00000000E+00	 0.00000000E+00	 0.00000000E+00	 0.00000000E+00	 0.00000000E+00
 5.000000E-03	-3.62591347E-26	 2.51836517E-26	 4.83958474E-27	 1.74993070E-26	 2.60706730E-25	-1.53810677E-27	-5.15761402E-26	 2.56578614E-27
 1.000000E-02	-7.28816760E-25	 1.68777906E-24	 6.03519610E-26	 1.13942533E-25	 4.75186395E-24	 2.49363448E-26	-8.27110296E-25	-3.73058920E-27
 1.500000E-02	-7.80558858E-24	 2.95823610E-23	 7.06735002E-25	-2.74511826E-25	 4.79713557E-23	-6.31334957E-26	-9.16779031E-24	-1.32921488E-25
 2.000000E-02	-5.18185056E-23	 2.89873083E-22	 1.61001334E-24	-1.94140330E-24	 3.83704935E-22	-1.26704029E-25	-7.99867811E-23	-2.57330119E-24
 2.500000E-02	-1.71730087E-22	 2.01275046E-21	-4.21493862E-23	 2.65122458E-23	 2.65632509E-21	 8.24472523E-23	-4.90803027E-22	-6.62904113E-23
 3.000000E-02	 1.46955156E-22	 1.06284139E-20	-2.21572238E-22	-6.31241415E-23	 1.56987643E-20	 1.18121956E-21	-1.79435273E-21	-2.65011529E-22
 3.500000E-02	 4.32124215E-21	 3.89006299E-20	-8.84476351E-22	 1.36870271E-21	 7.97054762E-20	 9.89123832E-21	-7.81092642E-21	-7.19230292E-22
 4.000000E-02	 2.16714944E-20	 1.01323695E-19	-6.23309818E-21	 1.45596490E-20	 3.40496310E-19	 5.72202656E-20	-3.75173919E-20	-3.09041247E-21
 4.500000E-02	 7.15678540E-20	 2.28872914E-19	-3.03755324E-20	 5.48945391E-20	 1.22010473E-18	 2.44334801E-19	-1.13609642E-19	-7.01660713E-21
 5.000000E-02	 2.19185215E-19	 3.83092193E-19	-1.23575693E-19	 1.69183601E-19	 3.83096992E-18	 8.61305853E-19	-2.25132499E-19	 1.11558821E-21
 5.500000E-02	 5.82131117E-19	-1.68944987E-19	-4.65722013E-19	 4.45415531E-19	 1.03584095E-17	 2.65271012E-18	-6.66968850E-20	 1.47069621E-19
 6.000000E-02	 1.00270459E-18	-5.95388124E-18	-1.96863482E-18	 9.38105742E-19	 2.19416529E-17	 7.41631670E-18	 1.47720802E-18	 8.42004475E-19
 6.500000E-02	-1.24855539E-18	-3.34277625E-17	-8.61443300E-18	 1.44774098E-18	 2.21522625E-17	 1.85742748E-17	 5.79321729E-18	 2.54334738E-18
 7.000000E-02	-2.08378325E-17	-1.08325515E-16	-2.82607965E-17	-4.72845577E-19	-8.69168516E-17	 3.46430119E-17	 1.65725559E-17	 6.58161452E-18
 7.500000E-02	-9.79351216E-17	-2.48516852E-16	-6.91245240E-17	-1.12502658E-17	-5.94004685E-16	 2.87574089E-17	 4.12474455E-17	 1.65277292E-17
 8.000000E-02	-3.12712196E-16	-4.45301516E-16	-1.33480044E-16	-3.98647975E-17	-2.11551461E-15	-8.65228567E-17	 8.20224403E-17	 3.73127683E-17
 8.500000E-02	-8.07047289E-16	-6.04441987E-16	-1.95121049E-16	-9.35959775E-17	-5.76896415E-15	-5.23162383E-16	 1.32308246E-16	 7.86097652E-17
 9.000000E-02	-1.77052325E-15	-5.87376751E-16	-2.05492001E-16	-1.70126056E-16	-1.32096985E-14	-1.67073087E-15	 1.52958937E-16	 1.49656938E-16
 9.500000E-02	-3.44611827E-15	-2.96557271E-16	-1.10514768E-16	-2.61913023E-16	-2.69179133E-14	-4.21303026E-15	 7.45454315E-17	 2.74293077E-16
 1.000000E-01	-6.08510756E-15	-1.59253410E-16	-3.63694729E-17	-4.18631542E-16	-5.09051881E-14	-9.29023871E-15	-2.91614377E-16	 4.41422248E-16
 1.050000E-01	-1.01537533E-14	-1.43506071E-15	-5.00025862E-16	-8.23676254E-16	-9.37342060E-14	-1.90724840E-14	-1.72985544E-15	 3.33963190E-16
 1.100000E-01	-1.74357977E-14	-3.22136481E-15	-1.15239110E-15	-1.45918678E-15	-1.74022355E-13	-3.87223324E-14	-5.85308046E-15	-6.23081878E-16
 1.150000E-01	-3.06705192E-14	-1.56173707E-15	-7.85220244E-17	-1.78684413E-15	-3.15922391E-13	-7.66597307E-14	-1.46883873E-14	-2.87589790E-15
 1.200000E-01	-5.16773347E-14	 4.78931455E-15	 3.71668067E-15	-1.39710890E-15	-5.43068685E-13	-1.42841423E-13	-3.10154984E-14	-7.13670387E-15
 1.250000E-01	-8.24033935E-14	 1.32477035E-14	 9.59887064E-15	-3.48029184E-16	-8.92123402E-13	-2.52031808E-13	-5.96224810E-14	-1.49232814E-14
 1.300000E-01	-1.25573191E-13	 1.65023064E-14	 1.45366168E-14	 3.18916653E-16	-1.42604947E-12	-4.28120848E-13	-1.08792114E-13	-2.93073881E-14
 1.350000E-01	-1.86866754E-13	 1.70125219E-15	 1.23355466E-14	-1.90391859E-15	-2.26098353E-12	-7.11776486E-13	-1.94967662E-13	-5.78603278E-14
 1.400000E-01	-2.85506632E-13	-2.92273134E-14	 5.83276006E-15	-6.12679922E-15	-3.60122659E-12	-1.17638551E-12	-3.47070790E-13	-1.13372456E-13
 1.450000E-01	-4.51288728E-13	-5.92016183E-14	 7.97111966E-15	-6.92878859E-15	-5.68462916E-12	-1.91783293E-12	-6.03317409E-13	-2.12132930E-13
 1.500000E-01	-7.16606515E-13	-6.66748285E-14	 3.55468699E-14	 4.29934390E-15	-8.74447158E-12	-3.04805659E-12	-1.00982737E-12	-3.72445770E-13
 1.550000E-01	-1.10634546E-12	-4.27175958E-14	 1.01114379E-13	 3.69740141E-14	-1.29934672E-11	-4.70357364E-12	-1.60986448E-12	-5.99955189E-13
 1.600000E-01	-1.56554780E-12	-1.61525024E-13	 9.19163915E-14	 4.08669668E-14	-1.86720287E-11	-7.02707873E-12	-2.45401737E-12	-9.09399445E-13
 1.650000E-01	-2.04681058E-12	-7.05662306E-13	-1.98027530E-13	-9.04274066E-14	-2.68887994E-11	-1.04338324E-11	-3.75979876E-12	-1.43716279E-12
 1.700000E-01	-2.80997925E-12	-1.45309014E-12	-6.13537530E-13	-2.90083421E-13	-3.99011441E-11	-1.59094643E-11	-5.99172578E-12	-2.42111724E-12
 1.750000E-01	-4.16246577E-12	-1.86059521E-12	-7.33086872E-13	-3.34652969E-13	-5.89712090E-11	-2.43676839E-11	-9.50614279E-12	-3.94797162E-12
 1.800000E-01	-5.88803082E-12	-2.22369542E-12	-7.71019213E-13	-3.16359488E-13	-8.41681049E-11	-3.62543364E-11	-1.44641086E-11	-6.01630721E-12
 1.850000E-01	-7.68123281E-12	-3.42616243E-12	-1.43486396E-12	-6.16115189E-13	-1.18107860E-10	-5.28776422E-11	-2.15318128E-11	-8.98158717E-12
 1.900000E-01	-9.76715392E-12	-5.71588860E-12	-2.94171083E-12	-1.37620811E-12	-1.66483024E-10	-7.71027482E-11	-3.21372152E-11	-1.35651978E-11
 1.950000E-01	-1.25761702E-11	-8.94721068E-12	-5.17511112E-12	-2.55457710E-12	-2.35582235E-10	-1.12540732E-10	-4.80796306E-11	-2.06050198E-11
 2.000000E-01	-1.66663665E-11	-1.29385599E-11	-7.91859386E-12	-4.03532222E-12	-3.32543699E-10	-1.63612520E-10	-7.16377604E-11	-3.11530177E-11
 2.050000E-01	-2.26680418E-11	-1.74170338E-11	-1.08309561E-11	-5.61573980E-12	-4.64398633E-10	-2.35191891E-10	-1.05469338E-10	-4.64378274E-11
 2.100000E-01	-3.09018450E-11	-2.23112660E-11	-1.37888317E-11	-7.21322321E-12	-6.37625279E-10	-3.32413369E-10	-1.52558078E-10	-6.78898444E-11
 2.150000E-01	-4.15126758E-11	-2.76701442E-11	-1.67871826E-11	-8.79606701E-12	-8.59545255E-10	-4.61397176E-10	-2.16560577E-10	-9.72882371E-11
 2.200000E-01	-5.41007974E-11	-3.41017142E-11	-2.04853471E-11	-1.07879961E-11	-1.13812945E-09	-6.29016006E-10	-3.01749059E-10	-1.36800979E-10
 2.250000E-01	-6.81193322E-11	-4.24025416E-11	-2.58464134E-11	-1.38765133E-11	-1.48572567E-09	-8.44849550E-10	-4.14117082E-10	-1.89702033E-10
 2.300000E-01	-8.40876572E-11	-5.22625761E-11	-3.25288816E-11	-1.78684115E-11	-1.91843817E-09	-1.12145748E-09	-5.61590691E-10	-2.60348459E-10
 2.350000E-01	-1.02863683E-10	-6.30611512E-11	-3.96898692E-11	-2.21413461E-11	-2.45062998E-09	-1.47157643E-09	-7.52556896E-10	-3.53297787E-10
 2.400000E-01	-1.24375878E-10	-7.51012391E-11	-4.75653302E-11	-2.67832037E-11	-3.09603497E-09	-1.90825388E-09	-9.96011130E-10	-4.73661851E-10
 2.450000E-01	-1.48414774E-10	-8.86564318E-11	-5.64770819E-11	-3.20445639E-11	-3.87143252E-09	-2.44666529E-09	-1.30273091E-09	-6.28071637E-10
 2.500000E-01	-1.76464929E-10	-1.02334303E-10	-6.47256554E-11	-3.68032680E-11	-4.79438512E-09	-3.10409331E-09	-1.68524048E-09	-8.23957742E-10
 2.550000E-01	-2.06952021E-10	-1.16597070E-10	-7.35955650E-11	-4.20283894E-11	-5.87587864E-09	-3.89834504E-09	-2.15624294E-09	-1.06669714E-09
 2.600000E-01	-2.17773479E-10	-1.46111141E-10	-1.07490404E-10	-6.75663777E-11	-7.14238061E-09	-4.85543052E-09	-2.73282802E-09	-1.36489191E-09
 2.650000E-01	-1.88051908E-10	-2.05577301E-10	-1.92672214E-10	-1.36834019E-10	-8.73224835E-09	-6.06387818E-09	-3.47072070E-09	-1.75634546E-09
 2.700000E-01	-1.64673604E-10	-2.66613317E-10	-2.81424697E-10	-2.11265833E-10	-1.08338399E-08	-7.65952661E-09	-4.45933353E-09	-2.29794069E-09
 2.750000E-01	-2.05152980E-10	-2.91773622E-10	-3.06552511E-10	-2.31515729E-10	-1.33937230E-08	-9.64906516E-09	-5.71317752E-09	-2.99079557E-09
 2.800000E-01	-2.44671083E-10	-3.13685785E-10	-3.29822463E-10	-2.49473266E-10	-1.62540035E-08	-1.19541222E-08	-7.18946639E-09	-3.80318927E-09
 2.850000E-01	-1.92256910E-10	-3.81920899E-10	-4.50061384E-10	-3.55173513E-10	-1.96195595E-08	-1.47049709E-08	-8.97187022E-09	-4.79679443E-09
 2.900000E-01	-1.20331205E-10	-4.63159437E-10	-5.99326997E-10	-4.89362634E-10	-2.38516112E-08	-1.81622524E-08	-1.12358295E-08	-6.09006147E-09
 2.950000E-01	-1.43703439E-10	-5.01877420E-10	-6.57001764E-10	-5.38260028E-10	-2.88987828E-08	-2.23459624E-08	-1.40124647E-08	-7.69602092E-09
 3.000000E-01	-2.08833462E-10	-5.18412430E-10	-6.67996178E-10	-5.40344128E-10	-3.45237903E-08	-2.71264634E-08	-1.72294802E-08	-9.56350874E-09
 3.050000E-01	-2.17226736E-10	-5.53183090E-10	-7.27717722E-10	-5.86539384E-10	-4.08366019E-08	-3.25787129E-08	-2.09391598E-08	-1.17358041E-08
 3.100000E-01	-2.15838380E-10	-5.89376521E-10	-7.92869779E-10	-6.35690452E-10	-4.80736699E-08	-3.88792783E-08	-2.52660815E-08	-1.43038786E-08
 3.150000E-01	-2.90357901E-10	-5.96488143E-10	-7.80163939E-10	-6.03707192E-10	-5.61791210E-08	-4.60220380E-08	-3.02203128E-08	-1.72731354E-08
 3.200000E-01	-4.00549120E-10	-5.85840626E-10	-7.21624588E-10	-5.20679955E-10	-6.49789640E-08	-5.39012731E-08	-3.57391833E-08	-2.06007758E-08
 3.250000E-01	-4.65614177E-10	-5.79840309E-10	-6.87788166E-10	-4.59060454E-10	-7.45415759E-08	-6.25679913E-08	-4.18572009E-08	-2.43138316E-08
 3.300000E-01	-4.76759839E-10	-5.77093798E-10	-6.83980484E-10	-4.27480528E-10	-8.50500204E-08	-7.21666788E-08	-4.86734645E-08	-2.84804383E-08
 3.350000E-01	-4.38215166E-10	-5.70824963E-10	-7.01928522E-10	-4.20099181E-10	-9.66421238E-08	-8.28318069E-08	-5.62840981E-08	-3.31571548E-08
 3.400000E-01	-2.93298738E-10	-5.69440631E-10	-7.85949634E-10	-4.84988800E-10	-1.09504143E-07	-9.47400924E-08	-6.48124468E-08	-3.84154613E-08
 3.450000E-01	 1.33539795E-11	-5.83280927E-10	-9.83976941E-10	-6.75785462E-10	-1.24033013E-07	-1.08218124E-07	-7.44811251E-08	-4.43999316E-08
 3.500000E-01	 3.91067154E-10	-5.93674751E-10	-1.22415274E-09	-9.18395827E-10	-1.40711438E-07	-1.23687603E-07	-8.55888321E-08	-5.13007252E-08
 3.550000E-01	 7.65543586E-10	-5.83848611E-10	-1.44588999E-09	-1.14803723E-09	-1.59672569E-07	-1.41365796E-07	-9.83137818E-08	-5.92028428E-08
 3.600000E-01	 1.47771959E-09	-6.01961558E-10	-1.92185990E-09	-1.67004650E-09	-1.81144776E-07	-1.61533570E-07	-1.12867125E-07	-6.82104941E-08
 3.650000E-01	 2.90144452E-09	-6.93860210E-10	-2.94461111E-09	-2.81840837E-09	-2.06632847E-07	-1.85404385E-07	-1.30074700E-07	-7.88710924E-08
 3.700000E-01	 4.55664128E-09	-7.95052293E-10	-4.13105412E-09	-4.14901654E-09	-2.38036049E-07	-2.14569228E-07	-1.51051373E-07	-9.19270397E-08
 3.750000E-01	 5.70079298E-09	-8.23903579E-10	-4.90099157E-09	-4.97789032E-09	-2.75291829E-07	-2.49122303E-07	-1.75911941E-07	-1.07435977E-07
 3.800000E-01	 6.26171031E-09	-7.87421568E-10	-5.20900226E-09	-5.24234034E-09	-3.17435032E-07	-2.88383086E-07	-2.04214852E-07	-1.25084902E-07
 3.850000E-01	 6.52138224E-09	-7.27581929E-10	-5.28490856E-09	-5.20467082E-09	-3.63997139E-07	-3.32065991E-07	-2.35779430E-07	-1.44723529E-07
 3.900000E-01	 7.29391959E-09	-7.22300945E-10	-5.75118810E-09	-5.59231671E-09	-4.15033114E-07	-3.80257219E-07	-2.70649757E-07	-1.66352301E-07
 3.950000E-01	 9.30466298E-09	-8.28683626E-10	-7.14712109E-09	-7.04031943E-09	-4.73109982E-07	-4.34947246E-07	-3.10128868E-07	-1.90857930E-07
 4.000000E-01	 1.13150416E-08	-9.38512789E-10	-8.51705714E-09	-8.40492287E-09	-5.41305100E-07	-4.98657501E-07	-3.55939136E-07	-2.19401885E-07
 4.050000E-01	 1.16285612E-08	-9.24047308E-10	-8.57701573E-09	-8.14518625E-09	-6.17991859E-07	-5.70259192E-07	-4.07358597E-07	-2.51449019E-07
 4.100000E-01	 1.07179009E-08	-8.25493524E-10	-7.69578727E-09	-6.71753595E-09	-6.99732160E-07	-6.47039822E-07	-4.62521106E-07	-2.85687826E-07
 4.150000E-01	 1.00331526E-08	-7.51401206E-10	-6.98070283E-09	-5.45909091E-09	-7.86179499E-07	-7.28841191E-07	-5.21305393E-07	-3.21945902E-07
 4.200000E-01	 1.15607650E-08	-8.55962667E-10	-7.93234627E-09	-6.12952063E-09	-8.79243737E-07	-8.17309367E-07	-5.84789289E-07	-3.60860046E-07
 4.250000E-01	 1.66309689E-08	-1.22993047E-09	-1.15228797E-08	-9.86085544E-09	-9.86156186E-07	-9.18074302E-07	-6.56629844E-07	-4.04920258E-07
 4.300000E-01	 2.10988216E-08	-1.59614909E-09	-1.46340490E-08	-1.29224565E-08	-1.11461847E-06	-1.03749528E-06	-7.41124432E-07	-4.56976287E-07
 4.350000E-01	 2.02330700E-08	-1.68119875E-09	-1.37801349E-08	-1.11250275E-08	-1.25783855E-06	-1.17091403E-06	-8.35345148E-07	-5.14738663E-07
 4.400000E-01	 1.88277398E-08	-1.84813955E-09	-1.26085093E-08	-8.75972188E-09	-1.40561006E-06	-1.31036277E-06	-9.33846284E-07	-5.74292514E-07
 4.450000E-01	 2.33167441E-08	-2.53819366E-09	-1.59189261E-08	-1.14997883E-08	-1.56720684E-06	-1.46244518E-06	-1.04055482E-06	-6.38422368E-07
 4.500000E-01	 2.84305254E-08	-3.40178285E-09	-1.97087559E-08	-1.45903870E-08	-1.75669646E-06	-1.63813095E-06	-1.16256087E-06	-7.11956119E-07
 4.550000E-01	 2.66349416E-08	-3.94898711E-09	-1.83374597E-08	-1.13443567E-08	-1.96605156E-06	-1.83184939E-06	-1.29632577E-06	-7.92104675E-07
 4.600000E-01	 2.29124458E-08	-4.54267845E-09	-1.56035915E-08	-6.21511891E-09	-2.18129184E-06	-2.03267185E-06	-1.43443798E-06	-8.73548644E-07
 4.650000E-01	 2.48203691E-08	-5.71818109E-09	-1.71837561E-08	-5.85795769E-09	-2.41063809E-06	-2.24614912E-06	-1.57989672E-06	-9.58411964E-07
 4.700000E-01	 2.77961257E-08	-7.11283627E-09	-1.95402930E-08	-6.17941351E-09	-2.66819400E-06	-2.48305196E-06	-1.73935933E-06	-1.05113800E-06
 4.750000E-01	 2.52992801E-08	-8.19858957E-09	-1.76777432E-08	-1.39743331E-09	-2.94748694E-06	-2.73934864E-06	-1.91030489E-06	-1.14937257E-06
 4.800000E-01	 2.44809921E-08	-9.65464535E-09	-1.72148610E-08	 2.13627775E-09	-3.23856167E-06	-3.00767401E-06	-2.08769005E-06	-1.24914331E-06
 4.850000E-01	 3.36728574E-08	-1.23753281E-08	-2.46833818E-08	-2.86615327E-09	-3.55985890E-06	-3.30104398E-06	-2.27881475E-06	-1.35549179E-06
 4.900000E-01	 3.97635473E-08	-1.51907181E-08	-2.96958519E-08	-4.50665324E-09	-3.93382285E-06	-3.63647125E-06	-2.49386575E-06	-1.47510469E-06
 4.950000E-01	 2.80278178E-08	-1.65491087E-08	-2.05963461E-08	 1.02427301E-08	-4.33392555E-06	-3.99506976E-06	-2.72107751E-06	-1.59894080E-06
 5.000000E-01	 1.95996593E-08	-1.86753438E-08	-1.46436801E-08	 2.17401913E-08	-4.72616814E-06	-4.35089979E-06	-2.94368325E-06	-1.71498118E-06
 5.050000E-01	 4.08291270E-08	-2.49867460E-08	-3.36193468E-08	 5.97722547E-09	-5.15833809E-06	-4.73982921E-06	-3.18272965E-06	-1.83710832E-06
 5.100000E-01	 7.09200968E-08	-3.36952194E-08	-6.07914251E-08	-1.76520118E-08	-5.70037535E-06	-5.21722744E-06	-3.47183768E-06	-1.98644147E-06
 5.150000E-01	 7.97252767E-08	-4.12167686E-08	-7.14116860E-08	-2.16046504E-08	-6.33307208E-06	-5.77171188E-06	-3.80401373E-06	-2.15601386E-06
 5.200000E-01	 8.24980418E-08	-4.97059363E-08	-7.87380875E-08	-2.05279388E-08	-7.01350596E-06	-6.37203627E-06	-4.15941290E-06	-2.33089988E-06
 5.250000E-01	 1.05563111E-07	-6.36658579E-08	-1.05849967E-07	-3.88857664E-08	-7.77538687E-06	-7.04442596E-06	-4.55196718E-06	-2.51868209E-06
 5.300000E-01	 1.44757154E-07	-8.37910310E-08	-1.50030398E-07	-7.22890213E-08	-8.67997332E-06	-7.83709739E-06	-5.00830581E-06	-2.73437971E-06
 5.350000E-01	 1.83393566E-07	-1.08330260E-07	-1.97265606E-07	-1.04717961E-07	-9.75447308E-06	-8.77089313E-06	-5.53769728E-06	-2.98198301E-06
 5.400000E-01	 1.97427904E-07	-1.32589996E-07	-2.25565664E-07	-1.13535751E-07	-1.10010648E-05	-9.84790525E-06	-6.13817441E-06	-3.25787885E-06
 5.450000E-01	 1.72136998E-07	-1.52504588E-07	-2.20594764E-07	-8.51211424E-08	-1.23541366E-05	-1.10221818E-05	-6.78118832E-06	-3.53963645E-06
 5.500000E-01	 1.62420473E-07	-1.79964504E-07	-2.34079275E-07	-7.20160994E-08	-1.37491970E-05	-1.22454469E-05	-7.43577203E-06	-3.80480552E-06
 5.550000E-01	 2.23910684E-07	-2.30556512E-07	-3.20947919E-07	-1.26841358E-07	-1.53265609E-05	-1.36182981E-05	-8.15153275E-06	-4.08444157E-06
 5.600000E-01	 2.71620566E-07	-2.85818930E-07	-3.99500144E-07	-1.66339760E-07	-1.72591500E-05	-1.52723343E-05	-8.99543811E-06	-4.41659991E-06
 5.650000E-01	 2.04114137E-07	-3.16077225E-07	-3.66171448E-07	-9.14791613E-08	-1.93728856E-05	-1.70858227E-05	-9.89869775E-06	-4.75104780E-06
 5.700000E-01	 1.16549886E-07	-3.42765819E-07	-3.13413452E-07	 4.51796651E-09	-2.14093884E-05	-1.88637198E-05	-1.07517990E-05	-5.01814524E-06
 5.750000E-01	 1.39224823E-07	-4.06765007E-07	-3.77382124E-07	-6.22655954E-09	-2.35376665E-05	-2.07237653E-05	-1.16074587E-05	-5.25070847E-06
 5.800000E-01	 1.97513663E-07	-4.91763781E-07	-4.84268323E-07	-4.89525925E-08	-2.60475784E-05	-2.28852687E-05	-1.25709402E-05	-5.50642310E-06
 5.850000E-01	 1.69577147E-07	-5.57853883E-07	-5.02958126E-07	-2.00975896E-09	-2.88457416E-05	-2.52879592E-05	-1.36057118E-05	-5.75495832E-06
 5.900000E-01	 8.29877549E-08	-6.08908263E-07	-4.58755688E-07	 1.06784683E-07	-3.17103933E-05	-2.77680901E-05	-1.46232181E-05	-5.94029666E-06
 5.950000E-01	 1.36951357E-08	-6.70418920E-07	-4.34482428E-07	 2.00470666E-07	-3.46273951E-05	-3.03152140E-05	-1.56106837E-05	-6.05109711E-06
 6.000000E-01	 9.56409397E-09	-7.64812533E-07	-4.89824767E-07	 2.27817621E-07	-3.76859320E-05	-3.30011155E-05	-1.65945346E-05	-6.09475087E-06
 6.050000E-01	 9.82727278E-08	-9.12578100E-07	-6.66821373E-07	 1.57775876E-07	-4.10950145E-05	-3.59991531E-05	-1.76470645E-05	-6.09617804E-06
 6.100000E-01	 2.28816036E-07	-1.10300279E-06	-9.12711546E-07	 4.42782673E-08	-4.51065596E-05	-3.95275885E-05	-1.88562423E-05	-6.07871486E-06
 6.150000E-01	 3.32832495E-07	-1.31080089E-06	-1.14680235E-06	-3.95673052E-08	-4.97548929E-05	-4.36391619E-05	-2.02286540E-05	-6.02094738E-06
 6.200000E-01	 4.17838118E-07	-1.53993349E-06	-1.37823703E-06	-1.01300579E-07	-5.50049357E-05	-4.83318260E-05	-2.17426013E-05	-5.88633453E-06
 6.250000E-01	 5.21028498E-07	-1.81232685E-06	-1.65755974E-06	-1.80814216E-07	-6.09182440E-05	-5.36825199E-05	-2.34065029E-05	-5.64706299E-06
 6.300000E-01	 6.96406786E-07	-2.16508139E-06	-2.06443632E-06	-3.36539441E-07	-6.76318543E-05	-5.98331641E-05	-2.52494689E-05	-5.27820005E-06
 6.350000E-01	 9.83463306E-07	-2.63482850E-06	-2.66433353E-06	-6.10179092E-07	-7.54667767E-05	-6.70778260E-05	-2.73511817E-05	-4.77138666E-06
 6.400000E-01	 1.28834109E-06	-3.18646360E-06	-3.33806518E-06	-8.97587102E-07	-8.47756169E-05	-7.57601545E-05	-2.98015773E-05	-4.10765673E-06
 6.450000E-01	 1.49671434E-06	-3.75791470E-06	-3.92436711E-06	-1.07241840E-06	-9.55034356E-05	-8.59208122E-05	-3.25732417E-05	-3.20920011E-06
 6.500000E-01	 1.68120028E-06	-4.38686755E-06	-4.52019817E-06	-1.21235394E-06	-1.07473507E-04	-9.75012128E-05	-3.56021186E-05	-1.98856616E-06
 6.550000E-01	 1.95075522E-06	-5.14647990E-06	-5.28526475E-06	-1.43568936E-06	-1.20896444E-04	-1.10758262E-04	-3.89323471E-05	-4.06056508E-07
 6.600000E-01	 2.22880494E-06	-6.00042579E-06	-6.10965459E-06	-1.66015913E-06	-1.36059009E-04	-1.26054157E-04	-4.26497944E-05	 1.57295065E-06
 6.650000E-01	 2.41444674E-06	-6.87858732E-06	-6.83281483E-06	-1.77762662E-06	-1.52832924E-04	-1.43469297E-04	-4.67715606E-05	 4.02681793E-06
 6.700000E-01	 2.65627163E-06	-7.86764415E-06	-7.67554165E-06	-1.95889339E-06	-1.71004774E-04	-1.63029392E-04	-5.13142040E-05	 7.02821467E-06
 6.750000E-01	 3.14140204E-06	-9.10133095E-06	-8.93183320E-06	-2.41620272E-06	-1.91004486E-04	-1.85334894E-04	-5.64719885E-05	 1.05890757E-05
 6.800000E-01	 3.69139437E-06	-1.04694512E-05	-1.03033042E-05	-2.93493478E-06	-2.13370644E-04	-2.11182982E-04	-6.25226886E-05	 1.47037207E-05
 6.850000E-01	 4.01876586E-06	-1.17503160E-05	-1.12839146E-05	-3.17325206E-06	-2.37659579E-04	-2.40568265E-04	-6.95640273E-05	 1.93669386E-05
 6.900000E-01	 4.11625635E-06	-1.28904473E-05	-1.18103634E-05	-3.12580000E-06	-2.62969476E-04	-2.73063309E-04	-7.76284500E-05	 2.45293673E-05
 6.950000E-01	 4.14895631E-06	-1.39655787E-05	-1.21190552E-05	-2.99436132E-06	-2.88637909E-04	-3.08487609E-04	-8.68838439E-05	 3.01177755E-05
 7.000000E-01	 4.64354823E-06	-1.52872622E-05	-1.30696874E-05	-3.43118191E-06	-3.14326215E-04	-3.46976387E-04	-9.76168594E-05	 3.60229319E-05
 7.050000E-01	 6.13505013E-06	-1.71923848E-05	-1.55382169E-05	-5.11461962E-06	-3.41304236E-04	-3.90412817E-04	-1.10593215E-04	 4.20629187E-05
 7.100000E-01	 7.96848947E-06	-1.92850967E-05	-1.83775100E-05	-7.23396893E-06	-3.71075600E-04	-4.41416132E-04	-1.26947856E-04	 4.79854902E-05
 7.150000E-01	 9.23558269E-06	-2.09469243E-05	-1.99840138E-05	-8.62691977E-06	-4.02102514E-04	-4.99642391E-04	-1.47273671E-04	 5.34622328E-05
 7.200000E-01	 1.08691956E-05	-2.25529046E-05	-2.17953965E-05	-1.04664346E-05	-4.32188851E-04	-5.63703573E-04	-1.71856333E-04	 5.80881474E-05
 7.250000E-01	 1.42330917E-05	-2.47256920E-05	-2.58978472E-05	-1.45153917E-05	-4.62596110E-04	-6.36313892E-04	-2.02026700E-04	 6.12547550E-05
 7.300000E-01	 1.80582762E-05	-2.68719603E-05	-3.00866024E-05	-1.90724334E-05	-4.94876129E-04	-7.21645588E-04	-2.39987705E-04	 6.19660971E-05
 7.350000E-01	 2.03918613E-05	-2.81097111E-05	-3.11988483E-05	-2.14687850E-05	-5.25418653E-04	-8.17568008E-04	-2.86640764E-04	 5.89519889E-05
 7.400000E-01	 2.30644119E-05	-2.88789148E-05	-3.19867071E-05	-2.41837045E-05	-5.49698373E-04	-9.19436784E-04	-3.41822309E-04	 5.10169971E-05
 7.450000E-01	 2.91148911E-05	-2.98778002E-05	-3.66992827E-05	-3.14032497E-05	-5.69022429E-04	-1.03133238E-03	-4.07910833E-04	 3.66493582E-05
 7.500000E-01	 3.70399572E-05	-3.06445272E-05	-4.27125233E-05	-4.09399193E-05	-5.85213398E-04	-1.16095684E-03	-4.89551003E-04	 1.32108995E-05
 7.550000E-01	 4.37826853E-05	-3.05400545E-05	-4.55668365E-05	-4.83781741E-05	-5.93845125E-04	-1.30642926E-03	-5.88976144E-04	-2.24076153E-05
 7.600000E-01	 5.10256806E-05	-2.94355525E-05	-4.73905475E-05	-5.60599050E-05	-5.89354886E-04	-1.46178436E-03	-7.06419089E-04	-7.29677990E-05
 7.650000E-01	 6.19741033E-05	-2.70805182E-05	-5.17536544E-05	-6.84417736E-05	-5.70075318E-04	-1.62967754E-03	-8.45210684E-04	-1.42315646E-04
 7.700000E-01	 7.40944544E-05	-2.37507439E-05	-5.52567781E-05	-8.15580316E-05	-5.33341347E-04	-1.81501167E-03	-1.01101191E-03	-2.36420399E-04
 7.750000E-01	 8.30525481E-05	-2.03520005E-05	-5.34332406E-05	-8.90022245E-05	-4.71602034E-04	-2.00890432E-03	-1.20410064E-03	-3.60494281E-04
 7.800000E-01	 9.33234594E-05	-1.52702228E-05	-5.09513388E-05	-9.75029555E-05	-3.78515730E-04	-2.19744026E-03	-1.42041843E-03	-5.17141334E-04
 7.850000E-01	 1.12847013E-04	-4.97596860E-06	-5.39392814E-05	-1.18361782E-04	-2.51720432E-04	-2.38686201E-03	-1.66602428E-03	-7.13031418E-04
 7.900000E-01	 1.38226949E-04	 9.38251199E-06	-5.80553657E-05	-1.45768317E-04	-8.44107058E-05	-2.59015983E-03	-1.95484861E-03	-9.61967668E-04
 7.950000E-01	 1.60875685E-04	 2.33558869E-05	-5.69035384E-05	-1.66948857E-04	 1.34698339E-04	-2.79563179E-03	-2.28796170E-03	-1.27378875E-03
 8.000000E-01	 1.81474262E-04	 3.71621289E-05	-5.19886150E-05	-1.83141432E-04	 4.13601467E-04	-2.98020588E-03	-2.65594259E-03	-1.65108191E-03
 8.050000E-01	 2.04966181E-04	 5.39037529E-05	-4.66366330E-05	-2.01320775E-04	 7.59141240E-04	-3.13111593E-03	-3.05424212E-03	-2.09825749E-03
 8.100000E-01	 2.31694568E-04	 7.36996439E-05	-4.11439047E-05	-2.21713719E-04	 1.17950174E-03	-3.23777649E-03	-3.48035770E-03	-2.62156719E-03
 8.150000E-01	 2.61527114E-04	 9.68816909E-05	-3.53651597E-05	-2.44084484E-04	 1.68096671E-03	-3.28570226E-03	-3.92921068E-03	-3.22467565E-03
 8.200000E-01	 3.04453160E-04	 1.37402722E-04	-2.65288115E-05	-2.80087353E-04	 2.26998194E-03	-3.26377882E-03	-4.39814362E-03	-3.91095887E-03
 8.250000E-01	 3.72908836E-04	 2.13323272E-04	-7.48668778E-06	-3.40852431E-04	 2.97783862E-03	-3.17908670E-03	-4.91164887E-03	-4.71091099E-03
 8.300000E-01	 4.48710548E-04	 2.96071147E-04	 1.49938768E-05	-4.02453553E-04	 3.86249615E-03	-3.02601244E-03	-5.50426365E-03	-5.67906299E-03
 8.350000E-01	 4.99161821E-04	 3.33746879E-04	 1.82335439E-05	-4.33532206E-04	 4.91812114E-03	-2.73802120E-03	-6.12566922E-03	-6.78574318E-03
 8.400000E-01	 5.41197219E-04	 3.59222220E-04	 1.27426860E-05	-4.55184888E-04	 6.06985960E-03	-2.25717233E-03	-6.68128142E-03	-7.92401855E-03
 8.450000E-01	 6.18614418E-04	 4.51767501E-04	 3.89808239E-05	-5.02621403E-04	 7.34152918E-03	-1.58966438E-03	-7.18718941E-03	-9.09942515E-03
 8.500000E-01	 7.24783550E-04	 5.90361394E-04	 8.51132882E-05	-5.65406669E-04	 8.85056774E-03	-7.21542505E-04	-7.71200086E-03	-1.04053963E-02
 8.550000E-01	 8.26311987E-04	 7.02924439E-04	 1.03592622E-04	-6.22274082E-04	 1.06060894E-02	 4.00734304E-04	-8.22490176E-03	-1.18113269E-02
 8.600000E-01	 9.33728274E-04	 8.27785754E-04	 1.24392165E-04	-6.73832363E-04	 1.25373332E-02	 1.80175167E-03	-8.66081350E-03	-1.32077883E-02
 8.650000E-01	 1.08113482E-03	 1.05178428E-03	 2.15509151E-04	-7.20302626E-04	 1.47327871E-02	 3.51811341E-03	-9.05318796E-03	-1.46239747E-02
 8.700000E-01	 1.25557478E-03	 1.28433947E-03	 2.83435109E-04	-7.77360651E-04	 1.73829719E-02	 5.66336810E-03	-9.44590729E-03	-1.61423676E-02
 8.750000E-01	 1.41318045E-03	 1.36148740E-03	 1.70911659E-04	-8.76562433E-04	 2.03259893E-02	 8.25495859E-03	-9.69650012E-03	-1.75274130E-02
 8.800000E-01	 1.57270871E-03	 1.49946815E-03	 1.23457638E-04	-9.27998755E-04	 2.31824820E-02	 1.11148698E-02	-9.65170540E-03	-1.84232228E-02
 8.850000E-01	 1.81588419E-03	 2.09784092E-03	 5.56646149E-04	-7.69629306E-04	 2.64613806E-02	 1.44398464E-02	-9.53234038E-03	-1.91381124E-02
 8.900000E-01	 2.17393029E-03	 2.82368755E-03	 1.02099506E-03	-6.05454791E-04	 3.12691883E-02	 1.89642955E-02	-9.56462162E-03	-2.01516176E-02
 8.950000E-01	 2.57975795E-03	 2.93208274E-03	 6.54489928E-04	-8.57999270E-04	 3.69966562E-02	 2.45120977E-02	-9.33566350E-03	-2.06885363E-02
 9.000000E-01	 2.94005602E-03	 2.69034848E-03	-8.80261923E-05	-1.27193213E-03	 4.17511651E-02	 2.97418930E-02	-8.37614321E-03	-1.96120021E-02
 9.050000E-01	 3.24928798E-03	 3.02614608E-03	-2.03323427E-05	-1.13193269E-03	 4.58266170E-02	 3.45805656E-02	-6.91688220E-03	-1.72083144E-02
 9.100000E-01	 3.60131582E-03	 4.00980114E-03	 8.35873886E-04	-4.07163576E-04	 5.12554102E-02	 4.04517196E-02	-5.22136025E-03	-1.40622797E-02
 9.150000E-01	 4.07865357E-03	 5.09096435E-03	 1.71789353E-03	 4.63031224E-04	 5.89082897E-02	 4.80468052E-02	-3.14492102E-03	-9.82870954E-03
 9.200000E-01	 4.85251321E-03	 5.84428513E-03	 1.97409375E-03	 8.72031844E-04	 6.85931904E-02	 5.71938254E-02	-1.69070451E-04	-3.64442923E-03
 9.250000E-01	 6.03277592E-03	 5.87328459E-03	 1.13861231E-03	 2.83673741E-04	 7.85347403E-02	 6.61942307E-02	 4.07161925E-03	 5.15131826E-03
 9.300000E-01	 6.99543409E-03	 5.58940252E-03	 4.20804080E-04	-1.46741383E-04	 8.53160028E-02	 7.20006258E-02	 9.99277720E-03	 1.61687506E-02
 9.350000E-01	 7.09968330E-03	 6.13373870E-03	 1.57430644E-03	 1.32057367E-03	 9.04009431E-02	 7.57603987E-02	 1.79291300E-02	 2.84314627E-02
 9.400000E-01	 7.31480149E-03	 7.35249545E-03	 3.38622177E-03	 3.30248490E-03	 9.92750188E-02	 8.13320102E-02	 2.85486759E-02	 4.32581160E-02
 9.450000E-01	 8.69940327E-03	 8.00952720E-03	 4.21281482E-03	 3.43703785E-03	 1.10200231E-01	 8.58979463E-02	 4.19841126E-02	 6.16320474E-02
 9.500000E-01	 1.02842261E-02	 8.01098337E-03	 4.16230812E-03	 1.86569588E-03	 1.15618705E-01	 8.61494251E-02	 5.85204927E-02	 7.57394559E-02
 9.550000E-01	 9.81593561E-03	 6.65377889E-03	 4.49061490E-03	 2.93341755E-03	 1.14645313E-01	 8.00631800E-02	 7.70697161E-02	 8.71194712E-02
 9.600000E-01	 9.21273315E-03	 1.20197166E-02	 1.11779752E-02	 5.73241393E-03	 1.14752839E-01	 7.01471065E-02	 9.89347499E-02	 9.54720303E-02
 9.650000E-01	 6.07615631E-03	 3.32838297E-03	 8.90044309E-03	 1.37370960E-02	 1.12286706E-01	 7.40657181E-02	 1.10066424E-01	 1.03367685E-01
 9.700000E-01	 1.60355392E-02	 4.96250313E-02	 2.86880310E-02	-2.70982317E-02	 9.35298009E-02	 4.54736486E-02	 1.04492355E-01	 1.14910085E-01
 9.750000E-01	-1.64172768E-03	 2.16755220E-01	 2.35538985E-01	-2.84790322E-02	 1.07881167E-01	 1.34556747E-01	 4.30458307E-02	-3.57188419E-02
 9.800000E-01	 6.67818928E-01	 9.18170708E-01	-5.04494029E-01	-9.07917047E-01	 1.97173578E+00	 2.41919130E+00	-9.97548032E-01	-2.07622341E+00
 9.850000E-01	-8.88460163E-01	-1.00048031E+00	-1.17077895E-02	 5.83624166E-01	 6.30258012E-01	-1.30426097E+00	-2.21331489E-01	 9.53907145E-01
 9.900000E-01	 7.55912911E-01	 5.07344024E-01	-7.82300323E-02	-1.43557999E-01	-1.13037318E+00	 1.10187658E+00	 9.49397601E-01	 2.41933221E-01
 9.950000E-01	 1.27219985E+00	 1.54530748E+00	 3.61831434E-01	 2.79292570E-01	-8.44784015E-01	 1.58570919E+00	 1.95371600E+00	 1.50885667E+00
 1.000000E+00	 1.44429550E+00	 1.89129529E+00	 5.08518583E-01	 4.20242755E-01	-7.49587630E-01	 1.74698672E+00	 2.28848878E+00	 1.93116447E+00
