&PROFILE_EXT
  NPSI_EXT = 257 
  PSIN_EXT = 0.0 0.00390625 0.0078125 0.01171875 0.015625 0.01953125  
    0.0234375 0.02734375 0.03125 0.03515625 0.0390625 0.04296875  
    0.046875 0.05078125 0.0546875 0.05859375 0.0625 0.06640625  
    0.0703125 0.07421875 0.078125 0.08203125 0.0859375 0.08984375  
    0.09375 0.09765625 0.1015625 0.10546875 0.109375 0.11328125  
    0.1171875 0.12109375 0.125 0.12890625 0.1328125 0.13671875 0.140625  
    0.14453125 0.1484375 0.15234375 0.15625 0.16015625 0.1640625  
    0.16796875 0.171875 0.17578125 0.1796875 0.18359375 0.1875  
    0.19140625 0.1953125 0.19921875 0.203125 0.20703125 0.2109375  
    0.21484375 0.21875 0.22265625 0.2265625 0.23046875 0.234375  
    0.23828125 0.2421875 0.24609375 0.25 0.25390625 0.2578125  
    0.26171875 0.265625 0.26953125 0.2734375 0.27734375 0.28125  
    0.28515625 0.2890625 0.29296875 0.296875 0.30078125 0.3046875  
    0.30859375 0.3125 0.31640625 0.3203125 0.32421875 0.328125  
    0.33203125 0.3359375 0.33984375 0.34375 0.34765625 0.3515625  
    0.35546875 0.359375 0.36328125 0.3671875 0.37109375 0.375  
    0.37890625 0.3828125 0.38671875 0.390625 0.39453125 0.3984375  
    0.40234375 0.40625 0.41015625 0.4140625 0.41796875 0.421875  
    0.42578125 0.4296875 0.43359375 0.4375 0.44140625 0.4453125  
    0.44921875 0.453125 0.45703125 0.4609375 0.46484375 0.46875  
    0.47265625 0.4765625 0.48046875 0.484375 0.48828125 0.4921875  
    0.49609375 0.5 0.50390625 0.5078125 0.51171875 0.515625 0.51953125  
    0.5234375 0.52734375 0.53125 0.53515625 0.5390625 0.54296875  
    0.546875 0.55078125 0.5546875 0.55859375 0.5625 0.56640625  
    0.5703125 0.57421875 0.578125 0.58203125 0.5859375 0.58984375  
    0.59375 0.59765625 0.6015625 0.60546875 0.609375 0.61328125  
    0.6171875 0.62109375 0.625 0.62890625 0.6328125 0.63671875 0.640625  
    0.64453125 0.6484375 0.65234375 0.65625 0.66015625 0.6640625  
    0.66796875 0.671875 0.67578125 0.6796875 0.68359375 0.6875  
    0.69140625 0.6953125 0.69921875 0.703125 0.70703125 0.7109375  
    0.71484375 0.71875 0.72265625 0.7265625 0.73046875 0.734375  
    0.73828125 0.7421875 0.74609375 0.75 0.75390625 0.7578125  
    0.76171875 0.765625 0.76953125 0.7734375 0.77734375 0.78125  
    0.78515625 0.7890625 0.79296875 0.796875 0.80078125 0.8046875  
    0.80859375 0.8125 0.81640625 0.8203125 0.82421875 0.828125  
    0.83203125 0.8359375 0.83984375 0.84375 0.84765625 0.8515625  
    0.85546875 0.859375 0.86328125 0.8671875 0.87109375 0.875  
    0.87890625 0.8828125 0.88671875 0.890625 0.89453125 0.8984375  
    0.90234375 0.90625 0.91015625 0.9140625 0.91796875 0.921875  
    0.92578125 0.9296875 0.93359375 0.9375 0.94140625 0.9453125  
    0.94921875 0.953125 0.95703125 0.9609375 0.96484375 0.96875  
    0.97265625 0.9765625 0.98046875 0.984375 0.98828125 0.9921875  
    0.99609375 1.0 
  PPRIME_EXT = 1121296.1901821345 1104724.0268058802 1088367.8629707384  
    1072227.698676709 1056303.5339237924 1040595.368711988  
    1025103.203041296 1009827.0369117166 994766.8703232496  
    979922.703275895 965294.5357696528 950882.3678045231  
    936686.1993805058 922706.030497601 908941.8611558087  
    895393.6913551287 882061.5210955612 868945.3503771062  
    856045.1791997636 843361.0075635335 830892.8354684158  
    818640.6629144105 806604.4899015178 794784.3164297373  
    783180.1424990695 771791.9681095139 759608.191562746  
    746223.5662598374 733321.5436764644 721133.4755241096  
    709907.0665428306 699689.8244057947 690429.2804841648  
    681854.8744616582 673591.9497392459 665546.29418897  
    657722.3970523943 650139.9809610242 642861.6153560381  
    635838.0515864049 628908.4109373231 621960.622567194  
    614876.8744763492 607576.9566132217 600158.0515492006  
    592732.6070165555 585375.0436124869 578216.6009696592  
    571297.6277994006 564585.193048724 558064.1476226912  
    551663.398960222 545272.5888627579 538864.8144231432  
    532488.683447117 526177.8021935272 519974.7477317051  
    513981.2661776232 508230.2134644505 502646.89533704554  
    497149.85061811504 491706.3560019507 486310.3171569917  
    480924.4602716634 475588.499684238 470382.1385207118  
    465356.0477361055 460523.03970179067 455878.8678759233  
    451444.8279926771 447179.20461753133 443008.4620294617  
    438921.69986695715 434909.32146919763 430980.7876577249  
    427153.0047986576 423405.5994545008 419741.93355595233  
    416173.58428816113 412679.1449958297 409252.63401273557  
    405903.64863430924 402609.9691114834 399342.91624003556  
    396101.8670142284 392877.56276746606 389642.82553123625  
    386394.33954717254 383137.36071596295 379870.53736080066  
    376606.99075348483 373361.20294104394 370137.81699591567  
    366944.43633835745 363793.2551756508 360690.47117010737  
    357626.4921315057 354589.3207808457 351581.7779586575  
    348616.8965503955 345702.1253530966 342833.57656138606  
    340011.8226793509 337246.86868062505 334541.7090536775  
    331889.5226131338 329276.6336709105 326688.994076879  
    324124.07206939376 321577.4622653097 319035.00446366216  
    316488.32988804963 313940.1466281776 311396.00137560535  
    308861.05864073394 306337.1754067164 303823.6900913765  
    301322.91859853355 298837.60127026704 296365.43956127024  
    293902.5739873238 291445.00819098577 288989.5083894235  
    286537.12253899185 284092.1588809396 281665.0836232862  
    279265.01545746037 276893.1621194312 274551.28539748443  
    272245.8947023526 269980.9959261898 267755.27729657455  
    265563.2332391249 263393.8832005437 261241.35415359295  
    259107.16989083003 256993.46968537848 254901.29021809605  
    252830.62039790588 250780.6432764482 248758.6519255645  
    246781.80166888304 244858.47034957568 242988.3551710829  
    241169.16615379154 239395.24894015698 237663.56440077332  
    235974.1879627689 234324.8613848419 232710.56924881323  
    231128.65480373803 229578.63037099256 228060.5721652274  
    226576.16401448168 225126.23130860247 223710.4638228381  
    222327.81737175566 220975.56774677103 219651.70458012525  
    218355.97691713134 217086.49679936867 215836.05126289985  
    214598.82573007373 213374.24817014905 212161.7973967033  
    210959.71013401082 209766.34710772755 208581.04608307348  
    207403.631662206 206237.49537050832 205086.4933841615  
    203950.83412103268 202830.04141208003 201728.5594833895  
    200652.26141332643 199601.99481397728 198577.01360928497  
    197581.88540594483 196623.36115800386 195702.9019527779  
    194820.0931880268 193976.1775263963 193172.91248373073  
    192410.74240871443 191689.45527422192 191010.50352596218  
    190376.14680588443 189787.09827429586 189243.3367927039  
    188750.4188230129 188316.55643618913 187944.6444196932  
    187635.01961437333 187394.9001883373 187234.63456887595  
    187157.4321401814 187163.94340655056 187267.04978671038  
    187482.69190655596 187814.2385054236 188267.2079309727  
    188873.21263194922 189660.6860302267 190632.05952988856  
    191805.8131065584 193236.4027671279 194961.5539035913  
    196980.395372691 199337.41455537334 202114.51971837255  
    205342.212804936 209028.03082678682 213273.69956879236  
    218186.26103067974 223779.12476912985 230118.9169590327  
    237356.57428171724 245575.2479520381 254793.95521366224  
    265144.55404305074 276759.3604587612 289669.66043499135  
    303926.84254172945 319584.86993133667 336674.89448922843  
    355193.9474218484 374965.3190708734 395811.9317480867  
    417752.0736979388 440296.09219162865 462780.4496066836  
    485186.1132938906 506947.25797358324 526853.080076756  
    544620.7645520959 560004.0132380263 571714.2946246213  
    579071.4706195628 582190.6029370357 580478.2282441218  
    573432.5943627544 561151.2403998259 544218.1900303315  
    523188.2120192356 498012.63376284076 469424.6223041783  
    438450.9580566266 404941.07586755685 370363.3967161079  
    337486.10097537225 307964.51068811916 279910.88156017556  
    246848.70624955732 205398.7816092825 154705.63974269485  
    89163.11745961642 8771.214757472277 
  FFPRIM_EXT = -22.865000146485144 -22.14159127153394  
    -21.540299920855333 -20.978070993401538 -20.441504503506863  
    -19.9249054515071 -19.425227576750157 -18.940584265220757  
    -18.469688426300767 -18.011547765398944 -17.565382325719117  
    -17.130569112609145 -16.70658775195875 -16.292996985491108  
    -15.889406270052877 -15.49547752115462 -15.110909240267013  
    -14.735430217845034 -14.368793174943887 -14.010770377784429  
    -13.66115596157082 -13.319755859592988 -12.986389758911361  
    -12.660889448807124 -12.343101297569127 -12.032895120469048  
    -11.707871928589205 -11.359168721516859 -11.023775294556994  
    -10.706565044532873 -10.412729079189916 -10.143071661150525  
    -9.896228721881922 -9.666138016030253 -9.444541518453395  
    -9.229306944246122 -9.020450990162976 -8.818317786938518  
    -8.624172691624231 -8.436885895634903 -8.252954496518631  
    -8.069947253220757 -7.885331379190746 -7.697389616897521  
    -7.508175055058249 -7.32004736767678 -7.134546404725613  
    -6.954397473954436 -6.78039897688302 -6.61180812246673  
    -6.448260856832251 -6.288230539359478 -6.129381585222207  
    -5.971132325756082 -5.81447439861254 -5.660081766309456  
    -5.5088095641868655 -5.362731223442483 -5.222486977672356  
    -5.0864992090646 -4.953061815983455 -4.821480934710619  
    -4.691612335903102 -4.562674934322716 -4.435465225965602  
    -4.311589702476063 -4.192055411671003 -4.077093013598581  
    -3.966587165379617 -3.860942002262289 -3.7592857363618633  
    -3.660108910759593 -3.5631733203379907 -3.4682692233902275  
    -3.3755723414455776 -3.285406930711705 -3.1973481595976403  
    -3.111448878405326 -3.027926051003959 -2.9463380355465545  
    -2.8665533606804914 -2.788750997929758 -2.7124775061094737  
    -2.637154493966542 -2.562762516247985 -2.4891115082868716  
    -2.4156587675751897 -2.3423353217129983 -2.2692410590559167  
    -2.1963447191640113 -2.1238994451244313 -2.0521844754503733  
    -1.9812853922606835 -1.9113444352914306 -1.8425924841237455  
    -1.7751431800690975 -1.708802743138405 -1.6433309039340707  
    -1.578776000984921 -1.5153846456222717 -1.453294759088669  
    -1.3924238720440802 -1.3327758023122835 -1.2745364313232392  
    -1.217756144585846 -1.1622968311669863 -1.1078897889273667  
    -1.0542602732348962 -1.0013550984557473 -0.9490866648627654  
    -0.8971812290843897 -0.8454752608945595 -0.7940160511875823  
    -0.7429064618424149 -0.6922443185602516 -0.6420659309106793  
    -0.5923594995490462 -0.543165669201744 -0.4945248209559791  
    -0.44637425573800804 -0.39862606528662636 -0.35121094505557093  
    -0.3041021529750627 -0.257378022736489 -0.2112048698165906  
    -0.1659320315930204 -0.121961713940061 -0.07960206214035657  
    -0.0391736457969716 -0.0010657780384005782 0.03439709293583843  
    0.06700479715255381 0.09666987711496644 0.12349214102311229  
    0.14756088656442354 0.1688833582106754 0.18747088913930954  
    0.20337628822573808 0.21669369188372303 0.22754186514005464  
    0.23588804156961163 0.24150979580293655 0.2443394596799098  
    0.24446368857527334 0.24200290795381504 0.23713865559828157  
    0.2300043538557095 0.22067578343857608 0.20926974418080252  
    0.19595120829117302 0.18083997352650857 0.16401374130527144  
    0.14553828644457278 0.12545065006482536 0.10380280901145378  
    0.08066562851808204 0.056121577409950885 0.03028194676413907  
    0.0032445840594993456 -0.024924419903999233 -0.05413047221632737  
    -0.08418564742914915 -0.11492853330966235 -0.1462919416778724  
    -0.17820974331233438 -0.2105939304868635 -0.24335957912272793  
    -0.27643964908714275 -0.3097756786113204 -0.3433729566150103  
    -0.3772449363105013 -0.41134029912254116 -0.44559535172264064  
    -0.48003231550828596 -0.5146989916925533 -0.5495543217121899  
    -0.5845280607207786 -0.619643322027779 -0.6549604315886295  
    -0.6904459047382834 -0.7260329422635667 -0.7616833680664113  
    -0.7973683772083837 -0.833035042734106 -0.8686176154133538  
    -0.9040782211672114 -0.9393907767289934 -0.9744995868363453  
    -1.0093353716189126 -1.0439257932227615 -1.0783468777372474  
    -1.1125864921623723 -1.1465862344449116 -1.180391310677436  
    -1.2140779864314077 -1.2475838157125532 -1.2808033249554616  
    -1.3138838066434229 -1.3470943801464603 -1.3805684164912477  
    -1.4144001379801951 -1.4489214513847508 -1.484081216471881  
    -1.5192048613791589 -1.553767722021584 -1.587739869044373  
    -1.6206339588234924 -1.6512842196833757 -1.679522254026598  
    -1.7064280975111668 -1.732751668132076 -1.759134846260111  
    -1.7876320903645566 -1.8202436533011905 -1.8573308040465517  
    -1.8999862678479564 -1.9503043137617566 -2.008921871134068  
    -2.075246706094056 -2.1506334540262086 -2.2366183642910866  
    -2.3332390607692655 -2.4409777567319737 -2.5606289230797374  
    -2.6928426452987644 -2.8379800053436828 -2.9940770140188357  
    -3.1598264366121525 -3.3373629328076535 -3.5213819762876666  
    -3.704628730923372 -3.8905775434754624 -4.074430270319436  
    -4.241834558784483 -4.393276869820756 -4.52979691853802  
    -4.635980759143304 -4.705453907842676 -4.7435646041071475  
    -4.743822342780397 -4.699765377845516 -4.613203211341766  
    -4.492365301456241 -4.343625693390281 -4.163102215785706  
    -3.9580085231492967 -3.7385334044573684 -3.4959466243685844  
    -3.24613031238764 -3.0262974330359897 -2.8589495301489194  
    -2.7147243152088603 -2.4932149520482856 -2.1310684447961994  
    -1.6098054787379668 -0.8022662727152305 0.29154917330652097 
  P_EXT = 1254618.0281776355 1222696.6830229443 1202049.7974595926  
    1183728.4749854147 1166717.9426708873 1150682.4079656221  
    1135510.2502666838 1121228.8261077967 1107781.3216242397  
    1095033.7040204394 1082897.3139542495 1071280.3630834222  
    1060064.2661419264 1049164.5830744964 1038544.3268637765  
    1028172.097670064 1017997.1611048095 1007979.0271372  
    998097.0430216049 988347.7511491373 978731.7165193504  
    969250.645533599 959907.0231035488 950707.9567343029  
    941662.0868352891 932772.8990195766 924040.6154198186  
    915462.7991343215 907034.8675526935 898750.1603867945  
    890599.0120601763 882569.9391947404 874651.8102036703  
    866834.7839304851 859113.4574701003 851485.0677118391  
    843947.0521166823 836496.8627087962 829131.3834500615  
    821847.2275281907 814642.3978121064 807516.5638401906  
    800470.4896583732 793506.3645623373 786626.2518458113  
    779830.7438310592 773119.5435625445 766491.1877958989  
    759942.9497769084 753472.3781399839 747077.1501843506  
    740755.4395445607 734506.4788331944 728330.4907291079  
    722227.3529162274 716196.5247310556 710237.026808282  
    704347.1585713924 698524.1085847503 692765.5722435941  
    687070.0561990087 681436.901726891 675865.4459998163  
    670355.3885705034 664906.5055027057 659517.7334621988  
    654187.2945888466 648913.0034599911 643692.7108546477  
    638524.1663232918 633405.0713845119 628334.0064517146  
    623309.9902385032 618332.0853999706 613399.4620305845  
    608511.011583159 603665.688447302 598862.6164230013  
    594100.7325497926 589379.0531000637 584696.8188172441  
    580053.1819571793 575447.3445108596 570878.868235383  
    566347.477693707 561852.8885617005 557395.0713389328  
    552974.2022474664 548590.3858023299 544243.7362432524  
    539934.3089417467 535661.96901071 531426.4842155043  
    527227.5653582138 523064.8008035451 518937.66354826867  
    514845.637731325 510788.3639310472 506765.53438293334  
    502776.74308536144 498821.44540318614 494899.08731746755  
    491009.1526511399 487151.0555606887 483324.1143733773  
    479527.6855437837 475761.2314252127 472024.3952410227  
    468316.9144193389 464638.5409942199 460989.142550906  
    457368.7346316345 453777.35564840486 450214.990881163  
    446681.56464286824 443176.9556385964 439701.0427754771  
    436253.69891237153 432834.75990128494 429444.05692437687  
    426081.46494257334 422746.89762404806 419440.31757301895  
    416161.6988094584 412910.9839993956 409688.03818272136  
    406492.5941153054 403324.3337876217 400182.9301916567  
    397068.0092985791 393979.1233367035 390915.81763245026  
    387877.66995326953 384864.35576963966 381875.6628714419  
    378911.39203091414 375971.3221294058 373055.21175146464  
    370162.81593226024 367293.8925537525 364448.1814580763  
    361625.26793869276 358824.5717209389 356045.4865780391  
    353287.4136458768 350549.804041994 347832.1650225669  
    345134.01512537466 342454.88059219264 339794.33295769646  
    337151.9933101514 334527.49451622146 331920.47489913984  
    329330.56165339006 326757.36410270125 324200.49165485695  
    321659.5591647117 319134.203392474 316624.0921645533  
    314128.9041166028 311648.3257056982 309182.092512017  
    306730.02977060835 304291.99104016996 301867.83436032035  
    299457.43005994265 297060.6711569682 294677.46211257984  
    292307.7129129502 289951.320355759 287608.12897001335  
    285277.9632639828 282960.6517174407 280656.00844166253  
    278363.7739754047 276083.6530750602 273815.3538624237  
    271558.5718936133 269312.92317201523 267077.9777691383  
    264853.30535175995 262638.47202835995 260433.02350985503  
    258236.49278727517 256048.4129284522 253868.31295001693  
    251695.69610175563 249530.0488438077 247370.85507459164  
    245217.5777963294 243069.58545822202 240926.18417983688  
    238786.66589170968 236650.29322715895 234516.20797456673  
    232383.4759286668 230251.14825434482 228118.21980920888  
    225983.48316358507 223845.62923253048 221703.3178321959  
    219555.02341618756 217398.7967538822 215232.5508353276  
    213054.121215791 210860.9245084724 208649.75567399504  
    206417.254322991 204159.9163765082 201873.39838019974  
    199552.6671146201 197192.5754927108 194787.4740022328  
    192330.2355675936 189813.14683653758 187228.2170759496  
    184566.09740296105 181815.9353984661 178966.47279807134  
    176005.7519600866 172919.93713215127 169694.4406018186  
    166314.25342173903 162763.68349374572 159026.58824029085  
    155086.60876820257 150928.19981535868 146538.3696080603  
    141904.86521991206 137016.9489342326 131872.2544167242  
    126472.05640279423 120818.94840876354 114927.46809342016  
    108821.82564134308 102526.3930574324 96075.08686069526  
    89515.37106205226 82895.95554138688 76267.39322595371  
    69688.87681008854 63220.46736672032 56919.56629418066  
    50834.885472135415 45013.36451545453 39499.56398959915  
    34325.57192316748 29518.136445506905 25102.156773289724  
    21072.136200848192 17399.05581359999 14048.923696697639  
    11039.699767160346 8455.782658047545 6394.322772747096  
    4986.841449761915 4435.290544300046 
  F_EXT = 27.6258700075 27.634314505418686 27.64250172152967  
    27.650449939030292 27.658177711670277 27.665701656119783  
    27.673029956310565 27.68016846612197 27.687122613870777  
    27.69389760617657 27.700498531089828 27.706930331460335  
    27.713197428765906 27.71930399985005 27.72525410359502  
    27.731051716976463 27.736700629416696 27.742204528112083  
    27.74756697537316 27.752791455486907 27.75788125258567  
    27.762839597116674 27.76766978500116 27.772375129848587  
    27.776958786063197 27.781422762522656 27.78576701077972  
    27.789991697330787 27.79409846742673 27.79809089194235  
    27.801974874041008 27.805756302492107 27.809440040808212  
    27.813030053395494 27.8165296238435 27.81994176412124  
    27.823269232494045 27.826514765580125 27.8296809818853  
    27.832770167964348 27.835784266509865 27.838724868962768  
    27.841593258017447 27.84439074606929 27.847118619421224  
    27.849778416235868 27.8523718114441 27.854900557297405  
    27.857366411520182 27.859771000388424 27.862115796502408  
    27.864402081958097 27.866630966163243 27.86880353547584  
    27.870920866732725 27.87298416976625 27.87499472932042  
    27.876953831482687 27.878862764466962 27.880722680423926  
    27.882534556258406 27.884299227532804 27.886017492340258  
    27.887690248693502 27.88931840535053 27.890902947557517  
    27.89244491591625 27.89394538020384 27.895405401027688  
    27.8968259552569 27.898207891876986 27.899551957653273  
    27.900858868963688 27.902129373016656 27.903364192986352  
    27.904564012262483 27.905729495090473 27.906861298863248  
    27.90796007752878 27.909026459726903 27.9100610290771  
    27.91106433032786 27.912036890326434 27.91297919689398  
    27.913891683592396 27.914774744672123 27.915628760979065  
    27.91645409793884 27.917251091942795 27.918020101179895  
    27.918761528086435 27.919475805526293 27.92016332373695  
    27.92082445708398 27.92145961871754 27.92206924336211  
    27.92265371477142 27.923213394946465 27.923748671162727  
    27.9242599575605 27.924747637770754 27.92521207609895  
    27.925653652648165 27.926072762201464 27.926469796266396  
    27.92684511556629 27.92719903817629 27.927531848912558  
    27.927843842356985 27.928135313144384 27.92840649662743  
    27.928657609513284 27.928888900234426 27.92910064827752  
    27.92929309086044 27.92946645445261 27.92962098331559  
    27.929756932480963 27.929874561168447 27.929974130265048  
    27.930055849554492 27.93011989703577 27.93016645838572  
    27.930195762965695 27.93020807024116 27.93020368868346  
    27.93018303698461 27.930146663371865 27.930095250212513  
    27.930029612300764 27.92995069266182 27.92985953872396  
    27.92975728476427 27.929645106499294 27.92952418321041  
    27.929395671570674 27.929260701970552 27.92912038235343  
    27.92897579125716 27.928827965903665 27.928677899671392  
    27.928526559262785 27.92837490994516 27.928223916719624  
    27.928074499215967 27.92792751830197 27.927783784607385  
    27.927644068563712 27.927509109382342 27.92737962635357  
    27.92725632609065 27.927139892164863 27.92703093334753  
    27.92693001716666 27.926837722336955 27.926754613745857  
    27.92668122319477 27.926618025208477 27.92656544438341  
    27.926523888547973 27.926493775337683 27.926475497822786  
    27.926469386936517 27.926475728982247 27.926494779951746  
    27.92652678344497 27.926571970631983 27.9266305438183  
    27.926702691763627 27.926788593084318 27.926888390347855  
    27.92700220162515 27.927130116339484 27.927272228352358  
    27.92742863244988 27.92759937261512 27.927784492474814  
    27.92798403581346 27.928198010116063 27.92842641273112  
    27.928669230608143 27.92892645016656 27.929198028579528  
    27.929483875582832 27.929783914124098 27.9300980663273  
    27.93042622929283 27.930768291494 27.931124144359472  
    27.93149367545573 27.931876761304544 27.932273274860137  
    27.93268310202552 27.93310615202052 27.9335423591574  
    27.93399166428805 27.934453996711937 27.93492928958041  
    27.935417517703442 27.935918734395287 27.936433102493893  
    27.936960909016342 27.93750258887043 27.938058648362045  
    27.93862933725176 27.93921453926604 27.939813709520305  
    27.940425957467433 27.94105024290903 27.9416855743764  
    27.942331262543995 27.942987151900457 27.94365377826238  
    27.944332457090688 27.94502526591016 27.945734738538874  
    27.946463676445816 27.947215059163135 27.947992089120717  
    27.94879827313461 27.94963747990476 27.950513938478437  
    27.951432195474794 27.952397047295648 27.953413462866045  
    27.954486520678344 27.955621315800705 27.956822699627264  
    27.95809504592515 27.95944220391665 27.960866978630886  
    27.962370752957938 27.963953162485126 27.96561189895988  
    27.967342213838712 27.969137299328345 27.970988056154425  
    27.972882870351153 27.974807714086708 27.97674690557941  
    27.978683106630335 27.980598565848233 27.982476171489115  
    27.984299756199764 27.98605581152362 27.987732805298897  
    27.98932066982954 27.990812251778458 27.992205580593193  
    27.99350189594015 27.994706752436947 27.995825552116166  
    27.996858931651353 27.99780219299771 27.99864077395424  
    27.999355880377415 27.99992938502029 
/

