&INSTATE
  DENSITY_MODEL = 0 
  MODEL_SHAPE = 2 
  NBDRY = 61 
  USE_INPED = 0 
  R0 = 1.76597910596 
  A0 = 0.460260718934 
  KAPPA = 1.6568763532 
  DELTA = 0.759407533276 
  IP = 0.584584461385 
  B0 = 1.79238500846 
  N_ION = 1 
  Z_ION = 1 
  A_ION = 2 
  F_ION = 1.0 
  N_IMP = 1 
  Z_IMP = 6 
  A_IMP = 12 
  F_IMP = 1.0 
  N_MIN = 0 
  Z_MIN = 1 
  A_MIN = 1 
  N_BEAM = 1 
  Z_BEAM = 1 
  A_BEAM = 2 
  N_FUSION = 1 
  Z_FUSION = 2 
  A_FUSION = 4 
  NRHO = 101 
  NE_AXIS = 4.5106154 
  NE_PED = 1.92 
  NE_SEP = 1.7 
  NE_ALPHA = 1.8 
  NE_BETA = 1.3 
  NE_FIT = 1 
  NE_XMID = 0.96 
  NE_XWID = 0.08 
  TE_AXIS = 5.3181793 
  TE_PED = 0.85 
  TE_SEP = 0.5 
  TE_ALPHA = 1.6 
  TE_BETA = 1.8 
  TE_FIT = 1 
  TE_XMID = 0.9 
  TE_XWID = 0.2 
  TI_AXIS = 5.8919967 
  TI_PED = 1.3 
  TI_SEP = 0.3 
  TI_ALPHA = 1.5 
  TI_BETA = 1.7 
  TI_FIT = 1 
  TI_XMID = 0.95 
  TI_XWID = 0.1 
  ZEFF_AXIS = 1.7 
  OMEGA_AXIS = 173800.0 
  OMEGA_SEP = 11000.0 
  OMEGA_ALPHA = 1.0 
  OMEGA_BETA = 0.65 
  JPAR_AXIS = 1.1805549 
  JPAR_SEP = 0.0 
  JPAR_ALPHA = 1.9 
  JPAR_BETA = 1.2 
  NBEAM_AXIS = 0.0 
  NBEAM_SEP = 0.0 
  NBEAM_ALPHA = 1.5 
  NBEAM_BETA = 1.5 
  TBEAMI = 20.0 20.0 20.0 20.0 20.0 20.0 20.0 20.0 20.0 20.0 20.0 20.0  
    20.0 20.0 20.0 20.0 20.0 20.0 20.0 20.0 20.0 20.0 20.0 20.0 20.0  
    20.0 20.0 20.0 20.0 20.0 20.0 20.0 20.0 20.0 20.0 20.0 20.0 20.0  
    20.0 20.0 20.0 20.0 20.0 20.0 20.0 20.0 20.0 20.0 20.0 20.0 20.0  
    20.0 20.0 20.0 20.0 20.0 20.0 20.0 20.0 20.0 20.0 20.0 20.0 20.0  
    20.0 20.0 20.0 20.0 20.0 20.0 20.0 20.0 20.0 20.0 20.0 20.0 20.0  
    20.0 20.0 20.0 20.0 20.0 20.0 20.0 20.0 20.0 20.0 20.0 20.0 20.0  
    20.0 20.0 20.0 20.0 20.0 20.0 20.0 20.0 20.0 20.0 20.0 
  BETAN_PED = -1.0 
  XMID = -1.0 
  XWID = -1.0 
  PRESSURE_MODEL = 'full' 
  PTOT_AXIS = 108071.38 
  PTOT_ALPHA = 1.8 
  PTOT_BETA = 2.3 
  PTOT_PED = 900.0 
  PTOT_SEP = 0.0 
  PTOT_XMID = 0.95 
  PTOT_XWID = 0.1 
  CURRENT_MODEL = 'broad' 
  RHO_JBDRY = 0.85 
  RHO_JPEAK = 0.65 
  JAXIS = 0.6 
  JAXIS_PRIME = 1.0 
  JBDRY_PRIME = -1.0 
  NE = 4.495969983 4.496684509 4.49623257 4.494631992 4.491900599  
    4.488056218 4.483116674 4.477099792 4.470023398 4.461905317  
    4.452763374 4.442615396 4.431479206 4.419372632 4.406313497  
    4.392319629 4.377408851 4.36159899 4.344907871 4.327353319  
    4.30895316 4.289725219 4.269687321 4.248857293 4.227252959  
    4.204892145 4.181792676 4.157972378 4.133449076 4.108240595  
    4.082364762 4.0558394 4.028682337 4.000911397 3.972544406  
    3.943599188 3.91409357 3.884045377 3.853472435 3.822392568  
    3.790823602 3.758783363 3.726289676 3.693360367 3.66001326  
    3.626266182 3.592136957 3.557643411 3.52280337 3.487634659  
    3.452155104 3.416382529 3.380334761 3.344029624 3.307484944  
    3.270718547 3.233748258 3.1965919019999998 3.159267305 3.121792292  
    3.084184689 3.04646232 3.008643013 2.970744591 2.93278488  
    2.894781707 2.856752895 2.818716271 2.78068966 2.7426908869999997  
    2.7047377789999993 2.666848159 2.629039854 2.59133069 2.553738491  
    2.516281083 2.478976291 2.441841941 2.404895858 2.368155868  
    2.331639796 2.295365468 2.259350708 2.2236133429999994 2.188171197  
    2.153042097 2.118243867 2.083794334 2.049711321 2.016012656  
    1.982716163 1.949839668 1.917400996 1.885417972 1.8539084219999995  
    1.8228901719999997 1.792381047 1.762398872 1.732951026 1.709191844  
    1.709240399 
  TE = 5.339826716 5.321253317 5.299717599 5.275297073 5.24806925  
    5.218111639 5.18550175 5.150317093 5.112635179 5.072533517  
    5.030089618 4.985380991 4.938485147 4.889479595 4.838441847  
    4.785449411 4.730579797 4.673910517 4.61551908 4.555482995  
    4.493879774 4.430786926 4.366281961 4.300442389 4.23334572  
    4.165069465 4.095691133 4.025288234 3.953938278 3.881718776  
    3.808707236 3.73498117 3.660618087 3.585695496 3.510290907  
    3.4344818309999994 3.358345775 3.281960249 3.205402762 3.128750821  
    3.052081935 2.9754736089999994 2.899003349 2.822748659 2.746787039  
    2.67119599 2.596053004 2.5214355709999996 2.447421174 2.374087286  
    2.301511368 2.229770863 2.158943194 2.089105756 2.020335905  
    1.952710948 1.886308127 1.8212045959999994 1.7574774 1.695203433  
    1.6344594 1.57532175 1.517866603 1.46216965 1.408306015 1.356350087  
    1.306375284 1.258453753 1.212655964 1.1690501619999996  
    1.1277016299999996 1.088671685 1.052016286 1.017784116 0.9860138932  
    0.9567306019 0.9299402088 0.9056222698 0.8837197059 0.8641249423  
    0.8466617553 0.8310628409 0.8169448074999998 0.8037856398999998  
    0.7909151247 0.7775354071 0.7627928896 0.7459159051 0.7264059372  
    0.7042257854 0.6798932438 0.6544063801 0.6290081952 0.6048901374  
    0.5829593599999998 0.5637391691999999 0.5473928211 0.533815997  
    0.5227434338 0.513837556 0.5067489416 
  TI = 5.924751309 5.901174168 5.875612383 5.84811332 5.818724345  
    5.787492823 5.754466121 5.719691605 5.68321664 5.645088592  
    5.605354827 5.564062712 5.521259611 5.47699289 5.431309917  
    5.384258056 5.335884673 5.286237134 5.235362805 5.183309052  
    5.130123241 5.075852738 5.020544908 4.964247117 4.907006732  
    4.848871118 4.78988764 4.730103666 4.66956656 4.608323689  
    4.546422418 4.483910114 4.420834142 4.357241867 4.293180657  
    4.228697876 4.163840892 4.098657068 4.033193772 3.967498369  
    3.901618226 3.8356007069999998 3.769493179 3.703343008 3.637197559  
    3.571104198 3.505110292 3.4392632049999996 3.373610304 3.308198954  
    3.24307652 3.178290369 3.113887864 3.04991637 2.986423251  
    2.92345587 2.861061587 2.799287761999999 2.738181749 2.677790899  
    2.618162554 2.559344043 2.501382678 2.444325744 2.388220487  
    2.333114092 2.279053653 2.22608613 2.174258281 2.1236165599999994  
    2.0742069679999995 2.026074823 1.979264419 1.933818515 1.88977756  
    1.847178533 1.80605319 1.766425429 1.728307306 1.691693047  
    1.656550011 1.622805122 1.5903245449999996 1.5588834579999995  
    1.528121617 1.497479257 1.466107599 1.432750743 1.395605515  
    1.352190913 1.2993101 1.233268413 1.150583091 1.049352168  
    0.9310341393999986 0.8016437323999985 0.6710162166 0.5498480094  
    0.4461666326 0.3634545055 0.3010815102 
  OMEGA = 173800.0 172739.9398 171676.1251 170608.5043 169537.0242  
    168461.6304 167382.2673 166298.8777 165211.403 164119.7832  
    163023.9567 161923.8603 160819.429 159710.5962 158597.2935  
    157479.4506 156356.9951 155229.8529 154097.9475 152961.2003  
    151819.5305 150672.8548 149521.0875 148364.1401 147201.9218  
    146034.3387 144861.2938 143682.6875 142498.4165 141308.3745  
    140112.4513 138910.5333 137702.5028 136488.2383 135267.6137  
    134040.49859999996 132806.7578 131566.2513 130318.8335 129064.3535  
    127802.6546 126533.5739 125256.942 123972.5825 122680.3119  
    121379.9387 120071.2636 118754.0781 117428.1649 116093.2965  
    114749.2351 113395.7314 112032.5245 110659.3403 109275.8913  
    107881.8748 106476.9727 105060.84949999998 103633.1514 102193.5049  
    100741.5146 99276.76206 97798.80346 96307.16733 94801.35214  
    93280.82345 91745.01074 90193.30383 88625.04884 87039.54360999998  
    85436.03237999999 83813.69984 82171.66419 80508.96907 78824.57432  
    77117.34506 75386.0389 73629.29081 71845.5951 70033.28381  
    68190.50056 66315.16869 64404.951979999976 62457.20576999998  
    60468.91548 58436.61806 56356.30048 54223.266 52031.95507  
    49775.69993 47446.38014 45033.92455 42525.56597 39904.67739  
    37148.85719999996 34226.56055999996 31090.62257 27664.15192  
    23803.35825 19159.32816 11000.0 
  ZEFF = 1.7 1.7 1.7 1.7 1.7 1.7 1.7 1.7 1.7 1.7 1.7 1.7 1.7 1.7 1.7  
    1.7 1.7 1.7 1.7 1.7 1.7 1.7 1.7 1.7 1.7 1.7 1.7 1.7 1.7 1.7 1.7 1.7  
    1.7 1.7 1.7 1.7 1.7 1.7 1.7 1.7 1.7 1.7 1.7 1.7 1.7 1.7 1.7 1.7 1.7  
    1.7 1.7 1.7 1.7 1.7 1.7 1.7 1.7 1.7 1.7 1.7 1.7 1.7 1.7 1.7 1.7 1.7  
    1.7 1.7 1.7 1.7 1.7 1.7 1.7 1.7 1.7 1.7 1.7 1.7 1.7 1.7 1.7 1.7 1.7  
    1.7 1.7 1.7 1.7 1.7 1.7 1.7 1.7 1.7 1.7 1.7 1.7 1.7 1.7 1.7 1.7 1.7  
    1.7 
  J_OH = 0.0 0.0 0.0 0.0 0.0 0.0 0.0 0.0 0.0 0.0 0.0 0.0 0.0 0.0 0.0  
    0.0 0.0 0.0 0.0 0.0 0.0 0.0 0.0 0.0 0.0 0.0 0.0 0.0 0.0 0.0 0.0 0.0  
    0.0 0.0 0.0 0.0 0.0 0.0 0.0 0.0 0.0 0.0 0.0 0.0 0.0 0.0 0.0 0.0 0.0  
    0.0 0.0 0.0 0.0 0.0 0.0 0.0 0.0 0.0 0.0 0.0 0.0 0.0 0.0 0.0 0.0 0.0  
    0.0 0.0 0.0 0.0 0.0 0.0 0.0 0.0 0.0 0.0 0.0 0.0 0.0 0.0 0.0 0.0 0.0  
    0.0 0.0 0.0 0.0 0.0 0.0 0.0 0.0 0.0 0.0 0.0 0.0 0.0 0.0 0.0 0.0 0.0  
    0.0 
  J_BS = 0.14213721356756198 0.21320582035134297 0.28965746544357684  
    0.2999878959256713 0.3106273583080498 0.32238437957045174  
    0.33454565707153194 0.3465599206439276 0.35810060264993393  
    0.36899094522742804 0.3791431336043233 0.38851929066058677  
    0.3971102642223781 0.40492553177549406 0.41198629306997403  
    0.41831803474279416 0.42394769572813984 0.4289049773663182  
    0.43321989602333133 0.43691935136798116 0.4400291869122037  
    0.4425760361181634 0.4445847199186195 0.4460777062890804  
    0.4470768200987095 0.44760328781815917 0.4476768670520764  
    0.447315230943296 0.4465351104685684 0.4453534721642173  
    0.44378630733994895 0.4418480403377926 0.4395532088342549  
    0.4369166417171119 0.4339520053416014 0.43067199963015707  
    0.427089391483036 0.42321684938354653 0.4190663197685468  
    0.41464904405851255 0.40997618114671985 0.4050589779181474  
    0.39990805485896963 0.3945333527311229 0.38894490883702626  
    0.3831528911748454 0.37716683274674656 0.3709957996190227  
    0.36464909437076765 0.3581359163842438 0.3514648850710351  
    0.34464444622955936 0.337683257484797 0.33058980820311307  
    0.32337221387645665 0.31603857000559843 0.30859701403324624  
    0.3010555158319839 0.2934219509371808 0.285704255844202  
    0.27791045132252334 0.2700485468302205 0.2621265736063091  
    0.2541527821205798 0.24613572630612718 0.23808429936668457  
    0.23000780636152574 0.22191616217112425 0.21382012053257432  
    0.20573150322926814 0.1976636454331483 0.18963202289739467  
    0.18165497332344643 0.1737547059107753 0.16595885996123852  
    0.15830275678288364 0.15083252187956653 0.14360946502425945  
    0.13671607491722257 0.13026387371725934 0.12440261191178895  
    0.11932921837224078 0.11529364010204744 0.11259515379591484  
    0.11156009161923372 0.11249378292219456 0.1156075018151103  
    0.12094198664813788 0.1283336468350457 0.1374621631372422  
    0.147949032210917 0.15937447382169684 0.1710638102337546  
    0.18169245722109212 0.18914892218098694 0.19091462450867325  
    0.18601015177368693 0.17381865572221164 0.15872917038918505  
    0.14086182662014107 0.11900943199144509 
  J_NB = 0.0 0.0 0.0 0.0 0.0 0.0 0.0 0.0 0.0 0.0 0.0 0.0 0.0 0.0 0.0  
    0.0 0.0 0.0 0.0 0.0 0.0 0.0 0.0 0.0 0.0 0.0 0.0 0.0 0.0 0.0 0.0 0.0  
    0.0 0.0 0.0 0.0 0.0 0.0 0.0 0.0 0.0 0.0 0.0 0.0 0.0 0.0 0.0 0.0 0.0  
    0.0 0.0 0.0 0.0 0.0 0.0 0.0 0.0 0.0 0.0 0.0 0.0 0.0 0.0 0.0 0.0 0.0  
    0.0 0.0 0.0 0.0 0.0 0.0 0.0 0.0 0.0 0.0 0.0 0.0 0.0 0.0 0.0 0.0 0.0  
    0.0 0.0 0.0 0.0 0.0 0.0 0.0 0.0 0.0 0.0 0.0 0.0 0.0 0.0 0.0 0.0 0.0  
    0.0 
  J_EC = 0.0 0.0 0.0 0.0 0.0 0.0 0.0 0.0 0.0 0.0 0.0 0.0 0.0 0.0 0.0  
    0.0 0.0 0.0 0.0 0.0 0.0 0.0 0.0 0.0 0.0 0.0 0.0 0.0 0.0 0.0 0.0 0.0  
    0.0 0.0 0.0 0.0 0.0 0.0 0.0 0.0 0.0 0.0 0.0 0.0 0.0 0.0 0.0 0.0 0.0  
    0.0 0.0 0.0 0.0 0.0 0.0 0.0 0.0 0.0 0.0 0.0 0.0 0.0 0.0 0.0 0.0 0.0  
    0.0 0.0 0.0 0.0 0.0 0.0 0.0 0.0 0.0 0.0 0.0 0.0 0.0 0.0 0.0 0.0 0.0  
    0.0 0.0 0.0 0.0 0.0 0.0 0.0 0.0 0.0 0.0 0.0 0.0 0.0 0.0 0.0 0.0 0.0  
    0.0 
  J_IC = 0.0 0.0 0.0 0.0 0.0 0.0 0.0 0.0 0.0 0.0 0.0 0.0 0.0 0.0 0.0  
    0.0 0.0 0.0 0.0 0.0 0.0 0.0 0.0 0.0 0.0 0.0 0.0 0.0 0.0 0.0 0.0 0.0  
    0.0 0.0 0.0 0.0 0.0 0.0 0.0 0.0 0.0 0.0 0.0 0.0 0.0 0.0 0.0 0.0 0.0  
    0.0 0.0 0.0 0.0 0.0 0.0 0.0 0.0 0.0 0.0 0.0 0.0 0.0 0.0 0.0 0.0 0.0  
    0.0 0.0 0.0 0.0 0.0 0.0 0.0 0.0 0.0 0.0 0.0 0.0 0.0 0.0 0.0 0.0 0.0  
    0.0 0.0 0.0 0.0 0.0 0.0 0.0 0.0 0.0 0.0 0.0 0.0 0.0 0.0 0.0 0.0 0.0  
    0.0 
  J_LH = 0.0 0.0 0.0 0.0 0.0 0.0 0.0 0.0 0.0 0.0 0.0 0.0 0.0 0.0 0.0  
    0.0 0.0 0.0 0.0 0.0 0.0 0.0 0.0 0.0 0.0 0.0 0.0 0.0 0.0 0.0 0.0 0.0  
    0.0 0.0 0.0 0.0 0.0 0.0 0.0 0.0 0.0 0.0 0.0 0.0 0.0 0.0 0.0 0.0 0.0  
    0.0 0.0 0.0 0.0 0.0 0.0 0.0 0.0 0.0 0.0 0.0 0.0 0.0 0.0 0.0 0.0 0.0  
    0.0 0.0 0.0 0.0 0.0 0.0 0.0 0.0 0.0 0.0 0.0 0.0 0.0 0.0 0.0 0.0 0.0  
    0.0 0.0 0.0 0.0 0.0 0.0 0.0 0.0 0.0 0.0 0.0 0.0 0.0 0.0 0.0 0.0 0.0  
    0.0 
  PE_NB = 0.0 0.0 0.0 0.0 0.0 0.0 0.0 0.0 0.0 0.0 0.0 0.0 0.0 0.0 0.0  
    0.0 0.0 0.0 0.0 0.0 0.0 0.0 0.0 0.0 0.0 0.0 0.0 0.0 0.0 0.0 0.0 0.0  
    0.0 0.0 0.0 0.0 0.0 0.0 0.0 0.0 0.0 0.0 0.0 0.0 0.0 0.0 0.0 0.0 0.0  
    0.0 0.0 0.0 0.0 0.0 0.0 0.0 0.0 0.0 0.0 0.0 0.0 0.0 0.0 0.0 0.0 0.0  
    0.0 0.0 0.0 0.0 0.0 0.0 0.0 0.0 0.0 0.0 0.0 0.0 0.0 0.0 0.0 0.0 0.0  
    0.0 0.0 0.0 0.0 0.0 0.0 0.0 0.0 0.0 0.0 0.0 0.0 0.0 0.0 0.0 0.0 0.0  
    0.0 
  PE_EC = 0.0 0.0 0.0 0.0 0.0 0.0 0.0 0.0 0.0 0.0 0.0 0.0 0.0 0.0 0.0  
    0.0 0.0 0.0 0.0 0.0 0.0 0.0 0.0 0.0 0.0 0.0 0.0 0.0 0.0 0.0 0.0 0.0  
    0.0 0.0 0.0 0.0 0.0 0.0 0.0 0.0 0.0 0.0 0.0 0.0 0.0 0.0 0.0 0.0 0.0  
    0.0 0.0 0.0 0.0 0.0 0.0 0.0 0.0 0.0 0.0 0.0 0.0 0.0 0.0 0.0 0.0 0.0  
    0.0 0.0 0.0 0.0 0.0 0.0 0.0 0.0 0.0 0.0 0.0 0.0 0.0 0.0 0.0 0.0 0.0  
    0.0 0.0 0.0 0.0 0.0 0.0 0.0 0.0 0.0 0.0 0.0 0.0 0.0 0.0 0.0 0.0 0.0  
    0.0 
  PE_IC = 0.0 0.0 0.0 0.0 0.0 0.0 0.0 0.0 0.0 0.0 0.0 0.0 0.0 0.0 0.0  
    0.0 0.0 0.0 0.0 0.0 0.0 0.0 0.0 0.0 0.0 0.0 0.0 0.0 0.0 0.0 0.0 0.0  
    0.0 0.0 0.0 0.0 0.0 0.0 0.0 0.0 0.0 0.0 0.0 0.0 0.0 0.0 0.0 0.0 0.0  
    0.0 0.0 0.0 0.0 0.0 0.0 0.0 0.0 0.0 0.0 0.0 0.0 0.0 0.0 0.0 0.0 0.0  
    0.0 0.0 0.0 0.0 0.0 0.0 0.0 0.0 0.0 0.0 0.0 0.0 0.0 0.0 0.0 0.0 0.0  
    0.0 0.0 0.0 0.0 0.0 0.0 0.0 0.0 0.0 0.0 0.0 0.0 0.0 0.0 0.0 0.0 0.0  
    0.0 
  PE_LH = 0.0 0.0 0.0 0.0 0.0 0.0 0.0 0.0 0.0 0.0 0.0 0.0 0.0 0.0 0.0  
    0.0 0.0 0.0 0.0 0.0 0.0 0.0 0.0 0.0 0.0 0.0 0.0 0.0 0.0 0.0 0.0 0.0  
    0.0 0.0 0.0 0.0 0.0 0.0 0.0 0.0 0.0 0.0 0.0 0.0 0.0 0.0 0.0 0.0 0.0  
    0.0 0.0 0.0 0.0 0.0 0.0 0.0 0.0 0.0 0.0 0.0 0.0 0.0 0.0 0.0 0.0 0.0  
    0.0 0.0 0.0 0.0 0.0 0.0 0.0 0.0 0.0 0.0 0.0 0.0 0.0 0.0 0.0 0.0 0.0  
    0.0 0.0 0.0 0.0 0.0 0.0 0.0 0.0 0.0 0.0 0.0 0.0 0.0 0.0 0.0 0.0 0.0  
    0.0 
  PE_FUS = 0.0 0.0 0.0 0.0 0.0 0.0 0.0 0.0 0.0 0.0 0.0 0.0 0.0 0.0 0.0  
    0.0 0.0 0.0 0.0 0.0 0.0 0.0 0.0 0.0 0.0 0.0 0.0 0.0 0.0 0.0 0.0 0.0  
    0.0 0.0 0.0 0.0 0.0 0.0 0.0 0.0 0.0 0.0 0.0 0.0 0.0 0.0 0.0 0.0 0.0  
    0.0 0.0 0.0 0.0 0.0 0.0 0.0 0.0 0.0 0.0 0.0 0.0 0.0 0.0 0.0 0.0 0.0  
    0.0 0.0 0.0 0.0 0.0 0.0 0.0 0.0 0.0 0.0 0.0 0.0 0.0 0.0 0.0 0.0 0.0  
    0.0 0.0 0.0 0.0 0.0 0.0 0.0 0.0 0.0 0.0 0.0 0.0 0.0 0.0 0.0 0.0 0.0  
    0.0 
  PE_IONIZATION = 0.0 0.0 0.0 0.0 0.0 0.0 0.0 0.0 0.0 0.0 0.0 0.0 0.0  
    0.0 0.0 0.0 0.0 0.0 0.0 0.0 0.0 0.0 0.0 0.0 0.0 0.0 0.0 0.0 0.0 0.0  
    0.0 0.0 0.0 0.0 0.0 0.0 0.0 0.0 0.0 0.0 0.0 0.0 0.0 0.0 0.0 0.0 0.0  
    0.0 0.0 0.0 0.0 0.0 0.0 0.0 0.0 0.0 0.0 0.0 0.0 0.0 0.0 0.0 0.0 0.0  
    0.0 0.0 0.0 0.0 0.0 0.0 0.0 0.0 0.0 0.0 0.0 0.0 0.0 0.0 0.0 0.0 0.0  
    0.0 0.0 0.0 0.0 0.0 0.0 0.0 0.0 0.0 0.0 0.0 0.0 0.0 0.0 0.0 0.0 0.0  
    0.0 0.0 0.0 
  P_RAD = 0.0 0.0 0.0 0.0 0.0 0.0 0.0 0.0 0.0 0.0 0.0 0.0 0.0 0.0 0.0  
    0.0 0.0 0.0 0.0 0.0 0.0 0.0 0.0 0.0 0.0 0.0 0.0 0.0 0.0 0.0 0.0 0.0  
    0.0 0.0 0.0 0.0 0.0 0.0 0.0 0.0 0.0 0.0 0.0 0.0 0.0 0.0 0.0 0.0 0.0  
    0.0 0.0 0.0 0.0 0.0 0.0 0.0 0.0 0.0 0.0 0.0 0.0 0.0 0.0 0.0 0.0 0.0  
    0.0 0.0 0.0 0.0 0.0 0.0 0.0 0.0 0.0 0.0 0.0 0.0 0.0 0.0 0.0 0.0 0.0  
    0.0 0.0 0.0 0.0 0.0 0.0 0.0 0.0 0.0 0.0 0.0 0.0 0.0 0.0 0.0 0.0 0.0  
    0.0 
  PI_NB = 0.0 0.0 0.0 0.0 0.0 0.0 0.0 0.0 0.0 0.0 0.0 0.0 0.0 0.0 0.0  
    0.0 0.0 0.0 0.0 0.0 0.0 0.0 0.0 0.0 0.0 0.0 0.0 0.0 0.0 0.0 0.0 0.0  
    0.0 0.0 0.0 0.0 0.0 0.0 0.0 0.0 0.0 0.0 0.0 0.0 0.0 0.0 0.0 0.0 0.0  
    0.0 0.0 0.0 0.0 0.0 0.0 0.0 0.0 0.0 0.0 0.0 0.0 0.0 0.0 0.0 0.0 0.0  
    0.0 0.0 0.0 0.0 0.0 0.0 0.0 0.0 0.0 0.0 0.0 0.0 0.0 0.0 0.0 0.0 0.0  
    0.0 0.0 0.0 0.0 0.0 0.0 0.0 0.0 0.0 0.0 0.0 0.0 0.0 0.0 0.0 0.0 0.0  
    0.0 
  PI_IC = 0.0 0.0 0.0 0.0 0.0 0.0 0.0 0.0 0.0 0.0 0.0 0.0 0.0 0.0 0.0  
    0.0 0.0 0.0 0.0 0.0 0.0 0.0 0.0 0.0 0.0 0.0 0.0 0.0 0.0 0.0 0.0 0.0  
    0.0 0.0 0.0 0.0 0.0 0.0 0.0 0.0 0.0 0.0 0.0 0.0 0.0 0.0 0.0 0.0 0.0  
    0.0 0.0 0.0 0.0 0.0 0.0 0.0 0.0 0.0 0.0 0.0 0.0 0.0 0.0 0.0 0.0 0.0  
    0.0 0.0 0.0 0.0 0.0 0.0 0.0 0.0 0.0 0.0 0.0 0.0 0.0 0.0 0.0 0.0 0.0  
    0.0 0.0 0.0 0.0 0.0 0.0 0.0 0.0 0.0 0.0 0.0 0.0 0.0 0.0 0.0 0.0 0.0  
    0.0 
  PI_LH = 0.0 0.0 0.0 0.0 0.0 0.0 0.0 0.0 0.0 0.0 0.0 0.0 0.0 0.0 0.0  
    0.0 0.0 0.0 0.0 0.0 0.0 0.0 0.0 0.0 0.0 0.0 0.0 0.0 0.0 0.0 0.0 0.0  
    0.0 0.0 0.0 0.0 0.0 0.0 0.0 0.0 0.0 0.0 0.0 0.0 0.0 0.0 0.0 0.0 0.0  
    0.0 0.0 0.0 0.0 0.0 0.0 0.0 0.0 0.0 0.0 0.0 0.0 0.0 0.0 0.0 0.0 0.0  
    0.0 0.0 0.0 0.0 0.0 0.0 0.0 0.0 0.0 0.0 0.0 0.0 0.0 0.0 0.0 0.0 0.0  
    0.0 0.0 0.0 0.0 0.0 0.0 0.0 0.0 0.0 0.0 0.0 0.0 0.0 0.0 0.0 0.0 0.0  
    0.0 
  PI_FUS = 0.0 0.0 0.0 0.0 0.0 0.0 0.0 0.0 0.0 0.0 0.0 0.0 0.0 0.0 0.0  
    0.0 0.0 0.0 0.0 0.0 0.0 0.0 0.0 0.0 0.0 0.0 0.0 0.0 0.0 0.0 0.0 0.0  
    0.0 0.0 0.0 0.0 0.0 0.0 0.0 0.0 0.0 0.0 0.0 0.0 0.0 0.0 0.0 0.0 0.0  
    0.0 0.0 0.0 0.0 0.0 0.0 0.0 0.0 0.0 0.0 0.0 0.0 0.0 0.0 0.0 0.0 0.0  
    0.0 0.0 0.0 0.0 0.0 0.0 0.0 0.0 0.0 0.0 0.0 0.0 0.0 0.0 0.0 0.0 0.0  
    0.0 0.0 0.0 0.0 0.0 0.0 0.0 0.0 0.0 0.0 0.0 0.0 0.0 0.0 0.0 0.0 0.0  
    0.0 
  PI_IONIZATION = 0.0 0.0 0.0 0.0 0.0 0.0 0.0 0.0 0.0 0.0 0.0 0.0 0.0  
    0.0 0.0 0.0 0.0 0.0 0.0 0.0 0.0 0.0 0.0 0.0 0.0 0.0 0.0 0.0 0.0 0.0  
    0.0 0.0 0.0 0.0 0.0 0.0 0.0 0.0 0.0 0.0 0.0 0.0 0.0 0.0 0.0 0.0 0.0  
    0.0 0.0 0.0 0.0 0.0 0.0 0.0 0.0 0.0 0.0 0.0 0.0 0.0 0.0 0.0 0.0 0.0  
    0.0 0.0 0.0 0.0 0.0 0.0 0.0 0.0 0.0 0.0 0.0 0.0 0.0 0.0 0.0 0.0 0.0  
    0.0 0.0 0.0 0.0 0.0 0.0 0.0 0.0 0.0 0.0 0.0 0.0 0.0 0.0 0.0 0.0 0.0  
    0.0 0.0 0.0 
  PI_CX = 0.0 0.0 0.0 0.0 0.0 0.0 0.0 0.0 0.0 0.0 0.0 0.0 0.0 0.0 0.0  
    0.0 0.0 0.0 0.0 0.0 0.0 0.0 0.0 0.0 0.0 0.0 0.0 0.0 0.0 0.0 0.0 0.0  
    0.0 0.0 0.0 0.0 0.0 0.0 0.0 0.0 0.0 0.0 0.0 0.0 0.0 0.0 0.0 0.0 0.0  
    0.0 0.0 0.0 0.0 0.0 0.0 0.0 0.0 0.0 0.0 0.0 0.0 0.0 0.0 0.0 0.0 0.0  
    0.0 0.0 0.0 0.0 0.0 0.0 0.0 0.0 0.0 0.0 0.0 0.0 0.0 0.0 0.0 0.0 0.0  
    0.0 0.0 0.0 0.0 0.0 0.0 0.0 0.0 0.0 0.0 0.0 0.0 0.0 0.0 0.0 0.0 0.0  
    0.0 
  P_OHM = 0.0 0.0 0.0 0.0 0.0 0.0 0.0 0.0 0.0 0.0 0.0 0.0 0.0 0.0 0.0  
    0.0 0.0 0.0 0.0 0.0 0.0 0.0 0.0 0.0 0.0 0.0 0.0 0.0 0.0 0.0 0.0 0.0  
    0.0 0.0 0.0 0.0 0.0 0.0 0.0 0.0 0.0 0.0 0.0 0.0 0.0 0.0 0.0 0.0 0.0  
    0.0 0.0 0.0 0.0 0.0 0.0 0.0 0.0 0.0 0.0 0.0 0.0 0.0 0.0 0.0 0.0 0.0  
    0.0 0.0 0.0 0.0 0.0 0.0 0.0 0.0 0.0 0.0 0.0 0.0 0.0 0.0 0.0 0.0 0.0  
    0.0 0.0 0.0 0.0 0.0 0.0 0.0 0.0 0.0 0.0 0.0 0.0 0.0 0.0 0.0 0.0 0.0  
    0.0 
  P_EI = 0.0 0.0 0.0 0.0 0.0 0.0 0.0 0.0 0.0 0.0 0.0 0.0 0.0 0.0 0.0  
    0.0 0.0 0.0 0.0 0.0 0.0 0.0 0.0 0.0 0.0 0.0 0.0 0.0 0.0 0.0 0.0 0.0  
    0.0 0.0 0.0 0.0 0.0 0.0 0.0 0.0 0.0 0.0 0.0 0.0 0.0 0.0 0.0 0.0 0.0  
    0.0 0.0 0.0 0.0 0.0 0.0 0.0 0.0 0.0 0.0 0.0 0.0 0.0 0.0 0.0 0.0 0.0  
    0.0 0.0 0.0 0.0 0.0 0.0 0.0 0.0 0.0 0.0 0.0 0.0 0.0 0.0 0.0 0.0 0.0  
    0.0 0.0 0.0 0.0 0.0 0.0 0.0 0.0 0.0 0.0 0.0 0.0 0.0 0.0 0.0 0.0 0.0  
    0.0 
  TORQUE_NB = 0.0 0.0 0.0 0.0 0.0 0.0 0.0 0.0 0.0 0.0 0.0 0.0 0.0 0.0  
    0.0 0.0 0.0 0.0 0.0 0.0 0.0 0.0 0.0 0.0 0.0 0.0 0.0 0.0 0.0 0.0 0.0  
    0.0 0.0 0.0 0.0 0.0 0.0 0.0 0.0 0.0 0.0 0.0 0.0 0.0 0.0 0.0 0.0 0.0  
    0.0 0.0 0.0 0.0 0.0 0.0 0.0 0.0 0.0 0.0 0.0 0.0 0.0 0.0 0.0 0.0 0.0  
    0.0 0.0 0.0 0.0 0.0 0.0 0.0 0.0 0.0 0.0 0.0 0.0 0.0 0.0 0.0 0.0 0.0  
    0.0 0.0 0.0 0.0 0.0 0.0 0.0 0.0 0.0 0.0 0.0 0.0 0.0 0.0 0.0 0.0 0.0  
    0.0 0.0 
  TORQUE_IN = 0.0 0.0 0.0 0.0 0.0 0.0 0.0 0.0 0.0 0.0 0.0 0.0 0.0 0.0  
    0.0 0.0 0.0 0.0 0.0 0.0 0.0 0.0 0.0 0.0 0.0 0.0 0.0 0.0 0.0 0.0 0.0  
    0.0 0.0 0.0 0.0 0.0 0.0 0.0 0.0 0.0 0.0 0.0 0.0 0.0 0.0 0.0 0.0 0.0  
    0.0 0.0 0.0 0.0 0.0 0.0 0.0 0.0 0.0 0.0 0.0 0.0 0.0 0.0 0.0 0.0 0.0  
    0.0 0.0 0.0 0.0 0.0 0.0 0.0 0.0 0.0 0.0 0.0 0.0 0.0 0.0 0.0 0.0 0.0  
    0.0 0.0 0.0 0.0 0.0 0.0 0.0 0.0 0.0 0.0 0.0 0.0 0.0 0.0 0.0 0.0 0.0  
    0.0 0.0 
  SE_NB = 0.0 0.0 0.0 0.0 0.0 0.0 0.0 0.0 0.0 0.0 0.0 0.0 0.0 0.0 0.0  
    0.0 0.0 0.0 0.0 0.0 0.0 0.0 0.0 0.0 0.0 0.0 0.0 0.0 0.0 0.0 0.0 0.0  
    0.0 0.0 0.0 0.0 0.0 0.0 0.0 0.0 0.0 0.0 0.0 0.0 0.0 0.0 0.0 0.0 0.0  
    0.0 0.0 0.0 0.0 0.0 0.0 0.0 0.0 0.0 0.0 0.0 0.0 0.0 0.0 0.0 0.0 0.0  
    0.0 0.0 0.0 0.0 0.0 0.0 0.0 0.0 0.0 0.0 0.0 0.0 0.0 0.0 0.0 0.0 0.0  
    0.0 0.0 0.0 0.0 0.0 0.0 0.0 0.0 0.0 0.0 0.0 0.0 0.0 0.0 0.0 0.0 0.0  
    0.0 
  SE_IONIZATION = 0.0 0.0 0.0 0.0 0.0 0.0 0.0 0.0 0.0 0.0 0.0 0.0 0.0  
    0.0 0.0 0.0 0.0 0.0 0.0 0.0 0.0 0.0 0.0 0.0 0.0 0.0 0.0 0.0 0.0 0.0  
    0.0 0.0 0.0 0.0 0.0 0.0 0.0 0.0 0.0 0.0 0.0 0.0 0.0 0.0 0.0 0.0 0.0  
    0.0 0.0 0.0 0.0 0.0 0.0 0.0 0.0 0.0 0.0 0.0 0.0 0.0 0.0 0.0 0.0 0.0  
    0.0 0.0 0.0 0.0 0.0 0.0 0.0 0.0 0.0 0.0 0.0 0.0 0.0 0.0 0.0 0.0 0.0  
    0.0 0.0 0.0 0.0 0.0 0.0 0.0 0.0 0.0 0.0 0.0 0.0 0.0 0.0 0.0 0.0 0.0  
    0.0 0.0 0.0 
  SI_NB = 0.0 0.0 0.0 0.0 0.0 0.0 0.0 0.0 0.0 0.0 0.0 0.0 0.0 0.0 0.0  
    0.0 0.0 0.0 0.0 0.0 0.0 0.0 0.0 0.0 0.0 0.0 0.0 0.0 0.0 0.0 0.0 0.0  
    0.0 0.0 0.0 0.0 0.0 0.0 0.0 0.0 0.0 0.0 0.0 0.0 0.0 0.0 0.0 0.0 0.0  
    0.0 0.0 0.0 0.0 0.0 0.0 0.0 0.0 0.0 0.0 0.0 0.0 0.0 0.0 0.0 0.0 0.0  
    0.0 0.0 0.0 0.0 0.0 0.0 0.0 0.0 0.0 0.0 0.0 0.0 0.0 0.0 0.0 0.0 0.0  
    0.0 0.0 0.0 0.0 0.0 0.0 0.0 0.0 0.0 0.0 0.0 0.0 0.0 0.0 0.0 0.0 0.0  
    0.0 
  SI_IONIZATION = 0.0 0.0 0.0 0.0 0.0 0.0 0.0 0.0 0.0 0.0 0.0 0.0 0.0  
    0.0 0.0 0.0 0.0 0.0 0.0 0.0 0.0 0.0 0.0 0.0 0.0 0.0 0.0 0.0 0.0 0.0  
    0.0 0.0 0.0 0.0 0.0 0.0 0.0 0.0 0.0 0.0 0.0 0.0 0.0 0.0 0.0 0.0 0.0  
    0.0 0.0 0.0 0.0 0.0 0.0 0.0 0.0 0.0 0.0 0.0 0.0 0.0 0.0 0.0 0.0 0.0  
    0.0 0.0 0.0 0.0 0.0 0.0 0.0 0.0 0.0 0.0 0.0 0.0 0.0 0.0 0.0 0.0 0.0  
    0.0 0.0 0.0 0.0 0.0 0.0 0.0 0.0 0.0 0.0 0.0 0.0 0.0 0.0 0.0 0.0 0.0  
    0.0 0.0 0.0 
  SE_PELLET = 0.0 0.0 0.0 0.0 0.0 0.0 0.0 0.0 0.0 0.0 0.0 0.0 0.0 0.0  
    0.0 0.0 0.0 0.0 0.0 0.0 0.0 0.0 0.0 0.0 0.0 0.0 0.0 0.0 0.0 0.0 0.0  
    0.0 0.0 0.0 0.0 0.0 0.0 0.0 0.0 0.0 0.0 0.0 0.0 0.0 0.0 0.0 0.0 0.0  
    0.0 0.0 0.0 0.0 0.0 0.0 0.0 0.0 0.0 0.0 0.0 0.0 0.0 0.0 0.0 0.0 0.0  
    0.0 0.0 0.0 0.0 0.0 0.0 0.0 0.0 0.0 0.0 0.0 0.0 0.0 0.0 0.0 0.0 0.0  
    0.0 0.0 0.0 0.0 0.0 0.0 0.0 0.0 0.0 0.0 0.0 0.0 0.0 0.0 0.0 0.0 0.0  
    0.0 0.0 
  Q = 0.0 0.0 0.0 0.0 0.0 0.0 0.0 0.0 0.0 0.0 0.0 0.0 0.0 0.0 0.0 0.0  
    0.0 0.0 0.0 0.0 0.0 0.0 0.0 0.0 0.0 0.0 0.0 0.0 0.0 0.0 0.0 0.0 0.0  
    0.0 0.0 0.0 0.0 0.0 0.0 0.0 0.0 0.0 0.0 0.0 0.0 0.0 0.0 0.0 0.0 0.0  
    0.0 0.0 0.0 0.0 0.0 0.0 0.0 0.0 0.0 0.0 0.0 0.0 0.0 0.0 0.0 0.0 0.0  
    0.0 0.0 0.0 0.0 0.0 0.0 0.0 0.0 0.0 0.0 0.0 0.0 0.0 0.0 0.0 0.0 0.0  
    0.0 0.0 0.0 0.0 0.0 0.0 0.0 0.0 0.0 0.0 0.0 0.0 0.0 0.0 0.0 0.0 0.0 
  PSIPOL = 0.0 0.0 0.0 0.0 0.0 0.0 0.0 0.0 0.0 0.0 0.0 0.0 0.0 0.0 0.0  
    0.0 0.0 0.0 0.0 0.0 0.0 0.0 0.0 0.0 0.0 0.0 0.0 0.0 0.0 0.0 0.0 0.0  
    0.0 0.0 0.0 0.0 0.0 0.0 0.0 0.0 0.0 0.0 0.0 0.0 0.0 0.0 0.0 0.0 0.0  
    0.0 0.0 0.0 0.0 0.0 0.0 0.0 0.0 0.0 0.0 0.0 0.0 0.0 0.0 0.0 0.0 0.0  
    0.0 0.0 0.0 0.0 0.0 0.0 0.0 0.0 0.0 0.0 0.0 0.0 0.0 0.0 0.0 0.0 0.0  
    0.0 0.0 0.0 0.0 0.0 0.0 0.0 0.0 0.0 0.0 0.0 0.0 0.0 0.0 0.0 0.0 0.0  
    0.0 
  PSI = 0.0 0.0 0.0 0.0 0.0 0.0 0.0 0.0 0.0 0.0 0.0 0.0 0.0 0.0 0.0 0.0  
    0.0 0.0 0.0 0.0 0.0 0.0 0.0 0.0 0.0 0.0 0.0 0.0 0.0 0.0 0.0 0.0 0.0  
    0.0 0.0 0.0 0.0 0.0 0.0 0.0 0.0 0.0 0.0 0.0 0.0 0.0 0.0 0.0 0.0 0.0  
    0.0 0.0 0.0 0.0 0.0 0.0 0.0 0.0 0.0 0.0 0.0 0.0 0.0 0.0 0.0 0.0 0.0  
    0.0 0.0 0.0 0.0 0.0 0.0 0.0 0.0 0.0 0.0 0.0 0.0 0.0 0.0 0.0 0.0 0.0  
    0.0 0.0 0.0 0.0 0.0 0.0 0.0 0.0 0.0 0.0 0.0 0.0 0.0 0.0 0.0 0.0 0.0 
  DENSITY_BEAM = 0.0 0.0 0.0 0.0 0.0 0.0 0.0 0.0 0.0 0.0 0.0 0.0 0.0  
    0.0 0.0 0.0 0.0 0.0 0.0 0.0 0.0 0.0 0.0 0.0 0.0 0.0 0.0 0.0 0.0 0.0  
    0.0 0.0 0.0 0.0 0.0 0.0 0.0 0.0 0.0 0.0 0.0 0.0 0.0 0.0 0.0 0.0 0.0  
    0.0 0.0 0.0 0.0 0.0 0.0 0.0 0.0 0.0 0.0 0.0 0.0 0.0 0.0 0.0 0.0 0.0  
    0.0 0.0 0.0 0.0 0.0 0.0 0.0 0.0 0.0 0.0 0.0 0.0 0.0 0.0 0.0 0.0 0.0  
    0.0 0.0 0.0 0.0 0.0 0.0 0.0 0.0 0.0 0.0 0.0 0.0 0.0 0.0 0.0 0.0 0.0  
    0.0 0.0 0.0 
  WBEAM = 0.0 0.0 0.0 0.0 0.0 0.0 0.0 0.0 0.0 0.0 0.0 0.0 0.0 0.0 0.0  
    0.0 0.0 0.0 0.0 0.0 0.0 0.0 0.0 0.0 0.0 0.0 0.0 0.0 0.0 0.0 0.0 0.0  
    0.0 0.0 0.0 0.0 0.0 0.0 0.0 0.0 0.0 0.0 0.0 0.0 0.0 0.0 0.0 0.0 0.0  
    0.0 0.0 0.0 0.0 0.0 0.0 0.0 0.0 0.0 0.0 0.0 0.0 0.0 0.0 0.0 0.0 0.0  
    0.0 0.0 0.0 0.0 0.0 0.0 0.0 0.0 0.0 0.0 0.0 0.0 0.0 0.0 0.0 0.0 0.0  
    0.0 0.0 0.0 0.0 0.0 0.0 0.0 0.0 0.0 0.0 0.0 0.0 0.0 0.0 0.0 0.0 0.0  
    0.0 
  TBEAM = 0.0 0.0 0.0 0.0 0.0 0.0 0.0 0.0 0.0 0.0 0.0 0.0 0.0 0.0 0.0  
    0.0 0.0 0.0 0.0 0.0 0.0 0.0 0.0 0.0 0.0 0.0 0.0 0.0 0.0 0.0 0.0 0.0  
    0.0 0.0 0.0 0.0 0.0 0.0 0.0 0.0 0.0 0.0 0.0 0.0 0.0 0.0 0.0 0.0 0.0  
    0.0 0.0 0.0 0.0 0.0 0.0 0.0 0.0 0.0 0.0 0.0 0.0 0.0 0.0 0.0 0.0 0.0  
    0.0 0.0 0.0 0.0 0.0 0.0 0.0 0.0 0.0 0.0 0.0 0.0 0.0 0.0 0.0 0.0 0.0  
    0.0 0.0 0.0 0.0 0.0 0.0 0.0 0.0 0.0 0.0 0.0 0.0 0.0 0.0 0.0 0.0 0.0  
    0.0 
  DENSITY_ALPHA = 0.0 0.0 0.0 0.0 0.0 0.0 0.0 0.0 0.0 0.0 0.0 0.0 0.0  
    0.0 0.0 0.0 0.0 0.0 0.0 0.0 0.0 0.0 0.0 0.0 0.0 0.0 0.0 0.0 0.0 0.0  
    0.0 0.0 0.0 0.0 0.0 0.0 0.0 0.0 0.0 0.0 0.0 0.0 0.0 0.0 0.0 0.0 0.0  
    0.0 0.0 0.0 0.0 0.0 0.0 0.0 0.0 0.0 0.0 0.0 0.0 0.0 0.0 0.0 0.0 0.0  
    0.0 0.0 0.0 0.0 0.0 0.0 0.0 0.0 0.0 0.0 0.0 0.0 0.0 0.0 0.0 0.0 0.0  
    0.0 0.0 0.0 0.0 0.0 0.0 0.0 0.0 0.0 0.0 0.0 0.0 0.0 0.0 0.0 0.0 0.0  
    0.0 0.0 0.0 
  WALPHA = 0.0 0.0 0.0 0.0 0.0 0.0 0.0 0.0 0.0 0.0 0.0 0.0 0.0 0.0 0.0  
    0.0 0.0 0.0 0.0 0.0 0.0 0.0 0.0 0.0 0.0 0.0 0.0 0.0 0.0 0.0 0.0 0.0  
    0.0 0.0 0.0 0.0 0.0 0.0 0.0 0.0 0.0 0.0 0.0 0.0 0.0 0.0 0.0 0.0 0.0  
    0.0 0.0 0.0 0.0 0.0 0.0 0.0 0.0 0.0 0.0 0.0 0.0 0.0 0.0 0.0 0.0 0.0  
    0.0 0.0 0.0 0.0 0.0 0.0 0.0 0.0 0.0 0.0 0.0 0.0 0.0 0.0 0.0 0.0 0.0  
    0.0 0.0 0.0 0.0 0.0 0.0 0.0 0.0 0.0 0.0 0.0 0.0 0.0 0.0 0.0 0.0 0.0  
    0.0 
  TALPHA = 0.0 0.0 0.0 0.0 0.0 0.0 0.0 0.0 0.0 0.0 0.0 0.0 0.0 0.0 0.0  
    0.0 0.0 0.0 0.0 0.0 0.0 0.0 0.0 0.0 0.0 0.0 0.0 0.0 0.0 0.0 0.0 0.0  
    0.0 0.0 0.0 0.0 0.0 0.0 0.0 0.0 0.0 0.0 0.0 0.0 0.0 0.0 0.0 0.0 0.0  
    0.0 0.0 0.0 0.0 0.0 0.0 0.0 0.0 0.0 0.0 0.0 0.0 0.0 0.0 0.0 0.0 0.0  
    0.0 0.0 0.0 0.0 0.0 0.0 0.0 0.0 0.0 0.0 0.0 0.0 0.0 0.0 0.0 0.0 0.0  
    0.0 0.0 0.0 0.0 0.0 0.0 0.0 0.0 0.0 0.0 0.0 0.0 0.0 0.0 0.0 0.0 0.0  
    0.0 
  CHIE = 0.0 0.0 0.0 0.0 0.0 0.0 0.0 0.0 0.0 0.0 0.0 0.0 0.0 0.0 0.0  
    0.0 0.0 0.0 0.0 0.0 0.0 0.0 0.0 0.0 0.0 0.0 0.0 0.0 0.0 0.0 0.0 0.0  
    0.0 0.0 0.0 0.0 0.0 0.0 0.0 0.0 0.0 0.0 0.0 0.0 0.0 0.0 0.0 0.0 0.0  
    0.0 0.0 0.0 0.0 0.0 0.0 0.0 0.0 0.0 0.0 0.0 0.0 0.0 0.0 0.0 0.0 0.0  
    0.0 0.0 0.0 0.0 0.0 0.0 0.0 0.0 0.0 0.0 0.0 0.0 0.0 0.0 0.0 0.0 0.0  
    0.0 0.0 0.0 0.0 0.0 0.0 0.0 0.0 0.0 0.0 0.0 0.0 0.0 0.0 0.0 0.0 0.0  
    0.0 
  CHII = 0.0 0.0 0.0 0.0 0.0 0.0 0.0 0.0 0.0 0.0 0.0 0.0 0.0 0.0 0.0  
    0.0 0.0 0.0 0.0 0.0 0.0 0.0 0.0 0.0 0.0 0.0 0.0 0.0 0.0 0.0 0.0 0.0  
    0.0 0.0 0.0 0.0 0.0 0.0 0.0 0.0 0.0 0.0 0.0 0.0 0.0 0.0 0.0 0.0 0.0  
    0.0 0.0 0.0 0.0 0.0 0.0 0.0 0.0 0.0 0.0 0.0 0.0 0.0 0.0 0.0 0.0 0.0  
    0.0 0.0 0.0 0.0 0.0 0.0 0.0 0.0 0.0 0.0 0.0 0.0 0.0 0.0 0.0 0.0 0.0  
    0.0 0.0 0.0 0.0 0.0 0.0 0.0 0.0 0.0 0.0 0.0 0.0 0.0 0.0 0.0 0.0 0.0  
    0.0 
  P_EQ = 0.0 0.0 0.0 0.0 0.0 0.0 0.0 0.0 0.0 0.0 0.0 0.0 0.0 0.0 0.0  
    0.0 0.0 0.0 0.0 0.0 0.0 0.0 0.0 0.0 0.0 0.0 0.0 0.0 0.0 0.0 0.0 0.0  
    0.0 0.0 0.0 0.0 0.0 0.0 0.0 0.0 0.0 0.0 0.0 0.0 0.0 0.0 0.0 0.0 0.0  
    0.0 0.0 0.0 0.0 0.0 0.0 0.0 0.0 0.0 0.0 0.0 0.0 0.0 0.0 0.0 0.0 0.0  
    0.0 0.0 0.0 0.0 0.0 0.0 0.0 0.0 0.0 0.0 0.0 0.0 0.0 0.0 0.0 0.0 0.0  
    0.0 0.0 0.0 0.0 0.0 0.0 0.0 0.0 0.0 0.0 0.0 0.0 0.0 0.0 0.0 0.0 0.0  
    0.0 
  J_TOT = 1.271461376615858 1.271461376615858 1.2711744849196236  
    1.2703404243594587 1.269022032433046 1.2672841021767822  
    1.265170951970601 1.2627054062676752 1.2598980827788153  
    1.2567550398743157 1.2532809643972305 1.2494799814294666  
    1.2453558362953765 1.2409119808134934 1.2361516350477664  
    1.231077831308383 1.225693448902535 1.2200012431349065  
    1.2140038668081687 1.2077038872233232 1.2011038016799214  
    1.1942060502264462 1.1870130259103489 1.1795270837784269  
    1.1717505493768878 1.1636857262514049 1.1553349006973943  
    1.1467003480100257 1.1377843387344182 1.1285891424156107  
    1.1191170315987438 1.109370286329069 1.0993511981519832  
    1.0890620731133849 1.07850523550943 1.067683031386756  
    1.0565978317923104 1.0452520360237916 1.0336480741295113  
    1.0217884104081179 1.0096755467345124 0.9973120253593062  
    0.9847004327085735 0.9718434022596781 0.9587436176410336  
    0.9454038165068468 0.9318267939628284 0.9180154062906967  
    0.9039725748729461 0.889701290294177 0.8752046165905418  
    0.8604856957992916 0.8455477527843247 0.8303941003864435  
    0.8150281448736865 0.7994533917649911 0.7836734521321677  
    0.7676920492746456 0.7515130259683346 0.7351403524172129  
    0.7185781347026817 0.7018306240590839 0.6849022269991474  
    0.6677975163133104 0.6505212432461646 0.6330783507458937  
    0.6154739882148834 0.5977135278094929 0.5798025824663385  
    0.5617470260768693 0.5435530160382538 0.5252270185793195  
    0.5067758373344704 0.4882066457221415 0.46952702374210487  
    0.45074500022867925 0.4318691013261057 0.41290840658984784  
    0.3938726144882949 0.37477211905168195 0.3556181005521951  
    0.33642263378009235 0.31719881814478806 0.297960935930471  
    0.27872464719781764 0.259507232639826 0.24032790128790393  
    0.22120818726998895 0.20217247196980948 0.18324868906645903  
    0.16446930655583003 0.1458727503495553 0.1275055854477765  
    0.10942618789065761 0.09171153531031531 0.07446797771530252  
    0.057836760395228747 0.04196432076543867 0.02690811611736469  
    0.012513145310988575 -0.0016237927245059975 
  RBDRY = 2.226239824894 2.221803731491651 2.20854405405223  
    2.1866060683765314 2.156230131626436 2.1177490489215507  
    2.071584427056675 2.018242055289529 1.9583063638078015  
    1.892434020589717 1.8213467368122465 1.7458233596324264  
    1.6666913389749214 1.5848176618174956 1.5010993533002537  
    1.4164536487304928 1.404878661994981 1.3934304932363648  
    1.3822345709872472 1.3714135601146873 1.3610860178782465  
    1.3513650949918445 1.3423572959208587 1.334161311996914  
    1.3268669401350008 1.320554098999684 1.315291953399489  
    1.311138156502786 1.3081382181776133 1.306325006376039  
    1.305718387026 1.306325006376039 1.308138218177613  
    1.3111381565027858 1.315291953399489 1.320554098999684  
    1.3268669401350008 1.334161311996914 1.3423572959208587  
    1.3513650949918445 1.3610860178782465 1.3714135601146873  
    1.3822345709872472 1.3934304932363646 1.4048786619949807  
    1.416453648730493 1.501099353300253 1.5848176618174947  
    1.6666913389749212 1.7458233596324257 1.8213467368122458  
    1.8924340205897168 1.958306363807801 2.0182420552895284  
    2.071584427056675 2.1177490489215507 2.156230131626436  
    2.1866060683765314 2.20854405405223 2.221803731491651  
    2.226239824894 
  ZBDRY = 0.0 0.07063382025355233 0.13956229569639775  
    0.2069600917772117 0.2724515942818661 0.33560578230243954  
    0.3959925789710507 0.4532043058314712 0.5068680334075645  
    0.5566544550142968 0.6022850186580593 0.6435379576537817  
    0.6802534760142823 0.7123381845096289 0.7397688037725323  
    0.7625951015085768 0.7133935426809742 0.6623510106446683  
    0.6097306675386777 0.5558156562499412 0.5009104732265385  
    0.4453430925549142 0.38946832877452814 0.33367328033216354  
    0.27838639348546074 0.22409317939808135 0.1713651667739547  
    0.12091840597485598 0.07375072909473912 0.03156537583468305  
    -8.939383969681655e-10 -0.03156537583468305 -0.07375072909473346  
    -0.12091840597485178 -0.17136516677395455 -0.2240931793980811  
    -0.27838639348546046 -0.33367328033216315 -0.38946832877452764  
    -0.4453430925549136 -0.5009104732265396 -0.555815656249942  
    -0.6097306675386776 -0.6623510106446673 -0.7133935426809731  
    -0.762595101508576 -0.7397688037725325 -0.7123381845096293  
    -0.6802534760142824 -0.6435379576537822 -0.6022850186580597  
    -0.5566544550142969 -0.5068680334075649 -0.45320430583147164  
    -0.3959925789710507 -0.33560578230243954 -0.2724515942818663  
    -0.2069600917772117 -0.13956229569639775 -0.07063382025355233 0.0 
  NLIM = 5 
  RLIM = 2.2762398248939997 1.255718387026 1.255718387026  
    2.2762398248939997 2.2762398248939997 
  ZLIM = 0.8125951015085768 0.8125951015085768 -0.8125951015085761  
    -0.8125951015085761 0.8125951015085768 
  RHO = 0.0 0.01 0.02 0.03 0.04 0.05 0.06 0.07 0.08 0.09 0.1 0.11 0.12  
    0.13 0.14 0.15 0.16 0.17 0.18 0.19 0.2 0.21 0.22 0.23 0.24 0.25  
    0.26 0.27 0.28 0.29 0.3 0.31 0.32 0.33 0.34 0.35 0.36 0.37 0.38  
    0.39 0.4 0.41 0.42 0.43 0.44 0.45 0.46 0.47 0.48 0.49 0.5 0.51 0.52  
    0.53 0.54 0.55 0.56 0.57 0.58 0.59 0.6 0.61 0.62 0.63 0.64 0.65  
    0.66 0.67 0.68 0.69 0.7 0.71 0.72 0.73 0.74 0.75 0.76 0.77 0.78  
    0.79 0.8 0.81 0.82 0.83 0.84 0.85 0.86 0.87 0.88 0.89 0.9 0.91 0.92  
    0.93 0.94 0.95 0.96 0.97 0.98 0.99 1.0 
  MODEL_PROFILE_NE = 'ped' 
  MODEL_PROFILE_TE = 'ped' 
  MODEL_PROFILE_TI = 'ped' 
  MODEL_PROFILE_DENSITY_BEAM = 'parab' 
  MODEL_PROFILE_J_TOT = 'parab' 
  MODEL_PROFILE_OMEGA = 'parab' 
  MODEL_PROFILE_ZEFF = 'const' 
  MODEL_PROFILE_TBEAMI = 'const' 
  MODEL_PROFILE_DENSITY_ALPHA = 'zero' 
  MODEL_PROFILE_WALPHA = 'zero' 
  MODEL_PROFILE_WBEAM = 'derived' 
  J_TOT_AXIS = 1.1805549 
  J_TOT_SEP = 0.0 
  J_TOT_ALPHA = 1.9 
  J_TOT_BETA = 1.2 
  DENSITY_BEAM_AXIS = 0.0 
  DENSITY_BEAM_SEP = 0.0 
  DENSITY_BEAM_ALPHA = 1.5 
  DENSITY_BEAM_BETA = 1.5 
  TBEAMI_AXIS = 20.0 
  DENSITY_ION_0 = 3.8665341856526756 3.867148677903588  
    3.8667600103791333 3.8653835129423717 3.8630345154563637  
    3.859728347784169 3.855480339788851 3.8503058213334698  
    3.844220122281086 3.8372385724947624 3.829376501837558  
    3.8206492401725343 3.8110721173627513 3.8006604632712735  
    3.789429607761158 3.7773948806954682 3.764571611937263  
    3.750975131349608 3.736620768795558 3.721523854138178  
    3.705699717240528 3.689163687965669 3.6719310961766625  
    3.654017271736568 3.6354375445084477 3.6162072443553632  
    3.596341701140375 3.5758562447265434 3.554766204976929  
    3.5330869117545958 3.5108336949226024 3.4880218843440094  
    3.4646668098818783 3.44078380139927 3.416388188759248  
    3.39149530182487 3.366120470459199 3.340279024525294  
    3.3139862938862183 3.287257608405032 3.2601082979447953  
    3.2325536923685703 3.2046091215394177 3.176289915320399  
    3.147611403574574 3.118588916165004 3.089237782954752  
    3.0595733338068767 3.0296108985844397 2.9993658071505025  
    2.968853389368126 2.93808897510037 2.907087894210297  
    2.8758654765609677 2.844437052015443 2.812817950436784  
    2.7810235016880513 2.749069035632307 2.71696988213261  
    2.684741371052024 2.6523988322536076 2.619957595600423  
    2.587432990955531 2.5548403481819935 2.52219499714287  
    2.4895122677012225 2.4568074897201124 2.4240959930625996  
    2.391393107591745 2.358714163170611 2.326074489662258  
    2.293489416929746 2.260974274836138 2.2285443932444924  
    2.196215102017873 2.1640017310193382 2.1319196101119515  
    2.0999840691587717 2.0682104380228616 2.0366140465672813  
    2.0052102246550927 1.9740143021493557 1.9430416089131315  
    1.9123074748094813 1.8818272297014664 1.8516162034521466  
    1.8216897259245848 1.792063126981841 1.7627517364869763  
    1.733770884303052 1.7051359002931286 1.6768621143202673  
    1.6489648562475285 1.621459455937975 1.5943612432546665  
    1.5676855480606642 1.5414477002190285 1.5156630295084204  
    1.4903378822207576 1.4699049855719983 1.4699467434797382 
  DENSITY_IMP_0 = 0.10490596627739815 0.10492263854777176  
    0.10491209330486019 0.10487474647518062 0.10481101398525014  
    0.10472131176158597 0.10460605573070524 0.10446566181912514  
    0.1043005459533628 0.1041111240599354 0.10389781206536007  
    0.10366102589615402 0.10340118147883433 0.10311869473991825  
    0.10281398160592288 0.1024874580033654 0.10213953985876296  
    0.10177064309863276 0.10138118364949188 0.10097157743785753  
    0.10054224039024688 0.10009358843317706 0.09962603749316523  
    0.09914000349672855 0.09863590237038423 0.09811415004064937  
    0.09757516243404117 0.09701935547707675 0.09644714509627329  
    0.09585894721814793 0.09525517776921788 0.09463625267600025  
    0.09400258786501219 0.09335459926277091 0.09269270279579353  
    0.09201731439059722 0.0913288499736992 0.09062772547161652  
    0.0899143568108664 0.08918915991796598 0.08845255071943242  
    0.08770494514178291 0.08694675911153459 0.08617840855520464  
    0.08540030939931015 0.08461287757036834 0.08381652899489636  
    0.08301167959941139 0.08219874531043052 0.08137814205447101  
    0.08055028575804991 0.07971559234768444 0.07887447774989177  
    0.07802735789118904 0.0771746486980934 0.07631676609712204  
    0.0754541260147921 0.0745871443776207 0.07371623711212508  
    0.07284182014482234 0.07196430940222966 0.07108412081086417  
    0.07020167029724309 0.06931737378788355 0.06843164720930268  
    0.06754490648801766 0.06665756755054568 0.06577004632340384  
    0.06488275873310938 0.06399612070617937 0.06311054816913103  
    0.06222645704848149 0.061344263270747934 0.060464382762447484  
    0.059587231450097325 0.058713225260214615 0.057842780119316504  
    0.05697631195392017 0.056114236690542746 0.05525697025570144  
    0.054404928575913364 0.053558527577695685 0.05271818318756559  
    0.05188431133204019 0.05105732793763669 0.050237648930872195  
    0.04942569023826393 0.04862186778632903 0.04782659750158462  
    0.04704029531054791 0.04626337713973604 0.04549625891566615  
    0.044739356564855434 0.04399308601382103 0.043257863189080106  
    0.04253410401714981 0.041822224424547284 0.04112264033549976  
    0.04043552393622211 0.0398811430193953 0.03988227598588437 
  DENSITY_TH = 3.9714401519300737 3.97207131645136 3.9716721036839937  
    3.970258259417552 3.9678455294416137 3.964449659545755  
    3.960086395519556 3.954771483152595 3.948520668234449  
    3.9413496965546977 3.9332743139029183 3.924310266068688  
    3.914473298841586 3.903779158011192 3.892243589367081  
    3.8798823386988337 3.866711151796026 3.8527457744482407  
    3.83800195244505 3.8224954315760353 3.8062419576307747  
    3.789257276398846 3.7715571336698277 3.7531572752332965  
    3.734073446878832 3.7143213943960127 3.693916863574416  
    3.67287560020362 3.6512133500732022 3.628945858972744  
    3.6060888726918203 3.5826581370200095 3.5586693977468906  
    3.5341384006620413 3.5090808915550418 3.4835126162154673  
    3.4574493204328984 3.4309067499969106 3.403900650697085  
    3.376446768322998 3.3485608486642278 3.3202586375103533  
    3.2915558806509524 3.262468323875604 3.2330117129738842  
    3.2032017937353725 3.1730543119496484 3.142585013406288  
    3.1118096438948704 3.0807439492049733 3.0494036751261757  
    3.0178045674480543 2.985962371960189 2.953892834452157  
    2.9216117007135365 2.889134716533906 2.8564776277028434  
    2.8236561800099276 2.790686119244735 2.7575831911968463  
    2.724363141655837 2.6910417164112874 2.657634661252774  
    2.624157721969877 2.5906266443521724 2.5570571741892403  
    2.5234650572706583 2.4898660393860035 2.4562758663248547  
    2.42271028387679 2.389185037831389 2.3557158739782276  
    2.322318538106886 2.28900877600694 2.25580233346797  
    2.2227149562795527 2.189762390231268 2.156960381112692  
    2.1243246747134044 2.091871016822983 2.059615153231006  
    2.027572829727051 1.995759792100697 1.9641917861415215  
    1.9328845576391032 1.9018538523830189 1.8711154161628487  
    1.84068499476817 1.8105783339885608 1.7808111796136  
    1.7513992774328646 1.7223583732359335 1.693704212812384  
    1.665452541951796 1.6376191064437466 1.610219652077814  
    1.5832699246435757 1.5567856698439202 1.5307734061569798  
    1.5097861285913936 1.5098290194656225 
  NI = 3.8665341856526756 3.867148677903588 3.8667600103791333  
    3.8653835129423717 3.8630345154563637 3.859728347784169  
    3.855480339788851 3.8503058213334698 3.844220122281086  
    3.8372385724947624 3.829376501837558 3.8206492401725343  
    3.8110721173627513 3.8006604632712735 3.789429607761158  
    3.7773948806954682 3.764571611937263 3.750975131349608  
    3.736620768795558 3.721523854138178 3.705699717240528  
    3.689163687965669 3.6719310961766625 3.654017271736568  
    3.6354375445084477 3.6162072443553632 3.596341701140375  
    3.5758562447265434 3.554766204976929 3.5330869117545958  
    3.5108336949226024 3.4880218843440094 3.4646668098818783  
    3.44078380139927 3.416388188759248 3.39149530182487  
    3.366120470459199 3.340279024525294 3.3139862938862183  
    3.287257608405032 3.2601082979447953 3.2325536923685703  
    3.2046091215394177 3.176289915320399 3.147611403574574  
    3.118588916165004 3.089237782954752 3.0595733338068767  
    3.0296108985844397 2.9993658071505025 2.968853389368126  
    2.93808897510037 2.907087894210297 2.8758654765609677  
    2.844437052015443 2.812817950436784 2.7810235016880513  
    2.749069035632307 2.71696988213261 2.684741371052024  
    2.6523988322536076 2.619957595600423 2.587432990955531  
    2.5548403481819935 2.52219499714287 2.4895122677012225  
    2.4568074897201124 2.4240959930625996 2.391393107591745  
    2.358714163170611 2.326074489662258 2.293489416929746  
    2.260974274836138 2.2285443932444924 2.196215102017873  
    2.1640017310193382 2.1319196101119515 2.0999840691587717  
    2.0682104380228616 2.0366140465672813 2.0052102246550927  
    1.9740143021493557 1.9430416089131315 1.9123074748094813  
    1.8818272297014664 1.8516162034521466 1.8216897259245848  
    1.792063126981841 1.7627517364869763 1.733770884303052  
    1.7051359002931286 1.6768621143202673 1.6489648562475285  
    1.621459455937975 1.5943612432546665 1.5676855480606642  
    1.5414477002190285 1.5156630295084204 1.4903378822207576  
    1.4699049855719983 1.4699467434797382 
  NZ = 0.10490596627739815 0.10492263854777176 0.10491209330486019  
    0.10487474647518062 0.10481101398525014 0.10472131176158597  
    0.10460605573070524 0.10446566181912514 0.1043005459533628  
    0.1041111240599354 0.10389781206536007 0.10366102589615402  
    0.10340118147883433 0.10311869473991825 0.10281398160592288  
    0.1024874580033654 0.10213953985876296 0.10177064309863276  
    0.10138118364949188 0.10097157743785753 0.10054224039024688  
    0.10009358843317706 0.09962603749316523 0.09914000349672855  
    0.09863590237038423 0.09811415004064937 0.09757516243404117  
    0.09701935547707675 0.09644714509627329 0.09585894721814793  
    0.09525517776921788 0.09463625267600025 0.09400258786501219  
    0.09335459926277091 0.09269270279579353 0.09201731439059722  
    0.0913288499736992 0.09062772547161652 0.0899143568108664  
    0.08918915991796598 0.08845255071943242 0.08770494514178291  
    0.08694675911153459 0.08617840855520464 0.08540030939931015  
    0.08461287757036834 0.08381652899489636 0.08301167959941139  
    0.08219874531043052 0.08137814205447101 0.08055028575804991  
    0.07971559234768444 0.07887447774989177 0.07802735789118904  
    0.0771746486980934 0.07631676609712204 0.0754541260147921  
    0.0745871443776207 0.07371623711212508 0.07284182014482234  
    0.07196430940222966 0.07108412081086417 0.07020167029724309  
    0.06931737378788355 0.06843164720930268 0.06754490648801766  
    0.06665756755054568 0.06577004632340384 0.06488275873310938  
    0.06399612070617937 0.06311054816913103 0.06222645704848149  
    0.061344263270747934 0.060464382762447484 0.059587231450097325  
    0.058713225260214615 0.057842780119316504 0.05697631195392017  
    0.056114236690542746 0.05525697025570144 0.054404928575913364  
    0.053558527577695685 0.05271818318756559 0.05188431133204019  
    0.05105732793763669 0.050237648930872195 0.04942569023826393  
    0.04862186778632903 0.04782659750158462 0.04704029531054791  
    0.04626337713973604 0.04549625891566615 0.044739356564855434  
    0.04399308601382103 0.043257863189080106 0.04253410401714981  
    0.041822224424547284 0.04112264033549976 0.04043552393622211  
    0.0398811430193953 0.03988227598588437 
  DENSITY_HE = 0.0 0.0 0.0 0.0 0.0 0.0 0.0 0.0 0.0 0.0 0.0 0.0 0.0 0.0  
    0.0 0.0 0.0 0.0 0.0 0.0 0.0 0.0 0.0 0.0 0.0 0.0 0.0 0.0 0.0 0.0 0.0  
    0.0 0.0 0.0 0.0 0.0 0.0 0.0 0.0 0.0 0.0 0.0 0.0 0.0 0.0 0.0 0.0 0.0  
    0.0 0.0 0.0 0.0 0.0 0.0 0.0 0.0 0.0 0.0 0.0 0.0 0.0 0.0 0.0 0.0 0.0  
    0.0 0.0 0.0 0.0 0.0 0.0 0.0 0.0 0.0 0.0 0.0 0.0 0.0 0.0 0.0 0.0 0.0  
    0.0 0.0 0.0 0.0 0.0 0.0 0.0 0.0 0.0 0.0 0.0 0.0 0.0 0.0 0.0 0.0 0.0  
    0.0 0.0 
/

&INMETRIC
  IP = 584584.4615 
  BCENTR = 1.792385008 
  RMAJOR = 1.825464568153789 1.8254531569458319 1.825418696303429  
    1.8253611768325364 1.82528082928409 1.8251777906501225  
    1.8250521442217926 1.8249041821559433 1.8247341100638916  
    1.8245421503399015 1.8243286932086078 1.8240940151142266  
    1.8238384845614317 1.8235625447808692 1.8232665421988385  
    1.8229509629090206 1.82261628445806 1.8222629382060747  
    1.8218914729366695 1.8215023976474547 1.8210962051933421  
    1.8206734648793192 1.820234709465831 1.8197804462828957  
    1.8193112561403022 1.8188276912433543 1.818330275625187  
    1.817819587098588 1.8172961379364572 1.8167603903718632  
    1.816212798567178 1.8156537598736837 1.8150836465146067  
    1.8145028539883552 1.8139117355194174 1.8133106237990217  
    1.8126998747596343 1.8120798116912609 1.8114507400714754  
    1.8108129910359754 1.8101668731025256 1.80951267185399  
    1.8088507025003544 1.8081812635489385 1.8075046317687757  
    1.806821105614553 1.8061309824056733 1.8054345347896128  
    1.8047320465383556 1.8040238144494944 1.803310114455435  
    1.8025912195558262 1.8018674254861646 1.8011390148542228  
    1.8004062554564766 1.7996694405815323 1.7989288596676392  
    1.7981847861624238 1.797437506050311 1.7966873174690616  
    1.7959345081177411 1.7951793629628479 1.7944221862549798  
    1.7936632795651442 1.7929029350445567 1.79214146055718  
    1.7913791781523956 1.7906163995003423 1.7898534385859675  
    1.7890906296001625 1.7883283115714488 1.787566821557956  
    1.7868064990712158 1.7860477143836135 1.7852908408930712  
    1.7845362518763705 1.7837843255687875 1.7830354488648559  
    1.7822900200643246 1.7815484439937266 1.7808111204350197  
    1.7800784959077438 1.7793510218022346 1.7786291174586863  
    1.7779131780259125 1.7772033904901265 1.7764999112522788  
    1.7758029967473414 1.7751129944194675 1.7744302055235748  
    1.7737551470850828 1.7730885263242697 1.7724312255754744  
    1.7717841580514873 1.7711480815296015 1.7705252550430752  
    1.769919715719417 1.7693376373683831 1.7687892990870215  
    1.7683152123281636 1.7679818381278083 
  AMINOR = 0.4598920829338353 
  KAPPA = 1.2678438588961578 1.2678784706523567 1.2679823059209536  
    1.2680808387433475 1.268153534572785 1.268214893633316  
    1.2683074700191814 1.2684245928252367 1.2685561957420153  
    1.268702399397826 1.2688703085711208 1.269061514433203  
    1.2692727862281719 1.269503257016875 1.2697575182987693  
    1.2700353705095804 1.2703343673804166 1.2706561698636865  
    1.2710030842535953 1.271375501089478 1.2717733651191734  
    1.272197126955935 1.2726490309703475 1.273129985620749  
    1.2736391523849175 1.2741782036097007 1.2747492171802637  
    1.2753524417254571 1.2759878997507939 1.2766568515365562  
    1.2773603888754466 1.2780991299984539 1.2788733507169447  
    1.279684050988632 1.2805324371297064 1.2814191848178682  
    1.282344568749897 1.2833098783580172 1.2843163841228713  
    1.2853647172726537 1.2864555983879662 1.2875905415191276  
    1.2887707052331208 1.2899970306135693 1.291270648188239  
    1.2925930952939728 1.2939657753268465 1.2953899895597334  
    1.2968671567775725 1.2983990393872564 1.2999873969168554  
    1.3016338573955621 1.303340198796036 1.305108598350397  
    1.3069412029636946 1.3088400174812131 1.3108074047914444  
    1.3128460314938952 1.3149585125255967 1.317147477877368  
    1.3194160208705448 1.321767438029571 1.3242050280318172  
    1.3267323302550844 1.3293533472520191 1.3320722573136048  
    1.334893418831232 1.33782160150176 1.3408620633709807  
    1.3440203299738274 1.3473023348875264 1.3507146106575425  
    1.3542642545289676 1.357958873803261 1.3618067672053082  
    1.3658170689210696 1.3699998675529887 1.3743661886270917  
    1.3789280714414756 1.3836988246889501 1.3886932783773156  
    1.3939279608744692 1.3994214332506791 1.405194596430468  
    1.4112711706084036 1.417678585988324 1.4244483041901566  
    1.4316179438037768 1.439230181684611 1.4473350400974345  
    1.4559953578737435 1.4652925861621544 1.4753292911520122  
    1.4862407762461525 1.4982064846779473 1.5114986411679312  
    1.5265448324603612 1.5439884720861168 1.5650549148546562  
    1.5914388169021916 1.6312361571156537 
  DELTA = 0.0 0.0031761418709739565 0.005728186227652485  
    0.008275352640749873 0.01083021810263842 0.013390678459165202  
    0.01595107540805459 0.01851466717617288 0.021081638471121218  
    0.02365197245261947 0.02622733640822934 0.028806912854311494  
    0.03139182579274708 0.03398343532827264 0.03658066651985306  
    0.03918464331987437 0.04179634387437721 0.04441577622498584  
    0.0470437784156609 0.0496808459361688 0.05232752570483009  
    0.05498505152277584 0.05765429377641135 0.06033596433155665  
    0.06303137865965217 0.065741421807774 0.06846664925304209  
    0.07120798612921982 0.07396602721757599 0.07674216383633187  
    0.07953815839113396 0.08235541358219434 0.08519524945901283  
    0.08805931040704924 0.09094895806410559 0.09386554836003574  
    0.09681065661890229 0.0997858916901741 0.1027928223318695  
    0.1058331428012764 0.10890846062659118 0.11202037941530633  
    0.11517073481861471 0.11836128092720852 0.12159383843243105  
    0.12487093741723712 0.1281947747365257 0.13156737526227621  
    0.13499087588611927 0.1384676910179046 0.14199998272567385  
    0.14559023322183598 0.14924101723794975 0.15295513974687697  
    0.15673522483159805 0.1605843253591284 0.16450568143525002  
    0.16850250432796743 0.1725782638040204 0.17673677457152043  
    0.1809821115843626 0.1853183421463913 0.18975008920039102  
    0.1942822270467917 0.19891986709759393 0.2036684300895641  
    0.20853386325651535 0.21352261307800657 0.21864170654111212  
    0.22389881979915385 0.22930219572280963 0.23486067255215068  
    0.2405841018223126 0.2464835081074928 0.25257121199248506  
    0.2588609749172304 0.2653666110835247 0.2721027637908718  
    0.2791457347120249 0.28646966214219916 0.294089352817161  
    0.30203109002669665 0.3103221507136227 0.3189920027599883  
    0.32807713555915574 0.33763177906338954 0.34772311239208226  
    0.3584211860552091 0.3698052994842548 0.38198127869581855  
    0.39510611494870157 0.4093848797115855 0.42502213538823946  
    0.44229817807427263 0.46172788924067587 0.48412514754299024  
    0.510500761794143 0.5423125348795331 0.5826587146767446  
    0.6360677477964841 0.7186697825833044 
  NRHO = 101 
  RHOB = 0.5812989657198471 
  RHO = 0.0 0.01 0.02 0.03 0.04 0.05 0.06 0.07 0.08 0.09 0.1 0.11 0.12  
    0.13 0.14 0.15 0.16 0.17 0.18 0.19 0.2 0.21 0.22 0.23 0.24 0.25  
    0.26 0.27 0.28 0.29 0.3 0.31 0.32 0.33 0.34 0.35 0.36 0.37 0.38  
    0.39 0.4 0.41 0.42 0.43 0.44 0.45 0.46 0.47 0.48 0.49 0.5 0.51 0.52  
    0.53 0.54 0.55 0.56 0.57 0.58 0.59 0.6 0.61 0.62 0.63 0.64 0.65  
    0.66 0.6700000000000002 0.68 0.69 0.7 0.71 0.72 0.73 0.74 0.75 0.76  
    0.77 0.78 0.79 0.8 0.81 0.82 0.83 0.84 0.85 0.86 0.87 0.88 0.89 0.9  
    0.91 0.92 0.93 0.94 0.9500000000000001 0.96 0.97 0.98 0.99 1.0 
  VOLP = 0.0 0.4351758065221894 0.8702408412679074 1.3050845901114265  
    1.7395978806155927 2.173672531578037 2.6072020204423554  
    3.0400828094079673 3.472212797057114 3.903493324526196  
    4.333829707405455 4.763129047344927 5.191303922225581  
    5.618270563731015 6.043947948186793 6.468261649892019  
    6.8911395748604 7.3125138487639 7.732323078865427 8.1505074808746  
    8.567011861239427 8.981785873268956 9.394779855080147  
    9.805948453780934 10.215253160212045 10.622658862388436  
    11.028132309418666 11.431635263441507 11.833122980468643  
    12.232552269141863 12.629882615027476 13.025071913902037  
    13.418080994016776 13.808872835841203 14.197407620488843  
    14.583647559592421 14.967556878417879 15.349097918748251  
    15.728233372569205 16.10492850657106 16.479146495425173  
    16.850850372797407 17.220006262069106 17.58657674135501  
    17.950524133358716 18.311813823951045 18.670409436042313  
    19.02627150767868 19.379362847710595 19.72964650962723  
    20.077081739083464 20.421627465108074 20.76324422767834  
    21.10188956279555 21.43751865525537 21.77008872515894  
    22.099553235848255 22.425861648641863 22.748965485712105  
    23.06881377664213 23.38535093403076 23.698519780013367  
    24.00826114831722 24.314511513715374 24.617203120348098  
    24.916268410133416 25.211633446863676 25.503214113193394  
    25.790924416641303 26.07467324068152 26.35436275429082  
    26.629882870233683 26.90111515290967 27.167936514040818  
    27.430207403005625 27.68777047909853 27.940446533882447  
    28.188027525803342 28.430274486287495 28.66690793724607  
    28.897604076759144 29.121986756414785 29.339596059881472  
    29.54987275468558 29.75212470785313 29.945488255641994  
    30.12893414786257 30.301228572931826 30.46078495005462  
    30.605602578001218 30.733210784448783 30.840516405417333  
    30.92410863495909 30.979996786082395 31.00403029620816  
    30.99015998175079 30.933687788245443 30.81054763833997  
    30.608283675883875 30.16482002093824 29.284403377478277 
  IPOL = 0.9950299002943663 0.9950355891169751 0.9950526168047114  
    0.9950808674007945 0.9951201489049026 0.9951701951638667  
    0.9952306684968785 0.9953011630395983 0.9953812088032392  
    0.9954702764092611 0.995567782264664 0.9956730916722057  
    0.9957855242313796 0.995904363284605 0.9960288624813038  
    0.9961582521258896 0.996291747464161 0.996428554873549  
    0.9965678818666515 0.9967089431655309 0.9968509636680563  
    0.996993197613081 0.9971349173066936 0.9972754485794189  
    0.9974141627438784 0.9975503002820965 0.997683125934056  
    0.9978123252240363 0.9979377342744289 0.9980591496085433  
    0.9981764005875171 0.998289333493637 0.9983978074102298  
    0.9985017025373149 0.998600913655183 0.9986953534765043  
    0.9987849491410359 0.9988696421679236 0.9989493967162013  
    0.9990241850417034 0.9990939970303954 0.999158837776341  
    0.9992187238518518 0.9992736880281541 0.9993237745658584  
    0.9993690446979213 0.9994095610659646 0.9994454112442628  
    0.9994766875690837 0.9995034901877131 0.9995259354016264  
    0.9995441431695284 0.9995582472977642 0.9995683877017479  
    0.9995747120513109 0.9995773725601509 0.9995765334689128  
    0.9995723623144437 0.9995650295687721 0.9995547131376595  
    0.9995415941388209 0.9995258591251972 0.9995076944388543  
    0.9994872887862338 0.9994648356124862 0.9994405290941007  
    0.9994145624510966 0.9993871310864071 0.9993584320553562  
    0.9993286607256884 0.999298015588816 0.9992666962241356  
    0.999234901997919 0.9992028431346489 0.9991707349292748  
    0.9991388020245842 0.9991072960531606 0.9990764898235691  
    0.9990467022984377 0.9990183139635136 0.9989917894290966  
    0.9989677111950017 0.9989468222452614 0.9989300530655042  
    0.9989185663666247 0.9989137617055407 0.9989172482987866  
    0.9989307811591327 0.9989561473664723 0.9989950837378035  
    0.9990491752910026 0.9991197471214206 0.9992074454136033  
    0.9993114374619398 0.9994282879263948 0.9995515405904332  
    0.9996724751570274 0.999782477171569 0.999876909134163  
    0.9999503032440122 0.9999969961994578 
  G11 = 0.0 0.43081776757842066 0.8616262313941953 1.292640193901192  
    1.723993636496024 2.1556965219117905 2.5877346788826063  
    3.0202191317977225 3.453357444717513 3.8871818554165087  
    4.321660460924243 4.756953621313546 5.193130431204298  
    5.630178148424961 6.068186652434123 6.507218126205738  
    6.947309308300601 7.388529005140168 7.830875555289769  
    8.274410961668638 8.71918080355731 9.165188461679147  
    9.612490510315075 10.061117298735086 10.511076197477724  
    10.962398719638905 11.41510806628108 11.869235005363246  
    12.324834971601785 12.781965992367747 13.24069331389674  
    13.701073677672985 14.163133607672862 14.626934952040578  
    15.092599560386814 15.56012072154898 16.029565723012514  
    16.50107899422724 16.974627882695973 17.45037289644517  
    17.928340064987538 18.40864487724421 18.891368290109277  
    19.376567373555645 19.864428362372376 20.354925418386753  
    20.84831921618208 21.344625140318794 21.84394916561198  
    22.34658670641904 22.852505649255477 23.361885383381484  
    23.875043880321392 24.392016046343258 24.912965859287617  
    25.438209545056182 25.96799570544048 26.502457332635732  
    27.04182680068107 27.58649918976117 28.13680958745292  
    28.693040054532013 29.25544589170269 29.824507631770686  
    30.40074612849219 30.984658243756428 31.57664190482315  
    32.17719257864056 32.78710471263565 33.407145794602805  
    34.03816730086484 34.68078251023424 35.33593257593949  
    36.00499041623452 36.68937192557002 37.390037473234614  
    38.108407225394465 38.847086064759125 39.60826577700704  
    40.39345190483007 41.20626160691908 42.05120948692899  
    42.93016536165944 43.850658100263274 44.81806238808187  
    45.83990664893217 46.92771987959933 48.09232829354034  
    49.34986744095181 50.7248104192057 52.238847967275014  
    53.939264979400015 55.88003424295354 58.10854599184374  
    60.76718754142002 63.96329843011646 68.13439401080048  
    73.03263136906122 83.46317080365196 116.88999801937027  
    260.88667071701303 
  G22 = 0.0 0.005783281740623216 0.011566577586541046  
    0.017352912637088762 0.023144233188487216 0.02894081665440783  
    0.03474262397777469 0.04055131281070138 0.04636982635837131  
    0.052198774632906016 0.058037920569305915 0.06388959472133125  
    0.06975494442175087 0.07563401491273833 0.08152822189341667  
    0.08743866365434669 0.09336607365501097 0.0993116261839851  
    0.10527559419529195 0.11125907904888278 0.11726298504565119  
    0.12328767054103333 0.12933416518655177 0.13540318868968393  
    0.14149521760613262 0.14761101322077885 0.15375121701022282  
    0.15991654471422273 0.16610793730261733 0.17232637506522044  
    0.17857297531857377 0.18484871397468525 0.19115419597215186  
    0.19749051850317534 0.20385953340604257 0.21026140509135188  
    0.21669731895513156 0.2231694420109883 0.2296775717392124  
    0.23622417435257104 0.24280983434744427 0.24943634436368325  
    0.2561050970351111 0.262817109993658 0.26957513456998994  
    0.2763791055397573 0.28323282760323304 0.29013673476025337  
    0.29709253684414877 0.30410451984915055 0.311172472609094  
    0.31829909052603705 0.325488982053971 0.33274284121769837  
    0.3400631366503037 0.3474544780530627 0.3549204785565357  
    0.362463130864671 0.3700858864580353 0.3777944038163903  
    0.3855934400079468 0.39348706066583006 0.4014790098188818  
    0.4095760578899268 0.417785490275573 0.4261143680467515  
    0.43456835086502893 0.4431543155915947 0.4518833012345437  
    0.4607660173345255 0.46981431232425597 0.47903664157148285  
    0.488446004406866 0.4980614533039897 0.5079024793464149  
    0.517982140286646 0.5283197491413324 0.5389507835520457  
    0.5499048321880795 0.5612017059086536 0.5728902108733441  
    0.5850311568178558 0.5976473806230204 0.6108389991004675  
    0.6246740131253257 0.6392482044104071 0.6547119451125999  
    0.6712049221046836 0.6889361625670217 0.7082251127559719  
    0.7293439389744796 0.752910343804705 0.7796346204149632  
    0.8101356489715865 0.8463734338518575 0.8898360299711595  
    0.9466960951447259 1.0134098503284044 1.1569479477919855  
    1.6179727657286258 3.6147361416188013 
  G33 = 0.9358889213141158 0.935923195278192 0.9360263101234627  
    0.9361981642249225 0.9364383052578437 0.9367465356807598  
    0.9371225443016002 0.937565646151411 0.9380754878959958  
    0.9386514267921361 0.9392925946301004 0.9399984608961779  
    0.9407680484357938 0.941600422159152 0.942494826950448  
    0.9434500722345982 0.9444652498827777 0.9455394114330579  
    0.9466712931541881 0.947859955729203 0.94910437333824  
    0.9504034014239653 0.9517562280458355 0.9531619139923209  
    0.9546191753763694 0.9561269180830112 0.957684208227418  
    0.9592904275196703 0.9609455425723239 0.9626495265566649  
    0.9644022263243136 0.9662036868506139 0.9680538220891318  
    0.9699524598451438 0.9718997057293807 0.9738955785944793  
    0.9759400231921004 0.9780331657694263 0.9801751457754588  
    0.9823659941326705 0.984605908894077 0.9868951275594551  
    0.9892337368485792 0.9916220661768724 0.9940604753811632  
    0.9965491717031538 0.9990884960598483 1.0016789572808094  
    1.0043209622571647 1.0070149207198178 1.0097614508408654  
    1.0125611882571368 1.0154146969229423 1.0183226962569563  
    1.021286022736304 1.0243054170011476 1.0273818017455638  
    1.0305162794104286 1.0337098611907687 1.0369636666213002  
    1.040279026806035 1.0436573277117789 1.0471000502448022  
    1.0506088535566718 1.0541855757042302 1.0578320353784607  
    1.0615503248255906 1.0653429463239341 1.0692124777023875  
    1.0731616913142028 1.077193634660412 1.0813118335393648  
    1.0855201478704093 1.089822603178282 1.0942238690620198  
    1.0987293057079772 1.1033451032902977 1.1080785500736874  
    1.1129380885819982 1.1179336619515632 1.1230768458838523  
    1.12838111610696 1.1338630275106245 1.1395428011455457  
    1.1454455843745237 1.151602989025253 1.158052986290629  
    1.164841646824045 1.1720292226213003 1.1796930443255116  
    1.1879304767046945 1.196866035674575 1.2066417063351749  
    1.2174302821524214 1.2294233573635958 1.242905197371844  
    1.2581291247411561 1.2761749389408246 1.29772887797032  
    1.330146353289401 1.3839114208851904 
  GRADRHO = 0.9984864740501438 0.9915500922412294 0.9915782549257413  
    0.9917151994970237 0.9919393412002699 0.9922124653883101  
    0.9925166438034414 0.9928697069510246 0.9932928567122895  
    0.9937735412770727 0.9942968242344166 0.9948744644045885  
    0.9955060549512595 0.9961825394398806 0.9969053236503702  
    0.9976750346424825 0.9984897666618623 0.9993489150988163  
    1.000248016970419 1.001187788953109 1.0021676837232787  
    1.0031844039464037 1.0042375278885802 1.005326407097129  
    1.006449370289311 1.0076048346386182 1.0087913969408606  
    1.0100089339240887 1.011257683247288 1.0125375081462398  
    1.0138488534204553 1.0151920252590139 1.0165660930335485  
    1.0179711153777644 1.019409139923179 1.0208782236353193  
    1.022378762321913 1.0239129750872331 1.025477804829931  
    1.0270765470812546 1.0287077994712124 1.0303725543820226  
    1.0320711449385591 1.0338032199370915 1.0355714828551796  
    1.0373729007277468 1.0392120050292386 1.041086921041608  
    1.042997853671059 1.0449492545722987 1.0469377953979226  
    1.0489651879426531 1.051035749369541 1.053147103241407  
    1.0552999713596507 1.057498114441499 1.0597431747324126  
    1.062034183943471 1.0643723733538784 1.0667617617906147  
    1.0692044355077701 1.071701279162769 1.0742525912895677  
    1.0768622025349184 1.0795339526427992 1.0822709433592752  
    1.0850740103268053 1.0879448763520851 1.0908895987465423  
    1.0939131062075518 1.0970206965897404 1.1002126349296308  
    1.1034935656318605 1.1068736957835932 1.1103620475670828  
    1.113958856286127 1.1176696020160544 1.1215147680021917  
    1.1255056109035264 1.1296407458515851 1.133944985389172  
    1.1384499080583896 1.1431451434557192 1.1480885984705418  
    1.1532975988101588 1.1588068676784382 1.1646857101117796  
    1.1709733099815551 1.1777467710463745 1.1851423717999716  
    1.1931975963821362 1.202168338088334 1.2122687621419215  
    1.2234728606477054 1.2365501025961354 1.2513668104582971  
    1.2707020579021433 1.2884406570454812 1.3408676455029556  
    1.5110847235072273 2.042738508960201 
  AREA = 0.0 0.43144646911541396 0.8629036759804498 1.294308759479596  
    1.725603567765623 2.1567435237522505 2.587708521950829  
    3.0184737812315943 3.4490022468628627 3.8792535689557033  
    4.309200894362996 4.738815874488441 5.1680660456185405  
    5.5969218873627975 6.0253582609918785 6.453348503272176  
    6.880866646938703 7.307887177054598 7.734387989324387  
    8.160348040844237 8.585745712936454 9.010561255805529  
    9.434777067658874 9.858376079713722 10.28134155248852  
    10.70365844415425 11.125313745727139 11.546295019157677  
    11.966589586326622 12.386185492824325 12.805071522791511  
    13.223236547337512 13.640669623586872 14.05736089040051  
    14.473300734073938 14.888479574900643 15.302889070365012  
    15.716520466818777 16.129366230450856 16.54141968430684  
    16.952672903327016 17.363120740741802 17.772756644626202  
    18.181576529357947 18.589574746863203 18.996747870431633  
    19.403092861963273 19.808606148305294 20.213286552172924  
    20.617132103774704 21.0201419937869 21.42231714704142  
    21.823657798259813 22.224165322640925 22.62384327402683  
    23.022695035388633 23.42072475273981 23.817937958040964  
    24.21434242104535 24.609946134249615 25.004758312924764  
    25.398789735721028 25.792053524098524 26.184564589231286  
    26.57633915307426 26.967395543287118 27.357754408109138  
    27.747440102103425 28.13647955769903 28.524902325286654  
    28.91274129637003 29.300033635571047 29.686823013087956  
    30.073156632016403 30.459086830658926 30.84467235951554  
    31.229983087488733 31.61509490627149 32.000091606310214  
    32.38507102341309 32.77014758887575 33.15544431067816  
    33.541106553602575 33.9273071307089 34.31423114117172  
    34.70211498486803 35.09121968209347 35.481873158471586  
    35.87447307701305 36.269516266618055 36.667628444190676  
    37.06966292164828 37.47667835827251 37.89023666315452  
    38.3125498488907 38.746824615179804 39.19825510375197  
    39.675464625971586 40.195091144646824 40.771911331206624  
    41.50814996750111 
  RMINOR = 0.0 0.005261361694264721 0.010522631985354858  
    0.015783222697979493 0.021042880514440143 0.026301384660209592  
    0.03155830926233172 0.03681343987906138 0.04206645290623878  
    0.04731698249978267 0.05256478559774658 0.05780950099220683  
    0.06305080784400763 0.06828846740007333 0.07352213953272868  
    0.07875152625301374 0.08397638070460878 0.08919636624680094  
    0.0944112125204788 0.09962063208747207 0.10482428781473951  
    0.11002195255782754 0.11521331516852329 0.12039804982739721  
    0.1255759179555621 0.13074660367731372 0.1359097853074167  
    0.14106520968934444 0.14621259063315584 0.15135163032099952  
    0.1564820480431275 0.1616035312181202 0.16671577867646337  
    0.1718185162793332 0.17691142351362732 0.18199417495593828  
    0.18706649240561968 0.19212804932119787 0.19717850392755898  
    0.20221755289332088 0.2072448567464349 0.21226007123262491  
    0.21726284783581162 0.222252849334999 0.22722969313156083  
    0.23219302338132575 0.23714246578925124 0.24207761150722829  
    0.24699807887420966 0.2519034609082039 0.2567933208876746  
    0.2616672317085793 0.2665247570034682 0.27136542514089035  
    0.2761887568503746 0.28099427040464375 0.285781456408176  
    0.29054977291797424 0.29529868205945053 0.30002762775209213  
    0.30473601084337787 0.3094232017691003 0.31408857568810544  
    0.3187314745587553 0.32335118954078323 0.32794698753780416  
    0.33251810941478555 0.33706376201139165 0.34158309682562926  
    0.34607523223230763 0.350539237560884 0.3549741210752464  
    0.3593788582254205 0.3637523548889271 0.3680934381705885  
    0.37240085197736583 0.3766732880575614 0.38090932440947733  
    0.3851074122753987 0.38926591467211014 0.3933831251943255  
    0.3974571107610839 0.4014858128627312 0.4054670576264524  
    0.40939815451353223 0.41327617256143523 0.4170977567768165  
    0.4208592219032583 0.4245563891262967 0.42818459432938116  
    0.43173833639173775 0.4352114822951332 0.43859635352727544  
    0.4418839183161185 0.44506180050794386 0.4481135400702988  
    0.4510189672743319 0.45375159229518636 0.45627029309664313  
    0.4584074142501746 0.4598920829338353 
  SHIFT = 0.059485462153789026 0.0594740509458318 0.059439590303428824  
    0.05938207083253633 0.05930172328409 0.05919868465012246  
    0.05907303822179255 0.05892507615594322 0.05875500406389156  
    0.05856304433990145 0.05834958720860772 0.058114909114226565  
    0.05785937856143164 0.057583438780869134 0.05728743619883847  
    0.05697185690902051 0.056637178458059934 0.05628383220607458  
    0.055912366936669455 0.05552329164745462 0.05511709919334207  
    0.05469435887931917 0.054255603465831026 0.05380134028289563  
    0.053332150140302126 0.05284858524335423 0.05235116962518682  
    0.051840481098587965 0.05131703193645709 0.050781284371863133  
    0.05023369256717802 0.04967465387368364 0.049104540514606665  
    0.048523747988355126 0.04793262951941735 0.04733151779902167  
    0.04672076875963427 0.04610070569126079 0.045471634071475364  
    0.044833885035975296 0.04418776710252548 0.04353356585398993  
    0.042871596500354325 0.04220215754893841 0.04152552576877566  
    0.040841999614552815 0.04015187640567319 0.03945542878961272  
    0.03875294053835554 0.03804470844949437 0.03733100845543502  
    0.036612113555826165 0.035888319486164555 0.03515990885422271  
    0.034427149456476513 0.033690334581532255 0.03294975366763908  
    0.032205680162423755 0.031458400050310864 0.030708211469061553  
    0.02995540211774106 0.02920025696284778 0.02844308025497977  
    0.027684173565144077 0.02692382904455659 0.026162354557179857  
    0.02540007215239548 0.024637293500342272 0.023874332585967384  
    0.023111523600162442 0.022349205571448705 0.021587715557956022  
    0.020827393071215727 0.020068608383613462 0.019311734893071142  
    0.018557145876370473 0.017805219568787445 0.0170563428648558  
    0.0163109140643245 0.015569337993726506 0.01483201443501958  
    0.014099389907743731 0.013371915802234513 0.012650011458686272  
    0.011934072025912457 0.011224284490126468 0.01052080525227872  
    0.009823890747341357 0.009133888419467384 0.008451099523574701  
    0.0077760410850826744 0.007109420324269644 0.006452119575474313  
    0.005805052051487181 0.005168975529601383 0.004546149043075154  
    0.00394060971941701 0.0033585313683830442 0.002810193087021462  
    0.002336106328163501 0.0020027321278082155 
  PMHD = 73702.66176 73670.42182600171 73573.82131978251  
    73413.21727490959 73189.20199687021 72902.59889620249  
    72554.45669957346 72146.04204381398 71678.83035815675  
    71154.49513035986 70574.89588375337 69942.06251858003  
    69258.17528803612 68525.54527903422 67746.60366804388  
    66923.88577456248 66060.00543158659 65157.63950547055  
    64219.51460802695 63248.3831871898 62246.99904774346  
    61218.09524706341 60164.403475851876 59088.55719798732  
    57993.10596636637 56880.96711657638 55755.023935860765  
    54617.15438909623 53468.89837427225 52311.90807433102  
    51147.77487329659 49978.074537513094 48804.35274351397  
    47628.12785083541 46450.88864603157 45274.093022348556  
    44099.16473993326 42927.49522097884 41760.440695700745  
    40599.319486968845 39445.41533922251 38299.969625332364  
    37164.188771081426 36039.23450477012 34926.23141833011  
    33826.25962108327 32740.35748486456 31669.520895758807  
    30614.700390357906 29576.804175334666 28556.694760390248  
    27555.189439055357 26573.06101367924 25611.036507499128  
    24669.79684499129 23749.977660474986 22852.168327268228  
    21976.912798540558 21124.708366232695 20296.007448068674  
    19491.21595195431 18710.69469076716 17954.758749445005  
    17223.677256882387 16517.674926409436 15836.929900345027  
    15181.57516597162 14551.697041535954 13947.33470459711  
    13368.479499184055 12815.071352752435 12286.997184977026  
    11784.085375272985 11306.099026509639 10852.726783579861  
    10423.567420614027 10018.108385000833 9635.699162029496  
    9275.506112789168 8936.456040939936 8617.161904068234  
    8315.821155507452 8030.097419111409 7756.996750453415  
    7492.763415111165 7232.811002018583 6971.796399613331  
    6703.799161681951 6422.601934707394 6121.964779234136  
    5795.85603245088 5438.804332547123 5047.16713545039  
    4621.626603782255 4170.8539739063835 3713.149283148024  
    3274.377921697532 2880.613495959438 2545.743930463831  
    2287.4547950093056 2124.13059119743 
  QMHD = 1.1712794452564523 1.1714294279648598 1.1718796451560536  
    1.1726308926048374 1.1736844582162542 1.1750420651128939  
    1.1767057927015874 1.1786779766506017 1.1809610894804783  
    1.1835576028681938 1.1864695514759611 1.1896926977917692  
    1.193213311201939 1.1970232443453215 1.2011295534030444  
    1.2055303377620799 1.2102158254781656 1.215192238553973  
    1.2204648422222124 1.2260296585580164 1.2318796801199676  
    1.2380247410718799 1.2444671260372837 1.2512054811687363  
    1.258240440965363 1.2655758030803224 1.2732168766036234  
    1.2811649658136728 1.2894225729735618 1.2980001467060809  
    1.3069049611803811 1.3161392844306128 1.325708929241702  
    1.3356255327965003 1.3458965332065291 1.3565278158694016  
    1.3675281798640782 1.378909510535262 1.3906815907250036  
    1.4028535420992974 1.4154353795881802 1.428442284135308  
    1.4418861780326195 1.4557785027216783 1.4701328569364485  
    1.484967125824622 1.5002963577383004 1.5161352070862422  
    1.5325025757546562 1.5494189901638018 1.5669032285602231  
    1.5849746878709607 1.6036575623978422 1.6229767575171867  
    1.6429566150193766 1.6636234553549585 1.6850076902638222  
    1.7071398008980538 1.730052170681946 1.753779653912561  
    1.778360975500765 1.8038369196461153 1.8302497244077534  
    1.8576461210432849 1.8860769147483958 1.9155966539513185  
    1.946263615391177 1.9781419602160442 2.011300915412292  
    2.0458153106854136 2.0817658374546064 2.1192434544440153  
    2.1583482618091887 2.199189515447418 2.2418880039603306  
    2.2865791475287445 2.3334133025060733 2.3825589999366183  
    2.434204116101658 2.4885625878237465 2.545886857547185  
    2.6064651993265233 2.670637008620831 2.738819072615788  
    2.811497872484067 2.88927121975912 2.9728888843758887  
    3.0632440799430793 3.1614404884512814 3.268880948337989  
    3.387380994590934 3.519413712210413 3.6683965182362703  
    3.839202391946602 4.03863355345191 4.280417790231166  
    4.5636266534958425 5.0009426578409 5.352171218140343  
    7.02741133410419 10.443914562212509 
  ER = 0.0 0.0 0.0 0.0 0.0 0.0 0.0 0.0 0.0 0.0 0.0 0.0 0.0 0.0 0.0 0.0  
    0.0 0.0 0.0 0.0 0.0 0.0 0.0 0.0 0.0 0.0 0.0 0.0 0.0 0.0 0.0 0.0 0.0  
    0.0 0.0 0.0 0.0 0.0 0.0 0.0 0.0 0.0 0.0 0.0 0.0 0.0 0.0 0.0 0.0 0.0  
    0.0 0.0 0.0 0.0 0.0 0.0 0.0 0.0 0.0 0.0 0.0 0.0 0.0 0.0 0.0 0.0 0.0  
    0.0 0.0 0.0 0.0 0.0 0.0 0.0 0.0 0.0 0.0 0.0 0.0 0.0 0.0 0.0 0.0 0.0  
    0.0 0.0 0.0 0.0 0.0 0.0 0.0 0.0 0.0 0.0 0.0 0.0 0.0 0.0 0.0 0.0 0.0 
  NC1 = 0.9985000575698996 0.9329271161380069 0.908081409164887  
    0.890071161063873 0.8755603858050679 0.8632634262121239  
    0.8525233696969385 0.8429517560946814 0.8342972136328616  
    0.8263848569542172 0.8190875030631691 0.8123104072770392  
    0.8059796673779049 0.8000365160667551 0.7944335299360422  
    0.7891316544636385 0.784098662702878 0.7793069969542349  
    0.7747329862984699 0.7703567469940849 0.7661609939373007  
    0.7621302982506911 0.7582513880759384 0.7545127115500352  
    0.7509034767775915 0.747414110877982 0.7440362859306601  
    0.74076287698214 0.737587917390947 0.7345058744215915  
    0.7315115917083765 0.7286005846507575 0.7257685481697613  
    0.7230113320646346 0.7203253868853421 0.7177074417036385  
    0.7151543377126255 0.7126631721282465 0.7102313085719139  
    0.7078563261263212 0.7055359712451699 0.7032680915876462  
    0.7010506793842912 0.6988820133324668 0.6967604429894784  
    0.6946842651226157 0.6926520568203134 0.6906625809601928  
    0.6887145366961415 0.6868066862475936 0.6849380292807451  
    0.683107663448157 0.6813146094618207 0.6795580249439995  
    0.6778372220309373 0.6761514903146117 0.6745002183809349  
    0.6728828837513131 0.6712989988885948 0.66974813245028  
    0.6682299165660784 0.6667440805736347 0.6652903990656258  
    0.6638687125519299 0.6624789224801826 0.6611209309367475  
    0.6597947846755241 0.6585006135134974 0.6572385858471106  
    0.6560089858586408 0.6548121238229728 0.6536484688180079  
    0.6525185344571254 0.6514228809319887 0.6503623107037025  
    0.6493376929883607 0.6483501691396627 0.6474012221575154  
    0.6464925010290622 0.6456262536310194 0.6448049479979325  
    0.6440313169383947 0.6433093278306088 0.6426432795911625  
    0.6420384670873909 0.6415029537338841 0.641045166601539  
    0.6406744596583547 0.64040535488728 0.6402552832169741  
    0.640243568049665 0.6403984485068737 0.6407488924078374  
    0.6413241965159113 0.6421535505000239 0.6432715847956544  
    0.6447243670345825 0.646684223441019 0.6493097712439431  
    0.6538103075261744 0.662552188488466 
  HFAC1 = 0.9999999999994521 0.9971268566450399 0.9942719030787571  
    0.9914353717825353 0.9886172466401405 0.9858175603236566  
    0.9830363463726631 0.9802734305460079 0.977528812875646  
    0.9748023471813687 0.9720937759984714 0.9694030133797223  
    0.9667297436014721 0.9640736623863011 0.9614345345705211  
    0.9588119449113328 0.9562055926104801 0.9536151407662624  
    0.9510401252395255 0.9484802253748151 0.9459350915046573  
    0.9434042858357533 0.9408875483370878 0.938384572526308  
    0.9358948286501083 0.9334179233189637 0.9309535581302051  
    0.928501570854238 0.9260620951096369 0.9236352469767806  
    0.9212210575158716 0.9188196489919543 0.9164310465420114  
    0.9140552140717881 0.9116922716206768 0.9093422841664512  
    0.9070052602406212 0.9046813049364644 0.9023705233115973  
    0.9000729701538115 0.8977887847199069 0.8955181080469501  
    0.8932610319190621 0.8910177545687721 0.8887885007214447  
    0.8865734036985182 0.8843726891870795 0.8821866701311828  
    0.8800155901599004 0.8778597183106847 0.8757194324717763  
    0.8735951187123695 0.8714871309380441 0.8693959176197877  
    0.8673219823981931 0.8652657900896162 0.8632279133223637  
    0.8612090087696095 0.8592096960718474 0.8572306606306407  
    0.8552726950005456 0.853336642675824 0.8514233825073619  
    0.8495338937004395 0.8476692580771373 0.8458305512459484  
    0.8440189958944313 0.8422359903266764 0.8404829978736378  
    0.838761597830507 0.8370734871853754 0.8354205980155225  
    0.8338049911976033 0.8322288347140621 0.8306946267832569  
    0.8292051378436055 0.8277635004623944 0.8263733546287008  
    0.8250387812916226 0.823764546871039 0.8225560056752804  
    0.8214192494265895 0.8203617834633652 0.8193923440728519  
    0.8185216120390808 0.8177630942063371 0.817132340579536  
    0.8166474124251626 0.8163323994284024 0.8162173079855466  
    0.8163389551486033 0.8167451991386333 0.8174899863190495  
    0.8186366648892079 0.8202546795622668 0.8224469107029604  
    0.8253067467048621 0.8292210628249542 0.8344302559604733  
    0.8435762522600668 0.8601978527555919 
  HFAC2 = 0.9999999999999982 0.9942660976980084 0.9885930388238833  
    0.9829808269887768 0.9774289713807632 0.9719370762893433  
    0.9665047439854928 0.9611311772350222 0.9558159249351511  
    0.9505582478050704 0.9453571940684372 0.9402121561855344  
    0.9351220903172585 0.930085978770493 0.9251029413130083  
    0.9201717713344895 0.9152914926746509 0.9104610593206427  
    0.9056791969923885 0.900944922149535 0.8962572062564065  
    0.8916148603376417 0.8870170352686416 0.8824628179339192  
    0.877950889207214 0.873480180043575 0.869049814759621  
    0.8646591929622889 0.8603082572764633 0.8559969102493195  
    0.8517249038458387 0.8474921654630226 0.8432984441148376  
    0.8391433712810052 0.8350268652751478 0.8309487579070809  
    0.8269087761895942 0.8229068082861967 0.8189427527030325  
    0.8150164309277628 0.8111278015972924 0.8072768202279373  
    0.8034633665368642 0.799687512351014 0.7959493634430472  
    0.7922488607052349 0.7885861145911282 0.7849613866078636  
    0.7813748077186883 0.7778265449118342 0.7743169571963462  
    0.7708464186301411 0.767415231438178 0.7640238481620469  
    0.7606728234124367 0.7573626383537394 0.7540939368493182  
    0.7508674951227136 0.7476840303949128 0.7445443566697801  
    0.7414494423621367 0.7384003356729079 0.73539814069434  
    0.7324441024273867 0.7295396132602268 0.7266860477096707  
    0.7238850095877332 0.7211383613848049 0.7184480460955308  
    0.715816185343434 0.7132450632239165 0.7107373143829746  
    0.7082957579982686 0.7059233559162222 0.70362356803438  
    0.7014002470458864 0.69925779547557 0.6972013944842497  
    0.6952368830685081 0.693371167653799 0.6916120361097136  
    0.6899683613178086 0.6884512073613427 0.6870734675422147  
    0.6858509465837769 0.6848039641186263 0.683955977190348  
    0.6833342963513288 0.6829757978677535 0.6829265207607244  
    0.6832425047812454 0.6839971188741174 0.6852729086569336  
    0.6871663585488148 0.6897834159498553 0.693279548145043  
    0.6978020289134265 0.7039456000643836 0.7121058880893574  
    0.726359260269153 0.7525315550194164 
  PSI = 0.0 2.5854928384180533e-05 0.00010339977885390977  
    0.00023257476417585214 0.0004132802294286791 0.0006453766808807424  
    0.0009286848212850601 0.0012629856149713949 0.0016480204928256779  
    0.002083491676013866 0.0025690624280818664 0.003104359188207846  
    0.0036889765043903408 0.004322480922873885 0.0050044068083836424  
    0.005734255814755243 0.006511504353817364 0.007335601695525978  
    0.008205965732963873 0.009121988670384969 0.010083041846476572  
    0.01108847311577431 0.012137602787840084 0.013229730475611406  
    0.014364136248720162 0.015540080585841002 0.016756802479714637  
    0.018013522121595613 0.01930944359974801 0.020643751709389507  
    0.022015608519189094 0.023424159937224208 0.024868539262683183  
    0.026347861796878886 0.027861222711261808 0.029407702970841217  
    0.030986374276886774 0.0325962876253242 0.03423648081192745  
    0.03590598125327914 0.0376037996462428 0.039328940482813275  
    0.04108038571476682 0.04285711630457361 0.044658095848766954  
    0.046482281053135684 0.04832861510652416 0.05019602947402714  
    0.05208345542806862 0.05398980476711721 0.055913981614383934  
    0.05785488998694461 0.059811418585772 0.06178244645274644  
    0.06376685175785733 0.0657635023605592 0.0677712564371819  
    0.06978896534685267 0.07181547965224691 0.07384963952024373  
    0.07589027675664071 0.07793621576384743 0.07998627860982571  
    0.08203928265122445 0.08409403378597241 0.08614933064316545  
    0.08820396458431298 0.09025672559170972 0.09230639336085383  
    0.09435173575140487 0.0963915119173166 0.09842447208271272  
    0.10044936431159929 0.10246491502565908 0.10446983334444751  
    0.10646281102467428 0.10844253918148132 0.11040767482347283  
    0.11235684110101435 0.11428864705451816 0.11620168266029574  
    0.11809445674304853 0.11996544582861937 0.12181308351765577  
    0.12363564604124544 0.12543139643451717 0.12719838121095572  
    0.12893453033634472 0.13063757614867821 0.1323050302366034  
    0.13393408906509036 0.13552170209442366 0.13706405237175595  
    0.1385569201634922 0.13999512437407008 0.14137190702277058  
    0.14267898344411328 0.1439052148010564 0.14503289542528552  
    0.1459876759362393 0.1466499321000762 
  VOL = 0.0 0.001264636951644245 0.005058707603738121  
    0.011381515721983898 0.020231276598710532 0.03160547735080198  
    0.04550137994051655 0.06191578388982033 0.08084461147380234  
    0.10228291067538516 0.12622558838757555 0.1526669662493561  
    0.1816006255035046 0.21301976802755257 0.24691725188201413  
    0.28328532498564796 0.3221158707616595 0.36340027557098586  
    0.4071296380033222 0.45329474843824913 0.5018859376676346  
    0.5528933007086679 0.6063066657328438 0.6621155444773653  
    0.7203092016343842 0.780876696049688 0.8438069007442746  
    0.9090884936425501 0.9767098777737455 1.0466592231742533  
    1.1189244476610831 1.1934932067555255 1.2703529385403138  
    1.3494909320085071 1.4308941555994936 1.5145493076911882  
    1.6004430845545647 1.688561724433518 1.7788913577073195  
    1.8714180349649991 1.9661272532942533 2.0630047446680635  
    2.1620355535057705 2.263205018314319 2.36649778757479  
    2.471898635782566 2.579392057075359 2.6889620712343882  
    2.800592970678836 2.914268364472543 3.0299717380671876  
    3.147686686821623 3.267396148793824 3.38908283819268  
    3.512729611903662 3.638318790367926 3.765832326171892  
    3.895251937038443 4.026559408225838 4.159735945006729  
    4.2947623513294015 4.431619094841382 4.570286561154459  
    4.710744827297786 4.852973317108711 4.9969510144786335  
    5.142656480466217 5.290068252084698 5.439164227558212  
    5.589921525351445 5.742316608759156 5.896325385974572  
    6.051923869902935 6.209086727177137 6.367787553530434  
    6.527998971752919 6.689694088865894 6.852843824274494  
    7.017416919404477 7.183381603678337 7.350705740442109  
    7.519351952256426 7.68928196115084 7.8604570971820245  
    8.032828506669176 8.206350967767499 8.380966286937436  
    8.556614011155808 8.733223827379756 8.910714967415887  
    9.088989289507273 9.267946230698431 9.447433848218505  
    9.62731199448386 9.807405207689982 9.98745999445762  
    10.167202030964607 10.346219604825176 10.523721108479673  
    10.690547885173439 10.830323956980983 
  GR2I = 0.3000917969303606 0.300102786805842 0.3001358500023078  
    0.3001909534500259 0.3002679519923149 0.3003667835322178  
    0.3004873489343669 0.3006294277080006 0.3007929054624101  
    0.3009775765791267 0.3011831634093347 0.30140949578858545  
    0.30165625998243695 0.3019231560753669 0.30220994228641307  
    0.3025162368085783 0.30284174794997365 0.30318617155009564  
    0.303549102937258 0.3039302412217757 0.30432925710999725  
    0.3047457830960271 0.3051795591083202 0.30563028447237184  
    0.3060975470285436 0.3065809953636439 0.3070803305638419  
    0.30759535518504555 0.30812605847948865 0.30867243126159544  
    0.30923442418032665 0.3098120518381048 0.3104052866307352  
    0.3110140730396719 0.31163844488426895 0.3122784088436238  
    0.312933947788535 0.3136051018117181 0.3142919147463129  
    0.3149943963275859 0.3157126105475496 0.316446633642113  
    0.3171964931321516 0.3179622949446007 0.3187441551457484  
    0.31954214010021476 0.32035635838356585 0.32118697261878715  
    0.3220341134655069 0.32289791306405885 0.32377856992403964  
    0.3246762872555494 0.32559124558611097 0.326523676263344  
    0.3274738477729653 0.3284419967914053 0.3294284185665227  
    0.3304334671814274 0.3314574678268203 0.33250077964345826  
    0.33356382890709685 0.3346470593393569 0.3357509457383885  
    0.33687602083387425 0.3380228742892374 0.3391920888879567  
    0.3403843355722322 0.3416004169062491 0.3428411591575343  
    0.34410745122622133 0.3454002710284313 0.3467207495626914  
    0.3480701239189079 0.349449684628099 0.35086092884346004  
    0.352305574730867 0.3537856072450757 0.35530336456025907  
    0.3568615566886262 0.358463374398053 0.3601125298954165  
    0.36181334260318476 0.3635711141530348 0.3653923220269346  
    0.367285027366383 0.3692593717397167 0.3713275538780322  
    0.37350437644285917 0.37580917550628146 0.37826675987840125  
    0.38090832166155975 0.3837736952801345 0.38690833055105295  
    0.39036764541703944 0.3942130763906971 0.39853591858005155  
    0.40341745827429865 0.4092045228558559 0.41611668817027214  
    0.42651028285440373 0.4437402744582848 
  BP2 = 2.3363533330211794e-12 2.3502282551213227e-05  
    9.39489824336448e-05 0.00021119628360199982 0.00037501090690472694  
    0.0005850359551846651 0.0008407896163578066 0.001141715258065279  
    0.0014872037912359026 0.0018764866312550588 0.002308655438255869  
    0.002782827620149586 0.0032980559747506355 0.003853261820582432  
    0.00444729268298083 0.005078960044726077 0.005747041988586332  
    0.006450191264570471 0.00718692910924057 0.007955873673346492  
    0.008755595974515362 0.009584460793060856 0.010440853229225944  
    0.011323180322436066 0.012229770324412748 0.013158892926417476  
    0.014108752416441828 0.015077611185521977 0.01606372519962518  
    0.017065183300039255 0.01808008264770189 0.019106670444335005  
    0.02014308048031177 0.021187308442106367 0.022237453144246633  
    0.023291670071479142 0.024348027387472992 0.025404557411764284  
    0.026459326697740426 0.02751047224312142 0.028556119548989845  
    0.02959428707712286 0.030623078692525674 0.03164071288053982  
    0.032645360754961494 0.033635086753463384 0.03460810071544884  
    0.035562724352720565 0.03649716869508213 0.03740963400461261  
    0.03829849816139452 0.03916218593400478 0.03999901839612985  
    0.04080738709588383 0.041585830286675396 0.04233287205928837  
    0.04304703231062046 0.04372693743380296 0.044371273077039586  
    0.04497875350308522 0.045548116372673864 0.04607815826184325  
    0.04656778921968341 0.04701594663578179 0.047421597504385016  
    0.04778376741494528 0.04810152390375366 0.04837402405887037  
    0.04860046849155619 0.048780151830020824 0.04891243389730615  
    0.04899664810273352 0.04903213732803291 0.04901831932174483  
    0.04895466637152479 0.048840654353838 0.048675836051241816  
    0.0484598229857256 0.04819232833669762 0.04787304244407142  
    0.0475013950551868 0.04707685209818635 0.046598622875919204  
    0.04606542755946297 0.045476124969839216 0.044829000187310175  
    0.04412134476859997 0.04335092318311906 0.04251544616649383  
    0.041612525299575154 0.040638558711628914 0.03958830526874646  
    0.038450288842132974 0.03720667929336452 0.03583650377276548  
    0.034296140590436064 0.032557312350974144 0.030490680301637596  
    0.028018459478325042 0.024456292482049058 0.018486807206736344 
/
















