r	R  5/ 5	R  6/ 5	R  7/ 5	R  8/ 5	I  5/ 5	I  6/ 5	I  7/ 5	I  8/ 5
 0.000000E+00	 0.00000000E+00	 0.00000000E+00	 0.00000000E+00	 0.00000000E+00	 0.00000000E+00	 0.00000000E+00	 0.00000000E+00	 0.00000000E+00
 5.000000E-03	 8.67586370E-15	 9.42336642E-15	-5.99644858E-15	 8.85872081E-17	-6.85331523E-11	 7.97666037E-13	 1.94079530E-11	 3.39186265E-13
 1.000000E-02	 1.62556678E-13	 6.31031911E-14	-5.12114721E-14	 4.88420600E-15	-6.77389873E-10	-6.95185711E-13	 6.72005461E-11	 2.62697315E-12
 1.500000E-02	 1.14227580E-12	 2.25221662E-13	-2.11712557E-13	 1.08490836E-14	-3.04564927E-09	-3.29117115E-11	 1.46314781E-10	 8.79174161E-12
 2.000000E-02	 4.34384337E-12	 6.54320821E-13	-5.28644412E-13	 4.21306765E-15	-9.19690458E-09	-1.76660689E-10	 2.54098817E-10	 2.06741880E-11
 2.500000E-02	 1.17033887E-11	 1.64846831E-12	-8.92594157E-13	-1.89849008E-14	-2.19489037E-08	-5.91275298E-10	 3.83420385E-10	 3.97811401E-11
 3.000000E-02	 2.51770068E-11	 3.62845070E-12	-7.92239530E-13	-6.02563274E-15	-4.48970858E-08	-1.54045813E-09	 5.19277617E-10	 6.69115281E-11
 3.500000E-02	 4.56171238E-11	 6.97647457E-12	 8.13055432E-13	 3.01027689E-13	-8.23934756E-08	-3.41727188E-09	 6.34510597E-10	 1.01802730E-10
 4.000000E-02	 7.29699315E-11	 1.21345422E-11	 4.33637451E-12	 1.25173737E-12	-1.39521365E-07	-6.76816063E-09	 6.85048827E-10	 1.41926288E-10
 4.500000E-02	 1.08551761E-10	 1.99341580E-11	 8.84096969E-12	 2.83433021E-12	-2.22065635E-07	-1.23194132E-08	 6.04349374E-10	 1.80707770E-10
 5.000000E-02	 1.55008077E-10	 3.11818427E-11	 1.42201416E-11	 5.07159157E-12	-3.36478754E-07	-2.10050005E-08	 2.96200510E-10	 2.06632224E-10
 5.500000E-02	 2.13379069E-10	 4.59680366E-11	 2.28141090E-11	 8.58927267E-12	-4.89843523E-07	-3.39894564E-08	-3.72788777E-10	 2.02107203E-10
 6.000000E-02	 2.80459814E-10	 6.30540845E-11	 3.93287447E-11	 1.46158839E-11	-6.89832817E-07	-5.26880837E-08	-1.58076570E-09	 1.42295928E-10
 6.500000E-02	 3.47346296E-10	 7.96570132E-11	 6.90110801E-11	 2.51500836E-11	-9.44666851E-07	-7.87858110E-08	-3.55919476E-09	-5.11987339E-12
 7.000000E-02	 4.04954027E-10	 9.48473566E-11	 1.09575713E-10	 4.01734326E-11	-1.26306875E-06	-1.14257907E-07	-6.60075708E-09	-2.82668822E-10
 7.500000E-02	 4.54134501E-10	 1.13302016E-10	 1.48050235E-10	 5.46967357E-11	-1.65421326E-06	-1.61408502E-07	-1.10718511E-08	-7.47082407E-10
 8.000000E-02	 5.06485046E-10	 1.44188595E-10	 1.69747552E-10	 6.11153015E-11	-2.12766867E-06	-2.22911214E-07	-1.74311373E-08	-1.47159420E-09
 8.500000E-02	 5.78789286E-10	 1.98875477E-10	 1.65667000E-10	 5.23084895E-11	-2.69333841E-06	-3.01831960E-07	-2.62465846E-08	-2.54877984E-09
 9.000000E-02	 6.86955601E-10	 2.86944395E-10	 1.37426303E-10	 2.54731232E-11	-3.36139924E-06	-4.01643359E-07	-3.82118617E-08	-4.09354358E-09
 9.500000E-02	 8.38590524E-10	 4.12108865E-10	 9.89360738E-11	-1.56247935E-11	-4.14224479E-06	-5.26224340E-07	-5.41586779E-08	-6.24612740E-09
 1.000000E-01	 1.02785836E-09	 5.70322201E-10	 7.32671693E-11	-6.21547857E-11	-5.04642718E-06	-6.79852605E-07	-7.50663475E-08	-9.17270023E-09
 1.050000E-01	 1.23493280E-09	 7.50857688E-10	 8.45134592E-11	-1.01971268E-10	-6.08460126E-06	-8.67197491E-07	-1.02074570E-07	-1.30634526E-08
 1.100000E-01	 1.44305073E-09	 9.52314675E-10	 1.35564144E-10	-1.30588055E-10	-7.26746952E-06	-1.09332580E-06	-1.36490102E-07	-1.81343653E-08
 1.150000E-01	 1.65967252E-09	 1.19514400E-09	 2.04014651E-10	-1.59561334E-10	-8.60571463E-06	-1.36376386E-06	-1.79812462E-07	-2.46358689E-08
 1.200000E-01	 1.90256332E-09	 1.50208353E-09	 2.76965843E-10	-2.00250766E-10	-1.01098992E-05	-1.68453799E-06	-2.33770281E-07	-3.28561233E-08
 1.250000E-01	 2.17285510E-09	 1.87727591E-09	 3.70023582E-10	-2.48243725E-10	-1.17904402E-05	-2.06216238E-06	-3.00346247E-07	-4.31222701E-08
 1.300000E-01	 2.45248927E-09	 2.30885128E-09	 5.12121523E-10	-2.87987187E-10	-1.36576498E-05	-2.50364469E-06	-3.81805488E-07	-5.58114742E-08
 1.350000E-01	 2.71294276E-09	 2.77850309E-09	 7.28589824E-10	-3.01780416E-10	-1.57217016E-05	-3.01648563E-06	-4.80711845E-07	-7.13565380E-08
 1.400000E-01	 2.92978014E-09	 3.28066189E-09	 1.02558594E-09	-2.83405054E-10	-1.79926183E-05	-3.60871309E-06	-5.99956188E-07	-9.02556670E-08
 1.450000E-01	 3.09784791E-09	 3.83605204E-09	 1.38807280E-09	-2.44350823E-10	-2.04802534E-05	-4.28896215E-06	-7.42801864E-07	-1.13086278E-07
 1.500000E-01	 3.22669129E-09	 4.47578087E-09	 1.79894123E-09	-1.97278393E-10	-2.31939267E-05	-5.06641683E-06	-9.12955852E-07	-1.40526716E-07
 1.550000E-01	 3.32457276E-09	 5.21821111E-09	 2.25653025E-09	-1.41663245E-10	-2.61414987E-05	-5.95044601E-06	-1.11464248E-06	-1.73396125E-07
 1.600000E-01	 3.37354108E-09	 6.03484217E-09	 2.79082299E-09	-5.11130514E-11	-2.93296994E-05	-6.95054711E-06	-1.35246900E-06	-2.12645510E-07
 1.650000E-01	 3.31407074E-09	 6.83836283E-09	 3.44769007E-09	 1.26713752E-10	-3.27641370E-05	-8.07619024E-06	-1.63139602E-06	-2.59354467E-07
 1.700000E-01	 3.09762166E-09	 7.58086719E-09	 4.22066124E-09	 4.10155150E-10	-3.64491291E-05	-9.33662246E-06	-1.95668966E-06	-3.14732334E-07
 1.750000E-01	 2.74501237E-09	 8.33043606E-09	 5.04453473E-09	 7.47646705E-10	-4.03873906E-05	-1.07408201E-05	-2.33391888E-06	-3.80140139E-07
 1.800000E-01	 2.29437515E-09	 9.15253022E-09	 5.88707008E-09	 1.09953469E-09	-4.45798955E-05	-1.22974378E-05	-2.76898190E-06	-4.57138377E-07
 1.850000E-01	 1.72613807E-09	 9.99348664E-09	 6.77849501E-09	 1.50074704E-09	-4.90281583E-05	-1.40153163E-05	-3.26780896E-06	-5.47411115E-07
 1.900000E-01	 9.89317909E-10	 1.07557346E-08	 7.74317456E-09	 2.00275046E-09	-5.37344156E-05	-1.59034776E-05	-3.83640655E-06	-6.52731342E-07
 1.950000E-01	 5.48531641E-11	 1.13950887E-08	 8.76695620E-09	 2.61516877E-09	-5.87002825E-05	-1.79707454E-05	-4.48106314E-06	-7.75014895E-07
 2.000000E-01	-1.08240807E-09	 1.19245903E-08	 9.82459130E-09	 3.30876697E-09	-6.39267896E-05	-2.02257671E-05	-5.20832907E-06	-9.16334470E-07
 2.050000E-01	-2.41694648E-09	 1.23926556E-08	 1.09032301E-08	 4.03635687E-09	-6.94144607E-05	-2.26769784E-05	-6.02499748E-06	-1.07893269E-06
 2.100000E-01	-3.94076123E-09	 1.28520954E-08	 1.20064310E-08	 4.75963142E-09	-7.51628676E-05	-2.53322415E-05	-6.93808051E-06	-1.26525798E-06
 2.150000E-01	-5.65122022E-09	 1.33334394E-08	 1.31502573E-08	 5.46432069E-09	-8.11697289E-05	-2.81982007E-05	-7.95471171E-06	-1.47798228E-06
 2.200000E-01	-7.55426435E-09	 1.38352235E-08	 1.43560553E-08	 6.15949508E-09	-8.74318602E-05	-3.12805474E-05	-9.08193156E-06	-1.71993636E-06
 2.250000E-01	-9.66407142E-09	 1.43247519E-08	 1.56408637E-08	 6.86869066E-09	-9.39454459E-05	-3.45840292E-05	-1.03265716E-05	-1.99404916E-06
 2.300000E-01	-1.19966653E-08	 1.47700550E-08	 1.70139667E-08	 7.60706827E-09	-1.00706121E-04	-3.81123701E-05	-1.16951683E-05	-2.30330072E-06
 2.350000E-01	-1.45633316E-08	 1.51673153E-08	 1.84824518E-08	 8.37074212E-09	-1.07709591E-04	-4.18685884E-05	-1.31939550E-05	-2.65066675E-06
 2.400000E-01	-1.73729542E-08	 1.55261757E-08	 2.00543714E-08	 9.14908439E-09	-1.14952168E-04	-4.58553238E-05	-1.48289199E-05	-3.03908371E-06
 2.450000E-01	-2.04342888E-08	 1.58508575E-08	 2.17321097E-08	 9.93562519E-09	-1.22430222E-04	-5.00744999E-05	-1.66058195E-05	-3.47146773E-06
 2.500000E-01	-2.37498442E-08	 1.61404896E-08	 2.34976872E-08	 1.07315289E-08	-1.30140234E-04	-5.45272423E-05	-1.85301174E-05	-3.95069262E-06
 2.550000E-01	-2.73125743E-08	 1.63738244E-08	 2.53077225E-08	 1.15490943E-08	-1.38078783E-04	-5.92138064E-05	-2.06069188E-05	-4.47956814E-06
 2.600000E-01	-3.11196264E-08	 1.64180933E-08	 2.70938288E-08	 1.24339265E-08	-1.46242250E-04	-6.41333132E-05	-2.28409060E-05	-5.06085211E-06
 2.650000E-01	-3.51828785E-08	 1.60114295E-08	 2.87486880E-08	 1.34432280E-08	-1.54627330E-04	-6.92837480E-05	-2.52362100E-05	-5.69717164E-06
 2.700000E-01	-3.95095965E-08	 1.50762772E-08	 3.01913914E-08	 1.45216836E-08	-1.63231268E-04	-7.46619494E-05	-2.77963089E-05	-6.39090199E-06
 2.750000E-01	-4.40838166E-08	 1.39220906E-08	 3.14820854E-08	 1.55048106E-08	-1.72051700E-04	-8.02638079E-05	-3.05241687E-05	-7.14417167E-06
 2.800000E-01	-4.88853825E-08	 1.27834584E-08	 3.27325432E-08	 1.63515741E-08	-1.81086879E-04	-8.60844980E-05	-3.34223690E-05	-7.95890414E-06
 2.850000E-01	-5.39139581E-08	 1.14418843E-08	 3.39233829E-08	 1.72024606E-08	-1.90335772E-04	-9.21181661E-05	-3.64930206E-05	-8.83688856E-06
 2.900000E-01	-5.91847332E-08	 9.67251324E-09	 3.49937165E-08	 1.81428395E-08	-1.99798458E-04	-9.83581223E-05	-3.97378676E-05	-9.77983471E-06
 2.950000E-01	-6.47163613E-08	 7.65964761E-09	 3.60386484E-08	 1.91245166E-08	-2.09475683E-04	-1.04797474E-04	-4.31587554E-05	-1.07894063E-05
 3.000000E-01	-7.05273016E-08	 5.65403855E-09	 3.72349458E-08	 2.01466472E-08	-2.19368388E-04	-1.11429570E-04	-4.67582299E-05	-1.18676274E-05
 3.050000E-01	-7.66368280E-08	 3.62127408E-09	 3.86662220E-08	 2.13175594E-08	-2.29478058E-04	-1.18247519E-04	-5.05390905E-05	-1.30166786E-05
 3.100000E-01	-8.30690085E-08	 1.45122968E-09	 4.03564262E-08	 2.27295731E-08	-2.39806682E-04	-1.25243664E-04	-5.45038709E-05	-1.42384349E-05
 3.150000E-01	-8.98530306E-08	-8.11182242E-10	 4.23728461E-08	 2.44066480E-08	-2.50356120E-04	-1.32409766E-04	-5.86551734E-05	-1.55345847E-05
 3.200000E-01	-9.70112907E-08	-3.09501442E-09	 4.47820860E-08	 2.63605927E-08	-2.61127912E-04	-1.39736966E-04	-6.29955183E-05	-1.69062586E-05
 3.250000E-01	-1.04548152E-07	-5.44963127E-09	 4.75640845E-08	 2.86041215E-08	-2.72123640E-04	-1.47215996E-04	-6.75277018E-05	-1.83543683E-05
 3.300000E-01	-1.12452267E-07	-7.97756284E-09	 5.06273479E-08	 3.11103054E-08	-2.83345606E-04	-1.54837708E-04	-7.22553478E-05	-1.98799776E-05
 3.350000E-01	-1.20700461E-07	-1.07504841E-08	 5.38550401E-08	 3.37969715E-08	-2.94796728E-04	-1.62593196E-04	-7.71831218E-05	-2.14842405E-05
 3.400000E-01	-1.29257668E-07	-1.38290098E-08	 5.71125549E-08	 3.65438779E-08	-3.06479635E-04	-1.70473161E-04	-8.23167785E-05	-2.31686330E-05
 3.450000E-01	-1.38078756E-07	-1.72831524E-08	 6.02450188E-08	 3.92035133E-08	-3.18396471E-04	-1.78466871E-04	-8.76626092E-05	-2.49348295E-05
 3.500000E-01	-1.47117180E-07	-2.11336323E-08	 6.31088294E-08	 4.16040451E-08	-3.30549090E-04	-1.86561928E-04	-9.32274389E-05	-2.67849435E-05
 3.550000E-01	-1.56328465E-07	-2.53274059E-08	 6.55980891E-08	 4.35745028E-08	-3.42938890E-04	-1.94744871E-04	-9.90189064E-05	-2.87215270E-05
 3.600000E-01	-1.65646176E-07	-2.98937971E-08	 6.75637992E-08	 4.49860991E-08	-3.55567059E-04	-2.03001870E-04	-1.05045839E-04	-3.07479219E-05
 3.650000E-01	-1.74970537E-07	-3.50316242E-08	 6.87581288E-08	 4.57354337E-08	-3.68434895E-04	-2.11318413E-04	-1.11317794E-04	-3.28681803E-05
 3.700000E-01	-1.84244846E-07	-4.08249829E-08	 6.90743655E-08	 4.57115955E-08	-3.81544094E-04	-2.19679012E-04	-1.17844489E-04	-3.50865286E-05
 3.750000E-01	-1.93528367E-07	-4.70158356E-08	 6.87811466E-08	 4.48642706E-08	-3.94896564E-04	-2.28067662E-04	-1.24636590E-04	-3.74079750E-05
 3.800000E-01	-2.02936842E-07	-5.32387162E-08	 6.83141427E-08	 4.32646361E-08	-4.08493983E-04	-2.36468096E-04	-1.31706592E-04	-3.98389959E-05
 3.850000E-01	-2.12553568E-07	-5.92988595E-08	 6.79781844E-08	 4.10650074E-08	-4.22337483E-04	-2.44863365E-04	-1.39068671E-04	-4.23869153E-05
 3.900000E-01	-2.22383968E-07	-6.52615057E-08	 6.78242232E-08	 3.84241552E-08	-4.36428016E-04	-2.53235796E-04	-1.46738530E-04	-4.50589121E-05
 3.950000E-01	-2.32351278E-07	-7.14037661E-08	 6.76553266E-08	 3.54283234E-08	-4.50766909E-04	-2.61566893E-04	-1.54733520E-04	-4.78622548E-05
 4.000000E-01	-2.42425595E-07	-7.78483245E-08	 6.74005152E-08	 3.20944136E-08	-4.65355718E-04	-2.69837307E-04	-1.63072712E-04	-5.08045541E-05
 4.050000E-01	-2.52734902E-07	-8.43142915E-08	 6.74319966E-08	 2.84941561E-08	-4.80195211E-04	-2.78026398E-04	-1.71776438E-04	-5.38934689E-05
 4.100000E-01	-2.63432444E-07	-9.04714891E-08	 6.81776556E-08	 2.47704571E-08	-4.95286221E-04	-2.86111295E-04	-1.80865040E-04	-5.71355295E-05
 4.150000E-01	-2.74528667E-07	-9.63057521E-08	 6.96445208E-08	 2.09984041E-08	-5.10629970E-04	-2.94065789E-04	-1.90358697E-04	-6.05369528E-05
 4.200000E-01	-2.85873513E-07	-1.02119172E-07	 7.14007972E-08	 1.71056445E-08	-5.26228145E-04	-3.01860492E-04	-2.00278628E-04	-6.41057902E-05
 4.250000E-01	-2.97217185E-07	-1.08358334E-07	 7.27731097E-08	 1.28673777E-08	-5.42083273E-04	-3.09463654E-04	-2.10647118E-04	-6.78506026E-05
 4.300000E-01	-3.08446797E-07	-1.15130375E-07	 7.34762609E-08	 8.08860843E-09	-5.58199923E-04	-3.16842341E-04	-2.21488095E-04	-7.17791762E-05
 4.350000E-01	-3.19767027E-07	-1.21964628E-07	 7.40773976E-08	 2.90925659E-09	-5.74583351E-04	-3.23962190E-04	-2.32827846E-04	-7.58995199E-05
 4.400000E-01	-3.31381788E-07	-1.28540896E-07	 7.51428745E-08	-2.33282857E-09	-5.91239017E-04	-3.30786872E-04	-2.44695414E-04	-8.02205053E-05
 4.450000E-01	-3.43170082E-07	-1.35215379E-07	 7.63799716E-08	-7.53131370E-09	-6.08173749E-04	-3.37277544E-04	-2.57122389E-04	-8.47516830E-05
 4.500000E-01	-3.54992031E-07	-1.42321512E-07	 7.74284953E-08	-1.27073363E-08	-6.25395762E-04	-3.43392439E-04	-2.70142355E-04	-8.95029183E-05
 4.550000E-01	-3.67036873E-07	-1.49606137E-07	 7.87596127E-08	-1.75821623E-08	-6.42913892E-04	-3.49087089E-04	-2.83790915E-04	-9.44841529E-05
 4.600000E-01	-3.79539056E-07	-1.56816530E-07	 8.09535891E-08	-2.17468024E-08	-6.60737768E-04	-3.54314615E-04	-2.98106019E-04	-9.97052471E-05
 4.650000E-01	-3.92432971E-07	-1.64189474E-07	 8.38274474E-08	-2.51424186E-08	-6.78877207E-04	-3.59024931E-04	-3.13126665E-04	-1.05175162E-04
 4.700000E-01	-4.05571940E-07	-1.71988569E-07	 8.69874985E-08	-2.79428649E-08	-6.97343217E-04	-3.63164695E-04	-3.28892642E-04	-1.10900808E-04
 4.750000E-01	-4.19005741E-07	-1.80121580E-07	 9.05310644E-08	-3.01698394E-08	-7.16148402E-04	-3.66677775E-04	-3.45446129E-04	-1.16887970E-04
 4.800000E-01	-4.32778386E-07	-1.88523623E-07	 9.45638479E-08	-3.18562730E-08	-7.35305984E-04	-3.69505455E-04	-3.62833033E-04	-1.23142726E-04
 4.850000E-01	-4.46705769E-07	-1.97420501E-07	 9.86575387E-08	-3.34003559E-08	-7.54829501E-04	-3.71586207E-04	-3.81103189E-04	-1.29671025E-04
 4.900000E-01	-4.60697668E-07	-2.06842207E-07	 1.02608633E-07	-3.52105748E-08	-7.74732412E-04	-3.72855286E-04	-4.00310679E-04	-1.36478147E-04
 4.950000E-01	-4.75056034E-07	-2.16349599E-07	 1.07133652E-07	-3.71894250E-08	-7.95026039E-04	-3.73243580E-04	-4.20513964E-04	-1.43569738E-04
 5.000000E-01	-4.89919529E-07	-2.25693810E-07	 1.12543532E-07	-3.94680628E-08	-8.15718556E-04	-3.72676837E-04	-4.41776681E-04	-1.50953548E-04
 5.050000E-01	-5.04705754E-07	-2.35185085E-07	 1.17453426E-07	-4.33974056E-08	-8.36815611E-04	-3.71076015E-04	-4.64168398E-04	-1.58639943E-04
 5.100000E-01	-5.18766231E-07	-2.44959411E-07	 1.20365260E-07	-5.05803701E-08	-8.58322361E-04	-3.68358085E-04	-4.87766899E-04	-1.66643695E-04
 5.150000E-01	-5.32144558E-07	-2.54531560E-07	 1.21442132E-07	-6.14150586E-08	-8.80241478E-04	-3.64434365E-04	-5.12656079E-04	-1.74982039E-04
 5.200000E-01	-5.45075205E-07	-2.63408019E-07	 1.21296735E-07	-7.57392926E-08	-9.02572570E-04	-3.59208769E-04	-5.38923494E-04	-1.83671358E-04
 5.250000E-01	-5.57307364E-07	-2.71517180E-07	 1.19409442E-07	-9.40421380E-08	-9.25313602E-04	-3.52578277E-04	-5.66660689E-04	-1.92729579E-04
 5.300000E-01	-5.68399440E-07	-2.78898770E-07	 1.14837152E-07	-1.17007151E-07	-9.48460572E-04	-3.44434623E-04	-5.95960917E-04	-2.02178280E-04
 5.350000E-01	-5.78227863E-07	-2.85451843E-07	 1.07387851E-07	-1.44524395E-07	-9.72010310E-04	-3.34665222E-04	-6.26919852E-04	-2.12039079E-04
 5.400000E-01	-5.87094295E-07	-2.90983440E-07	 9.78296455E-08	-1.75435573E-07	-9.95960016E-04	-3.23153390E-04	-6.59635705E-04	-2.22330456E-04
 5.450000E-01	-5.95602336E-07	-2.95372060E-07	 8.75654820E-08	-2.07787864E-07	-1.02030829E-03	-3.09776855E-04	-6.94213892E-04	-2.33072344E-04
 5.500000E-01	-6.03988323E-07	-2.98812627E-07	 7.71017867E-08	-2.40297449E-07	-1.04506166E-03	-2.94403764E-04	-7.30778618E-04	-2.44291675E-04
 5.550000E-01	-6.11597181E-07	-3.01714374E-07	 6.49169852E-08	-2.73560255E-07	-1.07023012E-03	-2.76895607E-04	-7.69464193E-04	-2.56015949E-04
 5.600000E-01	-6.18020360E-07	-3.04268092E-07	 5.00947995E-08	-3.07631315E-07	-1.09582445E-03	-2.57111692E-04	-8.10405892E-04	-2.68263794E-04
 5.650000E-01	-6.24262934E-07	-3.06536936E-07	 3.49224792E-08	-3.39424141E-07	-1.12185606E-03	-2.34909051E-04	-8.53739024E-04	-2.81045746E-04
 5.700000E-01	-6.31370292E-07	-3.08872654E-07	 2.17199469E-08	-3.65857913E-07	-1.14833128E-03	-2.10143831E-04	-8.99592922E-04	-2.94366761E-04
 5.750000E-01	-6.38802739E-07	-3.11703090E-07	 9.19910085E-09	-3.87741958E-07	-1.17525854E-03	-1.82668106E-04	-9.48107697E-04	-3.08228635E-04
 5.800000E-01	-6.45623822E-07	-3.15168645E-07	-4.77272337E-09	-4.07019081E-07	-1.20264873E-03	-1.52326437E-04	-9.99441290E-04	-3.22628806E-04
 5.850000E-01	-6.52136723E-07	-3.19355225E-07	-1.94903268E-08	-4.22856534E-07	-1.23051121E-03	-1.18951735E-04	-1.05376908E-03	-3.37566602E-04
 5.900000E-01	-6.59192038E-07	-3.24482510E-07	-3.30316323E-08	-4.33425115E-07	-1.25885261E-03	-8.23628787E-05	-1.11128489E-03	-3.53049867E-04
 5.950000E-01	-6.66959436E-07	-3.30641829E-07	-4.50356995E-08	-4.39025174E-07	-1.28767293E-03	-4.23705686E-05	-1.17219019E-03	-3.69088416E-04
 6.000000E-01	-6.74818799E-07	-3.37535447E-07	-5.69127668E-08	-4.42358042E-07	-1.31696727E-03	 1.22349516E-06	-1.23669300E-03	-3.85690659E-04
 6.050000E-01	-6.81652730E-07	-3.44401553E-07	-7.11308643E-08	-4.47628844E-07	-1.34672630E-03	 4.86279197E-05	-1.30500488E-03	-4.02861974E-04
 6.100000E-01	-6.86452365E-07	-3.50285049E-07	-8.98454365E-08	-4.58662518E-07	-1.37693876E-03	 1.00063508E-04	-1.37734650E-03	-4.20606013E-04
 6.150000E-01	-6.88892574E-07	-3.54462364E-07	-1.13661254E-07	-4.77212093E-07	-1.40759273E-03	 1.55762827E-04	-1.45395202E-03	-4.38927754E-04
 6.200000E-01	-6.89014136E-07	-3.56447500E-07	-1.42392162E-07	-5.03816913E-07	-1.43867214E-03	 2.15963989E-04	-1.53506008E-03	-4.57830734E-04
 6.250000E-01	-6.86676342E-07	-3.55757849E-07	-1.76298600E-07	-5.39265721E-07	-1.47015737E-03	 2.80912288E-04	-1.62091364E-03	-4.77315744E-04
 6.300000E-01	-6.81393605E-07	-3.51773801E-07	-2.16441971E-07	-5.85010617E-07	-1.50203008E-03	 3.50872554E-04	-1.71177528E-03	-4.97384730E-04
 6.350000E-01	-6.72383580E-07	-3.43714156E-07	-2.64536091E-07	-6.42890548E-07	-1.53426802E-03	 4.26123191E-04	-1.80792115E-03	-5.18041632E-04
 6.400000E-01	-6.59121576E-07	-3.31025891E-07	-3.21689265E-07	-7.13369114E-07	-1.56683952E-03	 5.06949120E-04	-1.90963464E-03	-5.39293920E-04
 6.450000E-01	-6.41891740E-07	-3.13864719E-07	-3.87211153E-07	-7.94086581E-07	-1.59971734E-03	 5.93686901E-04	-2.01726852E-03	-5.61187919E-04
 6.500000E-01	-6.21256037E-07	-2.92756901E-07	-4.59790838E-07	-8.81767088E-07	-1.63287579E-03	 6.86743371E-04	-2.13126103E-03	-5.83845256E-04
 6.550000E-01	-5.97331306E-07	-2.68011995E-07	-5.39060340E-07	-9.74371810E-07	-1.66627072E-03	 7.86556654E-04	-2.25206798E-03	-6.07430104E-04
 6.600000E-01	-5.70127914E-07	-2.39894346E-07	-6.24813806E-07	-1.07017353E-06	-1.69985680E-03	 8.93650012E-04	-2.38024193E-03	-6.32190910E-04
 6.650000E-01	-5.40043586E-07	-2.08994359E-07	-7.15902701E-07	-1.16648939E-06	-1.73359809E-03	 1.00869436E-03	-2.51648947E-03	-6.58479638E-04
 6.700000E-01	-5.07404869E-07	-1.75830122E-07	-8.11231659E-07	-1.26117199E-06	-1.76744835E-03	 1.13244862E-03	-2.66156485E-03	-6.86698864E-04
 6.750000E-01	-4.71950168E-07	-1.40338537E-07	-9.10884296E-07	-1.35403430E-06	-1.80134951E-03	 1.26571757E-03	-2.81622803E-03	-7.17261601E-04
 6.800000E-01	-4.33620236E-07	-1.02621856E-07	-1.01435007E-06	-1.44415170E-06	-1.83521555E-03	 1.40930583E-03	-2.98117317E-03	-7.50577191E-04
 6.850000E-01	-3.93519372E-07	-6.38739563E-08	-1.11853136E-06	-1.52730845E-06	-1.86897264E-03	 1.56416708E-03	-3.15721237E-03	-7.87127460E-04
 6.900000E-01	-3.53311240E-07	-2.57833814E-08	-1.21915526E-06	-1.59849160E-06	-1.90255156E-03	 1.73138459E-03	-3.34523798E-03	-8.27440346E-04
 6.950000E-01	-3.14117711E-07	 1.05882312E-08	-1.31317264E-06	-1.65553984E-06	-1.93584860E-03	 1.91202305E-03	-3.54601143E-03	-8.72017597E-04
 7.000000E-01	-2.75792095E-07	 4.57524423E-08	-1.40036901E-06	-1.70147614E-06	-1.96876730E-03	 2.10729560E-03	-3.76036919E-03	-9.21415719E-04
 7.050000E-01	-2.36696083E-07	 8.21811721E-08	-1.48370668E-06	-1.74459026E-06	-2.00121937E-03	 2.31858544E-03	-3.98922939E-03	-9.76243190E-04
 7.100000E-01	-1.95503960E-07	 1.22113172E-07	-1.56533563E-06	-1.79149005E-06	-2.03310102E-03	 2.54731809E-03	-4.23342393E-03	-1.03706185E-03
 7.150000E-01	-1.53058988E-07	 1.65219493E-07	-1.64284264E-06	-1.84110670E-06	-2.06429658E-03	 2.79494804E-03	-4.49369386E-03	-1.10438714E-03
 7.200000E-01	-1.10548721E-07	 2.10730232E-07	-1.71338321E-06	-1.89130135E-06	-2.09468356E-03	 3.06298238E-03	-4.77070441E-03	-1.17870723E-03
 7.250000E-01	-6.72445280E-08	 2.60198650E-07	-1.77832431E-06	-1.94589208E-06	-2.12413866E-03	 3.35303425E-03	-5.06510083E-03	-1.26050191E-03
 7.300000E-01	-2.25537617E-08	 3.14827883E-07	-1.83879487E-06	-2.00686634E-06	-2.15253536E-03	 3.66684334E-03	-5.37752570E-03	-1.35024116E-03
 7.350000E-01	 2.14518730E-08	 3.72119134E-07	-1.89075912E-06	-2.06626247E-06	-2.17973899E-03	 4.00625333E-03	-5.70857317E-03	-1.44836453E-03
 7.400000E-01	 6.26757675E-08	 4.29434571E-07	-1.93059544E-06	-2.11647646E-06	-2.20560363E-03	 4.37317641E-03	-6.05873393E-03	-1.55524497E-03
 7.450000E-01	 1.02289047E-07	 4.88547403E-07	-1.96118947E-06	-2.16143257E-06	-2.22998764E-03	 4.76969061E-03	-6.42850871E-03	-1.67121264E-03
 7.500000E-01	 1.42150246E-07	 5.51999247E-07	-1.98640518E-06	-2.20612141E-06	-2.25273935E-03	 5.19790732E-03	-6.81825295E-03	-1.79645316E-03
 7.550000E-01	 1.81353497E-07	 6.18164703E-07	-2.00480871E-06	-2.24437683E-06	-2.27369040E-03	 5.65989402E-03	-7.22811110E-03	-1.93092818E-03
 7.600000E-01	 2.18130045E-07	 6.84146244E-07	-2.01365120E-06	-2.26712911E-06	-2.29268328E-03	 6.15791934E-03	-7.65825296E-03	-2.07448652E-03
 7.650000E-01	 2.52525280E-07	 7.49832760E-07	-2.01352870E-06	-2.27265753E-06	-2.30956715E-03	 6.69438045E-03	-8.10875500E-03	-2.22679292E-03
 7.700000E-01	 2.84710384E-07	 8.15242792E-07	-2.00514746E-06	-2.25997117E-06	-2.32418335E-03	 7.27165543E-03	-8.57951275E-03	-2.38719458E-03
 7.750000E-01	 3.12878903E-07	 8.77243719E-07	-1.98604608E-06	-2.22161971E-06	-2.33636919E-03	 7.89203805E-03	-9.07016038E-03	-2.55467740E-03
 7.800000E-01	 3.35682392E-07	 9.33790075E-07	-1.95487933E-06	-2.15460596E-06	-2.34599266E-03	 8.55796858E-03	-9.58032976E-03	-2.72799209E-03
 7.850000E-01	 3.54895974E-07	 9.88263547E-07	-1.91514096E-06	-2.06976749E-06	-2.35289775E-03	 9.27147552E-03	-1.01091721E-02	-2.90529886E-03
 7.900000E-01	 3.72723781E-07	 1.04463901E-06	-1.87071819E-06	-1.97866612E-06	-2.35692324E-03	 1.00344739E-02	-1.06556161E-02	-3.08434061E-03
 7.950000E-01	 3.88558071E-07	 1.10186559E-06	-1.82165221E-06	-1.88047066E-06	-2.35797215E-03	 1.08496551E-02	-1.12190800E-02	-3.26295207E-03
 8.000000E-01	 4.00560073E-07	 1.15654818E-06	-1.76677440E-06	-1.76945131E-06	-2.35592799E-03	 1.17193220E-02	-1.17984242E-02	-3.43829360E-03
 8.050000E-01	 4.08102035E-07	 1.20745412E-06	-1.70670606E-06	-1.64540512E-06	-2.35066968E-03	 1.26456814E-02	-1.23924657E-02	-3.60702475E-03
 8.100000E-01	 4.11446273E-07	 1.25517916E-06	-1.64266754E-06	-1.51242066E-06	-2.34209032E-03	 1.36306760E-02	-1.29999068E-02	-3.76524765E-03
 8.150000E-01	 4.10920250E-07	 1.30075613E-06	-1.57516398E-06	-1.37557817E-06	-2.33000238E-03	 1.46751783E-02	-1.36190729E-02	-3.90812439E-03
 8.200000E-01	 4.07410466E-07	 1.34676183E-06	-1.50462386E-06	-1.24244676E-06	-2.31411933E-03	 1.57790307E-02	-1.42479940E-02	-4.03000708E-03
 8.250000E-01	 4.02624670E-07	 1.39789044E-06	-1.43160372E-06	-1.12274220E-06	-2.29421478E-03	 1.69426201E-02	-1.48851701E-02	-4.12531707E-03
 8.300000E-01	 3.96816912E-07	 1.45532515E-06	-1.35569482E-06	-1.01731360E-06	-2.27011858E-03	 1.81666830E-02	-1.55292127E-02	-4.18831082E-03
 8.350000E-01	 3.87074167E-07	 1.51274778E-06	-1.27560368E-06	-9.12990874E-07	-2.24172743E-03	 1.94517701E-02	-1.61784728E-02	-4.21280406E-03
 8.400000E-01	 3.70621545E-07	 1.56469240E-06	-1.19054862E-06	-7.99953484E-07	-2.20893532E-03	 2.07980368E-02	-1.68315144E-02	-4.19239110E-03
 8.450000E-01	 3.48062271E-07	 1.61396878E-06	-1.10027155E-06	-6.83735500E-07	-2.17142651E-03	 2.22032937E-02	-1.74863523E-02	-4.11984281E-03
 8.500000E-01	 3.20864774E-07	 1.66511673E-06	-1.00411947E-06	-5.71669894E-07	-2.12877980E-03	 2.36648137E-02	-1.81416773E-02	-3.98840712E-03
 8.550000E-01	 2.88399029E-07	 1.71723964E-06	-9.01215239E-07	-4.61561589E-07	-2.08052223E-03	 2.51795896E-02	-1.87964712E-02	-3.79172909E-03
 8.600000E-01	 2.49362850E-07	 1.76815104E-06	-7.90880336E-07	-3.49710960E-07	-2.02616764E-03	 2.67445268E-02	-1.94495327E-02	-3.52333394E-03
 8.650000E-01	 2.03570050E-07	 1.81899921E-06	-6.72346672E-07	-2.37374158E-07	-1.96550119E-03	 2.83579878E-02	-2.00994539E-02	-3.17641456E-03
 8.700000E-01	 1.50657503E-07	 1.86999867E-06	-5.45517114E-07	-1.24187272E-07	-1.89861879E-03	 3.00193672E-02	-2.07442771E-02	-2.74311398E-03
 8.750000E-01	 8.88116718E-08	 1.91689939E-06	-4.11855913E-07	-4.74382442E-09	-1.82552877E-03	 3.17263187E-02	-2.13811837E-02	-2.21399893E-03
 8.800000E-01	 1.65995923E-08	 1.95777934E-06	-2.71807167E-07	 1.22685555E-07	-1.74593472E-03	 3.34739769E-02	-2.20070258E-02	-1.57881321E-03
 8.850000E-01	-6.53024149E-08	 1.99784610E-06	-1.22653668E-07	 2.52678478E-07	-1.65928415E-03	 3.52558641E-02	-2.26187758E-02	-8.27102535E-04
 8.900000E-01	-1.56483045E-07	 2.03946899E-06	 3.60499517E-08	 3.83166136E-07	-1.56502551E-03	 3.70645046E-02	-2.32129890E-02	 5.24429703E-05
 8.950000E-01	-2.59202807E-07	 2.07460064E-06	 1.97985846E-07	 5.19412753E-07	-1.46260703E-03	 3.88908347E-02	-2.37849793E-02	 1.07357673E-03
 9.000000E-01	-3.75966474E-07	 2.09600005E-06	 3.57372021E-07	 6.64574283E-07	-1.35204643E-03	 4.07244770E-02	-2.43278946E-02	 2.25390545E-03
 9.050000E-01	-5.07147603E-07	 2.10671654E-06	 5.15947593E-07	 8.15928124E-07	-1.23354938E-03	 4.25540843E-02	-2.48343762E-02	 3.61238206E-03
 9.100000E-01	-6.51526992E-07	 2.11257819E-06	 6.75723688E-07	 9.68984984E-07	-1.10745493E-03	 4.43597360E-02	-2.52939497E-02	 5.17104182E-03
 9.150000E-01	-8.09192075E-07	 2.11390061E-06	 8.34946323E-07	 1.12365589E-06	-9.68688046E-04	 4.61201354E-02	-2.57036481E-02	 6.94057223E-03
 9.200000E-01	-9.79807797E-07	 2.10736660E-06	 9.83881992E-07	 1.27614629E-06	-8.24200752E-04	 4.78011143E-02	-2.60354497E-02	 8.96324247E-03
 9.250000E-01	-1.16476405E-06	 2.08868211E-06	 1.11634736E-06	 1.42524800E-06	-6.59575428E-04	 4.93831197E-02	-2.62981960E-02	 1.12342846E-02
 9.300000E-01	-1.36094663E-06	 2.05921487E-06	 1.22116991E-06	 1.56306963E-06	-4.92110459E-04	 5.08051691E-02	-2.64313140E-02	 1.38330060E-02
 9.350000E-01	-1.56189485E-06	 2.02465186E-06	 1.28594407E-06	 1.67794719E-06	-3.40283712E-04	 5.20080731E-02	-2.63654403E-02	 1.68168829E-02
 9.400000E-01	-1.76520987E-06	 1.98316833E-06	 1.32030998E-06	 1.79625332E-06	-1.51842889E-04	 5.29560793E-02	-2.61571598E-02	 2.01099225E-02
 9.450000E-01	-1.98152376E-06	 1.95472538E-06	 1.33856612E-06	 1.86522436E-06	 1.64469514E-04	 5.36438762E-02	-2.59629463E-02	 2.35757726E-02
 9.500000E-01	-2.17433407E-06	 1.88644438E-06	 1.28125658E-06	 2.00626269E-06	 4.66167760E-04	 5.38917510E-02	-2.53483074E-02	 2.73441920E-02
 9.550000E-01	-2.28722521E-06	 1.89005642E-06	 1.15135374E-06	 2.05440227E-06	 1.18442734E-03	 5.36534697E-02	-2.47485987E-02	 3.07555636E-02
 9.600000E-01	-2.44011447E-06	 1.88722765E-06	 8.34450298E-07	 1.98676254E-06	 1.91071339E-03	 5.33548606E-02	-2.43175284E-02	 3.43351227E-02
 9.650000E-01	-2.34749915E-06	 2.04471388E-06	 8.31393131E-07	 2.09159354E-06	 3.77342846E-03	 5.17270750E-02	-2.28463907E-02	 3.59269618E-02
 9.700000E-01	-2.13846778E-06	 2.33826049E-06	 6.56303942E-07	 2.13660741E-06	 7.66741358E-03	 4.83807150E-02	-2.22776815E-02	 3.76686271E-02
 9.750000E-01	-1.17545389E-06	 2.73197770E-06	 1.09018451E-06	 1.44512584E-06	 1.79973902E-02	 3.40766638E-02	-1.67071538E-02	 2.30152168E-02
 9.800000E-01	 1.56892876E-06	 3.09840640E-06	 1.79552499E-06	-1.26142948E-06	 3.66846640E-02	 3.26871065E-03	-2.18013048E-02	 2.71288866E-02
 9.850000E-01	 3.79894108E-06	-2.35280522E-06	 3.99564263E-06	-5.93468933E-06	 1.21741970E-03	-6.33970349E-02	-8.73207180E-03	-7.26789807E-02
 9.900000E-01	-1.63993032E-06	-3.48783049E-06	 9.66522706E-06	-1.07693811E-05	-2.89935791E-02	 3.84202418E-02	-6.03154271E-02	-9.73957122E-02
 9.950000E-01	-2.88033374E-05	-8.70258888E-07	 3.88339580E-05	-6.02305680E-06	 6.87494340E-03	 4.07748415E-01	 4.10444007E-03	-4.36843784E-01
 1.000000E+00	 0.00000000E+00	 0.00000000E+00	 0.00000000E+00	 0.00000000E+00	 0.00000000E+00	 0.00000000E+00	 0.00000000E+00	 0.00000000E+00
