r	R 19/19	R 20/19	R 21/19	R 22/19	I 19/19	I 20/19	I 21/19	I 22/19
 0.000000E+00	 0.00000000E+00	 0.00000000E+00	 0.00000000E+00	 0.00000000E+00	 0.00000000E+00	 0.00000000E+00	 0.00000000E+00	 0.00000000E+00
 5.000000E-03	 3.16414773E-34	 1.65256234E-33	 1.12491297E-33	 9.78308986E-34	-1.16699411E-37	 1.42496180E-36	 2.18225208E-37	 3.57179024E-37
 1.000000E-02	-2.32368031E-32	-2.19057023E-32	 6.45447492E-32	 7.32907892E-32	-3.84904176E-36	 1.36309436E-35	 1.72496363E-35	 3.69862735E-35
 1.500000E-02	-1.03686334E-30	-2.09372376E-30	 4.86904963E-31	 8.50673903E-31	-1.26503727E-34	-6.89531725E-34	 5.44715570E-34	 6.35615724E-34
 2.000000E-02	-1.37753532E-29	-3.20339458E-29	-1.85029526E-29	-7.03020066E-30	-4.24365966E-33	-1.62471045E-32	 7.74377497E-33	 2.63779887E-33
 2.500000E-02	 1.74015086E-30	-1.04734713E-28	-5.15154431E-28	-2.56208955E-28	-7.35526519E-32	-1.38553393E-31	 5.34220848E-32	-3.92271694E-32
 3.000000E-02	 2.74219158E-27	 2.49867761E-27	-6.88696390E-27	-3.02357819E-27	-7.27519803E-31	-3.93466868E-31	 1.79412613E-31	-5.68838347E-31
 3.500000E-02	 5.06797977E-26	 4.31526193E-26	-6.30222861E-26	-2.25069928E-26	-4.62388992E-30	 2.12299777E-30	 2.19912063E-31	-3.34690014E-30
 4.000000E-02	 5.74674945E-25	 3.89014743E-25	-4.45240211E-25	-1.24765982E-25	-2.02967772E-29	 2.96172992E-29	 5.62421825E-31	-1.27704971E-29
 4.500000E-02	 4.87345672E-24	 2.52579432E-24	-2.58374663E-24	-5.64768835E-25	-5.90171190E-29	 1.92778622E-28	 1.27669142E-29	-3.28140893E-29
 5.000000E-02	 3.33263245E-23	 1.31969661E-23	-1.27798655E-23	-2.23800100E-24	-6.61311609E-29	 8.92048410E-28	 1.40104644E-28	-6.73899647E-30
 5.500000E-02	 1.91626366E-22	 5.90889469E-23	-5.51745355E-23	-8.20766256E-24	 2.67614326E-28	 2.91576926E-27	 1.04849472E-27	 6.07402523E-28
 6.000000E-02	 9.52871258E-22	 2.36750121E-22	-2.11262079E-22	-2.88495417E-23	 3.53434355E-30	 4.68702194E-27	 6.56195464E-27	 4.66667758E-27
 6.500000E-02	 4.18374664E-21	 8.75616540E-22	-7.25315376E-22	-9.79643135E-23	-2.28226276E-26	-1.15883915E-26	 3.61528847E-26	 2.13030275E-26
 7.000000E-02	 1.64866080E-20	 3.05183613E-21	-2.24897031E-21	-3.17209206E-22	-2.21189606E-25	-1.13521331E-25	 1.60732202E-25	 7.33925736E-26
 7.500000E-02	 5.90828645E-20	 1.01391299E-20	-6.32185064E-21	-9.59396589E-22	-1.28194898E-24	-4.88857297E-25	 5.74666721E-25	 2.17708720E-25
 8.000000E-02	 1.94664918E-19	 3.22489484E-20	-1.61072960E-20	-2.65577934E-21	-5.60248262E-24	-1.60158171E-24	 1.71601947E-24	 5.87339157E-25
 8.500000E-02	 5.95076328E-19	 9.82200638E-20	-3.69634672E-20	-6.58699992E-21	-2.02149147E-23	-4.58536845E-24	 4.33939222E-24	 1.48926695E-24
 9.000000E-02	 1.70088366E-18	 2.86102066E-19	-7.50215468E-20	-1.41656754E-20	-6.32845965E-23	-1.25382420E-23	 9.40396110E-24	 3.59623134E-24
 9.500000E-02	 4.57576691E-18	 7.96248793E-19	-1.28292085E-19	-2.44109188E-20	-1.77729010E-22	-3.44553463E-23	 1.71313603E-23	 8.29987013E-24
 1.000000E-01	 1.16524073E-17	 2.11712515E-18	-1.56537932E-19	-2.39744467E-20	-4.59291209E-22	-9.64663680E-23	 2.49592891E-23	 1.83282210E-23
 1.050000E-01	 2.82275830E-17	 5.38294671E-18	 1.07611317E-21	 4.24856467E-20	-1.11604929E-21	-2.63358143E-22	 2.56363371E-23	 3.67769267E-23
 1.100000E-01	 6.53301021E-17	 1.31100116E-17	 8.24628558E-19	 3.48802947E-19	-2.57776486E-21	-6.63960672E-22	-8.13346402E-24	 5.92710312E-23
 1.150000E-01	 1.45007043E-16	 3.06499027E-17	 3.55269222E-18	 1.36632885E-18	-5.65316722E-21	-1.54449359E-21	-1.72532554E-22	 5.85878441E-23
 1.200000E-01	 3.09723821E-16	 6.89477448E-17	 1.10893818E-17	 4.25174263E-18	-1.17620263E-20	-3.40769411E-21	-7.04823434E-22	-3.89420755E-23
 1.250000E-01	 6.38524682E-16	 1.49591564E-16	 2.97747956E-17	 1.16346462E-17	-2.33180471E-20	-7.25070010E-21	-2.10491159E-21	-4.10060610E-22
 1.300000E-01	 1.27393012E-15	 3.13774051E-16	 7.26903110E-17	 2.91337946E-17	-4.43144204E-20	-1.49606860E-20	-5.35268904E-21	-1.44349303E-21
 1.350000E-01	 2.46546503E-15	 6.37749060E-16	 1.65589183E-16	 6.81418413E-17	-8.12448871E-20	-2.98827637E-20	-1.22038142E-20	-3.94919057E-21
 1.400000E-01	 4.63820433E-15	 1.25880353E-15	 3.57185762E-16	 1.50734085E-16	-1.44366126E-19	-5.73265109E-20	-2.57653677E-20	-9.63344306E-21
 1.450000E-01	 8.49828339E-15	 2.41753348E-15	 7.36393947E-16	 3.17985874E-16	-2.48969265E-19	-1.05192701E-19	-5.14294053E-20	-2.18393199E-20
 1.500000E-01	 1.51924329E-14	 4.52359460E-15	 1.45998198E-15	 6.43449515E-16	-4.16618230E-19	-1.84769027E-19	-9.81226725E-20	-4.66595997E-20
 1.550000E-01	 2.65419170E-14	 8.25744385E-15	 2.79638870E-15	 1.25442226E-15	-6.75682482E-19	-3.12417704E-19	-1.80962235E-19	-9.46232330E-20
 1.600000E-01	 4.53781463E-14	 1.47260986E-14	 5.19400159E-15	 2.36481419E-15	-1.06292750E-18	-5.16304239E-19	-3.23330602E-19	-1.81101661E-19
 1.650000E-01	 7.60163906E-14	 2.56918045E-14	 9.38412965E-15	 4.32433959E-15	-1.63417493E-18	-8.41214820E-19	-5.53417714E-19	-3.26690853E-19
 1.700000E-01	 1.24909044E-13	 4.39021735E-14	 1.65337056E-14	 7.69067954E-15	-2.47586879E-18	-1.33243609E-18	-9.04096954E-19	-5.66461208E-19
 1.750000E-01	 2.01526986E-13	 7.35568458E-14	 2.84674704E-14	 1.33333357E-14	-3.69161033E-18	-2.02241573E-18	-1.42804615E-18	-9.61327406E-19
 1.800000E-01	 3.19519670E-13	 1.20965986E-13	 4.79910575E-14	 2.25829900E-14	-5.38878932E-18	-2.96504061E-18	-2.20474829E-18	-1.58869123E-18
 1.850000E-01	 4.98230824E-13	 1.95455449E-13	 7.93490780E-14	 3.74436964E-14	-7.71883463E-18	-4.26853043E-18	-3.31839805E-18	-2.52746196E-18
 1.900000E-01	 7.64624729E-13	 3.10548774E-13	 1.28851800E-13	 6.08850939E-14	-1.09327887E-17	-6.06852562E-18	-4.84199325E-18	-3.86741176E-18
 1.950000E-01	 1.15565785E-12	 4.85499813E-13	 2.05726385E-13	 9.72433374E-14	-1.54057371E-17	-8.50522604E-18	-6.84175199E-18	-5.71579518E-18
 2.000000E-01	 1.72115417E-12	 7.47248353E-13	 3.23251563E-13	 1.52767581E-13	-2.16736192E-17	-1.17286847E-17	-9.37034363E-18	-8.18498858E-18
 2.050000E-01	 2.52738860E-12	 1.13301135E-12	 5.00309673E-13	 2.36388497E-13	-3.04894468E-17	-1.59116581E-17	-1.24583108E-17	-1.13772297E-17
 2.100000E-01	 3.66183392E-12	 1.69404189E-12	 7.63653806E-13	 3.60870398E-13	-4.28994691E-17	-2.13060442E-17	-1.61205509E-17	-1.53616203E-17
 2.150000E-01	 5.23823852E-12	 2.49981063E-12	 1.15064795E-12	 5.44265394E-13	-6.03448146E-17	-2.83169770E-17	-2.03740753E-17	-2.01506616E-17
 2.200000E-01	 7.40180933E-12	 3.64235314E-12	 1.71238491E-12	 8.11664141E-13	-8.47875790E-17	-3.76430003E-17	-2.52791679E-17	-2.56575090E-17
 2.250000E-01	 1.03357780E-11	 5.24217097E-12	 2.51788680E-12	 1.19761974E-12	-1.18950155E-16	-5.04582976E-17	-3.09666675E-17	-3.16450912E-17
 2.300000E-01	 1.42679949E-11	 7.45489472E-12	 3.65910426E-12	 1.74916630E-12	-1.66578272E-16	-6.84593715E-17	-3.76699383E-17	-3.77568288E-17
 2.350000E-01	 1.94772455E-11	 1.04786386E-11	 5.25671196E-12	 2.52948864E-12	-2.32578292E-16	-9.39511692E-17	-4.58861416E-17	-4.36113701E-17
 2.400000E-01	 2.63013354E-11	 1.45624214E-11	 7.46694347E-12	 3.62240731E-12	-3.23192707E-16	-1.30198621E-16	-5.66115359E-17	-4.88364526E-17
 2.450000E-01	 3.51459380E-11	 2.00154977E-11	 1.04894453E-11	 5.13769975E-12	-4.46387354E-16	-1.81786578E-16	-7.14435107E-17	-5.30542395E-17
 2.500000E-01	 4.64927699E-11	 2.72173460E-11	 1.45759303E-11	 7.21717531E-12	-6.12173810E-16	-2.54505825E-16	-9.26672017E-17	-5.61894482E-17
 2.550000E-01	 6.09107007E-11	 3.66294561E-11	 2.00401616E-11	 1.00417430E-11	-8.31969800E-16	-3.55461500E-16	-1.24552720E-16	-5.96713626E-17
 2.600000E-01	 7.90648830E-11	 4.88069273E-11	 2.72684542E-11	 1.38390912E-11	-1.11779163E-15	-4.96839767E-16	-1.76113078E-16	-6.66838079E-17
 2.650000E-01	 1.01723202E-10	 6.44091847E-11	 3.67301879E-11	 1.88917129E-11	-1.48630166E-15	-6.99902229E-16	-2.59559715E-16	-7.90995664E-17
 2.700000E-01	 1.29773325E-10	 8.42171497E-11	 4.89920671E-11	 2.55470425E-11	-1.96456721E-15	-9.85239831E-16	-3.82363721E-16	-9.75570202E-17
 2.750000E-01	 1.64269887E-10	 1.09171864E-10	 6.47453754E-11	 3.42346411E-11	-2.58274361E-15	-1.36068832E-15	-5.49301370E-16	-1.29945577E-16
 2.800000E-01	 2.06456081E-10	 1.40398536E-10	 8.48265749E-11	 4.54806910E-11	-3.36179125E-15	-1.83910612E-15	-7.79691236E-16	-1.93701108E-16
 2.850000E-01	 2.57750119E-10	 1.79206179E-10	 1.10224102E-10	 5.99155470E-11	-4.32488849E-15	-2.46300712E-15	-1.10815281E-15	-3.02499893E-16
 2.900000E-01	 3.19739184E-10	 2.27090774E-10	 1.42086206E-10	 7.82815968E-11	-5.51823900E-15	-3.28317105E-15	-1.55923885E-15	-4.60505706E-16
 2.950000E-01	 3.94123372E-10	 2.85700078E-10	 1.81703781E-10	 1.01426830E-10	-6.99882229E-15	-4.32355531E-15	-2.14200206E-15	-6.78326707E-16
 3.000000E-01	 4.82771362E-10	 3.56876248E-10	 2.30540394E-10	 1.30323967E-10	-8.81031014E-15	-5.60215833E-15	-2.87953357E-15	-9.81994669E-16
 3.050000E-01	 5.87810265E-10	 4.42727288E-10	 2.90282698E-10	 1.66102536E-10	-1.09940273E-14	-7.17039197E-15	-3.81873809E-15	-1.39682823E-15
 3.100000E-01	 7.11504521E-10	 5.45538460E-10	 3.62788004E-10	 2.10022842E-10	-1.36119870E-14	-9.09693778E-15	-5.00165415E-15	-1.93530347E-15
 3.150000E-01	 8.56220982E-10	 6.67743471E-10	 4.50065038E-10	 2.63467126E-10	-1.67405692E-14	-1.14330181E-14	-6.45415823E-15	-2.61035703E-15
 3.200000E-01	 1.02456115E-09	 8.12024835E-10	 5.54334870E-10	 3.27976483E-10	-2.04511606E-14	-1.42260721E-14	-8.21227144E-15	-3.44889665E-15
 3.250000E-01	 1.21935394E-09	 9.81305856E-10	 6.78022822E-10	 4.05247993E-10	-2.48130516E-14	-1.75504890E-14	-1.03357237E-14	-4.48414144E-15
 3.300000E-01	 1.44358987E-09	 1.17869593E-09	 8.23719925E-10	 4.97113729E-10	-2.99088149E-14	-2.15024734E-14	-1.28914642E-14	-5.74735820E-15
 3.350000E-01	 1.70042583E-09	 1.40749019E-09	 9.94174594E-10	 6.05534921E-10	-3.58328989E-14	-2.61798944E-14	-1.59465029E-14	-7.27745900E-15
 3.400000E-01	 1.99370694E-09	 1.67160916E-09	 1.19260455E-09	 7.32789744E-10	-4.26902017E-14	-3.16948277E-14	-1.95890396E-14	-9.13410980E-15
 3.450000E-01	 2.32890920E-09	 1.97642713E-09	 1.42331851E-09	 8.81859363E-10	-5.06244849E-14	-3.82085395E-14	-2.39434641E-14	-1.13914247E-14
 3.500000E-01	 2.71236751E-09	 2.32817099E-09	 1.69134270E-09	 1.05621060E-09	-5.98267256E-14	-4.59002189E-14	-2.91338465E-14	-1.41208981E-14
 3.550000E-01	 3.15036035E-09	 2.73315486E-09	 2.00191312E-09	 1.25948047E-09	-7.04880965E-14	-5.49020206E-14	-3.52754464E-14	-1.74214426E-14
 3.600000E-01	 3.64970994E-09	 3.19830818E-09	 2.36088442E-09	 1.49572549E-09	-8.27394822E-14	-6.53647088E-14	-4.25797297E-14	-2.14712538E-14
 3.650000E-01	 4.21805344E-09	 3.73145196E-09	 2.77492813E-09	 1.76955029E-09	-9.66983877E-14	-7.75994484E-14	-5.13927340E-14	-2.64684430E-14
 3.700000E-01	 4.86367017E-09	 4.34116089E-09	 3.25139978E-09	 2.08604667E-09	-1.12618026E-13	-9.19965992E-14	-6.20007185E-14	-3.25141211E-14
 3.750000E-01	 5.59508134E-09	 5.03638702E-09	 3.79802110E-09	 2.45063347E-09	-1.30873596E-13	-1.08793293E-13	-7.44877228E-14	-3.96402908E-14
 3.800000E-01	 6.42174839E-09	 5.82711002E-09	 4.42333369E-09	 2.86937867E-09	-1.51832009E-13	-1.28095781E-13	-8.88784360E-14	-4.79313098E-14
 3.850000E-01	 7.35357374E-09	 6.72391817E-09	 5.13647933E-09	 3.34889278E-09	-1.75766772E-13	-1.49997410E-13	-1.05289466E-13	-5.75843883E-14
 3.900000E-01	 8.40012972E-09	 7.73734238E-09	 5.94684723E-09	 3.89606559E-09	-2.02791549E-13	-1.74693553E-13	-1.24060653E-13	-6.89421496E-14
 3.950000E-01	 9.57158238E-09	 8.87880490E-09	 6.86484352E-09	 4.51846227E-09	-2.33001296E-13	-2.02718605E-13	-1.45796909E-13	-8.23580773E-14
 4.000000E-01	 1.08763435E-08	 1.01584970E-08	 7.90025550E-09	 5.22328486E-09	-2.66762373E-13	-2.34694886E-13	-1.70875373E-13	-9.78927398E-14
 4.050000E-01	 1.23211998E-08	 1.15855480E-08	 9.06234863E-09	 6.01744548E-09	-3.04668717E-13	-2.70757624E-13	-1.99112283E-13	-1.15407786E-13
 4.100000E-01	 1.39170129E-08	 1.31733186E-08	 1.03638941E-08	 6.91018188E-09	-3.47211437E-13	-3.10740809E-13	-2.30326867E-13	-1.35007958E-13
 4.150000E-01	 1.56807990E-08	 1.49413656E-08	 1.18227831E-08	 7.91418536E-09	-3.94642780E-13	-3.54722896E-13	-2.64891587E-13	-1.57220247E-13
 4.200000E-01	 1.76301716E-08	 1.69104395E-08	 1.34583614E-08	 9.04322570E-09	-4.46892827E-13	-4.03234418E-13	-3.03826273E-13	-1.82931791E-13
 4.250000E-01	 1.97775212E-08	 1.90971741E-08	 1.52874397E-08	 1.03095357E-08	-5.03846940E-13	-4.57534820E-13	-3.48583323E-13	-2.12916282E-13
 4.300000E-01	 2.21331826E-08	 2.15171181E-08	 1.73266653E-08	 1.17253514E-08	-5.66346917E-13	-5.19024612E-13	-3.99780987E-13	-2.47025595E-13
 4.350000E-01	 2.47097926E-08	 2.41890750E-08	 1.95960366E-08	 1.33052177E-08	-6.35897125E-13	-5.87521063E-13	-4.56407379E-13	-2.84732805E-13
 4.400000E-01	 2.75221947E-08	 2.71353227E-08	 2.21193146E-08	 1.50663200E-08	-7.12767524E-13	-6.61860785E-13	-5.18047133E-13	-3.26872450E-13
 4.450000E-01	 3.05840405E-08	 3.03785876E-08	 2.49218586E-08	 1.70270317E-08	-7.96149138E-13	-7.42774596E-13	-5.86656185E-13	-3.75174595E-13
 4.500000E-01	 3.39033848E-08	 3.39378983E-08	 2.80274857E-08	 1.92047419E-08	-8.86571716E-13	-8.32460072E-13	-6.63812069E-13	-4.29832348E-13
 4.550000E-01	 3.74846268E-08	 3.78306872E-08	 3.14603083E-08	 2.16170410E-08	-9.85926876E-13	-9.31126422E-13	-7.48295688E-13	-4.89801423E-13
 4.600000E-01	 4.13276927E-08	 4.20720912E-08	 3.52443424E-08	 2.42813437E-08	-1.09469481E-12	-1.03703993E-12	-8.38838518E-13	-5.55495309E-13
 4.650000E-01	 4.54255716E-08	 4.66726325E-08	 3.94018763E-08	 2.72137143E-08	-1.21179279E-12	-1.15010845E-12	-9.36825019E-13	-6.28652799E-13
 4.700000E-01	 4.97702546E-08	 5.16445274E-08	 4.39589345E-08	 3.04324964E-08	-1.33749348E-12	-1.27216014E-12	-1.04377172E-12	-7.09679609E-13
 4.750000E-01	 5.43519867E-08	 5.70013335E-08	 4.89454784E-08	 3.39583306E-08	-1.47343841E-12	-1.40329371E-12	-1.15860958E-12	-7.97866581E-13
 4.800000E-01	 5.91548590E-08	 6.27542097E-08	 5.43930931E-08	 3.78126090E-08	-1.61959462E-12	-1.54178461E-12	-1.28061087E-12	-8.94451292E-13
 4.850000E-01	 6.41554839E-08	 6.89116268E-08	 6.03356244E-08	 4.20178438E-08	-1.77468522E-12	-1.68849578E-12	-1.41233806E-12	-1.00198029E-12
 4.900000E-01	 6.93292478E-08	 7.54872396E-08	 6.68170186E-08	 4.66030710E-08	-1.94072594E-12	-1.84669612E-12	-1.55508960E-12	-1.11975350E-12
 4.950000E-01	 7.46695002E-08	 8.25231746E-08	 7.39131445E-08	 5.16188061E-08	-2.12287186E-12	-2.01575441E-12	-1.70472819E-12	-1.24515446E-12
 5.000000E-01	 8.01655260E-08	 9.00701697E-08	 8.17177042E-08	 5.71274504E-08	-2.32189679E-12	-2.19091961E-12	-1.85882394E-12	-1.38130158E-12
 5.050000E-01	 8.57725531E-08	 9.81580286E-08	 9.03191577E-08	 6.31874188E-08	-2.53360847E-12	-2.37289030E-12	-2.02424547E-12	-1.53651029E-12
 5.100000E-01	 9.14280575E-08	 1.06816886E-07	 9.98218380E-08	 6.98675816E-08	-2.75880986E-12	-2.56934643E-12	-2.20843991E-12	-1.71390065E-12
 5.150000E-01	 9.70745222E-08	 1.16109086E-07	 1.10379043E-07	 7.72701755E-08	-3.00534043E-12	-2.78356213E-12	-2.40871603E-12	-1.91046830E-12
 5.200000E-01	 1.02638774E-07	 1.26114012E-07	 1.22185677E-07	 8.55252646E-08	-3.27817985E-12	-3.01101824E-12	-2.61982628E-12	-2.12813743E-12
 5.250000E-01	 1.07982894E-07	 1.36876742E-07	 1.35436900E-07	 9.47617144E-08	-3.57564700E-12	-3.24850590E-12	-2.84451708E-12	-2.37617244E-12
 5.300000E-01	 1.12906404E-07	 1.48416143E-07	 1.50340729E-07	 1.05115622E-07	-3.89646497E-12	-3.49863046E-12	-3.08976875E-12	-2.66314809E-12
 5.350000E-01	 1.17125499E-07	 1.60704210E-07	 1.67104678E-07	 1.16721378E-07	-4.24332792E-12	-3.76519236E-12	-3.35832532E-12	-2.99158501E-12
 5.400000E-01	 1.20281640E-07	 1.73681874E-07	 1.85957746E-07	 1.29726816E-07	-4.62390726E-12	-4.04974130E-12	-3.64490156E-12	-3.35714898E-12
 5.450000E-01	 1.21973575E-07	 1.87315733E-07	 2.07218580E-07	 1.44339525E-07	-5.04869821E-12	-4.34548006E-12	-3.93467546E-12	-3.75471286E-12
 5.500000E-01	 1.21697531E-07	 2.01536302E-07	 2.31250231E-07	 1.60795153E-07	-5.51740538E-12	-4.63574551E-12	-4.21727664E-12	-4.19517953E-12
 5.550000E-01	 1.18762005E-07	 2.16114696E-07	 2.58340197E-07	 1.79276436E-07	-6.01653418E-12	-4.91484204E-12	-4.50643787E-12	-4.70264291E-12
 5.600000E-01	 1.12357483E-07	 2.30755944E-07	 2.88798871E-07	 1.99978596E-07	-6.54870501E-12	-5.20006065E-12	-4.81619769E-12	-5.27621410E-12
 5.650000E-01	 1.01624360E-07	 2.45236475E-07	 3.23127446E-07	 2.23216831E-07	-7.14372705E-12	-5.49655092E-12	-5.11642636E-12	-5.88308228E-12
 5.700000E-01	 8.55463283E-08	 2.59264588E-07	 3.61892801E-07	 2.49340724E-07	-7.81746327E-12	-5.77128400E-12	-5.36029381E-12	-6.51627513E-12
 5.750000E-01	 6.29033382E-08	 2.72396344E-07	 4.05645459E-07	 2.78679809E-07	-8.55308208E-12	-5.99621189E-12	-5.55159669E-12	-7.21713321E-12
 5.800000E-01	 3.23300966E-08	 2.84213320E-07	 4.55165369E-07	 3.11702381E-07	-9.34649882E-12	-6.18723574E-12	-5.72425142E-12	-8.01153757E-12
 5.850000E-01	-7.74398617E-09	 2.94377336E-07	 5.11612921E-07	 3.49107254E-07	-1.02333580E-11	-6.36823262E-12	-5.86907970E-12	-8.87586519E-12
 5.900000E-01	-5.92352361E-08	 3.02379206E-07	 5.76269616E-07	 3.91649556E-07	-1.12542879E-11	-6.52894262E-12	-5.93633579E-12	-9.78511857E-12
 5.950000E-01	-1.24427344E-07	 3.07519033E-07	 6.50553724E-07	 4.40149808E-07	-1.24310157E-11	-6.63917748E-12	-5.88806349E-12	-1.07516776E-11
 6.000000E-01	-2.06048445E-07	 3.09124215E-07	 7.36464644E-07	 4.95767872E-07	-1.37772040E-11	-6.67246825E-12	-5.71765992E-12	-1.18237435E-11
 6.050000E-01	-3.07450200E-07	 3.06415162E-07	 8.36569113E-07	 5.59978881E-07	-1.53024739E-11	-6.61252473E-12	-5.44715022E-12	-1.30693690E-11
 6.100000E-01	-4.32695867E-07	 2.98277981E-07	 9.53778753E-07	 6.34423549E-07	-1.70220102E-11	-6.45915611E-12	-5.10574694E-12	-1.45394966E-11
 6.150000E-01	-5.86613098E-07	 2.83222962E-07	 1.09139954E-06	 7.20928843E-07	-1.89699127E-11	-6.21393016E-12	-4.69156497E-12	-1.62488816E-11
 6.200000E-01	-7.74866022E-07	 2.59360487E-07	 1.25323932E-06	 8.21565404E-07	-2.11865083E-11	-5.85640284E-12	-4.17326590E-12	-1.82097585E-11
 6.250000E-01	-1.00440250E-06	 2.24556507E-07	 1.44436077E-06	 9.39084638E-07	-2.37095429E-11	-5.34382908E-12	-3.52424678E-12	-2.04747206E-11
 6.300000E-01	-1.28373004E-06	 1.76193881E-07	 1.67108993E-06	 1.07688767E-06	-2.65586148E-11	-4.61235400E-12	-2.74665367E-12	-2.31504293E-11
 6.350000E-01	-1.62239725E-06	 1.10702934E-07	 1.93996421E-06	 1.23840652E-06	-2.97123088E-11	-3.60103575E-12	-1.90155030E-12	-2.63705308E-11
 6.400000E-01	-2.03145601E-06	 2.37128472E-08	 2.25859443E-06	 1.42764378E-06	-3.31560455E-11	-2.30224256E-12	-1.08354385E-12	-3.02191198E-11
 6.450000E-01	-2.52445637E-06	-8.99745306E-08	 2.63679603E-06	 1.64981130E-06	-3.69317818E-11	-7.26260194E-13	-3.16300436E-13	-3.47003552E-11
 6.500000E-01	-3.11680452E-06	-2.36948208E-07	 3.08541947E-06	 1.91071890E-06	-4.10712089E-11	 1.18726027E-12	 4.34505989E-13	-3.98458485E-11
 6.550000E-01	-3.82549795E-06	-4.25482443E-07	 3.61602805E-06	 2.21676736E-06	-4.55347130E-11	 3.52807286E-12	 1.11416958E-12	-4.57789194E-11
 6.600000E-01	-4.66969057E-06	-6.65839510E-07	 4.24144797E-06	 2.57544656E-06	-5.02726973E-11	 6.30402413E-12	 1.58947666E-12	-5.25679824E-11
 6.650000E-01	-5.67170202E-06	-9.70823638E-07	 4.97656642E-06	 2.99603016E-06	-5.52975507E-11	 9.49668771E-12	 1.82760118E-12	-6.01634224E-11
 6.700000E-01	-6.85763140E-06	-1.35646170E-06	 5.83864741E-06	 3.49003238E-06	-6.05958572E-11	 1.32170774E-11	 1.85820350E-12	-6.86289319E-11
 6.750000E-01	-8.25620349E-06	-1.84244067E-06	 6.84600635E-06	 4.07054479E-06	-6.60089943E-11	 1.76189429E-11	 1.49629384E-12	-7.82258415E-11
 6.800000E-01	-9.89911171E-06	-2.45296467E-06	 8.01791684E-06	 4.75263284E-06	-7.13692084E-11	 2.26391098E-11	 3.92613329E-13	-8.90418966E-11
 6.850000E-01	-1.18224376E-05	-3.21808627E-06	 9.37551428E-06	 5.55440656E-06	-7.67071600E-11	 2.80254091E-11	-1.55971230E-12	-1.00743928E-10
 6.900000E-01	-1.40662247E-05	-4.17440798E-06	 1.09411518E-05	 6.49676302E-06	-8.22080253E-11	 3.35922907E-11	-4.11649711E-12	-1.12838986E-10
 6.950000E-01	-1.66748995E-05	-5.36655052E-06	 1.27379344E-05	 7.60379330E-06	-8.80498024E-11	 3.94225009E-11	-6.83709308E-12	-1.25038575E-10
 7.000000E-01	-1.96984743E-05	-6.84937162E-06	 1.47899176E-05	 8.90369006E-06	-9.41433713E-11	 4.60400167E-11	-9.43865419E-12	-1.37715363E-10
 7.050000E-01	-2.31907713E-05	-8.68940642E-06	 1.71199030E-05	 1.04280846E-05	-9.99113819E-11	 5.40067719E-11	-1.25183163E-11	-1.51896956E-10
 7.100000E-01	-2.72086836E-05	-1.09662770E-05	 1.97481799E-05	 1.22117283E-05	-1.04839228E-10	 6.30108661E-11	-1.71776947E-11	-1.67835271E-10
 7.150000E-01	-3.18132463E-05	-1.37745532E-05	 2.26926912E-05	 1.42924688E-05	-1.09175463E-10	 7.23303745E-11	-2.32634004E-11	-1.84324170E-10
 7.200000E-01	-3.70695923E-05	-1.72262775E-05	 2.59677452E-05	 1.67107374E-05	-1.13178952E-10	 8.24501239E-11	-2.95645043E-11	-2.00889278E-10
 7.250000E-01	-4.30359702E-05	-2.14499535E-05	 2.95743061E-05	 1.95041947E-05	-1.16033829E-10	 9.44922181E-11	-3.63812345E-11	-2.18944973E-10
 7.300000E-01	-4.97576157E-05	-2.65894082E-05	 3.34947452E-05	 2.27037343E-05	-1.16936354E-10	 1.07801989E-10	-4.53782941E-11	-2.38711411E-10
 7.350000E-01	-5.72797326E-05	-3.28098167E-05	 3.77019359E-05	 2.63370366E-05	-1.16719766E-10	 1.20602128E-10	-5.59808304E-11	-2.57405994E-10
 7.400000E-01	-6.56376554E-05	-4.02963035E-05	 4.21505753E-05	 3.04218530E-05	-1.16435195E-10	 1.33409919E-10	-6.52764893E-11	-2.73310007E-10
 7.450000E-01	-7.48581185E-05	-4.92560992E-05	 4.67780047E-05	 3.49632909E-05	-1.15154273E-10	 1.48609040E-10	-7.27072618E-11	-2.88720722E-10
 7.500000E-01	-8.49777420E-05	-5.99309746E-05	 5.15161980E-05	 3.99580520E-05	-1.11458413E-10	 1.66252191E-10	-8.07728962E-11	-3.05461696E-10
 7.550000E-01	-9.59990969E-05	-7.25776857E-05	 5.62600242E-05	 4.53697255E-05	-1.05945851E-10	 1.84004734E-10	-8.99545414E-11	-3.20973292E-10
 7.600000E-01	-1.07872271E-04	-8.74552841E-05	 6.08572072E-05	 5.11140848E-05	-9.99863709E-11	 2.01445373E-10	-9.74686156E-11	-3.32460303E-10
 7.650000E-01	-1.20531030E-04	-1.04846390E-04	 6.51341691E-05	 5.70691755E-05	-9.32937122E-11	 2.20178731E-10	-1.02182267E-10	-3.40951677E-10
 7.700000E-01	-1.33894587E-04	-1.25058695E-04	 6.89006674E-05	 6.30669985E-05	-8.52593068E-11	 2.39210266E-10	-1.06230236E-10	-3.47359777E-10
 7.750000E-01	-1.47813379E-04	-1.48386171E-04	 7.19199634E-05	 6.88595536E-05	-7.76360393E-11	 2.54920091E-10	-1.09708845E-10	-3.48084812E-10
 7.800000E-01	-1.62161636E-04	-1.75182999E-04	 7.39700384E-05	 7.41535395E-05	-7.28723441E-11	 2.67241402E-10	-1.08455981E-10	-3.39882281E-10
 7.850000E-01	-1.76866197E-04	-2.05907487E-04	 7.48549225E-05	 7.86056310E-05	-7.04105913E-11	 2.80315785E-10	-1.00303074E-10	-3.25698119E-10
 7.900000E-01	-1.91582136E-04	-2.40827561E-04	 7.42357619E-05	 8.16622058E-05	-6.80874739E-11	 2.94788285E-10	-8.86941834E-11	-3.09592907E-10
 7.950000E-01	-2.05852047E-04	-2.80134212E-04	 7.17429001E-05	 8.26240070E-05	-6.63999128E-11	 3.05991288E-10	-7.71651420E-11	-2.90324401E-10
 8.000000E-01	-2.19243241E-04	-3.24086420E-04	 6.70476990E-05	 8.06843401E-05	-6.79755010E-11	 3.10172083E-10	-6.48578910E-11	-2.64076537E-10
 8.050000E-01	-2.31101973E-04	-3.72712599E-04	 5.97899706E-05	 7.48213161E-05	-7.43955309E-11	 3.06766799E-10	-4.97605294E-11	-2.29718086E-10
 8.100000E-01	-2.40711753E-04	-4.25958774E-04	 4.96831486E-05	 6.38663113E-05	-8.60702077E-11	 2.95565572E-10	-3.20997402E-11	-1.88746669E-10
 8.150000E-01	-2.47541893E-04	-4.84041927E-04	 3.66096835E-05	 4.65670867E-05	-1.04030653E-10	 2.75675510E-10	-1.23015439E-11	-1.41804771E-10
 8.200000E-01	-2.50777434E-04	-5.46760140E-04	 2.04824304E-05	 2.14146300E-05	-1.29833329E-10	 2.47882706E-10	 1.23300577E-11	-8.76672144E-11
 8.250000E-01	-2.49344536E-04	-6.13462325E-04	 1.27316939E-06	-1.33246909E-05	-1.62729706E-10	 2.16163665E-10	 4.43445818E-11	-2.85198093E-11
 8.300000E-01	-2.42381676E-04	-6.83998560E-04	-2.09255378E-05	-5.96040500E-05	-1.99421530E-10	 1.81058132E-10	 7.82313841E-11	 2.76998161E-11
 8.350000E-01	-2.28385764E-04	-7.57036482E-04	-4.59587739E-05	-1.19652347E-04	-2.39586263E-10	 1.33300340E-10	 1.03717073E-10	 7.67947690E-11
 8.400000E-01	-2.05801443E-04	-8.30991254E-04	-7.34229434E-05	-1.95776865E-04	-2.88866843E-10	 6.43901139E-11	 1.20348759E-10	 1.24610621E-10
 8.450000E-01	-1.73298784E-04	-9.04800048E-04	-1.02730113E-04	-2.90507544E-04	-3.51937402E-10	-2.24998898E-11	 1.37859058E-10	 1.76678579E-10
 8.500000E-01	-1.29137354E-04	-9.76113377E-04	-1.33056742E-04	-4.06284656E-04	-4.26949173E-10	-1.20617616E-10	 1.59815594E-10	 2.27301540E-10
 8.550000E-01	-7.15644779E-05	-1.04268212E-03	-1.63562839E-04	-5.45813140E-04	-5.11917915E-10	-2.31543618E-10	 1.79470892E-10	 2.67095551E-10
 8.600000E-01	 1.53105531E-06	-1.10217745E-03	-1.93602350E-04	-7.12468766E-04	-6.10977280E-10	-3.62300259E-10	 1.92620230E-10	 2.95468299E-10
 8.650000E-01	 9.32024937E-05	-1.14871698E-03	-2.22149108E-04	-9.08588333E-04	-7.28672231E-10	-5.13500971E-10	 2.04256813E-10	 3.16823251E-10
 8.700000E-01	 2.06987220E-04	-1.17553999E-03	-2.48151323E-04	-1.13625405E-03	-8.63258101E-10	-6.79034297E-10	 2.17917968E-10	 3.26345743E-10
 8.750000E-01	 3.47073228E-04	-1.17553538E-03	-2.70681900E-04	-1.39749672E-03	-1.01090342E-09	-8.60546660E-10	 2.21896082E-10	 3.07717800E-10
 8.800000E-01	 5.17917413E-04	-1.13823784E-03	-2.88187385E-04	-1.69066716E-03	-1.17788324E-09	-1.07254056E-09	 2.00900090E-10	 2.55567795E-10
 8.850000E-01	 7.24776373E-04	-1.05335883E-03	-2.99629773E-04	-2.01284427E-03	-1.38202013E-09	-1.32371275E-09	 1.65532676E-10	 1.91397075E-10
 8.900000E-01	 9.73994938E-04	-9.08787122E-04	-3.04114464E-04	-2.35721346E-03	-1.62626187E-09	-1.59652570E-09	 1.40432501E-10	 1.28031556E-10
 8.950000E-01	 1.27161490E-03	-6.89398738E-04	-2.99976120E-04	-2.70722867E-03	-1.88816123E-09	-1.86755644E-09	 1.15126632E-10	 3.28967807E-11
 9.000000E-01	 1.62446687E-03	-3.80980616E-04	-2.85220577E-04	-3.03844929E-03	-2.15482023E-09	-2.14616626E-09	 4.53791776E-11	-1.31307438E-10
 9.050000E-01	 2.03958894E-03	 2.77894809E-05	-2.57167853E-04	-3.31518864E-03	-2.44210435E-09	-2.46166098E-09	-8.93783753E-11	-3.49186600E-10
 9.100000E-01	 2.52047087E-03	 5.41050609E-04	-2.10944253E-04	-3.48531245E-03	-2.76599463E-09	-2.82359115E-09	-2.73730629E-10	-5.77065971E-10
 9.150000E-01	 3.06959428E-03	 1.14829237E-03	-1.44797471E-04	-3.48567355E-03	-3.12295002E-09	-3.21853968E-09	-4.90474395E-10	-7.94070036E-10
 9.200000E-01	 3.67925467E-03	 1.82225688E-03	-4.01539863E-05	-3.24038200E-03	-3.48544267E-09	-3.62600409E-09	-7.44971240E-10	-9.99815355E-10
 9.250000E-01	 4.34410112E-03	 2.51146567E-03	 1.07310167E-04	-2.68683391E-03	-3.81955440E-09	-4.01878297E-09	-1.02458403E-09	-1.19498631E-09
 9.300000E-01	 5.02063618E-03	 3.12335694E-03	 3.54687156E-04	-1.75109685E-03	-4.07250986E-09	-4.38240231E-09	-1.36439748E-09	-1.42237346E-09
 9.350000E-01	 5.63665509E-03	 3.58034518E-03	 8.06881765E-04	-4.69327011E-04	-4.21798685E-09	-4.75328046E-09	-1.81353383E-09	-1.70262289E-09
 9.400000E-01	 6.16568661E-03	 3.77610824E-03	 1.44472237E-03	 1.01849196E-03	-4.28282721E-09	-5.13568073E-09	-2.30430360E-09	-2.02581512E-09
 9.450000E-01	 6.57136724E-03	 3.53852270E-03	 2.24600024E-03	 2.58058714E-03	-4.27677654E-09	-5.40546540E-09	-2.68511322E-09	-2.47419732E-09
 9.500000E-01	 6.76444781E-03	 2.89524821E-03	 3.15040675E-03	 3.72066944E-03	-4.03083539E-09	-5.63200851E-09	-3.20353413E-09	-2.81329241E-09
 9.550000E-01	 6.29085897E-03	 1.89253515E-03	 4.48681780E-03	 4.46027967E-03	-3.85459923E-09	-5.35812806E-09	-3.42624571E-09	-3.36103554E-09
 9.600000E-01	 5.43177794E-03	 5.60378066E-04	 6.24420171E-03	 4.26091345E-03	-3.64477739E-09	-5.11238804E-09	-3.45606351E-09	-4.09731831E-09
 9.650000E-01	 3.55590191E-03	 1.30842609E-03	 6.65004481E-03	 4.95521645E-03	-3.35364753E-09	-4.04640490E-09	-3.29155895E-09	-3.74746802E-09
 9.700000E-01	 2.96684882E-03	 3.20840343E-03	 7.22773397E-03	 5.30485568E-03	-3.31381793E-09	-3.27300864E-09	-3.39340905E-09	-3.69747478E-09
 9.750000E-01	 1.06028366E-02	 1.39761022E-02	 3.34229680E-03	-1.25583862E-03	-3.77302795E-09	-2.37187933E-09	-3.18238726E-09	-2.57281968E-09
 9.800000E-01	 9.17412029E-02	 1.41793568E-02	-8.98326994E-02	-5.55941390E-03	-4.15980197E-09	 5.71139766E-10	-2.38788885E-09	-1.47120044E-09
 9.850000E-01	-2.86466117E-02	 9.54344317E-02	 1.03001074E-01	-1.11488897E-01	-3.47657008E-09	 2.07567026E-09	 2.62778584E-09	 4.07432388E-09
 9.900000E-01	-5.46763554E-01	 5.73487407E-01	 7.49221211E-01	-1.40095305E-01	-2.48489292E-08	-5.03998959E-09	 1.83046727E-08	 1.41802572E-08
 9.950000E-01	 1.99342682E+01	-4.40180837E+00	-2.15752914E+01	-4.96203266E+00	 4.10326620E-07	 3.02546449E-07	-2.91157529E-07	-4.16572508E-07
 1.000000E+00	 0.00000000E+00	 0.00000000E+00	 0.00000000E+00	 0.00000000E+00	 0.00000000E+00	 0.00000000E+00	 0.00000000E+00	 0.00000000E+00
