r	R 19/19	R 20/19	R 21/19	R 22/19	I 19/19	I 20/19	I 21/19	I 22/19
 0.000000E+00	 0.00000000E+00	 0.00000000E+00	 0.00000000E+00	 0.00000000E+00	 0.00000000E+00	 0.00000000E+00	 0.00000000E+00	 0.00000000E+00
 5.000000E-03	-5.69146701E-33	-4.14089687E-33	 2.38963640E-33	-2.76082553E-34	-1.15592510E-32	 1.32168129E-33	 6.11123622E-33	 6.10678067E-34
 1.000000E-02	-7.43340322E-32	-2.05074198E-31	 4.21665918E-32	 7.30142599E-32	-9.54548414E-32	 9.17138885E-32	 1.28396150E-31	-9.80025514E-33
 1.500000E-02	-4.61340572E-31	-3.18080451E-30	 7.11645967E-31	 1.37744253E-30	-1.43816656E-31	 1.67257349E-30	 2.29673147E-30	-3.16019370E-31
 2.000000E-02	-4.75093762E-30	-3.59352769E-29	 9.41864681E-30	 1.80560338E-29	-3.87724920E-30	 1.82373459E-29	 3.08220506E-29	-3.88683520E-30
 2.500000E-02	-5.78691562E-29	-3.65076012E-28	 8.48725662E-29	 1.57676253E-28	-1.30622735E-28	 1.61433710E-28	 3.33945206E-28	-3.08016766E-29
 3.000000E-02	-5.85078532E-28	-3.41587892E-27	 6.61548991E-28	 1.13332948E-27	-1.95748162E-27	 1.01454412E-27	 2.76140245E-27	-2.52908526E-29
 3.500000E-02	-4.47224170E-27	-2.68332411E-26	 3.20270098E-27	 6.15685955E-27	-1.99756677E-26	 3.63765986E-27	 1.78029670E-26	 8.06383758E-28
 4.000000E-02	-2.24856038E-26	-1.56661486E-25	 6.75132447E-27	 1.81512343E-26	-1.64407946E-25	-3.97181187E-27	 1.01176413E-25	 7.83464763E-27
 4.500000E-02	-7.27588291E-26	-7.13688672E-25	-2.44544792E-27	 1.93950714E-26	-1.09383120E-24	-1.74688302E-25	 4.76467312E-25	 5.69081805E-26
 5.000000E-02	-1.25494897E-25	-2.59518999E-24	-8.38646240E-26	-1.67576983E-25	-5.95920807E-24	-1.51181376E-24	 1.79711675E-24	 2.90890135E-25
 5.500000E-02	 5.94507529E-25	-6.57578202E-24	-4.76111801E-25	-1.52781164E-24	-2.66425222E-23	-9.18875521E-24	 4.83264671E-24	 9.75694967E-25
 6.000000E-02	 9.58375392E-24	 1.43042885E-25	-1.21444002E-24	-8.52288244E-24	-9.31512312E-23	-4.65583053E-23	 5.03636053E-24	 1.41235145E-24
 6.500000E-02	 7.77840712E-23	 1.23093160E-22	 8.34522675E-24	-3.65109500E-23	-1.99254333E-22	-2.06380813E-22	-3.28241754E-23	-5.87740990E-24
 7.000000E-02	 4.56271141E-22	 7.42578299E-22	 9.75729035E-23	-9.67713347E-23	 2.61455561E-22	-7.69611952E-22	-2.97855447E-22	-6.77977176E-23
 7.500000E-02	 2.01527511E-21	 2.73679575E-21	 4.96167635E-22	-1.17277159E-22	 4.76949034E-21	-2.27422323E-21	-1.44973263E-21	-3.86352593E-22
 8.000000E-02	 7.12291069E-21	 7.62521296E-21	 1.73164071E-21	 2.12860351E-22	 2.59121867E-20	-5.07776493E-21	-5.08243287E-21	-1.57204724E-21
 8.500000E-02	 2.13284116E-20	 1.67296081E-20	 4.53925455E-21	 1.72377790E-21	 9.95620824E-20	-7.21043695E-21	-1.43310163E-20	-5.15321311E-21
 9.000000E-02	 5.55295744E-20	 3.04745319E-20	 9.68845014E-21	 5.88021351E-21	 3.09014561E-19	 1.13624091E-21	-3.35621032E-20	-1.41223131E-20
 9.500000E-02	 1.29518589E-19	 4.88105217E-20	 1.79233423E-20	 1.50237912E-20	 8.31041785E-19	 5.00354166E-20	-6.74775824E-20	-3.39211619E-20
 1.000000E-01	 2.75979356E-19	 8.76568929E-20	 3.56995279E-20	 3.40449721E-20	 2.03021231E-18	 2.15426230E-19	-1.15872310E-19	-7.21670584E-20
 1.050000E-01	 5.56612068E-19	 2.11054200E-19	 9.08141368E-20	 7.66446099E-20	 4.74865013E-18	 6.87743009E-19	-1.50778173E-19	-1.30434380E-19
 1.100000E-01	 1.13607962E-18	 4.22275307E-19	 1.91216414E-19	 1.63403093E-19	 1.10510161E-17	 1.99129678E-18	-7.08599431E-20	-1.95191580E-19
 1.150000E-01	 2.32909274E-18	 5.22979332E-19	 2.48634253E-19	 2.96936515E-19	 2.48224747E-17	 5.29086638E-18	 3.92482870E-19	-2.15303716E-19
 1.200000E-01	 4.54295004E-18	 3.29559779E-19	 1.53140288E-19	 4.65834183E-19	 5.21139709E-17	 1.26615405E-17	 1.84619252E-18	-2.37540767E-20
 1.250000E-01	 8.38170495E-18	-1.68189957E-19	-1.64515017E-19	 6.68797447E-19	 1.03330286E-16	 2.78817347E-17	 5.53185981E-18	 7.86401338E-19
 1.300000E-01	 1.47830364E-17	-4.58752790E-19	-5.61780857E-19	 9.96654119E-19	 1.97256359E-16	 5.79389464E-17	 1.39341172E-17	 3.14186420E-18
 1.350000E-01	 2.54786702E-17	 9.57885323E-19	-4.32485316E-19	 1.76101356E-18	 3.70049332E-16	 1.16172246E-16	 3.22307036E-17	 9.24100662E-18
 1.400000E-01	 4.50846764E-17	 4.35371376E-18	-1.23377125E-19	 2.94059021E-18	 6.91882497E-16	 2.28838072E-16	 7.08844459E-17	 2.37228588E-17
 1.450000E-01	 8.23006289E-17	 7.95873023E-18	-1.72615806E-18	 3.68086596E-18	 1.27295774E-15	 4.39484975E-16	 1.48160137E-16	 5.50543530E-17
 1.500000E-01	 1.50361755E-16	 8.13019785E-18	-9.30023877E-18	 1.88132114E-18	 2.26719207E-15	 8.13656036E-16	 2.92912667E-16	 1.17043858E-16
 1.550000E-01	 2.65995434E-16	 1.87671390E-18	-2.79973940E-17	-5.71457604E-18	 3.87406235E-15	 1.44543790E-15	 5.45805406E-16	 2.28310618E-16
 1.600000E-01	 4.30537310E-16	 2.83373286E-17	-3.49835159E-17	-9.14144286E-18	 6.35725620E-15	 2.46142474E-15	 9.64520526E-16	 4.17347850E-16
 1.650000E-01	 6.48453725E-16	 1.69524287E-16	 2.47926689E-17	 1.90426386E-17	 1.03959745E-14	 4.14895077E-15	 1.68748716E-15	 7.60456677E-16
 1.700000E-01	 1.02931736E-15	 3.92340688E-16	 1.20311597E-16	 6.28416938E-17	 1.74563923E-14	 7.16108701E-15	 3.01793030E-15	 1.41563594E-15
 1.750000E-01	 1.73434123E-15	 5.51578993E-16	 1.26811577E-16	 5.10614848E-17	 2.90795184E-14	 1.23221019E-14	 5.33038072E-15	 2.56066536E-15
 1.800000E-01	 2.76181475E-15	 7.41374260E-16	 9.95170244E-17	 1.42254112E-18	 4.65482622E-14	 2.04357111E-14	 9.00740633E-15	 4.37867285E-15
 1.850000E-01	 4.08276140E-15	 1.31039182E-15	 2.95044494E-16	 4.27988741E-17	 7.29241605E-14	 3.30878182E-14	 1.48286617E-14	 7.27619265E-15
 1.900000E-01	 5.92856132E-15	 2.47423093E-15	 8.56371273E-16	 2.43551024E-16	 1.14361753E-13	 5.34352703E-14	 2.43351076E-14	 1.20411183E-14
 1.950000E-01	 8.70934296E-15	 4.35930146E-15	 1.84032500E-15	 6.19578209E-16	 1.79486036E-13	 8.61692089E-14	 3.98482817E-14	 1.98347965E-14
 2.000000E-01	 1.30590329E-14	 7.08543776E-15	 3.25508781E-15	 1.14902821E-15	 2.80159152E-13	 1.38034629E-13	 6.47801866E-14	 3.23437220E-14
 2.050000E-01	 1.98341083E-14	 1.07421102E-14	 5.04069246E-15	 1.76244303E-15	 4.31331986E-13	 2.18044444E-13	 1.03820620E-13	 5.18574411E-14
 2.100000E-01	 2.98568090E-14	 1.55329059E-14	 7.24395151E-15	 2.44874465E-15	 6.50933227E-13	 3.37750319E-13	 1.63185520E-13	 8.14152330E-14
 2.150000E-01	 4.39620044E-14	 2.17220491E-14	 9.96302176E-15	 3.21730841E-15	 9.61545965E-13	 5.12452648E-13	 2.51330420E-13	 1.25159317E-13
 2.200000E-01	 6.25966563E-14	 3.00675246E-14	 1.38628080E-14	 4.46691185E-15	 1.39093500E-12	 7.61749418E-13	 3.79434152E-13	 1.88636999E-13
 2.250000E-01	 8.60948063E-14	 4.16034161E-14	 2.00004094E-14	 6.90920661E-15	 1.97787065E-12	 1.11312345E-12	 5.63525072E-13	 2.80029113E-13
 2.300000E-01	 1.15787294E-13	 5.65482080E-14	 2.85086059E-14	 1.06642438E-14	 2.77420327E-12	 1.60422132E-12	 8.26040756E-13	 4.10965928E-13
 2.350000E-01	 1.53419605E-13	 7.48359037E-14	 3.91020575E-14	 1.55544099E-14	 3.83880728E-12	 2.28039035E-12	 1.19499196E-12	 5.96184996E-13
 2.400000E-01	 1.99850368E-13	 9.72042568E-14	 5.24949315E-14	 2.21208126E-14	 5.23899848E-12	 3.19584125E-12	 1.70509239E-12	 8.54497746E-13
 2.450000E-01	 2.55768144E-13	 1.24330735E-13	 6.95025361E-14	 3.10581267E-14	 7.05780525E-12	 4.41857687E-12	 2.40108762E-12	 1.21103668E-12
 2.500000E-01	 3.24055832E-13	 1.54837791E-13	 8.82940359E-14	 4.11010702E-14	 9.39185505E-12	 6.03130307E-12	 3.33885334E-12	 1.69769941E-12
 2.550000E-01	 4.03119709E-13	 1.89294665E-13	 1.10369248E-13	 5.35385349E-14	 1.23338897E-11	 8.12426017E-12	 4.58123815E-12	 2.34953620E-12
 2.600000E-01	 4.58567449E-13	 2.48302964E-13	 1.71034985E-13	 9.80021692E-14	 1.60169870E-11	 1.08170163E-11	 6.21100517E-12	 3.21447737E-12
 2.650000E-01	 4.53497750E-13	 3.55830439E-13	 3.15252288E-13	 2.14909596E-13	 2.08689631E-11	 1.44202362E-11	 8.43048234E-12	 4.41499633E-12
 2.700000E-01	 4.62521036E-13	 4.72143995E-13	 4.77543565E-13	 3.50921008E-13	 2.75447843E-11	 1.94354706E-11	 1.15719831E-11	 6.14974409E-12
 2.750000E-01	 5.85617838E-13	 5.36285849E-13	 5.48224430E-13	 4.09118277E-13	 3.61507074E-11	 2.60534005E-11	 1.57942504E-11	 8.51371999E-12
 2.800000E-01	 7.03102252E-13	 5.95536997E-13	 6.24016161E-13	 4.74640169E-13	 4.64410693E-11	 3.42028819E-11	 2.10931562E-11	 1.15138179E-11
 2.850000E-01	 6.33400780E-13	 7.31290509E-13	 8.82841692E-13	 7.14225428E-13	 5.91962009E-11	 4.44881635E-11	 2.78891884E-11	 1.54228398E-11
 2.900000E-01	 5.14567683E-13	 8.84361462E-13	 1.20910583E-12	 1.02473016E-12	 7.58693319E-11	 5.80725840E-11	 3.69912575E-11	 2.07505199E-11
 2.950000E-01	 5.87469000E-13	 9.48105044E-13	 1.36556011E-12	 1.17774829E-12	 9.67431361E-11	 7.53798073E-11	 4.87651174E-11	 2.77382137E-11
 3.000000E-01	 7.33602606E-13	 9.49384111E-13	 1.42685806E-12	 1.24179205E-12	 1.21374958E-10	 9.62655241E-11	 6.32008559E-11	 3.64077220E-11
 3.050000E-01	 7.18668822E-13	 9.53873912E-13	 1.58471292E-12	 1.40871857E-12	 1.50478853E-10	 1.21385601E-10	 8.08114114E-11	 4.71182278E-11
 3.100000E-01	 6.49232428E-13	 9.17563821E-13	 1.74038428E-12	 1.58107647E-12	 1.85374822E-10	 1.51914626E-10	 1.02485254E-10	 6.04696282E-11
 3.150000E-01	 7.42549019E-13	 7.68647160E-13	 1.69060643E-12	 1.54580129E-12	 2.26339211E-10	 1.88300655E-10	 1.28643643E-10	 7.67679586E-11
 3.200000E-01	 8.88787783E-13	 5.17031916E-13	 1.49264206E-12	 1.36130143E-12	 2.73078062E-10	 2.30510853E-10	 1.59368515E-10	 9.61099645E-11
 3.250000E-01	 8.49599453E-13	 1.90760669E-13	 1.30610576E-12	 1.20416387E-12	 3.26258113E-10	 2.79228740E-10	 1.95227223E-10	 1.18909250E-10
 3.300000E-01	 5.72221063E-13	-2.33589321E-13	 1.13746621E-12	 1.09324523E-12	 3.87138240E-10	 3.35654620E-10	 2.37164126E-10	 1.45825221E-10
 3.350000E-01	 3.18262932E-14	-7.95638792E-13	 9.56867379E-13	 1.01056460E-12	 4.56868560E-10	 4.00976718E-10	 2.86136826E-10	 1.77522627E-10
 3.400000E-01	-1.00991470E-12	-1.51498556E-12	 8.81805490E-13	 1.10979934E-12	 5.36910759E-10	 4.76677920E-10	 3.43327349E-10	 2.14816049E-10
 3.450000E-01	-2.81382089E-12	-2.41564238E-12	 1.05232312E-12	 1.57867522E-12	 6.29956444E-10	 5.65291013E-10	 4.10697797E-10	 2.59051535E-10
 3.500000E-01	-5.12689739E-12	-3.57402252E-12	 1.24987558E-12	 2.18233648E-12	 7.39448569E-10	 6.70138751E-10	 4.90853575E-10	 3.12006405E-10
 3.550000E-01	-7.73749139E-12	-5.06084943E-12	 1.27281231E-12	 2.69854006E-12	 8.67155808E-10	 7.93358385E-10	 5.85619817E-10	 3.74915906E-10
 3.600000E-01	-1.20745747E-11	-6.90875295E-12	 1.96357258E-12	 4.21055918E-12	 1.01535122E-09	 9.37523918E-10	 6.97165738E-10	 4.49250423E-10
 3.650000E-01	-1.98757943E-11	-9.27722631E-12	 4.25095087E-12	 7.98283192E-12	 1.19400631E-09	 1.11182823E-09	 8.32618861E-10	 5.39887900E-10
 3.700000E-01	-2.94660610E-11	-1.24092315E-11	 6.86184539E-12	 1.24856729E-11	 1.41666336E-09	 1.32908589E-09	 1.00206232E-09	 6.53773429E-10
 3.750000E-01	-3.78280738E-11	-1.63615404E-11	 7.82877139E-12	 1.51829019E-11	 1.68594511E-09	 1.59287597E-09	 1.20884549E-09	 7.93361398E-10
 3.800000E-01	-4.45168760E-11	-2.10674223E-11	 6.89438457E-12	 1.56792488E-11	 1.99847320E-09	 1.90125533E-09	 1.45209613E-09	 9.58275299E-10
 3.850000E-01	-5.06546263E-11	-2.65313349E-11	 4.72018935E-12	 1.48107322E-11	 2.35327235E-09	 2.25440649E-09	 1.73251805E-09	 1.14917712E-09
 3.900000E-01	-6.01987110E-11	-3.30743972E-11	 3.43207803E-12	 1.55209696E-11	 2.75237647E-09	 2.65509522E-09	 2.05274744E-09	 1.36805312E-09
 3.950000E-01	-7.71692396E-11	-4.13791625E-11	 4.84953264E-12	 2.05460310E-11	 3.21527839E-09	 3.12173763E-09	 2.42747204E-09	 1.62529039E-09
 4.000000E-01	-9.59821994E-11	-5.15566985E-11	 5.30656759E-12	 2.50460375E-11	 3.76703839E-09	 3.67883392E-09	 2.87656793E-09	 1.93494483E-09
 4.050000E-01	-1.07971125E-10	-6.29012797E-11	-2.71063846E-14	 2.21929583E-11	 4.40037695E-09	 4.32208989E-09	 3.39798191E-09	 2.29588386E-09
 4.100000E-01	-1.15037570E-10	-7.52818887E-11	-9.86197507E-12	 1.36282015E-11	 5.09283685E-09	 5.03249131E-09	 3.97791610E-09	 2.69876352E-09
 4.150000E-01	-1.24734838E-10	-8.94587945E-11	-2.01885920E-11	 5.09858723E-12	 5.84246545E-09	 5.81005220E-09	 4.61738248E-09	 3.14439143E-09
 4.200000E-01	-1.48995825E-10	-1.07310755E-10	-2.53721891E-11	 5.17108019E-12	 6.66405883E-09	 6.67056058E-09	 5.32989993E-09	 3.64232996E-09
 4.250000E-01	-1.97441805E-10	-1.31520045E-10	-2.21066006E-11	 1.97193613E-11	 7.61584673E-09	 7.67010281E-09	 6.16093172E-09	 4.22488299E-09
 4.300000E-01	-2.47406496E-10	-1.60471042E-10	-2.32346629E-11	 3.03167135E-11	 8.76454432E-09	 8.87598824E-09	 7.16640621E-09	 4.93181593E-09
 4.350000E-01	-2.69729125E-10	-1.89177759E-10	-4.22355490E-11	 1.58058127E-11	 1.00610700E-08	 1.02495862E-08	 8.31935007E-09	 5.74409020E-09
 4.400000E-01	-2.92549543E-10	-2.20715152E-10	-6.42803909E-11	-1.85463869E-12	 1.14214824E-08	 1.17154660E-08	 9.56183112E-09	 6.62069474E-09
 4.450000E-01	-3.58354665E-10	-2.63943272E-10	-7.13857686E-11	 6.78308246E-12	 1.29213716E-08	 1.33462924E-08	 1.09535178E-08	 7.60444111E-09
 4.500000E-01	-4.36448138E-10	-3.16406040E-10	-8.08324992E-11	 1.62540955E-11	 1.46834785E-08	 1.52658214E-08	 1.25981981E-08	 8.76953323E-09
 4.550000E-01	-4.76524366E-10	-3.68017961E-10	-1.14495521E-10	-9.52097575E-12	 1.66425941E-08	 1.74231322E-08	 1.44608584E-08	 1.00907387E-08
 4.600000E-01	-5.10031208E-10	-4.22972870E-10	-1.56327558E-10	-4.58416762E-11	 1.86735022E-08	 1.97043115E-08	 1.64530605E-08	 1.15044656E-08
 4.650000E-01	-5.91358150E-10	-4.94723057E-10	-1.85185924E-10	-5.56902788E-11	 2.08423404E-08	 2.21770760E-08	 1.86332787E-08	 1.30523031E-08
 4.700000E-01	-6.92436451E-10	-5.80907498E-10	-2.16876810E-10	-6.29601523E-11	 2.32715829E-08	 2.49717278E-08	 2.11152306E-08	 1.48150258E-08
 4.750000E-01	-7.66130238E-10	-6.70597171E-10	-2.70480597E-10	-1.01074158E-10	 2.58971711E-08	 2.80437260E-08	 2.38721451E-08	 1.67716605E-08
 4.800000E-01	-8.65226172E-10	-7.75854891E-10	-3.23538510E-10	-1.31002080E-10	 2.86156440E-08	 3.13054396E-08	 2.68397904E-08	 1.88738653E-08
 4.850000E-01	-1.06012336E-09	-9.20413747E-10	-3.54201379E-10	-1.07845821E-10	 3.15816338E-08	 3.49230009E-08	 3.01654970E-08	 2.12252732E-08
 4.900000E-01	-1.25756787E-09	-1.08564535E-09	-4.04682166E-10	-1.04828535E-10	 3.49895150E-08	 3.91189346E-08	 3.40531399E-08	 2.39690837E-08
 4.950000E-01	-1.33568399E-09	-1.23134015E-09	-5.13188583E-10	-2.02351043E-10	 3.85759780E-08	 4.36634157E-08	 3.83295548E-08	 2.69761652E-08
 5.000000E-01	-1.45725582E-09	-1.39964183E-09	-6.12301148E-10	-2.74505426E-10	 4.19953188E-08	 4.82254478E-08	 4.27267370E-08	 3.00488951E-08
 5.050000E-01	-1.85874008E-09	-1.68135759E-09	-6.35024025E-10	-1.65732694E-10	 4.56443147E-08	 5.32512585E-08	 4.76506068E-08	 3.34718888E-08
 5.100000E-01	-2.39914578E-09	-2.05469239E-09	-6.52475901E-10	 1.69884356E-12	 5.01096486E-08	 5.94449623E-08	 5.37649859E-08	 3.77109850E-08
 5.150000E-01	-2.82609580E-09	-2.43297241E-09	-7.43732270E-10	 5.20341888E-11	 5.51441511E-08	 6.66560808E-08	 6.10052779E-08	 4.27078652E-08
 5.200000E-01	-3.26401434E-09	-2.85432353E-09	-8.57604343E-10	 8.83382645E-11	 6.02686656E-08	 7.44678513E-08	 6.90647124E-08	 4.82302799E-08
 5.250000E-01	-3.96929831E-09	-3.43551776E-09	-9.30750375E-10	 2.83905061E-10	 6.56653483E-08	 8.32121475E-08	 7.83236082E-08	 5.45324031E-08
 5.300000E-01	-4.95143145E-09	-4.21491910E-09	-9.87370715E-10	 6.23827041E-10	 7.17070021E-08	 9.35163231E-08	 8.94829269E-08	 6.20888727E-08
 5.350000E-01	-6.09652015E-09	-5.17179047E-09	-1.07613133E-09	 1.01322580E-09	 7.84109898E-08	 1.05671421E-07	 1.02981802E-07	 7.11789797E-08
 5.400000E-01	-7.19876585E-09	-6.21788645E-09	-1.24858810E-09	 1.29508520E-09	 8.55187385E-08	 1.19710729E-07	 1.19064790E-07	 8.19370609E-08
 5.450000E-01	-8.09931438E-09	-7.25019188E-09	-1.51105232E-09	 1.37159716E-09	 9.21715906E-08	 1.34964306E-07	 1.37328340E-07	 9.40431777E-08
 5.500000E-01	-9.32856232E-09	-8.55279436E-09	-1.74105341E-09	 1.66358701E-09	 9.75340534E-08	 1.50734878E-07	 1.57314955E-07	 1.07134925E-07
 5.550000E-01	-1.15686192E-08	-1.06110026E-08	-1.88539389E-09	 2.62908771E-09	 1.02222150E-07	 1.68401635E-07	 1.80744727E-07	 1.22331975E-07
 5.600000E-01	-1.41197686E-08	-1.30794253E-08	-2.11155743E-09	 3.65195593E-09	 1.06729451E-07	 1.89696434E-07	 2.10013171E-07	 1.41192262E-07
 5.650000E-01	-1.58607636E-08	-1.51468173E-08	-2.47884745E-09	 3.92077570E-09	 1.09056948E-07	 2.12791344E-07	 2.43831673E-07	 1.62755598E-07
 5.700000E-01	-1.76385364E-08	-1.73254978E-08	-2.81345882E-09	 4.20608978E-09	 1.07040998E-07	 2.34964314E-07	 2.79609005E-07	 1.85169584E-07
 5.750000E-01	-2.10367582E-08	-2.09242142E-08	-3.08239652E-09	 5.69845736E-09	 1.00945972E-07	 2.57821017E-07	 3.19728807E-07	 2.09881263E-07
 5.800000E-01	-2.55862924E-08	-2.57176255E-08	-3.38523386E-09	 7.88003413E-09	 9.08163384E-08	 2.84137405E-07	 3.68693335E-07	 2.39696614E-07
 5.850000E-01	-2.99593918E-08	-3.05298893E-08	-3.64435130E-09	 9.68889023E-09	 7.45437262E-08	 3.12791341E-07	 4.26561065E-07	 2.74444745E-07
 5.900000E-01	-3.43333282E-08	-3.54132089E-08	-3.73985701E-09	 1.13685534E-08	 4.99274416E-08	 3.41413616E-07	 4.91455940E-07	 3.12652766E-07
 5.950000E-01	-3.96536354E-08	-4.12828080E-08	-3.68769376E-09	 1.37299204E-08	 1.54862725E-08	 3.69705965E-07	 5.64272197E-07	 3.54615442E-07
 6.000000E-01	-4.67448105E-08	-4.92167133E-08	-3.65056044E-09	 1.75036391E-08	-3.05561879E-08	 3.98333968E-07	 6.47773066E-07	 4.01754950E-07
 6.050000E-01	-5.64456469E-08	-6.05077482E-08	-3.87931250E-09	 2.34103658E-08	-9.11227203E-08	 4.28941560E-07	 7.47381271E-07	 4.57033763E-07
 6.100000E-01	-6.87826315E-08	-7.53375418E-08	-4.31241465E-09	 3.13311190E-08	-1.71142594E-07	 4.63224858E-07	 8.70591756E-07	 5.24545578E-07
 6.150000E-01	-8.33300736E-08	-9.31602743E-08	-4.64036866E-09	 4.08124253E-08	-2.76624169E-07	 5.00604635E-07	 1.02243599E-06	 6.06676599E-07
 6.200000E-01	-1.00564785E-07	-1.14670348E-07	-4.80765360E-09	 5.23355476E-08	-4.14258776E-07	 5.39722499E-07	 1.20753852E-06	 7.05359145E-07
 6.250000E-01	-1.21620759E-07	-1.41634604E-07	-4.98701038E-09	 6.70244990E-08	-5.92749476E-07	 5.79761816E-07	 1.43361154E-06	 8.24163771E-07
 6.300000E-01	-1.48232744E-07	-1.77219609E-07	-5.76962077E-09	 8.67330396E-08	-8.23894320E-07	 6.20027670E-07	 1.71192220E-06	 9.68422068E-07
 6.350000E-01	-1.82607469E-07	-2.25509473E-07	-7.85688109E-09	 1.13687906E-07	-1.12597624E-06	 6.60203756E-07	 2.06114346E-06	 1.14720312E-06
 6.400000E-01	-2.25416247E-07	-2.86745882E-07	-1.01614456E-08	 1.47946573E-07	-1.52455690E-06	 6.98456985E-07	 2.50582526E-06	 1.37244371E-06
 6.450000E-01	-2.76293600E-07	-3.58928338E-07	-1.07357801E-08	 1.88579196E-07	-2.04397799E-06	 7.28875469E-07	 3.06457764E-06	 1.65245676E-06
 6.500000E-01	-3.37569037E-07	-4.46828326E-07	-1.02931484E-08	 2.38437326E-07	-2.70901250E-06	 7.43936992E-07	 3.75542306E-06	 1.99483498E-06
 6.550000E-01	-4.13630584E-07	-5.59379232E-07	-1.05266618E-08	 3.02422490E-07	-3.55987986E-06	 7.35686424E-07	 4.61316393E-06	 2.41574184E-06
 6.600000E-01	-5.06672713E-07	-6.98178469E-07	-9.38410653E-09	 3.81491059E-07	-4.65090909E-06	 6.91958734E-07	 5.68423821E-06	 2.93762935E-06
 6.650000E-01	-6.17420531E-07	-8.61554726E-07	-3.70876900E-09	 4.74910675E-07	-6.03325162E-06	 5.94761623E-07	 7.00842285E-06	 3.58073932E-06
 6.700000E-01	-7.50968587E-07	-1.06337563E-06	 2.56822737E-09	 5.89684502E-07	-7.76151706E-06	 4.21634070E-07	 8.62757536E-06	 4.36756814E-06
 6.750000E-01	-9.16486051E-07	-1.32702676E-06	 3.08755217E-09	 7.37164325E-07	-9.93522697E-06	 1.41029508E-07	 1.06237648E-05	 5.34192696E-06
 6.800000E-01	-1.11796081E-06	-1.65201507E-06	 4.42570938E-09	 9.16527058E-07	-1.26918685E-05	-2.95497006E-07	 1.31067646E-05	 6.56487828E-06
 6.850000E-01	-1.35327328E-06	-2.02017237E-06	 1.98588960E-08	 1.11815283E-06	-1.61373398E-05	-9.48806225E-07	 1.61492585E-05	 8.08438329E-06
 6.900000E-01	-1.62285263E-06	-2.42864409E-06	 5.35797398E-08	 1.33958291E-06	-2.03507033E-05	-1.88797713E-06	 1.97961479E-05	 9.94068232E-06
 6.950000E-01	-1.93128189E-06	-2.89263749E-06	 1.00990386E-07	 1.58653259E-06	-2.54256377E-05	-3.19604797E-06	 2.41039472E-05	 1.21891813E-05
 7.000000E-01	-2.29260168E-06	-3.48398082E-06	 1.26460652E-07	 1.88807630E-06	-3.14898339E-05	-4.97715166E-06	 2.91538705E-05	 1.49056117E-05
 7.050000E-01	-2.73379675E-06	-4.30971913E-06	 8.37576793E-08	 2.28564288E-06	-3.88946546E-05	-7.41575069E-06	 3.51977927E-05	 1.82598827E-05
 7.100000E-01	-3.26453725E-06	-5.33202941E-06	 1.73397587E-08	 2.75802029E-06	-4.81674541E-05	-1.08078200E-05	 4.25995216E-05	 2.25078870E-05
 7.150000E-01	-3.86670661E-06	-6.42926819E-06	 3.05369094E-09	 3.24875227E-06	-5.95285771E-05	-1.54327081E-05	 5.14485484E-05	 2.78043353E-05
 7.200000E-01	-4.54608382E-06	-7.74272057E-06	-5.52370056E-08	 3.79954036E-06	-7.30438944E-05	-2.15493563E-05	 6.17007975E-05	 3.42441405E-05
 7.250000E-01	-5.34951420E-06	-9.56306463E-06	-3.16452451E-07	 4.50000795E-06	-8.94488935E-05	-2.97071653E-05	 7.37907146E-05	 4.21824399E-05
 7.300000E-01	-6.29889426E-06	-1.17507825E-05	-6.32348552E-07	 5.29093629E-06	-1.09901754E-04	-4.07961152E-05	 8.83818531E-05	 5.21761873E-05
 7.350000E-01	-7.35370159E-06	-1.39184499E-05	-7.37431772E-07	 6.03723045E-06	-1.34554222E-04	-5.54673142E-05	 1.05311011E-04	 6.44094591E-05
 7.400000E-01	-8.48261844E-06	-1.63777158E-05	-9.07854874E-07	 6.79400311E-06	-1.62967585E-04	-7.41199365E-05	 1.23969877E-04	 7.87824324E-05
 7.450000E-01	-9.73184596E-06	-1.98725521E-05	-1.65688292E-06	 7.70550011E-06	-1.96467895E-04	-9.80987039E-05	 1.44937281E-04	 9.58785176E-05
 7.500000E-01	-1.11681521E-05	-2.42504033E-05	-2.73693385E-06	 8.70518650E-06	-2.37523870E-04	-1.29796185E-04	 1.69348142E-04	 1.16788762E-04
 7.550000E-01	-1.27775010E-05	-2.88198879E-05	-3.56920314E-06	 9.62610054E-06	-2.86648545E-04	-1.70956134E-04	 1.96780312E-04	 1.41760387E-04
 7.600000E-01	-1.44639586E-05	-3.39194614E-05	-4.52465003E-06	 1.04335983E-05	-3.43224792E-04	-2.22752126E-04	 2.25987806E-04	 1.70398396E-04
 7.650000E-01	-1.61839571E-05	-4.04453167E-05	-6.33374366E-06	 1.11247793E-05	-4.08974999E-04	-2.88163290E-04	 2.57029356E-04	 2.03098750E-04
 7.700000E-01	-1.80777469E-05	-4.78821239E-05	-8.27354727E-06	 1.16673686E-05	-4.86695763E-04	-3.71769646E-04	 2.90154745E-04	 2.40523571E-04
 7.750000E-01	-2.02320357E-05	-5.49499809E-05	-9.08014732E-06	 1.20617513E-05	-5.75077423E-04	-4.75672622E-04	 3.22846369E-04	 2.81260002E-04
 7.800000E-01	-2.22241777E-05	-6.26346563E-05	-1.01135500E-05	 1.20023702E-05	-6.70514950E-04	-5.99815865E-04	 3.51452279E-04	 3.22449975E-04
 7.850000E-01	-2.35589575E-05	-7.32931280E-05	-1.38629831E-05	 1.08802052E-05	-7.76035647E-04	-7.50246668E-04	 3.75736403E-04	 3.63558097E-04
 7.900000E-01	-2.46102603E-05	-8.63287195E-05	-1.89966579E-05	 8.77215491E-06	-8.98251686E-04	-9.38700833E-04	 3.96082598E-04	 4.04717540E-04
 7.950000E-01	-2.60027955E-05	-9.92023254E-05	-2.23062341E-05	 6.31541812E-06	-1.03511249E-03	-1.17019020E-03	 4.07856316E-04	 4.41251394E-04
 8.000000E-01	-2.74583767E-05	-1.11680246E-04	-2.38784790E-05	 3.34228661E-06	-1.17896528E-03	-1.44335136E-03	 4.04339936E-04	 4.65131300E-04
 8.050000E-01	-2.83565034E-05	-1.24900740E-04	-2.53050945E-05	-8.68303796E-07	-1.32557178E-03	-1.76032954E-03	 3.80689604E-04	 4.68520561E-04
 8.100000E-01	-2.85801056E-05	-1.38748241E-04	-2.63473653E-05	-6.48014744E-06	-1.47137084E-03	-2.12479935E-03	 3.32318306E-04	 4.42368863E-04
 8.150000E-01	-2.78513172E-05	-1.52782302E-04	-2.67411999E-05	-1.37805974E-05	-1.60983769E-03	-2.53649369E-03	 2.54067577E-04	 3.75381790E-04
 8.200000E-01	-2.33211659E-05	-1.68675680E-04	-3.10141162E-05	-2.65078399E-05	-1.73508040E-03	-2.99549736E-03	 1.41898310E-04	 2.55282055E-04
 8.250000E-01	-1.16200456E-05	-1.88728103E-04	-4.36826351E-05	-4.95747308E-05	-1.85386888E-03	-3.52771427E-03	-6.98770063E-06	 6.80779064E-05
 8.300000E-01	 1.30378481E-06	-2.09630447E-04	-5.30945333E-05	-7.59109493E-05	-1.97264236E-03	-4.17361876E-03	-2.00983913E-04	-2.11318666E-04
 8.350000E-01	 5.56168679E-06	-2.24734438E-04	-4.34587554E-05	-9.22605033E-05	-2.05683085E-03	-4.89571651E-03	-4.50058136E-04	-6.13608683E-04
 8.400000E-01	 9.17342062E-06	-2.33765463E-04	-2.60496796E-05	-1.07301246E-04	-2.05992934E-03	-5.60100084E-03	-7.49514944E-04	-1.15085650E-03
 8.450000E-01	 2.90657891E-05	-2.40262097E-04	-2.00881457E-05	-1.41632049E-04	-1.98313602E-03	-6.29722776E-03	-1.09346726E-03	-1.83892240E-03
 8.500000E-01	 6.01569086E-05	-2.44074445E-04	-1.64835296E-05	-1.89934984E-04	-1.83614910E-03	-7.05233349E-03	-1.49043994E-03	-2.72596026E-03
 8.550000E-01	 8.68576609E-05	-2.42761163E-04	 7.50512796E-07	-2.34050343E-04	-1.58800920E-03	-7.82350347E-03	-1.93822750E-03	-3.84201164E-03
 8.600000E-01	 1.18882217E-04	-2.30166814E-04	 2.58504549E-05	-2.82317790E-04	-1.20451226E-03	-8.51097795E-03	-2.41680542E-03	-5.17774357E-03
 8.650000E-01	 1.76511854E-04	-1.98074865E-04	 5.25667360E-05	-3.53294084E-04	-6.71619794E-04	-9.12523573E-03	-2.92581515E-03	-6.77505617E-03
 8.700000E-01	 2.37657487E-04	-1.57739785E-04	 8.88427480E-05	-4.29744684E-04	 4.71234120E-05	-9.70007645E-03	-3.48084027E-03	-8.73447759E-03
 8.750000E-01	 2.64350180E-04	-1.29226893E-04	 1.30191417E-04	-4.83026666E-04	 9.98687111E-04	-1.00349145E-02	-4.03460684E-03	-1.09776463E-02
 8.800000E-01	 3.12415806E-04	-6.32456215E-05	 1.80964725E-04	-5.37938211E-04	 2.16585464E-03	-9.88229529E-03	-4.50095258E-03	-1.32475825E-02
 8.850000E-01	 4.79916838E-04	 1.29198749E-04	 2.93861464E-04	-6.32017134E-04	 3.59614278E-03	-9.42522710E-03	-4.94089954E-03	-1.57510476E-02
 8.900000E-01	 6.86717467E-04	 3.66323051E-04	 4.38478160E-04	-7.41781220E-04	 5.54892631E-03	-8.85103091E-03	-5.48132912E-03	-1.90774069E-02
 8.950000E-01	 7.58803719E-04	 4.50949926E-04	 4.49408706E-04	-8.37879418E-04	 8.06069100E-03	-7.64779819E-03	-5.95190623E-03	-2.27184736E-02
 9.000000E-01	 7.64023693E-04	 4.64531379E-04	 3.54567277E-04	-9.05940317E-04	 1.06995483E-02	-5.36876545E-03	-6.05302162E-03	-2.52619338E-02
 9.050000E-01	 9.21479118E-04	 7.05967042E-04	 4.29762806E-04	-8.89088999E-04	 1.34152415E-02	-2.30953981E-03	-5.83952933E-03	-2.66397024E-02
 9.100000E-01	 1.25008743E-03	 1.21683305E-03	 7.46361774E-04	-7.46808874E-04	 1.68146133E-02	 1.36137097E-03	-5.48655511E-03	-2.77270002E-02
 9.150000E-01	 1.63484952E-03	 1.80912815E-03	 1.12234668E-03	-4.93552645E-04	 2.13565926E-02	 5.91345449E-03	-4.94450576E-03	-2.84171962E-02
 9.200000E-01	 2.01162018E-03	 2.26694181E-03	 1.28167702E-03	-2.83127642E-04	 2.71534491E-02	 1.15300000E-02	-3.92609959E-03	-2.77336097E-02
 9.250000E-01	 2.33119242E-03	 2.34063150E-03	 9.32253926E-04	-3.24502957E-04	 3.35986782E-02	 1.77894988E-02	-2.14609121E-03	-2.40974432E-02
 9.300000E-01	 2.56425837E-03	 2.22829540E-03	 5.48637730E-04	-2.27671433E-04	 3.90076701E-02	 2.31611662E-02	 8.02070352E-04	-1.63063282E-02
 9.350000E-01	 2.79984969E-03	 2.56192380E-03	 1.01094026E-03	 6.48044843E-04	 4.36564297E-02	 2.72413451E-02	 5.41379869E-03	-5.71949055E-03
 9.400000E-01	 3.18927643E-03	 3.16162815E-03	 1.80121788E-03	 1.77232978E-03	 5.02816596E-02	 3.10034310E-02	 1.22234309E-02	 6.99064352E-03
 9.450000E-01	 3.64016991E-03	 3.22609890E-03	 2.01320235E-03	 2.00878734E-03	 5.81632659E-02	 3.24684830E-02	 2.16930970E-02	 2.27455902E-02
 9.500000E-01	 3.78347603E-03	 2.54933275E-03	 1.74725011E-03	 1.52418035E-03	 6.32623480E-02	 3.00984229E-02	 3.28298819E-02	 3.60023163E-02
 9.550000E-01	 3.21210632E-03	 1.33499183E-03	 1.83454424E-03	 2.02800337E-03	 6.15346051E-02	 2.38642878E-02	 4.80134959E-02	 4.53359688E-02
 9.600000E-01	 2.10063989E-03	 2.99385963E-03	 4.74496392E-03	 3.39930802E-03	 5.93426774E-02	 1.20011119E-02	 6.80880774E-02	 4.66078163E-02
 9.650000E-01	-1.32081795E-03	 1.71720313E-04	 6.33012695E-03	 9.01882120E-03	 4.96655393E-02	 2.14555741E-02	 7.74639769E-02	 5.71059485E-02
 9.700000E-01	 7.32621286E-03	 2.27802628E-02	 1.36771537E-02	-6.61908130E-03	 3.66305065E-02	 2.67071309E-02	 8.49861879E-02	 7.23277685E-02
 9.750000E-01	-2.96484208E-02	 1.54433408E-01	 1.73409970E-01	-2.07324300E-02	 6.24867673E-02	 1.16591391E-01	 3.97434185E-02	-3.70726792E-02
 9.800000E-01	 4.58804087E-01	 6.10084062E-01	-2.74857817E-01	-5.38483098E-01	 1.43317413E+00	 1.71624271E+00	-8.22875893E-01	-1.40785338E+00
 9.850000E-01	-3.19300289E-01	-4.54542642E-01	-1.15066450E-01	 1.99731197E-01	 4.38127282E-01	-9.44885434E-01	-1.32119567E-01	 5.66140917E-01
 9.900000E-01	 2.58983077E-01	 2.54247784E-02	-9.41242533E-02	 2.96355017E-02	-5.42503410E-01	 5.65593725E-01	 2.63640488E-01	 1.48738470E-01
 9.950000E-01	 4.76148174E-01	 4.11809477E-01	 4.55520801E-02	 2.23399615E-01	-3.26092529E-01	 6.49016540E-01	 3.79945645E-01	 4.30208325E-01
 1.000000E+00	 5.48536537E-01	 5.40604371E-01	 9.21108561E-02	 2.87987650E-01	-2.53955571E-01	 6.76824144E-01	 4.18714029E-01	 5.24031607E-01
