r	R 19/19	R 20/19	R 21/19	R 22/19	I 19/19	I 20/19	I 21/19	I 22/19
 0.000000E+00	 0.00000000E+00	 0.00000000E+00	 0.00000000E+00	 0.00000000E+00	 0.00000000E+00	 0.00000000E+00	 0.00000000E+00	 0.00000000E+00
 5.000000E-03	-4.40477446E-36	-5.11012780E-37	 1.15428464E-36	 8.67053821E-37	 4.58314748E-33	-1.35001523E-34	-1.43762709E-33	-4.35859040E-33
 1.000000E-02	-1.97119826E-34	-3.89621060E-35	-6.92972906E-35	 4.69393025E-35	 1.13088499E-31	 1.57284404E-31	 1.75493146E-31	-8.75419391E-32
 1.500000E-02	-2.33399130E-33	-1.36513467E-33	-2.84693178E-33	 7.90937005E-34	-2.77116175E-30	 4.09053600E-30	 5.56644348E-30	 1.89986103E-30
 2.000000E-02	 3.18725378E-33	-2.23423416E-32	-4.10174348E-32	 3.78738136E-33	-1.17461660E-28	 1.21087934E-29	 4.54391330E-29	 8.14194481E-29
 2.500000E-02	 3.04074541E-31	-1.74875059E-31	-2.63686659E-31	-2.13557371E-32	-1.48887391E-27	-8.82707714E-28	-4.23677741E-28	 1.23782295E-27
 3.000000E-02	 2.94739087E-30	-6.82606455E-31	-3.70320490E-31	-1.44955142E-31	-5.78744467E-27	-1.80484970E-26	-1.37353196E-26	 1.12191053E-26
 3.500000E-02	 1.31041760E-29	-1.97559454E-30	 6.00541723E-30	 1.64134323E-30	 7.74033389E-26	-1.96164020E-25	-1.68843630E-25	 6.91229396E-26
 4.000000E-02	 9.00516744E-30	-1.78644990E-29	 5.54154004E-29	 2.52818422E-29	 1.54270945E-24	-1.47884294E-24	-1.38229933E-24	 2.98485512E-25
 4.500000E-02	-3.02167690E-28	-2.03027580E-28	 2.64430833E-28	 1.79003834E-28	 1.51103724E-23	-8.50476579E-24	-8.63891721E-24	 8.20534304E-25
 5.000000E-02	-2.51614069E-27	-1.59808054E-27	 6.53535437E-28	 8.61579283E-28	 1.06496975E-22	-3.91140471E-23	-4.39622558E-23	 3.58437241E-25
 5.500000E-02	-1.13367302E-26	-9.21420950E-27	-1.39300405E-27	 2.81880437E-27	 6.01537772E-22	-1.47076974E-22	-1.89304873E-22	-1.13152228E-23
 6.000000E-02	-2.62549305E-26	-4.14186418E-26	-2.54278905E-26	 4.30566834E-27	 2.87063487E-21	-4.51582187E-22	-7.07489213E-22	-8.22900002E-23
 6.500000E-02	 3.40496361E-26	-1.51150424E-25	-1.52409866E-25	-1.37009030E-26	 1.19549475E-20	-1.08295311E-21	-2.33494823E-21	-3.87214542E-22
 7.000000E-02	 6.43256757E-25	-4.50713849E-25	-6.16826700E-25	-1.31669748E-25	 4.44302513E-20	-1.63947239E-21	-6.88361152E-21	-1.45467164E-21
 7.500000E-02	 3.60563121E-24	-1.07753398E-24	-1.95196704E-24	-5.87424739E-25	 1.49814185E-19	 1.17973484E-21	-1.82426164E-20	-4.65743899E-21
 8.000000E-02	 1.43953891E-23	-1.92424476E-24	-5.12309063E-24	-1.93680240E-24	 4.64223664E-19	 2.14629164E-20	-4.34859617E-20	-1.30734167E-20
 8.500000E-02	 4.73418125E-23	-1.60922394E-24	-1.15667005E-23	-5.31695739E-24	 1.33549088E-18	 1.06552633E-19	-9.25078112E-20	-3.25504702E-20
 9.000000E-02	 1.36568219E-22	 5.51336280E-24	-2.29512547E-23	-1.28988810E-23	 3.59685017E-18	 3.94260569E-19	-1.71309395E-19	-7.18167656E-20
 9.500000E-02	 3.58925125E-22	 3.75696287E-23	-4.05996933E-23	-2.90533799E-23	 9.13258920E-18	 1.24636818E-18	-2.56774251E-19	-1.37850509E-19
 1.000000E-01	 8.81755961E-22	 1.44417511E-22	-6.27460114E-23	-6.18309262E-23	 2.19892820E-17	 3.53849388E-18	-2.26266706E-19	-2.16813271E-19
 1.050000E-01	 2.04611207E-21	 4.38989196E-22	-6.64264104E-23	-1.16855703E-22	 5.04624942E-17	 9.25240874E-18	 3.11201690E-19	-2.19002322E-19
 1.100000E-01	 4.47736389E-21	 1.14883894E-21	 3.54786703E-23	-1.78862313E-22	 1.10858566E-16	 2.26248159E-17	 2.38132033E-18	 1.55544125E-19
 1.150000E-01	 9.24198591E-21	 2.72556623E-21	 4.45586517E-22	-1.93643221E-22	 2.34034916E-16	 5.22767628E-17	 8.38194904E-18	 1.71145500E-18
 1.200000E-01	 1.81224753E-20	 6.03567733E-21	 1.56236716E-21	-3.68280085E-23	 4.76395678E-16	 1.15004433E-16	 2.34807603E-17	 6.35282734E-18
 1.250000E-01	 3.40452105E-20	 1.26620730E-20	 4.14697708E-21	 5.62012459E-22	 9.37782770E-16	 2.42280930E-16	 5.81318349E-17	 1.82079073E-17
 1.300000E-01	 6.16936677E-20	 2.53588811E-20	 9.61670747E-21	 2.18189610E-21	 1.78980244E-15	 4.91060915E-16	 1.32414387E-16	 4.56393693E-17
 1.350000E-01	 1.08221128E-19	 4.84759027E-20	 2.05903479E-20	 6.12778664E-21	 3.31953615E-15	 9.61234856E-16	 2.83241103E-16	 1.04667490E-16
 1.400000E-01	 1.83702953E-19	 8.83159861E-20	 4.16343054E-20	 1.50725657E-20	 5.99536136E-15	 1.82311556E-15	 5.75960444E-16	 2.24557222E-16
 1.450000E-01	 3.01318122E-19	 1.53574517E-19	 8.00045523E-20	 3.38002817E-20	 1.05638039E-14	 3.35972881E-15	 1.12253177E-15	 4.56603622E-16
 1.500000E-01	 4.77438250E-19	 2.55960611E-19	 1.46434723E-19	 7.00049593E-20	 1.81886193E-14	 6.03041482E-15	 2.10931963E-15	 8.87493563E-16
 1.550000E-01	 7.33489347E-19	 4.14151671E-19	 2.55368528E-19	 1.33599962E-19	 3.06477026E-14	 1.05649882E-14	 3.83878268E-15	 1.65908745E-15
 1.600000E-01	 1.10360517E-18	 6.58950637E-19	 4.25696559E-19	 2.37262698E-19	 5.06057734E-14	 1.81005264E-14	 6.79105594E-15	 2.99707015E-15
 1.650000E-01	 1.63803066E-18	 1.02131353E-18	 6.85549667E-19	 4.07396566E-19	 8.19834739E-14	 3.03763616E-14	 1.17136426E-14	 5.25175682E-15
 1.700000E-01	 2.38411351E-18	 1.51263992E-18	 1.07505341E-18	 6.92746607E-19	 1.30447549E-13	 5.00075240E-14	 1.97504507E-14	 8.95559236E-15
 1.750000E-01	 3.37668359E-18	 2.14776886E-18	 1.63511298E-18	 1.14348158E-18	 2.04046608E-13	 8.08604436E-14	 3.26246981E-14	 1.49034433E-14
 1.800000E-01	 4.68499091E-18	 2.98516639E-18	 2.39436898E-18	 1.79052184E-18	 3.14038450E-13	 1.28565516E-13	 5.28957369E-14	 2.42648219E-14
 1.850000E-01	 6.45970382E-18	 4.10135573E-18	 3.37551850E-18	 2.66964211E-18	 4.75934287E-13	 2.01202771E-13	 8.43178713E-14	 3.87413101E-14
 1.900000E-01	 8.91996269E-18	 5.54554741E-18	 4.60287081E-18	 3.84216936E-18	 7.10757080E-13	 3.10190966E-13	 1.32331381E-13	 6.07859111E-14
 1.950000E-01	 1.23509133E-17	 7.34546962E-18	 6.08495679E-18	 5.37106141E-18	 1.04656312E-12	 4.71426224E-13	 2.04719963E-13	 9.39067018E-14
 2.000000E-01	 1.71449617E-17	 9.52991172E-18	 7.79182573E-18	 7.28931395E-18	 1.52025392E-12	 7.06715664E-13	 3.12479685E-13	 1.43084836E-13
 2.050000E-01	 2.38513690E-17	 1.21704295E-17	 9.65249791E-18	 9.57137778E-18	 2.17965081E-12	 1.04553156E-12	 4.70944432E-13	 2.15342506E-13
 2.100000E-01	 3.32496828E-17	 1.54456086E-17	 1.15675934E-17	 1.21080453E-17	 3.08579767E-12	 1.52710104E-12	 7.01204942E-13	 3.20499096E-13
 2.150000E-01	 4.64527491E-17	 1.97503406E-17	 1.34461401E-17	 1.46790766E-17	 4.31556704E-12	 2.20288274E-12	 1.03186065E-12	 4.72157901E-13
 2.200000E-01	 6.50560023E-17	 2.58350567E-17	 1.52720497E-17	 1.69480414E-17	 5.96452818E-12	 3.13943828E-12	 1.50114888E-12	 6.88970882E-13
 2.250000E-01	 9.12635455E-17	 3.47797507E-17	 1.71593351E-17	 1.85549639E-17	 8.14996640E-12	 4.42165728E-12	 2.15946433E-12	 9.96217858E-13
 2.300000E-01	 1.27892185E-16	 4.79418355E-17	 1.94025839E-17	 1.91950805E-17	 1.10141404E-11	 6.15635976E-12	 3.07226670E-12	 1.42772218E-12
 2.350000E-01	 1.78434797E-16	 6.72534851E-17	 2.26041275E-17	 1.85642133E-17	 1.47277642E-11	 8.47626387E-12	 4.32337736E-12	 2.02811542E-12
 2.400000E-01	 2.47291328E-16	 9.55574694E-17	 2.78471162E-17	 1.63998404E-17	 1.94934399E-11	 1.15441588E-11	 6.01860505E-12	 2.85543121E-12
 2.450000E-01	 3.39911778E-16	 1.36321544E-16	 3.66937278E-17	 1.27913327E-17	 2.55492409E-11	 1.55573088E-11	 8.28963293E-12	 3.98397830E-12
 2.500000E-01	 4.62626679E-16	 1.93700154E-16	 5.13977137E-17	 8.32571086E-18	 3.31725713E-11	 2.07521326E-11	 1.12981462E-11	 5.50744074E-12
 2.550000E-01	 6.22762942E-16	 2.76625570E-16	 7.71735511E-17	 3.53745986E-18	 4.26839272E-11	 2.74089482E-11	 1.52401042E-11	 7.54211746E-12
 2.600000E-01	 8.30793268E-16	 4.02398563E-16	 1.24378882E-16	-2.86444440E-19	 5.44514405E-11	 3.58571778E-11	 2.03502264E-11	 1.02302643E-11
 2.650000E-01	 1.10174423E-15	 5.82768683E-16	 2.01598225E-16	 3.02169307E-18	 6.88964492E-11	 4.64812718E-11	 2.69069208E-11	 1.37436074E-11
 2.700000E-01	 1.44857278E-15	 8.08026077E-16	 3.06725945E-16	 2.40268088E-17	 8.64987678E-11	 5.97265677E-11	 3.52373835E-11	 1.82869255E-11
 2.750000E-01	 1.87638859E-15	 1.07563671E-15	 4.41233457E-16	 6.78298479E-17	 1.07802645E-10	 7.61054024E-11	 4.57228744E-11	 2.41016786E-11
 2.800000E-01	 2.39458282E-15	 1.42706542E-15	 6.30652900E-16	 1.33367695E-16	 1.33423243E-10	 9.62035659E-11	 5.88042368E-11	 3.14696557E-11
 2.850000E-01	 3.02956838E-15	 1.90522604E-15	 9.01756388E-16	 2.28491787E-16	 1.64052618E-10	 1.20686604E-10	 7.49874558E-11	 4.07166123E-11
 2.900000E-01	 3.81053949E-15	 2.49484988E-15	 1.24724964E-15	 3.70545083E-16	 2.00466897E-10	 1.50307433E-10	 9.48504553E-11	 5.22168214E-11
 2.950000E-01	 4.75159078E-15	 3.17182703E-15	 1.65363587E-15	 5.67185600E-16	 2.43530788E-10	 1.85911576E-10	 1.19048535E-10	 6.63973350E-11
 3.000000E-01	 5.86533173E-15	 3.97828691E-15	 2.14780720E-15	 8.15169338E-16	 2.94210150E-10	 2.28445662E-10	 1.48320587E-10	 8.37429610E-11
 3.050000E-01	 7.18413783E-15	 4.97713698E-15	 2.76869538E-15	 1.11807655E-15	 3.53596090E-10	 2.78974630E-10	 1.83500228E-10	 1.04804197E-10
 3.100000E-01	 8.75258246E-15	 6.17757633E-15	 3.51727522E-15	 1.48612773E-15	 4.22917454E-10	 3.38693448E-10	 2.25523549E-10	 1.30203727E-10
 3.150000E-01	 1.06094911E-14	 7.57692653E-15	 4.38549149E-15	 1.92367440E-15	 5.03564453E-10	 4.08946897E-10	 2.75440212E-10	 1.60644994E-10
 3.200000E-01	 1.27923065E-14	 9.23127185E-15	 5.40845203E-15	 2.43466482E-15	 5.97111311E-10	 4.91247472E-10	 3.34421635E-10	 1.96918312E-10
 3.250000E-01	 1.53528060E-14	 1.12271371E-14	 6.64500030E-15	 3.03567156E-15	 7.05321715E-10	 5.87282873E-10	 4.03763672E-10	 2.39902046E-10
 3.300000E-01	 1.83570728E-14	 1.36281120E-14	 8.13877050E-15	 3.75515729E-15	 8.30169771E-10	 6.98941059E-10	 4.84906497E-10	 2.90571966E-10
 3.350000E-01	 2.18727224E-14	 1.64955481E-14	 9.93857937E-15	 4.63048190E-15	 9.73843708E-10	 8.28324488E-10	 5.79456601E-10	 3.50010416E-10
 3.400000E-01	 2.59674290E-14	 1.99231448E-14	 1.21284425E-14	 5.71249914E-15	 1.13874220E-09	 9.77754586E-10	 6.89210800E-10	 4.19415041E-10
 3.450000E-01	 3.07278238E-14	 2.39878736E-14	 1.47789867E-14	 7.05597694E-15	 1.32746674E-09	 1.14977504E-09	 8.16187564E-10	 5.00111551E-10
 3.500000E-01	 3.62580114E-14	 2.87010871E-14	 1.79038523E-14	 8.69899385E-15	 1.54281875E-09	 1.34717206E-09	 9.62674154E-10	 5.93582161E-10
 3.550000E-01	 4.26188483E-14	 3.41579366E-14	 2.16155987E-14	 1.06987849E-14	 1.78781325E-09	 1.57300084E-09	 1.13126063E-09	 7.01500400E-10
 3.600000E-01	 4.98117013E-14	 4.06897394E-14	 2.62707968E-14	 1.32046428E-14	 2.06572689E-09	 1.83061443E-09	 1.32483367E-09	 8.25758497E-10
 3.650000E-01	 5.79107817E-14	 4.85459489E-14	 3.21245082E-14	 1.63847070E-14	 2.38022132E-09	 2.12375081E-09	 1.54656894E-09	 9.68503510E-10
 3.700000E-01	 6.71357193E-14	 5.75075635E-14	 3.89183030E-14	 2.02377924E-14	 2.73539199E-09	 2.45657857E-09	 1.79988990E-09	 1.13214335E-09
 3.750000E-01	 7.77204006E-14	 6.72195511E-14	 4.62073180E-14	 2.46076791E-14	 3.13569979E-09	 2.83367736E-09	 2.08844933E-09	 1.31932854E-09
 3.800000E-01	 8.98163687E-14	 7.77137635E-14	 5.39193647E-14	 2.93965666E-14	 3.58591875E-09	 3.26007926E-09	 2.41629443E-09	 1.53299171E-09
 3.850000E-01	 1.03453835E-13	 8.94973109E-14	 6.25461735E-14	 3.47528107E-14	 4.09109966E-09	 3.74135240E-09	 2.78816058E-09	 1.77644037E-09
 3.900000E-01	 1.18536055E-13	 1.03404985E-13	 7.30446277E-14	 4.11272549E-14	 4.65647549E-09	 4.28355294E-09	 3.20953169E-09	 2.05336638E-09
 3.950000E-01	 1.35165913E-13	 1.19811300E-13	 8.58653791E-14	 4.88942657E-14	 5.28746760E-09	 4.89321798E-09	 3.68644547E-09	 2.36782407E-09
 4.000000E-01	 1.53883947E-13	 1.37884857E-13	 1.00023035E-13	 5.78056886E-14	 5.98981558E-09	 5.57751838E-09	 4.22547559E-09	 2.72429388E-09
 4.050000E-01	 1.75213363E-13	 1.56701761E-13	 1.14357051E-13	 6.72916234E-14	 6.76987843E-09	 6.34437426E-09	 4.83385703E-09	 3.12771540E-09
 4.100000E-01	 1.99228262E-13	 1.76752004E-13	 1.29298311E-13	 7.73068120E-14	 7.63451653E-09	 7.20227272E-09	 5.51940746E-09	 3.58339685E-09
 4.150000E-01	 2.25587347E-13	 1.99774550E-13	 1.46845521E-13	 8.86953765E-14	 8.59034347E-09	 8.15987384E-09	 6.29036126E-09	 4.09691222E-09
 4.200000E-01	 2.53748136E-13	 2.27820088E-13	 1.69587796E-13	 1.02994004E-13	 9.64378843E-09	 9.22641144E-09	 7.15581335E-09	 4.67439057E-09
 4.250000E-01	 2.83999477E-13	 2.61038764E-13	 1.97805700E-13	 1.20962635E-13	 1.08017103E-08	 1.04124511E-08	 8.12638727E-09	 5.32293882E-09
 4.300000E-01	 3.18136615E-13	 2.96075049E-13	 2.27235418E-13	 1.40928465E-13	 1.20709842E-08	 1.17296071E-08	 9.21415540E-09	 6.05060988E-09
 4.350000E-01	 3.57208790E-13	 3.30802673E-13	 2.55088584E-13	 1.61179923E-13	 1.34578527E-08	 1.31900867E-08	 1.04324431E-08	 6.86628686E-09
 4.400000E-01	 3.99599411E-13	 3.69251047E-13	 2.86507445E-13	 1.83808697E-13	 1.49679309E-08	 1.48068614E-08	 1.17960506E-08	 7.77977579E-09
 4.450000E-01	 4.44163604E-13	 4.15318890E-13	 3.26479927E-13	 2.11758768E-13	 1.66061121E-08	 1.65938261E-08	 1.33215241E-08	 8.80192212E-09
 4.500000E-01	 4.93288773E-13	 4.65347185E-13	 3.70015685E-13	 2.43269879E-13	 1.83763370E-08	 1.85658207E-08	 1.50273519E-08	 9.94465971E-09
 4.550000E-01	 5.49352808E-13	 5.15027231E-13	 4.11225985E-13	 2.75183779E-13	 2.02814947E-08	 2.07386591E-08	 1.69341318E-08	 1.12209914E-08
 4.600000E-01	 6.10920211E-13	 5.68128153E-13	 4.55147899E-13	 3.09629206E-13	 2.23229985E-08	 2.31290522E-08	 1.90648115E-08	 1.26450378E-08
 4.650000E-01	 6.76434530E-13	 6.29599470E-13	 5.08428022E-13	 3.50554673E-13	 2.45005108E-08	 2.57549348E-08	 2.14453668E-08	 1.42323399E-08
 4.700000E-01	 7.48379421E-13	 6.96643490E-13	 5.66895995E-13	 3.96644896E-13	 2.68111328E-08	 2.86355360E-08	 2.41054443E-08	 1.60001255E-08
 4.750000E-01	 8.29074734E-13	 7.66064144E-13	 6.26032270E-13	 4.45785364E-13	 2.92472506E-08	 3.17907538E-08	 2.70788943E-08	 1.79676094E-08
 4.800000E-01	 9.16049326E-13	 8.43192962E-13	 6.94035131E-13	 5.02956436E-13	 3.17949232E-08	 3.52414154E-08	 3.04052007E-08	 2.01568677E-08
 4.850000E-01	 1.00848282E-12	 9.31271070E-13	 7.75822631E-13	 5.72277667E-13	 3.44322453E-08	 3.90098880E-08	 3.41314067E-08	 2.25940082E-08
 4.900000E-01	 1.11413954E-12	 1.01999258E-12	 8.54977369E-13	 6.45197778E-13	 3.71255569E-08	 4.31191860E-08	 3.83133214E-08	 2.53098966E-08
 4.950000E-01	 1.23849237E-12	 1.10315408E-12	 9.21243427E-13	 7.15156530E-13	 3.98248348E-08	 4.75916929E-08	 4.30167358E-08	 2.83408449E-08
 5.000000E-01	 1.37206501E-12	 1.19748649E-12	 1.00204127E-12	 7.99090854E-13	 4.24598471E-08	 5.24494445E-08	 4.83203663E-08	 3.17303992E-08
 5.050000E-01	 1.50537815E-12	 1.31769602E-12	 1.12329386E-12	 9.16798504E-13	 4.49355307E-08	 5.77138394E-08	 5.43186638E-08	 3.55308751E-08
 5.100000E-01	 1.64867473E-12	 1.44779016E-12	 1.26026640E-12	 1.05774036E-12	 4.71265402E-08	 6.34048261E-08	 6.11250421E-08	 3.98052710E-08
 5.150000E-01	 1.81660819E-12	 1.56726082E-12	 1.37904521E-12	 1.20232862E-12	 4.88726273E-08	 6.95416807E-08	 6.88772602E-08	 4.46304004E-08
 5.200000E-01	 2.00454857E-12	 1.68453146E-12	 1.49543861E-12	 1.36122651E-12	 4.99706478E-08	 7.61400126E-08	 7.77395211E-08	 5.00971526E-08
 5.250000E-01	 2.19881983E-12	 1.81750588E-12	 1.64477315E-12	 1.56101712E-12	 5.01632871E-08	 8.32050496E-08	 8.79018953E-08	 5.63087309E-08
 5.300000E-01	 2.39803602E-12	 1.96396117E-12	 1.82858210E-12	 1.80922028E-12	 4.91336872E-08	 9.07337445E-08	 9.95894354E-08	 6.33848936E-08
 5.350000E-01	 2.61707553E-12	 2.10429626E-12	 2.01237791E-12	 2.08753399E-12	 4.64952286E-08	 9.87182324E-08	 1.13078048E-07	 7.14719274E-08
 5.400000E-01	 2.88179529E-12	 2.21596333E-12	 2.14639357E-12	 2.36262863E-12	 4.17673445E-08	 1.07136954E-07	 1.28703449E-07	 8.07490640E-08
 5.450000E-01	 3.20117467E-12	 2.29869975E-12	 2.22686407E-12	 2.63393150E-12	 3.43541842E-08	 1.15947949E-07	 1.46871379E-07	 9.14326513E-08
 5.500000E-01	 3.53709639E-12	 2.38996883E-12	 2.34846806E-12	 2.97869527E-12	 2.35267996E-08	 1.25085500E-07	 1.68070413E-07	 1.03780505E-07
 5.550000E-01	 3.86346276E-12	 2.50757661E-12	 2.56624539E-12	 3.44826595E-12	 8.40456708E-09	 1.34458899E-07	 1.92887339E-07	 1.18094674E-07
 5.600000E-01	 4.25355777E-12	 2.59381821E-12	 2.72933535E-12	 3.93558365E-12	-1.20731395E-08	 1.43949764E-07	 2.22025555E-07	 1.34720747E-07
 5.650000E-01	 4.79630114E-12	 2.59558704E-12	 2.68602849E-12	 4.33357307E-12	-3.91973800E-08	 1.53396795E-07	 2.56324385E-07	 1.54051900E-07
 5.700000E-01	 5.44593510E-12	 2.55716197E-12	 2.57686278E-12	 4.76902766E-12	-7.45466016E-08	 1.62597363E-07	 2.96814744E-07	 1.76557898E-07
 5.750000E-01	 6.11048136E-12	 2.53769135E-12	 2.60775302E-12	 5.42079340E-12	-1.20057512E-07	 1.71306333E-07	 3.44788880E-07	 2.02823630E-07
 5.800000E-01	 6.84667900E-12	 2.50077756E-12	 2.66915428E-12	 6.21381058E-12	-1.78116730E-07	 1.79196485E-07	 4.01836150E-07	 2.33568101E-07
 5.850000E-01	 7.80340864E-12	 2.37430400E-12	 2.50668859E-12	 6.96379198E-12	-2.51648688E-07	 1.85822135E-07	 4.69882764E-07	 2.69655178E-07
 5.900000E-01	 9.03984812E-12	 2.14650152E-12	 2.08427466E-12	 7.67464941E-12	-3.44204009E-07	 1.90601422E-07	 5.51266566E-07	 3.12120142E-07
 5.950000E-01	 1.05131505E-11	 1.84155872E-12	 1.55782434E-12	 8.51790802E-12	-4.60076558E-07	 1.92791782E-07	 6.48837134E-07	 3.62207411E-07
 6.000000E-01	 1.21527172E-11	 1.46347214E-12	 1.09873050E-12	 9.68857509E-12	-6.04455685E-07	 1.91441657E-07	 7.66064834E-07	 4.21410764E-07
 6.050000E-01	 1.39236439E-11	 9.89839398E-13	 7.83726332E-13	 1.12929329E-11	-7.83611571E-07	 1.85330512E-07	 9.07183053E-07	 4.91533986E-07
 6.100000E-01	 1.58970069E-11	 3.79499703E-13	 5.02601560E-13	 1.32605228E-11	-1.00511127E-06	 1.72902023E-07	 1.07736247E-06	 5.74761053E-07
 6.150000E-01	 1.82055069E-11	-4.14801763E-13	 7.19344433E-14	 1.54680076E-11	-1.27805843E-06	 1.52176207E-07	 1.28288437E-06	 6.73716039E-07
 6.200000E-01	 2.09151923E-11	-1.42912607E-12	-5.40050783E-13	 1.79436293E-11	-1.61339487E-06	 1.20641597E-07	 1.53137024E-06	 7.91545907E-07
 6.250000E-01	 2.39731839E-11	-2.69777147E-12	-1.15996356E-12	 2.09060565E-11	-2.02431453E-06	 7.51072647E-08	 1.83211607E-06	 9.32066368E-07
 6.300000E-01	 2.72113634E-11	-4.26701266E-12	-1.45616659E-12	 2.47043566E-11	-2.52671089E-06	 1.14642536E-08	 2.19639319E-06	 1.09993279E-06
 6.350000E-01	 3.04984840E-11	-6.16516009E-12	-1.20119226E-12	 2.95194783E-11	-3.13966053E-06	-7.56249923E-08	 2.63772967E-06	 1.30081701E-06
 6.400000E-01	 3.39895596E-11	-8.38556868E-12	-6.32957094E-13	 3.50522250E-11	-3.88619941E-06	-1.93178752E-07	 3.17243356E-06	 1.54174661E-06
 6.450000E-01	 3.79348536E-11	-1.09505627E-11	-8.67695092E-14	 4.09966561E-11	-4.79399551E-06	-3.50708681E-07	 3.81979083E-06	 1.83150538E-06
 6.500000E-01	 4.22092943E-11	-1.39390679E-11	 7.35313912E-13	 4.76910320E-11	-5.89578208E-06	-5.61081764E-07	 4.60199498E-06	 2.18097034E-06
 6.550000E-01	 4.65146586E-11	-1.73786974E-11	 2.36064309E-12	 5.55454764E-11	-7.23038669E-06	-8.41395086E-07	 5.54474931E-06	 2.60362922E-06
 6.600000E-01	 5.09797423E-11	-2.11982361E-11	 4.59949528E-12	 6.42053736E-11	-8.84440407E-06	-1.21491427E-06	 6.67805341E-06	 3.11690247E-06
 6.650000E-01	 5.58150139E-11	-2.54227552E-11	 7.15510599E-12	 7.34049282E-11	-1.07927889E-05	-1.71313436E-06	 8.03577029E-06	 3.74301146E-06
 6.700000E-01	 6.04236515E-11	-3.02820343E-11	 1.09687643E-11	 8.41400333E-11	-1.31391384E-05	-2.37603128E-06	 9.65580073E-06	 4.50836476E-06
 6.750000E-01	 6.39726264E-11	-3.58476584E-11	 1.71992582E-11	 9.72182883E-11	-1.59565549E-05	-3.25383443E-06	 1.15800985E-05	 5.44398626E-06
 6.800000E-01	 6.69334942E-11	-4.17650983E-11	 2.49208015E-11	 1.11199330E-10	-1.93305255E-05	-4.41212260E-06	 1.38553553E-05	 6.58848442E-06
 6.850000E-01	 7.08781581E-11	-4.76326996E-11	 3.17191225E-11	 1.23638446E-10	-2.33609852E-05	-5.93543271E-06	 1.65333866E-05	 7.98925201E-06
 6.900000E-01	 7.68970568E-11	-5.34146685E-11	 3.61726066E-11	 1.33550025E-10	-2.81599201E-05	-7.93006580E-06	 1.96667846E-05	 9.70118647E-06
 6.950000E-01	 8.41890283E-11	-5.98647155E-11	 3.96607992E-11	 1.43131934E-10	-3.38540772E-05	-1.05308671E-05	 2.33089150E-05	 1.17891390E-05
 7.000000E-01	 8.90925603E-11	-6.86441254E-11	 4.72560717E-11	 1.58208923E-10	-4.05883926E-05	-1.39094821E-05	 2.75138987E-05	 1.43305133E-05
 7.050000E-01	 8.84388342E-11	-8.02260009E-11	 6.26472630E-11	 1.81315033E-10	-4.85233326E-05	-1.82794737E-05	 3.23308774E-05	 1.74130919E-05
 7.100000E-01	 8.52959955E-11	-9.23280790E-11	 8.05012460E-11	 2.04609691E-10	-5.78330942E-05	-2.38998989E-05	 3.78009118E-05	 2.11313163E-05
 7.150000E-01	 8.41379704E-11	-1.04095730E-10	 9.38802867E-11	 2.21921793E-10	-6.87046406E-05	-3.10841100E-05	 4.39526031E-05	 2.55844608E-05
 7.200000E-01	 8.02222786E-11	-1.19663647E-10	 1.08472491E-10	 2.43013043E-10	-8.13368261E-05	-4.02131390E-05	 5.07950205E-05	 3.08753237E-05
 7.250000E-01	 6.67281572E-11	-1.41060529E-10	 1.32350587E-10	 2.75169917E-10	-9.59376491E-05	-5.17483375E-05	 5.83088240E-05	 3.71052392E-05
 7.300000E-01	 5.11663390E-11	-1.61601484E-10	 1.55135117E-10	 3.00870245E-10	-1.12715587E-04	-6.62423039E-05	 6.64323664E-05	 4.43637144E-05
 7.350000E-01	 4.50325800E-11	-1.77291523E-10	 1.61978048E-10	 3.05194142E-10	-1.31867193E-04	-8.43477837E-05	 7.50459718E-05	 5.27125776E-05
 7.400000E-01	 3.96389900E-11	-1.98443608E-10	 1.62486368E-10	 3.09420740E-10	-1.53568902E-04	-1.06830236E-04	 8.39623307E-05	 6.21702975E-05
 7.450000E-01	 1.85261939E-11	-2.33735287E-10	 1.74812651E-10	 3.35428474E-10	-1.77953868E-04	-1.34574542E-04	 9.29037609E-05	 7.26852521E-05
 7.500000E-01	-1.13399295E-11	-2.72537632E-10	 1.90426543E-10	 3.60794420E-10	-2.05083415E-04	-1.68579137E-04	 1.01480270E-04	 8.40956815E-05
 7.550000E-01	-3.16889544E-11	-3.03538933E-10	 1.88391443E-10	 3.57301854E-10	-2.34936466E-04	-2.09976339E-04	 1.09181627E-04	 9.61018148E-05
 7.600000E-01	-4.63046415E-11	-3.36239166E-10	 1.70664301E-10	 3.40238198E-10	-2.67364170E-04	-2.60048052E-04	 1.15332045E-04	 1.08216925E-04
 7.650000E-01	-6.70662029E-11	-3.77328475E-10	 1.50233801E-10	 3.26491029E-10	-3.02036827E-04	-3.20171930E-04	 1.19078927E-04	 1.19682412E-04
 7.700000E-01	-7.86721656E-11	-4.04174796E-10	 1.19713013E-10	 2.84346486E-10	-3.38394132E-04	-3.91773419E-04	 1.19396594E-04	 1.29391062E-04
 7.750000E-01	-5.94431502E-11	-4.01033287E-10	 6.35287854E-11	 1.89927008E-10	-3.75595976E-04	-4.76310542E-04	 1.15087703E-04	 1.35827815E-04
 7.800000E-01	-2.67643774E-11	-3.99446551E-10	-1.10533364E-11	 8.88236038E-11	-4.12444164E-04	-5.75138160E-04	 1.04802005E-04	 1.36951312E-04
 7.850000E-01	-1.14477522E-11	-4.27769963E-10	-8.43141010E-11	 2.34456411E-11	-4.47291804E-04	-6.89441335E-04	 8.70079040E-05	 1.30082323E-04
 7.900000E-01	 6.86917496E-13	-4.50362185E-10	-1.55038423E-10	-4.73452398E-11	-4.77988184E-04	-8.20336936E-04	 5.99601270E-05	 1.11836608E-04
 7.950000E-01	 4.92727783E-11	-4.15458841E-10	-2.35958413E-10	-1.80102330E-10	-5.01695802E-04	-9.68540784E-04	 2.16911492E-05	 7.78788911E-05
 8.000000E-01	 1.43086947E-10	-3.21683373E-10	-3.28789531E-10	-3.62976395E-10	-5.14897869E-04	-1.13396075E-03	-2.96438366E-05	 2.28685951E-05
 8.050000E-01	 2.66476870E-10	-1.91026880E-10	-4.21955043E-10	-5.53706822E-10	-5.13456731E-04	-1.31552198E-03	-9.54443349E-05	-5.94014865E-05
 8.100000E-01	 4.13717937E-10	-2.56175425E-11	-5.04769984E-10	-7.34848571E-10	-4.92708362E-04	-1.51067287E-03	-1.76292500E-04	-1.75838124E-04
 8.150000E-01	 5.85185199E-10	 1.62360301E-10	-5.87545430E-10	-9.00213154E-10	-4.47590606E-04	-1.71508442E-03	-2.71681523E-04	-3.33780901E-04
 8.200000E-01	 7.68062077E-10	 3.21283196E-10	-7.06586780E-10	-1.03863892E-09	-3.72219222E-04	-1.92294903E-03	-3.80677664E-04	-5.41166379E-04
 8.250000E-01	 9.50520410E-10	 4.53142834E-10	-8.53354467E-10	-1.15241167E-09	-2.59598383E-04	-2.12657272E-03	-5.02136827E-04	-8.06746736E-04
 8.300000E-01	 1.15503650E-09	 6.94932919E-10	-9.21471861E-10	-1.25383099E-09	-1.01943379E-04	-2.31538101E-03	-6.33952070E-04	-1.13952744E-03
 8.350000E-01	 1.42074109E-09	 1.14207528E-09	-8.50523702E-10	-1.33381388E-09	 1.08199392E-04	-2.47570203E-03	-7.71812789E-04	-1.54706127E-03
 8.400000E-01	 1.74785891E-09	 1.66755551E-09	-7.59034378E-10	-1.37182546E-09	 3.76676530E-04	-2.59053104E-03	-9.08416136E-04	-2.03324000E-03
 8.450000E-01	 2.10062659E-09	 2.11788380E-09	-7.59771934E-10	-1.35416393E-09	 7.07851220E-04	-2.64034870E-03	-1.03478119E-03	-2.59742522E-03
 8.500000E-01	 2.45812922E-09	 2.54364585E-09	-7.64846526E-10	-1.24798935E-09	 1.10585754E-03	-2.60341978E-03	-1.14250380E-03	-3.23521041E-03
 8.550000E-01	 2.83604182E-09	 3.04970852E-09	-6.68620829E-10	-1.03501407E-09	 1.57572865E-03	-2.45422603E-03	-1.22487542E-03	-3.93899970E-03
 8.600000E-01	 3.26815079E-09	 3.60103896E-09	-5.52354152E-10	-7.78053564E-10	 2.12476909E-03	-2.16225646E-03	-1.27699382E-03	-4.69817855E-03
 8.650000E-01	 3.74454092E-09	 4.12604092E-09	-4.76274857E-10	-4.90646822E-10	 2.76179570E-03	-1.69136674E-03	-1.29376226E-03	-5.49574075E-03
 8.700000E-01	 4.17898457E-09	 4.64758856E-09	-2.63730515E-10	 5.21040643E-12	 3.49197770E-03	-1.00306950E-03	-1.26712512E-03	-6.29855250E-03
 8.750000E-01	 4.55754425E-09	 5.20745352E-09	 1.77550414E-10	 7.56267140E-10	 4.31382743E-03	-6.32514149E-05	-1.18762093E-03	-7.04968892E-03
 8.800000E-01	 5.07217972E-09	 5.78554617E-09	 5.43532340E-10	 1.36491456E-09	 5.22244333E-03	 1.15283778E-03	-1.04906097E-03	-7.66884010E-03
 8.850000E-01	 5.81584877E-09	 6.31403070E-09	 6.36223711E-10	 1.62192325E-09	 6.21400328E-03	 2.65883820E-03	-8.49971583E-04	-8.05440172E-03
 8.900000E-01	 6.43963782E-09	 6.67364322E-09	 8.73233812E-10	 2.12361108E-09	 7.28634556E-03	 4.45429826E-03	-5.89830904E-04	-8.07989259E-03
 8.950000E-01	 6.60048515E-09	 6.80557052E-09	 1.66427640E-09	 3.32002531E-09	 8.43691886E-03	 6.51658946E-03	-2.61562416E-04	-7.58590004E-03
 9.000000E-01	 6.57712379E-09	 6.89883033E-09	 2.70583858E-09	 4.53010680E-09	 9.65991618E-03	 8.78126627E-03	 1.49498300E-04	-6.37874608E-03
 9.050000E-01	 6.84781944E-09	 7.21797200E-09	 3.53926462E-09	 4.93584834E-09	 1.09305788E-02	 1.11006146E-02	 6.66765891E-04	-4.23466880E-03
 9.100000E-01	 7.38877138E-09	 7.76686223E-09	 4.21572398E-09	 4.71571366E-09	 1.22435413E-02	 1.32427198E-02	 1.27654207E-03	-9.80509794E-04
 9.150000E-01	 7.70589221E-09	 8.28008367E-09	 5.08165299E-09	 4.52355635E-09	 1.35207003E-02	 1.48869833E-02	 2.11608554E-03	 3.56098815E-03
 9.200000E-01	 7.46127264E-09	 8.48903961E-09	 5.99078584E-09	 4.49172867E-09	 1.47862143E-02	 1.56982298E-02	 3.21466871E-03	 9.30948730E-03
 9.250000E-01	 6.48240384E-09	 8.41301696E-09	 6.96535410E-09	 4.65678037E-09	 1.58283640E-02	 1.51894637E-02	 4.97675422E-03	 1.61767248E-02
 9.300000E-01	 4.84356779E-09	 8.64219793E-09	 8.62093575E-09	 5.24734606E-09	 1.59662861E-02	 1.30348256E-02	 8.53278260E-03	 2.35546996E-02
 9.350000E-01	 3.32214696E-09	 9.43479168E-09	 1.03493118E-08	 6.41318683E-09	 1.53938996E-02	 8.90270474E-03	 1.34047133E-02	 2.98952854E-02
 9.400000E-01	 2.56387677E-09	 9.71845206E-09	 1.01829053E-08	 8.78839300E-09	 1.47915480E-02	 1.60339627E-03	 1.82644872E-02	 3.44431606E-02
 9.450000E-01	-3.12751906E-10	 9.88497025E-09	 1.22193156E-08	 1.02554230E-08	 1.35080489E-02	-6.89161580E-03	 2.31717450E-02	 3.27751227E-02
 9.500000E-01	-1.16857995E-09	 4.73619128E-09	 1.24973802E-08	 1.35324611E-08	 4.80550573E-03	-1.54599492E-02	 3.27524282E-02	 2.57956916E-02
 9.550000E-01	-1.61101128E-10	 5.92535352E-11	 7.25228208E-09	 2.07780780E-08	-5.48005662E-03	-2.78019859E-02	 4.67644728E-02	 1.09656903E-02
 9.600000E-01	-7.39784538E-10	-9.63105948E-09	 4.65508251E-09	 1.27780243E-08	-2.31205914E-02	-5.71613598E-03	 3.66548217E-02	 1.21452458E-02
 9.650000E-01	 1.38741980E-09	-2.03607532E-08	 5.61124536E-09	 1.43181702E-09	-3.09878869E-02	 3.13611154E-02	 2.18103659E-02	 2.77005644E-02
 9.700000E-01	 6.83809774E-09	-2.89555464E-08	 2.77819224E-09	-1.50347650E-08	 7.26808264E-02	 1.28871982E-02	-9.77615219E-02	 2.63535454E-03
 9.750000E-01	 1.09240929E-08	-8.61727169E-08	-1.03946038E-09	-2.48208237E-08	 2.09744652E+00	 9.58599051E-02	-2.25655986E+00	-5.42003174E-02
 9.800000E-01	-4.27458490E-08	-9.67465657E-08	-1.76231866E-08	-1.11056348E-07	 3.25904912E-01	-8.11810668E-02	 6.04709411E-01	-4.76310404E-01
 9.850000E-01	-5.02905242E-08	 2.12538688E-08	-2.35674951E-08	-7.76821288E-08	-2.69728584E+00	-2.96954394E-01	 2.17850639E+00	-4.06000946E-02
 9.900000E-01	-1.13549990E-08	 7.30963792E-08	-3.15199614E-08	 7.04470023E-08	-9.12505364E-01	 2.55045812E-01	-1.01923214E+00	 6.41715738E-01
 9.950000E-01	-1.54625333E-08	 1.56424949E-08	-2.51004124E-08	 4.79425531E-08	 5.46716181E-01	 1.62659103E-01	-2.81964165E-02	 1.46264276E-02
 1.000000E+00	-1.18881033E-08	-1.39046022E-08	-1.76099420E-10	 4.06919845E-09	 8.97786779E-01	-4.11638882E-01	 8.36121245E-01	-4.65714754E-01
