r	R  6/ 6	R  7/ 6	R  8/ 6	R  9/ 6	I  6/ 6	I  7/ 6	I  8/ 6	I  9/ 6
 0.000000E+00	 0.00000000E+00	 0.00000000E+00	 0.00000000E+00	 0.00000000E+00	 0.00000000E+00	 0.00000000E+00	 0.00000000E+00	 0.00000000E+00
 5.000000E-03	-1.21613591E-03	 3.68408632E-05	 7.98875229E-04	-2.07142972E-04	-8.70543485E-04	 1.37042291E-04	-5.62275592E-04	 2.65740637E-04
 1.000000E-02	-4.55343353E-03	-2.80065562E-03	-2.31041318E-03	-2.42952221E-04	-1.04336026E-02	 9.37299628E-03	-1.54893534E-03	-1.01270672E-03
 1.500000E-02	-8.25329154E-02	-1.75034934E-02	-1.37017473E-02	 1.40413339E-04	-2.97283626E-02	 6.02358744E-02	-5.34323160E-03	-6.62283386E-03
 2.000000E-02	-5.90239680E-01	-6.24067673E-02	-3.39021888E-02	-1.91344561E-03	-5.39851600E-02	 1.98797252E-01	-1.19193321E-02	-7.77043653E-03
 2.500000E-02	-2.58512297E+00	-1.89009781E-01	-8.53805262E-02	-1.39582512E-02	-6.87008795E-02	 4.52693751E-01	-9.85535908E-03	-6.40580618E-03
 3.000000E-02	-8.28324901E+00	-5.38146757E-01	-1.63495332E-01	-5.29850171E-02	-3.35239946E-02	 5.22929206E-01	-1.28499909E-02	-3.59637850E-02
 3.500000E-02	-1.99949628E+01	-1.39868861E+00	 1.21031267E-02	-4.91647317E-02	 1.15134063E-01	-4.95496025E-01	-1.72848838E-01	-2.29838689E-02
 4.000000E-02	-3.66658309E+01	-2.89701448E+00	 5.86453399E-01	 6.06385201E-02	 3.40460140E-01	-2.52593597E+00	-5.85253273E-01	 1.02108971E-01
 4.500000E-02	-5.63411320E+01	-4.87086632E+00	 1.02656272E+00	 1.04871255E-01	 5.48187835E-01	-3.97468692E+00	-1.06721859E+00	 2.99399461E-01
 5.000000E-02	-8.12787502E+01	-7.35808091E+00	 7.27520339E-01	-5.10359775E-02	 9.22755770E-01	-5.02830612E+00	-1.73412291E+00	 6.24090189E-01
 5.500000E-02	-1.09629685E+02	-9.94561028E+00	-1.24344478E+00	-7.34675640E-01	 1.90271059E+00	-8.51058408E+00	-3.16852087E+00	 8.86351154E-01
 6.000000E-02	-1.25313954E+02	-1.08728401E+01	-5.24287359E+00	-2.03591264E+00	 4.39213714E+00	-2.21332357E+01	-7.16051976E+00	 2.70555219E-01
 6.500000E-02	-7.27903332E+01	-4.27572996E+00	-7.81088457E+00	-2.33620750E+00	 9.24323295E+00	-5.60076965E+01	-1.66686170E+01	-2.32665314E+00
 7.000000E-02	 1.57865598E+02	 2.47951299E+01	-4.51713180E+00	-5.56154061E-01	 1.47703425E+01	-1.00623348E+02	-2.96605241E+01	-7.13582820E+00
 7.500000E-02	 6.46701707E+02	 9.28913199E+01	 6.14767588E+00	 2.66185227E+00	 1.80292992E+01	-1.31198867E+02	-3.92331884E+01	-1.28795276E+01
 8.000000E-02	 1.40617547E+03	 2.10723911E+02	 2.51466667E+01	 6.45534438E+00	 1.70955455E+01	-1.29945362E+02	-3.90065337E+01	-1.78091436E+01
 8.500000E-02	 2.40129111E+03	 3.83188204E+02	 5.25941716E+01	 8.90432479E+00	 1.05466287E+01	-8.32565221E+01	-2.31981204E+01	-1.88458511E+01
 9.000000E-02	 3.52721551E+03	 6.03493462E+02	 8.61168597E+01	 8.96167489E+00	 4.70473217E-01	 1.23253832E+00	 5.56202036E+00	-1.33589071E+01
 9.500000E-02	 4.71399619E+03	 8.68784059E+02	 1.20677074E+02	 4.53855866E+00	-8.27349366E+00	 9.54781107E+01	 3.79544366E+01	-2.58635418E+00
 1.000000E-01	 5.96456061E+03	 1.18484205E+03	 1.57125967E+02	-1.96881285E+00	-5.60578453E+00	 1.42719897E+02	 5.33598922E+01	 4.90066266E+00
 1.050000E-01	 7.49882154E+03	 1.58952302E+03	 2.26109776E+02	 1.26537078E+01	 1.75363990E+01	 8.98788113E+01	 2.94051166E+01	-3.92021945E+00
 1.100000E-01	 9.70540441E+03	 2.16722063E+03	 3.66225785E+02	 6.30925009E+01	 4.32718852E+01	 3.17166814E+01	 6.46644229E+00	-2.05264631E+01
 1.150000E-01	 1.25123310E+04	 2.93757630E+03	 5.64030641E+02	 1.21294636E+02	 4.68403391E+01	 1.10811611E+02	 4.88088729E+01	-1.72082071E+01
 1.200000E-01	 1.55199652E+04	 3.84341202E+03	 7.83340230E+02	 1.62431157E+02	 3.83122041E+01	 2.85676803E+02	 1.36517942E+02	 9.08148115E+00
 1.250000E-01	 1.86596313E+04	 4.87817161E+03	 1.02444022E+03	 1.94823872E+02	 4.17202313E+01	 4.35127589E+02	 2.10952161E+02	 3.97452012E+01
 1.300000E-01	 2.21118360E+04	 6.08837593E+03	 1.31072330E+03	 2.40839337E+02	 7.70236561E+01	 4.71360692E+02	 2.25549294E+02	 5.52404116E+01
 1.350000E-01	 2.63146559E+04	 7.58169174E+03	 1.69547353E+03	 3.48081216E+02	 1.56654446E+02	 3.42783616E+02	 1.52843209E+02	 3.28646704E+01
 1.400000E-01	 3.18520814E+04	 9.52164880E+03	 2.25293412E+03	 5.51304951E+02	 2.45096611E+02	 1.74928171E+02	 7.57169706E+01	-1.22848241E+01
 1.450000E-01	 3.86675333E+04	 1.19284290E+04	 3.00446985E+03	 8.29721067E+02	 2.88372110E+02	 1.60595237E+02	 1.08780938E+02	-3.10117841E+01
 1.500000E-01	 4.62530789E+04	 1.47170596E+04	 3.91912174E+03	 1.14025372E+03	 2.63099574E+02	 3.86146158E+02	 2.83389070E+02	 9.79202706E+00
 1.550000E-01	 5.39628925E+04	 1.77989573E+04	 4.90521892E+03	 1.37929204E+03	 1.85332596E+02	 8.04122233E+02	 5.57860223E+02	 1.22440895E+02
 1.600000E-01	 6.13933993E+04	 2.11009780E+04	 5.89681004E+03	 1.52642181E+03	 2.30384858E+02	 8.88049084E+02	 5.80647030E+02	 1.69912540E+02
 1.650000E-01	 7.05450353E+04	 2.51675919E+04	 7.21141678E+03	 1.94598694E+03	 5.77368563E+02	 1.57469095E+02	 1.25737707E+01	-7.68694844E+01
 1.700000E-01	 8.42127488E+04	 3.09601609E+04	 9.33959910E+03	 2.93285873E+03	 9.66892770E+02	-5.62398156E+02	-5.53762017E+02	-4.49634800E+02
 1.750000E-01	 1.00912591E+05	 3.83418444E+04	 1.21570866E+04	 4.08654237E+03	 1.05257302E+03	-2.43075212E+02	-3.57980401E+02	-5.20846446E+02
 1.800000E-01	 1.17592308E+05	 4.64938113E+04	 1.52239457E+04	 5.00623531E+03	 1.08643680E+03	 4.39587934E+02	 6.12007757E+01	-4.02592345E+02
 1.850000E-01	 1.35568726E+05	 5.58031063E+04	 1.87477859E+04	 6.04290839E+03	 1.48697779E+03	 3.86299458E+02	-1.82457398E+02	-5.55691990E+02
 1.900000E-01	 1.57972434E+05	 6.74228445E+04	 2.33084624E+04	 7.66901729E+03	 2.22033383E+03	-2.51188344E+02	-9.85706073E+02	-1.03580937E+03
 1.950000E-01	 1.85984031E+05	 8.20309448E+04	 2.92047441E+04	 9.97635706E+03	 3.08519905E+03	-9.27197578E+02	-1.89336474E+03	-1.64333782E+03
 2.000000E-01	 2.19862671E+05	 9.99937668E+04	 3.66098928E+04	 1.29548977E+04	 3.93301878E+03	-1.34002652E+03	-2.56326679E+03	-2.18729150E+03
 2.050000E-01	 2.58767404E+05	 1.21173286E+05	 4.55732389E+04	 1.65514488E+04	 4.63884206E+03	-1.27750633E+03	-2.73514594E+03	-2.48871177E+03
 2.100000E-01	 3.01207250E+05	 1.45118781E+05	 5.60123455E+04	 2.06976255E+04	 5.20701243E+03	-7.60826467E+02	-2.44035828E+03	-2.51520449E+03
 2.150000E-01	 3.46127878E+05	 1.71523650E+05	 6.78732895E+04	 2.53747167E+04	 5.70433612E+03	 7.15914569E+01	-1.82564786E+03	-2.30785140E+03
 2.200000E-01	 3.92705671E+05	 2.00100519E+05	 8.10930993E+04	 3.06041093E+04	 6.27951006E+03	 9.51671179E+02	-1.19102673E+03	-2.01356380E+03
 2.250000E-01	 4.41431408E+05	 2.31095786E+05	 9.58243672E+04	 3.66104767E+04	 7.09149336E+03	 1.64241815E+03	-8.03109253E+02	-1.81755514E+03
 2.300000E-01	 4.93171008E+05	 2.64948361E+05	 1.12326380E+05	 4.36254329E+04	 8.04861387E+03	 2.31118520E+03	-4.36287153E+02	-1.63821177E+03
 2.350000E-01	 5.47600569E+05	 3.01579383E+05	 1.30630553E+05	 5.16363714E+04	 8.98028703E+03	 3.19003408E+03	 2.22120250E+02	-1.29593502E+03
 2.400000E-01	 6.04028865E+05	 3.40689011E+05	 1.50676646E+05	 6.05995156E+04	 9.87893359E+03	 4.24299247E+03	 1.18501444E+03	-7.85731383E+02
 2.450000E-01	 6.62243201E+05	 3.82098927E+05	 1.72533907E+05	 7.06208414E+04	 1.07661330E+04	 5.45104824E+03	 2.40115896E+03	-1.94000262E+02
 2.500000E-01	 7.21966819E+05	 4.25718051E+05	 1.96265646E+05	 8.16400135E+04	 1.14989310E+04	 7.10192126E+03	 3.94136338E+03	 3.87485837E+02
 2.550000E-01	 7.81915004E+05	 4.71519942E+05	 2.21756020E+05	 9.29709135E+04	 1.22046606E+04	 9.10544354E+03	 5.38296244E+03	 7.61055095E+02
 2.600000E-01	 8.42861074E+05	 5.20419464E+05	 2.49203937E+05	 1.04638680E+05	 1.45715101E+04	 9.47369884E+03	 4.03320549E+03	-4.80103962E+02
 2.650000E-01	 9.16959489E+05	 5.78358493E+05	 2.81334930E+05	 1.19759102E+05	 2.00507003E+04	 6.85450164E+03	-1.80011376E+03	-4.78995603E+03
 2.700000E-01	 1.01614845E+06	 6.51790510E+05	 3.21700792E+05	 1.40860415E+05	 2.53924462E+04	 5.26035779E+03	-6.13043574E+03	-9.00491243E+03
 2.750000E-01	 1.12627007E+06	 7.34637670E+05	 3.68072189E+05	 1.64046856E+05	 2.67808231E+04	 8.52000257E+03	-3.35211031E+03	-8.83755426E+03
 2.800000E-01	 1.22914184E+06	 8.17779657E+05	 4.15870262E+05	 1.85379069E+05	 2.77924966E+04	 1.23612107E+04	-1.41518251E+02	-7.40882899E+03
 2.850000E-01	 1.33787625E+06	 9.07262009E+05	 4.67340294E+05	 2.09036487E+05	 3.33449342E+04	 1.20118049E+04	-3.74719421E+03	-9.84858678E+03
 2.900000E-01	 1.47095014E+06	 1.01266461E+06	 5.27306335E+05	 2.39627945E+05	 4.01011027E+04	 1.11589117E+04	-7.94424562E+03	-1.31201727E+04
 2.950000E-01	 1.61655020E+06	 1.12827607E+06	 5.93639136E+05	 2.73640117E+05	 4.29303614E+04	 1.43533253E+04	-5.23685676E+03	-1.18300931E+04
 3.000000E-01	 1.75620261E+06	 1.24398320E+06	 6.61279345E+05	 3.06606965E+05	 4.38919648E+04	 1.91181466E+04	 3.05232235E+02	-7.61344729E+03
 3.050000E-01	 1.89336485E+06	 1.36052429E+06	 7.29977911E+05	 3.40218491E+05	 4.67114275E+04	 2.20726275E+04	 3.19328964E+03	-4.21756654E+03
 3.100000E-01	 2.03594779E+06	 1.48128804E+06	 8.01224638E+05	 3.76777323E+05	 4.99569750E+04	 2.46227110E+04	 5.98681998E+03	-6.50320446E+02
 3.150000E-01	 2.17786391E+06	 1.60258988E+06	 8.73346807E+05	 4.14355588E+05	 5.10582794E+04	 2.88057676E+04	 1.21722716E+04	 5.36058748E+03
 3.200000E-01	 2.31032781E+06	 1.71910232E+06	 9.43551917E+05	 4.50532214E+05	 5.10693620E+04	 3.35958729E+04	 1.96968217E+04	 1.26128780E+04
 3.250000E-01	 2.43510385E+06	 1.83136646E+06	 1.01177031E+06	 4.85833713E+05	 5.19965310E+04	 3.75202939E+04	 2.56522799E+04	 1.88566478E+04
 3.300000E-01	 2.55705181E+06	 1.94202682E+06	 1.07915898E+06	 5.21364999E+05	 5.39033321E+04	 4.08086379E+04	 3.01037239E+04	 2.36063985E+04
 3.350000E-01	 2.67842785E+06	 2.05298694E+06	 1.14667856E+06	 5.57184961E+05	 5.64533238E+04	 4.39525579E+04	 3.35656777E+04	 2.69126239E+04
 3.400000E-01	 2.80193192E+06	 2.16665543E+06	 1.21556875E+06	 5.93578297E+05	 6.03721204E+04	 4.65507027E+04	 3.51722857E+04	 2.81782861E+04
 3.450000E-01	 2.93431380E+06	 2.28759044E+06	 1.28821343E+06	 6.32238599E+05	 6.63113343E+04	 4.83248709E+04	 3.43276661E+04	 2.67772085E+04
 3.500000E-01	 3.08217321E+06	 2.42062524E+06	 1.36740394E+06	 6.74548320E+05	 7.27979940E+04	 5.05988739E+04	 3.32498810E+04	 2.37736588E+04
 3.550000E-01	 3.24280036E+06	 2.56589620E+06	 1.45387368E+06	 7.18830305E+05	 7.86562740E+04	 5.42991847E+04	 3.31670280E+04	 2.01472148E+04
 3.600000E-01	 3.41531047E+06	 2.72469418E+06	 1.54834481E+06	 7.64330463E+05	 8.80447256E+04	 5.67347397E+04	 2.79454737E+04	 1.24625347E+04
 3.650000E-01	 3.62107855E+06	 2.91119070E+06	 1.65674635E+06	 8.16950528E+05	 1.05128518E+05	 5.55370733E+04	 1.29395583E+04	-2.30468122E+03
 3.700000E-01	 3.88198141E+06	 3.13970387E+06	 1.78575556E+06	 8.82342069E+05	 1.24023088E+05	 5.43748076E+04	-1.75399142E+03	-1.67571922E+04
 3.750000E-01	 4.18279119E+06	 3.40013569E+06	 1.93135499E+06	 9.56362531E+05	 1.36537186E+05	 5.75905658E+04	-4.85891706E+03	-2.18572227E+04
 3.800000E-01	 4.49762648E+06	 3.67504966E+06	 2.08544114E+06	 1.03238292E+06	 1.42687113E+05	 6.46939214E+04	 1.98073148E+03	-1.83104907E+04
 3.850000E-01	 4.81284484E+06	 3.95528367E+06	 2.24314836E+06	 1.10674915E+06	 1.46057309E+05	 7.34178828E+04	 1.26126935E+04	-1.04330635E+04
 3.900000E-01	 5.12413345E+06	 4.23762981E+06	 2.40184524E+06	 1.17852331E+06	 1.53492876E+05	 7.97654290E+04	 1.69262353E+04	-5.30214387E+03
 3.950000E-01	 5.45719156E+06	 4.53816363E+06	 2.56698668E+06	 1.25503356E+06	 1.70333449E+05	 8.10407986E+04	 8.74993126E+03	-7.96320125E+03
 4.000000E-01	 5.83675429E+06	 4.87244813E+06	 2.74497386E+06	 1.34251281E+06	 1.86943287E+05	 8.29528225E+04	 3.85352586E+03	-7.94969743E+03
 4.050000E-01	 6.23258729E+06	 5.21974097E+06	 2.92771163E+06	 1.43243973E+06	 1.91309362E+05	 9.18157602E+04	 1.83482622E+04	 6.47505513E+03
 4.100000E-01	 6.60330260E+06	 5.55192164E+06	 3.10305717E+06	 1.51403576E+06	 1.87556819E+05	 1.05124023E+05	 4.34806720E+04	 2.87169938E+04
 4.150000E-01	 6.94490290E+06	 5.86755233E+06	 3.26982544E+06	 1.58571573E+06	 1.85660476E+05	 1.17590258E+05	 6.38044374E+04	 4.70568989E+04
 4.200000E-01	 7.27320118E+06	 6.17864368E+06	 3.43231634E+06	 1.65123069E+06	 1.95943174E+05	 1.23442719E+05	 6.50640304E+04	 5.19388096E+04
 4.250000E-01	 7.64146786E+06	 6.52085171E+06	 3.60405787E+06	 1.72505269E+06	 2.24065602E+05	 1.20136093E+05	 4.20993816E+04	 3.93495642E+04
 4.300000E-01	 8.09372305E+06	 6.92423807E+06	 3.79779721E+06	 1.81718959E+06	 2.49198828E+05	 1.20134727E+05	 2.77876816E+04	 3.10800214E+04
 4.350000E-01	 8.56347992E+06	 7.34614770E+06	 3.99807418E+06	 1.90691006E+06	 2.49342511E+05	 1.34641953E+05	 5.06866453E+04	 4.86757560E+04
 4.400000E-01	 8.97565932E+06	 7.73667292E+06	 4.18388197E+06	 1.97473628E+06	 2.46081871E+05	 1.49609808E+05	 7.54303072E+04	 7.16033284E+04
 4.450000E-01	 9.38827713E+06	 8.13136411E+06	 4.36530257E+06	 2.03972874E+06	 2.66666210E+05	 1.50039199E+05	 6.57076721E+04	 7.50979893E+04
 4.500000E-01	 9.87356335E+06	 8.57603945E+06	 4.55875784E+06	 2.12113414E+06	 2.90533998E+05	 1.49344153E+05	 5.55649456E+04	 7.85274922E+04
 4.550000E-01	 1.03707019E+07	 9.03084558E+06	 4.75038541E+06	 2.19933269E+06	 2.89798196E+05	 1.63023330E+05	 8.24628288E+04	 1.06537445E+05
 4.600000E-01	 1.08016614E+07	 9.44354333E+06	 4.91978344E+06	 2.25361648E+06	 2.81923283E+05	 1.79348980E+05	 1.16756706E+05	 1.42127873E+05
 4.650000E-01	 1.12080093E+07	 9.83940328E+06	 5.07362514E+06	 2.29831167E+06	 2.92031932E+05	 1.84175145E+05	 1.23953067E+05	 1.62337609E+05
 4.700000E-01	 1.16481926E+07	 1.02562520E+07	 5.22489750E+06	 2.34886294E+06	 3.06382620E+05	 1.87376287E+05	 1.26880001E+05	 1.78227092E+05
 4.750000E-01	 1.20843288E+07	 1.06717915E+07	 5.36711888E+06	 2.39092239E+06	 3.05845240E+05	 2.00305894E+05	 1.51092856E+05	 2.05353594E+05
 4.800000E-01	 1.24726072E+07	 1.10590582E+07	 5.49066380E+06	 2.41185877E+06	 3.08724211E+05	 2.10318719E+05	 1.67679141E+05	 2.29341894E+05
 4.850000E-01	 1.28793692E+07	 1.14604927E+07	 5.60748584E+06	 2.43333462E+06	 3.35597646E+05	 2.05230580E+05	 1.50636256E+05	 2.34812931E+05
 4.900000E-01	 1.33694708E+07	 1.19183220E+07	 5.73157594E+06	 2.47244811E+06	 3.55888079E+05	 2.05760767E+05	 1.49680557E+05	 2.47732675E+05
 4.950000E-01	 1.38381107E+07	 1.23630916E+07	 5.84399731E+06	 2.49661585E+06	 3.36882708E+05	 2.31545891E+05	 2.07857217E+05	 2.92641779E+05
 5.000000E-01	 1.41804719E+07	 1.27251709E+07	 5.92370903E+06	 2.47872453E+06	 3.22984577E+05	 2.53211215E+05	 2.49659132E+05	 3.26467258E+05
 5.050000E-01	 1.45436760E+07	 1.31103664E+07	 6.00088094E+06	 2.45965292E+06	 3.66843302E+05	 2.39565938E+05	 2.00437197E+05	 3.04188248E+05
 5.100000E-01	 1.51005547E+07	 1.36454489E+07	 6.11377695E+06	 2.47845685E+06	 4.27912995E+05	 2.19271214E+05	 1.32959119E+05	 2.65968361E+05
 5.150000E-01	 1.57636165E+07	 1.42749901E+07	 6.24965511E+06	 2.50342787E+06	 4.50201818E+05	 2.27236413E+05	 1.30457623E+05	 2.61249130E+05
 5.200000E-01	 1.64061436E+07	 1.49138943E+07	 6.38501422E+06	 2.49954438E+06	 4.60158767E+05	 2.43607077E+05	 1.43347667E+05	 2.66483100E+05
 5.250000E-01	 1.70936097E+07	 1.56117165E+07	 6.52911489E+06	 2.48415327E+06	 5.01507888E+05	 2.39415112E+05	 1.05188346E+05	 2.47484372E+05
 5.300000E-01	 1.79311086E+07	 1.64462842E+07	 6.69792702E+06	 2.48126685E+06	 5.66591602E+05	 2.20311667E+05	 3.55949506E+04	 2.17735416E+05
 5.350000E-01	 1.89308535E+07	 1.74246135E+07	 6.88803678E+06	 2.49346591E+06	 6.29736118E+05	 2.03462302E+05	-2.11659399E+04	 2.03140849E+05
 5.400000E-01	 2.00526584E+07	 1.85149257E+07	 7.08691566E+06	 2.51015124E+06	 6.61045183E+05	 2.10290168E+05	-1.79126208E+04	 2.26164809E+05
 5.450000E-01	 2.11470984E+07	 1.96071277E+07	 7.26661134E+06	 2.49077200E+06	 6.44444263E+05	 2.50762644E+05	 6.32691666E+04	 2.95051678E+05
 5.500000E-01	 2.20985469E+07	 2.06128871E+07	 7.40306523E+06	 2.41130136E+06	 6.44935235E+05	 2.74497709E+05	 1.06925140E+05	 3.55250637E+05
 5.550000E-01	 2.31216696E+07	 2.16871364E+07	 7.51860206E+06	 2.33421134E+06	 7.25581110E+05	 2.36981616E+05	 1.91484566E+04	 3.60939307E+05
 5.600000E-01	 2.44254894E+07	 2.29855493E+07	 7.63703302E+06	 2.30705230E+06	 7.96375027E+05	 2.10797490E+05	-3.26074771E+04	 3.87576710E+05
 5.650000E-01	 2.57125023E+07	 2.42825787E+07	 7.71847073E+06	 2.24948349E+06	 7.53645754E+05	 2.73061082E+05	 1.15582554E+05	 5.09956116E+05
 5.700000E-01	 2.66484600E+07	 2.53159434E+07	 7.71754890E+06	 2.09154352E+06	 6.89050913E+05	 3.46552267E+05	 2.84485224E+05	 6.47367732E+05
 5.750000E-01	 2.74696168E+07	 2.62604247E+07	 7.65558816E+06	 1.90462484E+06	 7.23573248E+05	 3.37130519E+05	 2.73178519E+05	 7.08970069E+05
 5.800000E-01	 2.84886951E+07	 2.73588027E+07	 7.56399708E+06	 1.76028316E+06	 7.92178980E+05	 3.02825561E+05	 2.15780084E+05	 7.49947169E+05
 5.850000E-01	 2.95579540E+07	 2.84970123E+07	 7.42979590E+06	 1.61696214E+06	 7.92574863E+05	 3.27563371E+05	 2.89043891E+05	 8.42973699E+05
 5.900000E-01	 3.04408487E+07	 2.94854252E+07	 7.23346230E+06	 1.42441692E+06	 7.47114086E+05	 3.90012250E+05	 4.39228341E+05	 9.62900510E+05
 5.950000E-01	 3.11395864E+07	 3.03227345E+07	 6.97897175E+06	 1.18876047E+06	 7.13512422E+05	 4.41346482E+05	 5.59114427E+05	 1.06305029E+06
 6.000000E-01	 3.17440880E+07	 3.10829037E+07	 6.67790529E+06	 9.29132464E+05	 7.21429923E+05	 4.56437086E+05	 5.91297793E+05	 1.11710028E+06
 6.050000E-01	 3.24213837E+07	 3.19176891E+07	 6.34718357E+06	 6.67685226E+05	 7.83964026E+05	 4.24347559E+05	 5.12745182E+05	 1.11629111E+06
 6.100000E-01	 3.33286580E+07	 3.29769108E+07	 5.99876925E+06	 4.15955477E+05	 8.67154338E+05	 3.77176619E+05	 3.99602488E+05	 1.09726693E+06
 6.150000E-01	 3.44298546E+07	 3.42401301E+07	 5.62927979E+06	 1.53139009E+05	 9.29000772E+05	 3.53655708E+05	 3.36180211E+05	 1.09764941E+06
 6.200000E-01	 3.56458722E+07	 3.56460093E+07	 5.23206842E+06	-1.44211110E+05	 9.73589826E+05	 3.49311238E+05	 3.10540512E+05	 1.11562808E+06
 6.250000E-01	 3.69681803E+07	 3.71921222E+07	 4.80016824E+06	-4.84790641E+05	 1.02042123E+06	 3.44515571E+05	 2.82164297E+05	 1.13968783E+06
 6.300000E-01	 3.84274526E+07	 3.89104274E+07	 4.32481289E+06	-8.69520153E+05	 1.09240544E+06	 3.15048490E+05	 2.04656431E+05	 1.15854006E+06
 6.350000E-01	 4.01388804E+07	 4.09100833E+07	 3.79267563E+06	-1.28174335E+06	 1.20350101E+06	 2.46574094E+05	 5.51724193E+04	 1.16936023E+06
 6.400000E-01	 4.21974512E+07	 4.32856677E+07	 3.18676175E+06	-1.71299931E+06	 1.31329000E+06	 1.83372444E+05	-7.44686152E+04	 1.20204113E+06
 6.450000E-01	 4.44750446E+07	 4.59270025E+07	 2.49574791E+06	-2.19301306E+06	 1.37649368E+06	 1.73758103E+05	-9.28025948E+04	 1.28199396E+06
 6.500000E-01	 4.68120999E+07	 4.86881532E+07	 1.71425634E+06	-2.74373392E+06	 1.41988017E+06	 1.86885182E+05	-6.11095911E+04	 1.39190840E+06
 6.550000E-01	 4.92367334E+07	 5.15904568E+07	 8.28832914E+05	-3.33944203E+06	 1.48109583E+06	 1.80979057E+05	-5.51229713E+04	 1.51067402E+06
 6.600000E-01	 5.17946708E+07	 5.46749581E+07	-1.73144591E+05	-3.95577273E+06	 1.53471353E+06	 1.86377887E+05	-2.19926465E+04	 1.64068966E+06
 6.650000E-01	 5.43719847E+07	 5.78404908E+07	-1.28289281E+06	-4.61398809E+06	 1.54952033E+06	 2.38978506E+05	 9.40562334E+04	 1.78367684E+06
 6.700000E-01	 5.68538896E+07	 6.09813156E+07	-2.48491759E+06	-5.32672075E+06	 1.56406025E+06	 2.89365099E+05	 2.01670587E+05	 1.92018746E+06
 6.750000E-01	 5.93532244E+07	 6.42087424E+07	-3.79083883E+06	-6.05115298E+06	 1.62162227E+06	 2.84633561E+05	 2.14560527E+05	 2.03568176E+06
 6.800000E-01	 6.19863206E+07	 6.76415464E+07	-5.21365267E+06	-6.74600701E+06	 1.67548953E+06	 2.89362133E+05	 2.55417606E+05	 2.15076737E+06
 6.850000E-01	 6.45718392E+07	 7.10970675E+07	-6.71708532E+06	-7.41197137E+06	 1.66292521E+06	 3.87973365E+05	 4.66730114E+05	 2.28142734E+06
 6.900000E-01	 6.68608550E+07	 7.43159437E+07	-8.24080870E+06	-8.05307576E+06	 1.58841202E+06	 5.73867929E+05	 8.18115646E+05	 2.40480951E+06
 6.950000E-01	 6.87328592E+07	 7.71673489E+07	-9.73427963E+06	-8.67368215E+06	 1.48702142E+06	 7.96517543E+05	 1.20866860E+06	 2.49461877E+06
 7.000000E-01	 7.01842061E+07	 7.96379295E+07	-1.11691970E+07	-9.26232009E+06	 1.43712107E+06	 9.40698511E+05	 1.43989510E+06	 2.52721417E+06
 7.050000E-01	 7.15748553E+07	 8.21126785E+07	-1.26057188E+07	-9.75658303E+06	 1.49831604E+06	 9.21613036E+05	 1.37897558E+06	 2.49191191E+06
 7.100000E-01	 7.32443187E+07	 8.49813293E+07	-1.41107654E+07	-1.01271093E+07	 1.56104741E+06	 9.01351263E+05	 1.30972749E+06	 2.42289321E+06
 7.150000E-01	 7.48914678E+07	 8.79341419E+07	-1.55898031E+07	-1.04538785E+07	 1.50790857E+06	 1.04891456E+06	 1.50736622E+06	 2.35379455E+06
 7.200000E-01	 7.61731140E+07	 9.05810685E+07	-1.69336075E+07	-1.07842698E+07	 1.44930210E+06	 1.19921950E+06	 1.69350073E+06	 2.27544658E+06
 7.250000E-01	 7.74292350E+07	 9.32914222E+07	-1.82385385E+07	-1.10163054E+07	 1.51106541E+06	 1.17049665E+06	 1.58386004E+06	 2.17219477E+06
 7.300000E-01	 7.90176592E+07	 9.64902744E+07	-1.96114726E+07	-1.10778713E+07	 1.55500936E+06	 1.17450615E+06	 1.53854724E+06	 2.06901993E+06
 7.350000E-01	 8.04481064E+07	 9.96149234E+07	-2.08789959E+07	-1.10514554E+07	 1.42699989E+06	 1.43589047E+06	 1.91186503E+06	 1.99587171E+06
 7.400000E-01	 8.11911608E+07	 1.02005447E+08	-2.18493708E+07	-1.09867119E+07	 1.28258641E+06	 1.71067922E+06	 2.28193441E+06	 1.92169853E+06
 7.450000E-01	 8.17079850E+07	 1.04194405E+08	-2.26802307E+07	-1.07883734E+07	 1.30389409E+06	 1.72736106E+06	 2.20986996E+06	 1.80405464E+06
 7.500000E-01	 8.25582019E+07	 1.06887270E+08	-2.35674594E+07	-1.03945732E+07	 1.35776957E+06	 1.69194534E+06	 2.05605703E+06	 1.67447828E+06
 7.550000E-01	 8.34047009E+07	 1.09674818E+08	-2.43693206E+07	-9.87528983E+06	 1.27646643E+06	 1.85120663E+06	 2.22808046E+06	 1.58747246E+06
 7.600000E-01	 8.38010109E+07	 1.11963268E+08	-2.49075813E+07	-9.27613022E+06	 1.16215542E+06	 2.04817417E+06	 2.45843033E+06	 1.53405515E+06
 7.650000E-01	 8.39916806E+07	 1.14043593E+08	-2.52929489E+07	-8.51999621E+06	 1.14032191E+06	 2.09924521E+06	 2.45078523E+06	 1.48088260E+06
 7.700000E-01	 8.42602666E+07	 1.16289426E+08	-2.56492686E+07	-7.55433021E+06	 1.09146347E+06	 2.17770714E+06	 2.50953602E+06	 1.45835082E+06
 7.750000E-01	 8.41600730E+07	 1.18083881E+08	-2.57745994E+07	-6.44017018E+06	 8.91597317E+05	 2.45205639E+06	 2.91414853E+06	 1.51398027E+06
 7.800000E-01	 8.32476151E+07	 1.18767083E+08	-2.54803486E+07	-5.22902577E+06	 7.01397426E+05	 2.68198918E+06	 3.23154723E+06	 1.56588656E+06
 7.850000E-01	 8.20685665E+07	 1.19064003E+08	-2.50226624E+07	-3.89005527E+06	 6.91556869E+05	 2.63795931E+06	 3.06202078E+06	 1.51105210E+06
 7.900000E-01	 8.12517248E+07	 1.19872518E+08	-2.46773494E+07	-2.39312291E+06	 7.19667637E+05	 2.52839887E+06	 2.79466440E+06	 1.43404150E+06
 7.950000E-01	 8.04687403E+07	 1.20718207E+08	-2.42956031E+07	-7.77604142E+05	 6.09625337E+05	 2.58468753E+06	 2.85193225E+06	 1.45953556E+06
 8.000000E-01	 7.92204715E+07	 1.20833056E+08	-2.36675455E+07	 9.16262905E+05	 4.22280725E+05	 2.72022632E+06	 3.07575117E+06	 1.56696425E+06
 8.050000E-01	 7.75011947E+07	 1.20164297E+08	-2.28216470E+07	 2.70119796E+06	 2.58215757E+05	 2.80596761E+06	 3.23003755E+06	 1.68742211E+06
 8.100000E-01	 7.54231091E+07	 1.18848679E+08	-2.18300854E+07	 4.57807618E+06	 1.10333659E+05	 2.85320071E+06	 3.32541265E+06	 1.79285013E+06
 8.150000E-01	 7.30108057E+07	 1.16892516E+08	-2.06796721E+07	 6.49080766E+06	-3.00469118E+04	 2.87994137E+06	 3.38035885E+06	 1.86851544E+06
 8.200000E-01	 7.03787073E+07	 1.14442864E+08	-1.94025907E+07	 8.39566431E+06	-6.01513210E+04	 2.78687838E+06	 3.18449855E+06	 1.82516386E+06
 8.250000E-01	 6.81319756E+07	 1.12466693E+08	-1.82901690E+07	 1.03399913E+07	 7.55699240E+04	 2.53178186E+06	 2.64811301E+06	 1.60939024E+06
 8.300000E-01	 6.67126435E+07	 1.11712268E+08	-1.75292089E+07	 1.24095207E+07	 1.22624034E+05	 2.36305659E+06	 2.31511141E+06	 1.49580178E+06
 8.350000E-01	 6.52051339E+07	 1.10664896E+08	-1.67090951E+07	 1.45017620E+07	-1.32372527E+05	 2.45317588E+06	 2.58280608E+06	 1.72848887E+06
 8.400000E-01	 6.26721313E+07	 1.07707191E+08	-1.54760485E+07	 1.63983032E+07	-4.11968092E+05	 2.54139087E+06	 2.87005797E+06	 1.99239115E+06
 8.450000E-01	 5.97840322E+07	 1.03944488E+08	-1.41777136E+07	 1.81294889E+07	-4.29544802E+05	 2.40428360E+06	 2.64837500E+06	 1.94710765E+06
 8.500000E-01	 5.74013280E+07	 1.00859478E+08	-1.31696153E+07	 1.98661467E+07	-3.68384028E+05	 2.21244301E+06	 2.29793126E+06	 1.80546196E+06
 8.550000E-01	 5.52114961E+07	 9.79145329E+07	-1.22610982E+07	 2.15441340E+07	-4.44478601E+05	 2.12893131E+06	 2.20891068E+06	 1.82500563E+06
 8.600000E-01	 5.27701551E+07	 9.43267722E+07	-1.12412181E+07	 2.30163442E+07	-5.17592918E+05	 2.04967507E+06	 2.12962458E+06	 1.84810544E+06
 8.650000E-01	 5.04827230E+07	 9.08270133E+07	-1.03249577E+07	 2.43731024E+07	-4.44220169E+05	 1.88869411E+06	 1.83130101E+06	 1.70713432E+06
 8.700000E-01	 4.87435449E+07	 8.81333416E+07	-9.65769254E+06	 2.58055597E+07	-4.40207191E+05	 1.77579927E+06	 1.66453454E+06	 1.67666239E+06
 8.750000E-01	 4.67865955E+07	 8.48833379E+07	-8.88390521E+06	 2.70580889E+07	-6.79258919E+05	 1.77886300E+06	 1.85726087E+06	 1.94445422E+06
 8.800000E-01	 4.39680983E+07	 7.99404992E+07	-7.73444995E+06	 2.78031730E+07	-7.90107215E+05	 1.70677294E+06	 1.84597357E+06	 2.00147504E+06
 8.850000E-01	 4.15858691E+07	 7.56669597E+07	-6.78498274E+06	 2.84926585E+07	-4.43411744E+05	 1.49471489E+06	 1.27979740E+06	 1.50371046E+06
 8.900000E-01	 4.08755446E+07	 7.42809323E+07	-6.36052906E+06	 2.99909915E+07	-2.23285405E+05	 1.31697047E+06	 8.37178508E+05	 1.14959155E+06
 8.950000E-01	 4.01355148E+07	 7.26686331E+07	-5.93511136E+06	 3.13521010E+07	-5.84926035E+05	 1.33757222E+06	 1.12960067E+06	 1.56947786E+06
 9.000000E-01	 3.75666504E+07	 6.76789192E+07	-4.83262641E+06	 3.15315647E+07	-1.08171286E+06	 1.25648430E+06	 1.39617450E+06	 1.96385438E+06
 9.050000E-01	 3.43427506E+07	 6.14484472E+07	-3.67978953E+06	 3.07929764E+07	-9.72408614E+05	 1.15630496E+06	 1.23180249E+06	 1.81530525E+06
 9.100000E-01	 3.21077042E+07	 5.69916263E+07	-2.79775105E+06	 3.05842815E+07	-7.11621776E+05	 8.63207251E+05	 6.06482444E+05	 1.10684170E+06
 9.150000E-01	 3.10361471E+07	 5.43745462E+07	-2.07001999E+06	 3.09200698E+07	-4.85146727E+05	 7.75471505E+05	 3.65310152E+05	 9.34067436E+05
 9.200000E-01	 3.00608962E+07	 5.19823132E+07	-1.81038921E+06	 3.10244072E+07	-7.73118093E+05	 2.73705786E+05	-3.34586795E+05	 1.17953099E+05
 9.250000E-01	 2.92512221E+07	 4.93916559E+07	-4.22835742E+05	 3.12105097E+07	-1.33590722E+06	 9.11136062E+04	 5.41367097E+03	 1.13173582E+06
 9.300000E-01	 2.56811294E+07	 4.27490485E+07	-7.48771166E+05	 2.81314477E+07	-1.84323419E+06	-8.27802154E+05	-1.28073359E+06	-5.47069384E+05
 9.350000E-01	 2.40532661E+07	 3.87361256E+07	 1.85027957E+06	 2.75221392E+07	-1.86414725E+06	-6.65562538E+05	-4.34036606E+05	 1.26104061E+06
 9.400000E-01	 2.06121080E+07	 3.29511699E+07	 2.07492536E+05	 2.41539874E+07	-7.40559046E+05	 3.58084192E+04	-5.98592205E+04	 1.13815079E+06
 9.450000E-01	 1.87912064E+07	 3.03985674E+07	 3.29706202E+06	 2.80911701E+07	-1.71302167E+06	-2.71907354E+05	 6.49833892E+05	 3.09715793E+06
 9.500000E-01	 1.50859970E+07	 2.34225053E+07	 3.24565273E+05	 2.07287962E+07	 4.90846080E+06	 9.97021796E+06	 1.38090890E+07	 1.76117047E+07
 9.550000E-01	 5.11046235E+06	 1.50779816E+07	 4.23392624E+06	 3.13998867E+07	-2.53452061E+06	 2.71529234E+05	 2.81456500E+06	 6.48932744E+06
 9.600000E-01	 8.76383673E+06	 1.14907743E+07	-3.08186747E+06	 1.19360516E+07	 1.61757947E+07	 2.58646204E+07	 3.33259564E+07	 3.93241810E+07
 9.650000E-01	 2.72885898E+06	 1.12690229E+07	 6.90602904E+06	 2.56694625E+07	-3.21281907E+06	-2.61682370E+06	-4.72264224E+06	-3.66626289E+06
 9.700000E-01	 1.85029902E+07	 2.69622653E+07	 2.62627859E+07	 4.44415921E+07	-1.29727998E+07	-1.22751806E+07	-1.03107204E+07	-1.43620958E+07
 9.750000E-01	 5.23605285E+07	-1.74805943E+07	-7.15525271E+07	-7.67426426E+07	-1.52031863E+06	-6.70721286E+06	-2.16792751E+07	-4.15838089E+07
 9.800000E-01	 1.68347714E+08	-2.60745189E+07	-2.22728678E+07	-1.24421465E+08	-1.10228023E+08	-2.32142478E+07	 1.36418774E+08	 1.72173488E+08
 9.850000E-01	-6.09910675E+08	-4.23617567E+08	 2.09483494E+08	 3.05423101E+08	 3.48427370E+08	 4.11275135E+08	 1.03399359E+08	-1.63243134E+08
 9.900000E-01	 2.17563797E+08	 2.44401566E+08	 4.24871789E+08	 3.79610280E+08	-2.77449423E+08	-2.15344579E+07	-3.36548391E+08	-4.35319024E+07
 9.950000E-01	-5.93550508E+08	-9.32618145E+08	 9.08486652E+07	 3.27926524E+08	 2.58861466E+08	 8.93961638E+08	-6.28351287E+08	 9.70463046E+07
 1.000000E+00	 0.00000000E+00	 0.00000000E+00	 0.00000000E+00	 0.00000000E+00	 0.00000000E+00	 0.00000000E+00	 0.00000000E+00	 0.00000000E+00
