r	R  6/ 6	R  7/ 6	R  8/ 6	R  9/ 6	I  6/ 6	I  7/ 6	I  8/ 6	I  9/ 6
 0.000000E+00	 0.00000000E+00	 0.00000000E+00	 0.00000000E+00	 0.00000000E+00	 0.00000000E+00	 0.00000000E+00	 0.00000000E+00	 0.00000000E+00
 5.000000E-03	 5.79063710E-07	-1.58885900E-08	-3.01494013E-07	-2.06703362E-09	-2.09321464E-05	 7.22844064E-07	 1.08091905E-05	 6.28352651E-08
 1.000000E-02	 1.80129761E-05	-1.59809532E-07	-3.44412035E-06	-1.05011950E-07	-6.47416609E-04	 8.44486229E-06	 1.22110153E-04	 3.90479704E-06
 1.500000E-02	 1.68990644E-04	 6.30417799E-07	-1.63426737E-05	-8.62310869E-07	-6.04249782E-03	-4.74166089E-06	 5.71000424E-04	 3.18047764E-05
 2.000000E-02	 8.81237327E-04	 1.24529675E-05	-5.06973730E-05	-3.81786576E-06	-3.13949206E-02	-3.66266692E-04	 1.75033114E-03	 1.37625772E-04
 2.500000E-02	 3.24409152E-03	 7.60112493E-05	-1.21676344E-04	-1.20074604E-05	-1.15306489E-01	-2.43321152E-03	 4.18403179E-03	 4.25788705E-04
 3.000000E-02	 9.49554046E-03	 3.04784484E-04	-2.42569584E-04	-2.99889552E-05	-3.37122784E-01	-1.00316330E-02	 8.45110726E-03	 1.06569097E-03
 3.500000E-02	 2.36355655E-02	 9.53591513E-04	-4.13446785E-04	-6.15532638E-05	-8.39161583E-01	-3.18540025E-02	 1.50147503E-02	 2.30063871E-03
 4.000000E-02	 5.21707193E-02	 2.52276628E-03	-6.16952541E-04	-1.07831004E-04	-1.85374918E+00	-8.50681053E-02	 2.39025603E-02	 4.43448767E-03
 4.500000E-02	 1.05013669E-01	 5.90813137E-03	-8.16345118E-04	-1.69998788E-04	-3.73491661E+00	-2.00447772E-01	 3.41646364E-02	 7.77662378E-03
 5.000000E-02	 1.96502464E-01	 1.25948983E-02	-9.08515287E-04	-2.39408094E-04	-6.99451062E+00	-4.29343639E-01	 4.30041176E-02	 1.25402347E-02
 5.500000E-02	 3.46484591E-01	 2.49000786E-02	-6.45506552E-04	-2.76466103E-04	-1.23424197E+01	-8.52693894E-01	 4.44849078E-02	 1.86531947E-02
 6.000000E-02	 5.81452271E-01	 4.62652237E-02	 4.65538038E-04	-1.81650765E-04	-2.07305009E+01	-1.59231905E+00	 2.77001460E-02	 2.54568125E-02
 6.500000E-02	 9.35717934E-01	 8.16106014E-02	 3.24816012E-03	 2.48702788E-04	-3.33996453E+01	-2.82470496E+00	-2.57407775E-02	 3.12811821E-02
 7.000000E-02	 1.45281470E+00	 1.37858560E-01	 8.71606362E-03	 1.25501468E-03	-5.19292335E+01	-4.79753901E+00	-1.45005105E-01	 3.27606552E-02
 7.500000E-02	 2.18721610E+00	 2.24610418E-01	 1.79527690E-02	 2.99415317E-03	-7.82880998E+01	-7.84991430E+00	-3.74475357E-01	 2.38394988E-02
 8.000000E-02	 3.20598914E+00	 3.54841451E-01	 3.23906288E-02	 5.58291225E-03	-1.14886277E+02	-1.24362621E+01	-7.79653456E-01	-5.56847061E-03
 8.500000E-02	 4.59025267E+00	 5.45651609E-01	 5.42215178E-02	 9.21932640E-03	-1.64626432E+02	-1.91532735E+01	-1.45450323E+00	-7.14498882E-02
 9.000000E-02	 6.43650484E+00	 8.18984838E-01	 8.69620349E-02	 1.44746918E-02	-2.30955536E+02	-2.87701483E+01	-2.53044775E+00	-1.98144847E-01
 9.500000E-02	 8.85763999E+00	 1.20232938E+00	 1.36068628E-01	 2.26141117E-02	-3.17914431E+02	-4.22611386E+01	-4.18683711E+00	-4.21476996E-01
 1.000000E-01	 1.19838207E+01	 1.72944624E+00	 2.09482646E-01	 3.58366239E-02	-4.30188018E+02	-6.08409595E+01	-6.66307159E+00	-7.92401781E-01
 1.050000E-01	 1.59633310E+01	 2.44126994E+00	 3.17802222E-01	 5.74452878E-02	-5.73153770E+02	-8.60028070E+01	-1.02726762E+01	-1.38109254E+00
 1.100000E-01	 2.09651006E+01	 3.38811436E+00	 4.72934583E-01	 9.08330025E-02	-7.52942065E+02	-1.19562697E+02	-1.54193281E+01	-2.28192790E+00
 1.150000E-01	 2.71820913E+01	 4.63221574E+00	 6.87598656E-01	 1.38534702E-01	-9.76489460E+02	-1.63712519E+02	-2.26172813E+01	-3.61984715E+00
 1.200000E-01	 3.48328589E+01	 6.24836577E+00	 9.78490018E-01	 2.04044736E-01	-1.25160910E+03	-2.21083126E+02	-3.25171813E+01	-5.55809160E+00
 1.250000E-01	 4.41606400E+01	 8.32388970E+00	 1.36917687E+00	 2.93929927E-01	-1.58703713E+03	-2.94800941E+02	-4.59324835E+01	-8.30695588E+00
 1.300000E-01	 5.54319598E+01	 1.09596042E+01	 1.89012455E+00	 4.17847405E-01	-1.99241324E+03	-3.88529590E+02	-6.38646991E+01	-1.21330467E+01
 1.350000E-01	 6.89380582E+01	 1.42718904E+01	 2.57812586E+00	 5.87850974E-01	-2.47832557E+03	-5.06528845E+02	-8.75330824E+01	-1.73692550E+01
 1.400000E-01	 8.49970925E+01	 1.83963697E+01	 3.47511099E+00	 8.16315982E-01	-3.05634123E+03	-6.53715947E+02	-1.18407451E+02	-2.44254977E+01
 1.450000E-01	 1.03957191E+02	 2.34918265E+01	 4.62807147E+00	 1.11471832E+00	-3.73903383E+03	-8.35735870E+02	-1.58246777E+02	-3.38008096E+01
 1.500000E-01	 1.26196231E+02	 2.97410173E+01	 6.09220848E+00	 1.49638771E+00	-4.53996186E+03	-1.05902543E+03	-2.09150217E+02	-4.60997919E+01
 1.550000E-01	 1.52115492E+02	 3.73488916E+01	 7.93539928E+00	 1.97992741E+00	-5.47349556E+03	-1.33083588E+03	-2.73620513E+02	-6.20562845E+01
 1.600000E-01	 1.82137947E+02	 4.65384405E+01	 1.02430584E+01	 2.59434466E+00	-6.55491855E+03	-1.65929900E+03	-3.54587678E+02	-8.25498046E+01
 1.650000E-01	 2.16702194E+02	 5.75475264E+01	 1.31185116E+01	 3.38092815E+00	-7.80038667E+03	-2.05345177E+03	-4.55444824E+02	-1.08621121E+02
 1.700000E-01	 2.56268166E+02	 7.06445720E+01	 1.66710836E+01	 4.37717884E+00	-9.22684369E+03	-2.52324867E+03	-5.80084537E+02	-1.41487649E+02
 1.750000E-01	 3.01326740E+02	 8.61445685E+01	 2.10124612E+01	 5.60597536E+00	-1.08518737E+04	-3.07959584E+03	-7.32952573E+02	-1.82564478E+02
 1.800000E-01	 3.52385436E+02	 1.04389282E+02	 2.62750468E+01	 7.09996362E+00	-1.26934562E+04	-3.73433258E+03	-9.19090017E+02	-2.33492571E+02
 1.850000E-01	 4.09967787E+02	 1.25727405E+02	 3.26200467E+01	 8.92197081E+00	-1.47705847E+04	-4.50035096E+03	-1.14405874E+03	-2.96131792E+02
 1.900000E-01	 4.74621376E+02	 1.50528570E+02	 4.02257336E+01	 1.11480802E+01	-1.71034607E+04	-5.39166941E+03	-1.41398504E+03	-3.72567413E+02
 1.950000E-01	 5.46918965E+02	 1.79201291E+02	 4.92807368E+01	 1.38493217E+01	-1.97130812E+04	-6.42338803E+03	-1.73567267E+03	-4.65145793E+02
 2.000000E-01	 6.27459873E+02	 2.12195529E+02	 5.99892215E+01	 1.70928429E+01	-2.26212021E+04	-7.61170430E+03	-2.11662881E+03	-5.76498159E+02
 2.050000E-01	 7.16868391E+02	 2.49999716E+02	 7.25766728E+01	 2.09487109E+01	-2.58503516E+04	-8.97391884E+03	-2.56508591E+03	-7.09567381E+02
 2.100000E-01	 8.15787673E+02	 2.93132805E+02	 8.72920370E+01	 2.54991255E+01	-2.94236666E+04	-1.05283550E+04	-3.09003307E+03	-8.67652412E+02
 2.150000E-01	 9.24865363E+02	 3.42132930E+02	 1.04408189E+02	 3.08452611E+01	-3.33644628E+04	-1.22941668E+04	-3.70122930E+03	-1.05445555E+03
 2.200000E-01	 1.04475750E+03	 3.97553306E+02	 1.24217784E+02	 3.71079431E+01	-3.76964402E+04	-1.42913275E+04	-4.40909153E+03	-1.27406038E+03
 2.250000E-01	 1.17612969E+03	 4.59959978E+02	 1.47029555E+02	 4.44250482E+01	-4.24437652E+04	-1.65406049E+04	-5.22464014E+03	-1.53091729E+03
 2.300000E-01	 1.31965978E+03	 5.29938905E+02	 1.73165539E+02	 5.29408556E+01	-4.76310942E+04	-1.90635096E+04	-6.15944940E+03	-1.82982958E+03
 2.350000E-01	 1.47604837E+03	 6.08106530E+02	 2.02960268E+02	 6.27983296E+01	-5.32838251E+04	-2.18823513E+04	-7.22558544E+03	-2.17591555E+03
 2.400000E-01	 1.64602599E+03	 6.95108568E+02	 2.36760944E+02	 7.41427213E+01	-5.94283804E+04	-2.50203229E+04	-8.43556068E+03	-2.57456748E+03
 2.450000E-01	 1.83034542E+03	 7.91610918E+02	 2.74925426E+02	 8.71259837E+01	-6.60919875E+04	-2.85013630E+04	-9.80231449E+03	-3.03144073E+03
 2.500000E-01	 2.02978554E+03	 8.98299761E+02	 3.17814079E+02	 1.01904906E+02	-7.33027295E+04	-3.23500791E+04	-1.13391180E+04	-3.55240394E+03
 2.550000E-01	 2.24515282E+03	 1.01587396E+03	 3.65784927E+02	 1.18644111E+02	-8.10895529E+04	-3.65916649E+04	-1.30594692E+04	-4.14347159E+03
 2.600000E-01	 2.47726166E+03	 1.14499250E+03	 4.19189910E+02	 1.37542715E+02	-8.94820003E+04	-4.12516627E+04	-1.49769622E+04	-4.81073762E+03
 2.650000E-01	 2.72693366E+03	 1.28625298E+03	 4.78363284E+02	 1.58826029E+02	-9.85106661E+04	-4.63559694E+04	-1.71051233E+04	-5.56027776E+03
 2.700000E-01	 2.99503801E+03	 1.44033697E+03	 5.43642269E+02	 1.82633412E+02	-1.08207727E+05	-5.19309795E+04	-1.94573557E+04	-6.39805423E+03
 2.750000E-01	 3.28252776E+03	 1.60812650E+03	 6.15410430E+02	 2.08984233E+02	-1.18606846E+05	-5.80035637E+04	-2.20469140E+04	-7.32982154E+03
 2.800000E-01	 3.59041702E+03	 1.79049698E+03	 6.94064331E+02	 2.37968893E+02	-1.29743433E+05	-6.46011520E+04	-2.48868616E+04	-8.36107707E+03
 2.850000E-01	 3.91972267E+03	 1.98810022E+03	 7.79934987E+02	 2.69840342E+02	-1.41654641E+05	-7.17514427E+04	-2.79898231E+04	-9.49699998E+03
 2.900000E-01	 4.27148246E+03	 2.20157098E+03	 8.73316770E+02	 3.04803072E+02	-1.54379161E+05	-7.94820761E+04	-3.13676468E+04	-1.07422520E+04
 2.950000E-01	 4.64680804E+03	 2.43177874E+03	 9.74559646E+02	 3.42894225E+02	-1.67957028E+05	-8.78209943E+04	-3.50316424E+04	-1.21009162E+04
 3.000000E-01	 5.04683035E+03	 2.67963760E+03	 1.08403057E+03	 3.84155200E+02	-1.82428186E+05	-9.67958789E+04	-3.89924013E+04	-1.35764512E+04
 3.050000E-01	 5.47269582E+03	 2.94590475E+03	 1.20202991E+03	 4.28741341E+02	-1.97834033E+05	-1.06434641E+05	-4.32596712E+04	-1.51717573E+04
 3.100000E-01	 5.92563408E+03	 3.23132947E+03	 1.32881882E+03	 4.76802346E+02	-2.14219586E+05	-1.16766646E+05	-4.78426646E+04	-1.68893229E+04
 3.150000E-01	 6.40696773E+03	 3.53680542E+03	 1.46467324E+03	 5.28397195E+02	-2.31632713E+05	-1.27822709E+05	-5.27500993E+04	-1.87312303E+04
 3.200000E-01	 6.91816069E+03	 3.86333666E+03	 1.60987830E+03	 5.83571366E+02	-2.50125992E+05	-1.39636703E+05	-5.79908770E+04	-2.06993764E+04
 3.250000E-01	 7.46077218E+03	 4.21190999E+03	 1.76466639E+03	 6.42399866E+02	-2.69755692E+05	-1.52244834E+05	-6.35735836E+04	-2.27952774E+04
 3.300000E-01	 8.03643109E+03	 4.58351492E+03	 1.92921304E+03	 7.04932246E+02	-2.90580775E+05	-1.65684982E+05	-6.95061094E+04	-2.50197443E+04
 3.350000E-01	 8.64685507E+03	 4.97922080E+03	 2.10368192E+03	 7.71158858E+02	-3.12663238E+05	-1.79997361E+05	-7.57964111E+04	-2.73729001E+04
 3.400000E-01	 9.29378928E+03	 5.40012412E+03	 2.28823403E+03	 8.41030407E+02	-3.36065949E+05	-1.95223264E+05	-8.24528052E+04	-2.98541705E+04
 3.450000E-01	 9.97898597E+03	 5.84730083E+03	 2.48302606E+03	 9.14469912E+02	-3.60852096E+05	-2.11404092E+05	-8.94840712E+04	-3.24622390E+04
 3.500000E-01	 1.07041641E+04	 6.32181841E+03	 2.68822033E+03	 9.91339736E+02	-3.87083576E+05	-2.28579863E+05	-9.68990899E+04	-3.51948199E+04
 3.550000E-01	 1.14710270E+04	 6.82479960E+03	 2.90402312E+03	 1.07145637E+03	-4.14821279E+05	-2.46790303E+05	-1.04707614E+05	-3.80489353E+04
 3.600000E-01	 1.22812575E+04	 7.35729140E+03	 3.13060574E+03	 1.15470170E+03	-4.44125235E+05	-2.66075397E+05	-1.12919694E+05	-4.10211510E+04
 3.650000E-01	 1.31365659E+04	 7.92018846E+03	 3.36801547E+03	 1.24106074E+03	-4.75057184E+05	-2.86476622E+05	-1.21544094E+05	-4.41079042E+04
 3.700000E-01	 1.40388211E+04	 8.51458821E+03	 3.61631681E+03	 1.33045320E+03	-5.07685325E+05	-3.08039855E+05	-1.30586974E+05	-4.73058418E+04
 3.750000E-01	 1.49900563E+04	 9.14206389E+03	 3.87571981E+03	 1.42264007E+03	-5.42083431E+05	-3.30815104E+05	-1.40050218E+05	-5.06115959E+04
 3.800000E-01	 1.59923905E+04	 9.80442658E+03	 4.14643303E+03	 1.51738074E+03	-5.78327630E+05	-3.54855041E+05	-1.49931419E+05	-5.40215402E+04
 3.850000E-01	 1.70480029E+04	 1.05034558E+04	 4.42855227E+03	 1.61457508E+03	-6.16495999E+05	-3.80215975E+05	-1.60227405E+05	-5.75320395E+04
 3.900000E-01	 1.81591659E+04	 1.12408297E+04	 4.72209688E+03	 1.71429504E+03	-6.56670218E+05	-4.06960515E+05	-1.70938930E+05	-6.11396473E+04
 3.950000E-01	 1.93281669E+04	 1.20180577E+04	 5.02698645E+03	 1.81669187E+03	-6.98933342E+05	-4.35155556E+05	-1.82069933E+05	-6.48402004E+04
 4.000000E-01	 2.05573244E+04	 1.28369170E+04	 5.34325490E+03	 1.92169313E+03	-7.43370129E+05	-4.64872106E+05	-1.93624430E+05	-6.86278499E+04
 4.050000E-01	 2.18490531E+04	 1.36998867E+04	 5.67130935E+03	 2.02889330E+03	-7.90067777E+05	-4.96186449E+05	-2.05606594E+05	-7.24955551E+04
 4.100000E-01	 2.32060194E+04	 1.46097851E+04	 6.01160642E+03	 2.13787265E+03	-8.39121099E+05	-5.29182108E+05	-2.18020670E+05	-7.64354502E+04
 4.150000E-01	 2.46309772E+04	 1.55690600E+04	 6.36414950E+03	 2.24840086E+03	-8.90627867E+05	-5.63943996E+05	-2.30866712E+05	-8.04373914E+04
 4.200000E-01	 2.61264615E+04	 1.65794622E+04	 6.72834734E+03	 2.36038902E+03	-9.44678819E+05	-6.00550158E+05	-2.44136126E+05	-8.44877766E+04
 4.250000E-01	 2.76949861E+04	 1.76424168E+04	 7.10326153E+03	 2.47376999E+03	-1.00136555E+06	-6.39079596E+05	-2.57815327E+05	-8.85706136E+04
 4.300000E-01	 2.93393631E+04	 1.87600956E+04	 7.48825315E+03	 2.58805302E+03	-1.06079093E+06	-6.79621624E+05	-2.71889423E+05	-9.26680640E+04
 4.350000E-01	 3.10626336E+04	 1.99359624E+04	 7.88337886E+03	 2.70217850E+03	-1.12306350E+06	-7.22272798E+05	-2.86341850E+05	-9.67605584E+04
 4.400000E-01	 3.28679635E+04	 2.11735352E+04	 8.28859110E+03	 2.81534857E+03	-1.18829475E+06	-7.67135257E+05	-3.01153496E+05	-1.00826639E+05
 4.450000E-01	 3.47585869E+04	 2.24752099E+04	 8.70293905E+03	 2.92748888E+03	-1.25660213E+06	-8.14317184E+05	-3.16300982E+05	-1.04842627E+05
 4.500000E-01	 3.67378484E+04	 2.38434610E+04	 9.12529475E+03	 3.03829951E+03	-1.32810925E+06	-8.63931921E+05	-3.31755570E+05	-1.08782640E+05
 4.550000E-01	 3.88093347E+04	 2.52821917E+04	 9.55515983E+03	 3.14659970E+03	-1.40294485E+06	-9.16097859E+05	-3.47483317E+05	-1.12618092E+05
 4.600000E-01	 4.09768733E+04	 2.67956258E+04	 9.99193900E+03	 3.25118160E+03	-1.48124383E+06	-9.70939125E+05	-3.63444415E+05	-1.16316824E+05
 4.650000E-01	 4.32443600E+04	 2.83869273E+04	 1.04341114E+04	 3.35147089E+03	-1.56314663E+06	-1.02858334E+06	-3.79591627E+05	-1.19843607E+05
 4.700000E-01	 4.56159671E+04	 3.00592132E+04	 1.08797463E+04	 3.44674133E+03	-1.64880550E+06	-1.08916428E+06	-3.95868882E+05	-1.23159557E+05
 4.750000E-01	 4.80962583E+04	 3.18166455E+04	 1.13270839E+04	 3.53550219E+03	-1.73838356E+06	-1.15282117E+06	-4.12209298E+05	-1.26220882E+05
 4.800000E-01	 5.06899704E+04	 3.36634286E+04	 1.17740371E+04	 3.61626893E+03	-1.83204895E+06	-1.21969622E+06	-4.28534801E+05	-1.28979262E+05
 4.850000E-01	 5.34019418E+04	 3.56029308E+04	 1.22177413E+04	 3.68810614E+03	-1.92997810E+06	-1.28993828E+06	-4.44757497E+05	-1.31383264E+05
 4.900000E-01	 5.62373205E+04	 3.76392317E+04	 1.26553604E+04	 3.74955477E+03	-2.03235955E+06	-1.36370788E+06	-4.60781356E+05	-1.33379487E+05
 4.950000E-01	 5.92015563E+04	 3.97783658E+04	 1.30847238E+04	 3.79797342E+03	-2.13938502E+06	-1.44117432E+06	-4.76502776E+05	-1.34913357E+05
 5.000000E-01	 6.23000135E+04	 4.20260317E+04	 1.35029935E+04	 3.83131173E+03	-2.25124055E+06	-1.52251301E+06	-4.91810878E+05	-1.35929821E+05
 5.050000E-01	 6.55376572E+04	 4.43854960E+04	 1.39055666E+04	 3.84939297E+03	-2.36810810E+06	-1.60790977E+06	-5.06588957E+05	-1.36374619E+05
 5.100000E-01	 6.89191777E+04	 4.68602202E+04	 1.42876888E+04	 3.85173669E+03	-2.49016475E+06	-1.69756093E+06	-5.20712277E+05	-1.36193361E+05
 5.150000E-01	 7.24494732E+04	 4.94569634E+04	 1.46461897E+04	 3.83581476E+03	-2.61758466E+06	-1.79168012E+06	-5.34053093E+05	-1.35332424E+05
 5.200000E-01	 7.61338408E+04	 5.21839705E+04	 1.49782578E+04	 3.79903577E+03	-2.75055043E+06	-1.89051181E+06	-5.46484842E+05	-1.33738002E+05
 5.250000E-01	 7.99772424E+04	 5.50478653E+04	 1.52798207E+04	 3.74060381E+03	-2.88924136E+06	-1.99431820E+06	-5.57874345E+05	-1.31354370E+05
 5.300000E-01	 8.39836479E+04	 5.80540943E+04	 1.55461625E+04	 3.66031375E+03	-3.03380845E+06	-2.10335040E+06	-5.68073205E+05	-1.28125098E+05
 5.350000E-01	 8.81570675E+04	 6.12094346E+04	 1.57729666E+04	 3.55689821E+03	-3.18440203E+06	-2.21786760E+06	-5.76918093E+05	-1.23989043E+05
 5.400000E-01	 9.25022783E+04	 6.45230786E+04	 1.59565450E+04	 3.42773697E+03	-3.34119286E+06	-2.33815895E+06	-5.84238394E+05	-1.18881287E+05
 5.450000E-01	 9.70246538E+04	 6.80061347E+04	 1.60933549E+04	 3.26929666E+03	-3.50436361E+06	-2.46453862E+06	-5.89852963E+05	-1.12732962E+05
 5.500000E-01	 1.01730372E+05	 7.16691841E+04	 1.61782541E+04	 3.07936496E+03	-3.67412972E+06	-2.59736113E+06	-5.93557030E+05	-1.05460299E+05
 5.550000E-01	 1.06625667E+05	 7.55196684E+04	 1.62037825E+04	 2.85873063E+03	-3.85073239E+06	-2.73700646E+06	-5.95123271E+05	-9.69730392E+04
 5.600000E-01	 1.11717735E+05	 7.95667229E+04	 1.61625126E+04	 2.60633589E+03	-4.03444950E+06	-2.88387342E+06	-5.94296741E+05	-8.71760794E+04
 5.650000E-01	 1.17015446E+05	 8.38253880E+04	 1.60484115E+04	 2.31527761E+03	-4.22558185E+06	-3.03835585E+06	-5.90779855E+05	-7.59643955E+04
 5.700000E-01	 1.22527229E+05	 8.83092606E+04	 1.58538333E+04	 1.97946327E+03	-4.42440326E+06	-3.20079973E+06	-5.84235856E+05	-6.32347660E+04
 5.750000E-01	 1.28261270E+05	 9.30253585E+04	 1.55668979E+04	 1.59914646E+03	-4.63122080E+06	-3.37156189E+06	-5.74283315E+05	-4.88753228E+04
 5.800000E-01	 1.34227086E+05	 9.79809012E+04	 1.51744500E+04	 1.17481349E+03	-4.84640808E+06	-3.55105227E+06	-5.60500544E+05	-3.27666570E+04
 5.850000E-01	 1.40435851E+05	 1.03189677E+05	 1.46647114E+04	 7.00985859E+02	-5.07036309E+06	-3.73971458E+06	-5.42433958E+05	-1.47902440E+04
 5.900000E-01	 1.46899196E+05	 1.08668218E+05	 1.40255523E+04	 1.70273494E+02	-5.30347749E+06	-3.93801175E+06	-5.19602510E+05	 5.17007157E+03
 5.950000E-01	 1.53627985E+05	 1.14430651E+05	 1.32430519E+04	-4.21249471E+02	-5.54613037E+06	-4.14642330E+06	-4.91510580E+05	 2.72197781E+04
 6.000000E-01	 1.60632539E+05	 1.20488995E+05	 1.23015726E+04	-1.07437377E+03	-5.79870091E+06	-4.36545391E+06	-4.57639681E+05	 5.14583536E+04
 6.050000E-01	 1.67922559E+05	 1.26854323E+05	 1.11843202E+04	-1.78829670E+03	-6.06155892E+06	-4.59562382E+06	-4.17442564E+05	 7.79786613E+04
 6.100000E-01	 1.75508001E+05	 1.33539625E+05	 9.87428534E+03	-2.56339967E+03	-6.33508396E+06	-4.83749120E+06	-3.70337325E+05	 1.06876035E+05
 6.150000E-01	 1.83399801E+05	 1.40562026E+05	 8.35482465E+03	-3.40340828E+03	-6.61967350E+06	-5.09166284E+06	-3.15707220E+05	 1.38254114E+05
 6.200000E-01	 1.91609168E+05	 1.47940664E+05	 6.60916812E+03	-4.31308718E+03	-6.91572393E+06	-5.35877383E+06	-2.52913520E+05	 1.72213990E+05
 6.250000E-01	 2.00147162E+05	 1.55694526E+05	 4.61960061E+03	-5.29566658E+03	-7.22363305E+06	-5.63948731E+06	-1.81290777E+05	 2.08852866E+05
 6.300000E-01	 2.09025512E+05	 1.63843164E+05	 2.36694149E+03	-6.35270854E+03	-7.54383647E+06	-5.93453969E+06	-1.00127006E+05	 2.48279374E+05
 6.350000E-01	 2.18255736E+05	 1.72406463E+05	-1.68362937E+02	-7.48396786E+03	-7.87677819E+06	-6.24472458E+06	-8.69406473E+03	 2.90591631E+05
 6.400000E-01	 2.27848748E+05	 1.81406350E+05	-3.00464790E+03	-8.68980849E+03	-8.22287730E+06	-6.57086877E+06	 9.37154871E+04	 3.35848723E+05
 6.450000E-01	 2.37817260E+05	 1.90871908E+05	-6.16019581E+03	-9.97503404E+03	-8.58258784E+06	-6.91394116E+06	 2.07830866E+05	 3.84116539E+05
 6.500000E-01	 2.48171158E+05	 2.00834108E+05	-9.65216784E+03	-1.13440629E+04	-8.95625122E+06	-7.27495977E+06	 3.34333875E+05	 4.35425333E+05
 6.550000E-01	 2.58914181E+05	 2.11320253E+05	-1.34935202E+04	-1.27947932E+04	-9.34401107E+06	-7.65489877E+06	 4.73737017E+05	 4.89682344E+05
 6.600000E-01	 2.70046241E+05	 2.22358276E+05	-1.76944387E+04	-1.43229792E+04	-9.74587872E+06	-8.05476926E+06	 6.26446018E+05	 5.46724137E+05
 6.650000E-01	 2.81568737E+05	 2.33987297E+05	-2.22632213E+04	-1.59275070E+04	-1.01618928E+07	-8.47591373E+06	 7.92785836E+05	 6.06397957E+05
 6.700000E-01	 2.93480194E+05	 2.46249746E+05	-2.72035075E+04	-1.76042261E+04	-1.05919874E+07	-8.91981373E+06	 9.72894706E+05	 6.68473176E+05
 6.750000E-01	 3.05775588E+05	 2.59183642E+05	-3.25163839E+04	-1.93424239E+04	-1.10360071E+07	-9.38790634E+06	 1.16681624E+06	 7.32636899E+05
 6.800000E-01	 3.18441967E+05	 2.72820505E+05	-3.81952401E+04	-2.11277080E+04	-1.14935131E+07	-9.88137354E+06	 1.37432665E+06	 7.98386164E+05
 6.850000E-01	 3.31469757E+05	 2.87203597E+05	-4.42334720E+04	-2.29540790E+04	-1.19641332E+07	-1.04016588E+07	 1.59518944E+06	 8.65266959E+05
 6.900000E-01	 3.44852193E+05	 3.02383610E+05	-5.06254840E+04	-2.48184500E+04	-1.24475611E+07	-1.09504098E+07	 1.82916195E+06	 9.32847745E+05
 6.950000E-01	 3.58572319E+05	 3.18399537E+05	-5.73559255E+04	-2.67067544E+04	-1.29431352E+07	-1.15289282E+07	 2.07561358E+06	 1.00044247E+06
 7.000000E-01	 3.72612401E+05	 3.35290721E+05	-6.44083289E+04	-2.85971484E+04	-1.34502183E+07	-1.21386994E+07	 2.33387389E+06	 1.06737723E+06
 7.050000E-01	 3.86954553E+05	 3.53098349E+05	-7.17650149E+04	-3.04597623E+04	-1.39682504E+07	-1.27814771E+07	 2.60326822E+06	 1.13300171E+06
 7.100000E-01	 4.01581129E+05	 3.71866842E+05	-7.94041719E+04	-3.22663665E+04	-1.44966692E+07	-1.34590433E+07	 2.88299840E+06	 1.19655820E+06
 7.150000E-01	 4.16476742E+05	 3.91646150E+05	-8.73029637E+04	-3.40002851E+04	-1.50348654E+07	-1.41730390E+07	 3.17218973E+06	 1.25717502E+06
 7.200000E-01	 4.31624188E+05	 4.12481847E+05	-9.54365644E+04	-3.56401908E+04	-1.55821480E+07	-1.49249534E+07	 3.46987609E+06	 1.31386368E+06
 7.250000E-01	 4.47002831E+05	 4.34410133E+05	-1.03778082E+05	-3.71472035E+04	-1.61378426E+07	-1.57162838E+07	 3.77508360E+06	 1.36554981E+06
 7.300000E-01	 4.62593951E+05	 4.57470926E+05	-1.12300488E+05	-3.84825894E+04	-1.67013516E+07	-1.65486190E+07	 4.08686084E+06	 1.41106284E+06
 7.350000E-01	 4.78383779E+05	 4.81715759E+05	-1.20977234E+05	-3.96207518E+04	-1.72720801E+07	-1.74235467E+07	 4.40419263E+06	 1.44907492E+06
 7.400000E-01	 4.94356704E+05	 5.07190908E+05	-1.29778788E+05	-4.05255594E+04	-1.78493514E+07	-1.83425119E+07	 4.72591919E+06	 1.47803196E+06
 7.450000E-01	 5.10495368E+05	 5.33933227E+05	-1.38676945E+05	-4.11368934E+04	-1.84326287E+07	-1.93071158E+07	 5.05101516E+06	 1.49629324E+06
 7.500000E-01	 5.26778557E+05	 5.61971635E+05	-1.47638726E+05	-4.13873636E+04	-1.90212806E+07	-2.03187005E+07	 5.37833700E+06	 1.50194244E+06
 7.550000E-01	 5.43186320E+05	 5.91334779E+05	-1.56628057E+05	-4.12184636E+04	-1.96145469E+07	-2.13781667E+07	 5.70658103E+06	 1.49272441E+06
 7.600000E-01	 5.59706545E+05	 6.22061951E+05	-1.65615773E+05	-4.05709192E+04	-2.02119076E+07	-2.24867443E+07	 6.03467641E+06	 1.46631316E+06
 7.650000E-01	 5.76324623E+05	 6.54186019E+05	-1.74570634E+05	-3.93664826E+04	-2.08128893E+07	-2.36457481E+07	 6.36153274E+06	 1.42014566E+06
 7.700000E-01	 5.93027905E+05	 6.87733288E+05	-1.83463241E+05	-3.75203220E+04	-2.14171076E+07	-2.48562425E+07	 6.68615195E+06	 1.35134451E+06
 7.750000E-01	 6.09805217E+05	 7.22725531E+05	-1.92262245E+05	-3.49493885E+04	-2.20240956E+07	-2.61188130E+07	 7.00743476E+06	 1.25664963E+06
 7.800000E-01	 6.26654984E+05	 7.59186975E+05	-2.00951095E+05	-3.15660874E+04	-2.26337375E+07	-2.74342128E+07	 7.32478258E+06	 1.13275884E+06
 7.850000E-01	 6.43562924E+05	 7.97095315E+05	-2.09504917E+05	-2.72524172E+04	-2.32456284E+07	-2.88019262E+07	 7.63727336E+06	 9.75761778E+05
 7.900000E-01	 6.60511108E+05	 8.36412610E+05	-2.17893920E+05	-2.18794039E+04	-2.38592542E+07	-3.02208586E+07	 7.94382153E+06	 7.81259168E+05
 7.950000E-01	 6.77510018E+05	 8.77161324E+05	-2.26114408E+05	-1.53343550E+04	-2.44749762E+07	-3.16917088E+07	 8.24431827E+06	 5.44958985E+05
 8.000000E-01	 6.94558741E+05	 9.19333998E+05	-2.34139329E+05	-7.48037207E+03	-2.50926900E+07	-3.32140030E+07	 8.53779954E+06	 2.61634727E+05
 8.050000E-01	 7.11668241E+05	 9.62912621E+05	-2.41958139E+05	 1.83234229E+03	-2.57127951E+07	-3.47870855E+07	 8.82387348E+06	-7.41473055E+04
 8.100000E-01	 7.28862881E+05	 1.00786695E+06	-2.49576407E+05	 1.27560541E+04	-2.63362087E+07	-3.64099441E+07	 9.10271048E+06	-4.67822646E+05
 8.150000E-01	 7.46179540E+05	 1.05411362E+06	-2.57013213E+05	 2.54402283E+04	-2.69642747E+07	-3.80796079E+07	 9.37494838E+06	-9.24788239E+05
 8.200000E-01	 7.63658762E+05	 1.10151231E+06	-2.64290744E+05	 4.00352231E+04	-2.75984814E+07	-3.97911158E+07	 9.64129467E+06	-1.45042974E+06
 8.250000E-01	 7.81357554E+05	 1.14995741E+06	-2.71448249E+05	 5.66889352E+04	-2.82409712E+07	-4.15408988E+07	 9.90302955E+06	-2.04996515E+06
 8.300000E-01	 7.99335057E+05	 1.19936469E+06	-2.78513727E+05	 7.55571246E+04	-2.88939330E+07	-4.33259836E+07	 1.01611241E+07	-2.72906244E+06
 8.350000E-01	 8.17649697E+05	 1.24965121E+06	-2.85491330E+05	 9.67994729E+04	-2.95593973E+07	-4.51430546E+07	 1.04158775E+07	-3.49376289E+06
 8.400000E-01	 8.36400120E+05	 1.30074916E+06	-2.92420463E+05	 1.20555078E+05	-3.02408400E+07	-4.69894299E+07	 1.06687958E+07	-4.34926117E+06
 8.450000E-01	 8.55689988E+05	 1.35247793E+06	-2.99341352E+05	 1.46935446E+05	-3.09420509E+07	-4.88587975E+07	 1.09211442E+07	-5.29952355E+06
 8.500000E-01	 8.75666999E+05	 1.40467198E+06	-3.06335924E+05	 1.75996222E+05	-3.16684373E+07	-5.07454121E+07	 1.11756956E+07	-6.34652279E+06
 8.550000E-01	 8.96487385E+05	 1.45716833E+06	-3.13467475E+05	 2.07765414E+05	-3.24256112E+07	-5.26432953E+07	 1.14347520E+07	-7.49137387E+06
 8.600000E-01	 9.18270754E+05	 1.50975980E+06	-3.20733494E+05	 2.42289488E+05	-3.32178328E+07	-5.45448365E+07	 1.16982455E+07	-8.73585058E+06
 8.650000E-01	 9.41091883E+05	 1.56225769E+06	-3.28061523E+05	 2.79683568E+05	-3.40478135E+07	-5.64433048E+07	 1.19634372E+07	-1.00841476E+07
 8.700000E-01	 9.64984334E+05	 1.61447243E+06	-3.35300565E+05	 3.20132528E+05	-3.49167864E+07	-5.83318990E+07	 1.22248048E+07	-1.15429876E+07
 8.750000E-01	 9.89966605E+05	 1.66612341E+06	-3.42236006E+05	 3.63819385E+05	-3.58253610E+07	-6.02002838E+07	 1.24747151E+07	-1.31190376E+07
 8.800000E-01	 1.01606697E+06	 1.71681946E+06	-3.48630740E+05	 4.10848241E+05	-3.67744834E+07	-6.20342255E+07	 1.27045858E+07	-1.48161287E+07
 8.850000E-01	 1.04332986E+06	 1.76611602E+06	-3.54243048E+05	 4.61240463E+05	-3.77657700E+07	-6.38179184E+07	 1.29053090E+07	-1.66352164E+07
 8.900000E-01	 1.07177683E+06	 1.81353521E+06	-3.58762920E+05	 5.14994193E+05	-3.88000344E+07	-6.55342388E+07	 1.30654793E+07	-1.85763622E+07
 8.950000E-01	 1.10136881E+06	 1.85851956E+06	-3.61738998E+05	 5.72147588E+05	-3.98757783E+07	-6.71626870E+07	 1.31691205E+07	-2.06408587E+07
 9.000000E-01	 1.13195081E+06	 1.90040839E+06	-3.62544361E+05	 6.32815601E+05	-4.09872899E+07	-6.86790789E+07	 1.31938113E+07	-2.28328078E+07
 9.050000E-01	 1.16336330E+06	 1.93853340E+06	-3.60533186E+05	 6.97054938E+05	-4.21287392E+07	-7.00593813E+07	 1.31159095E+07	-2.51544844E+07
 9.100000E-01	 1.19534862E+06	 1.97205169E+06	-3.54795074E+05	 7.64646061E+05	-4.32908153E+07	-7.12733883E+07	 1.29020321E+07	-2.75983724E+07
 9.150000E-01	 1.22797308E+06	 2.00003244E+06	-3.44898778E+05	 8.34894092E+05	-4.44757680E+07	-7.22872608E+07	 1.25367402E+07	-3.01392557E+07
 9.200000E-01	 1.26022988E+06	 2.02152933E+06	-3.28575659E+05	 9.07617338E+05	-4.56472403E+07	-7.30668115E+07	 1.19378996E+07	-3.27708204E+07
 9.250000E-01	 1.29260914E+06	 2.03531102E+06	-3.06292500E+05	 9.81784342E+05	-4.68227395E+07	-7.35669780E+07	 1.11231628E+07	-3.54550137E+07
 9.300000E-01	 1.32280755E+06	 2.03991485E+06	-2.73578469E+05	 1.05752220E+06	-4.79191094E+07	-7.37351680E+07	 9.93039084E+06	-3.81970025E+07
 9.350000E-01	 1.34866063E+06	 2.03456069E+06	-2.26092252E+05	 1.13347001E+06	-4.88579101E+07	-7.35430528E+07	 8.20309174E+06	-4.09464722E+07
 9.400000E-01	 1.37222768E+06	 2.01682902E+06	-1.67232948E+05	 1.20704406E+06	-4.97125805E+07	-7.29025065E+07	 6.06322735E+06	-4.36116377E+07
 9.450000E-01	 1.39563949E+06	 1.98270611E+06	-1.03387975E+05	 1.27808857E+06	-5.05620821E+07	-7.16695667E+07	 3.74277722E+06	-4.61846092E+07
 9.500000E-01	 1.41326444E+06	 1.93342647E+06	-1.75696663E+04	 1.33810072E+06	-5.11963232E+07	-6.98853610E+07	 6.27878690E+05	-4.83592918E+07
 9.550000E-01	 1.43394243E+06	 1.85245943E+06	 6.86438284E+04	 1.39387510E+06	-5.19437060E+07	-6.69597782E+07	-2.49875383E+06	-5.03763047E+07
 9.600000E-01	 1.45851059E+06	 1.74632341E+06	 1.70044902E+05	 1.42247665E+06	-5.28254422E+07	-6.31184143E+07	-6.17021669E+06	-5.14096713E+07
 9.650000E-01	 1.44716841E+06	 1.64814726E+06	 2.02282944E+05	 1.44058686E+06	-5.24106527E+07	-5.95693352E+07	-7.34578522E+06	-5.20742061E+07
 9.700000E-01	 1.46504629E+06	 1.49376250E+06	 8.08664272E+04	 1.42806481E+06	-5.30513897E+07	-5.39789593E+07	-2.95650357E+06	-5.16151168E+07
 9.750000E-01	 2.33835489E+06	-1.78308457E+06	 1.30401239E+06	 2.65416533E+05	-8.46196514E+07	 6.45206183E+07	-4.71750397E+07	-9.58937630E+06
 9.800000E-01	 2.27448759E+07	-4.75330316E+07	 2.48905524E+07	-3.93930568E+06	-8.22453498E+08	 1.71894949E+09	-9.00021354E+08	 1.42574280E+08
 9.850000E-01	 4.59577871E+07	-2.22121832E+07	-4.09470730E+07	 1.99366550E+07	-1.66180838E+09	 8.03287811E+08	 1.48072550E+09	-7.21005573E+08
 9.900000E-01	-2.52314112E+07	 8.98535544E+06	 2.67432669E+07	 1.83442536E+05	 9.12417989E+08	-3.24971799E+08	-9.67009135E+08	-6.62763718E+06
 9.950000E-01	-1.09532090E+07	 6.15943537E+06	-5.21661743E+06	-1.77475167E+06	 3.96067628E+08	-2.22738379E+08	 1.88637311E+08	 6.41607809E+07
 1.000000E+00	 0.00000000E+00	 0.00000000E+00	 0.00000000E+00	 0.00000000E+00	 0.00000000E+00	 0.00000000E+00	 0.00000000E+00	 0.00000000E+00
