r	R  6/ 6	R  7/ 6	R  8/ 6	R  9/ 6	I  6/ 6	I  7/ 6	I  8/ 6	I  9/ 6
 0.000000E+00	 0.00000000E+00	 0.00000000E+00	 0.00000000E+00	 0.00000000E+00	 0.00000000E+00	 0.00000000E+00	 0.00000000E+00	 0.00000000E+00
 5.000000E-03	-1.94210685E-06	-5.26048476E-05	-3.57551213E-07	-3.15090609E-06	 8.37824144E-05	 1.88078580E-03	 1.12006285E-05	 1.16817666E-04
 1.000000E-02	-2.38077826E-05	-2.82566227E-04	-6.84899145E-06	-2.93611496E-05	 9.60152248E-04	 9.98555279E-03	 2.54984092E-04	 1.06611373E-03
 1.500000E-02	-1.56657124E-04	-8.74457616E-04	-3.61408090E-05	-1.04098561E-04	 6.05175413E-03	 3.05613112E-02	 1.33802093E-03	 3.70311166E-03
 2.000000E-02	-6.88417570E-04	-2.01496385E-03	-1.17865731E-04	-2.57187693E-04	 2.60115626E-02	 6.99097003E-02	 4.29933726E-03	 8.93199585E-03
 2.500000E-02	-2.30302802E-03	-3.86965893E-03	-2.93505763E-04	-5.23577472E-04	 8.60362163E-02	 1.34405848E-01	 1.06391971E-02	 1.77324100E-02
 3.000000E-02	-6.35416792E-03	-6.52675827E-03	-6.07677958E-04	-9.40690729E-04	 2.35865109E-01	 2.30534059E-01	 2.23690622E-02	 3.12032361E-02
 3.500000E-02	-1.52003694E-02	-1.00088892E-02	-1.10680076E-03	-1.52697852E-03	 5.62278677E-01	 3.64881213E-01	 4.20778290E-02	 5.06269064E-02
 4.000000E-02	-3.25816343E-02	-1.44680444E-02	-1.86361620E-03	-2.28113603E-03	 1.20368449E+00	 5.44031663E-01	 7.30619468E-02	 7.75720886E-02
 4.500000E-02	-6.40765111E-02	-2.01458151E-02	-2.95178159E-03	-3.26757708E-03	 2.36604015E+00	 7.74207126E-01	 1.19505065E-01	 1.14093411E-01
 5.000000E-02	-1.17637646E-01	-2.68989863E-02	-4.35702977E-03	-4.63811083E-03	 4.33992275E+00	 1.06070317E+00	 1.86456138E-01	 1.62993816E-01
 5.500000E-02	-2.04132417E-01	-3.38072547E-02	-5.90204536E-03	-6.53569084E-03	 7.51885696E+00	 1.40705551E+00	 2.79646352E-01	 2.28161750E-01
 6.000000E-02	-3.37871356E-01	-3.90171559E-02	-7.20446500E-03	-8.94475601E-03	 1.24181442E+01	 1.81372600E+00	 4.05300588E-01	 3.15114438E-01
 6.500000E-02	-5.36860993E-01	-4.10191219E-02	-8.19814924E-03	-1.13081356E-02	 1.96935353E+01	 2.27622048E+00	 5.69959203E-01	 4.31571523E-01
 7.000000E-02	-8.22815269E-01	-4.11942476E-02	-9.88924687E-03	-1.27359994E-02	 3.01567861E+01	 2.78237158E+00	 7.81426854E-01	 5.88452086E-01
 7.500000E-02	-1.22161743E+00	-4.32783741E-02	-1.39180970E-02	-1.31874202E-02	 4.47853249E+01	 3.30962003E+00	 1.04958501E+00	 8.01419222E-01
 8.000000E-02	-1.76396679E+00	-5.03804198E-02	-2.16423398E-02	-1.39852529E-02	 6.47308393E+01	 3.82306552E+00	 1.38422746E+00	 1.09179976E+00
 8.500000E-02	-2.48597790E+00	-6.30789551E-02	-3.31527142E-02	-1.75796856E-02	 9.13282122E+01	 4.27913195E+00	 1.79287307E+00	 1.48729351E+00
 9.000000E-02	-3.43002431E+00	-7.75241612E-02	-4.62267547E-02	-2.68831495E-02	 1.26105182E+02	 4.63054209E+00	 2.27716010E+00	 2.02192405E+00
 9.500000E-02	-4.64526669E+00	-8.48970701E-02	-5.63188931E-02	-4.41394575E-02	 1.70792558E+02	 4.84284428E+00	 2.83196400E+00	 2.73601272E+00
 1.000000E-01	-6.18771956E+00	-7.34937233E-02	-5.76374549E-02	-6.96282082E-02	 2.27334081E+02	 4.91855941E+00	 3.44881773E+00	 3.67768237E+00
 1.050000E-01	-8.11701786E+00	-4.19900500E-02	-5.04934883E-02	-9.99960906E-02	 2.97874691E+02	 4.99106208E+00	 4.13945264E+00	 4.90589058E+00
 1.100000E-01	-1.04923942E+01	-1.50223037E-02	-4.76538639E-02	-1.31262991E-01	 3.84730887E+02	 5.41202248E+00	 4.96850241E+00	 6.49605803E+00
 1.150000E-01	-1.33767521E+01	-3.03708845E-02	-6.22130092E-02	-1.66862651E-01	 4.90360533E+02	 6.83946638E+00	 6.09464161E+00	 8.55240603E+00
 1.200000E-01	-1.68439226E+01	-1.13343027E-01	-9.35922434E-02	-2.17188747E-01	 6.17383885E+02	 1.03067813E+01	 7.77274665E+00	 1.12092483E+01
 1.250000E-01	-2.09785096E+01	-2.80314071E-01	-1.34016526E-01	-2.90226458E-01	 7.68649083E+02	 1.71854907E+01	 1.02980034E+01	 1.46127908E+01
 1.300000E-01	-2.58711927E+01	-5.66901580E-01	-1.83749943E-01	-3.87814889E-01	 9.47227278E+02	 2.94819980E+01	 1.40920924E+01	 1.89319762E+01
 1.350000E-01	-3.16137098E+01	-1.05303211E+00	-2.66087147E-01	-5.08627333E-01	 1.15642255E+03	 5.02356268E+01	 1.98419104E+01	 2.43832431E+01
 1.400000E-01	-3.82946855E+01	-1.88171628E+00	-4.36179559E-01	-6.54899353E-01	 1.39979521E+03	 8.38205579E+01	 2.86196739E+01	 3.12552107E+01
 1.450000E-01	-4.60026057E+01	-3.22851640E+00	-7.58869160E-01	-8.38774777E-01	 1.68103297E+03	 1.35338949E+02	 4.18219052E+01	 3.99316359E+01
 1.500000E-01	-5.48214417E+01	-5.18661478E+00	-1.26556524E+00	-1.08016849E+00	 2.00339316E+03	 2.07521671E+02	 6.04912022E+01	 5.08336946E+01
 1.550000E-01	-6.48385596E+01	-7.77203751E+00	-1.94174310E+00	-1.39931491E+00	 2.36953097E+03	 3.01892795E+02	 8.55481663E+01	 6.43572143E+01
 1.600000E-01	-7.61665806E+01	-1.09913978E+01	-2.74405248E+00	-1.80363601E+00	 2.78206423E+03	 4.21539208E+02	 1.18321504E+02	 8.09194029E+01
 1.650000E-01	-8.88870965E+01	-1.48859130E+01	-3.70118295E+00	-2.28371120E+00	 3.24331640E+03	 5.69379558E+02	 1.60171510E+02	 1.00959443E+02
 1.700000E-01	-1.02987580E+02	-1.96068016E+01	-4.99100298E+00	-2.84738889E+00	 3.75490939E+03	 7.47125110E+02	 2.12323287E+02	 1.24912460E+02
 1.750000E-01	-1.18427913E+02	-2.52648842E+01	-6.73892550E+00	-3.53614714E+00	 4.31742294E+03	 9.54533217E+02	 2.75594692E+02	 1.53127174E+02
 1.800000E-01	-1.35255348E+02	-3.18544327E+01	-8.86687115E+00	-4.37810577E+00	 4.93100166E+03	 1.19360955E+03	 3.51595335E+02	 1.85854780E+02
 1.850000E-01	-1.53561251E+02	-3.93920775E+01	-1.12895516E+01	-5.36558972E+00	 5.59612223E+03	 1.47002068E+03	 4.43196635E+02	 2.23518984E+02
 1.900000E-01	-1.73335821E+02	-4.79204255E+01	-1.40745531E+01	-6.49402669E+00	 6.31207925E+03	 1.78620721E+03	 5.52579616E+02	 2.66772303E+02
 1.950000E-01	-1.94452107E+02	-5.74317197E+01	-1.73594276E+01	-7.78959858E+00	 7.07590195E+03	 2.13956355E+03	 6.80655762E+02	 3.16214319E+02
 2.000000E-01	-2.16714868E+02	-6.78131579E+01	-2.12408164E+01	-9.29803697E+00	 7.88239445E+03	 2.52405602E+03	 8.27385066E+02	 3.72218878E+02
 2.050000E-01	-2.39918040E+02	-7.89277899E+01	-2.57533067E+01	-1.10605920E+01	 8.72541427E+03	 2.93379953E+03	 9.92451816E+02	 4.35116167E+02
 2.100000E-01	-2.63971679E+02	-9.08984824E+01	-3.09328687E+01	-1.31118347E+01	 9.60194473E+03	 3.37324281E+03	 1.17795620E+03	 5.05830107E+02
 2.150000E-01	-2.88829398E+02	-1.03909743E+02	-3.67956704E+01	-1.54632671E+01	 1.05095447E+04	 3.84995014E+03	 1.38701965E+03	 5.85351301E+02
 2.200000E-01	-3.14355472E+02	-1.17909213E+02	-4.32819992E+01	-1.80859699E+01	 1.14418713E+04	 4.36339600E+03	 1.62071471E+03	 6.73977604E+02
 2.250000E-01	-3.40346997E+02	-1.32782920E+02	-5.03555725E+01	-2.09483038E+01	 1.23905454E+04	 4.91044740E+03	 1.87941212E+03	 7.71788225E+02
 2.300000E-01	-3.66552785E+02	-1.48515627E+02	-5.80929171E+01	-2.40526675E+01	 1.33469940E+04	 5.49031446E+03	 2.16437417E+03	 8.78994116E+02
 2.350000E-01	-3.92754167E+02	-1.65300867E+02	-6.66665067E+01	-2.74302190E+01	 1.43044706E+04	 6.10911245E+03	 2.47943426E+03	 9.96365250E+02
 2.400000E-01	-4.18737699E+02	-1.83319236E+02	-7.62083641E+01	-3.10958148E+01	 1.52556844E+04	 6.77278477E+03	 2.82855287E+03	 1.12483144E+03
 2.450000E-01	-4.44231125E+02	-2.02631947E+02	-8.67828205E+01	-3.50223115E+01	 1.61907236E+04	 7.48251118E+03	 3.21413628E+03	 1.26500536E+03
 2.500000E-01	-4.68974799E+02	-2.23301571E+02	-9.84127869E+01	-3.91464290E+01	 1.70995395E+04	 8.23860104E+03	 3.63812335E+03	 1.41724393E+03
 2.550000E-01	-4.92936733E+02	-2.45287776E+02	-1.10868980E+02	-4.33271534E+01	 1.79754765E+04	 9.03958817E+03	 4.10075187E+03	 1.58125872E+03
 2.600000E-01	-5.16306972E+02	-2.68419814E+02	-1.23676798E+02	-4.73398143E+01	 1.88128866E+04	 9.88364061E+03	 4.60157485E+03	 1.75645500E+03
 2.650000E-01	-5.38915026E+02	-2.92617208E+02	-1.36947623E+02	-5.12234907E+01	 1.96028474E+04	 1.07706024E+04	 5.14154955E+03	 1.94279701E+03
 2.700000E-01	-5.59888643E+02	-3.18063929E+02	-1.51832709E+02	-5.55689660E+01	 2.03367494E+04	 1.17007404E+04	 5.72202902E+03	 2.14046200E+03
 2.750000E-01	-5.78685364E+02	-3.45060893E+02	-1.69006563E+02	-6.08151291E+01	 2.10137110E+04	 1.26773922E+04	 6.34456888E+03	 2.34938196E+03
 2.800000E-01	-5.95947815E+02	-3.73608826E+02	-1.87397320E+02	-6.65010184E+01	 2.16366320E+04	 1.37054894E+04	 7.01010658E+03	 2.56917473E+03
 2.850000E-01	-6.12336747E+02	-4.03462527E+02	-2.05981480E+02	-7.21053564E+01	 2.22047473E+04	 1.47867215E+04	 7.71747152E+03	 2.79893496E+03
 2.900000E-01	-6.27326813E+02	-4.34608808E+02	-2.25580978E+02	-7.80845467E+01	 2.27164884E+04	 1.59211862E+04	 8.46514453E+03	 3.03807393E+03
 2.950000E-01	-6.40132921E+02	-4.67153157E+02	-2.47171197E+02	-8.50621630E+01	 2.31720946E+04	 1.71070539E+04	 9.25025859E+03	 3.28555363E+03
 3.000000E-01	-6.50921190E+02	-5.01043658E+02	-2.70149555E+02	-9.27949842E+01	 2.35713302E+04	 1.83433833E+04	 1.00694130E+04	 3.53981397E+03
 3.050000E-01	-6.60078066E+02	-5.36256557E+02	-2.93681082E+02	-1.00801562E+02	 2.39089817E+04	 1.96349345E+04	 1.09231147E+04	 3.80113535E+03
 3.100000E-01	-6.67235248E+02	-5.72893594E+02	-3.18023806E+02	-1.09137872E+02	 2.41756710E+04	 2.09865344E+04	 1.18132560E+04	 4.07064837E+03
 3.150000E-01	-6.71642138E+02	-6.11168290E+02	-3.43752355E+02	-1.18028869E+02	 2.43566223E+04	 2.24024819E+04	 1.27435596E+04	 4.35069585E+03
 3.200000E-01	-6.72995585E+02	-6.51328772E+02	-3.70729691E+02	-1.27263494E+02	 2.44361325E+04	 2.38886026E+04	 1.37169139E+04	 4.64289966E+03
 3.250000E-01	-6.71444272E+02	-6.93586055E+02	-3.98499834E+02	-1.36387468E+02	 2.44063007E+04	 2.54502683E+04	 1.47325433E+04	 4.94592176E+03
 3.300000E-01	-6.67079408E+02	-7.38219494E+02	-4.27047376E+02	-1.45192160E+02	 2.42648194E+04	 2.70941906E+04	 1.57917046E+04	 5.25936413E+03
 3.350000E-01	-6.59820843E+02	-7.85345067E+02	-4.56400954E+02	-1.53608134E+02	 2.40072645E+04	 2.88204242E+04	 1.68913618E+04	 5.58270506E+03
 3.400000E-01	-6.49948970E+02	-8.34988878E+02	-4.86338295E+02	-1.61515186E+02	 2.36390284E+04	 3.06267830E+04	 1.80239254E+04	 5.91399152E+03
 3.450000E-01	-6.38454479E+02	-8.87411984E+02	-5.16811106E+02	-1.68866612E+02	 2.31939614E+04	 3.25205768E+04	 1.91844602E+04	 6.25067610E+03
 3.500000E-01	-6.26067269E+02	-9.42806562E+02	-5.48006874E+02	-1.75770085E+02	 2.27050859E+04	 3.45062987E+04	 2.03676299E+04	 6.58956442E+03
 3.550000E-01	-6.13306880E+02	-1.00125561E+03	-5.79714993E+02	-1.82107220E+02	 2.21890559E+04	 3.65834220E+04	 2.15690083E+04	 6.92674451E+03
 3.600000E-01	-6.01492759E+02	-1.06318713E+03	-6.11127510E+02	-1.87285856E+02	 2.16674553E+04	 3.87658721E+04	 2.27927759E+04	 7.25686999E+03
 3.650000E-01	-5.91496236E+02	-1.12943635E+03	-6.42295343E+02	-1.91196204E+02	 2.11592990E+04	 4.10917529E+04	 2.40521258E+04	 7.57150322E+03
 3.700000E-01	-5.82391315E+02	-1.20080842E+03	-6.75038352E+02	-1.94929404E+02	 2.06729068E+04	 4.36070081E+04	 2.53582975E+04	 7.85691846E+03
 3.750000E-01	-5.72764460E+02	-1.27788923E+03	-7.11020898E+02	-1.99440918E+02	 2.02122818E+04	 4.63443644E+04	 2.67116809E+04	 8.09661443E+03
 3.800000E-01	-5.62546775E+02	-1.36143748E+03	-7.50065153E+02	-2.04345046E+02	 1.97853204E+04	 4.93301773E+04	 2.81088682E+04	 8.28001215E+03
 3.850000E-01	-5.52297863E+02	-1.45196107E+03	-7.90757714E+02	-2.08592553E+02	 1.93788269E+04	 5.25745317E+04	 2.95522999E+04	 8.41302324E+03
 3.900000E-01	-5.42545037E+02	-1.54940192E+03	-8.31374095E+02	-2.11113518E+02	 1.89595940E+04	 5.60669281E+04	 3.10452919E+04	 8.50854574E+03
 3.950000E-01	-5.33286589E+02	-1.65372959E+03	-8.71698522E+02	-2.11781272E+02	 1.85104311E+04	 5.98096193E+04	 3.25914873E+04	 8.56969576E+03
 4.000000E-01	-5.21851339E+02	-1.76446451E+03	-9.14129876E+02	-2.12347610E+02	 1.79964964E+04	 6.38009874E+04	 3.41936437E+04	 8.59601973E+03
 4.050000E-01	-5.05031354E+02	-1.88160635E+03	-9.61020933E+02	-2.14236066E+02	 1.73685051E+04	 6.80451130E+04	 3.58604259E+04	 8.58950045E+03
 4.100000E-01	-4.83061648E+02	-2.00650149E+03	-1.01151608E+03	-2.16053644E+02	 1.66148369E+04	 7.25723520E+04	 3.75976352E+04	 8.54277816E+03
 4.150000E-01	-4.58923192E+02	-2.14021397E+03	-1.06197696E+03	-2.14643811E+02	 1.57606127E+04	 7.73983934E+04	 3.93792179E+04	 8.43064609E+03
 4.200000E-01	-4.35611986E+02	-2.28344020E+03	-1.10918191E+03	-2.07559737E+02	 1.48327308E+04	 8.25376815E+04	 4.11790982E+04	 8.22962676E+03
 4.250000E-01	-4.12821257E+02	-2.43689877E+03	-1.15400071E+03	-1.95477488E+02	 1.38205839E+04	 8.80293614E+04	 4.30098734E+04	 7.94017042E+03
 4.300000E-01	-3.86246409E+02	-2.60087894E+03	-1.20168589E+03	-1.82332345E+02	 1.26999153E+04	 9.39151855E+04	 4.48932377E+04	 7.57113238E+03
 4.350000E-01	-3.52889127E+02	-2.77591030E+03	-1.25514565E+03	-1.70318509E+02	 1.14590786E+04	 1.00224332E+05	 4.68347191E+04	 7.12279256E+03
 4.400000E-01	-3.15381597E+02	-2.96336018E+03	-1.31017749E+03	-1.56556525E+02	 1.00879848E+04	 1.06986819E+05	 4.88344030E+04	 6.59184169E+03
 4.450000E-01	-2.76774508E+02	-3.16440954E+03	-1.36291515E+03	-1.38421719E+02	 8.57944979E+03	 1.14241946E+05	 5.08928627E+04	 5.97480074E+03
 4.500000E-01	-2.33783061E+02	-3.37916826E+03	-1.41678787E+03	-1.18192023E+02	 6.90710162E+03	 1.22014901E+05	 5.30040765E+04	 5.26677485E+03
 4.550000E-01	-1.82050410E+02	-3.60812382E+03	-1.47569649E+03	-9.81894759E+01	 5.03599412E+03	 1.30325698E+05	 5.51615656E+04	 4.46272528E+03
 4.600000E-01	-1.22464999E+02	-3.85228257E+03	-1.53643363E+03	-7.60235747E+01	 2.92541743E+03	 1.39188228E+05	 5.73533353E+04	 3.55454520E+03
 4.650000E-01	-5.66267035E+01	-4.11231979E+03	-1.59486758E+03	-4.88334662E+01	 5.18934178E+02	 1.48616170E+05	 5.95672664E+04	 2.53402456E+03
 4.700000E-01	 1.76843649E+01	-4.38923011E+03	-1.65285214E+03	-1.73698600E+01	-2.22013620E+03	 1.58649788E+05	 6.18000957E+04	 1.39151082E+03
 4.750000E-01	 1.02980652E+02	-4.68407779E+03	-1.71236741E+03	 1.75179317E+01	-5.31634746E+03	 1.69322616E+05	 6.40370485E+04	 1.08832859E+02
 4.800000E-01	 1.97529200E+02	-4.99809445E+03	-1.77027419E+03	 5.77100983E+01	-8.78373805E+03	 1.80672111E+05	 6.62632188E+04	-1.32948443E+03
 4.850000E-01	 2.99860593E+02	-5.33287422E+03	-1.82515525E+03	 1.03986562E+02	-1.26214290E+04	 1.92767478E+05	 6.84795385E+04	-2.93218863E+03
 4.900000E-01	 4.13664201E+02	-5.69003526E+03	-1.88259070E+03	 1.53367496E+02	-1.68131935E+04	 2.05676380E+05	 7.06809366E+04	-4.70852260E+03
 4.950000E-01	 5.39364844E+02	-6.07244893E+03	-1.94490621E+03	 2.05470783E+02	-2.12822947E+04	 2.19473403E+05	 7.28430913E+04	-6.67923042E+03
 5.000000E-01	 6.68120971E+02	-6.48332489E+03	-2.00259840E+03	 2.66597874E+02	-2.59411892E+04	 2.34237437E+05	 7.49386997E+04	-8.86590613E+03
 5.050000E-01	 7.91857040E+02	-6.92472733E+03	-2.04780878E+03	 3.40996975E+02	-3.07119396E+04	 2.50057803E+05	 7.69467176E+04	-1.12869645E+04
 5.100000E-01	 9.13421544E+02	-7.39843820E+03	-2.08756595E+03	 4.24005786E+02	-3.55154509E+04	 2.67035997E+05	 7.88534048E+04	-1.39575342E+04
 5.150000E-01	 1.03828282E+03	-7.90770760E+03	-2.13117468E+03	 5.10358376E+02	-4.03010342E+04	 2.85287258E+05	 8.06715833E+04	-1.68790453E+04
 5.200000E-01	 1.16254842E+03	-8.45612976E+03	-2.17465984E+03	 6.02329625E+02	-4.50157637E+04	 3.04931456E+05	 8.24074522E+04	-2.00605711E+04
 5.250000E-01	 1.27985292E+03	-9.04335565E+03	-2.20814756E+03	 7.04050711E+02	-4.96252741E+04	 3.25986952E+05	 8.39853699E+04	-2.35361595E+04
 5.300000E-01	 1.39042429E+03	-9.66838577E+03	-2.23029262E+03	 8.14755547E+02	-5.41188736E+04	 3.48461193E+05	 8.53253528E+04	-2.73399860E+04
 5.350000E-01	 1.50136720E+03	-1.03324857E+04	-2.24813673E+03	 9.30337018E+02	-5.85726107E+04	 3.72413295E+05	 8.64274405E+04	-3.14723061E+04
 5.400000E-01	 1.62096312E+03	-1.10380300E+04	-2.26902282E+03	 1.04772589E+03	-6.31003192E+04	 3.97904763E+05	 8.73109813E+04	-3.59240111E+04
 5.450000E-01	 1.75100063E+03	-1.17892277E+04	-2.29251741E+03	 1.16894223E+03	-6.77848522E+04	 4.25053556E+05	 8.80174544E+04	-4.07030090E+04
 5.500000E-01	 1.88482693E+03	-1.25890490E+04	-2.30596786E+03	 1.30101804E+03	-7.27211518E+04	 4.53991558E+05	 8.85874745E+04	-4.58206114E+04
 5.550000E-01	 2.02329264E+03	-1.34365228E+04	-2.30325463E+03	 1.44573628E+03	-7.81101838E+04	 4.84754014E+05	 8.90208504E+04	-5.12717342E+04
 5.600000E-01	 2.18378788E+03	-1.43326369E+04	-2.30147746E+03	 1.59528338E+03	-8.41559105E+04	 5.17343609E+05	 8.92786270E+04	-5.70656652E+04
 5.650000E-01	 2.37860483E+03	-1.52784742E+04	-2.31060485E+03	 1.74678760E+03	-9.09496734E+04	 5.51668335E+05	 8.92064713E+04	-6.32459052E+04
 5.700000E-01	 2.59908492E+03	-1.62723760E+04	-2.30993711E+03	 1.91002651E+03	-9.85791502E+04	 5.87668700E+05	 8.86868979E+04	-6.98468193E+04
 5.750000E-01	 2.83514794E+03	-1.73154478E+04	-2.28142392E+03	 2.09210772E+03	-1.07149426E+05	 6.25520592E+05	 8.77699091E+04	-7.68754060E+04
 5.800000E-01	 3.09354065E+03	-1.84140666E+04	-2.23745479E+03	 2.28802414E+03	-1.16670720E+05	 6.65457653E+05	 8.64978405E+04	-8.43417437E+04
 5.850000E-01	 3.38196448E+03	-1.95774608E+04	-2.19558002E+03	 2.49287178E+03	-1.26999130E+05	 7.07665447E+05	 8.48186892E+04	-9.22800901E+04
 5.900000E-01	 3.69560653E+03	-2.08103895E+04	-2.15115502E+03	 2.70983232E+03	-1.38002297E+05	 7.52249452E+05	 8.26340644E+04	-1.00716969E+05
 5.950000E-01	 4.02369034E+03	-2.21138049E+04	-2.08787826E+03	 2.94451692E+03	-1.49595275E+05	 7.99305138E+05	 7.98530549E+04	-1.09665035E+05
 6.000000E-01	 4.35566895E+03	-2.34897972E+04	-1.99316622E+03	 3.20041669E+03	-1.61616435E+05	 8.48993747E+05	 7.63779688E+04	-1.19155735E+05
 6.050000E-01	 4.68601365E+03	-2.49419957E+04	-1.86384121E+03	 3.47704264E+03	-1.73890056E+05	 9.01507072E+05	 7.21229164E+04	-1.29228296E+05
 6.100000E-01	 5.01756378E+03	-2.64763367E+04	-1.70802473E+03	 3.77015509E+03	-1.86328737E+05	 9.57051894E+05	 6.70494413E+04	-1.39913484E+05
 6.150000E-01	 5.35509102E+03	-2.80981333E+04	-1.53378600E+03	 4.07609110E+03	-1.98899929E+05	 1.01576185E+06	 6.10974262E+04	-1.51225506E+05
 6.200000E-01	 5.69915573E+03	-2.98089412E+04	-1.33924415E+03	 4.39430089E+03	-2.11602260E+05	 1.07768203E+06	 5.41754955E+04	-1.63163907E+05
 6.250000E-01	 6.04487517E+03	-3.16121829E+04	-1.11782507E+03	 4.72638114E+03	-2.24362121E+05	 1.14299683E+06	 4.62481734E+04	-1.75753744E+05
 6.300000E-01	 6.38592535E+03	-3.35115615E+04	-8.62810231E+02	 5.07337129E+03	-2.37062787E+05	 1.21193413E+06	 3.72868180E+04	-1.89017649E+05
 6.350000E-01	 6.72099862E+03	-3.55062905E+04	-5.71339942E+02	 5.43327153E+03	-2.49649652E+05	 1.28452213E+06	 2.71791921E+04	-2.02928621E+05
 6.400000E-01	 7.05248077E+03	-3.76036956E+04	-2.52937242E+02	 5.80413219E+03	-2.62011216E+05	 1.36095130E+06	 1.59062601E+04	-2.17496384E+05
 6.450000E-01	 7.37594258E+03	-3.98135215E+04	 8.60401335E+01	 6.18753119E+03	-2.73827594E+05	 1.44144950E+06	 3.39909879E+03	-2.32777298E+05
 6.500000E-01	 7.67657895E+03	-4.21295880E+04	 4.59951142E+02	 6.58467398E+03	-2.84646077E+05	 1.52580406E+06	-1.07063294E+04	-2.48723936E+05
 6.550000E-01	 7.93857648E+03	-4.45429818E+04	 8.84879030E+02	 6.99575801E+03	-2.94009960E+05	 1.61376716E+06	-2.67657316E+04	-2.65263065E+05
 6.600000E-01	 8.15489711E+03	-4.70665282E+04	 1.35514235E+03	 7.42316912E+03	-3.01604367E+05	 1.70574312E+06	-4.46785952E+04	-2.82417734E+05
 6.650000E-01	 8.32222513E+03	-4.97158527E+04	 1.86469890E+03	 7.86842478E+03	-3.07263694E+05	 1.80219930E+06	-6.43090660E+04	-3.00148885E+05
 6.700000E-01	 8.43053923E+03	-5.24891636E+04	 2.42785091E+03	 8.33114471E+03	-3.10771313E+05	 1.90314972E+06	-8.58851330E+04	-3.18363724E+05
 6.750000E-01	 8.47076520E+03	-5.53684704E+04	 3.06552181E+03	 8.80612009E+03	-3.11889237E+05	 2.00805525E+06	-1.09985731E+05	-3.36867410E+05
 6.800000E-01	 8.45043279E+03	-5.83508820E+04	 3.77044188E+03	 9.28898532E+03	-3.10707801E+05	 2.11666218E+06	-1.36735597E+05	-3.55491383E+05
 6.850000E-01	 8.37851362E+03	-6.14655917E+04	 4.52096882E+03	 9.78483962E+03	-3.07356080E+05	 2.22973892E+06	-1.65782058E+05	-3.74308843E+05
 6.900000E-01	 8.24942035E+03	-6.47112520E+04	 5.33058719E+03	 1.02925082E+04	-3.01679317E+05	 2.34713191E+06	-1.97516083E+05	-3.93126902E+05
 6.950000E-01	 8.05366551E+03	-6.80742996E+04	 6.22281545E+03	 1.08071191E+04	-2.93585643E+05	 2.46851195E+06	-2.32229696E+05	-4.11702182E+05
 7.000000E-01	 7.78349863E+03	-7.15675511E+04	 7.20897205E+03	 1.13286582E+04	-2.83127964E+05	 2.59471334E+06	-2.69586338E+05	-4.30108530E+05
 7.050000E-01	 7.44057247E+03	-7.52027365E+04	 8.29051016E+03	 1.18514473E+04	-2.70434204E+05	 2.72639292E+06	-3.09453930E+05	-4.48304412E+05
 7.100000E-01	 7.04069983E+03	-7.89915918E+04	 9.44853378E+03	 1.23687567E+04	-2.55683979E+05	 2.86364698E+06	-3.51998116E+05	-4.66101722E+05
 7.150000E-01	 6.59482594E+03	-8.29425236E+04	 1.06724002E+04	 1.28777651E+04	-2.39018125E+05	 3.00636826E+06	-3.97451149E+05	-4.83314368E+05
 7.200000E-01	 6.09760743E+03	-8.70508910E+04	 1.19821695E+04	 1.33734462E+04	-2.20559694E+05	 3.15466243E+06	-4.45868068E+05	-4.99807438E+05
 7.250000E-01	 5.54733491E+03	-9.13191256E+04	 1.33882634E+04	 1.38490469E+04	-2.00454337E+05	 3.30903795E+06	-4.97095996E+05	-5.15533167E+05
 7.300000E-01	 4.95858937E+03	-9.57716907E+04	 1.48640520E+04	 1.43016113E+04	-1.78826102E+05	 3.47002384E+06	-5.51028568E+05	-5.30404140E+05
 7.350000E-01	 4.33640168E+03	-1.00429719E+05	 1.63959194E+04	 1.47299503E+04	-1.55612269E+05	 3.63787702E+06	-6.07786654E+05	-5.44211266E+05
 7.400000E-01	 3.66862519E+03	-1.05295336E+05	 1.80087094E+04	 1.51301532E+04	-1.30835301E+05	 3.81307250E+06	-6.67237960E+05	-5.56829674E+05
 7.450000E-01	 2.94335878E+03	-1.10365966E+05	 1.97274521E+04	 1.54917179E+04	-1.04404572E+05	 3.99617145E+06	-7.29383237E+05	-5.68122487E+05
 7.500000E-01	 2.15793625E+03	-1.15646787E+05	 2.15451125E+04	 1.58006059E+04	-7.58526211E+04	 4.18715429E+06	-7.94734429E+05	-5.77713225E+05
 7.550000E-01	 1.31570994E+03	-1.21168630E+05	 2.34338161E+04	 1.60533400E+04	-4.49636395E+04	 4.38661487E+06	-8.63152754E+05	-5.85429552E+05
 7.600000E-01	 4.10253173E+02	-1.26959999E+05	 2.53921116E+04	 1.62476018E+04	-1.17355409E+04	 4.59572615E+06	-9.34150401E+05	-5.91188493E+05
 7.650000E-01	-5.71586221E+02	-1.33031572E+05	 2.74325060E+04	 1.63727390E+04	 2.41194526E+04	 4.81523353E+06	-1.00770766E+06	-5.94708859E+05
 7.700000E-01	-1.63471133E+03	-1.39392465E+05	 2.95476636E+04	 1.64137786E+04	 6.30473939E+04	 5.04526206E+06	-1.08415845E+06	-5.95515589E+05
 7.750000E-01	-2.77190971E+03	-1.46058223E+05	 3.17173492E+04	 1.63620583E+04	 1.04907273E+05	 5.28604088E+06	-1.16317298E+06	-5.93181713E+05
 7.800000E-01	-4.01268260E+03	-1.53029183E+05	 3.39798784E+04	 1.62096805E+04	 1.50360178E+05	 5.53783261E+06	-1.24530892E+06	-5.87166999E+05
 7.850000E-01	-5.40609825E+03	-1.60273221E+05	 3.63854151E+04	 1.59331056E+04	 2.00937910E+05	 5.79988105E+06	-1.33173180E+06	-5.76536351E+05
 7.900000E-01	-6.95147206E+03	-1.67847762E+05	 3.88717038E+04	 1.55213494E+04	 2.56969906E+05	 6.07411039E+06	-1.42088361E+06	-5.61100668E+05
 7.950000E-01	-8.66528931E+03	-1.75821206E+05	 4.14040882E+04	 1.49531831E+04	 3.19381993E+05	 6.36260241E+06	-1.51230432E+06	-5.40237897E+05
 8.000000E-01	-1.05755470E+04	-1.84176886E+05	 4.39971036E+04	 1.41928036E+04	 3.89074365E+05	 6.66472824E+06	-1.60631860E+06	-5.12558261E+05
 8.050000E-01	-1.26656914E+04	-1.92908130E+05	 4.66380834E+04	 1.32132383E+04	 4.65254938E+05	 6.98043238E+06	-1.70198411E+06	-4.76958493E+05
 8.100000E-01	-1.49085662E+04	-2.01971450E+05	 4.93357995E+04	 1.19738861E+04	 5.46921352E+05	 7.30818036E+06	-1.79952639E+06	-4.31918164E+05
 8.150000E-01	-1.73180264E+04	-2.11296427E+05	 5.21362086E+04	 1.04349721E+04	 6.34534457E+05	 7.64538830E+06	-1.90056085E+06	-3.75907037E+05
 8.200000E-01	-1.99192715E+04	-2.20863975E+05	 5.50283075E+04	 8.57423601E+03	 7.28838897E+05	 7.99144628E+06	-2.00438850E+06	-3.07946357E+05
 8.250000E-01	-2.27642362E+04	-2.30746889E+05	 5.79642548E+04	 6.36979939E+03	 8.31784420E+05	 8.34910034E+06	-2.10933345E+06	-2.27367539E+05
 8.300000E-01	-2.59235724E+04	-2.40987440E+05	 6.09178089E+04	 3.76456055E+03	 9.46411159E+05	 8.71978807E+06	-2.21525674E+06	-1.32704333E+05
 8.350000E-01	-2.93667508E+04	-2.51574352E+05	 6.38288257E+04	 6.97687292E+02	 1.07181093E+06	 9.10287206E+06	-2.32043653E+06	-2.19829329E+04
 8.400000E-01	-3.30414316E+04	-2.62417154E+05	 6.67297274E+04	-2.87323937E+03	 1.20558319E+06	 9.49504429E+06	-2.42530825E+06	 1.07003301E+05
 8.450000E-01	-3.68933909E+04	-2.73376405E+05	 6.96397507E+04	-6.97747701E+03	 1.34539287E+06	 9.89144818E+06	-2.52985686E+06	 2.55818345E+05
 8.500000E-01	-4.08889085E+04	-2.84401253E+05	 7.25078200E+04	-1.16406877E+04	 1.49031891E+06	 1.02903286E+07	-2.63259396E+06	 4.24985923E+05
 8.550000E-01	-4.51605062E+04	-2.95449267E+05	 7.53563355E+04	-1.68802773E+04	 1.64543653E+06	 1.06900380E+07	-2.73483843E+06	 6.14727767E+05
 8.600000E-01	-4.99783528E+04	-3.06565173E+05	 7.82107396E+04	-2.26899529E+04	 1.82032142E+06	 1.10921097E+07	-2.83734125E+06	 8.25049034E+05
 8.650000E-01	-5.55803409E+04	-3.17798962E+05	 8.10262819E+04	-2.90822879E+04	 2.02345168E+06	 1.14984393E+07	-2.93824368E+06	 1.05658905E+06
 8.700000E-01	-6.21018796E+04	-3.29112902E+05	 8.37777461E+04	-3.61215751E+04	 2.26002151E+06	 1.19077599E+07	-3.03691145E+06	 1.31129176E+06
 8.750000E-01	-6.95384175E+04	-3.40308213E+05	 8.64474429E+04	-4.38636587E+04	 2.52994150E+06	 1.23127484E+07	-3.13290307E+06	 1.59107940E+06
 8.800000E-01	-7.78001367E+04	-3.51137170E+05	 8.89503934E+04	-5.23018379E+04	 2.82939383E+06	 1.27041635E+07	-3.22277365E+06	 1.89638879E+06
 8.850000E-01	-8.68900412E+04	-3.61481632E+05	 9.11872701E+04	-6.14193187E+04	 3.15825782E+06	 1.30778478E+07	-3.30257934E+06	 2.22694889E+06
 8.900000E-01	-9.69365021E+04	-3.71265528E+05	 9.30737917E+04	-7.12332880E+04	 3.52194540E+06	 1.34315360E+07	-3.36962811E+06	 2.58247995E+06
 8.950000E-01	-1.08142610E+05	-3.80347292E+05	 9.44864136E+04	-8.17440079E+04	 3.92825472E+06	 1.37601184E+07	-3.41994311E+06	 2.96233015E+06
 9.000000E-01	-1.20581519E+05	-3.88643381E+05	 9.51801357E+04	-9.28914611E+04	 4.37918289E+06	 1.40600482E+07	-3.44450323E+06	 3.36503901E+06
 9.050000E-01	-1.33905138E+05	-3.95731588E+05	 9.49415893E+04	-1.04846690E+05	 4.86133833E+06	 1.43156705E+07	-3.43527727E+06	 3.79759589E+06
 9.100000E-01	-1.47677100E+05	-4.01331863E+05	 9.34905292E+04	-1.17149859E+05	 5.35946363E+06	 1.45174555E+07	-3.38179415E+06	 4.24337790E+06
 9.150000E-01	-1.61531606E+05	-4.04356134E+05	 9.05657132E+04	-1.30544201E+05	 5.86047061E+06	 1.46260814E+07	-3.27502807E+06	 4.72849307E+06
 9.200000E-01	-1.75759118E+05	-4.05812631E+05	 8.56338027E+04	-1.43440224E+05	 6.37574427E+06	 1.46789122E+07	-3.09499324E+06	 5.19584418E+06
 9.250000E-01	-1.90164651E+05	-4.04227856E+05	 7.88594106E+04	-1.57001187E+05	 6.89744219E+06	 1.46216146E+07	-2.84885892E+06	 5.68621121E+06
 9.300000E-01	-2.02704710E+05	-3.97086789E+05	 6.83218121E+04	-1.74240125E+05	 7.35185947E+06	 1.43640809E+07	-2.46537220E+06	 6.31090089E+06
 9.350000E-01	-2.14153127E+05	-3.89533515E+05	 5.41090205E+04	-1.88080359E+05	 7.76611176E+06	 1.40896091E+07	-1.95172770E+06	 6.80963748E+06
 9.400000E-01	-2.27206033E+05	-3.84850910E+05	 3.99617059E+04	-1.89886565E+05	 8.23780656E+06	 1.39200517E+07	-1.43831790E+06	 6.87603051E+06
 9.450000E-01	-2.37591096E+05	-3.72677695E+05	 2.23245443E+04	-1.94597736E+05	 8.61371596E+06	 1.34764865E+07	-8.04363116E+05	 7.03837542E+06
 9.500000E-01	-2.48360835E+05	-3.60987621E+05	 1.10112601E+04	-1.90918983E+05	 8.99821861E+06	 1.30493720E+07	-3.97870633E+05	 6.89799487E+06
 9.550000E-01	-2.65466011E+05	-3.57824503E+05	-5.68055648E+03	-1.88617952E+05	 9.61846512E+06	 1.29360442E+07	 2.03253780E+05	 6.80332247E+06
 9.600000E-01	-3.13620363E+05	-4.03784310E+05	-8.77219069E+04	-1.92060967E+05	 1.13430996E+07	 1.45792232E+07	 3.14738349E+06	 6.90676586E+06
 9.650000E-01	-5.68128014E+05	-7.07023994E+05	-3.95414651E+05	-4.21627167E+05	 2.05603020E+07	 2.55658158E+07	 1.43003677E+07	 1.52442634E+07
 9.700000E-01	-2.90384417E+06	-2.78144163E+06	-1.18661950E+06	-2.73210934E+06	 1.05025092E+08	 1.00575764E+08	 4.28950555E+07	 9.87678496E+07
 9.750000E-01	-1.77360507E+07	-8.90547515E+06	 5.57206590E+06	-1.52365368E+07	 6.41468049E+08	 3.22082634E+08	-2.01476464E+08	 5.50962296E+08
 9.800000E-01	-3.81510334E+07	 3.51704819E+07	-1.32438876E+07	 3.21954967E+07	 1.37955449E+09	-1.27191451E+09	 4.78798075E+08	-1.16444909E+09
 9.850000E-01	-1.82359203E+08	-8.34614522E+06	 1.82824291E+08	 1.10488833E+08	 6.59406138E+09	 3.01398884E+08	-6.61135527E+09	-3.99542358E+09
 9.900000E-01	-2.24825709E+09	-3.32975313E+09	 9.92930156E+08	 3.61641141E+09	 8.13029196E+10	 1.20406343E+11	-3.59093266E+10	-1.30774158E+11
 9.950000E-01	 1.64584680E+10	 1.17560503E+11	 2.37604913E+10	-1.09759046E+11	-5.95272814E+11	-4.25112784E+12	-8.59090801E+11	 3.96906197E+12
 1.000000E+00	 2.26940428E+10	 1.57857253E+11	 3.13496780E+10	-1.47550864E+11	-8.20798049E+11	-5.70830584E+12	-1.13348462E+12	 5.33567396E+12
