 15-Aug-25 07/09/2014
     1               1
  0.100000000E+01
*   1.000             1               0 DN    3   2 CLC    40   41
  0.000000000E+00 0.170000000E+03 0.200000000E+01 0.983571429E+06
  0.983571429E+06 0.170470345E+03-0.463027005E-02 0.569335470E+02
  0.198667022E+01 0.609065049E+00 0.608698879E+00 0.186169097E+08
  0.177697393E+03-0.190783348E-01 0.997832356E+01 0.234258900E+01
  0.178064824E+01 0.637590062E+00 0.100000000E+11 0.124610778E+01
  0.100000000E+11 0.100000000E+11 0.625010228E+01-0.348183239E+00
  0.215042394E+03 0.150337508E+03 0.110450159E+03
  0.000000000E+00 0.000000000E+00 0.000000000E+00
  0.113867094E+03 0.111778004E+03
  0.000000000E+00 0.000000000E+00
  0.169685042E+01 0.228764725E+00 0.238213617E+01 0.305170880E+01
  0.877177798E+00 0.104527580E+02-0.500000000E+02-0.500000000E+02
 -0.500000000E+02 0.164060306E+00 0.180033419E+05 0.103541685E+07
  0.730900342E-04 0.187865906E+01 0.371461491E+01-0.135172511E-01
  0.149596470E+01 0.169346708E+03 0.000000000E+00 0.000000000E+00
  0.135814959E+03-0.113112813E+03 0.135794112E+03 0.113103552E+03
 -0.100000000E+03-0.500000000E+02 0.180352191E+01 0.182955778E+01
  0.100000000E+03 0.100000000E+03 0.100000000E+03 0.124610778E+01
  0.185837257E+03-0.298276684E-02 0.315085938E+00 0.000000000E+00
  0.119693181E+01 0.157466210E+01 0.695995615E+06 0.000000000E+00
  0.000000000E+00 0.000000000E+00 0.793396765E+00 0.100000000E+02
    44   60   18    6
  0.993931773E-01 0.961148098E-01 0.919742859E-01 0.104051341E+00
  0.209121213E+00-0.707389589E-01-0.868078366E-01 0.298777488E+00
  0.288913754E-01 0.989178119E-01 0.966484934E-01 0.902318772E-01
  0.105703695E+00 0.214578146E+00-0.700545159E-01-0.897582974E-01
  0.297080851E+00 0.336684981E-01 0.107021523E+00 0.104990166E+00
  0.991548846E-01 0.100224489E+00 0.147747723E+00 0.232443328E+00
  0.516365355E-01-0.629506204E-01-0.420753593E-01-0.962841465E-01
 -0.410127890E-01 0.105163954E+00 0.988169815E-01 0.998565240E-01
  0.148252230E+00 0.231503423E+00 0.298182505E-01-0.647445633E-01
 -0.400199039E-01-0.967687230E-01-0.394930451E-01 0.202235394E+00
  0.104802977E+00 0.170182647E+00 0.120379823E+00 0.748536497E-01
  0.258752898E+00 0.253303703E+00 0.225652862E+00 0.201881786E+00
  0.236410965E+00-0.515570052E-01-0.291423533E+00 0.401073170E-01
  0.169083539E+00 0.195672450E+00 0.257662914E+00 0.236578449E+00
  0.298264375E+00 0.292313717E+00 0.255885089E+00 0.255067924E+00
  0.222038223E+00 0.207656830E+00 0.237859077E+00-0.864334145E-01
 -0.293124714E+00-0.443015713E-01 0.159577519E+00 0.139736651E+00
  0.223908082E+00 0.257711146E+00 0.240322440E+00 0.301709854E+00
  0.288136110E+00-0.311011989E+00-0.133205205E+00 0.930901378E-01
  0.171133189E+00 0.160529210E+00 0.205056670E+00 0.249917770E+00
  0.236094260E+00 0.253810903E+00 0.291958792E+00 0.253362480E+00
  0.289615533E+00 0.254923734E+00 0.240259005E+00 0.254122645E+00
  0.220948690E+00 0.140264652E+00 0.156541271E+00-0.277650265E-01
 -0.286429921E+00-0.789657525E-01 0.238340462E+00 0.207241443E+00
  0.222838642E+00 0.255191352E+00 0.258822110E+00 0.253427867E+00
  0.226330656E+00 0.201955663E+00 0.240389608E+00-0.692493745E-01
  0.156043701E+04 0.504252661E+04-0.282242419E+04-0.362597802E+05
  0.189254914E+06-0.178214811E+06-0.174515919E+06 0.379037007E+06
 -0.155905928E+06-0.152400952E+04 0.999505225E+04-0.987471143E+04
 -0.343390730E+05 0.198268655E+06-0.176550949E+06-0.178261907E+06
  0.369527028E+06-0.149181678E+06
  0.000000000E+00 0.000000000E+00 0.000000000E+00 0.000000000E+00
  0.000000000E+00 0.000000000E+00
  0.000000000E+00 0.130704809E+03 0.115175000E+03 0.130822096E+03
  0.115175000E+03 0.000000000E+00 0.000000000E+00 0.000000000E+00
  0.000000000E+00 0.000000000E+00 0.756756072E+02 0.000000000E+00
  0.107547869E+01 0.135360611E+01 0.276166502E-02-0.442877400E+00
 -0.413293718E+00 0.000000000E+00 0.999000000E+03 0.930741491E+00
  0.117553677E+02 0.334893853E+01 0.000000000E+00-0.400962320E+00
 -0.999000000E+03-0.999000000E+03 0.258389735E+01 0.488887005E+00
  0.167733863E+00 0.254770912E+01 0.113536798E+01 0.227176469E+01
  0.550739879E+02 0.258444261E+01 0.245317242E+02 0.245517176E+02
 -0.890000000E+02-0.890000000E+02-0.890000000E+02-0.890000000E+02
  0.241778598E+01 0.130704809E+03 0.115175000E+03 0.130694948E+03
 -0.115175000E+03-0.890000000E+02-0.890000000E+02 0.137035396E+03
 -0.115175000E+03 0.000000000E+00-0.990000000E+02-0.990000000E+02
 -0.990000000E+02-0.990000000E+02 0.000000000E+00 0.477064207E+00
  0.100000000E+01 0.000000000E+00 0.000000000E+00 0.000000000E+00
                                            EQG
