&IN1
  ICONVR = 3 
  MXITER = -1 
  NXITER = 51 
  ERROR = 0.0001 
  RELAX = 0.5 
  IOUT = 4 
  ICURRT = 2 
  KPPFNC = 6 
  KPPCUR = 3 
  KFFFNC = 6 
  KFFCUR = 3 
  ISHOT = 1 
  ITIME = 1 
  ITIMEU = 0 
  ITEK = 0 
  ITRACE = 1 
  PLASMA = 8100000.0 
  BTOR = 7.0 
  RCENTR = 4.0 
  RZERO = 4.0 
  LIMITR = 5 
  XLIM = 5.38 2.62 2.62 5.38 5.38 
  YLIM = 2.71 2.71 -2.71 -2.71 2.71 
  NBDRY = 61 
  RBDRY = 5.33 5.318342593343686 5.283498094361539 5.225848266676087  
    5.146024733863454 5.044902059253285 4.923588164029888  
    4.783412188615895 4.62590993033165 4.452807016878383 4.266  
    4.0675355764653025 3.859588164029888 3.644436078060192  
    3.4244365698335666 3.202 3.1463908575416086 3.091390980484952  
    3.037602958992528 2.9856161058836745 2.936 2.889298245780404  
    2.8460225174170874 2.8066469528460263 2.771602958992528  
    2.7412744851866786 2.7159938165341364 2.6960379333309783  
    2.6816254764096152 2.6729143516640788 2.67 2.6729143516640783  
    2.6816254764096152 2.6960379333309783 2.715993816534136  
    2.7412744851866786 2.7716029589925277 2.806646952846026  
    2.8460225174170874 2.889298245780404 2.936 2.985616105883674  
    3.0376029589925277 3.091390980484952 3.1463908575416077  
    3.2020000000000004 3.4244365698335653 3.64443607806019  
    3.8595881640298875 4.067535576465302 4.265999999999998  
    4.452807016878382 4.625909930331649 4.783412188615894  
    4.923588164029888 5.044902059253285 5.146024733863454  
    5.225848266676087 5.283498094361539 5.318342593343686 5.33 
  ZBDRY = 0.0 0.23535113765686597 0.4652724865098506 0.6905906201336312  
    0.9102913102803188 1.1231657674595437 1.3279956054538342  
    1.5236213693222256 1.7089805745491784 1.8831339788886716  
    2.0452858176211626 2.194800069633431 2.3312135259246296  
    2.454245888084394 2.5638068553907556 2.66 2.5169520006434856  
    2.3666218923483946 2.2094269832145708 2.045820686161913  
    1.8762930788893706 1.701371539188396 1.521621722665165  
    1.3376493633547748 1.1501037994334113 0.9596850412410337  
    0.7671584243735222 0.5733871841793019 0.37941544064214977  
    0.18674733587679238 0.0 -0.18674733587679165 -0.3794154406421486  
    -0.5733871841793005 -0.7671584243735206 -0.9596850412410403  
    -1.1501037994334022 -1.3376493633547701 -1.521621722665163  
    -1.7013715391883915 -1.876293078889371 -2.0458206861619135  
    -2.209426983214567 -2.366621892348393 -2.5169520006434807 -2.66  
    -2.5638068553907565 -2.4542458880843947 -2.33121352592463  
    -2.1948000696334318 -2.045285817621164 -1.8831339788886723  
    -1.7089805745491797 -1.5236213693222267 -1.3279956054538342  
    -1.1231657674595437 -0.9102913102803188 -0.6905906201336312  
    -0.4652724865098506 -0.23535113765686597 0.0 
  IERCHK = 0 
  NEXTRA = 0 
  SCRAPE = 0.01 
  PSIBRY = 0.0 
  CFCOIL = -10.0 
  ENP = 1.0 
  EMP = 1.0 
  FCURBD = 0 
  PCURBD = 0 
  FCZERO = 1.0 1.0 1.0 1.0 1.0 1.0 1.0 1.0 1.0 1.0 1.0 1.0 1.0 1.0 1.0  
    1.0 
  FCSUM = 1.0 1.0 1.0 1.0 1.0 1.0 1.0 1.0 1.0 1.0 1.0 1.0 1.0 1.0 1.0  
    1.0 
  IFREF = 2 
  PRBDRY = 1949.4735359973863 
  KBETAPR = 1 
  FWTBDRY = 1.0 1.0 1.0 1.0 1.0 1.0 1.0 1.0 1.0 1.0 1.0 1.0 1.0 1.0 1.0  
    1.0 1.0 1.0 1.0 1.0 1.0 1.0 1.0 1.0 1.0 1.0 1.0 1.0 1.0 1.0 1.0 1.0  
    1.0 1.0 1.0 1.0 1.0 1.0 1.0 1.0 1.0 1.0 1.0 1.0 1.0 1.0 1.0 1.0 1.0  
    1.0 1.0 1.0 1.0 1.0 1.0 1.0 1.0 1.0 1.0 1.0 1.0 
  FWTBDRY(14) = 10.0 
  FWTBDRY(15) = 10.0 
  FWTBDRY(16) = 10.0 
  FWTBDRY(17) = 10.0 
  FWTBDRY(44) = 10.0 
  FWTBDRY(45) = 10.0 
  FWTBDRY(46) = 10.0 
  FWTBDRY(47) = 10.0 
/

&PROFILE_EXT
  NPSI_EXT = 101 
  PSIN_EXT = 0.0 0.01 0.02 0.03 0.04 0.05 0.06 0.07 0.08 0.09 0.1 0.11  
    0.12 0.13 0.14 0.15 0.16 0.17 0.18 0.19 0.2 0.21 0.22 0.23 0.24  
    0.25 0.26 0.27 0.28 0.29 0.3 0.31 0.32 0.33 0.34 0.35 0.36 0.37  
    0.38 0.39 0.4 0.41 0.42 0.43 0.44 0.45 0.46 0.47 0.48 0.49 0.5 0.51  
    0.52 0.53 0.54 0.55 0.56 0.57 0.58 0.59 0.6 0.61 0.62 0.63 0.64  
    0.65 0.66 0.67 0.68 0.69 0.7 0.71 0.72 0.73 0.74 0.75 0.76 0.77  
    0.78 0.79 0.8 0.81 0.82 0.83 0.84 0.85 0.86 0.87 0.88 0.89 0.9 0.91  
    0.92 0.93 0.94 0.95 0.96 0.97 0.98 0.99 1.0 
  PPRIME_EXT = 1035651.2610066943 998698.8111990015 963000.8101080048  
    928557.2577337045 895368.1540761006 863433.4991351927  
    832753.2929109815 803327.5354034663 775156.2266126475  
    748239.366538525 722576.9551810984 696839.4698450121  
    673354.0669868854 651751.1298013846 631736.2930523055  
    613081.6291444115 595607.8543288382 579168.8416140734  
    563642.8848585158 548929.3951214135 534947.5210251323  
    521627.6312157044 508902.71886992326 496721.09449173464  
    485043.6523147677 473822.0500063546 463023.18612383195  
    452619.60441494436 442576.9623793865 432875.75164816936  
    423489.884685106 414400.86961557844 405590.9663755327  
    397039.53366454015 388736.7717096399 380666.504496978  
    372814.1593653132 365169.9485879941 357724.1597877388  
    350465.56664176687 343384.158776649 336471.7453275339  
    329721.20085245126 323125.7483787514 316678.22671102744  
    310371.95160705317 304201.2559084776 298160.50740940834  
    292242.8339570061 286441.7877960167 280752.7234517456  
    275176.66967078997 269721.6228191996 264401.5578966676  
    259230.04407297584 254213.7676916691 249358.06054775184  
    244666.60878208833 240139.67985438713 235775.20587219452  
    231570.21759896833 227521.6857285549 223627.1417810766  
    219883.5559621203 216287.21839971503 212836.25416054353  
    209528.8415980406 206364.8579901097 203346.98103628718  
    200478.10853567492 197767.0135560548 195227.2761497186  
    192876.3048312944 190745.37339156022 188874.82043637565  
    187320.4588054319 186168.18411425495 185526.61456375028  
    185552.3773812941 186480.3702457922 188613.68062552932  
    192372.41603021516 198337.5138780357 207263.13639203002  
    220143.72036096023 238317.90987650992 263399.27585588826  
    297042.6287889654 340608.93022697 394288.3496888685  
    455578.93742665905 517823.3847668218 569927.6505411306  
    597984.9939083814 590015.3680845172 542845.0401291945  
    464953.04470429 371461.4651882741 279183.40967015736  
    201499.18083858007 138408.77869410242 
  FFPRIM_EXT = -20.77399574089121 -19.28924553240141  
    -18.086379065490444 -16.98191034079389 -15.952309133078899  
    -14.986870260139703 -14.079145355419826 -13.224627486933457  
    -12.419890605429549 -11.662174603175238 -10.949192805045294  
    -10.249830838797086 -9.613743690743899 -9.030916829004827  
    -8.493404558412694 -7.9949957078650025 -7.53075732269976  
    -7.0966487874416515 -6.689291673435783 -6.305873568442561  
    -5.944095101526116 -5.601970399701315 -5.277636247856179  
    -4.969606947084987 -4.676703154570042 -4.397596104759266  
    -4.13130949983282 -3.877010591512823 -3.6337537211125146  
    -3.4009203007508635 -3.1777781162901206 -2.9637672738671137  
    -2.7583594731625105 -2.560983922010312 -2.371298664951415  
    -2.188847632929366 -2.0132169168635943 -1.8440968833665392  
    -1.6811884582957717 -1.5241704062442607 -1.3727533600149529  
    -1.2266907547341526 -1.0857617843040739 -0.9497559307537973  
    -0.8184736526383847 -0.6917022116449325 -0.5692487338627986  
    -0.451102452100507 -0.3367705106944303 -0.22595592380597912  
    -0.1211042857356456 -0.027510121506357475 0.048645099483255835  
    0.10510818752502465 0.14230780680970312 0.1622883070223825  
    0.16647129327148397 0.15615656820991522 0.1327483620471095  
    0.09758006987230838 0.051913880601893225 -0.003032548302007297  
    -0.06609601914625442 -0.13614342414230846 -0.21206730779150607  
    -0.29282240846997615 -0.3773854838898674 -0.46477882636931356  
    -0.5540812473824237 -0.6443739947892094 -0.7348336265415563  
    -0.8247022467712601 -0.9132570787247094 -0.9999956578638642  
    -1.0845174970367275 -1.1665361039934932 -1.2464029687863172  
    -1.3248003475923193 -1.4018068917349646 -1.4814558463618894  
    -1.5693306271305585 -1.6523931111579198 -1.7231481164307594  
    -1.7928964442840778 -1.89208323420337 -2.038973805553879  
    -2.2429797540735033 -2.5188681194873146 -2.877871692407182  
    -3.320910328686236 -3.8242408327379263 -4.326634110447899  
    -4.73142349453396 -4.923116143669997 -4.807440184905532  
    -4.3865787624714825 -3.7723077980610205 -3.098269022325527  
    -2.5179304983689934 -2.0265449574674346 -1.624112399625754 
/

