@R IP 1 []
  8.100000000e+06
@R BCENTR 1 []
  7.000000000e+00
@R RMAJOR 1 []
  4.000000000e+00
@R AMINOR 1 []
  1.330000000e+00
@R KAPPA 1 []
  2.000000000e+00
@R DELTA 1 []
  6.000000000e-01
@I NRHO 1 []
              101
@R RHOB 1 []
  1.832255133e+00
@R RHO 101 []
  0.000000000e+00  1.000000000e-02  2.000000000e-02  3.000000000e-02
  4.000000000e-02  5.000000000e-02  6.000000000e-02  7.000000000e-02
  8.000000000e-02  9.000000000e-02  1.000000000e-01  1.100000000e-01
  1.200000000e-01  1.300000000e-01  1.400000000e-01  1.500000000e-01
  1.600000000e-01  1.700000000e-01  1.800000000e-01  1.900000000e-01
  2.000000000e-01  2.100000000e-01  2.200000000e-01  2.300000000e-01
  2.400000000e-01  2.500000000e-01  2.600000000e-01  2.700000000e-01
  2.800000000e-01  2.900000000e-01  3.000000000e-01  3.100000000e-01
  3.200000000e-01  3.300000000e-01  3.400000000e-01  3.500000000e-01
  3.600000000e-01  3.700000000e-01  3.800000000e-01  3.900000000e-01
  4.000000000e-01  4.100000000e-01  4.200000000e-01  4.300000000e-01
  4.400000000e-01  4.500000000e-01  4.600000000e-01  4.700000000e-01
  4.800000000e-01  4.900000000e-01  5.000000000e-01  5.100000000e-01
  5.200000000e-01  5.300000000e-01  5.400000000e-01  5.500000000e-01
  5.600000000e-01  5.700000000e-01  5.800000000e-01  5.900000000e-01
  6.000000000e-01  6.100000000e-01  6.200000000e-01  6.300000000e-01
  6.400000000e-01  6.500000000e-01  6.600000000e-01  6.700000000e-01
  6.800000000e-01  6.900000000e-01  7.000000000e-01  7.100000000e-01
  7.200000000e-01  7.300000000e-01  7.400000000e-01  7.500000000e-01
  7.600000000e-01  7.700000000e-01  7.800000000e-01  7.900000000e-01
  8.000000000e-01  8.100000000e-01  8.200000000e-01  8.300000000e-01
  8.400000000e-01  8.500000000e-01  8.600000000e-01  8.700000000e-01
  8.800000000e-01  8.900000000e-01  9.000000000e-01  9.100000000e-01
  9.200000000e-01  9.300000000e-01  9.400000000e-01  9.500000000e-01
  9.600000000e-01  9.700000000e-01  9.800000000e-01  9.900000000e-01
  1.000000000e+00
@R VOLP 101 []
  0.000000000e+00  3.485739285e+00  6.968635556e+00  1.044590539e+01
  1.391480334e+01  1.737276883e+01  2.081729035e+01  2.424608226e+01
  2.765694604e+01  3.104784174e+01  3.441686072e+01  3.776219253e+01
  4.108214219e+01  4.437514857e+01  4.763985502e+01  5.087513913e+01
  5.408006299e+01  5.725383526e+01  6.039575232e+01  6.350523262e+01
  6.658188275e+01  6.962548249e+01  7.263588545e+01  7.561306495e+01
  7.855714589e+01  8.146830774e+01  8.434683599e+01  8.719310387e+01
  9.000746891e+01  9.279038268e+01  9.554256654e+01  9.826488643e+01
  1.009579473e+02  1.036219665e+02  1.062571465e+02  1.088637951e+02
  1.114421979e+02  1.139926499e+02  1.165154628e+02  1.190109476e+02
  1.214793845e+02  1.239210721e+02  1.263363110e+02  1.287253784e+02
  1.310885625e+02  1.334261395e+02  1.357383771e+02  1.380255451e+02
  1.402878777e+02  1.425256304e+02  1.447390333e+02  1.469283203e+02
  1.490937003e+02  1.512353427e+02  1.533534809e+02  1.554483231e+02
  1.575199709e+02  1.595685963e+02  1.615943318e+02  1.635972558e+02
  1.655775814e+02  1.675355698e+02  1.694712672e+02  1.713843434e+02
  1.732747648e+02  1.751426430e+02  1.769870698e+02  1.788044282e+02
  1.805884947e+02  1.823339541e+02  1.840374174e+02  1.856947295e+02
  1.873016704e+02  1.888551528e+02  1.903520977e+02  1.917898164e+02
  1.931660814e+02  1.944791951e+02  1.957278570e+02  1.969112026e+02
  1.980289663e+02  1.990800286e+02  2.000636003e+02  2.009790610e+02
  2.018217982e+02  2.025933382e+02  2.033094895e+02  2.039801868e+02
  2.045987819e+02  2.051440073e+02  2.055951139e+02  2.059411107e+02
  2.061728802e+02  2.062948434e+02  2.063273946e+02  2.062737918e+02
  2.061512418e+02  2.059294787e+02  2.055814230e+02  2.046505043e+02
  2.027983810e+02
@R IPOL 101 []
  9.871867307e-01  9.871946411e-01  9.872183596e-01  9.872578485e-01
  9.873130403e-01  9.873838325e-01  9.874700799e-01  9.875715856e-01
  9.876880913e-01  9.878192665e-01  9.879647061e-01  9.881239327e-01
  9.882963910e-01  9.884814387e-01  9.886783055e-01  9.888861559e-01
  9.891041559e-01  9.893314478e-01  9.895671209e-01  9.898102939e-01
  9.900600272e-01  9.903153725e-01  9.905753628e-01  9.908390465e-01
  9.911054658e-01  9.913736794e-01  9.916427625e-01  9.919117942e-01
  9.921799136e-01  9.924463052e-01  9.927100358e-01  9.929700247e-01
  9.932255358e-01  9.934762671e-01  9.937218755e-01  9.939620084e-01
  9.941963492e-01  9.944245870e-01  9.946464225e-01  9.948615810e-01
  9.950697946e-01  9.952708150e-01  9.954644072e-01  9.956503528e-01
  9.958284464e-01  9.959985034e-01  9.961603476e-01  9.963138261e-01
  9.964587937e-01  9.965951284e-01  9.967227216e-01  9.968414788e-01
  9.969513226e-01  9.970521927e-01  9.971440427e-01  9.972268416e-01
  9.973005783e-01  9.973652541e-01  9.974208888e-01  9.974675117e-01
  9.975051754e-01  9.975339420e-01  9.975538951e-01  9.975651306e-01
  9.975677518e-01  9.975619166e-01  9.975483785e-01  9.975289620e-01
  9.975060378e-01  9.974818942e-01  9.974586401e-01  9.974381715e-01
  9.974221461e-01  9.974119529e-01  9.974086997e-01  9.974131874e-01
  9.974259296e-01  9.974471389e-01  9.974767638e-01  9.975145129e-01
  9.975599091e-01  9.976123582e-01  9.976712512e-01  9.977360713e-01
  9.978066710e-01  9.978831158e-01  9.979637714e-01  9.980478857e-01
  9.981381727e-01  9.982389432e-01  9.983556497e-01  9.984944878e-01
  9.986609224e-01  9.988564044e-01  9.990744576e-01  9.992989549e-01
  9.995080592e-01  9.996843367e-01  9.998218525e-01  9.999243318e-01
  9.999964189e-01
@R G11 101 []
  0.000000000e+00  3.803651578e+00  7.608894941e+00  1.141822305e+01
  1.523666435e+01  1.906269282e+01  2.289743764e+01  2.674073998e+01
  3.059126280e+01  3.445189859e+01  3.831894284e+01  4.219463610e+01
  4.609210915e+01  5.001241527e+01  5.395774904e+01  5.793066213e+01
  6.191759593e+01  6.593159283e+01  6.995996393e+01  7.399750352e+01
  7.805513359e+01  8.212548901e+01  8.621163800e+01  9.030742511e+01
  9.441429056e+01  9.852723624e+01  1.026471948e+02  1.067720855e+02
  1.108991631e+02  1.150270423e+02  1.191530516e+02  1.232760923e+02
  1.273951724e+02  1.315099626e+02  1.356216934e+02  1.397307915e+02
  1.438375236e+02  1.479424441e+02  1.520461395e+02  1.561491925e+02
  1.602532605e+02  1.643580355e+02  1.684607477e+02  1.725647953e+02
  1.766747428e+02  1.807827568e+02  1.848947609e+02  1.890116062e+02
  1.931301187e+02  1.972550452e+02  2.013851777e+02  2.055195500e+02
  2.096628045e+02  2.138122401e+02  2.179686210e+02  2.221383524e+02
  2.263128441e+02  2.304991510e+02  2.347003601e+02  2.389130254e+02
  2.431379435e+02  2.473763596e+02  2.516315883e+02  2.559060210e+02
  2.601994312e+02  2.645139124e+02  2.688570970e+02  2.732527445e+02
  2.777383057e+02  2.823456647e+02  2.870992838e+02  2.920258222e+02
  2.971527687e+02  3.025059741e+02  3.081120746e+02  3.139992076e+02
  3.201977692e+02  3.267386549e+02  3.336549150e+02  3.409823670e+02
  3.487596864e+02  3.570361431e+02  3.658653569e+02  3.753105132e+02
  3.854526135e+02  3.963276775e+02  4.078362830e+02  4.198286962e+02
  4.322336092e+02  4.450340504e+02  4.580716174e+02  4.711304924e+02
  4.840100241e+02  4.966972161e+02  5.097273588e+02  5.240729849e+02
  5.413132117e+02  5.631246783e+02  5.939394471e+02  6.423248602e+02
  7.292387006e+02
@R G22 101 []
  0.000000000e+00  2.025029367e-02  4.050933041e-02  6.079054217e-02
  8.112112546e-02  1.014938757e-01  1.219154791e-01  1.423866342e-01
  1.629014401e-01  1.834769344e-01  2.040950706e-01  2.247693606e-01
  2.455714141e-01  2.665086963e-01  2.875954876e-01  3.088487677e-01
  3.302000083e-01  3.517224172e-01  3.733516128e-01  3.950634451e-01
  4.169200964e-01  4.388867784e-01  4.609838934e-01  4.831828742e-01
  5.054961252e-01  5.279011529e-01  5.504075335e-01  5.730086838e-01
  5.956937783e-01  6.184596790e-01  6.412977127e-01  6.642078587e-01
  6.871884767e-01  7.102390115e-01  7.333670561e-01  7.565766503e-01
  7.798709697e-01  8.032545663e-01  8.267324822e-01  8.503097470e-01
  8.739968587e-01  8.977939719e-01  9.216877487e-01  9.456984050e-01
  9.698527100e-01  9.941094201e-01  1.018502888e+00  1.043039416e+00
  1.067703237e+00  1.092522330e+00  1.117491647e+00  1.142607686e+00
  1.167897875e+00  1.193348592e+00  1.218966283e+00  1.244788439e+00
  1.270768329e+00  1.296947333e+00  1.323344339e+00  1.349941489e+00
  1.376745770e+00  1.403767044e+00  1.431025097e+00  1.458531876e+00
  1.486288246e+00  1.514310027e+00  1.542632909e+00  1.571351887e+00
  1.600623052e+00  1.630585179e+00  1.661345927e+00  1.693025840e+00
  1.725751614e+00  1.759647211e+00  1.794844455e+00  1.831486969e+00
  1.869733722e+00  1.909751498e+00  1.951726205e+00  1.995865621e+00
  2.042394261e+00  2.091591331e+00  2.143772342e+00  2.199303457e+00
  2.258635739e+00  2.322033032e+00  2.389192226e+00  2.459494345e+00
  2.532511904e+00  2.607945184e+00  2.684610218e+00  2.761109820e+00
  2.836270722e+00  2.910035600e+00  2.985548514e+00  3.068476383e+00
  3.168172006e+00  3.294061235e+00  3.472621189e+00  3.750960553e+00
  4.260340021e+00
@R G33 101 []
  8.407168058e-01  8.408264233e-01  8.411492387e-01  8.416830863e-01
  8.424265831e-01  8.433715663e-01  8.445144632e-01  8.458470650e-01
  8.473637719e-01  8.490583205e-01  8.509248584e-01  8.529585625e-01
  8.551549128e-01  8.575092701e-01  8.600157007e-01  8.626668336e-01
  8.654549885e-01  8.683727994e-01  8.714139574e-01  8.745723736e-01
  8.778412827e-01  8.812134844e-01  8.846825848e-01  8.882422243e-01
  8.918856741e-01  8.956068903e-01  8.993998050e-01  9.032584757e-01
  9.071780174e-01  9.111533482e-01  9.151776414e-01  9.192437084e-01
  9.233472587e-01  9.274875692e-01  9.316642172e-01  9.358759867e-01
  9.401219714e-01  9.444013050e-01  9.487130873e-01  9.530565016e-01
  9.574310595e-01  9.618361798e-01  9.662713136e-01  9.707361293e-01
  9.752302442e-01  9.797533814e-01  9.843053489e-01  9.888859417e-01
  9.934952155e-01  9.981330679e-01  1.002799566e+00  1.007494744e+00
  1.012218788e+00  1.016972134e+00  1.021754758e+00  1.026566795e+00
  1.031409049e+00  1.036281830e+00  1.041185669e+00  1.046121418e+00
  1.051089026e+00  1.056088122e+00  1.061119672e+00  1.066186938e+00
  1.071291254e+00  1.076432975e+00  1.081618010e+00  1.086867419e+00
  1.092216940e+00  1.097696218e+00  1.103323047e+00  1.109119861e+00
  1.115109570e+00  1.121308608e+00  1.127733801e+00  1.134400214e+00
  1.141320820e+00  1.148506200e+00  1.155965350e+00  1.163705461e+00
  1.171730941e+00  1.180051916e+00  1.188677165e+00  1.197614950e+00
  1.206897563e+00  1.216521221e+00  1.226398560e+00  1.236475453e+00
  1.246793603e+00  1.257483348e+00  1.268673832e+00  1.280436837e+00
  1.292836678e+00  1.305860827e+00  1.319405975e+00  1.333489080e+00
  1.348044878e+00  1.363313519e+00  1.379510570e+00  1.399782980e+00
  1.426732500e+00
@R GRADRHO 101 []
  1.067240073e+00  1.022317761e+00  1.022479282e+00  1.022771577e+00
  1.023369373e+00  1.024024864e+00  1.024764456e+00  1.025569175e+00
  1.026388808e+00  1.027276443e+00  1.028158656e+00  1.029064214e+00
  1.030139671e+00  1.031362962e+00  1.032740765e+00  1.034300543e+00
  1.035923523e+00  1.037714990e+00  1.039566524e+00  1.041446406e+00
  1.043438083e+00  1.045495336e+00  1.047640295e+00  1.049838736e+00
  1.052104746e+00  1.054412679e+00  1.056773052e+00  1.059178197e+00
  1.061616348e+00  1.064084804e+00  1.066576270e+00  1.069090735e+00
  1.071624325e+00  1.074173526e+00  1.076740614e+00  1.079325032e+00
  1.081926452e+00  1.084544416e+00  1.087179617e+00  1.089832494e+00
  1.092506114e+00  1.095197826e+00  1.097896442e+00  1.100611705e+00
  1.103356147e+00  1.106102890e+00  1.108869276e+00  1.111655457e+00
  1.114450371e+00  1.117266420e+00  1.120097878e+00  1.122940836e+00
  1.125806179e+00  1.128684509e+00  1.131576890e+00  1.134497805e+00
  1.137423495e+00  1.140370462e+00  1.143344042e+00  1.146334256e+00
  1.149341698e+00  1.152367618e+00  1.155417170e+00  1.158492930e+00
  1.161594661e+00  1.164727685e+00  1.167898853e+00  1.171126186e+00
  1.174452050e+00  1.177916483e+00  1.181538242e+00  1.185344487e+00
  1.189365152e+00  1.193618873e+00  1.198126608e+00  1.202908320e+00
  1.207980536e+00  1.213357294e+00  1.219052828e+00  1.225080702e+00
  1.231449322e+00  1.238175094e+00  1.245282026e+00  1.252791735e+00
  1.260756109e+00  1.269154175e+00  1.277920547e+00  1.287045512e+00
  1.296568362e+00  1.306658881e+00  1.317410125e+00  1.328907501e+00
  1.341310146e+00  1.354456747e+00  1.368208192e+00  1.382571940e+00
  1.397959801e+00  1.413558523e+00  1.433362621e+00  1.451270655e+00
  1.475909537e+00
@R AREA 101 []
  0.000000000e+00  3.572862786e+00  7.140233382e+00  1.070428747e+01
  1.426157182e+01  1.781011369e+01  2.134878320e+01  2.487599086e+01
  2.839112057e+01  3.189340859e+01  3.538243087e+01  3.885820303e+01
  4.232043185e+01  4.576861467e+01  4.920251998e+01  5.262150882e+01
  5.602498496e+01  5.941254011e+01  6.278353336e+01  6.613808040e+01
  6.947579241e+01  7.279658349e+01  7.610021509e+01  7.938666175e+01
  8.265584629e+01  8.590780657e+01  8.914261176e+01  9.236032933e+01
  9.556110953e+01  9.874511240e+01  1.019125404e+02  1.050636302e+02
  1.081986368e+02  1.113178319e+02  1.144214561e+02  1.175097494e+02
  1.205829402e+02  1.236412492e+02  1.266848967e+02  1.297140853e+02
  1.327290178e+02  1.357298816e+02  1.387168835e+02  1.416902403e+02
  1.446501126e+02  1.475966799e+02  1.505301705e+02  1.534507166e+02
  1.563585383e+02  1.592537920e+02  1.621366639e+02  1.650073236e+02
  1.678659613e+02  1.707127211e+02  1.735478154e+02  1.763713781e+02
  1.791835952e+02  1.819846537e+02  1.847747027e+02  1.875539115e+02
  1.903224563e+02  1.930805159e+02  1.958282690e+02  1.985658893e+02
  2.012935453e+02  2.040113811e+02  2.067195405e+02  2.094182340e+02
  2.121077898e+02  2.147885660e+02  2.174609624e+02  2.201254830e+02
  2.227826317e+02  2.254329843e+02  2.280772065e+02  2.307160417e+02
  2.333503587e+02  2.359811866e+02  2.386097276e+02  2.412374142e+02
  2.438659510e+02  2.464973781e+02  2.491341123e+02  2.517789658e+02
  2.544353366e+02  2.571072068e+02  2.597992622e+02  2.625154645e+02
  2.652589696e+02  2.680316107e+02  2.708328825e+02  2.736581661e+02
  2.764988922e+02  2.793440605e+02  2.821878216e+02  2.850343435e+02
  2.879075183e+02  2.908556110e+02  2.939729977e+02  2.974459473e+02
  3.018997032e+02
@R A 101 []
  0.000000000e+00  1.404326131e-02  2.809787306e-02  4.216189960e-02
  5.624438535e-02  7.034989163e-02  8.448307430e-02  9.864766576e-02
  1.128467048e-01  1.270812003e-01  1.413518999e-01  1.556583908e-01
  1.699978526e-01  1.843665957e-01  1.987615922e-01  2.131793308e-01
  2.276189322e-01  2.420794879e-01  2.565587683e-01  2.710572445e-01
  2.855724021e-01  3.001031707e-01  3.146472278e-01  3.292028755e-01
  3.437681954e-01  3.583412093e-01  3.729198447e-01  3.875020237e-01
  4.020856729e-01  4.166687647e-01  4.312493676e-01  4.458253500e-01
  4.603945117e-01  4.749548034e-01  4.895043965e-01  5.040415676e-01
  5.185647059e-01  5.330722323e-01  5.475626406e-01  5.620345919e-01
  5.764867166e-01  5.909176865e-01  6.053264279e-01  6.197118862e-01
  6.340728676e-01  6.484083292e-01  6.627174999e-01  6.769992123e-01
  6.912527725e-01  7.054772472e-01  7.196718295e-01  7.338357094e-01
  7.479682334e-01  7.620684662e-01  7.761359213e-01  7.901697229e-01
  8.041692178e-01  8.181338337e-01  8.320627929e-01  8.459554150e-01
  8.598110996e-01  8.736292574e-01  8.874092170e-01  9.011502148e-01
  9.148515179e-01  9.285125551e-01  9.421326059e-01  9.557100781e-01
  9.692423537e-01  9.827249240e-01  9.961528427e-01  1.009520110e+00
  1.022820084e+00  1.036045520e+00  1.049188666e+00  1.062241314e+00
  1.075194779e+00  1.088039922e+00  1.100767344e+00  1.113367245e+00
  1.125829556e+00  1.138143869e+00  1.150299886e+00  1.162286870e+00
  1.174093593e+00  1.185709598e+00  1.197126212e+00  1.208339378e+00
  1.219351349e+00  1.230171264e+00  1.240818411e+00  1.251321306e+00
  1.261707836e+00  1.272008485e+00  1.282238394e+00  1.292385899e+00
  1.302412713e+00  1.312253179e+00  1.321800854e+00  1.330872070e+00
  1.339098285e+00
@R RTOR 101 []
  4.362496854e+00  4.362389657e+00  4.362078666e+00  4.361565380e+00
  4.360847735e+00  4.359932773e+00  4.358821547e+00  4.357520294e+00
  4.356033114e+00  4.354365210e+00  4.352521864e+00  4.350508261e+00
  4.348329320e+00  4.345990552e+00  4.343497438e+00  4.340856027e+00
  4.338072019e+00  4.335151876e+00  4.332102518e+00  4.328930177e+00
  4.325641586e+00  4.322243443e+00  4.318742741e+00  4.315146077e+00
  4.311460498e+00  4.307692699e+00  4.303849249e+00  4.299936963e+00
  4.295962175e+00  4.291931088e+00  4.287850088e+00  4.283725292e+00
  4.279562738e+00  4.275368274e+00  4.271146887e+00  4.266903068e+00
  4.262640989e+00  4.258364354e+00  4.254076548e+00  4.249780754e+00
  4.245479839e+00  4.241176421e+00  4.236872944e+00  4.232571606e+00
  4.228274447e+00  4.223983413e+00  4.219700186e+00  4.215426395e+00
  4.211163509e+00  4.206912924e+00  4.202675856e+00  4.198453501e+00
  4.194246908e+00  4.190057091e+00  4.185884903e+00  4.181731264e+00
  4.177596904e+00  4.173482501e+00  4.169388751e+00  4.165316215e+00
  4.161265437e+00  4.157236978e+00  4.153231341e+00  4.149248925e+00
  4.145290015e+00  4.141354787e+00  4.137443416e+00  4.133556424e+00
  4.129692780e+00  4.125851053e+00  4.122029476e+00  4.118226344e+00
  4.114439462e+00  4.110666668e+00  4.106905950e+00  4.103155384e+00
  4.099413277e+00  4.095678277e+00  4.091949445e+00  4.088226501e+00
  4.084509477e+00  4.080799104e+00  4.077096775e+00  4.073404734e+00
  4.069724617e+00  4.066058003e+00  4.062407614e+00  4.058777079e+00
  4.055166504e+00  4.051573996e+00  4.047994551e+00  4.044417840e+00
  4.040821874e+00  4.037180851e+00  4.033475542e+00  4.029697600e+00
  4.025863899e+00  4.022023247e+00  4.018236579e+00  4.014595349e+00
  4.011270821e+00
@R SHIFT 101 []
  3.624968545e-01  3.623896567e-01  3.620786659e-01  3.615653797e-01
  3.608477345e-01  3.599327731e-01  3.588215473e-01  3.575202944e-01
  3.560331138e-01  3.543652100e-01  3.525218641e-01  3.505082611e-01
  3.483293200e-01  3.459905523e-01  3.434974379e-01  3.408560273e-01
  3.380720193e-01  3.351518764e-01  3.321025180e-01  3.289301772e-01
  3.256415857e-01  3.222434433e-01  3.187427406e-01  3.151460768e-01
  3.114604981e-01  3.076926987e-01  3.038492495e-01  2.999369626e-01
  2.959621751e-01  2.919310883e-01  2.878500876e-01  2.837252918e-01
  2.795627379e-01  2.753682740e-01  2.711468866e-01  2.669030682e-01
  2.626409891e-01  2.583643535e-01  2.540765483e-01  2.497807543e-01
  2.454798386e-01  2.411764209e-01  2.368729441e-01  2.325716059e-01
  2.282744467e-01  2.239834127e-01  2.197001855e-01  2.154263954e-01
  2.111635093e-01  2.069129237e-01  2.026758561e-01  1.984535007e-01
  1.942469081e-01  1.900570911e-01  1.858849033e-01  1.817312636e-01
  1.775969044e-01  1.734825005e-01  1.693887508e-01  1.653162154e-01
  1.612654369e-01  1.572369782e-01  1.532313411e-01  1.492489251e-01
  1.452900153e-01  1.413547875e-01  1.374434163e-01  1.335564244e-01
  1.296927803e-01  1.258510529e-01  1.220294759e-01  1.182263436e-01
  1.144394615e-01  1.106666676e-01  1.069059496e-01  1.031553840e-01
  9.941327676e-02  9.567827652e-02  9.194944494e-02  8.822650060e-02
  8.450947747e-02  8.079910368e-02  7.709677532e-02  7.340473430e-02
  6.972461693e-02  6.605800299e-02  6.240761446e-02  5.877707912e-02
  5.516650422e-02  5.157399572e-02  4.799455058e-02  4.441783959e-02
  4.082187358e-02  3.718085109e-02  3.347554189e-02  2.969760042e-02
  2.586389903e-02  2.202324729e-02  1.823657895e-02  1.459534914e-02
  1.127082070e-02
@R ELONG 101 []
  1.886952416e+00  1.886008210e+00  1.883175593e+00  1.881156120e+00
  1.878248985e+00  1.874712995e+00  1.870611255e+00  1.865992071e+00
  1.860991171e+00  1.855690883e+00  1.850189011e+00  1.844595856e+00
  1.838984698e+00  1.833422605e+00  1.827959723e+00  1.822597634e+00
  1.817307919e+00  1.812086092e+00  1.806932457e+00  1.801846976e+00
  1.796836300e+00  1.791904290e+00  1.787057734e+00  1.782303166e+00
  1.777644396e+00  1.773088703e+00  1.768641305e+00  1.764307486e+00
  1.760092971e+00  1.756001428e+00  1.752037533e+00  1.748204702e+00
  1.744507891e+00  1.740950300e+00  1.737531986e+00  1.734253497e+00
  1.731113353e+00  1.728110698e+00  1.725244051e+00  1.722510882e+00
  1.719909791e+00  1.717438192e+00  1.715093978e+00  1.712875038e+00
  1.710778817e+00  1.708803537e+00  1.706946718e+00  1.705206544e+00
  1.703581111e+00  1.702068178e+00  1.700666428e+00  1.699373929e+00
  1.698189097e+00  1.697110791e+00  1.696137302e+00  1.695267646e+00
  1.694500633e+00  1.693835221e+00  1.693270820e+00  1.692806506e+00
  1.692441715e+00  1.692175499e+00  1.692007419e+00  1.691938404e+00
  1.691969096e+00  1.692098266e+00  1.692322763e+00  1.692645014e+00
  1.693080264e+00  1.693640432e+00  1.694343795e+00  1.695212757e+00
  1.696268516e+00  1.697537473e+00  1.699046103e+00  1.700822413e+00
  1.702897413e+00  1.705304100e+00  1.708076378e+00  1.711253785e+00
  1.714876025e+00  1.718989629e+00  1.723642161e+00  1.728885709e+00
  1.734783393e+00  1.741409862e+00  1.748835436e+00  1.757092862e+00
  1.766205255e+00  1.776158183e+00  1.786895692e+00  1.798264948e+00
  1.810072096e+00  1.822076592e+00  1.834165274e+00  1.846414063e+00
  1.859248010e+00  1.873396775e+00  1.890217730e+00  1.911942244e+00
  1.945368202e+00
@R TRIAG 101 []
  0.000000000e+00  8.567047059e-03  1.732905945e-02  2.597153294e-02
  3.434067608e-02  4.251198695e-02  5.039623740e-02  5.798675091e-02
  6.525882881e-02  7.220384402e-02  7.884313730e-02  8.519661816e-02
  9.129132727e-02  9.714503360e-02  1.027564045e-01  1.081251410e-01
  1.132532859e-01  1.181434452e-01  1.227971672e-01  1.272268209e-01
  1.314434825e-01  1.354565723e-01  1.392757842e-01  1.429102698e-01
  1.463717969e-01  1.496691857e-01  1.528113219e-01  1.558088273e-01
  1.586722539e-01  1.614103375e-01  1.640300146e-01  1.665419049e-01
  1.689574467e-01  1.712845981e-01  1.735308274e-01  1.757065931e-01
  1.778212018e-01  1.798844386e-01  1.819033182e-01  1.838849005e-01
  1.858357241e-01  1.877616441e-01  1.896679481e-01  1.915595768e-01
  1.934408445e-01  1.953154449e-01  1.971880026e-01  1.990610824e-01
  2.009381287e-01  2.028221011e-01  2.047151682e-01  2.066203748e-01
  2.085393317e-01  2.104748296e-01  2.124288580e-01  2.144028998e-01
  2.163990441e-01  2.184185164e-01  2.204644225e-01  2.225381029e-01
  2.246406961e-01  2.267736902e-01  2.289580570e-01  2.311959809e-01
  2.334712284e-01  2.357866113e-01  2.381468695e-01  2.405517774e-01
  2.430209678e-01  2.455775339e-01  2.482451703e-01  2.510521754e-01
  2.540270811e-01  2.572013235e-01  2.606073331e-01  2.642822699e-01
  2.682649634e-01  2.725926319e-01  2.773112482e-01  2.824647083e-01
  2.881073648e-01  2.943086515e-01  3.011170546e-01  3.086077756e-01
  3.168706253e-01  3.260308222e-01  3.361750350e-01  3.473265267e-01
  3.594268480e-01  3.723164478e-01  3.857273416e-01  3.992968990e-01
  4.126279680e-01  4.255318981e-01  4.380083287e-01  4.502259177e-01
  4.628243645e-01  4.764748500e-01  4.923800071e-01  5.126360633e-01
  5.449236592e-01
@R PMHD 101 []
  1.117794267e+06  1.117487492e+06  1.116566778e+06  1.115030963e+06
  1.112878344e+06  1.110106924e+06  1.106714851e+06  1.102700923e+06
  1.098065243e+06  1.092809988e+06  1.086939984e+06  1.080463228e+06
  1.073391858e+06  1.065742337e+06  1.057533552e+06  1.048786141e+06
  1.039520399e+06  1.029757138e+06  1.019519694e+06  1.008830823e+06
  9.977160794e+05  9.862009763e+05  9.743123083e+05  9.620768435e+05
  9.495220430e+05  9.366752984e+05  9.235639883e+05  9.102158856e+05
  8.966572198e+05  8.829131901e+05  8.690138771e+05  8.549952043e+05
  8.408811976e+05  8.266810711e+05  8.124060266e+05  7.980679004e+05
  7.836777233e+05  7.692467136e+05  7.547859016e+05  7.403061896e+05
  7.258183631e+05  7.113330837e+05  6.968608452e+05  6.824119979e+05
  6.679967885e+05  6.536253202e+05  6.393073883e+05  6.250528914e+05
  6.108712644e+05  5.967720176e+05  5.827642921e+05  5.688572089e+05
  5.550595279e+05  5.413800023e+05  5.278269786e+05  5.144087741e+05
  5.011333994e+05  4.880086426e+05  4.750421097e+05  4.622411561e+05
  4.496128978e+05  4.371642178e+05  4.249017363e+05  4.128318384e+05
  4.009606432e+05  3.892939881e+05  3.778374604e+05  3.665963944e+05
  3.555759397e+05  3.447808587e+05  3.342155489e+05  3.238839863e+05
  3.137896765e+05  3.039355651e+05  2.943239201e+05  2.849561209e+05
  2.758323594e+05  2.669512088e+05  2.583089145e+05  2.498983952e+05
  2.417077330e+05  2.337177787e+05  2.258989396e+05  2.182057146e+05
  2.105698903e+05  2.028890611e+05  1.950131154e+05  1.867238059e+05
  1.777146623e+05  1.675741750e+05  1.557890724e+05  1.418067997e+05
  1.251931081e+05  1.059291795e+05  8.474998987e+04  6.326241903e+04
  4.356650109e+04  2.738790981e+04  1.541854977e+04  7.289890172e+03
  2.159817871e+03
@R QMHD 101 []
  3.852891569e+00  3.850498836e+00  3.843397550e+00  3.831817139e+00
  3.816137116e+00  3.796881163e+00  3.774707820e+00  3.750395360e+00
  3.724819430e+00  3.698921123e+00  3.673662102e+00  3.649966961e+00
  3.628653773e+00  3.610251422e+00  3.594503417e+00  3.580369624e+00
  3.566942354e+00  3.554245151e+00  3.542323031e+00  3.531154238e+00
  3.520659717e+00  3.510732203e+00  3.501282197e+00  3.492264107e+00
  3.483651903e+00  3.475411038e+00  3.467495164e+00  3.459878889e+00
  3.452541705e+00  3.445492622e+00  3.438723430e+00  3.432159389e+00
  3.425807665e+00  3.419738385e+00  3.413973799e+00  3.408534810e+00
  3.403437391e+00  3.398709568e+00  3.394367724e+00  3.390426507e+00
  3.386907970e+00  3.383816852e+00  3.381176090e+00  3.378992292e+00
  3.377277907e+00  3.376054150e+00  3.375321200e+00  3.375096656e+00
  3.375393780e+00  3.376218332e+00  3.377588400e+00  3.379512885e+00
  3.382003261e+00  3.385073775e+00  3.388734250e+00  3.393002858e+00
  3.397889692e+00  3.403407349e+00  3.409573256e+00  3.416397815e+00
  3.423901674e+00  3.432108368e+00  3.441039141e+00  3.450708966e+00
  3.461082009e+00  3.472142945e+00  3.484195244e+00  3.498109332e+00
  3.514950635e+00  3.535494013e+00  3.560525381e+00  3.590630394e+00
  3.626307202e+00  3.668055108e+00  3.716307891e+00  3.771464222e+00
  3.833934501e+00  3.904105079e+00  3.982356933e+00  4.069090865e+00
  4.164693203e+00  4.269594842e+00  4.384069711e+00  4.508496173e+00
  4.643565466e+00  4.789614131e+00  4.944606999e+00  5.104047991e+00
  5.265082472e+00  5.423085931e+00  5.570794650e+00  5.700771608e+00
  5.806910453e+00  5.891571141e+00  5.969979596e+00  6.062351695e+00
  6.198587001e+00  6.412375259e+00  6.752278562e+00  7.310698566e+00
  8.502024819e+00
@R ER 101 []
  0.000000000e+00  0.000000000e+00  0.000000000e+00  0.000000000e+00
  0.000000000e+00  0.000000000e+00  0.000000000e+00  0.000000000e+00
  0.000000000e+00  0.000000000e+00  0.000000000e+00  0.000000000e+00
  0.000000000e+00  0.000000000e+00  0.000000000e+00  0.000000000e+00
  0.000000000e+00  0.000000000e+00  0.000000000e+00  0.000000000e+00
  0.000000000e+00  0.000000000e+00  0.000000000e+00  0.000000000e+00
  0.000000000e+00  0.000000000e+00  0.000000000e+00  0.000000000e+00
  0.000000000e+00  0.000000000e+00  0.000000000e+00  0.000000000e+00
  0.000000000e+00  0.000000000e+00  0.000000000e+00  0.000000000e+00
  0.000000000e+00  0.000000000e+00  0.000000000e+00  0.000000000e+00
  0.000000000e+00  0.000000000e+00  0.000000000e+00  0.000000000e+00
  0.000000000e+00  0.000000000e+00  0.000000000e+00  0.000000000e+00
  0.000000000e+00  0.000000000e+00  0.000000000e+00  0.000000000e+00
  0.000000000e+00  0.000000000e+00  0.000000000e+00  0.000000000e+00
  0.000000000e+00  0.000000000e+00  0.000000000e+00  0.000000000e+00
  0.000000000e+00  0.000000000e+00  0.000000000e+00  0.000000000e+00
  0.000000000e+00  0.000000000e+00  0.000000000e+00  0.000000000e+00
  0.000000000e+00  0.000000000e+00  0.000000000e+00  0.000000000e+00
  0.000000000e+00  0.000000000e+00  0.000000000e+00  0.000000000e+00
  0.000000000e+00  0.000000000e+00  0.000000000e+00  0.000000000e+00
  0.000000000e+00  0.000000000e+00  0.000000000e+00  0.000000000e+00
  0.000000000e+00  0.000000000e+00  0.000000000e+00  0.000000000e+00
  0.000000000e+00  0.000000000e+00  0.000000000e+00  0.000000000e+00
  0.000000000e+00  0.000000000e+00  0.000000000e+00  0.000000000e+00
  0.000000000e+00  0.000000000e+00  0.000000000e+00  0.000000000e+00
  0.000000000e+00
@R NC1 101 []
  9.985000643e-01  9.297992315e-01  9.044202778e-01  8.863733885e-01
  8.720951205e-01  8.601886880e-01  8.499457743e-01  8.409375754e-01
  8.328860611e-01  8.255995957e-01  8.189371088e-01  8.127943854e-01
  8.070925521e-01  8.017691322e-01  7.967719030e-01  7.920583882e-01
  7.875903136e-01  7.833343384e-01  7.792646674e-01  7.753574685e-01
  7.715931677e-01  7.679534084e-01  7.644236865e-01  7.609909130e-01
  7.576433589e-01  7.543711577e-01  7.511656120e-01  7.480192477e-01
  7.449261755e-01  7.418810075e-01  7.388773569e-01  7.359091302e-01
  7.329733004e-01  7.300704426e-01  7.272010017e-01  7.243642874e-01
  7.215599760e-01  7.187875347e-01  7.160464082e-01  7.133360274e-01
  7.106559141e-01  7.080056316e-01  7.053845077e-01  7.027920999e-01
  7.002279383e-01  6.976914472e-01  6.951822049e-01  6.926997302e-01
  6.902435650e-01  6.878133337e-01  6.854085477e-01  6.830288363e-01
  6.806737808e-01  6.783431543e-01  6.760364468e-01  6.737532356e-01
  6.714934070e-01  6.692565631e-01  6.670424456e-01  6.648509404e-01
  6.626814987e-01  6.605334044e-01  6.584065097e-01  6.563015656e-01
  6.542188979e-01  6.521584414e-01  6.501199373e-01  6.481082884e-01
  6.461317971e-01  6.441969080e-01  6.423058689e-01  6.404623699e-01
  6.386709991e-01  6.369330604e-01  6.352504637e-01  6.336244751e-01
  6.320552804e-01  6.305426892e-01  6.290858143e-01  6.276836137e-01
  6.263341572e-01  6.250371196e-01  6.237919951e-01  6.225984987e-01
  6.214642962e-01  6.203864124e-01  6.193508907e-01  6.183656965e-01
  6.174575191e-01  6.166754720e-01  6.160751125e-01  6.156940814e-01
  6.155643510e-01  6.156504799e-01  6.158444252e-01  6.160353466e-01
  6.160812638e-01  6.158565109e-01  6.153768801e-01  6.144444132e-01
  6.132623065e-01
@R HFAC1 101 []
  1.000000000e+00  9.968183295e-01  9.937070367e-01  9.906645194e-01
  9.876861952e-01  9.847665490e-01  9.819013304e-01  9.790849308e-01
  9.763129489e-01  9.735812907e-01  9.708862033e-01  9.682247656e-01
  9.655947420e-01  9.629941798e-01  9.604202290e-01  9.578695224e-01
  9.553378675e-01  9.528215003e-01  9.503177612e-01  9.478233391e-01
  9.453354657e-01  9.428508565e-01  9.403671261e-01  9.378817545e-01
  9.353922608e-01  9.328965757e-01  9.303926829e-01  9.278787971e-01
  9.253536789e-01  9.228159891e-01  9.202636066e-01  9.176943414e-01
  9.151075649e-01  9.125044720e-01  9.098862132e-01  9.072533872e-01
  9.046066681e-01  9.019466710e-01  8.992739134e-01  8.965888863e-01
  8.938922013e-01  8.911843681e-01  8.884658203e-01  8.857370522e-01
  8.829985442e-01  8.802507736e-01  8.774941419e-01  8.747291487e-01
  8.719562478e-01  8.691758866e-01  8.663885162e-01  8.635945750e-01
  8.607944994e-01  8.579889133e-01  8.551780722e-01  8.523624341e-01
  8.495426479e-01  8.467191085e-01  8.438923802e-01  8.410630899e-01
  8.382314499e-01  8.353975590e-01  8.325621082e-01  8.297267131e-01
  8.268921442e-01  8.240587564e-01  8.212287785e-01  8.184113806e-01
  8.156211041e-01  8.128697269e-01  8.101645629e-01  8.075145994e-01
  8.049290284e-01  8.024145232e-01  7.999779652e-01  7.976256449e-01
  7.953632254e-01  7.931957051e-01  7.911275425e-01  7.891629474e-01
  7.873054532e-01  7.855611363e-01  7.839354540e-01  7.824343897e-01
  7.810724207e-01  7.798508827e-01  7.787386651e-01  7.777150644e-01
  7.767918579e-01  7.760056311e-01  7.753852075e-01  7.749330484e-01
  7.746445006e-01  7.744955812e-01  7.744499379e-01  7.745255621e-01
  7.747353252e-01  7.752271433e-01  7.761243969e-01  7.786518488e-01
  7.837498077e-01
@R HFAC2 101 []
  1.000000000e+00  9.936519334e-01  9.874741646e-01  9.814620339e-01
  9.756051259e-01  9.698913057e-01  9.643111056e-01  9.588525250e-01
  9.535060418e-01  9.482628577e-01  9.431149025e-01  9.380557949e-01
  9.330805375e-01  9.281847097e-01  9.233622400e-01  9.186061957e-01
  9.139081570e-01  9.092605553e-01  9.046579884e-01  9.000939073e-01
  8.955628322e-01  8.910583923e-01  8.865759453e-01  8.821106603e-01
  8.776578277e-01  8.732135356e-01  8.687740291e-01  8.643360079e-01
  8.598972060e-01  8.554552161e-01  8.510062147e-01  8.465462897e-01
  8.420744041e-01  8.375928609e-01  8.331038476e-01  8.286085220e-01
  8.241081837e-01  8.196039892e-01  8.150969234e-01  8.105879112e-01
  8.060780623e-01  8.015683150e-01  7.970594452e-01  7.925523360e-01
  7.880478317e-01  7.835467474e-01  7.790497838e-01  7.745577699e-01
  7.700714638e-01  7.655916031e-01  7.611189034e-01  7.566540703e-01
  7.521977827e-01  7.477510201e-01  7.433141519e-01  7.388878472e-01
  7.344731098e-01  7.300704989e-01  7.256808285e-01  7.213050331e-01
  7.169433336e-01  7.125957384e-01  7.082632153e-01  7.039482499e-01
  6.996520059e-01  6.953749695e-01  6.911203016e-01  6.869016306e-01
  6.827409535e-01  6.786558554e-01  6.746561899e-01  6.707545807e-01
  6.669639667e-01  6.632927767e-01  6.597498312e-01  6.563428603e-01
  6.530783029e-01  6.499615046e-01  6.469969164e-01  6.441885087e-01
  6.415389211e-01  6.390545749e-01  6.367411681e-01  6.346047871e-01
  6.326653863e-01  6.309225364e-01  6.293319678e-01  6.278708296e-01
  6.265635121e-01  6.254747819e-01  6.246622401e-01  6.241445427e-01
  6.239309751e-01  6.239783324e-01  6.241959830e-01  6.245613694e-01
  6.250306915e-01  6.257271264e-01  6.268117673e-01  6.296912709e-01
  6.356785463e-01
