 # generated by fastran_io_instate.py
@R INFLAG 1 []
  1.000000000e+00
@R TIME0 1 [s]
  0.000000000e+00
@R IP 1 []
  8.100000000e+00
@R BCENTR 1 []
  7.000000000e+00
@R RMAJOR 1 []
  4.000000000e+00
@R AMINOR 1 []
  1.330000000e+00
@R ELONGB 1 []
  2.000000000e+00
@R TRIANB 1 []
  6.000000000e-01
@R RHO 101 []
  0.000000000e+00  1.000000000e-02  2.000000000e-02  3.000000000e-02
  4.000000000e-02  5.000000000e-02  6.000000000e-02  7.000000000e-02
  8.000000000e-02  9.000000000e-02  1.000000000e-01  1.100000000e-01
  1.200000000e-01  1.300000000e-01  1.400000000e-01  1.500000000e-01
  1.600000000e-01  1.700000000e-01  1.800000000e-01  1.900000000e-01
  2.000000000e-01  2.100000000e-01  2.200000000e-01  2.300000000e-01
  2.400000000e-01  2.500000000e-01  2.600000000e-01  2.700000000e-01
  2.800000000e-01  2.900000000e-01  3.000000000e-01  3.100000000e-01
  3.200000000e-01  3.300000000e-01  3.400000000e-01  3.500000000e-01
  3.600000000e-01  3.700000000e-01  3.800000000e-01  3.900000000e-01
  4.000000000e-01  4.100000000e-01  4.200000000e-01  4.300000000e-01
  4.400000000e-01  4.500000000e-01  4.600000000e-01  4.700000000e-01
  4.800000000e-01  4.900000000e-01  5.000000000e-01  5.100000000e-01
  5.200000000e-01  5.300000000e-01  5.400000000e-01  5.500000000e-01
  5.600000000e-01  5.700000000e-01  5.800000000e-01  5.900000000e-01
  6.000000000e-01  6.100000000e-01  6.200000000e-01  6.300000000e-01
  6.400000000e-01  6.500000000e-01  6.600000000e-01  6.700000000e-01
  6.800000000e-01  6.900000000e-01  7.000000000e-01  7.100000000e-01
  7.200000000e-01  7.300000000e-01  7.400000000e-01  7.500000000e-01
  7.600000000e-01  7.700000000e-01  7.800000000e-01  7.900000000e-01
  8.000000000e-01  8.100000000e-01  8.200000000e-01  8.300000000e-01
  8.400000000e-01  8.500000000e-01  8.600000000e-01  8.700000000e-01
  8.800000000e-01  8.900000000e-01  9.000000000e-01  9.100000000e-01
  9.200000000e-01  9.300000000e-01  9.400000000e-01  9.500000000e-01
  9.600000000e-01  9.700000000e-01  9.800000000e-01  9.900000000e-01
  1.000000000e+00
@R AMAIN 1 []
  2.500000000e+00
@R ZMAIN 1 []
  1.000000000e+00
@I NIMP 1 []
                2
@R AIMP 2 []
  9.000000000e+00  4.000000000e+01
@R ZIMP 2 []
  4.000000000e+00  1.800000000e+01
@R FIMP 2 []
  2.000000000e-02  5.000000000e-04
@R ENE 101 []
  2.629700715e+01  2.625956900e+01  2.621921796e+01  2.617599177e+01
  2.612992816e+01  2.608106485e+01  2.602943957e+01  2.597509004e+01
  2.591805399e+01  2.585836915e+01  2.579607324e+01  2.573120399e+01
  2.566379913e+01  2.559389638e+01  2.552153347e+01  2.544674812e+01
  2.536957806e+01  2.529006102e+01  2.520823473e+01  2.512413690e+01
  2.503780527e+01  2.494927756e+01  2.485859151e+01  2.476578482e+01
  2.467089524e+01  2.457396049e+01  2.447501829e+01  2.437410637e+01
  2.427126245e+01  2.416652427e+01  2.405992955e+01  2.395151602e+01
  2.384132139e+01  2.372938341e+01  2.361573979e+01  2.350042826e+01
  2.338348655e+01  2.326495238e+01  2.314486348e+01  2.302325758e+01
  2.290017239e+01  2.277564566e+01  2.264971510e+01  2.252241845e+01
  2.239379342e+01  2.226387774e+01  2.213270914e+01  2.200032534e+01
  2.186676407e+01  2.173206306e+01  2.159626002e+01  2.145939267e+01
  2.132149875e+01  2.118261595e+01  2.104278199e+01  2.090203457e+01
  2.076041139e+01  2.061795010e+01  2.047468835e+01  2.033066373e+01
  2.018591380e+01  2.004047597e+01  1.989438756e+01  1.974768564e+01
  1.960040699e+01  1.945258790e+01  1.930426396e+01  1.915546969e+01
  1.900623803e+01  1.885659956e+01  1.870658132e+01  1.855620507e+01
  1.840548469e+01  1.825442230e+01  1.810300248e+01  1.795118360e+01
  1.779888504e+01  1.764596797e+01  1.749220697e+01  1.733724783e+01
  1.718054504e+01  1.702126972e+01  1.685817458e+01  1.668939767e+01
  1.651218108e+01  1.632247618e+01  1.611440843e+01  1.587959384e+01
  1.560635717e+01  1.527904067e+01  1.487786104e+01  1.438018836e+01
  1.376451827e+01  1.301819378e+01  1.214806071e+01  1.118933426e+01
  1.020477403e+01  9.269579145e+00  8.448151539e+00  7.776638048e+00
  7.260124812e+00
@R TE 101 []
  1.591248617e+01  1.585845895e+01  1.579951543e+01  1.573575989e+01
  1.566729660e+01  1.559422986e+01  1.551666393e+01  1.543470310e+01
  1.534845166e+01  1.525801388e+01  1.516349405e+01  1.506499645e+01
  1.496262536e+01  1.485648505e+01  1.474667982e+01  1.463331395e+01
  1.451649171e+01  1.439631739e+01  1.427289526e+01  1.414632962e+01
  1.401672474e+01  1.388418490e+01  1.374881438e+01  1.361071748e+01
  1.346999846e+01  1.332676161e+01  1.318111121e+01  1.303315155e+01
  1.288298689e+01  1.273072154e+01  1.257645976e+01  1.242030584e+01
  1.226236406e+01  1.210273871e+01  1.194153405e+01  1.177885438e+01
  1.161480398e+01  1.144948713e+01  1.128300810e+01  1.111547119e+01
  1.094698067e+01  1.077764083e+01  1.060755594e+01  1.043683028e+01
  1.026556815e+01  1.009387382e+01  9.921851564e+00  9.749605676e+00
  9.577240433e+00  9.404860116e+00  9.232569007e+00  9.060471387e+00
  8.888671538e+00  8.717273739e+00  8.546382273e+00  8.376101419e+00
  8.206535456e+00  8.037788663e+00  7.869965315e+00  7.703169685e+00
  7.537506041e+00  7.373078642e+00  7.209991737e+00  7.048349550e+00
  6.888256278e+00  6.729816068e+00  6.573132985e+00  6.418310974e+00
  6.265453783e+00  6.114664855e+00  5.966047148e+00  5.819702857e+00
  5.675732975e+00  5.534236602e+00  5.395309855e+00  5.259044144e+00
  5.125523472e+00  4.994820154e+00  4.866988098e+00  4.742052186e+00
  4.619991575e+00  4.500713405e+00  4.384011505e+00  4.269501756e+00
  4.156521497e+00  4.043974498e+00  3.930096069e+00  3.812107383e+00
  3.685732604e+00  3.544588594e+00  3.379571470e+00  3.178632772e+00
  2.927809679e+00  2.614833293e+00  2.236152780e+00  1.805280112e+00
  1.355694798e+00  9.316610642e-01  5.705110140e-01  2.897192208e-01
  8.687352761e-02
@R TI 101 []
  1.381414841e+01  1.376942786e+01  1.372064352e+01  1.366788160e+01
  1.361122826e+01  1.355076969e+01  1.348659206e+01  1.341878157e+01
  1.334742438e+01  1.327260669e+01  1.319441468e+01  1.311293452e+01
  1.302825239e+01  1.294045449e+01  1.284962698e+01  1.275585606e+01
  1.265922790e+01  1.255982868e+01  1.245774458e+01  1.235306179e+01
  1.224586650e+01  1.213624486e+01  1.202428308e+01  1.191006734e+01
  1.179368380e+01  1.167521866e+01  1.155475810e+01  1.143238829e+01
  1.130819542e+01  1.118226567e+01  1.105468523e+01  1.092554026e+01
  1.079491696e+01  1.066290151e+01  1.052958008e+01  1.039503886e+01
  1.025936403e+01  1.012264177e+01  9.984958264e+00  9.846399691e+00
  9.707052233e+00  9.567002072e+00  9.426335389e+00  9.285138364e+00
  9.143497180e+00  9.001498018e+00  8.859227059e+00  8.716770485e+00
  8.574214476e+00  8.431645215e+00  8.289148881e+00  8.146811657e+00
  8.004719722e+00  7.862959258e+00  7.721616445e+00  7.580777461e+00
  7.440528485e+00  7.300955694e+00  7.162145260e+00  7.024183353e+00
  6.887156134e+00  6.751149754e+00  6.616250348e+00  6.482544021e+00
  6.350116840e+00  6.219054803e+00  6.089443808e+00  5.961369591e+00
  5.834917641e+00  5.710173055e+00  5.587220319e+00  5.466142969e+00
  5.347023050e+00  5.229940285e+00  5.114970759e+00  5.002184880e+00
  4.891644182e+00  4.783396322e+00  4.677467274e+00  4.573849120e+00
  4.472480991e+00  4.373219337e+00  4.275791684e+00  4.179724975e+00
  4.084235314e+00  3.988060283e+00  3.889208875e+00  3.784600983e+00
  3.669578051e+00  3.537312758e+00  3.378274914e+00  3.180189408e+00
  2.929364014e+00  2.614589737e+00  2.234089470e+00  1.803027442e+00
  1.355157099e+00  9.333010647e-01  5.728975605e-01  2.905799177e-01
  8.439109543e-02
@R ZEFF 101 []
  1.491715969e+00  1.491059698e+00  1.490345626e+00  1.489574981e+00
  1.488749008e+00  1.487868966e+00  1.486936139e+00  1.485951832e+00
  1.484917374e+00  1.483834124e+00  1.482703470e+00  1.481526832e+00
  1.480305667e+00  1.479041467e+00  1.477735765e+00  1.476390135e+00
  1.475006196e+00  1.473585609e+00  1.472130087e+00  1.470641387e+00
  1.469121319e+00  1.467571742e+00  1.465994568e+00  1.464391759e+00
  1.462765331e+00  1.461117350e+00  1.459449934e+00  1.457765250e+00
  1.456065512e+00  1.454352982e+00  1.452629965e+00  1.450898803e+00
  1.449161878e+00  1.447421600e+00  1.445680409e+00  1.443940764e+00
  1.442205140e+00  1.440476018e+00  1.438755882e+00  1.437047206e+00
  1.435352450e+00  1.433674048e+00  1.432014399e+00  1.430375858e+00
  1.428760724e+00  1.427171234e+00  1.425609546e+00  1.424077733e+00
  1.422577774e+00  1.421111537e+00  1.419680776e+00  1.418287120e+00
  1.416932061e+00  1.415616951e+00  1.414342989e+00  1.413111222e+00
  1.411922533e+00  1.410777642e+00  1.409677102e+00  1.408621295e+00
  1.407610438e+00  1.406644579e+00  1.405723601e+00  1.404847229e+00
  1.404015032e+00  1.403226434e+00  1.402480716e+00  1.401777030e+00
  1.401114404e+00  1.400491759e+00  1.399907911e+00  1.399361589e+00
  1.398851442e+00  1.398376049e+00  1.397933930e+00  1.397523554e+00
  1.397143340e+00  1.396791663e+00  1.396466853e+00  1.396167179e+00
  1.395890836e+00  1.395635910e+00  1.395400332e+00  1.395181803e+00
  1.394977694e+00  1.394784927e+00  1.394599834e+00  1.394418078e+00
  1.394234763e+00  1.394045044e+00  1.393845725e+00  1.393638307e+00
  1.393432970e+00  1.393250266e+00  1.393114469e+00  1.393037439e+00
  1.393007593e+00  1.393000763e+00  1.393000024e+00  1.393000000e+00
  1.393000000e+00
@R OMEGA 101 []
  5.000000000e+03  4.992501875e+03  4.978801804e+03  4.961079526e+03
  4.940120160e+03  4.916382264e+03  4.890178959e+03  4.861743180e+03
  4.831258024e+03  4.798873089e+03  4.764714177e+03  4.728889466e+03
  4.691493659e+03  4.652610886e+03  4.612316799e+03  4.570680145e+03
  4.527763951e+03  4.483626454e+03  4.438321832e+03  4.391900796e+03
  4.344411068e+03  4.295897774e+03  4.246403778e+03  4.195969955e+03
  4.144635428e+03  4.092437767e+03  4.039413164e+03  3.985596584e+03
  3.931021896e+03  3.875721988e+03  3.819728870e+03  3.763073767e+03
  3.705787199e+03  3.647899055e+03  3.589438660e+03  3.530434837e+03
  3.470915960e+03  3.410910006e+03  3.350444605e+03  3.289547080e+03
  3.228244492e+03  3.166563674e+03  3.104531273e+03  3.042173783e+03
  2.979517575e+03  2.916588934e+03  2.853414088e+03  2.790019238e+03
  2.726430588e+03  2.662674375e+03  2.598776897e+03  2.534764544e+03
  2.470663824e+03  2.406501396e+03  2.342304099e+03  2.278098979e+03
  2.213913327e+03  2.149774707e+03  2.085710992e+03  2.021750397e+03
  1.957921519e+03  1.894253376e+03  1.830775447e+03  1.767517715e+03
  1.704510722e+03  1.641785608e+03  1.579374179e+03  1.517308956e+03
  1.455623246e+03  1.394351213e+03  1.333527952e+03  1.273189580e+03
  1.213373329e+03  1.154117653e+03  1.095462349e+03  1.037448686e+03
  9.801195629e+02  9.235196753e+02  8.676957162e+02  8.126966008e+02
  7.585737302e+02  7.053812976e+02  6.531766492e+02  6.020207128e+02
  5.519785103e+02  5.031197796e+02  4.555197357e+02  4.092600162e+02
  3.644298727e+02  3.211276991e+02  2.794630303e+02  2.395592200e+02
  2.015571260e+02  1.656203590e+02  1.319430748e+02  1.007621703e+02
  7.237775876e+01  4.719105135e+01  2.578549737e+01  9.151104569e+00
  0.000000000e+00
@R Q 101 []
  0.000000000e+00  0.000000000e+00  0.000000000e+00  0.000000000e+00
  0.000000000e+00  0.000000000e+00  0.000000000e+00  0.000000000e+00
  0.000000000e+00  0.000000000e+00  0.000000000e+00  0.000000000e+00
  0.000000000e+00  0.000000000e+00  0.000000000e+00  0.000000000e+00
  0.000000000e+00  0.000000000e+00  0.000000000e+00  0.000000000e+00
  0.000000000e+00  0.000000000e+00  0.000000000e+00  0.000000000e+00
  0.000000000e+00  0.000000000e+00  0.000000000e+00  0.000000000e+00
  0.000000000e+00  0.000000000e+00  0.000000000e+00  0.000000000e+00
  0.000000000e+00  0.000000000e+00  0.000000000e+00  0.000000000e+00
  0.000000000e+00  0.000000000e+00  0.000000000e+00  0.000000000e+00
  0.000000000e+00  0.000000000e+00  0.000000000e+00  0.000000000e+00
  0.000000000e+00  0.000000000e+00  0.000000000e+00  0.000000000e+00
  0.000000000e+00  0.000000000e+00  0.000000000e+00  0.000000000e+00
  0.000000000e+00  0.000000000e+00  0.000000000e+00  0.000000000e+00
  0.000000000e+00  0.000000000e+00  0.000000000e+00  0.000000000e+00
  0.000000000e+00  0.000000000e+00  0.000000000e+00  0.000000000e+00
  0.000000000e+00  0.000000000e+00  0.000000000e+00  0.000000000e+00
  0.000000000e+00  0.000000000e+00  0.000000000e+00  0.000000000e+00
  0.000000000e+00  0.000000000e+00  0.000000000e+00  0.000000000e+00
  0.000000000e+00  0.000000000e+00  0.000000000e+00  0.000000000e+00
  0.000000000e+00  0.000000000e+00  0.000000000e+00  0.000000000e+00
  0.000000000e+00  0.000000000e+00  0.000000000e+00  0.000000000e+00
  0.000000000e+00  0.000000000e+00  0.000000000e+00  0.000000000e+00
  0.000000000e+00  0.000000000e+00  0.000000000e+00  0.000000000e+00
  0.000000000e+00  0.000000000e+00  0.000000000e+00  0.000000000e+00
  0.000000000e+00
@R FP 101 []
  0.000000000e+00  0.000000000e+00  0.000000000e+00  0.000000000e+00
  0.000000000e+00  0.000000000e+00  0.000000000e+00  0.000000000e+00
  0.000000000e+00  0.000000000e+00  0.000000000e+00  0.000000000e+00
  0.000000000e+00  0.000000000e+00  0.000000000e+00  0.000000000e+00
  0.000000000e+00  0.000000000e+00  0.000000000e+00  0.000000000e+00
  0.000000000e+00  0.000000000e+00  0.000000000e+00  0.000000000e+00
  0.000000000e+00  0.000000000e+00  0.000000000e+00  0.000000000e+00
  0.000000000e+00  0.000000000e+00  0.000000000e+00  0.000000000e+00
  0.000000000e+00  0.000000000e+00  0.000000000e+00  0.000000000e+00
  0.000000000e+00  0.000000000e+00  0.000000000e+00  0.000000000e+00
  0.000000000e+00  0.000000000e+00  0.000000000e+00  0.000000000e+00
  0.000000000e+00  0.000000000e+00  0.000000000e+00  0.000000000e+00
  0.000000000e+00  0.000000000e+00  0.000000000e+00  0.000000000e+00
  0.000000000e+00  0.000000000e+00  0.000000000e+00  0.000000000e+00
  0.000000000e+00  0.000000000e+00  0.000000000e+00  0.000000000e+00
  0.000000000e+00  0.000000000e+00  0.000000000e+00  0.000000000e+00
  0.000000000e+00  0.000000000e+00  0.000000000e+00  0.000000000e+00
  0.000000000e+00  0.000000000e+00  0.000000000e+00  0.000000000e+00
  0.000000000e+00  0.000000000e+00  0.000000000e+00  0.000000000e+00
  0.000000000e+00  0.000000000e+00  0.000000000e+00  0.000000000e+00
  0.000000000e+00  0.000000000e+00  0.000000000e+00  0.000000000e+00
  0.000000000e+00  0.000000000e+00  0.000000000e+00  0.000000000e+00
  0.000000000e+00  0.000000000e+00  0.000000000e+00  0.000000000e+00
  0.000000000e+00  0.000000000e+00  0.000000000e+00  0.000000000e+00
  0.000000000e+00  0.000000000e+00  0.000000000e+00  0.000000000e+00
  0.000000000e+00
@R CURPAR 101 []
  6.534924316e-01  6.602964469e-01  6.672971742e-01  6.744850952e-01
  6.818506916e-01  6.893844450e-01  6.970768372e-01  7.049183498e-01
  7.128994645e-01  7.210106629e-01  7.292424268e-01  7.375852377e-01
  7.460295775e-01  7.545659277e-01  7.631847701e-01  7.718765863e-01
  7.806318580e-01  7.894410668e-01  7.982946945e-01  8.071832228e-01
  8.160971332e-01  8.250269075e-01  8.339630273e-01  8.428959744e-01
  8.518162304e-01  8.607142769e-01  8.695805957e-01  8.784056684e-01
  8.871799768e-01  8.958940024e-01  9.045382270e-01  9.131031322e-01
  9.215791997e-01  9.299569112e-01  9.382267483e-01  9.463791928e-01
  9.544047264e-01  9.622938306e-01  9.700369871e-01  9.776246777e-01
  9.850473841e-01  9.922955878e-01  9.993597706e-01  1.006230414e+00
  1.012898000e+00  1.019353010e+00  1.025585926e+00  1.031587229e+00
  1.037347402e+00  1.042856925e+00  1.048106281e+00  1.053085950e+00
  1.057786416e+00  1.062198159e+00  1.066311662e+00  1.070117405e+00
  1.073605870e+00  1.076767540e+00  1.079592896e+00  1.082072420e+00
  1.084196592e+00  1.085955896e+00  1.087340812e+00  1.088341822e+00
  1.088949409e+00  1.089154053e+00  1.084447349e+00  1.070941956e+00
  1.049559949e+00  1.021223406e+00  9.868544038e-01  9.473750180e-01
  9.037073257e-01  8.567734036e-01  8.074953281e-01  7.567951761e-01
  7.055950240e-01  6.548169486e-01  6.053830264e-01  5.582153341e-01
  5.142359484e-01  4.743669457e-01  4.395304029e-01  4.106483965e-01
  3.886430031e-01  3.744362994e-01  3.982038808e-01  4.358160838e-01
  4.924650981e-01  5.735037790e-01  6.819419900e-01  8.137097772e-01
  9.513856191e-01  1.060936245e+00  1.098720965e+00  1.032345332e+00
  8.636983473e-01  6.316684821e-01  3.934676453e-01  1.910396045e-01
  1.240116605e-02
@R CURBEAM 101 []
  0.000000000e+00  0.000000000e+00  0.000000000e+00  0.000000000e+00
  0.000000000e+00  0.000000000e+00  0.000000000e+00  0.000000000e+00
  0.000000000e+00  0.000000000e+00  0.000000000e+00  0.000000000e+00
  0.000000000e+00  0.000000000e+00  0.000000000e+00  0.000000000e+00
  0.000000000e+00  0.000000000e+00  0.000000000e+00  0.000000000e+00
  0.000000000e+00  0.000000000e+00  0.000000000e+00  0.000000000e+00
  0.000000000e+00  0.000000000e+00  0.000000000e+00  0.000000000e+00
  0.000000000e+00  0.000000000e+00  0.000000000e+00  0.000000000e+00
  0.000000000e+00  0.000000000e+00  0.000000000e+00  0.000000000e+00
  0.000000000e+00  0.000000000e+00  0.000000000e+00  0.000000000e+00
  0.000000000e+00  0.000000000e+00  0.000000000e+00  0.000000000e+00
  0.000000000e+00  0.000000000e+00  0.000000000e+00  0.000000000e+00
  0.000000000e+00  0.000000000e+00  0.000000000e+00  0.000000000e+00
  0.000000000e+00  0.000000000e+00  0.000000000e+00  0.000000000e+00
  0.000000000e+00  0.000000000e+00  0.000000000e+00  0.000000000e+00
  0.000000000e+00  0.000000000e+00  0.000000000e+00  0.000000000e+00
  0.000000000e+00  0.000000000e+00  0.000000000e+00  0.000000000e+00
  0.000000000e+00  0.000000000e+00  0.000000000e+00  0.000000000e+00
  0.000000000e+00  0.000000000e+00  0.000000000e+00  0.000000000e+00
  0.000000000e+00  0.000000000e+00  0.000000000e+00  0.000000000e+00
  0.000000000e+00  0.000000000e+00  0.000000000e+00  0.000000000e+00
  0.000000000e+00  0.000000000e+00  0.000000000e+00  0.000000000e+00
  0.000000000e+00  0.000000000e+00  0.000000000e+00  0.000000000e+00
  0.000000000e+00  0.000000000e+00  0.000000000e+00  0.000000000e+00
  0.000000000e+00  0.000000000e+00  0.000000000e+00  0.000000000e+00
  0.000000000e+00
@R CURRF 101 []
  0.000000000e+00  0.000000000e+00  0.000000000e+00  0.000000000e+00
  0.000000000e+00  0.000000000e+00  0.000000000e+00  0.000000000e+00
  0.000000000e+00  0.000000000e+00  0.000000000e+00  0.000000000e+00
  0.000000000e+00  0.000000000e+00  0.000000000e+00  0.000000000e+00
  0.000000000e+00  0.000000000e+00  0.000000000e+00  0.000000000e+00
  0.000000000e+00  0.000000000e+00  0.000000000e+00  0.000000000e+00
  0.000000000e+00  0.000000000e+00  0.000000000e+00  0.000000000e+00
  0.000000000e+00  0.000000000e+00  0.000000000e+00  0.000000000e+00
  0.000000000e+00  0.000000000e+00  0.000000000e+00  0.000000000e+00
  0.000000000e+00  0.000000000e+00  0.000000000e+00  0.000000000e+00
  0.000000000e+00  0.000000000e+00  0.000000000e+00  0.000000000e+00
  0.000000000e+00  0.000000000e+00  0.000000000e+00  0.000000000e+00
  0.000000000e+00  0.000000000e+00  0.000000000e+00  0.000000000e+00
  0.000000000e+00  0.000000000e+00  0.000000000e+00  0.000000000e+00
  0.000000000e+00  0.000000000e+00  0.000000000e+00  0.000000000e+00
  0.000000000e+00  0.000000000e+00  0.000000000e+00  0.000000000e+00
  0.000000000e+00  0.000000000e+00  0.000000000e+00  0.000000000e+00
  0.000000000e+00  0.000000000e+00  0.000000000e+00  0.000000000e+00
  0.000000000e+00  0.000000000e+00  0.000000000e+00  0.000000000e+00
  0.000000000e+00  0.000000000e+00  0.000000000e+00  0.000000000e+00
  0.000000000e+00  0.000000000e+00  0.000000000e+00  0.000000000e+00
  0.000000000e+00  0.000000000e+00  0.000000000e+00  0.000000000e+00
  0.000000000e+00  0.000000000e+00  0.000000000e+00  0.000000000e+00
  0.000000000e+00  0.000000000e+00  0.000000000e+00  0.000000000e+00
  0.000000000e+00  0.000000000e+00  0.000000000e+00  0.000000000e+00
  0.000000000e+00
@R CURBOOT 101 []
  3.711478317e-01  5.567217476e-01  8.152356718e-01  9.217612745e-01
  9.713095100e-01  9.943618079e-01  1.003706964e+00  1.005448688e+00
  1.002795691e+00  9.975821028e-01  9.909439890e-01  9.836270799e-01
  9.761295678e-01  9.687391226e-01  9.615116641e-01  9.543240484e-01
  9.470547864e-01  9.396900400e-01  9.322582617e-01  9.247703478e-01
  9.172206334e-01  9.095945534e-01  9.018772103e-01  8.940598085e-01
  8.861379098e-01  8.781054121e-01  8.699548088e-01  8.616796910e-01
  8.532761470e-01  8.447449296e-01  8.360859265e-01  8.272943081e-01
  8.183684525e-01  8.093105297e-01  8.001210146e-01  7.908002272e-01
  7.813505593e-01  7.717761226e-01  7.620814923e-01  7.522714375e-01
  7.423509116e-01  7.323250823e-01  7.221997714e-01  7.119804889e-01
  7.016731531e-01  6.912840109e-01  6.808185858e-01  6.702828511e-01
  6.596828022e-01  6.490240843e-01  6.383126470e-01  6.275541407e-01
  6.167539661e-01  6.059175376e-01  5.950503696e-01  5.841578482e-01
  5.732447619e-01  5.623158554e-01  5.513758075e-01  5.404291749e-01
  5.294813529e-01  5.185380095e-01  5.076034241e-01  4.966787632e-01
  4.857625445e-01  4.748635831e-01  4.640265432e-01  4.533382737e-01
  4.428940569e-01  4.327697126e-01  4.230216129e-01  4.136855284e-01
  4.047824187e-01  3.963293024e-01  3.883415874e-01  3.808386589e-01
  3.738532595e-01  3.674411784e-01  3.616967327e-01  3.567762867e-01
  3.529324013e-01  3.505629466e-01  3.502882810e-01  3.530751585e-01
  3.604024533e-01  3.744362994e-01  3.982038808e-01  4.358160838e-01
  4.924650981e-01  5.735037790e-01  6.819419900e-01  8.137097772e-01
  9.513856191e-01  1.060936245e+00  1.098720965e+00  1.032345332e+00
  8.636983473e-01  6.316684821e-01  3.934676453e-01  1.910396045e-01
  1.240116605e-02
@R ENBEAM 101 []
  0.000000000e+00  0.000000000e+00  0.000000000e+00  0.000000000e+00
  0.000000000e+00  0.000000000e+00  0.000000000e+00  0.000000000e+00
  0.000000000e+00  0.000000000e+00  0.000000000e+00  0.000000000e+00
  0.000000000e+00  0.000000000e+00  0.000000000e+00  0.000000000e+00
  0.000000000e+00  0.000000000e+00  0.000000000e+00  0.000000000e+00
  0.000000000e+00  0.000000000e+00  0.000000000e+00  0.000000000e+00
  0.000000000e+00  0.000000000e+00  0.000000000e+00  0.000000000e+00
  0.000000000e+00  0.000000000e+00  0.000000000e+00  0.000000000e+00
  0.000000000e+00  0.000000000e+00  0.000000000e+00  0.000000000e+00
  0.000000000e+00  0.000000000e+00  0.000000000e+00  0.000000000e+00
  0.000000000e+00  0.000000000e+00  0.000000000e+00  0.000000000e+00
  0.000000000e+00  0.000000000e+00  0.000000000e+00  0.000000000e+00
  0.000000000e+00  0.000000000e+00  0.000000000e+00  0.000000000e+00
  0.000000000e+00  0.000000000e+00  0.000000000e+00  0.000000000e+00
  0.000000000e+00  0.000000000e+00  0.000000000e+00  0.000000000e+00
  0.000000000e+00  0.000000000e+00  0.000000000e+00  0.000000000e+00
  0.000000000e+00  0.000000000e+00  0.000000000e+00  0.000000000e+00
  0.000000000e+00  0.000000000e+00  0.000000000e+00  0.000000000e+00
  0.000000000e+00  0.000000000e+00  0.000000000e+00  0.000000000e+00
  0.000000000e+00  0.000000000e+00  0.000000000e+00  0.000000000e+00
  0.000000000e+00  0.000000000e+00  0.000000000e+00  0.000000000e+00
  0.000000000e+00  0.000000000e+00  0.000000000e+00  0.000000000e+00
  0.000000000e+00  0.000000000e+00  0.000000000e+00  0.000000000e+00
  0.000000000e+00  0.000000000e+00  0.000000000e+00  0.000000000e+00
  0.000000000e+00  0.000000000e+00  0.000000000e+00  0.000000000e+00
  0.000000000e+00
@R WBEAM 101 []
  0.000000000e+00  0.000000000e+00  0.000000000e+00  0.000000000e+00
  0.000000000e+00  0.000000000e+00  0.000000000e+00  0.000000000e+00
  0.000000000e+00  0.000000000e+00  0.000000000e+00  0.000000000e+00
  0.000000000e+00  0.000000000e+00  0.000000000e+00  0.000000000e+00
  0.000000000e+00  0.000000000e+00  0.000000000e+00  0.000000000e+00
  0.000000000e+00  0.000000000e+00  0.000000000e+00  0.000000000e+00
  0.000000000e+00  0.000000000e+00  0.000000000e+00  0.000000000e+00
  0.000000000e+00  0.000000000e+00  0.000000000e+00  0.000000000e+00
  0.000000000e+00  0.000000000e+00  0.000000000e+00  0.000000000e+00
  0.000000000e+00  0.000000000e+00  0.000000000e+00  0.000000000e+00
  0.000000000e+00  0.000000000e+00  0.000000000e+00  0.000000000e+00
  0.000000000e+00  0.000000000e+00  0.000000000e+00  0.000000000e+00
  0.000000000e+00  0.000000000e+00  0.000000000e+00  0.000000000e+00
  0.000000000e+00  0.000000000e+00  0.000000000e+00  0.000000000e+00
  0.000000000e+00  0.000000000e+00  0.000000000e+00  0.000000000e+00
  0.000000000e+00  0.000000000e+00  0.000000000e+00  0.000000000e+00
  0.000000000e+00  0.000000000e+00  0.000000000e+00  0.000000000e+00
  0.000000000e+00  0.000000000e+00  0.000000000e+00  0.000000000e+00
  0.000000000e+00  0.000000000e+00  0.000000000e+00  0.000000000e+00
  0.000000000e+00  0.000000000e+00  0.000000000e+00  0.000000000e+00
  0.000000000e+00  0.000000000e+00  0.000000000e+00  0.000000000e+00
  0.000000000e+00  0.000000000e+00  0.000000000e+00  0.000000000e+00
  0.000000000e+00  0.000000000e+00  0.000000000e+00  0.000000000e+00
  0.000000000e+00  0.000000000e+00  0.000000000e+00  0.000000000e+00
  0.000000000e+00  0.000000000e+00  0.000000000e+00  0.000000000e+00
  0.000000000e+00
@R QBEAME 101 []
  0.000000000e+00  0.000000000e+00  0.000000000e+00  0.000000000e+00
  0.000000000e+00  0.000000000e+00  0.000000000e+00  0.000000000e+00
  0.000000000e+00  0.000000000e+00  0.000000000e+00  0.000000000e+00
  0.000000000e+00  0.000000000e+00  0.000000000e+00  0.000000000e+00
  0.000000000e+00  0.000000000e+00  0.000000000e+00  0.000000000e+00
  0.000000000e+00  0.000000000e+00  0.000000000e+00  0.000000000e+00
  0.000000000e+00  0.000000000e+00  0.000000000e+00  0.000000000e+00
  0.000000000e+00  0.000000000e+00  0.000000000e+00  0.000000000e+00
  0.000000000e+00  0.000000000e+00  0.000000000e+00  0.000000000e+00
  0.000000000e+00  0.000000000e+00  0.000000000e+00  0.000000000e+00
  0.000000000e+00  0.000000000e+00  0.000000000e+00  0.000000000e+00
  0.000000000e+00  0.000000000e+00  0.000000000e+00  0.000000000e+00
  0.000000000e+00  0.000000000e+00  0.000000000e+00  0.000000000e+00
  0.000000000e+00  0.000000000e+00  0.000000000e+00  0.000000000e+00
  0.000000000e+00  0.000000000e+00  0.000000000e+00  0.000000000e+00
  0.000000000e+00  0.000000000e+00  0.000000000e+00  0.000000000e+00
  0.000000000e+00  0.000000000e+00  0.000000000e+00  0.000000000e+00
  0.000000000e+00  0.000000000e+00  0.000000000e+00  0.000000000e+00
  0.000000000e+00  0.000000000e+00  0.000000000e+00  0.000000000e+00
  0.000000000e+00  0.000000000e+00  0.000000000e+00  0.000000000e+00
  0.000000000e+00  0.000000000e+00  0.000000000e+00  0.000000000e+00
  0.000000000e+00  0.000000000e+00  0.000000000e+00  0.000000000e+00
  0.000000000e+00  0.000000000e+00  0.000000000e+00  0.000000000e+00
  0.000000000e+00  0.000000000e+00  0.000000000e+00  0.000000000e+00
  0.000000000e+00  0.000000000e+00  0.000000000e+00  0.000000000e+00
  0.000000000e+00
@R QBEAMI 101 []
  0.000000000e+00  0.000000000e+00  0.000000000e+00  0.000000000e+00
  0.000000000e+00  0.000000000e+00  0.000000000e+00  0.000000000e+00
  0.000000000e+00  0.000000000e+00  0.000000000e+00  0.000000000e+00
  0.000000000e+00  0.000000000e+00  0.000000000e+00  0.000000000e+00
  0.000000000e+00  0.000000000e+00  0.000000000e+00  0.000000000e+00
  0.000000000e+00  0.000000000e+00  0.000000000e+00  0.000000000e+00
  0.000000000e+00  0.000000000e+00  0.000000000e+00  0.000000000e+00
  0.000000000e+00  0.000000000e+00  0.000000000e+00  0.000000000e+00
  0.000000000e+00  0.000000000e+00  0.000000000e+00  0.000000000e+00
  0.000000000e+00  0.000000000e+00  0.000000000e+00  0.000000000e+00
  0.000000000e+00  0.000000000e+00  0.000000000e+00  0.000000000e+00
  0.000000000e+00  0.000000000e+00  0.000000000e+00  0.000000000e+00
  0.000000000e+00  0.000000000e+00  0.000000000e+00  0.000000000e+00
  0.000000000e+00  0.000000000e+00  0.000000000e+00  0.000000000e+00
  0.000000000e+00  0.000000000e+00  0.000000000e+00  0.000000000e+00
  0.000000000e+00  0.000000000e+00  0.000000000e+00  0.000000000e+00
  0.000000000e+00  0.000000000e+00  0.000000000e+00  0.000000000e+00
  0.000000000e+00  0.000000000e+00  0.000000000e+00  0.000000000e+00
  0.000000000e+00  0.000000000e+00  0.000000000e+00  0.000000000e+00
  0.000000000e+00  0.000000000e+00  0.000000000e+00  0.000000000e+00
  0.000000000e+00  0.000000000e+00  0.000000000e+00  0.000000000e+00
  0.000000000e+00  0.000000000e+00  0.000000000e+00  0.000000000e+00
  0.000000000e+00  0.000000000e+00  0.000000000e+00  0.000000000e+00
  0.000000000e+00  0.000000000e+00  0.000000000e+00  0.000000000e+00
  0.000000000e+00  0.000000000e+00  0.000000000e+00  0.000000000e+00
  0.000000000e+00
@R ENALP 101 []
  0.000000000e+00  0.000000000e+00  0.000000000e+00  0.000000000e+00
  0.000000000e+00  0.000000000e+00  0.000000000e+00  0.000000000e+00
  0.000000000e+00  0.000000000e+00  0.000000000e+00  0.000000000e+00
  0.000000000e+00  0.000000000e+00  0.000000000e+00  0.000000000e+00
  0.000000000e+00  0.000000000e+00  0.000000000e+00  0.000000000e+00
  0.000000000e+00  0.000000000e+00  0.000000000e+00  0.000000000e+00
  0.000000000e+00  0.000000000e+00  0.000000000e+00  0.000000000e+00
  0.000000000e+00  0.000000000e+00  0.000000000e+00  0.000000000e+00
  0.000000000e+00  0.000000000e+00  0.000000000e+00  0.000000000e+00
  0.000000000e+00  0.000000000e+00  0.000000000e+00  0.000000000e+00
  0.000000000e+00  0.000000000e+00  0.000000000e+00  0.000000000e+00
  0.000000000e+00  0.000000000e+00  0.000000000e+00  0.000000000e+00
  0.000000000e+00  0.000000000e+00  0.000000000e+00  0.000000000e+00
  0.000000000e+00  0.000000000e+00  0.000000000e+00  0.000000000e+00
  0.000000000e+00  0.000000000e+00  0.000000000e+00  0.000000000e+00
  0.000000000e+00  0.000000000e+00  0.000000000e+00  0.000000000e+00
  0.000000000e+00  0.000000000e+00  0.000000000e+00  0.000000000e+00
  0.000000000e+00  0.000000000e+00  0.000000000e+00  0.000000000e+00
  0.000000000e+00  0.000000000e+00  0.000000000e+00  0.000000000e+00
  0.000000000e+00  0.000000000e+00  0.000000000e+00  0.000000000e+00
  0.000000000e+00  0.000000000e+00  0.000000000e+00  0.000000000e+00
  0.000000000e+00  0.000000000e+00  0.000000000e+00  0.000000000e+00
  0.000000000e+00  0.000000000e+00  0.000000000e+00  0.000000000e+00
  0.000000000e+00  0.000000000e+00  0.000000000e+00  0.000000000e+00
  0.000000000e+00  0.000000000e+00  0.000000000e+00  0.000000000e+00
  0.000000000e+00
@R WALP 101 []
  0.000000000e+00  0.000000000e+00  0.000000000e+00  0.000000000e+00
  0.000000000e+00  0.000000000e+00  0.000000000e+00  0.000000000e+00
  0.000000000e+00  0.000000000e+00  0.000000000e+00  0.000000000e+00
  0.000000000e+00  0.000000000e+00  0.000000000e+00  0.000000000e+00
  0.000000000e+00  0.000000000e+00  0.000000000e+00  0.000000000e+00
  0.000000000e+00  0.000000000e+00  0.000000000e+00  0.000000000e+00
  0.000000000e+00  0.000000000e+00  0.000000000e+00  0.000000000e+00
  0.000000000e+00  0.000000000e+00  0.000000000e+00  0.000000000e+00
  0.000000000e+00  0.000000000e+00  0.000000000e+00  0.000000000e+00
  0.000000000e+00  0.000000000e+00  0.000000000e+00  0.000000000e+00
  0.000000000e+00  0.000000000e+00  0.000000000e+00  0.000000000e+00
  0.000000000e+00  0.000000000e+00  0.000000000e+00  0.000000000e+00
  0.000000000e+00  0.000000000e+00  0.000000000e+00  0.000000000e+00
  0.000000000e+00  0.000000000e+00  0.000000000e+00  0.000000000e+00
  0.000000000e+00  0.000000000e+00  0.000000000e+00  0.000000000e+00
  0.000000000e+00  0.000000000e+00  0.000000000e+00  0.000000000e+00
  0.000000000e+00  0.000000000e+00  0.000000000e+00  0.000000000e+00
  0.000000000e+00  0.000000000e+00  0.000000000e+00  0.000000000e+00
  0.000000000e+00  0.000000000e+00  0.000000000e+00  0.000000000e+00
  0.000000000e+00  0.000000000e+00  0.000000000e+00  0.000000000e+00
  0.000000000e+00  0.000000000e+00  0.000000000e+00  0.000000000e+00
  0.000000000e+00  0.000000000e+00  0.000000000e+00  0.000000000e+00
  0.000000000e+00  0.000000000e+00  0.000000000e+00  0.000000000e+00
  0.000000000e+00  0.000000000e+00  0.000000000e+00  0.000000000e+00
  0.000000000e+00  0.000000000e+00  0.000000000e+00  0.000000000e+00
  0.000000000e+00
@R QTFUSE 101 []
  1.084948734e+00  1.077629795e+00  1.069684642e+00  1.061125317e+00
  1.051964026e+00  1.042213173e+00  1.031885398e+00  1.020993611e+00
  1.009551027e+00  9.975712037e-01  9.850680752e-01  9.720559916e-01
  9.585497422e-01  9.445646012e-01  9.301163539e-01  9.152213277e-01
  8.998964204e-01  8.841591332e-01  8.680275895e-01  8.515205579e-01
  8.346574759e-01  8.174584619e-01  7.999443300e-01  7.821365922e-01
  7.640574747e-01  7.457299016e-01  7.271774986e-01  7.084245750e-01
  6.894961069e-01  6.704177120e-01  6.512156135e-01  6.319166045e-01
  6.125479960e-01  5.931375690e-01  5.737134988e-01  5.543042916e-01
  5.349387068e-01  5.156456591e-01  4.964541323e-01  4.773930705e-01
  4.584912692e-01  4.397772605e-01  4.212791872e-01  4.030246785e-01
  3.850407176e-01  3.673535098e-01  3.499883472e-01  3.329694751e-01
  3.163199592e-01  3.000615583e-01  2.842145986e-01  2.687978586e-01
  2.538284617e-01  2.393217764e-01  2.252913324e-01  2.117487475e-01
  1.987036700e-01  1.861637362e-01  1.741345461e-01  1.626196549e-01
  1.516205836e-01  1.411368453e-01  1.311659918e-01  1.217036745e-01
  1.127437231e-01  1.042782377e-01  9.629769562e-02  8.879106772e-02
  8.174594559e-02  7.514867475e-02  6.898449181e-02  6.323766286e-02
  5.789161875e-02  5.292908407e-02  4.833219394e-02  4.408259289e-02
  4.016150879e-02  3.654979006e-02  3.322789480e-02  3.017581274e-02
  2.737289643e-02  2.479757253e-02  2.242689653e-02  2.023591743e-02
  1.819684081e-02  1.627805396e-02  1.444327276e-02  1.265150754e-02
  1.085939121e-02  9.028728671e-03  7.143223177e-03  5.236298562e-03
  3.420413534e-03  1.884071242e-03  8.115792494e-04  2.470820454e-04
  4.621654427e-05  4.263709432e-06  1.255695869e-07  3.530151016e-10
  1.393874940e-16
@R QTFUSI 101 []
  4.103788359e-01  4.064225375e-01  4.021380233e-01  3.975364025e-01
  3.926290748e-01  3.874277179e-01  3.819442847e-01  3.761909887e-01
  3.701802994e-01  3.639249314e-01  3.574378343e-01  3.507321843e-01
  3.438213704e-01  3.367189856e-01  3.294388124e-01  3.219948097e-01
  3.144010968e-01  3.066719392e-01  2.988217297e-01  2.908649682e-01
  2.828162427e-01  2.746902065e-01  2.665015532e-01  2.582649903e-01
  2.499952143e-01  2.417068770e-01  2.334145569e-01  2.251327243e-01
  2.168757064e-01  2.086576511e-01  2.004924872e-01  1.923938852e-01
  1.843752155e-01  1.764495078e-01  1.686294044e-01  1.609271195e-01
  1.533543945e-01  1.459224530e-01  1.386419591e-01  1.315229737e-01
  1.245749147e-01  1.178065175e-01  1.112257984e-01  1.048400212e-01
  9.865566695e-02  9.267840756e-02  8.691308412e-02  8.136368985e-02
  7.603335842e-02  7.092435810e-02  6.603809127e-02  6.137510086e-02
  5.693508277e-02  5.271690421e-02  4.871862909e-02  4.493754915e-02
  4.137022097e-02  3.801250847e-02  3.485963090e-02  3.190621474e-02
  2.914635006e-02  2.657364955e-02  2.418131043e-02  2.196217762e-02
  1.990880797e-02  1.801353418e-02  1.626852805e-02  1.466586187e-02
  1.319756745e-02  1.185569190e-02  1.063234958e-02  9.519769531e-03
  8.510337854e-03  7.596634563e-03  6.771464266e-03  6.027880169e-03
  5.359200893e-03  4.759019064e-03  4.221200936e-03  3.739875521e-03
  3.309411446e-03  2.924379527e-03  2.579498719e-03  2.269564433e-03
  1.989362159e-03  1.733580227e-03  1.496760761e-03  1.273379958e-03
  1.058240231e-03  8.474749528e-04  6.404876917e-04  4.426830691e-04
  2.672750348e-04  1.321626455e-04  4.906506838e-05  1.220138873e-05
  1.743754310e-06  1.133377824e-07  2.118205379e-09  3.193180434e-12
  4.229881147e-19
@R QRFE 101 []
  5.938231945e-01  5.934933844e-01  5.925050525e-01  5.908614890e-01
  5.885681564e-01  5.856326605e-01  5.820647074e-01  5.778760507e-01
  5.730804264e-01  5.676934786e-01  5.617326737e-01  5.552172066e-01
  5.481678977e-01  5.406070819e-01  5.325584910e-01  5.240471298e-01
  5.150991469e-01  5.057417013e-01  4.960028252e-01  4.859112855e-01
  4.754964426e-01  4.647881093e-01  4.538164104e-01  4.426116433e-01
  4.312041409e-01  4.196241377e-01  4.079016401e-01  3.960663005e-01
  3.841472978e-01  3.721732235e-01  3.601719739e-01  3.481706502e-01
  3.361954656e-01  3.242716605e-01  3.124234254e-01  3.006738334e-01
  2.890447796e-01  2.775569305e-01  2.662296815e-01  2.550811227e-01
  2.441280136e-01  2.333857663e-01  2.228684357e-01  2.125887186e-01
  2.025579599e-01  1.927861653e-01  1.832820214e-01  1.740529217e-01
  1.651049979e-01  1.564431576e-01  1.480711252e-01  1.399914883e-01
  1.322057473e-01  1.247143681e-01  1.175168377e-01  1.106117218e-01
  1.039967242e-01  9.766874722e-02  9.162395306e-02  8.585782528e-02
  8.036523022e-02  7.514047792e-02  7.017738212e-02  6.546931913e-02
  6.100928509e-02  5.678995154e-02  5.280371894e-02  4.904276800e-02
  4.549910857e-02  4.216462598e-02  3.903112483e-02  3.609036987e-02
  3.333412419e-02  3.075418453e-02  2.834241371e-02  2.609077028e-02
  2.399133525e-02  2.203633614e-02  2.021816834e-02  1.852941372e-02
  1.696285693e-02  1.551149904e-02  1.416856909e-02  1.292753329e-02
  1.178210226e-02  1.072623633e-02  9.754149008e-03  8.860308848e-03
  8.039439771e-03  7.286520010e-03  6.596779812e-03  5.965698015e-03
  5.388997637e-03  4.862640595e-03  4.382821670e-03  3.945961827e-03
  3.548701006e-03  3.187890461e-03  2.860584765e-03  2.564033547e-03
  2.295673047e-03
@R QRFI 101 []
  1.583528519e-01  1.582649025e-01  1.580013473e-01  1.575630637e-01
  1.569515084e-01  1.561687095e-01  1.552172553e-01  1.541002802e-01
  1.528214471e-01  1.513849276e-01  1.497953797e-01  1.480579218e-01
  1.461781061e-01  1.441618885e-01  1.420155976e-01  1.397459013e-01
  1.373597725e-01  1.348644537e-01  1.322674201e-01  1.295763428e-01
  1.267990513e-01  1.239434958e-01  1.210177094e-01  1.180297715e-01
  1.149877709e-01  1.118997701e-01  1.087737707e-01  1.056176801e-01
  1.024392794e-01  9.924619294e-02  9.604585971e-02  9.284550673e-02
  8.965212417e-02  8.647244279e-02  8.331291344e-02  8.017968890e-02
  7.707860788e-02  7.401518147e-02  7.099458173e-02  6.802163271e-02
  6.510080364e-02  6.223620434e-02  5.943158284e-02  5.669032496e-02
  5.401545596e-02  5.140964407e-02  4.887520571e-02  4.641411244e-02
  4.402799945e-02  4.171817536e-02  3.948563338e-02  3.733106354e-02
  3.525486594e-02  3.325716482e-02  3.133782338e-02  2.949645915e-02
  2.773245978e-02  2.604499926e-02  2.443305415e-02  2.289542008e-02
  2.143072806e-02  2.003746078e-02  1.871396857e-02  1.745848510e-02
  1.626914269e-02  1.514398708e-02  1.408099172e-02  1.307807147e-02
  1.213309562e-02  1.124390026e-02  1.040829996e-02  9.624098632e-03
  8.889099784e-03  8.201115874e-03  7.557976990e-03  6.957538742e-03
  6.397689399e-03  5.876356305e-03  5.391511556e-03  4.941176993e-03
  4.523428514e-03  4.136399745e-03  3.778285091e-03  3.447342211e-03
  3.141893937e-03  2.860329688e-03  2.601106402e-03  2.362749026e-03
  2.143850605e-03  1.943072003e-03  1.759141283e-03  1.590852804e-03
  1.437066037e-03  1.296704159e-03  1.168752445e-03  1.052256487e-03
  9.463202683e-04  8.501041229e-04  7.628226039e-04  6.837422791e-04
  6.121794792e-04
@R QRAD 101 []
 -2.083086131e-01 -2.072716642e-01 -2.061519070e-01 -2.049515899e-01
 -2.036730018e-01 -2.023184679e-01 -2.008903478e-01 -1.993910311e-01
 -1.978229349e-01 -1.961885000e-01 -1.944901882e-01 -1.927304785e-01
 -1.909118650e-01 -1.890368526e-01 -1.871079547e-01 -1.851276900e-01
 -1.830985794e-01 -1.810231434e-01 -1.789038988e-01 -1.767433554e-01
 -1.745440143e-01 -1.723083642e-01 -1.700388790e-01 -1.677380146e-01
 -1.654082070e-01 -1.630518689e-01 -1.606713878e-01 -1.582691229e-01
 -1.558474028e-01 -1.534085236e-01 -1.509547460e-01 -1.484882928e-01
 -1.460113475e-01 -1.435260521e-01 -1.410345042e-01 -1.385387561e-01
 -1.360408128e-01 -1.335426300e-01 -1.310461127e-01 -1.285531139e-01
 -1.260654332e-01 -1.235848159e-01 -1.211129514e-01 -1.186514731e-01
 -1.162019574e-01 -1.137659231e-01 -1.113448315e-01 -1.089400858e-01
 -1.065530315e-01 -1.041849566e-01 -1.018370918e-01 -9.951061132e-02
 -9.720663389e-02 -9.492622306e-02 -9.267038897e-02 -9.044008933e-02
 -8.823623092e-02 -8.605967074e-02 -8.391121817e-02 -8.179163618e-02
 -7.970164352e-02 -7.764191561e-02 -7.561308709e-02 -7.361575260e-02
 -7.165046854e-02 -6.971775369e-02 -6.781808986e-02 -6.595192137e-02
 -6.411965377e-02 -6.232165079e-02 -6.055822894e-02 -5.882964877e-02
 -5.713610115e-02 -5.547768633e-02 -5.385438234e-02 -5.226599744e-02
 -5.071210029e-02 -4.919191521e-02 -4.770416877e-02 -4.624686309e-02
 -4.481694273e-02 -4.340980835e-02 -4.201861046e-02 -4.063323622e-02
 -3.923888289e-02 -3.781411073e-02 -3.632832411e-02 -3.473883081e-02
 -3.298812787e-02 -3.100311253e-02 -2.869970955e-02 -2.599854954e-02
 -2.285752542e-02 -1.931982685e-02 -1.555619404e-02 -1.185757872e-02
 -8.546580918e-03 -5.845858187e-03 -3.799712703e-03 -2.294402145e-03
 -1.095156188e-03
@R QOHM 101 []
  0.000000000e+00  0.000000000e+00  0.000000000e+00  0.000000000e+00
  0.000000000e+00  0.000000000e+00  0.000000000e+00  0.000000000e+00
  0.000000000e+00  0.000000000e+00  0.000000000e+00  0.000000000e+00
  0.000000000e+00  0.000000000e+00  0.000000000e+00  0.000000000e+00
  0.000000000e+00  0.000000000e+00  0.000000000e+00  0.000000000e+00
  0.000000000e+00  0.000000000e+00  0.000000000e+00  0.000000000e+00
  0.000000000e+00  0.000000000e+00  0.000000000e+00  0.000000000e+00
  0.000000000e+00  0.000000000e+00  0.000000000e+00  0.000000000e+00
  0.000000000e+00  0.000000000e+00  0.000000000e+00  0.000000000e+00
  0.000000000e+00  0.000000000e+00  0.000000000e+00  0.000000000e+00
  0.000000000e+00  0.000000000e+00  0.000000000e+00  0.000000000e+00
  0.000000000e+00  0.000000000e+00  0.000000000e+00  0.000000000e+00
  0.000000000e+00  0.000000000e+00  0.000000000e+00  0.000000000e+00
  0.000000000e+00  0.000000000e+00  0.000000000e+00  0.000000000e+00
  0.000000000e+00  0.000000000e+00  0.000000000e+00  0.000000000e+00
  0.000000000e+00  0.000000000e+00  0.000000000e+00  0.000000000e+00
  0.000000000e+00  0.000000000e+00  0.000000000e+00  0.000000000e+00
  0.000000000e+00  0.000000000e+00  0.000000000e+00  0.000000000e+00
  0.000000000e+00  0.000000000e+00  0.000000000e+00  0.000000000e+00
  0.000000000e+00  0.000000000e+00  0.000000000e+00  0.000000000e+00
  0.000000000e+00  0.000000000e+00  0.000000000e+00  0.000000000e+00
  0.000000000e+00  0.000000000e+00  0.000000000e+00  0.000000000e+00
  0.000000000e+00  0.000000000e+00  0.000000000e+00  0.000000000e+00
  0.000000000e+00  0.000000000e+00  0.000000000e+00  0.000000000e+00
  0.000000000e+00  0.000000000e+00  0.000000000e+00  0.000000000e+00
  0.000000000e+00
@R QIONE 101 []
  0.000000000e+00  0.000000000e+00  0.000000000e+00  0.000000000e+00
  0.000000000e+00  0.000000000e+00  0.000000000e+00  0.000000000e+00
  0.000000000e+00  0.000000000e+00  0.000000000e+00  0.000000000e+00
  0.000000000e+00  0.000000000e+00  0.000000000e+00  0.000000000e+00
  0.000000000e+00  0.000000000e+00  0.000000000e+00  0.000000000e+00
  0.000000000e+00  0.000000000e+00  0.000000000e+00  0.000000000e+00
  0.000000000e+00  0.000000000e+00  0.000000000e+00  0.000000000e+00
  0.000000000e+00  0.000000000e+00  0.000000000e+00  0.000000000e+00
  0.000000000e+00  0.000000000e+00  0.000000000e+00  0.000000000e+00
  0.000000000e+00  0.000000000e+00  0.000000000e+00  0.000000000e+00
  0.000000000e+00  0.000000000e+00  0.000000000e+00  0.000000000e+00
  0.000000000e+00  0.000000000e+00  0.000000000e+00  0.000000000e+00
  0.000000000e+00  0.000000000e+00  0.000000000e+00  0.000000000e+00
  0.000000000e+00  0.000000000e+00  0.000000000e+00  0.000000000e+00
  0.000000000e+00  0.000000000e+00  0.000000000e+00  0.000000000e+00
  0.000000000e+00  0.000000000e+00  0.000000000e+00  0.000000000e+00
  0.000000000e+00  0.000000000e+00  0.000000000e+00  0.000000000e+00
  0.000000000e+00  0.000000000e+00  0.000000000e+00  0.000000000e+00
  0.000000000e+00  0.000000000e+00  0.000000000e+00  0.000000000e+00
  0.000000000e+00  0.000000000e+00  0.000000000e+00  0.000000000e+00
  0.000000000e+00  0.000000000e+00  0.000000000e+00  0.000000000e+00
  0.000000000e+00  0.000000000e+00  0.000000000e+00  0.000000000e+00
  0.000000000e+00  0.000000000e+00  0.000000000e+00  0.000000000e+00
  0.000000000e+00  0.000000000e+00  0.000000000e+00  0.000000000e+00
  0.000000000e+00  0.000000000e+00  0.000000000e+00  0.000000000e+00
  0.000000000e+00
@R QIONI 101 []
  0.000000000e+00  0.000000000e+00  0.000000000e+00  0.000000000e+00
  0.000000000e+00  0.000000000e+00  0.000000000e+00  0.000000000e+00
  0.000000000e+00  0.000000000e+00  0.000000000e+00  0.000000000e+00
  0.000000000e+00  0.000000000e+00  0.000000000e+00  0.000000000e+00
  0.000000000e+00  0.000000000e+00  0.000000000e+00  0.000000000e+00
  0.000000000e+00  0.000000000e+00  0.000000000e+00  0.000000000e+00
  0.000000000e+00  0.000000000e+00  0.000000000e+00  0.000000000e+00
  0.000000000e+00  0.000000000e+00  0.000000000e+00  0.000000000e+00
  0.000000000e+00  0.000000000e+00  0.000000000e+00  0.000000000e+00
  0.000000000e+00  0.000000000e+00  0.000000000e+00  0.000000000e+00
  0.000000000e+00  0.000000000e+00  0.000000000e+00  0.000000000e+00
  0.000000000e+00  0.000000000e+00  0.000000000e+00  0.000000000e+00
  0.000000000e+00  0.000000000e+00  0.000000000e+00  0.000000000e+00
  0.000000000e+00  0.000000000e+00  0.000000000e+00  0.000000000e+00
  0.000000000e+00  0.000000000e+00  0.000000000e+00  0.000000000e+00
  0.000000000e+00  0.000000000e+00  0.000000000e+00  0.000000000e+00
  0.000000000e+00  0.000000000e+00  0.000000000e+00  0.000000000e+00
  0.000000000e+00  0.000000000e+00  0.000000000e+00  0.000000000e+00
  0.000000000e+00  0.000000000e+00  0.000000000e+00  0.000000000e+00
  0.000000000e+00  0.000000000e+00  0.000000000e+00  0.000000000e+00
  0.000000000e+00  0.000000000e+00  0.000000000e+00  0.000000000e+00
  0.000000000e+00  0.000000000e+00  0.000000000e+00  0.000000000e+00
  0.000000000e+00  0.000000000e+00  0.000000000e+00  0.000000000e+00
  0.000000000e+00  0.000000000e+00  0.000000000e+00  0.000000000e+00
  0.000000000e+00  0.000000000e+00  0.000000000e+00  0.000000000e+00
  0.000000000e+00
@R QCX 101 []
  0.000000000e+00  0.000000000e+00  0.000000000e+00  0.000000000e+00
  0.000000000e+00  0.000000000e+00  0.000000000e+00  0.000000000e+00
  0.000000000e+00  0.000000000e+00  0.000000000e+00  0.000000000e+00
  0.000000000e+00  0.000000000e+00  0.000000000e+00  0.000000000e+00
  0.000000000e+00  0.000000000e+00  0.000000000e+00  0.000000000e+00
  0.000000000e+00  0.000000000e+00  0.000000000e+00  0.000000000e+00
  0.000000000e+00  0.000000000e+00  0.000000000e+00  0.000000000e+00
  0.000000000e+00  0.000000000e+00  0.000000000e+00  0.000000000e+00
  0.000000000e+00  0.000000000e+00  0.000000000e+00  0.000000000e+00
  0.000000000e+00  0.000000000e+00  0.000000000e+00  0.000000000e+00
  0.000000000e+00  0.000000000e+00  0.000000000e+00  0.000000000e+00
  0.000000000e+00  0.000000000e+00  0.000000000e+00  0.000000000e+00
  0.000000000e+00  0.000000000e+00  0.000000000e+00  0.000000000e+00
  0.000000000e+00  0.000000000e+00  0.000000000e+00  0.000000000e+00
  0.000000000e+00  0.000000000e+00  0.000000000e+00  0.000000000e+00
  0.000000000e+00  0.000000000e+00  0.000000000e+00  0.000000000e+00
  0.000000000e+00  0.000000000e+00  0.000000000e+00  0.000000000e+00
  0.000000000e+00  0.000000000e+00  0.000000000e+00  0.000000000e+00
  0.000000000e+00  0.000000000e+00  0.000000000e+00  0.000000000e+00
  0.000000000e+00  0.000000000e+00  0.000000000e+00  0.000000000e+00
  0.000000000e+00  0.000000000e+00  0.000000000e+00  0.000000000e+00
  0.000000000e+00  0.000000000e+00  0.000000000e+00  0.000000000e+00
  0.000000000e+00  0.000000000e+00  0.000000000e+00  0.000000000e+00
  0.000000000e+00  0.000000000e+00  0.000000000e+00  0.000000000e+00
  0.000000000e+00  0.000000000e+00  0.000000000e+00  0.000000000e+00
  0.000000000e+00
@R STORQUEB 101 []
  0.000000000e+00  0.000000000e+00  0.000000000e+00  0.000000000e+00
  0.000000000e+00  0.000000000e+00  0.000000000e+00  0.000000000e+00
  0.000000000e+00  0.000000000e+00  0.000000000e+00  0.000000000e+00
  0.000000000e+00  0.000000000e+00  0.000000000e+00  0.000000000e+00
  0.000000000e+00  0.000000000e+00  0.000000000e+00  0.000000000e+00
  0.000000000e+00  0.000000000e+00  0.000000000e+00  0.000000000e+00
  0.000000000e+00  0.000000000e+00  0.000000000e+00  0.000000000e+00
  0.000000000e+00  0.000000000e+00  0.000000000e+00  0.000000000e+00
  0.000000000e+00  0.000000000e+00  0.000000000e+00  0.000000000e+00
  0.000000000e+00  0.000000000e+00  0.000000000e+00  0.000000000e+00
  0.000000000e+00  0.000000000e+00  0.000000000e+00  0.000000000e+00
  0.000000000e+00  0.000000000e+00  0.000000000e+00  0.000000000e+00
  0.000000000e+00  0.000000000e+00  0.000000000e+00  0.000000000e+00
  0.000000000e+00  0.000000000e+00  0.000000000e+00  0.000000000e+00
  0.000000000e+00  0.000000000e+00  0.000000000e+00  0.000000000e+00
  0.000000000e+00  0.000000000e+00  0.000000000e+00  0.000000000e+00
  0.000000000e+00  0.000000000e+00  0.000000000e+00  0.000000000e+00
  0.000000000e+00  0.000000000e+00  0.000000000e+00  0.000000000e+00
  0.000000000e+00  0.000000000e+00  0.000000000e+00  0.000000000e+00
  0.000000000e+00  0.000000000e+00  0.000000000e+00  0.000000000e+00
  0.000000000e+00  0.000000000e+00  0.000000000e+00  0.000000000e+00
  0.000000000e+00  0.000000000e+00  0.000000000e+00  0.000000000e+00
  0.000000000e+00  0.000000000e+00  0.000000000e+00  0.000000000e+00
  0.000000000e+00  0.000000000e+00  0.000000000e+00  0.000000000e+00
  0.000000000e+00  0.000000000e+00  0.000000000e+00  0.000000000e+00
  0.000000000e+00
@R STORQUE 101 []
  0.000000000e+00  0.000000000e+00  0.000000000e+00  0.000000000e+00
  0.000000000e+00  0.000000000e+00  0.000000000e+00  0.000000000e+00
  0.000000000e+00  0.000000000e+00  0.000000000e+00  0.000000000e+00
  0.000000000e+00  0.000000000e+00  0.000000000e+00  0.000000000e+00
  0.000000000e+00  0.000000000e+00  0.000000000e+00  0.000000000e+00
  0.000000000e+00  0.000000000e+00  0.000000000e+00  0.000000000e+00
  0.000000000e+00  0.000000000e+00  0.000000000e+00  0.000000000e+00
  0.000000000e+00  0.000000000e+00  0.000000000e+00  0.000000000e+00
  0.000000000e+00  0.000000000e+00  0.000000000e+00  0.000000000e+00
  0.000000000e+00  0.000000000e+00  0.000000000e+00  0.000000000e+00
  0.000000000e+00  0.000000000e+00  0.000000000e+00  0.000000000e+00
  0.000000000e+00  0.000000000e+00  0.000000000e+00  0.000000000e+00
  0.000000000e+00  0.000000000e+00  0.000000000e+00  0.000000000e+00
  0.000000000e+00  0.000000000e+00  0.000000000e+00  0.000000000e+00
  0.000000000e+00  0.000000000e+00  0.000000000e+00  0.000000000e+00
  0.000000000e+00  0.000000000e+00  0.000000000e+00  0.000000000e+00
  0.000000000e+00  0.000000000e+00  0.000000000e+00  0.000000000e+00
  0.000000000e+00  0.000000000e+00  0.000000000e+00  0.000000000e+00
  0.000000000e+00  0.000000000e+00  0.000000000e+00  0.000000000e+00
  0.000000000e+00  0.000000000e+00  0.000000000e+00  0.000000000e+00
  0.000000000e+00  0.000000000e+00  0.000000000e+00  0.000000000e+00
  0.000000000e+00  0.000000000e+00  0.000000000e+00  0.000000000e+00
  0.000000000e+00  0.000000000e+00  0.000000000e+00  0.000000000e+00
  0.000000000e+00  0.000000000e+00  0.000000000e+00  0.000000000e+00
  0.000000000e+00  0.000000000e+00  0.000000000e+00  0.000000000e+00
  0.000000000e+00
@R SION 101 []
  0.000000000e+00  0.000000000e+00  0.000000000e+00  0.000000000e+00
  0.000000000e+00  0.000000000e+00  0.000000000e+00  0.000000000e+00
  0.000000000e+00  0.000000000e+00  0.000000000e+00  0.000000000e+00
  0.000000000e+00  0.000000000e+00  0.000000000e+00  0.000000000e+00
  0.000000000e+00  0.000000000e+00  0.000000000e+00  0.000000000e+00
  0.000000000e+00  0.000000000e+00  0.000000000e+00  0.000000000e+00
  0.000000000e+00  0.000000000e+00  0.000000000e+00  0.000000000e+00
  0.000000000e+00  0.000000000e+00  0.000000000e+00  0.000000000e+00
  0.000000000e+00  0.000000000e+00  0.000000000e+00  0.000000000e+00
  0.000000000e+00  0.000000000e+00  0.000000000e+00  0.000000000e+00
  0.000000000e+00  0.000000000e+00  0.000000000e+00  0.000000000e+00
  0.000000000e+00  0.000000000e+00  0.000000000e+00  0.000000000e+00
  0.000000000e+00  0.000000000e+00  0.000000000e+00  0.000000000e+00
  0.000000000e+00  0.000000000e+00  0.000000000e+00  0.000000000e+00
  0.000000000e+00  0.000000000e+00  0.000000000e+00  0.000000000e+00
  0.000000000e+00  0.000000000e+00  0.000000000e+00  0.000000000e+00
  0.000000000e+00  0.000000000e+00  0.000000000e+00  0.000000000e+00
  0.000000000e+00  0.000000000e+00  0.000000000e+00  0.000000000e+00
  0.000000000e+00  0.000000000e+00  0.000000000e+00  0.000000000e+00
  0.000000000e+00  0.000000000e+00  0.000000000e+00  0.000000000e+00
  0.000000000e+00  0.000000000e+00  0.000000000e+00  0.000000000e+00
  0.000000000e+00  0.000000000e+00  0.000000000e+00  0.000000000e+00
  0.000000000e+00  0.000000000e+00  0.000000000e+00  0.000000000e+00
  0.000000000e+00  0.000000000e+00  0.000000000e+00  0.000000000e+00
  0.000000000e+00  0.000000000e+00  0.000000000e+00  0.000000000e+00
  0.000000000e+00
@R CHIE 101 []
  0.000000000e+00  0.000000000e+00  0.000000000e+00  0.000000000e+00
  0.000000000e+00  0.000000000e+00  0.000000000e+00  0.000000000e+00
  0.000000000e+00  0.000000000e+00  0.000000000e+00  0.000000000e+00
  0.000000000e+00  0.000000000e+00  0.000000000e+00  0.000000000e+00
  0.000000000e+00  0.000000000e+00  0.000000000e+00  0.000000000e+00
  0.000000000e+00  0.000000000e+00  0.000000000e+00  0.000000000e+00
  0.000000000e+00  0.000000000e+00  0.000000000e+00  0.000000000e+00
  0.000000000e+00  0.000000000e+00  0.000000000e+00  0.000000000e+00
  0.000000000e+00  0.000000000e+00  0.000000000e+00  0.000000000e+00
  0.000000000e+00  0.000000000e+00  0.000000000e+00  0.000000000e+00
  0.000000000e+00  0.000000000e+00  0.000000000e+00  0.000000000e+00
  0.000000000e+00  0.000000000e+00  0.000000000e+00  0.000000000e+00
  0.000000000e+00  0.000000000e+00  0.000000000e+00  0.000000000e+00
  0.000000000e+00  0.000000000e+00  0.000000000e+00  0.000000000e+00
  0.000000000e+00  0.000000000e+00  0.000000000e+00  0.000000000e+00
  0.000000000e+00  0.000000000e+00  0.000000000e+00  0.000000000e+00
  0.000000000e+00  0.000000000e+00  0.000000000e+00  0.000000000e+00
  0.000000000e+00  0.000000000e+00  0.000000000e+00  0.000000000e+00
  0.000000000e+00  0.000000000e+00  0.000000000e+00  0.000000000e+00
  0.000000000e+00  0.000000000e+00  0.000000000e+00  0.000000000e+00
  0.000000000e+00  0.000000000e+00  0.000000000e+00  0.000000000e+00
  0.000000000e+00  0.000000000e+00  0.000000000e+00  0.000000000e+00
  0.000000000e+00  0.000000000e+00  0.000000000e+00  0.000000000e+00
  0.000000000e+00  0.000000000e+00  0.000000000e+00  0.000000000e+00
  0.000000000e+00  0.000000000e+00  0.000000000e+00  0.000000000e+00
  0.000000000e+00
@R CHII 101 []
  0.000000000e+00  0.000000000e+00  0.000000000e+00  0.000000000e+00
  0.000000000e+00  0.000000000e+00  0.000000000e+00  0.000000000e+00
  0.000000000e+00  0.000000000e+00  0.000000000e+00  0.000000000e+00
  0.000000000e+00  0.000000000e+00  0.000000000e+00  0.000000000e+00
  0.000000000e+00  0.000000000e+00  0.000000000e+00  0.000000000e+00
  0.000000000e+00  0.000000000e+00  0.000000000e+00  0.000000000e+00
  0.000000000e+00  0.000000000e+00  0.000000000e+00  0.000000000e+00
  0.000000000e+00  0.000000000e+00  0.000000000e+00  0.000000000e+00
  0.000000000e+00  0.000000000e+00  0.000000000e+00  0.000000000e+00
  0.000000000e+00  0.000000000e+00  0.000000000e+00  0.000000000e+00
  0.000000000e+00  0.000000000e+00  0.000000000e+00  0.000000000e+00
  0.000000000e+00  0.000000000e+00  0.000000000e+00  0.000000000e+00
  0.000000000e+00  0.000000000e+00  0.000000000e+00  0.000000000e+00
  0.000000000e+00  0.000000000e+00  0.000000000e+00  0.000000000e+00
  0.000000000e+00  0.000000000e+00  0.000000000e+00  0.000000000e+00
  0.000000000e+00  0.000000000e+00  0.000000000e+00  0.000000000e+00
  0.000000000e+00  0.000000000e+00  0.000000000e+00  0.000000000e+00
  0.000000000e+00  0.000000000e+00  0.000000000e+00  0.000000000e+00
  0.000000000e+00  0.000000000e+00  0.000000000e+00  0.000000000e+00
  0.000000000e+00  0.000000000e+00  0.000000000e+00  0.000000000e+00
  0.000000000e+00  0.000000000e+00  0.000000000e+00  0.000000000e+00
  0.000000000e+00  0.000000000e+00  0.000000000e+00  0.000000000e+00
  0.000000000e+00  0.000000000e+00  0.000000000e+00  0.000000000e+00
  0.000000000e+00  0.000000000e+00  0.000000000e+00  0.000000000e+00
  0.000000000e+00  0.000000000e+00  0.000000000e+00  0.000000000e+00
  0.000000000e+00
