 12-Aug-25 07/09/2014
     1               1
  0.100000000E+01
*   1.000             1               0 DN    3   2 CLC    40   41
  0.000000000E+00 0.170000000E+03 0.200000000E+01 0.983571429E+06
  0.983571429E+06 0.170471002E+03-0.386845702E-01 0.569330061E+02
  0.198474751E+01 0.608779628E+00 0.608571282E+00 0.186150355E+08
  0.177224842E+03-0.297192975E-01 0.983884702E+01 0.225896497E+01
  0.171508795E+01 0.632587429E+00 0.100000000E+11 0.124599232E+01
  0.100000000E+11 0.100000000E+11 0.615468516E+01-0.351123327E+00
  0.215002518E+03 0.150288405E+03 0.110392141E+03
  0.000000000E+00 0.000000000E+00 0.000000000E+00
  0.113866012E+03 0.111775115E+03
  0.000000000E+00 0.000000000E+00
  0.192042058E+01 0.228896923E+00 0.235935013E+01 0.292681024E+01
  0.870769354E+00 0.105181809E+02-0.500000000E+02-0.500000000E+02
 -0.500000000E+02 0.164350293E+00 0.180012834E+05 0.998347086E+06
  0.765869699E-04 0.189446877E+01 0.393048443E+01-0.122043275E-01
  0.149715527E+01 0.168976641E+03 0.000000000E+00 0.000000000E+00
  0.135823209E+03-0.113036327E+03 0.135811347E+03 0.112958958E+03
 -0.100000000E+03-0.500000000E+02 0.180947733E+01 0.183312146E+01
  0.100000000E+03 0.100000000E+03 0.100000000E+03 0.124599232E+01
  0.185475980E+03-0.404062851E-02 0.314309613E+00 0.000000000E+00
  0.118848444E+01 0.156536854E+01 0.691812907E+06 0.000000000E+00
  0.000000000E+00 0.000000000E+00 0.780846878E+00 0.100000000E+02
    44   60   18    6
  0.987911380E-01 0.951863894E-01 0.915704573E-01 0.104884478E+00
  0.209002718E+00-0.670026690E-01-0.862302140E-01 0.300787005E+00
  0.277167716E-01 0.982403749E-01 0.958503367E-01 0.895054373E-01
  0.106944388E+00 0.215154177E+00-0.663178041E-01-0.893245201E-01
  0.297354112E+00 0.336381677E-01 0.106522371E+00 0.104325408E+00
  0.985312872E-01 0.100539155E+00 0.148182093E+00 0.233026793E+00
  0.508796944E-01-0.627086476E-01-0.416713547E-01-0.925686064E-01
 -0.380661423E-01 0.104543920E+00 0.980796434E-01 0.100176339E+00
  0.149164936E+00 0.231961970E+00 0.299352302E-01-0.645282976E-01
 -0.396818656E-01-0.930472815E-01-0.365886009E-01 0.202475039E+00
  0.104904624E+00 0.170470984E+00 0.120591220E+00 0.750539986E-01
  0.262213909E+00 0.256646739E+00 0.229865286E+00 0.204038827E+00
  0.234432420E+00-0.500797171E-01-0.294583574E+00 0.406411400E-01
  0.170207301E+00 0.195845916E+00 0.256980565E+00 0.235109664E+00
  0.294441216E+00 0.288037525E+00 0.252369842E+00 0.258758039E+00
  0.225613012E+00 0.211267556E+00 0.234582956E+00-0.872217487E-01
 -0.292738563E+00-0.439661200E-01 0.160178754E+00 0.139811883E+00
  0.224113476E+00 0.257271023E+00 0.238956282E+00 0.297832186E+00
  0.283919632E+00-0.313789150E+00-0.135080183E+00 0.944647069E-01
  0.172297624E+00 0.160926595E+00 0.205215669E+00 0.249068408E+00
  0.234546522E+00 0.251288796E+00 0.287693205E+00 0.249886050E+00
  0.285376614E+00 0.252528599E+00 0.238889272E+00 0.253560290E+00
  0.221150270E+00 0.140340278E+00 0.157131949E+00-0.274181191E-01
 -0.286053701E+00-0.798676891E-01 0.235036407E+00 0.210863128E+00
  0.226413877E+00 0.258882441E+00 0.262277304E+00 0.256781421E+00
  0.230541137E+00 0.204275203E+00 0.238345303E+00-0.676729070E-01
  0.535625854E+03 0.238057886E+04-0.450347046E+04-0.330048992E+05
  0.185585110E+06-0.174545222E+06-0.175007623E+06 0.384454213E+06
 -0.158823307E+06-0.308467786E+04 0.827897998E+04-0.132825709E+05
 -0.298255179E+05 0.198225624E+06-0.172837686E+06-0.179182444E+06
  0.369394075E+06-0.149662663E+06
  0.000000000E+00 0.000000000E+00 0.000000000E+00 0.000000000E+00
  0.000000000E+00 0.000000000E+00
  0.000000000E+00 0.130389224E+03 0.115175000E+03 0.130486406E+03
  0.115175000E+03 0.000000000E+00 0.000000000E+00 0.000000000E+00
  0.000000000E+00 0.000000000E+00 0.756477524E+02 0.000000000E+00
  0.100589534E+01 0.136233758E+01 0.456888237E-02-0.443530945E+00
 -0.408412850E+00 0.000000000E+00 0.999000000E+03 0.887116920E+00
  0.116864123E+02 0.338449596E+01 0.000000000E+00-0.538557898E+00
 -0.999000000E+03-0.999000000E+03 0.298174808E+01 0.513356377E+00
  0.151082638E+00 0.242569014E+01 0.113537996E+01 0.227176491E+01
  0.550474479E+02 0.255531167E+01 0.245615219E+02 0.245664789E+02
 -0.890000000E+02-0.890000000E+02-0.890000000E+02-0.890000000E+02
  0.234963681E+01 0.130389224E+03 0.115175000E+03 0.130481752E+03
 -0.115175000E+03-0.890000000E+02-0.890000000E+02 0.137059783E+03
 -0.115175000E+03 0.000000000E+00-0.990000000E+02-0.990000000E+02
 -0.990000000E+02-0.990000000E+02 0.000000000E+00 0.473818752E+00
  0.100000000E+01 0.000000000E+00 0.000000000E+00 0.000000000E+00
                                            EQG
