 12-Feb-26 07/09/2014
     1               1
  0.100000000E+01
*   1.000             1               0 DN    3   2 CLC    40   41
  0.000000000E+00 0.170000000E+03 0.200000000E+01 0.627927236E+06
  0.627927236E+06 0.170190665E+03-0.189146180E+00 0.442820151E+02
  0.164818019E+01 0.773716758E+00 0.771527340E+00 0.967125787E+07
  0.173008137E+03-0.585057047E-01 0.597058907E+01 0.167572719E+01
  0.154118104E+01 0.107028947E+01 0.100000000E+11 0.464807533E+01
  0.100000000E+11 0.100000000E+11 0.394578235E+01-0.823809694E+00
  0.140014358E+03 0.865577838E+02 0.428144264E+02
  0.000000000E+00 0.000000000E+00 0.000000000E+00
  0.885640302E+02 0.856429352E+02
  0.000000000E+00 0.000000000E+00
  0.521361203E+01 0.208313785E+00 0.267903831E+01 0.282947196E+01
  0.101259352E+01 0.102648338E+02-0.500000000E+02-0.500000000E+02
 -0.500000000E+02 0.781430453E-01 0.933822831E+04 0.386032637E+06
  0.976916132E-04 0.126774199E+01 0.117725418E+01-0.186130471E-02
  0.132089656E+01 0.168641302E+03 0.000000000E+00 0.000000000E+00
  0.136025880E+03-0.731738863E+02 0.135928928E+03 0.727955940E+02
 -0.100000000E+03-0.500000000E+02 0.192521600E+01 0.193483125E+01
  0.100000000E+03 0.327390941E+02 0.402650588E+02 0.464807533E+01
  0.175725919E+03-0.225270097E-01 0.229830201E+00 0.000000000E+00
  0.135082624E+01 0.146875429E+01 0.338352863E+06 0.000000000E+00
  0.000000000E+00 0.000000000E+00 0.100648567E+01 0.100000000E+02
    44   60   18    6
 -0.407878673E-01-0.218579570E-01 0.112171631E+00 0.176508269E+00
  0.194414159E+00-0.148726119E+00-0.314330229E+00 0.185724710E+00
  0.158622984E-01-0.409817663E-01-0.215482007E-01 0.113119870E+00
  0.174656291E+00 0.190916543E+00-0.149824418E+00-0.315997342E+00
  0.182177106E+00 0.239978474E-01-0.317740990E-01-0.275294537E-01
  0.488349005E-01 0.147071146E+00 0.172952847E+00 0.183291596E+00
  0.141720263E-01-0.256586958E+00-0.245915572E+00-0.183757956E+00
 -0.148088297E+00-0.274665892E-01 0.473667807E-01 0.145731510E+00
  0.170773981E+00 0.178799762E+00-0.311677474E-01-0.257194102E+00
 -0.240992113E+00-0.185371028E+00-0.148790732E+00 0.124244281E+00
  0.598339355E-01 0.103306816E+00 0.471490103E-01-0.106649658E-01
  0.300923987E+00 0.303958698E+00 0.289480972E+00-0.103097658E+00
 -0.163596862E+00-0.153681702E+00-0.138820711E+00-0.317713849E-01
  0.117023517E+00 0.217183379E+00 0.312373222E+00 0.228048969E+00
  0.203326175E+00 0.181340729E+00 0.171482153E+00 0.304712426E+00
  0.291267063E+00-0.994493928E-01-0.161924608E+00-0.152257826E+00
 -0.132793331E+00-0.566593138E-01-0.187830810E-01 0.140763247E+00
  0.278149413E+00 0.309329127E+00 0.231258059E+00 0.206743155E+00
  0.180479938E+00-0.145933522E+00-0.844413622E-01-0.195044430E-01
  0.117201598E+00 0.144851710E+00 0.234377601E+00 0.288269877E+00
  0.222874770E+00 0.198957327E+00 0.181439701E+00 0.169686351E+00
  0.181518095E+00 0.204138607E+00 0.230688779E+00 0.294752838E+00
  0.273217232E+00 0.141348278E+00-0.186282940E-01-0.515232694E-01
 -0.130750419E+00-0.151472368E+00-0.159880482E+00-0.931866937E-01
  0.289652167E+00 0.304364926E+00 0.300558528E+00 0.303569213E+00
  0.290641797E+00-0.903647544E-01-0.160056974E+00-0.159492698E+00
 -0.132477191E+06-0.208909725E+06 0.174717511E+06 0.251337384E+06
  0.192410782E+06-0.776544546E+05-0.320831161E+06 0.168126565E+06
 -0.205658478E+05-0.133899329E+06-0.208143534E+06 0.181750368E+06
  0.245693422E+06 0.183418496E+06-0.777530778E+05-0.325365948E+06
  0.160788802E+06-0.739408722E+04
  0.000000000E+00 0.000000000E+00 0.000000000E+00 0.000000000E+00
  0.000000000E+00 0.000000000E+00
  0.000000000E+00 0.120880323E+03 0.752995875E+02 0.120880323E+03
  0.753297632E+02 0.000000000E+00 0.000000000E+00 0.000000000E+00
  0.000000000E+00 0.000000000E+00 0.437564113E+02 0.000000000E+00
  0.164171773E+00 0.628476076E+00 0.664151560E-02-0.145726238E+00
 -0.108332226E+01 0.000000000E+00 0.999000000E+03 0.227623041E+01
  0.128436612E+02 0.117725418E+01 0.000000000E+00 0.129147547E+00
 -0.999000000E+03-0.999000000E+03 0.580735253E+01 0.000000000E+00
  0.165340778E-01-0.471783669E+00 0.125908650E+01 0.214312017E+01
  0.387401997E+02 0.344697111E+01 0.159976023E+02 0.159651824E+02
 -0.890000000E+02-0.890000000E+02-0.890000000E+02-0.890000000E+02
  0.157834174E+01 0.120880323E+03 0.752995875E+02 0.120880323E+03
 -0.756440222E+02-0.890000000E+02-0.890000000E+02 0.137219457E+03
 -0.782235589E+02 0.000000000E+00 0.329274836E+00 0.624682814E+00
  0.151049577E+03 0.165015625E+03 0.000000000E+00 0.847766192E+00
  0.100000000E+01 0.000000000E+00 0.000000000E+00 0.000000000E+00
                                            EQG
