&IN1
  ICONVR = 3 
  MXITER = -1 
  NXITER = 51 
  ERROR = 0.0001 
  RELAX = 0.5 
  IOUT = 4 
  ICURRT = 2 
  KPPFNC = 6 
  KPPCUR = 3 
  KFFFNC = 6 
  KFFCUR = 3 
  ISHOT = 1 
  ITIME = 1 
  ITIMEU = 0 
  ITEK = 0 
  ITRACE = 1 
  PLASMA = 584584.461385 
  BTOR = 1.79238500846 
  RCENTR = 1.76597910596 
  RZERO = 1.76597910596 
  LIMITR = 5 
  XLIM = 2.2762398248939997 1.255718387026 1.255718387026  
    2.2762398248939997 2.2762398248939997 
  YLIM = 0.8125951015085768 0.8125951015085768 -0.8125951015085761  
    -0.8125951015085761 0.8125951015085768 
  NBDRY = 61 
  RBDRY = 2.226239824894 2.221803731491651 2.20854405405223  
    2.1866060683765314 2.156230131626436 2.1177490489215507  
    2.071584427056675 2.018242055289529 1.9583063638078015  
    1.892434020589717 1.8213467368122465 1.7458233596324264  
    1.6666913389749214 1.5848176618174956 1.5010993533002537  
    1.4164536487304928 1.404878661994981 1.3934304932363648  
    1.3822345709872472 1.3714135601146873 1.3610860178782465  
    1.3513650949918445 1.3423572959208587 1.334161311996914  
    1.3268669401350008 1.320554098999684 1.315291953399489  
    1.311138156502786 1.3081382181776133 1.306325006376039  
    1.305718387026 1.306325006376039 1.308138218177613  
    1.3111381565027858 1.315291953399489 1.320554098999684  
    1.3268669401350008 1.334161311996914 1.3423572959208587  
    1.3513650949918445 1.3610860178782465 1.3714135601146873  
    1.3822345709872472 1.3934304932363646 1.4048786619949807  
    1.416453648730493 1.501099353300253 1.5848176618174947  
    1.6666913389749212 1.7458233596324257 1.8213467368122458  
    1.8924340205897168 1.958306363807801 2.0182420552895284  
    2.071584427056675 2.1177490489215507 2.156230131626436  
    2.1866060683765314 2.20854405405223 2.221803731491651  
    2.226239824894 
  ZBDRY = 0.0 0.07063382025355233 0.13956229569639775  
    0.2069600917772117 0.2724515942818661 0.33560578230243954  
    0.3959925789710507 0.4532043058314712 0.5068680334075645  
    0.5566544550142968 0.6022850186580593 0.6435379576537817  
    0.6802534760142823 0.7123381845096289 0.7397688037725323  
    0.7625951015085768 0.7133935426809742 0.6623510106446683  
    0.6097306675386777 0.5558156562499412 0.5009104732265385  
    0.4453430925549142 0.38946832877452814 0.33367328033216354  
    0.27838639348546074 0.22409317939808135 0.1713651667739547  
    0.12091840597485598 0.07375072909473912 0.03156537583468305  
    -8.939383969681655e-10 -0.03156537583468305 -0.07375072909473346  
    -0.12091840597485178 -0.17136516677395455 -0.2240931793980811  
    -0.27838639348546046 -0.33367328033216315 -0.38946832877452764  
    -0.4453430925549136 -0.5009104732265396 -0.555815656249942  
    -0.6097306675386776 -0.6623510106446673 -0.7133935426809731  
    -0.762595101508576 -0.7397688037725325 -0.7123381845096293  
    -0.6802534760142824 -0.6435379576537822 -0.6022850186580597  
    -0.5566544550142969 -0.5068680334075649 -0.45320430583147164  
    -0.3959925789710507 -0.33560578230243954 -0.2724515942818663  
    -0.2069600917772117 -0.13956229569639775 -0.07063382025355233 0.0 
  IERCHK = 0 
  NEXTRA = 0 
  SCRAPE = 0.01 
  PSIBRY = 0.0 
  CFCOIL = -10.0 
  ENP = 1.0 
  EMP = 1.0 
  FCURBD = 0 
  PCURBD = 0 
  FCZERO = 1.0 1.0 1.0 1.0 1.0 1.0 1.0 1.0 1.0 1.0 1.0 1.0 1.0 1.0 1.0  
    1.0 
  FCSUM = 1.0 1.0 1.0 1.0 1.0 1.0 1.0 1.0 1.0 1.0 1.0 1.0 1.0 1.0 1.0  
    1.0 
  IFREF = 2 
  PRBDRY = 2115.8212578612456 
  KBETAPR = 1 
  FWTBDRY = 1.0 1.0 1.0 1.0 1.0 1.0 1.0 1.0 1.0 1.0 1.0 1.0 1.0 1.0 1.0  
    1.0 1.0 1.0 1.0 1.0 1.0 1.0 1.0 1.0 1.0 1.0 1.0 1.0 1.0 1.0 1.0 1.0  
    1.0 1.0 1.0 1.0 1.0 1.0 1.0 1.0 1.0 1.0 1.0 1.0 1.0 1.0 1.0 1.0 1.0  
    1.0 1.0 1.0 1.0 1.0 1.0 1.0 1.0 1.0 1.0 1.0 1.0 
  FWTBDRY(14) = 10.0 
  FWTBDRY(15) = 10.0 
  FWTBDRY(16) = 10.0 
  FWTBDRY(17) = 10.0 
  FWTBDRY(44) = 10.0 
  FWTBDRY(45) = 10.0 
  FWTBDRY(46) = 10.0 
  FWTBDRY(47) = 10.0 
/

&PROFILE_EXT
  NPSI_EXT = 101 
  PSIN_EXT = 0.0 0.01 0.02 0.03 0.04 0.05 0.06 0.07 0.08 0.09 0.1 0.11  
    0.12 0.13 0.14 0.15 0.16 0.17 0.18 0.19 0.2 0.21 0.22 0.23 0.24  
    0.25 0.26 0.27 0.28 0.29 0.3 0.31 0.32 0.33 0.34 0.35 0.36 0.37  
    0.38 0.39 0.4 0.41 0.42 0.43 0.44 0.45 0.46 0.47 0.48 0.49 0.5 0.51  
    0.52 0.53 0.54 0.55 0.56 0.57 0.58 0.59 0.6 0.61 0.62 0.63 0.64  
    0.65 0.66 0.67 0.68 0.69 0.7 0.71 0.72 0.73 0.74 0.75 0.76 0.77  
    0.78 0.79 0.8 0.81 0.82 0.83 0.84 0.85 0.86 0.87 0.88 0.89 0.9 0.91  
    0.92 0.93 0.94 0.95 0.96 0.97 0.98 0.99 1.0 
  PPRIME_EXT = 1248077.5624321625 1213931.960236818 1180779.052618504  
    1148618.83957722 1117451.3211129662 1087276.4972257428  
    1058094.3679155493 1029904.9331823861 1002708.193026253  
    976504.1474471501 951292.7964450775 926002.0899529711  
    902513.5700394455 880517.9553398847 859782.3423079854  
    840126.460090166 821402.2123049626 803491.5628206284  
    786301.3356710068 769753.1781715571 753777.4881610087  
    738318.0233386902 723329.0323344253 708767.0311028433  
    694596.1610289954 680785.2667693903 667305.1623681972  
    654134.011925376 641248.5052480807 628628.1021389391  
    616256.9559336565 604117.9816729496 592197.8552093809  
    580484.6726991726 568964.5899981924 557626.4877300204  
    546462.8274830583 535464.2704644359 524620.7305802475  
    513924.51314899826 503369.8992502121 492950.30077783216  
    482658.48333170376 472488.46662644984 462435.5833109116  
    452494.8303250629 442661.6511501999 432931.1867464507  
    423298.6941318526 413760.5974383191 404313.485444824  
    394953.99988056655 385678.7998209506 376484.3362680498  
    367367.43900432356 358325.4498201493 349355.961036389  
    340456.6699503956 331625.5009870385 322860.2948151589  
    314158.56258474546 305518.797353992 296940.11149169237  
    288421.3799734247 279962.06719225616 271562.376193064  
    263222.6547048906 254943.31847933948 246727.27768880653  
    238579.2478208263 230504.31780834147 222510.8952508092  
    214610.1128468247 206816.67985819333 199151.91165408402  
    191645.5802759677 184337.56084191205 177279.59403244604  
    170539.7636431374 164213.13674713665 158425.77003854144  
    153335.26286468474 149141.4950322471 146100.15031698786  
    144513.17534653452 144726.76963442075 147122.1290133231  
    152083.51690642763 159990.07761636632 171206.31254051597  
    186119.7017981349 205140.67359042866 228643.6436881328  
    256516.9005625252 287114.72147597896 315959.36652561644  
    335338.069241834 336546.82731408224 312918.60781142075  
    278940.72499369184 234613.17886082828 
  FFPRIM_EXT = -2.195571740794854 -2.07313022929456 -1.9556612486228144  
    -1.8423837082903982 -1.7334805183971334 -1.6290198513827558  
    -1.5290271603011103 -1.433506836298347 -1.3424530021426935  
    -1.2558513202825652 -1.1736904849228555 -1.0915683386402195  
    -1.0171614606901123 -0.9491621106963968 -0.8865925134143842  
    -0.8286932368441957 -0.7748418977957388 -0.7245419960026396  
    -0.6774010978640301 -0.6330891241123491 -0.5913139120177342  
    -0.5518386372235988 -0.514470369334388 -0.47902669348708926  
    -0.4453566908935578 -0.41332952647177623 -0.3828227495290546  
    -0.3537443572979213 -0.325996915816272 -0.2994946850466254  
    -0.27417106417916903 -0.24995482433697253 -0.22679065304011414  
    -0.20462843844689005 -0.18341133999452136 -0.16309364019203754  
    -0.14364357791856697 -0.1250226958524917 -0.1071902010498953  
    -0.09011472104743283 -0.0737727175699461 -0.05813767952101029  
    -0.04318057108091967 -0.02887758986193055 -0.01521032979095082  
    -0.0021589853834913172 0.010294283145455607 0.022168163996433284  
    0.033480714030382636 0.044245497208650765 0.05447532810655252  
    0.06418255520444216 0.07337917759146753 0.08207818988300702  
    0.09029069390774244 0.0980255912275096 0.10529123305771748  
    0.11209506562362723 0.11844348998385801 0.12434324251914097  
    0.12980201018269527 0.13482381080297184 0.13941028468032843  
    0.14356368714856532 0.14728411976625994 0.15056888095970522  
    0.1534145309389755 0.15581741780667244 0.1577650749109598  
    0.15923846813425863 0.16021699554204583 0.16066863334319365  
    0.1605520281689623 0.15981360415613427 0.1583768623203069  
    0.15613694934621136 0.15295475829663802 0.14865133256904234  
    0.142994501996153 0.13566187524881063 0.12622888297087792  
    0.11417004251782857 0.09882439413072555 0.07935317201599991  
    0.054775921120587746 0.023984484759376416 -0.01422188831293255  
    -0.061023053029487725 -0.11754454535717378 -0.18481855344987186  
    -0.2638986917592029 -0.3558429294475181 -0.46149313444188295  
    -0.5800036401765651 -0.7054855080616018 -0.8230707346486961  
    -0.9079936007879699 -0.9335060027852251 -0.8796200052395913  
    -0.7933929934002972 -0.6748249672698989 
/

