r	R 20/20	R 21/20	R 22/20	R 23/20	I 20/20	I 21/20	I 22/20	I 23/20
 0.000000E+00	 0.00000000E+00	 0.00000000E+00	 0.00000000E+00	 0.00000000E+00	 0.00000000E+00	 0.00000000E+00	 0.00000000E+00	 0.00000000E+00
 5.000000E-03	-1.86197376E-33	-1.59028253E-34	 2.12225854E-34	 7.48705771E-35	 8.93468588E-34	-1.18431937E-34	-8.81732850E-36	 2.59175125E-34
 1.000000E-02	-5.30776795E-32	-3.16749065E-33	 4.77657220E-33	 5.68978772E-33	 3.09906891E-32	 7.74605429E-33	 7.99932273E-35	 7.52310401E-33
 1.500000E-02	-6.87743544E-31	 2.38908510E-32	 4.78387667E-32	 7.04488158E-32	 4.15300754E-31	 2.65848581E-31	 4.03546054E-32	 9.80900909E-32
 2.000000E-02	-6.42052795E-30	 2.76689487E-31	 2.71597046E-31	 9.74548751E-31	 3.43911182E-30	 3.28878220E-30	 5.72949498E-31	 1.52767574E-30
 2.500000E-02	-5.14216389E-29	-2.82408937E-30	-7.91772046E-30	 1.09507632E-29	 2.21443594E-29	 2.43244781E-29	 8.36610067E-30	 1.77974690E-29
 3.000000E-02	-3.68546861E-28	-6.85291151E-29	-1.92019462E-28	 1.00730257E-28	 9.15781464E-29	 4.73421556E-29	 1.26021942E-28	 1.95375857E-28
 3.500000E-02	-1.73634362E-27	-9.41489155E-28	-2.70386712E-27	 8.24473835E-28	 5.44760829E-30	-1.08756163E-27	 9.60682832E-28	 1.38701237E-27
 4.000000E-02	 3.59038219E-27	-6.98758749E-27	-2.60323170E-26	 3.66459639E-27	-2.55378361E-27	-1.23125079E-26	 3.96741711E-27	 5.95493481E-27
 4.500000E-02	 1.31363684E-25	-1.93587297E-26	-1.71589615E-25	 3.19484731E-27	-1.97838960E-26	-7.73565570E-26	 1.17145701E-26	 1.88266123E-26
 5.000000E-02	 1.20700569E-24	 6.93775434E-26	-8.64203517E-25	-5.30815857E-26	-1.05302786E-25	-3.68146571E-25	 2.54546943E-26	 4.05873835E-26
 5.500000E-02	 7.43259032E-24	 1.21695410E-24	-3.42692168E-24	-4.10356162E-25	-4.29181623E-25	-1.32166730E-24	 2.87667780E-27	-2.66845345E-26
 6.000000E-02	 3.35054139E-23	 9.59859405E-24	-9.90152521E-24	-1.82753606E-24	-9.56450004E-25	-2.05670957E-24	-2.86578088E-25	-1.19272915E-24
 6.500000E-02	 9.04508000E-23	 5.87731550E-23	-8.99735021E-24	-4.10744950E-24	 3.52627805E-24	 1.34799940E-23	-6.23656668E-25	-7.93340241E-24
 7.000000E-02	-9.72016491E-23	 2.85240957E-22	 1.15925500E-22	 1.36207630E-23	 5.08623296E-23	 1.17027712E-22	 7.10516121E-24	-2.69268248E-23
 7.500000E-02	-2.47418710E-21	 1.02177556E-21	 8.56081998E-22	 1.80169228E-22	 2.95706687E-22	 5.04131077E-22	 6.19586477E-23	-5.14372369E-23
 8.000000E-02	-1.50077063E-20	 2.60731169E-21	 3.58507775E-21	 9.66815766E-22	 1.20725712E-21	 1.56949540E-21	 2.70031794E-22	-1.69516142E-23
 8.500000E-02	-6.26570303E-20	 4.05915952E-21	 1.12233402E-20	 3.63670734E-21	 3.97565202E-21	 3.78911840E-21	 8.15427691E-22	 2.85729987E-22
 9.000000E-02	-2.08270145E-19	-1.13600986E-21	 2.82723595E-20	 1.07918920E-20	 1.11100429E-20	 7.53354838E-21	 1.91734852E-21	 1.28242642E-21
 9.500000E-02	-5.93579180E-19	-3.50399252E-20	 5.96981278E-20	 2.68983644E-20	 2.74247155E-20	 1.29985782E-20	 3.83406498E-21	 3.66760126E-21
 1.000000E-01	-1.52323823E-18	-1.58173099E-19	 1.06890251E-19	 5.82059527E-20	 6.11460905E-20	 2.43573248E-20	 8.52278539E-21	 8.60938881E-21
 1.050000E-01	-3.72356395E-18	-5.35464894E-19	 1.58237813E-19	 1.12601161E-19	 1.28390185E-19	 5.92711970E-20	 2.32397631E-20	 1.98621117E-20
 1.100000E-01	-9.03977063E-18	-1.62786816E-18	 1.50247780E-19	 1.92934088E-19	 2.73330145E-19	 1.22956984E-19	 5.01209033E-20	 4.48736599E-20
 1.150000E-01	-2.11361692E-17	-4.48554417E-18	-1.53143854E-19	 2.53813959E-19	 5.83969761E-19	 1.66817991E-19	 6.70301017E-20	 8.75309928E-20
 1.200000E-01	-4.60528857E-17	-1.10917806E-17	-1.34418552E-18	 1.19332689E-19	 1.18216855E-18	 1.36100921E-19	 4.26353793E-20	 1.46870734E-19
 1.250000E-01	-9.44673285E-17	-2.52087496E-17	-4.68669700E-18	-6.54096940E-19	 2.25426670E-18	 9.73968027E-21	-4.89360460E-20	 2.23512693E-19
 1.300000E-01	-1.85986396E-16	-5.40464622E-17	-1.27842144E-17	-3.08456886E-18	 4.08564763E-18	-9.01552314E-20	-1.66845240E-19	 3.45552278E-19
 1.350000E-01	-3.58956871E-16	-1.11999573E-16	-3.10688709E-17	-9.45177090E-18	 7.19225614E-18	 2.65148701E-19	-1.39336191E-19	 6.14935545E-19
 1.400000E-01	-6.89402925E-16	-2.28079463E-16	-7.09494329E-17	-2.48234002E-17	 1.29509681E-17	 1.18618688E-18	-9.18212668E-20	 1.03976261E-18
 1.450000E-01	-1.30179422E-15	-4.52129187E-16	-1.53411287E-16	-5.91406018E-17	 2.40687593E-17	 2.18913173E-18	-7.33614295E-19	 1.34380620E-18
 1.500000E-01	-2.37818170E-15	-8.61607667E-16	-3.13077905E-16	-1.29624358E-16	 4.49939144E-17	 2.02243314E-18	-3.70080171E-18	 7.42164017E-19
 1.550000E-01	-4.16274928E-15	-1.56748313E-15	-6.02082382E-16	-2.63256378E-16	 8.16405382E-17	-8.53986132E-19	-1.10110986E-17	-1.99767567E-18
 1.600000E-01	-6.98250036E-15	-2.72628976E-15	-1.09594798E-15	-5.00442770E-16	 1.34841554E-16	 5.68237548E-18	-1.45834194E-17	-3.43785002E-18
 1.650000E-01	-1.16500764E-14	-4.70522248E-15	-1.96215375E-15	-9.28327152E-16	 2.06511980E-16	 4.97496406E-17	 4.00012782E-18	 5.63050125E-18
 1.700000E-01	-1.99417963E-14	-8.31085177E-15	-3.56858777E-15	-1.73686342E-15	 3.35711277E-16	 1.22551896E-16	 3.10888746E-17	 1.80961286E-17
 1.750000E-01	-3.38419823E-14	-1.45429434E-14	-6.39874078E-15	-3.18238155E-15	 5.82358833E-16	 1.73541412E-16	 2.09056931E-17	 7.35149255E-18
 1.800000E-01	-5.51205456E-14	-2.44285780E-14	-1.09780650E-14	-5.54879986E-15	 9.51323710E-16	 2.29920921E-16	-5.96228135E-18	-2.02614140E-17
 1.850000E-01	-8.77409445E-14	-4.00681513E-14	-1.83353012E-14	-9.37496867E-15	 1.43778896E-15	 4.12160356E-16	 4.12016891E-17	-1.97657049E-17
 1.900000E-01	-1.39645479E-13	-6.56018803E-14	-3.04849008E-14	-1.57004057E-14	 2.13160312E-15	 8.02804288E-16	 2.10960659E-16	 2.98684009E-17
 1.950000E-01	-2.22260854E-13	-1.07258434E-13	-5.05209626E-14	-2.61081295E-14	 3.19307028E-15	 1.45851049E-15	 5.23587111E-16	 1.30217425E-16
 2.000000E-01	-3.51657435E-13	-1.74156434E-13	-8.30635600E-14	-4.29351756E-14	 4.87495894E-15	 2.43951901E-15	 9.82212583E-16	 2.66594645E-16
 2.050000E-01	-5.48629877E-13	-2.78701390E-13	-1.34560182E-13	-6.94067014E-14	 7.53006537E-15	 3.80131310E-15	 1.56562733E-15	 4.05160707E-16
 2.100000E-01	-8.38744727E-13	-4.37080041E-13	-2.13676443E-13	-1.09828407E-13	 1.15237623E-14	 5.64324601E-15	 2.28973320E-15	 5.30955297E-16
 2.150000E-01	-1.25461950E-12	-6.70915893E-13	-3.32309100E-13	-1.70113334E-13	 1.72452138E-14	 8.08474269E-15	 3.19145013E-15	 6.37903441E-16
 2.200000E-01	-1.83687342E-12	-1.00835817E-12	-5.06411885E-13	-2.58233019E-13	 2.49463997E-14	 1.14430403E-14	 4.54971682E-15	 8.88960056E-16
 2.250000E-01	-2.64223051E-12	-1.48935008E-12	-7.59035010E-13	-3.85839647E-13	 3.48527031E-14	 1.61706914E-14	 6.80774009E-15	 1.57303824E-15
 2.300000E-01	-3.74709521E-12	-2.16895982E-12	-1.12268936E-12	-5.69621006E-13	 4.75949355E-14	 2.24219363E-14	 1.00334744E-14	 2.73105994E-15
 2.350000E-01	-5.23996813E-12	-3.11438963E-12	-1.63861359E-12	-8.31210333E-13	 6.39773169E-14	 3.02314554E-14	 1.41418102E-14	 4.30192979E-15
 2.400000E-01	-7.22350267E-12	-4.40729083E-12	-2.35872956E-12	-1.19856736E-12	 8.44551553E-14	 3.99624855E-14	 1.95050009E-14	 6.56696470E-15
 2.450000E-01	-9.82520215E-12	-6.15162142E-12	-3.35076360E-12	-1.70910844E-12	 1.09460195E-13	 5.19978782E-14	 2.64993692E-14	 9.82140405E-15
 2.500000E-01	-1.31950348E-11	-8.47394014E-12	-4.69971921E-12	-2.41112121E-12	 1.40564627E-13	 6.57887152E-14	 3.39714547E-14	 1.31462922E-14
 2.550000E-01	-1.74770864E-11	-1.15067659E-11	-6.49976851E-12	-3.36028751E-12	 1.77547943E-13	 8.10973381E-14	 4.21050012E-14	 1.68589481E-14
 2.600000E-01	-2.28683878E-11	-1.54274853E-11	-8.87627328E-12	-4.63168493E-12	 2.05771838E-13	 1.06103504E-13	 6.72943666E-14	 3.54301128E-14
 2.650000E-01	-2.99994196E-11	-2.07222428E-11	-1.21422039E-11	-6.40344646E-12	 2.09325529E-13	 1.52440055E-13	 1.30924241E-13	 8.80433865E-14
 2.700000E-01	-3.98618805E-11	-2.81675438E-11	-1.68051116E-11	-8.96708257E-12	 2.20794754E-13	 2.05538918E-13	 2.02501938E-13	 1.47795279E-13
 2.750000E-01	-5.26547657E-11	-3.80303346E-11	-2.30961612E-11	-1.24798902E-11	 2.83893061E-13	 2.37501588E-13	 2.30122006E-13	 1.68121919E-13
 2.800000E-01	-6.80209973E-11	-5.01800739E-11	-3.10071364E-11	-1.69745668E-11	 3.46327283E-13	 2.64584797E-13	 2.59303480E-13	 1.92705984E-13
 2.850000E-01	-8.71186165E-11	-6.55927671E-11	-4.12137676E-11	-2.28623606E-11	 3.28709877E-13	 3.24116844E-13	 3.75124846E-13	 3.02899640E-13
 2.900000E-01	-1.12170839E-10	-8.61155490E-11	-5.49859989E-11	-3.09080394E-11	 2.92536233E-13	 3.96308732E-13	 5.22928835E-13	 4.44700112E-13
 2.950000E-01	-1.43665048E-10	-1.12362894E-10	-7.28623099E-11	-4.14939227E-11	 3.44541611E-13	 4.33256527E-13	 5.88527518E-13	 5.04886278E-13
 3.000000E-01	-1.80940243E-10	-1.44055296E-10	-9.48018328E-11	-5.46765712E-11	 4.31502380E-13	 4.40486026E-13	 6.07826265E-13	 5.21360032E-13
 3.050000E-01	-2.25072955E-10	-1.82260123E-10	-1.21637673E-10	-7.10143198E-11	 4.48677422E-13	 4.47454024E-13	 6.74856713E-13	 5.91223481E-13
 3.100000E-01	-2.78111746E-10	-2.28875323E-10	-1.54792860E-10	-9.14304035E-11	 4.44642747E-13	 4.40319827E-13	 7.42145962E-13	 6.61986512E-13
 3.150000E-01	-3.40521312E-10	-2.84559057E-10	-1.94891186E-10	-1.16399411E-10	 5.17785710E-13	 3.87065788E-13	 7.09506063E-13	 6.24570027E-13
 3.200000E-01	-4.11852200E-10	-3.49192239E-10	-2.42015447E-10	-1.46073813E-10	 6.19064187E-13	 2.87094147E-13	 6.03975868E-13	 5.10537282E-13
 3.250000E-01	-4.93117896E-10	-4.23856345E-10	-2.97062486E-10	-1.81094238E-10	 6.42323430E-13	 1.52141846E-13	 5.03462220E-13	 4.09198088E-13
 3.300000E-01	-5.86265107E-10	-5.10453616E-10	-3.61520339E-10	-2.22476834E-10	 5.67442070E-13	-2.49838013E-14	 4.09234555E-13	 3.24778525E-13
 3.350000E-01	-6.93065860E-10	-6.10781120E-10	-4.36830406E-10	-2.71231076E-10	 3.88172330E-13	-2.61579635E-13	 3.03069516E-13	 2.42766672E-13
 3.400000E-01	-8.15743295E-10	-7.27073108E-10	-5.24767771E-10	-3.28590827E-10	-2.26798234E-15	-5.69444005E-13	 2.43261055E-13	 2.44039226E-13
 3.450000E-01	-9.58453034E-10	-8.63346562E-10	-6.28432391E-10	-3.96641814E-10	-7.19886024E-13	-9.55454489E-13	 3.01165742E-13	 4.23945367E-13
 3.500000E-01	-1.12656029E-09	-1.02482080E-09	-7.51882547E-10	-4.78116370E-10	-1.63372911E-12	-1.43895511E-12	 3.61553825E-13	 6.40619879E-13
 3.550000E-01	-1.32275949E-09	-1.21440197E-09	-8.97564339E-10	-5.74759850E-10	-2.62610563E-12	-2.05073636E-12	 3.10829574E-13	 7.61478989E-13
 3.600000E-01	-1.55035268E-09	-1.43560920E-09	-1.06841676E-09	-6.88637204E-10	-4.34454540E-12	-2.83007540E-12	 5.69484998E-13	 1.36473690E-12
 3.650000E-01	-1.82466368E-09	-1.70323607E-09	-1.27589592E-09	-8.27350984E-10	-7.58229476E-12	-3.84216717E-12	 1.61917321E-12	 3.11774214E-12
 3.700000E-01	-2.16680803E-09	-2.03786383E-09	-1.53609779E-09	-1.00169172E-09	-1.15634735E-11	-5.14040249E-12	 2.84297718E-12	 5.21066883E-12
 3.750000E-01	-2.58085231E-09	-2.44436539E-09	-1.85346862E-09	-1.21501661E-09	-1.48984875E-11	-6.72085430E-12	 3.26312123E-12	 6.32358280E-12
 3.800000E-01	-3.06126267E-09	-2.91843838E-09	-2.22539938E-09	-1.46605922E-09	-1.73532178E-11	-8.55527325E-12	 2.73597959E-12	 6.23937323E-12
 3.850000E-01	-3.60604619E-09	-3.45894110E-09	-2.65154426E-09	-1.75498943E-09	-1.94015692E-11	-1.06569251E-11	 1.57589629E-12	 5.38268656E-12
 3.900000E-01	-4.21775087E-09	-4.06904247E-09	-3.13480200E-09	-2.08407223E-09	-2.28484711E-11	-1.32160763E-11	 8.67154664E-13	 5.34025158E-12
 3.950000E-01	-4.92636941E-09	-4.77860924E-09	-3.69881637E-09	-2.46938256E-09	-2.95118896E-11	-1.65044084E-11	 1.57077890E-12	 7.55599303E-12
 4.000000E-01	-5.77095221E-09	-5.62686168E-09	-4.37494217E-09	-2.93238861E-09	-3.67779331E-11	-2.04107186E-11	 1.86539840E-12	 9.42556246E-12
 4.050000E-01	-6.73978279E-09	-6.60384892E-09	-5.15648866E-09	-3.46925024E-09	-4.06613860E-11	-2.45578932E-11	-6.98497062E-13	 7.36299897E-12
 4.100000E-01	-7.79711846E-09	-7.67565619E-09	-6.01766322E-09	-4.06307476E-09	-4.19712940E-11	-2.89327536E-11	-5.51378910E-12	 2.21196495E-12
 4.150000E-01	-8.93923907E-09	-8.83938717E-09	-6.95668616E-09	-4.71293076E-09	-4.40255644E-11	-3.38894310E-11	-1.05847242E-11	-3.07044237E-12
 4.200000E-01	-1.01885410E-08	-1.01180320E-08	-7.99215490E-09	-5.43162852E-09	-5.22047119E-11	-4.03099000E-11	-1.29695036E-11	-3.87872148E-12
 4.250000E-01	-1.16357978E-08	-1.16032684E-08	-9.19734768E-09	-6.26922816E-09	-7.07308173E-11	-4.91664448E-11	-1.08317365E-11	 2.84083935E-12
 4.300000E-01	-1.33857742E-08	-1.34020162E-08	-1.06587148E-08	-7.28532420E-09	-8.89717942E-11	-5.91822606E-11	-1.07301329E-11	 7.02223567E-12
 4.350000E-01	-1.53617249E-08	-1.54398059E-08	-1.23187424E-08	-8.44154997E-09	-9.36488260E-11	-6.81517407E-11	-1.97146985E-11	-2.45769216E-12
 4.400000E-01	-1.74316372E-08	-1.75854327E-08	-1.40732874E-08	-9.66683880E-09	-9.77011089E-11	-7.79636111E-11	-3.00865047E-11	-1.34890817E-11
 4.450000E-01	-1.97143700E-08	-1.99605388E-08	-1.60200233E-08	-1.10278940E-08	-1.20032671E-10	-9.21750566E-11	-3.22383655E-11	-1.05645802E-11
 4.500000E-01	-2.24049616E-08	-2.27656421E-08	-1.83215240E-08	-1.26366966E-08	-1.46156410E-10	-1.08752170E-10	-3.50527053E-11	-7.74606398E-12
 4.550000E-01	-2.54048949E-08	-2.59036533E-08	-2.09015238E-08	-1.44412503E-08	-1.53407448E-10	-1.23384836E-10	-5.01747784E-11	-2.40340394E-11
 4.600000E-01	-2.85214922E-08	-2.91798297E-08	-2.36032044E-08	-1.63330275E-08	-1.56150387E-10	-1.38423580E-10	-6.91849783E-11	-4.58173643E-11
 4.650000E-01	-3.18639696E-08	-3.27074885E-08	-2.65179271E-08	-1.83740089E-08	-1.78127864E-10	-1.58905629E-10	-8.05426906E-11	-5.38009504E-11
 4.700000E-01	-3.56340870E-08	-3.66961575E-08	-2.98162877E-08	-2.06812210E-08	-2.05717407E-10	-1.82676223E-10	-9.25819010E-11	-6.15172442E-11
 4.750000E-01	-3.97428146E-08	-4.10561220E-08	-3.34263184E-08	-2.32039240E-08	-2.17587073E-10	-2.05250659E-10	-1.15898833E-10	-8.67463747E-11
 4.800000E-01	-4.40392415E-08	-4.56323203E-08	-3.72213254E-08	-2.58525149E-08	-2.37086932E-10	-2.31561211E-10	-1.38039322E-10	-1.08367617E-10
 4.850000E-01	-4.87853730E-08	-5.06982130E-08	-4.14237315E-08	-2.87783669E-08	-2.93805142E-10	-2.69103529E-10	-1.45940466E-10	-1.03423226E-10
 4.900000E-01	-5.43181018E-08	-5.66077506E-08	-4.63240321E-08	-3.21799537E-08	-3.44883190E-10	-3.09332488E-10	-1.63135924E-10	-1.11668900E-10
 4.950000E-01	-6.02508855E-08	-6.29597067E-08	-5.15951110E-08	-3.58275454E-08	-3.37629541E-10	-3.38911418E-10	-2.13050872E-10	-1.74590677E-10
 5.000000E-01	-6.60587599E-08	-6.92049378E-08	-5.67858624E-08	-3.94048264E-08	-3.42661876E-10	-3.72366314E-10	-2.57188186E-10	-2.26720937E-10
 5.050000E-01	-7.24240353E-08	-7.60638849E-08	-6.24890500E-08	-4.33178100E-08	-4.55976070E-10	-4.34692431E-10	-2.52866406E-10	-1.91853458E-10
 5.100000E-01	-8.03817597E-08	-8.46377109E-08	-6.96174385E-08	-4.81922569E-08	-6.10071464E-10	-5.14117665E-10	-2.40096825E-10	-1.36961152E-10
 5.150000E-01	-8.96317029E-08	-9.46255889E-08	-7.79332615E-08	-5.38563874E-08	-6.96528308E-10	-5.84082482E-10	-2.69415397E-10	-1.51449809E-10
 5.200000E-01	-9.94850557E-08	-1.05316666E-07	-8.68600594E-08	-5.99043601E-08	-7.67381680E-10	-6.54755175E-10	-3.10054375E-10	-1.83218669E-10
 5.250000E-01	-1.10392106E-07	-1.17213366E-07	-9.68262791E-08	-6.66219032E-08	-9.22172248E-10	-7.52845260E-10	-3.16655001E-10	-1.50446950E-10
 5.300000E-01	-1.23218111E-07	-1.31273601E-07	-1.08646107E-07	-7.45549204E-08	-1.15377888E-09	-8.81598091E-10	-2.98924789E-10	-6.68009173E-11
 5.350000E-01	-1.38314565E-07	-1.47924969E-07	-1.22703715E-07	-8.39464856E-08	-1.40578881E-09	-1.03021079E-09	-2.87211937E-10	 1.57814524E-11
 5.400000E-01	-1.55636514E-07	-1.67187069E-07	-1.39055204E-07	-9.48096253E-08	-1.58538891E-09	-1.17558531E-09	-3.26967515E-10	 1.54073765E-11
 5.450000E-01	-1.74064455E-07	-1.87931389E-07	-1.56808843E-07	-1.06511486E-07	-1.62819869E-09	-1.29658658E-09	-4.41430449E-10	-1.14497304E-10
 5.500000E-01	-1.92476573E-07	-2.09023542E-07	-1.75065633E-07	-1.18418491E-07	-1.74663132E-09	-1.44726557E-09	-5.20427360E-10	-1.75511243E-10
 5.550000E-01	-2.12840101E-07	-2.32710958E-07	-1.95777176E-07	-1.31818085E-07	-2.17718590E-09	-1.70543070E-09	-4.67323575E-10	 2.10572307E-11
 5.600000E-01	-2.37541497E-07	-2.61782965E-07	-2.21412422E-07	-1.48317139E-07	-2.60056644E-09	-1.99796930E-09	-4.56577290E-10	 1.63019428E-10
 5.650000E-01	-2.63725027E-07	-2.93294754E-07	-2.49621745E-07	-1.66275943E-07	-2.59775659E-09	-2.19480577E-09	-6.69940998E-10	-1.01832919E-10
 5.700000E-01	-2.87381649E-07	-3.22930460E-07	-2.76830272E-07	-1.83263142E-07	-2.52991376E-09	-2.38405620E-09	-9.07885290E-10	-4.11232776E-10
 5.750000E-01	-3.10783942E-07	-3.53386107E-07	-3.05458816E-07	-2.00834359E-07	-2.94304979E-09	-2.74729144E-09	-9.32640898E-10	-2.94111355E-10
 5.800000E-01	-3.37728327E-07	-3.89274567E-07	-3.39726746E-07	-2.21674084E-07	-3.56966262E-09	-3.23203870E-09	-9.03335986E-10	-3.63707562E-11
 5.850000E-01	-3.66409079E-07	-4.28940104E-07	-3.78508214E-07	-2.44914310E-07	-3.91119769E-09	-3.67597666E-09	-1.04043143E-09	-8.24811895E-11
 5.900000E-01	-3.93335856E-07	-4.68693893E-07	-4.18847143E-07	-2.68515436E-07	-4.06070162E-09	-4.09059344E-09	-1.27332491E-09	-3.15287462E-10
 5.950000E-01	-4.17929949E-07	-5.08208429E-07	-4.60747741E-07	-2.92374714E-07	-4.33110240E-09	-4.58326568E-09	-1.45540961E-09	-4.40499925E-10
 6.000000E-01	-4.40864853E-07	-5.48761604E-07	-5.05752594E-07	-3.17350118E-07	-4.93651899E-09	-5.25526741E-09	-1.50161686E-09	-2.56497103E-10
 6.050000E-01	-4.63996252E-07	-5.93378527E-07	-5.57239003E-07	-3.45392911E-07	-6.02823551E-09	-6.21299922E-09	-1.37225311E-09	 3.71217158E-10
 6.100000E-01	-4.89124650E-07	-6.45529636E-07	-6.19398308E-07	-3.78844051E-07	-7.44719382E-09	-7.44608040E-09	-1.16563202E-09	 1.26371156E-09
 6.150000E-01	-5.14979146E-07	-7.05195720E-07	-6.93475189E-07	-4.18096411E-07	-8.93920881E-09	-8.87812177E-09	-9.93363709E-10	 2.17242815E-09
 6.200000E-01	-5.39234160E-07	-7.71222446E-07	-7.79857868E-07	-4.62952735E-07	-1.05543642E-08	-1.05542974E-08	-8.29458861E-10	 3.15876748E-09
 6.250000E-01	-5.60277829E-07	-8.43798770E-07	-8.80607057E-07	-5.14155843E-07	-1.24864338E-08	-1.26075308E-08	-5.98873507E-10	 4.42588170E-09
 6.300000E-01	-5.76670249E-07	-9.24056219E-07	-9.99328779E-07	-5.73240334E-07	-1.50310149E-08	-1.52779095E-08	-2.10328097E-10	 6.29953990E-09
 6.350000E-01	-5.87669752E-07	-1.01557923E-06	-1.14330277E-06	-6.43678622E-07	-1.84726270E-08	-1.88659056E-08	 3.88221270E-10	 9.07352643E-09
 6.400000E-01	-5.91091787E-07	-1.12188825E-06	-1.32139374E-06	-7.29534733E-07	-2.25431400E-08	-2.33287009E-08	 1.07803318E-09	 1.24044637E-08
 6.450000E-01	-5.80044972E-07	-1.24015080E-06	-1.53656517E-06	-8.31272961E-07	-2.68192904E-08	-2.84400526E-08	 1.75699367E-09	 1.58177851E-08
 6.500000E-01	-5.46262017E-07	-1.36567541E-06	-1.79036583E-06	-9.48549549E-07	-3.16777980E-08	-3.45334186E-08	 2.55997494E-09	 1.97843074E-08
 6.550000E-01	-4.82758358E-07	-1.49890452E-06	-2.09258982E-06	-1.08550501E-06	-3.77624114E-08	-4.22419066E-08	 3.64604615E-09	 2.50290753E-08
 6.600000E-01	-3.80349164E-07	-1.64046171E-06	-2.45654284E-06	-1.24799386E-06	-4.49338518E-08	-5.15626557E-08	 5.00995275E-09	 3.12709857E-08
 6.650000E-01	-2.25986878E-07	-1.78430346E-06	-2.88899123E-06	-1.43852220E-06	-5.28452898E-08	-6.22296030E-08	 6.64755761E-09	 3.80087048E-08
 6.700000E-01	-5.43466452E-09	-1.92253089E-06	-3.39607384E-06	-1.65978039E-06	-6.22617424E-08	-7.51624653E-08	 8.65498114E-09	 4.62538215E-08
 6.750000E-01	 2.97863297E-07	-2.05389459E-06	-4.00044625E-06	-1.92325580E-06	-7.43525231E-08	-9.19115685E-08	 1.10935702E-08	 5.74267031E-08
 6.800000E-01	 7.07017957E-07	-2.17551303E-06	-4.73214951E-06	-2.24446825E-06	-8.87539743E-08	-1.12167567E-07	 1.40580706E-08	 7.06441795E-08
 6.850000E-01	 1.24717317E-06	-2.27068856E-06	-5.60163711E-06	-2.63026466E-06	-1.04326422E-07	-1.34350515E-07	 1.77922136E-08	 8.40154710E-08
 6.900000E-01	 1.94046315E-06	-2.31663878E-06	-6.60779642E-06	-3.08359211E-06	-1.20932989E-07	-1.57976386E-07	 2.25552948E-08	 9.71504757E-08
 6.950000E-01	 2.80769627E-06	-2.29144110E-06	-7.75295524E-06	-3.61107400E-06	-1.39202263E-07	-1.83799014E-07	 2.83972595E-08	 1.10834262E-07
 7.000000E-01	 3.87205302E-06	-2.17355723E-06	-9.04758060E-06	-4.22532159E-06	-1.61480071E-07	-2.16519023E-07	 3.41160322E-08	 1.28883011E-07
 7.050000E-01	 5.18813620E-06	-1.94615655E-06	-1.05603282E-05	-4.96961372E-06	-1.90931149E-07	-2.62723852E-07	 3.81769877E-08	 1.55716225E-07
 7.100000E-01	 6.84131353E-06	-1.57688862E-06	-1.23855558E-05	-5.90389894E-06	-2.25901765E-07	-3.18333612E-07	 4.26345981E-08	 1.86752080E-07
 7.150000E-01	 8.87182952E-06	-1.00502119E-06	-1.45133996E-05	-7.04201856E-06	-2.62134233E-07	-3.74083784E-07	 5.04127474E-08	 2.14419308E-07
 7.200000E-01	 1.12892072E-05	-1.67937783E-07	-1.68939141E-05	-8.38083745E-06	-3.02411581E-07	-4.39059544E-07	 5.68953279E-08	 2.44721643E-07
 7.250000E-01	 1.42092791E-05	 1.00621422E-06	-1.96321438E-05	-9.99978712E-06	-3.53402428E-07	-5.30636819E-07	 5.57483309E-08	 2.87802515E-07
 7.300000E-01	 1.78168660E-05	 2.63357173E-06	-2.28856825E-05	-1.20164128E-05	-4.12428613E-07	-6.36220889E-07	 5.56757667E-08	 3.34604490E-07
 7.350000E-01	 2.21138825E-05	 4.82920281E-06	-2.65517221E-05	-1.44183191E-05	-4.70858055E-07	-7.29460463E-07	 6.90840381E-08	 3.69942626E-07
 7.400000E-01	 2.69917623E-05	 7.67070989E-06	-3.04201345E-05	-1.71289862E-05	-5.31484272E-07	-8.30333726E-07	 8.11182055E-08	 4.03579861E-07
 7.450000E-01	 3.26474814E-05	 1.13285723E-05	-3.46305505E-05	-2.02687475E-05	-6.05413656E-07	-9.80993237E-07	 6.91796417E-08	 4.53436148E-07
 7.500000E-01	 3.94569805E-05	 1.61044419E-05	-3.94485205E-05	-2.40527820E-05	-6.92245646E-07	-1.16442965E-06	 5.03868988E-08	 5.10472520E-07
 7.550000E-01	 4.74221264E-05	 2.22077841E-05	-4.47118725E-05	-2.84484670E-05	-7.82215464E-07	-1.33582443E-06	 5.35444480E-08	 5.56691106E-07
 7.600000E-01	 5.63430605E-05	 2.97480551E-05	-5.00839243E-05	-3.32933248E-05	-8.74356927E-07	-1.51498278E-06	 5.83149541E-08	 5.96135247E-07
 7.650000E-01	 6.64309827E-05	 3.90583185E-05	-5.55992208E-05	-3.86554905E-05	-9.76181788E-07	-1.74769937E-06	 3.34702926E-08	 6.39280958E-07
 7.700000E-01	 7.80423243E-05	 5.06379160E-05	-6.13516692E-05	-4.46526480E-05	-1.08944984E-06	-1.99615582E-06	 2.09266743E-08	 6.81776294E-07
 7.750000E-01	 9.07932342E-05	 6.45540941E-05	-6.68184734E-05	-5.09345497E-05	-1.20596131E-06	-2.19125934E-06	 7.61337157E-08	 7.16448574E-07
 7.800000E-01	 1.03974439E-04	 8.05558679E-05	-7.13180018E-05	-5.69466588E-05	-1.31650915E-06	-2.39080834E-06	 1.28277953E-07	 7.39845693E-07
 7.850000E-01	 1.18028012E-04	 9.92370938E-05	-7.50095072E-05	-6.27422650E-05	-1.42404826E-06	-2.70559493E-06	 7.71156010E-08	 7.46066751E-07
 7.900000E-01	 1.33875984E-04	 1.21791305E-04	-7.82200036E-05	-6.85342635E-05	-1.54376118E-06	-3.08613339E-06	-4.13828970E-10	 7.43126566E-07
 7.950000E-01	 1.50998082E-04	 1.48289768E-04	-8.03065779E-05	-7.36666804E-05	-1.68150319E-06	-3.40791757E-06	 2.61963858E-08	 7.49380010E-07
 8.000000E-01	 1.68144814E-04	 1.77958206E-04	-8.03497595E-05	-7.70836686E-05	-1.82557800E-06	-3.67395339E-06	 1.32825358E-07	 7.60573846E-07
 8.050000E-01	 1.84768288E-04	 2.10529549E-04	-7.79584381E-05	-7.80670526E-05	-1.96615396E-06	-3.94505897E-06	 2.45104039E-07	 7.61184903E-07
 8.100000E-01	 2.00534601E-04	 2.45889250E-04	-7.29210896E-05	-7.59578599E-05	-2.10440204E-06	-4.21822470E-06	 3.69748302E-07	 7.55952845E-07
 8.150000E-01	 2.14768707E-04	 2.83392289E-04	-6.50089028E-05	-6.99429665E-05	-2.23280020E-06	-4.47894541E-06	 5.10508386E-07	 7.41384977E-07
 8.200000E-01	 2.27033776E-04	 3.22520955E-04	-5.42267370E-05	-5.93356054E-05	-2.28986973E-06	-4.80939771E-06	 5.04109289E-07	 6.07099029E-07
 8.250000E-01	 2.38839934E-04	 3.65677340E-04	-4.09855188E-05	-4.38411757E-05	-2.23826676E-06	-5.30475336E-06	 2.27490018E-07	 2.48614071E-07
 8.300000E-01	 2.51637987E-04	 4.15989819E-04	-2.52222886E-05	-2.24607238E-05	-2.25333434E-06	-5.80158826E-06	 8.50174914E-08	-7.35213523E-08
 8.350000E-01	 2.61518302E-04	 4.67915795E-04	-6.26719990E-06	 6.69223888E-06	-2.50311724E-06	-6.03717796E-06	 4.97470316E-07	-3.08442523E-08
 8.400000E-01	 2.63648872E-04	 5.12183376E-04	 1.53536631E-05	 4.38453287E-05	-2.74467143E-06	-6.10683188E-06	 1.01226758E-06	 5.53509216E-08
 8.450000E-01	 2.60047001E-04	 5.50898578E-04	 3.84710488E-05	 8.84328766E-05	-2.68390610E-06	-6.26812320E-06	 1.06025312E-06	-3.05442717E-07
 8.500000E-01	 2.54164589E-04	 5.90547716E-04	 6.28512474E-05	 1.41544673E-04	-2.52073359E-06	-6.49256029E-06	 9.48051696E-07	-8.71912462E-07
 8.550000E-01	 2.44205932E-04	 6.26961647E-04	 8.77592680E-05	 2.03047586E-04	-2.53640698E-06	-6.61422271E-06	 1.10330582E-06	-1.21551021E-06
 8.600000E-01	 2.27829871E-04	 6.52872976E-04	 1.11546690E-04	 2.70428001E-04	-2.50423358E-06	-6.58775799E-06	 1.28763229E-06	-1.58784323E-06
 8.650000E-01	 2.06818802E-04	 6.71489935E-04	 1.34124240E-04	 3.44184446E-04	-2.15460276E-06	-6.45599010E-06	 1.23618667E-06	-2.35352821E-06
 8.700000E-01	 1.82500125E-04	 6.87100832E-04	 1.56292777E-04	 4.27091697E-04	-1.95680351E-06	-6.36704053E-06	 1.21378694E-06	-3.07442072E-06
 8.750000E-01	 1.51569166E-04	 6.86948480E-04	 1.75072433E-04	 5.11599051E-04	-2.36178522E-06	-6.38583263E-06	 1.36179126E-06	-3.25720455E-06
 8.800000E-01	 1.12949001E-04	 6.58858010E-04	 1.86384010E-04	 5.84228528E-04	-2.36841380E-06	-5.98564113E-06	 1.41479780E-06	-3.57548862E-06
 8.850000E-01	 7.16309563E-05	 6.22163095E-04	 1.94771521E-04	 6.56151488E-04	-9.54117426E-07	-4.68997912E-06	 1.44601113E-06	-4.75573761E-06
 8.900000E-01	 2.80239463E-05	 5.94653231E-04	 2.06738895E-04	 7.49066664E-04	 3.00903455E-07	-3.58594535E-06	 1.40640667E-06	-6.04124200E-06
 8.950000E-01	-2.20282208E-05	 5.48670852E-04	 2.14201199E-04	 8.33987035E-04	-4.37227044E-07	-3.96593527E-06	 5.34077046E-07	-6.57898493E-06
 9.000000E-01	-7.44260111E-05	 4.60912347E-04	 2.06365177E-04	 8.61366325E-04	-1.56574181E-06	-4.56085334E-06	-8.46982899E-07	-6.70506380E-06
 9.050000E-01	-1.24332023E-04	 3.55518157E-04	 1.89307852E-04	 8.44623527E-04	-7.97088270E-07	-3.40247598E-06	-1.24560846E-06	-6.76360128E-06
 9.100000E-01	-1.76005589E-04	 2.55646086E-04	 1.72624000E-04	 8.20706438E-04	 1.24135618E-06	-9.82754547E-07	-5.71861834E-07	-6.51660214E-06
 9.150000E-01	-2.33711311E-04	 1.59561900E-04	 1.56291424E-04	 7.87840624E-04	 3.03068370E-06	 1.13373401E-06	-6.13164308E-09	-5.91488303E-06
 9.200000E-01	-2.96371199E-04	 6.40871105E-05	 1.35426750E-04	 7.25068445E-04	 3.89153015E-06	 1.76862297E-06	-9.09591117E-07	-5.82278988E-06
 9.250000E-01	-3.53307905E-04	-2.59272410E-05	 1.05234069E-04	 6.05090246E-04	 3.65001436E-06	 3.61662561E-07	-3.89170326E-06	-6.92221802E-06
 9.300000E-01	-3.85987889E-04	-9.25959330E-05	 6.18959184E-05	 4.23939954E-04	 3.31315122E-06	-1.05095497E-06	-6.00459835E-06	-7.15084185E-06
 9.350000E-01	-4.02352162E-04	-1.28816208E-04	 6.40871798E-06	 2.33284684E-04	 4.15806367E-06	 4.47730538E-08	-4.31696150E-06	-4.55949062E-06
 9.400000E-01	-4.27744335E-04	-1.39879277E-04	-5.89937916E-05	 6.08582522E-05	 5.46996673E-06	 1.66017513E-06	-1.89685968E-06	-1.89153172E-06
 9.450000E-01	-4.47187875E-04	-1.13334583E-04	-1.36571676E-04	-9.89108685E-05	 5.71918341E-06	 1.11791135E-06	-1.88085426E-06	-2.60097000E-06
 9.500000E-01	-4.37042434E-04	-5.50245094E-05	-1.98503222E-04	-1.99644696E-04	 4.54950267E-06	-1.29256446E-06	-3.00033926E-06	-4.50621699E-06
 9.550000E-01	-3.59265823E-04	 6.89974362E-06	-2.86543908E-04	-2.34619162E-04	 2.58667852E-06	-3.22444618E-06	-1.99844395E-06	-3.23540327E-06
 9.600000E-01	-2.86395788E-04	 9.72214931E-05	-3.93031639E-04	-1.83142620E-04	 5.02073191E-07	-4.19673897E-07	 2.93982034E-06	 6.64043733E-07
 9.650000E-01	-1.75728798E-04	-5.64936089E-06	-4.07211197E-04	-2.38144178E-04	-6.21373109E-06	-1.59497647E-06	 8.82322532E-06	 1.07740301E-05
 9.700000E-01	-1.11971844E-04	-1.04333774E-04	-4.16724806E-04	-3.09782679E-04	 1.66190275E-05	 3.46389340E-05	 1.49827681E-05	 8.33524410E-07
 9.750000E-01	-3.41217546E-04	-2.12319474E-04	-2.84608151E-05	-1.27124953E-04	-1.22137292E-04	 3.09227318E-04	 3.30210737E-04	-1.29626113E-04
 9.800000E-01	-3.48263184E-03	-4.68397884E-03	 1.88498740E-03	 3.82735104E-03	-4.43639407E-05	 6.14081465E-04	 3.52544349E-04	-5.50206627E-04
 9.850000E-01	-7.31514542E-04	 2.12470365E-03	 3.13397169E-04	-8.07757314E-04	 1.87171223E-04	-1.63286548E-03	-1.05963971E-03	 9.61239884E-04
 9.900000E-01	 1.11837845E-04	 9.82872623E-06	 3.84891250E-04	-1.47272020E-04	 5.51739273E-04	 1.19254536E-04	 9.70586363E-05	 1.32119951E-04
 9.950000E-01	 2.59385610E-04	 1.53240575E-03	 1.25223188E-03	-1.12888846E-03	 2.72020973E-03	-3.53773752E-03	 3.52738527E-04	 1.55582872E-03
 1.000000E+00	 0.00000000E+00	 0.00000000E+00	 0.00000000E+00	 0.00000000E+00	 0.00000000E+00	 0.00000000E+00	 0.00000000E+00	 0.00000000E+00
