r	R 20/20	R 21/20	R 22/20	R 23/20	I 20/20	I 21/20	I 22/20	I 23/20
 0.000000E+00	 0.00000000E+00	 0.00000000E+00	 0.00000000E+00	 0.00000000E+00	 0.00000000E+00	 0.00000000E+00	 0.00000000E+00	 0.00000000E+00
 5.000000E-03	-9.24949231E-34	-5.15414889E-34	 4.37519848E-34	 6.92423005E-35	-7.69296532E-34	 2.55853530E-34	 6.73687839E-34	 8.59141571E-35
 1.000000E-02	-1.01897914E-32	-2.13412387E-32	 8.37838571E-33	 1.18088497E-32	 6.11848625E-33	 1.66791935E-32	 1.43737837E-32	-3.42643761E-33
 1.500000E-02	-4.71770864E-32	-2.76992780E-31	 1.53422130E-31	 2.09350934E-31	 2.21575875E-31	 2.91425332E-31	 2.76430783E-31	-8.19787879E-32
 2.000000E-02	-7.22915610E-31	-3.06672452E-30	 2.13246826E-30	 2.94860773E-30	 1.92908049E-30	 3.18945200E-30	 3.85851335E-30	-9.93710778E-31
 2.500000E-02	-1.14955137E-29	-3.62171440E-29	 1.93132181E-29	 2.92572718E-29	 3.69740870E-30	 3.11004385E-29	 4.57721327E-29	-9.93574039E-30
 3.000000E-02	-1.22384273E-28	-4.09995112E-28	 1.51931785E-28	 2.28914873E-28	-1.24775719E-28	 2.37511337E-28	 4.43789824E-28	-4.23086536E-29
 3.500000E-02	-9.80232425E-28	-4.00616621E-27	 8.44426945E-28	 1.45540755E-27	-2.09762314E-27	 1.23794103E-27	 3.27791706E-27	-1.79421411E-29
 4.000000E-02	-5.46141440E-27	-2.84613845E-26	 2.30774838E-27	 5.78097685E-27	-2.24877264E-26	 3.20816082E-27	 2.08062673E-26	 1.04528454E-27
 4.500000E-02	-2.02914806E-26	-1.51416424E-25	 5.33411715E-28	 1.34371028E-26	-1.81770849E-25	-1.58398034E-26	 1.10263538E-25	 1.22255617E-26
 5.000000E-02	-4.08333505E-26	-6.31252296E-25	-3.10181924E-26	-9.81644827E-27	-1.14954759E-24	-2.59829363E-25	 4.69546522E-25	 7.95749989E-26
 5.500000E-02	 1.64010032E-25	-1.89610745E-24	-2.32006683E-25	-3.23831656E-25	-5.82148702E-24	-2.00976176E-24	 1.46757463E-24	 3.42887732E-25
 6.000000E-02	 2.95464897E-24	-1.50977082E-24	-1.07536386E-24	-2.34281706E-24	-2.29222592E-23	-1.19599896E-23	 2.30823936E-24	 8.93328731E-25
 6.500000E-02	 2.49415465E-23	 2.78001250E-23	-1.63943715E-24	-1.17723049E-23	-5.78719944E-23	-6.03728730E-23	-7.31358118E-24	 2.12171805E-25
 7.000000E-02	 1.50556422E-22	 2.02005038E-22	 1.43748222E-23	-3.66160644E-23	 3.40772918E-23	-2.54773213E-22	-9.20203624E-23	-1.54036205E-23
 7.500000E-02	 6.87417917E-22	 8.32620462E-22	 1.18510654E-22	-6.22096636E-23	 1.25219781E-21	-8.56586046E-22	-5.04659826E-22	-1.16332404E-22
 8.000000E-02	 2.52025324E-21	 2.54881505E-21	 5.09710918E-22	 1.23294460E-23	 7.65555158E-21	-2.24073204E-21	-1.93437199E-21	-5.46102577E-22
 8.500000E-02	 7.82822204E-21	 6.13022276E-21	 1.54692434E-21	 5.12718614E-22	 3.19416808E-20	-4.27444578E-21	-5.89945799E-21	-1.97970436E-21
 9.000000E-02	 2.11475320E-20	 1.23021466E-20	 3.75078809E-21	 2.10505934E-21	 1.06197600E-19	-4.25487684E-21	-1.48978308E-20	-5.88650677E-21
 9.500000E-02	 5.11691243E-20	 2.18772749E-20	 7.84380435E-21	 5.98294831E-21	 3.03490546E-19	 8.31987137E-21	-3.23306102E-20	-1.51545703E-20
 1.000000E-01	 1.13141502E-19	 4.21065132E-20	 1.69905621E-20	 1.45850802E-20	 7.83317493E-19	 6.34977852E-20	-6.06737178E-20	-3.44218538E-20
 1.050000E-01	 2.36651382E-19	 1.01092411E-19	 4.37196509E-20	 3.44678411E-20	 1.92712556E-18	 2.42825780E-19	-9.25455805E-20	-6.75733637E-20
 1.100000E-01	 4.98592462E-19	 2.06671626E-19	 9.52214413E-20	 7.72714137E-20	 4.70009020E-18	 7.83270850E-19	-8.99790513E-20	-1.14351524E-19
 1.150000E-01	 1.05030125E-18	 2.80486634E-19	 1.38881823E-19	 1.49910234E-19	 1.10266062E-17	 2.24658950E-18	 6.79752904E-20	-1.57496559E-19
 1.200000E-01	 2.10212552E-18	 2.37071183E-19	 1.26748680E-19	 2.53618132E-19	 2.41044598E-17	 5.70462724E-18	 6.86450937E-19	-1.19310274E-19
 1.250000E-01	 3.97881095E-18	 5.37982366E-20	 2.03893369E-20	 3.93870577E-19	 4.96296346E-17	 1.31997483E-17	 2.43069795E-18	 2.11611465E-19
 1.300000E-01	 7.19860216E-18	-5.36703342E-20	-1.26840250E-19	 6.20444737E-19	 9.81468741E-17	 2.86416925E-17	 6.69510874E-18	 1.34942041E-18
 1.350000E-01	 1.27271234E-17	 6.23835543E-19	-3.81674255E-20	 1.09671487E-18	 1.90335402E-16	 5.97025455E-17	 1.64722936E-17	 4.55655112E-18
 1.400000E-01	 2.31123753E-17	 2.21918821E-18	 8.50397136E-20	 1.82821745E-18	 3.67197792E-16	 1.21829514E-16	 3.79978805E-17	 1.26153766E-17
 1.450000E-01	 4.33302711E-17	 3.80502817E-18	-9.16091050E-19	 2.36596842E-18	 6.95952002E-16	 2.41635551E-16	 8.26287282E-17	 3.08771638E-17
 1.500000E-01	 8.13467907E-17	 3.34479700E-18	-5.41266277E-18	 1.50865411E-18	 1.27503854E-15	 4.60770703E-16	 1.69055939E-16	 6.85220424E-17
 1.550000E-01	 1.47882659E-16	-1.04403288E-18	-1.66540645E-17	-2.74025346E-18	 2.23814664E-15	 8.41025108E-16	 3.24852965E-16	 1.38872621E-16
 1.600000E-01	 2.45938795E-16	 1.21971639E-17	-2.25768028E-17	-5.15543162E-18	 3.76813151E-15	 1.46854461E-15	 5.90362489E-16	 2.62781531E-16
 1.650000E-01	 3.81159480E-16	 9.05277276E-17	 7.74007744E-18	 9.61191124E-18	 6.31530312E-15	 2.53481030E-15	 1.05881240E-15	 4.92476969E-16
 1.700000E-01	 6.23584289E-16	 2.17550934E-16	 5.65978398E-17	 3.19101315E-17	 1.08598746E-14	 4.47486306E-15	 1.93485603E-15	 9.37649226E-16
 1.750000E-01	 1.08078735E-15	 3.10009560E-16	 4.96197748E-17	 1.81912119E-17	 1.85140880E-14	 7.86482452E-15	 3.48493057E-15	 1.73224253E-15
 1.800000E-01	 1.76801994E-15	 4.25340454E-16	 1.65640245E-17	-2.43353308E-17	 3.03071570E-14	 1.33079512E-14	 5.99849148E-15	 3.02357868E-15
 1.850000E-01	 2.69005175E-15	 7.82793435E-16	 1.11557501E-16	-2.13445922E-17	 4.85243942E-14	 2.19690236E-14	 1.00471107E-14	 5.11797440E-15
 1.900000E-01	 4.02911582E-15	 1.53636836E-15	 4.27202551E-16	 6.60320386E-17	 7.77338034E-14	 3.61579384E-14	 1.67551468E-14	 8.60501352E-15
 1.950000E-01	 6.10717966E-15	 2.80214886E-15	 1.01104817E-15	 2.45372653E-16	 1.24575873E-13	 5.94043361E-14	 2.78559354E-14	 1.43725492E-14
 2.000000E-01	 9.43369982E-15	 4.70670164E-15	 1.88465738E-15	 4.99679142E-16	 1.98486325E-13	 9.69258227E-14	 4.59527677E-14	 2.37297472E-14
 2.050000E-01	 1.47191082E-14	 7.37541272E-15	 3.03248980E-15	 7.82144466E-16	 3.11823888E-13	 1.55919849E-13	 7.47138971E-14	 3.84835988E-14
 2.100000E-01	 2.27091188E-14	 1.10317497E-14	 4.51934129E-15	 1.08667960E-15	 4.80008221E-13	 2.45918408E-13	 1.19129712E-13	 6.10697049E-14
 2.150000E-01	 3.42217420E-14	 1.59642148E-14	 6.45597040E-15	 1.42438095E-15	 7.22990762E-13	 3.79863342E-13	 1.86135865E-13	 9.48503372E-14
 2.200000E-01	 4.98589232E-14	 2.28557813E-14	 9.38063051E-15	 2.09176096E-15	 1.06598203E-12	 5.74781039E-13	 2.85121199E-13	 1.44396236E-13
 2.250000E-01	 7.02092463E-14	 3.26525209E-14	 1.41615242E-14	 3.63455272E-15	 1.54437051E-12	 8.54858569E-13	 4.29735262E-13	 2.16500546E-13
 2.300000E-01	 9.66666672E-14	 4.57674013E-14	 2.10582971E-14	 6.21834691E-15	 2.20614478E-12	 1.25376777E-12	 6.39412059E-13	 3.20960032E-13
 2.350000E-01	 1.31013003E-13	 6.24462574E-14	 3.00680201E-14	 9.83390666E-15	 3.10784779E-12	 1.81335585E-12	 9.39123692E-13	 4.70511896E-13
 2.400000E-01	 1.74451196E-13	 8.35884858E-14	 4.19738926E-14	 1.50396950E-14	 4.31615905E-12	 2.58509781E-12	 1.36066150E-12	 6.81799702E-13
 2.450000E-01	 2.28138023E-13	 1.10105593E-13	 5.76925281E-14	 2.25567454E-14	 5.91452571E-12	 3.63478111E-12	 1.94580381E-12	 9.77445286E-13
 2.500000E-01	 2.95019480E-13	 1.41291377E-13	 7.60906336E-14	 3.16200128E-14	 8.00232839E-12	 5.04406629E-12	 2.74781520E-12	 1.38681134E-12
 2.550000E-01	 3.74465437E-13	 1.78043416E-13	 9.86986428E-14	 4.34905576E-14	 1.06802735E-11	 6.90480850E-12	 3.82839550E-12	 1.94340591E-12
 2.600000E-01	 4.39084086E-13	 2.38542079E-13	 1.55177264E-13	 8.25499944E-14	 1.40888192E-11	 9.33846399E-12	 5.26920863E-12	 2.69324177E-12
 2.650000E-01	 4.59393363E-13	 3.45330601E-13	 2.84983136E-13	 1.83312330E-13	 1.86394731E-11	 1.26422268E-11	 7.26034687E-12	 3.74823804E-12
 2.700000E-01	 4.98798353E-13	 4.66320329E-13	 4.35793116E-13	 3.03914772E-13	 2.49734665E-11	 1.73008608E-11	 1.01166772E-11	 5.29204876E-12
 2.750000E-01	 6.41842062E-13	 5.48092515E-13	 5.14734994E-13	 3.64039799E-13	 3.32581427E-11	 2.35384818E-11	 1.40124350E-11	 7.42670485E-12
 2.800000E-01	 7.86481651E-13	 6.32431340E-13	 6.04571389E-13	 4.35391158E-13	 4.33327862E-11	 3.13436004E-11	 1.89800925E-11	 1.01800013E-11
 2.850000E-01	 7.78084500E-13	 7.96235279E-13	 8.63701133E-13	 6.63088764E-13	 5.59966723E-11	 4.13356129E-11	 2.54437700E-11	 1.38194761E-11
 2.900000E-01	 7.39499471E-13	 9.89193220E-13	 1.19485245E-12	 9.61547219E-13	 7.27373607E-11	 5.46956732E-11	 3.42102430E-11	 1.88414993E-11
 2.950000E-01	 8.83116869E-13	 1.11129423E-12	 1.38596826E-12	 1.13067242E-12	 9.39713796E-11	 7.19431320E-11	 4.57006946E-11	 2.55159679E-11
 3.000000E-01	 1.10288733E-12	 1.18628648E-12	 1.50227666E-12	 1.22932206E-12	 1.19406647E-10	 9.30577152E-11	 5.99892362E-11	 3.39156238E-11
 3.050000E-01	 1.18995477E-12	 1.27967823E-12	 1.72071360E-12	 1.43036315E-12	 1.49882903E-10	 1.18803615E-10	 7.76573829E-11	 4.44330947E-11
 3.100000E-01	 1.24409326E-12	 1.35060849E-12	 1.95182157E-12	 1.64639578E-12	 1.86887998E-10	 1.50494342E-10	 9.96776638E-11	 5.77064925E-11
 3.150000E-01	 1.46597148E-12	 1.32537041E-12	 2.00239101E-12	 1.67907365E-12	 2.30901451E-10	 1.88754782E-10	 1.26590625E-10	 7.41101141E-11
 3.200000E-01	 1.75266954E-12	 1.21240275E-12	 1.92369242E-12	 1.57959403E-12	 2.81819535E-10	 2.33730775E-10	 1.58607793E-10	 9.38209968E-11
 3.250000E-01	 1.88039175E-12	 1.04376104E-12	 1.87001958E-12	 1.51398693E-12	 3.40528546E-10	 2.86306072E-10	 1.96435214E-10	 1.17332223E-10
 3.300000E-01	 1.79762340E-12	 7.99768722E-13	 1.85159791E-12	 1.50290200E-12	 4.08573337E-10	 3.47932473E-10	 2.41185894E-10	 1.45397161E-10
 3.350000E-01	 1.47604663E-12	 4.43701540E-13	 1.84410481E-12	 1.53311867E-12	 4.87439230E-10	 4.20091817E-10	 2.94015087E-10	 1.78794400E-10
 3.400000E-01	 6.76577194E-13	-3.45526574E-14	 1.97467174E-12	 1.76308902E-12	 5.79000123E-10	 5.04624062E-10	 3.56343017E-10	 2.18475761E-10
 3.450000E-01	-8.63795472E-13	-6.43955364E-13	 2.40140053E-12	 2.39224693E-12	 6.86544271E-10	 6.04567239E-10	 4.30461980E-10	 2.65971967E-10
 3.500000E-01	-2.89433129E-12	-1.46008546E-12	 2.91352519E-12	 3.19632625E-12	 8.14319237E-10	 7.23924859E-10	 5.19420979E-10	 3.23307678E-10
 3.550000E-01	-5.20842101E-12	-2.55704441E-12	 3.31147978E-12	 3.95834458E-12	 9.64862655E-10	 8.65508832E-10	 6.25494656E-10	 3.91977231E-10
 3.600000E-01	-9.27914401E-12	-3.91021691E-12	 4.51854813E-12	 5.81707586E-12	 1.14136099E-09	 1.03268740E-09	 7.51380063E-10	 4.73751830E-10
 3.650000E-01	-1.69081672E-11	-5.58943809E-12	 7.60243766E-12	 1.01443316E-11	 1.35589227E-09	 1.23639637E-09	 9.05335499E-10	 5.74129262E-10
 3.700000E-01	-2.63649390E-11	-7.86972121E-12	 1.12525522E-11	 1.53964514E-11	 1.62513705E-09	 1.49208009E-09	 1.09917151E-09	 7.01017281E-10
 3.750000E-01	-3.45028584E-11	-1.09208374E-11	 1.33208163E-11	 1.89006873E-11	 1.95373013E-09	 1.80512659E-09	 1.33749072E-09	 8.57620678E-10
 3.800000E-01	-4.08166317E-11	-1.47026346E-11	 1.34761018E-11	 2.01853072E-11	 2.33940304E-09	 2.17467239E-09	 1.62020743E-09	 1.04407372E-09
 3.850000E-01	-4.64393421E-11	-1.91745305E-11	 1.24187404E-11	 2.00962536E-11	 2.78262877E-09	 2.60223533E-09	 1.94894511E-09	 1.26160538E-09
 3.900000E-01	-5.56232210E-11	-2.44825565E-11	 1.26171123E-11	 2.18675465E-11	 3.28749548E-09	 3.09237932E-09	 2.32753627E-09	 1.51291861E-09
 3.950000E-01	-7.27196859E-11	-3.10898347E-11	 1.63310994E-11	 2.86223360E-11	 3.87940399E-09	 3.66843983E-09	 2.77390892E-09	 1.81029720E-09
 4.000000E-01	-9.15791664E-11	-3.92954402E-11	 1.93965281E-11	 3.50541178E-11	 4.59165238E-09	 4.36187724E-09	 3.31256027E-09	 2.17051441E-09
 4.050000E-01	-1.02625750E-10	-4.87899589E-11	 1.60048318E-11	 3.34137335E-11	 5.41895730E-09	 5.17031373E-09	 3.94273812E-09	 2.59326639E-09
 4.100000E-01	-1.07865017E-10	-5.93933972E-11	 7.49847861E-12	 2.53576475E-11	 6.33685194E-09	 6.07317958E-09	 4.64955765E-09	 3.06863667E-09
 4.150000E-01	-1.15581917E-10	-7.14949783E-11	-1.32155069E-12	 1.73338286E-11	 7.34580258E-09	 7.07248902E-09	 5.43517402E-09	 3.59806842E-09
 4.200000E-01	-1.39281901E-10	-8.63105146E-11	-3.20399667E-12	 1.94231652E-11	 8.46778206E-09	 8.18986763E-09	 6.31670150E-09	 4.19317561E-09
 4.250000E-01	-1.89906998E-10	-1.05851606E-10	 6.68289906E-12	 3.89055902E-11	 9.78184585E-09	 9.49836533E-09	 7.35055227E-09	 4.89278153E-09
 4.300000E-01	-2.41152441E-10	-1.29408189E-10	 1.24056379E-11	 5.42348187E-11	 1.13819001E-08	 1.10878542E-08	 8.60728163E-09	 5.74535401E-09
 4.350000E-01	-2.59194610E-10	-1.53477635E-10	-3.99813247E-12	 3.98214907E-11	 1.32137412E-08	 1.29156955E-08	 1.00566070E-08	 6.72966232E-09
 4.400000E-01	-2.76791820E-10	-1.79685739E-10	-2.36190571E-11	 2.15723964E-11	 1.51743819E-08	 1.48899776E-08	 1.16286128E-08	 7.79730659E-09
 4.450000E-01	-3.43195848E-10	-2.14216398E-10	-2.16522550E-11	 3.53918195E-11	 1.73717445E-08	 1.71085384E-08	 1.33984490E-08	 9.00047522E-09
 4.500000E-01	-4.21275105E-10	-2.55857328E-10	-2.05450389E-11	 5.04460833E-11	 1.99843262E-08	 1.97401483E-08	 1.54982293E-08	 1.04303906E-08
 4.550000E-01	-4.50942359E-10	-2.97428731E-10	-5.12993011E-11	 2.16299121E-11	 2.29403812E-08	 2.27277214E-08	 1.78867463E-08	 1.20575125E-08
 4.600000E-01	-4.69874599E-10	-3.41238893E-10	-9.25050144E-11	-2.11680544E-11	 2.60810319E-08	 2.59273191E-08	 2.04530329E-08	 1.38040946E-08
 4.650000E-01	-5.42652293E-10	-3.96690915E-10	-1.12950560E-10	-3.15463652E-11	 2.95120857E-08	 2.94352543E-08	 2.32709747E-08	 1.57210146E-08
 4.700000E-01	-6.33519880E-10	-4.62588972E-10	-1.34458817E-10	-3.97515343E-11	 3.34284832E-08	 3.34371158E-08	 2.64860232E-08	 1.79079372E-08
 4.750000E-01	-6.84152972E-10	-5.31160690E-10	-1.86408577E-10	-8.93104352E-11	 3.77656659E-08	 3.78840818E-08	 3.00629623E-08	 2.03373376E-08
 4.800000E-01	-7.59631055E-10	-6.09667356E-10	-2.34692777E-10	-1.30571271E-10	 4.23985656E-08	 4.26646030E-08	 3.39152585E-08	 2.29460296E-08
 4.850000E-01	-9.44937753E-10	-7.13856127E-10	-2.41413666E-10	-1.04960468E-10	 4.75875352E-08	 4.80194797E-08	 3.82292008E-08	 2.58614120E-08
 4.900000E-01	-1.11864369E-09	-8.32119373E-10	-2.73199062E-10	-1.09443773E-10	 5.36772390E-08	 5.42801856E-08	 4.32658040E-08	 2.92606188E-08
 4.950000E-01	-1.12635478E-09	-9.37060570E-10	-4.00590411E-10	-2.53284187E-10	 6.03239036E-08	 6.11428615E-08	 4.87919653E-08	 3.29745600E-08
 5.000000E-01	-1.17667064E-09	-1.05212012E-09	-5.11157229E-10	-3.70541036E-10	 6.70288561E-08	 6.81415642E-08	 5.44425969E-08	 3.67444553E-08
 5.050000E-01	-1.56399529E-09	-1.23277877E-09	-4.71201975E-10	-2.52071452E-10	 7.44790476E-08	 7.59264643E-08	 6.07285178E-08	 4.09193001E-08
 5.100000E-01	-2.09248085E-09	-1.46641572E-09	-3.95920238E-10	-6.44283873E-11	 8.37600630E-08	 8.55605106E-08	 6.84967754E-08	 4.60731171E-08
 5.150000E-01	-2.43108301E-09	-1.69814546E-09	-4.42666752E-10	-5.10950461E-11	 9.46414932E-08	 9.68769719E-08	 7.76339053E-08	 5.21102114E-08
 5.200000E-01	-2.74076517E-09	-1.94348334E-09	-5.18747233E-10	-7.64347749E-11	 1.06475127E-07	 1.09294959E-07	 8.76969668E-08	 5.87103896E-08
 5.250000E-01	-3.34120539E-09	-2.26407767E-09	-4.76414277E-10	 9.16919445E-11	 1.19784639E-07	 1.23352471E-07	 9.91281047E-08	 6.61616342E-08
 5.300000E-01	-4.21921055E-09	-2.67679088E-09	-3.40326414E-10	 4.23798661E-10	 1.35573118E-07	 1.40077347E-07	 1.12769417E-07	 7.50163184E-08
 5.350000E-01	-5.19899183E-09	-3.16530909E-09	-2.06627648E-10	 7.75902849E-10	 1.54342224E-07	 1.60028005E-07	 1.29099978E-07	 8.55699174E-08
 5.400000E-01	-5.97815433E-09	-3.68524909E-09	-2.27417085E-10	 9.13033786E-10	 1.76186215E-07	 1.83392783E-07	 1.48319173E-07	 9.79184360E-08
 5.450000E-01	-6.33471124E-09	-4.18352363E-09	-4.91509251E-10	 6.84449285E-10	 2.00007632E-07	 2.09244365E-07	 1.69759385E-07	 1.11562674E-07
 5.500000E-01	-6.98354579E-09	-4.77778453E-09	-6.29526707E-10	 6.64751691E-10	 2.24627526E-07	 2.36546710E-07	 1.92662292E-07	 1.25949573E-07
 5.550000E-01	-8.76482688E-09	-5.68493653E-09	-2.85494421E-10	 1.45604363E-09	 2.52353533E-07	 2.67662879E-07	 2.18998378E-07	 1.42353566E-07
 5.600000E-01	-1.05972180E-08	-6.77308428E-09	-5.41282498E-11	 2.14292700E-09	 2.86156736E-07	 3.05774137E-07	 2.51483809E-07	 1.62497446E-07
 5.650000E-01	-1.09713489E-08	-7.69966951E-09	-6.16560941E-10	 1.58407198E-09	 3.22958259E-07	 3.48184886E-07	 2.88154452E-07	 1.84962392E-07
 5.700000E-01	-1.11462935E-08	-8.65338154E-09	-1.28381293E-09	 8.61818093E-10	 3.58014474E-07	 3.90358815E-07	 3.25476537E-07	 2.07330370E-07
 5.750000E-01	-1.31591789E-08	-1.01644855E-08	-1.14707701E-09	 1.54444287E-09	 3.93983338E-07	 4.35151298E-07	 3.65948111E-07	 2.31143578E-07
 5.800000E-01	-1.60908157E-08	-1.21759154E-08	-7.58670517E-10	 2.78544560E-09	 4.35673378E-07	 4.87950677E-07	 4.14367714E-07	 2.59346019E-07
 5.850000E-01	-1.80606035E-08	-1.42406722E-08	-9.76349696E-10	 3.08795096E-09	 4.81077433E-07	 5.47378529E-07	 4.70077249E-07	 2.91281139E-07
 5.900000E-01	-1.93888498E-08	-1.63684313E-08	-1.56252796E-09	 2.79221501E-09	 5.25793699E-07	 6.09440779E-07	 5.30184709E-07	 3.24877160E-07
 5.950000E-01	-2.13111691E-08	-1.89080568E-08	-1.93389940E-09	 2.92901126E-09	 5.68929347E-07	 6.73831202E-07	 5.94947537E-07	 3.60065542E-07
 6.000000E-01	-2.47766163E-08	-2.22643581E-08	-1.69829578E-09	 4.31184034E-09	 6.11219285E-07	 7.42235591E-07	 6.66520748E-07	 3.97901336E-07
 6.050000E-01	-3.05590700E-08	-2.69364301E-08	-6.13087928E-10	 7.59717278E-09	 6.55090176E-07	 8.18744379E-07	 7.49557139E-07	 4.40842807E-07
 6.100000E-01	-3.81463627E-08	-3.30588839E-08	 9.72920884E-10	 1.22775375E-08	 7.03122131E-07	 9.08485298E-07	 8.50297371E-07	 4.92102611E-07
 6.150000E-01	-4.65671591E-08	-4.05035450E-08	 2.60708996E-09	 1.75033298E-08	 7.53700504E-07	 1.01246506E-06	 9.71860154E-07	 5.52798224E-07
 6.200000E-01	-5.61431268E-08	-4.95928562E-08	 4.42502061E-09	 2.36070418E-08	 8.03508844E-07	 1.13023327E-06	 1.11653832E-06	 6.23382006E-07
 6.250000E-01	-6.78898243E-08	-6.10629960E-08	 6.81204461E-09	 3.15606136E-08	 8.49978430E-07	 1.26316007E-06	 1.28915321E-06	 7.05568161E-07
 6.300000E-01	-8.33888121E-08	-7.62106024E-08	 1.02766214E-08	 4.29554059E-08	 8.90527540E-07	 1.41407533E-06	 1.49719607E-06	 8.02270186E-07
 6.350000E-01	-1.04328052E-07	-9.68100688E-08	 1.51948421E-08	 5.94538878E-08	 9.23350097E-07	 1.58946835E-06	 1.75400112E-06	 9.19172634E-07
 6.400000E-01	-1.29928814E-07	-1.23367341E-07	 2.11269373E-08	 8.01441123E-08	 9.44126546E-07	 1.79642235E-06	 2.07683242E-06	 1.06345880E-06
 6.450000E-01	-1.58596777E-07	-1.55548745E-07	 2.76548052E-08	 1.03390941E-07	 9.40486591E-07	 2.03351022E-06	 2.47665777E-06	 1.23834112E-06
 6.500000E-01	-1.92572012E-07	-1.95596068E-07	 3.55426996E-08	 1.31694669E-07	 8.96451060E-07	 2.29627982E-06	 2.96353903E-06	 1.44616276E-06
 6.550000E-01	-2.35713680E-07	-2.47631815E-07	 4.57600444E-08	 1.69138523E-07	 7.96343683E-07	 2.58740315E-06	 3.56110269E-06	 1.69576654E-06
 6.600000E-01	-2.88326151E-07	-3.13270936E-07	 5.84696261E-08	 2.15599504E-07	 6.18764744E-07	 2.90999738E-06	 4.30169523E-06	 1.99983418E-06
 6.650000E-01	-3.49695815E-07	-3.92932108E-07	 7.38681594E-08	 2.69836223E-07	 3.32927163E-07	 3.25710857E-06	 5.21214208E-06	 2.36833102E-06
 6.700000E-01	-4.25043116E-07	-4.93493143E-07	 9.27757531E-08	 3.38151077E-07	-9.78481010E-08	 3.61778966E-06	 6.32164266E-06	 2.81275096E-06
 6.750000E-01	-5.22510271E-07	-6.26636754E-07	 1.15813067E-07	 4.30010972E-07	-7.19470512E-07	 3.99016043E-06	 7.69097270E-06	 3.35953670E-06
 6.800000E-01	-6.42435718E-07	-7.94897890E-07	 1.43676068E-07	 5.43421153E-07	-1.59671584E-06	 4.36828702E-06	 9.40283936E-06	 4.04608622E-06
 6.850000E-01	-7.80439590E-07	-9.93017926E-07	 1.77966697E-07	 6.69930882E-07	-2.80611524E-06	 4.71996300E-06	 1.15151954E-05	 4.90120055E-06
 6.900000E-01	-9.37733825E-07	-1.22188502E-06	 2.20498441E-07	 8.08863516E-07	-4.42704992E-06	 4.99676649E-06	 1.40700893E-05	 5.95058854E-06
 6.950000E-01	-1.12063460E-06	-1.49071211E-06	 2.72157189E-07	 9.66890810E-07	-6.54681780E-06	 5.14537631E-06	 1.71230521E-05	 7.23176437E-06
 7.000000E-01	-1.34708732E-06	-1.83724360E-06	 3.25789719E-07	 1.17146831E-06	-9.26898067E-06	 5.10576515E-06	 2.07529487E-05	 8.79811004E-06
 7.050000E-01	-1.64336183E-06	-2.32081307E-06	 3.69542232E-07	 1.45953638E-06	-1.27829818E-05	 4.81482216E-06	 2.51708031E-05	 1.07667835E-05
 7.100000E-01	-2.00760018E-06	-2.93308968E-06	 4.13873058E-07	 1.81104864E-06	-1.73816835E-05	 4.16007797E-06	 3.06831797E-05	 1.33139517E-05
 7.150000E-01	-2.41826544E-06	-3.62098619E-06	 4.78862578E-07	 2.17866474E-06	-2.32895445E-05	 2.95173396E-06	 3.74109165E-05	 1.65593377E-05
 7.200000E-01	-2.89883277E-06	-4.46624700E-06	 5.31304449E-07	 2.60961388E-06	-3.06775422E-05	 9.73867061E-07	 4.53863775E-05	 2.05954429E-05
 7.250000E-01	-3.50603161E-06	-5.64018916E-06	 5.13429799E-07	 3.19398489E-06	-4.00189445E-05	-2.05990021E-06	 5.50180949E-05	 2.56962767E-05
 7.300000E-01	-4.23740982E-06	-7.08771026E-06	 4.78466788E-07	 3.87450960E-06	-5.20622537E-05	-6.62043928E-06	 6.69315965E-05	 3.22899967E-05
 7.350000E-01	-5.03975263E-06	-8.60474681E-06	 5.29506238E-07	 4.52340829E-06	-6.71548317E-05	-1.32412942E-05	 8.11592436E-05	 4.05896130E-05
 7.400000E-01	-5.93478990E-06	-1.03828047E-05	 5.44085753E-07	 5.22434394E-06	-8.53326277E-05	-2.24014102E-05	 9.73889992E-05	 5.06393316E-05
 7.450000E-01	-7.02013670E-06	-1.28936131E-05	 2.84685514E-07	 6.16300715E-06	-1.07563573E-04	-3.49565984E-05	 1.16269761E-04	 6.29682417E-05
 7.500000E-01	-8.32291657E-06	-1.60926079E-05	-1.44637900E-07	 7.26911672E-06	-1.35605358E-04	-5.23918012E-05	 1.39007767E-04	 7.85200121E-05
 7.550000E-01	-9.78508292E-06	-1.95871556E-05	-4.74116945E-07	 8.34673177E-06	-1.70269740E-04	-7.61504734E-05	 1.65632366E-04	 9.77283560E-05
 7.600000E-01	-1.13921175E-05	-2.36257259E-05	-9.08321341E-07	 9.42977018E-06	-2.11711659E-04	-1.07509158E-04	 1.95487635E-04	 1.20611119E-04
 7.650000E-01	-1.32037599E-05	-2.88519999E-05	-1.85310216E-06	 1.06369014E-05	-2.61563100E-04	-1.48784051E-04	 2.29084765E-04	 1.47824634E-04
 7.700000E-01	-1.52767950E-05	-3.49791562E-05	-2.91420770E-06	 1.18553881E-05	-3.22372427E-04	-2.03483609E-04	 2.67293859E-04	 1.80363640E-04
 7.750000E-01	-1.75788932E-05	-4.11492314E-05	-3.36157119E-06	 1.28986254E-05	-3.94146633E-04	-2.74045544E-04	 3.08584252E-04	 2.17742431E-04
 7.800000E-01	-1.99399465E-05	-4.81091785E-05	-4.02836425E-06	 1.37311657E-05	-4.75185143E-04	-3.61678152E-04	 3.50188005E-04	 2.58298804E-04
 7.850000E-01	-2.22508926E-05	-5.77123516E-05	-6.50436690E-06	 1.42854907E-05	-5.68453321E-04	-4.71462065E-04	 3.92637224E-04	 3.02292706E-04
 7.900000E-01	-2.47307389E-05	-6.96693330E-05	-1.00033057E-05	 1.44589692E-05	-6.80112939E-04	-6.12842062E-04	 4.37683611E-04	 3.50935385E-04
 7.950000E-01	-2.76107956E-05	-8.21115366E-05	-1.24537497E-05	 1.42583083E-05	-8.10361846E-04	-7.91673897E-04	 4.82249279E-04	 4.01634676E-04
 8.000000E-01	-3.07166998E-05	-9.48911381E-05	-1.38831663E-05	 1.35422450E-05	-9.54902692E-04	-1.00969642E-03	 5.20573137E-04	 4.48704253E-04
 8.050000E-01	-3.37633236E-05	-1.08998990E-04	-1.53461924E-05	 1.19855162E-05	-1.11190881E-03	-1.27116499E-03	 5.48597502E-04	 4.86511788E-04
 8.100000E-01	-3.66983695E-05	-1.24431831E-04	-1.66565043E-05	 9.42551035E-06	-1.28018797E-03	-1.58180737E-03	 5.62483179E-04	 5.08328735E-04
 8.150000E-01	-3.93195482E-05	-1.40947331E-04	-1.76406914E-05	 5.57027394E-06	-1.45601026E-03	-1.94470199E-03	 5.57281159E-04	 5.05012335E-04
 8.200000E-01	-3.97975900E-05	-1.60649770E-04	-2.20457217E-05	-2.00303179E-06	-1.63612496E-03	-2.36333732E-03	 5.28908542E-04	 4.66151173E-04
 8.250000E-01	-3.60446434E-05	-1.86696320E-04	-3.39627919E-05	-1.66608024E-05	-1.83028715E-03	-2.86289767E-03	 4.77513192E-04	 3.81767743E-04
 8.300000E-01	-3.22417315E-05	-2.15567487E-04	-4.38330988E-05	-3.41198179E-05	-2.05159260E-03	-3.48401039E-03	 4.00257941E-04	 2.34236852E-04
 8.350000E-01	-3.50118910E-05	-2.38956271E-04	-3.75292156E-05	-4.56406367E-05	-2.27265481E-03	-4.20423996E-03	 2.82733676E-04	-6.62331087E-06
 8.400000E-01	-3.83605332E-05	-2.57713716E-04	-2.45785823E-05	-5.72729521E-05	-2.44686078E-03	-4.94898136E-03	 1.16032775E-04	-3.63211252E-04
 8.450000E-01	-3.03443945E-05	-2.79569039E-04	-2.32057972E-05	-8.39359891E-05	-2.57803753E-03	-5.72846257E-03	-9.43058173E-05	-8.52455436E-04
 8.500000E-01	-1.52257335E-05	-3.04116956E-04	-2.53091954E-05	-1.22072984E-04	-2.68977467E-03	-6.61292353E-03	-3.47164992E-04	-1.51225794E-03
 8.550000E-01	-4.63958003E-06	-3.24789828E-04	-1.43323403E-05	-1.58142167E-04	-2.75823868E-03	-7.57469952E-03	-6.45598786E-04	-2.37780876E-03
 8.600000E-01	 9.39244528E-06	-3.38463676E-04	 2.85664955E-06	-1.99424517E-04	-2.74534106E-03	-8.52696712E-03	-9.83095735E-04	-3.45826730E-03
 8.650000E-01	 4.23856034E-05	-3.44939446E-04	 1.57757808E-05	-2.62187076E-04	-2.65213010E-03	-9.49112772E-03	-1.35585681E-03	-4.79575562E-03
 8.700000E-01	 7.43903932E-05	-3.48298965E-04	 3.85129754E-05	-3.30652470E-04	-2.47623545E-03	-1.05261351E-02	-1.77139607E-03	-6.48261133E-03
 8.750000E-01	 7.36511191E-05	-3.51708885E-04	 8.04575760E-05	-3.76996417E-04	-2.15319258E-03	-1.14426725E-02	-2.21087093E-03	-8.48253474E-03
 8.800000E-01	 9.18534269E-05	-3.26655926E-04	 1.24997177E-04	-4.30561343E-04	-1.63780996E-03	-1.19626794E-02	-2.62577944E-03	-1.06033865E-02
 8.850000E-01	 2.14171925E-04	-2.31383230E-04	 1.80958796E-04	-5.40871265E-04	-9.68462060E-04	-1.23113992E-02	-3.04122568E-03	-1.30149992E-02
 8.900000E-01	 3.57149903E-04	-1.17133919E-04	 2.59674850E-04	-6.70503135E-04	-1.01041736E-04	-1.28419665E-02	-3.53797857E-03	-1.62446834E-02
 8.950000E-01	 3.57009227E-04	-9.01625758E-05	 2.93804882E-04	-7.50262687E-04	 1.09220874E-03	-1.30128765E-02	-4.03111577E-03	-1.99150109E-02
 9.000000E-01	 2.93894778E-04	-8.87481378E-05	 2.68132528E-04	-7.86505085E-04	 2.55236319E-03	-1.20690144E-02	-4.33021807E-03	-2.27839503E-02
 9.050000E-01	 3.87888346E-04	 7.06978612E-05	 3.15619382E-04	-8.00266719E-04	 4.19471263E-03	-1.02835771E-02	-4.45740455E-03	-2.47350161E-02
 9.100000E-01	 6.44806527E-04	 4.06221564E-04	 4.96803399E-04	-7.63244690E-04	 6.20936325E-03	-8.17367224E-03	-4.54810491E-03	-2.65769361E-02
 9.150000E-01	 9.36031624E-04	 7.93300185E-04	 7.18444077E-04	-6.44368304E-04	 8.84820575E-03	-5.66881268E-03	-4.60344134E-03	-2.82744162E-02
 9.200000E-01	 1.16441644E-03	 1.06887438E-03	 7.89912389E-04	-5.15907164E-04	 1.22509486E-02	-2.58707399E-03	-4.47631743E-03	-2.89973901E-02
 9.250000E-01	 1.25385753E-03	 1.04506774E-03	 4.95566468E-04	-5.05156776E-04	 1.62099762E-02	 1.03765692E-03	-3.93477877E-03	-2.71900463E-02
 9.300000E-01	 1.29236597E-03	 8.97836856E-04	 1.55199477E-04	-3.85976447E-04	 1.98700725E-02	 4.45438326E-03	-2.60403304E-03	-2.15122882E-02
 9.350000E-01	 1.50502582E-03	 1.10164176E-03	 3.83283312E-04	 2.28925475E-04	 2.32432132E-02	 6.93117533E-03	-1.46538247E-04	-1.33505096E-02
 9.400000E-01	 1.85346466E-03	 1.42335876E-03	 8.04751871E-04	 1.00468278E-03	 2.77659612E-02	 8.23887899E-03	 3.71573159E-03	-3.91810218E-03
 9.450000E-01	 2.02834788E-03	 1.25067569E-03	 7.39574935E-04	 1.07662822E-03	 3.30140330E-02	 7.03679490E-03	 9.74075625E-03	 7.38411335E-03
 9.500000E-01	 1.81360876E-03	 3.67050563E-04	 3.26118736E-04	 7.31479945E-04	 3.71482963E-02	 2.94335506E-03	 1.64579756E-02	 1.69233349E-02
 9.550000E-01	 1.26855986E-03	-6.89523559E-04	 3.75854164E-04	 1.02726578E-03	 3.52594052E-02	-2.51635140E-03	 2.77776877E-02	 2.23733505E-02
 9.600000E-01	 2.50684438E-04	 7.27985061E-05	 2.11602594E-03	 1.96902056E-03	 3.25957431E-02	-1.32919062E-02	 4.42366411E-02	 1.88243738E-02
 9.650000E-01	-3.05150966E-03	-1.00939244E-03	 4.75189089E-03	 6.59071746E-03	 2.26946530E-02	-2.65654578E-03	 5.05863836E-02	 2.70518769E-02
 9.700000E-01	 5.19051079E-03	 1.46944854E-02	 6.24822377E-03	-6.92964812E-03	 9.78085946E-03	 8.10806561E-03	 5.82826955E-02	 3.87314598E-02
 9.750000E-01	-3.82358481E-02	 1.43719481E-01	 1.61710954E-01	-2.65508748E-02	 3.07745214E-02	 1.02149790E-01	 2.44615907E-02	-5.35821503E-02
 9.800000E-01	 4.15819751E-01	 5.64783079E-01	-2.48076775E-01	-5.01251060E-01	 1.32464517E+00	 1.63050908E+00	-7.88586022E-01	-1.32083680E+00
 9.850000E-01	-2.64531326E-01	-3.98392267E-01	-1.18290505E-01	 1.68677714E-01	 4.23869241E-01	-8.80119568E-01	-1.30288855E-01	 5.38911054E-01
 9.900000E-01	 2.24599555E-01	-1.07056390E-02	-8.45777583E-02	 3.46795729E-02	-4.71668008E-01	 5.01188581E-01	 2.14163436E-01	 1.37562333E-01
 9.950000E-01	 4.19126755E-01	 3.36868032E-01	 5.01489406E-02	 2.11075412E-01	-2.52968776E-01	 5.63970923E-01	 2.87366575E-01	 3.78379231E-01
 1.000000E+00	 4.83969153E-01	 4.52725918E-01	 9.50578384E-02	 2.69874022E-01	-1.80069035E-01	 5.84898369E-01	 3.11767620E-01	 4.58651527E-01
