r	R 20/20	R 21/20	R 22/20	R 23/20	I 20/20	I 21/20	I 22/20	I 23/20
 0.000000E+00	 0.00000000E+00	 0.00000000E+00	 0.00000000E+00	 0.00000000E+00	 0.00000000E+00	 0.00000000E+00	 0.00000000E+00	 0.00000000E+00
 5.000000E-03	-6.71611298E-37	-8.48427038E-38	 3.49322044E-37	 1.32188000E-37	 3.53349011E-34	-3.52149543E-34	-7.06309684E-34	-5.11218710E-34
 1.000000E-02	-3.25881484E-35	-4.66876511E-36	-1.21296207E-36	 7.45085300E-36	 3.03146821E-32	 1.33761412E-32	 5.11699335E-33	-2.49022458E-32
 1.500000E-02	-5.35560553E-34	-1.81728524E-34	-3.04562119E-34	 1.42640168E-34	 2.28720086E-31	 7.86020009E-31	 8.47875099E-31	-1.02295260E-31
 2.000000E-02	-2.49690734E-33	-3.48887086E-33	-6.32126766E-33	 7.63138496E-34	-1.21298184E-29	 1.03978670E-29	 1.59239882E-29	 9.24443631E-30
 2.500000E-02	 3.11186360E-32	-2.86607876E-32	-5.43927479E-32	-7.56028067E-33	-3.02962733E-28	-2.39903634E-29	 9.26947512E-29	 2.14402573E-28
 3.000000E-02	 4.97711143E-31	-5.58991194E-32	-1.34011267E-31	-9.75083804E-32	-3.03777345E-27	-2.32451460E-27	-8.64606877E-28	 2.48165288E-27
 3.500000E-02	 2.65935124E-30	 7.13866813E-31	 1.43353908E-30	-1.56839502E-31	-1.08539282E-26	-3.51160707E-26	-2.26324130E-26	 1.87479888E-26
 4.000000E-02	-7.28327569E-31	 5.87002899E-30	 1.82502417E-29	 3.95682497E-30	 1.04498166E-25	-3.23322570E-25	-2.47763036E-25	 1.00336741E-25
 4.500000E-02	-1.23151505E-28	 1.05976430E-29	 1.15034664E-28	 4.41570565E-29	 2.02100368E-24	-2.17261331E-24	-1.86618719E-24	 3.80210960E-25
 5.000000E-02	-1.13089140E-27	-1.49798510E-28	 4.71422541E-28	 2.75869215E-28	 1.87378552E-23	-1.14581773E-23	-1.09494022E-23	 8.59391727E-25
 5.500000E-02	-6.38764283E-27	-1.71309038E-27	 1.01077081E-27	 1.18568101E-27	 1.26079091E-22	-4.91844173E-23	-5.30446269E-23	-5.89994773E-25
 6.000000E-02	-2.52866896E-26	-1.07371232E-26	-2.19088679E-27	 3.35439698E-27	 6.86313623E-22	-1.74351901E-22	-2.19597792E-22	-1.78251560E-23
 6.500000E-02	-6.86315878E-26	-4.95626936E-26	-3.12097759E-26	 3.89611604E-27	 3.18172620E-21	-5.05448310E-22	-7.94435059E-22	-1.10921741E-22
 7.000000E-02	-9.50769146E-26	-1.81664267E-25	-1.63308661E-25	-1.78713446E-26	 1.29559590E-20	-1.12509431E-21	-2.54912192E-21	-4.87275910E-22
 7.500000E-02	 2.06520082E-25	-5.45972273E-25	-6.05674266E-25	-1.38814040E-25	 4.73250311E-20	-1.39160819E-21	-7.32172395E-21	-1.75036568E-21
 8.000000E-02	 2.05867467E-24	-1.36701651E-24	-1.80921838E-24	-5.72029992E-25	 1.57491386E-19	 2.85782651E-21	-1.88953847E-20	-5.41073660E-21
 8.500000E-02	 9.19488738E-24	-2.79451943E-24	-4.62693401E-24	-1.82512372E-24	 4.83245149E-19	 2.83307209E-20	-4.36787766E-20	-1.47128822E-20
 9.000000E-02	 3.15708952E-23	-4.16663548E-24	-1.05109108E-23	-5.01708167E-24	 1.38031545E-18	 1.29509607E-19	-8.91064488E-20	-3.54282431E-20
 9.500000E-02	 9.38332806E-23	-1.43171834E-24	-2.18297515E-23	-1.26501467E-23	 3.69909649E-18	 4.62176769E-19	-1.53743940E-19	-7.49539954E-20
 1.000000E-01	 2.54385984E-22	 1.98716022E-23	-4.17498839E-23	-2.99205965E-23	 9.36195650E-18	 1.43057502E-18	-1.94531877E-19	-1.34718479E-19
 1.050000E-01	 6.41239338E-22	 9.74581763E-23	-6.83349207E-23	-6.36977368E-23	 2.25017213E-17	 4.00559543E-18	-3.97542255E-20	-1.83541989E-19
 1.100000E-01	 1.50353171E-21	 3.15522030E-22	-7.77317920E-23	-1.16770883E-22	 5.16097452E-17	 1.03735484E-17	 8.14499220E-19	-8.49883585E-20
 1.150000E-01	 3.28711192E-21	 8.56281172E-22	-1.32394300E-24	-1.82009012E-22	 1.13432651E-16	 2.51936942E-17	 3.63934238E-18	 5.74931496E-19
 1.200000E-01	 6.76652637E-21	 2.09541449E-21	 3.13624078E-22	-2.30946059E-22	 2.39791157E-16	 5.79291423E-17	 1.13399235E-17	 2.85862447E-18
 1.250000E-01	 1.32533533E-20	 4.76378473E-21	 1.18926316E-21	-1.81971471E-22	 4.89109895E-16	 1.26995558E-16	 3.00851053E-17	 9.21672035E-18
 1.300000E-01	 2.48971572E-20	 1.02057682E-20	 3.27809597E-21	 1.76694508E-22	 9.65349825E-16	 2.66892459E-16	 7.22240861E-17	 2.48730994E-17
 1.350000E-01	 4.50257467E-20	 2.06522542E-20	 7.87658154E-21	 1.40094675E-21	 1.84826543E-15	 5.40088920E-16	 1.61291653E-16	 6.02806164E-17
 1.400000E-01	 7.83020478E-20	 3.94837537E-20	 1.73861985E-20	 4.74717846E-21	 3.44055524E-15	 1.05629860E-15	 3.40294235E-16	 1.35272562E-16
 1.450000E-01	 1.30595092E-19	 7.15355237E-20	 3.58421686E-20	 1.26349970E-20	 6.23963007E-15	 2.00298269E-15	 6.85011351E-16	 2.85790408E-16
 1.500000E-01	 2.08518298E-19	 1.23468681E-19	 6.95458664E-20	 2.92180296E-20	 1.10442790E-14	 3.69252216E-15	 1.32478341E-15	 5.74379216E-16
 1.550000E-01	 3.19480919E-19	 2.05897688E-19	 1.27486245E-19	 6.02817735E-20	 1.91106870E-14	 6.63395776E-15	 2.47431556E-15	 1.10604729E-15
 1.600000E-01	 4.74456599E-19	 3.36094846E-19	 2.22133999E-19	 1.13958188E-19	 3.23758597E-14	 1.16401159E-14	 4.48153203E-15	 2.05159964E-15
 1.650000E-01	 6.87827357E-19	 5.30671308E-19	 3.72446122E-19	 2.07308440E-19	 5.37707951E-14	 1.99847599E-14	 7.89856804E-15	 3.68124902E-15
 1.700000E-01	 9.62773558E-19	 7.92740584E-19	 6.05464242E-19	 3.71831772E-19	 8.76512346E-14	 3.36295402E-14	 1.35858999E-14	 6.41234676E-15
 1.750000E-01	 1.27919291E-18	 1.12233567E-18	 9.49584318E-19	 6.42584761E-19	 1.40377181E-13	 5.55456992E-14	 2.28631961E-14	 1.08764659E-14
 1.800000E-01	 1.61355220E-18	 1.53563851E-18	 1.42592818E-18	 1.04726778E-18	 2.21089868E-13	 9.01660713E-14	 3.77262470E-14	 1.80137832E-14
 1.850000E-01	 1.95930718E-18	 2.04373614E-18	 2.04920172E-18	 1.62017831E-18	 3.42726504E-13	 1.44008738E-13	 6.11574458E-14	 2.92065392E-14
 1.900000E-01	 2.30956699E-18	 2.61701662E-18	 2.82692375E-18	 2.41282494E-18	 5.23297422E-13	 2.26514844E-13	 9.75626692E-14	 4.64674125E-14
 1.950000E-01	 2.64283484E-18	 3.17594433E-18	 3.74127521E-18	 3.47737707E-18	 7.87485116E-13	 3.51158204E-13	 1.53375089E-13	 7.27053191E-14
 2.000000E-01	 2.93324416E-18	 3.58809072E-18	 4.72464906E-18	 4.84338217E-18	 1.16861251E-12	 5.36889119E-13	 2.37879058E-13	 1.12100116E-13
 2.050000E-01	 3.16535855E-18	 3.67662609E-18	 5.64382382E-18	 6.49180135E-18	 1.71098969E-12	 8.09965216E-13	 3.64312852E-13	 1.70626215E-13
 2.100000E-01	 3.36622470E-18	 3.24194404E-18	 6.28984839E-18	 8.32705946E-18	 2.47263695E-12	 1.20621589E-12	 5.51308890E-13	 2.56772552E-13
 2.150000E-01	 3.65989819E-18	 2.11526556E-18	 6.38057385E-18	 1.01414712E-17	 3.52845765E-12	 1.77381299E-12	 8.24735594E-13	 3.82515459E-13
 2.200000E-01	 4.36107525E-18	 2.35654478E-19	 5.58137800E-18	 1.15890738E-17	 4.97384716E-12	 2.57658848E-12	 1.22001095E-12	 5.64609655E-13
 2.250000E-01	 6.05787779E-18	-2.38804032E-18	 3.52027877E-18	 1.22250710E-17	 6.92866492E-12	 3.69789796E-12	 1.78493402E-12	 8.26258030E-13
 2.300000E-01	 9.60296243E-18	-5.73123014E-18	-1.96673180E-19	 1.15354768E-17	 9.54163868E-12	 5.24507074E-12	 2.58306553E-12	 1.19921147E-12
 2.350000E-01	 1.61453771E-17	-9.55556905E-18	-5.91526016E-18	 8.87334620E-18	 1.29951983E-11	 7.35445613E-12	 3.69768401E-12	 1.72633960E-12
 2.400000E-01	 2.72935143E-17	-1.31817666E-17	-1.38255162E-17	 3.46655014E-18	 1.75105217E-11	 1.01969517E-11	 5.23628854E-12	 2.46468162E-12
 2.450000E-01	 4.52086349E-17	-1.57225185E-17	-2.39680034E-17	-5.36696169E-18	 2.33529511E-11	 1.39840348E-11	 7.33559926E-12	 3.48895130E-12
 2.500000E-01	 7.24404937E-17	-1.60343439E-17	-3.60705598E-17	-1.81223916E-17	 3.08378941E-11	 1.89743363E-11	 1.01670358E-11	 4.89545471E-12
 2.550000E-01	 1.12039817E-16	-9.42815370E-18	-4.78137500E-17	-3.56024392E-17	 4.03369173E-11	 2.54805941E-11	 1.39425883E-11	 6.80633628E-12
 2.600000E-01	 1.69470413E-16	 1.52916546E-17	-5.30966203E-17	-5.83250810E-17	 5.22848248E-11	 3.38773324E-11	 1.89211307E-11	 9.37409888E-12
 2.650000E-01	 2.53766208E-16	 6.44620188E-17	-4.73017097E-17	-8.29166364E-17	 6.71880210E-11	 4.46095428E-11	 2.54153834E-11	 1.27864331E-11
 2.700000E-01	 3.71369945E-16	 1.26295957E-16	-3.42889535E-17	-1.02105278E-16	 8.56330697E-11	 5.82017412E-11	 3.37993255E-11	 1.72712567E-11
 2.750000E-01	 5.20880147E-16	 1.94492444E-16	-1.53600866E-17	-1.13249014E-16	 1.08296352E-10	 7.52676902E-11	 4.45160782E-11	 2.31019360E-11
 2.800000E-01	 7.04373567E-16	 2.99043855E-16	 2.68700405E-17	-1.19669451E-16	 1.35954702E-10	 9.65208911E-11	 5.80863626E-11	 3.06026798E-11
 2.850000E-01	 9.38900372E-16	 4.70105811E-16	 1.10152804E-16	-1.17302669E-16	 1.69496151E-10	 1.22785444E-10	 7.51173942E-11	 4.01541113E-11
 2.900000E-01	 1.24240812E-15	 6.86831298E-16	 2.23880980E-16	-9.30992332E-17	 2.09932406E-10	 1.55008648E-10	 9.63133488E-11	 5.21999046E-11
 2.950000E-01	 1.61713320E-15	 9.19943353E-16	 3.51621854E-16	-4.26578661E-17	 2.58409390E-10	 1.94271853E-10	 1.22485002E-10	 6.72534719E-11
 3.000000E-01	 2.06358959E-15	 1.19712267E-15	 5.09389339E-16	 2.68494349E-17	 3.16226440E-10	 2.41804910E-10	 1.54560462E-10	 8.59056527E-11
 3.050000E-01	 2.60040623E-15	 1.56252282E-15	 7.21802262E-16	 1.13082027E-16	 3.84868268E-10	 2.99009809E-10	 1.93600950E-10	 1.08835567E-10
 3.100000E-01	 3.25533527E-15	 2.01030282E-15	 9.79880943E-16	 2.19942285E-16	 4.66027399E-10	 3.67480169E-10	 2.40813782E-10	 1.36820601E-10
 3.150000E-01	 4.04777959E-15	 2.52274456E-15	 1.26596403E-15	 3.44967475E-16	 5.61640288E-10	 4.49030255E-10	 2.97568923E-10	 1.70748717E-10
 3.200000E-01	 4.99481631E-15	 3.13500236E-15	 1.59902854E-15	 4.82346009E-16	 6.73924997E-10	 5.45723797E-10	 3.65412891E-10	 2.11628573E-10
 3.250000E-01	 6.12688785E-15	 3.90917973E-15	 2.01803779E-15	 6.36032587E-16	 8.05403034E-10	 6.59893664E-10	 4.46077303E-10	 2.60594712E-10
 3.300000E-01	 7.48615369E-15	 4.88489740E-15	 2.54793648E-15	 8.20937559E-16	 9.58938882E-10	 7.94180869E-10	 5.41505167E-10	 3.18920459E-10
 3.350000E-01	 9.11413469E-15	 6.09955938E-15	 3.21823976E-15	 1.05956185E-15	 1.13776321E-09	 9.51564557E-10	 6.53881322E-10	 3.88030838E-10
 3.400000E-01	 1.10521353E-14	 7.62160650E-15	 4.09002030E-15	 1.38551009E-15	 1.34548907E-09	 1.13538316E-09	 7.85668018E-10	 4.69515613E-10
 3.450000E-01	 1.33599338E-14	 9.50105749E-15	 5.20945884E-15	 1.83663593E-15	 1.58612301E-09	 1.34935437E-09	 9.39651633E-10	 5.65147420E-10
 3.500000E-01	 1.61118330E-14	 1.17199025E-14	 6.56610827E-15	 2.43667143E-15	 1.86408142E-09	 1.59761367E-09	 1.11900991E-09	 6.76918190E-10
 3.550000E-01	 1.93374669E-14	 1.43455581E-14	 8.24487443E-15	 3.22306132E-15	 2.18422764E-09	 1.88476053E-09	 1.32736645E-09	 8.07084801E-10
 3.600000E-01	 2.30123011E-14	 1.76893393E-14	 1.05702009E-14	 4.31312481E-15	 2.55195605E-09	 2.21591070E-09	 1.56879836E-09	 9.58208964E-10
 3.650000E-01	 2.71867948E-14	 2.19734837E-14	 1.37663277E-14	 5.84767527E-15	 2.97337661E-09	 2.59681964E-09	 1.84783369E-09	 1.13320651E-09
 3.700000E-01	 3.20402554E-14	 2.69203763E-14	 1.75453444E-14	 7.81858075E-15	 3.45543155E-09	 3.03396972E-09	 2.16940491E-09	 1.33536349E-09
 3.750000E-01	 3.77437990E-14	 3.20969626E-14	 2.14254977E-14	 1.00605568E-14	 4.00588330E-09	 3.53458993E-09	 2.53882886E-09	 1.56832371E-09
 3.800000E-01	 4.43835860E-14	 3.74695670E-14	 2.52850355E-14	 1.24377902E-14	 4.63331050E-09	 4.10674294E-09	 2.96200851E-09	 1.83613708E-09
 3.850000E-01	 5.19356877E-14	 4.35187504E-14	 2.95676315E-14	 1.50337119E-14	 5.34710912E-09	 4.75945645E-09	 3.44580694E-09	 2.14336756E-09
 3.900000E-01	 6.02668348E-14	 5.11027135E-14	 3.52019021E-14	 1.82245764E-14	 6.15743516E-09	 5.50270505E-09	 3.99815851E-09	 2.49511047E-09
 3.950000E-01	 6.94620751E-14	 6.05716934E-14	 4.25907605E-14	 2.23385889E-14	 7.07530887E-09	 6.34745787E-09	 4.62784853E-09	 2.89697384E-09
 4.000000E-01	 8.00208360E-14	 7.09034212E-14	 5.06229329E-14	 2.71229809E-14	 8.11289467E-09	 7.30593032E-09	 5.34448138E-09	 3.35515270E-09
 4.050000E-01	 9.23648424E-14	 8.09441770E-14	 5.79886752E-14	 3.19726573E-14	 9.28402320E-09	 8.39177872E-09	 6.15861668E-09	 3.87645368E-09
 4.100000E-01	 1.06456805E-13	 9.11361557E-14	 6.50529418E-14	 3.67254884E-14	 1.06042234E-08	 9.61994293E-09	 7.08167107E-09	 4.46817943E-09
 4.150000E-01	 1.21886898E-13	 1.03400335E-13	 7.38782019E-14	 4.20771403E-14	 1.20899569E-08	 1.10062479E-08	 8.12572770E-09	 5.13801209E-09
 4.200000E-01	 1.38090949E-13	 1.20106973E-13	 8.72134415E-14	 4.94489822E-14	 1.37588811E-08	 1.25679805E-08	 9.30405605E-09	 5.89433556E-09
 4.250000E-01	 1.55398343E-13	 1.41380250E-13	 1.05279372E-13	 5.95823327E-14	 1.56308986E-08	 1.43249422E-08	 1.06318910E-08	 6.74670011E-09
 4.300000E-01	 1.75591077E-13	 1.63061667E-13	 1.23266393E-13	 7.08564426E-14	 1.77279679E-08	 1.62992430E-08	 1.21263233E-08	 7.70576954E-09
 4.350000E-01	 1.99472795E-13	 1.82447149E-13	 1.38012473E-13	 8.14378633E-14	 2.00736383E-08	 1.85148742E-08	 1.38060216E-08	 8.78315594E-09
 4.400000E-01	 2.25165513E-13	 2.04398570E-13	 1.55162518E-13	 9.30475451E-14	 2.26934991E-08	 2.09980663E-08	 1.56914104E-08	 9.99146055E-09
 4.450000E-01	 2.51596539E-13	 2.33620896E-13	 1.80106423E-13	 1.08400312E-13	 2.56156114E-08	 2.37776727E-08	 1.78048906E-08	 1.13443268E-08
 4.500000E-01	 2.81270363E-13	 2.65339360E-13	 2.07026797E-13	 1.25819801E-13	 2.88709040E-08	 2.68854063E-08	 2.01709230E-08	 1.28563788E-08
 4.550000E-01	 3.16234244E-13	 2.93966319E-13	 2.29228929E-13	 1.42063701E-13	 3.24939133E-08	 3.03560673E-08	 2.28159728E-08	 1.45430160E-08
 4.600000E-01	 3.54587497E-13	 3.24283960E-13	 2.52451812E-13	 1.58767256E-13	 3.65232390E-08	 3.42276364E-08	 2.57684847E-08	 1.64202716E-08
 4.650000E-01	 3.94725986E-13	 3.62591134E-13	 2.84135548E-13	 1.79512631E-13	 4.10024846E-08	 3.85419615E-08	 2.90593374E-08	 1.85049413E-08
 4.700000E-01	 4.39142612E-13	 4.05028533E-13	 3.19352213E-13	 2.03046431E-13	 4.59807743E-08	 4.33451532E-08	 3.27221579E-08	 2.08146264E-08
 4.750000E-01	 4.89633155E-13	 4.47391188E-13	 3.53056564E-13	 2.27127662E-13	 5.15115961E-08	 4.86871054E-08	 3.67934750E-08	 2.33678396E-08
 4.800000E-01	 5.43177349E-13	 4.97204694E-13	 3.94949448E-13	 2.56035986E-13	 5.76527289E-08	 5.46222625E-08	 4.13139045E-08	 2.61847657E-08
 4.850000E-01	 5.99071047E-13	 5.58927729E-13	 4.50535094E-13	 2.93519703E-13	 6.44666182E-08	 6.12109816E-08	 4.63298114E-08	 2.92883150E-08
 4.900000E-01	 6.64833255E-13	 6.17728429E-13	 5.00555357E-13	 3.31597444E-13	 7.20180520E-08	 6.85190459E-08	 5.18940044E-08	 3.27046028E-08
 4.950000E-01	 7.44260783E-13	 6.64961324E-13	 5.33904695E-13	 3.63466288E-13	 8.03711064E-08	 7.66168414E-08	 5.80662992E-08	 3.64632908E-08
 5.000000E-01	 8.26846145E-13	 7.26016622E-13	 5.83668639E-13	 4.03580542E-13	 8.95878379E-08	 8.55810107E-08	 6.49161318E-08	 4.05991269E-08
 5.050000E-01	 9.04558421E-13	 8.23571287E-13	 6.79743568E-13	 4.70012256E-13	 9.97265029E-08	 9.54955622E-08	 7.25246634E-08	 4.51529139E-08
 5.100000E-01	 9.88288448E-13	 9.34191938E-13	 7.92454450E-13	 5.54107402E-13	 1.10839603E-07	 1.06452657E-07	 8.09870687E-08	 5.01726872E-08
 5.150000E-01	 1.08993681E-12	 1.02776955E-12	 8.83342544E-13	 6.37719906E-13	 1.22975040E-07	 1.18556341E-07	 9.04170244E-08	 5.57159032E-08
 5.200000E-01	 1.20265507E-12	 1.11938815E-12	 9.72754028E-13	 7.27991072E-13	 1.36172959E-07	 1.31920954E-07	 1.00946025E-07	 6.18475233E-08
 5.250000E-01	 1.31406389E-12	 1.23964371E-12	 1.10189628E-12	 8.46566796E-13	 1.50457436E-07	 1.46663813E-07	 1.12718652E-07	 6.86353297E-08
 5.300000E-01	 1.42426081E-12	 1.38751852E-12	 1.27123764E-12	 9.99610496E-13	 1.65842080E-07	 1.62911061E-07	 1.25898538E-07	 7.61518303E-08
 5.350000E-01	 1.54591612E-12	 1.53193277E-12	 1.44049475E-12	 1.17171218E-12	 1.82332827E-07	 1.80807768E-07	 1.40682888E-07	 8.44832435E-08
 5.400000E-01	 1.69720375E-12	 1.63350030E-12	 1.55561885E-12	 1.33537140E-12	 1.99908904E-07	 2.00511967E-07	 1.57308813E-07	 9.37343617E-08
 5.450000E-01	 1.87859774E-12	 1.69471517E-12	 1.61913639E-12	 1.48723805E-12	 2.18513713E-07	 2.22191635E-07	 1.76056861E-07	 1.04028226E-07
 5.500000E-01	 2.05657153E-12	 1.79357257E-12	 1.74019444E-12	 1.68198317E-12	 2.38053513E-07	 2.46025017E-07	 1.97255966E-07	 1.15505351E-07
 5.550000E-01	 2.21672900E-12	 1.96690876E-12	 1.97255552E-12	 1.95908613E-12	 2.58400362E-07	 2.72201888E-07	 2.21287504E-07	 1.28319865E-07
 5.600000E-01	 2.41561695E-12	 2.09510248E-12	 2.14853111E-12	 2.24722607E-12	 2.79389766E-07	 3.00919418E-07	 2.48584811E-07	 1.42629612E-07
 5.650000E-01	 2.70246566E-12	 2.07705925E-12	 2.12306931E-12	 2.46919366E-12	 3.00780074E-07	 3.32362306E-07	 2.79638526E-07	 1.58595745E-07
 5.700000E-01	 3.03049388E-12	 2.03125974E-12	 2.06516605E-12	 2.70207841E-12	 3.22227762E-07	 3.66720986E-07	 3.15044799E-07	 1.76409507E-07
 5.750000E-01	 3.34360640E-12	 2.09959043E-12	 2.18289130E-12	 3.06475820E-12	 3.43260308E-07	 4.04216269E-07	 3.55567360E-07	 1.96327208E-07
 5.800000E-01	 3.68977040E-12	 2.19249310E-12	 2.34941482E-12	 3.51984028E-12	 3.63195325E-07	 4.45068765E-07	 4.02162380E-07	 2.18682878E-07
 5.850000E-01	 4.15556327E-12	 2.14582349E-12	 2.32177670E-12	 3.95717309E-12	 3.81075237E-07	 4.89470565E-07	 4.55994696E-07	 2.43884519E-07
 5.900000E-01	 4.76081709E-12	 1.96064314E-12	 2.09664168E-12	 4.37674198E-12	 3.95630910E-07	 5.37590385E-07	 5.18486408E-07	 2.72423763E-07
 5.950000E-01	 5.47451045E-12	 1.74749825E-12	 1.84425281E-12	 4.87915854E-12	 4.05229702E-07	 5.89578158E-07	 5.91384812E-07	 3.04893944E-07
 6.000000E-01	 6.26491316E-12	 1.59106695E-12	 1.71863237E-12	 5.57814877E-12	 4.07781513E-07	 6.45543627E-07	 6.76833459E-07	 3.42008768E-07
 6.050000E-01	 7.13044383E-12	 1.49454481E-12	 1.76095595E-12	 6.53852497E-12	 4.00624887E-07	 7.05539215E-07	 7.77476084E-07	 3.84637651E-07
 6.100000E-01	 8.12524471E-12	 1.36018823E-12	 1.84411283E-12	 7.73248550E-12	 3.80402169E-07	 7.69542572E-07	 8.96582575E-07	 4.33843155E-07
 6.150000E-01	 9.32475366E-12	 1.07184590E-12	 1.80063778E-12	 9.10334761E-12	 3.42891550E-07	 8.37403334E-07	 1.03817284E-06	 4.90912465E-07
 6.200000E-01	 1.07659309E-11	 5.98901168E-13	 1.60843237E-12	 1.06696752E-11	 2.82798703E-07	 9.08787370E-07	 1.20718728E-06	 5.57407117E-07
 6.250000E-01	 1.24333771E-11	-1.43666352E-14	 1.40244089E-12	 1.25433696E-11	 1.93493848E-07	 9.83130874E-07	 1.40974934E-06	 6.35256123E-07
 6.300000E-01	 1.42665276E-11	-7.03695470E-13	 1.40764801E-12	 1.48976302E-11	 6.66490616E-08	 1.05952161E-06	 1.65344900E-06	 7.26883591E-07
 6.350000E-01	 1.62315334E-11	-1.47645965E-12	 1.73089749E-12	 1.78315704E-11	-1.08197556E-07	 1.13651718E-06	 1.94763980E-06	 8.35353940E-07
 6.400000E-01	 1.84248953E-11	-2.49047825E-12	 2.13320976E-12	 2.12324517E-11	-3.44207704E-07	 1.21195076E-06	 2.30392243E-06	 9.64614739E-07
 6.450000E-01	 2.09705657E-11	-3.90696915E-12	 2.35627654E-12	 2.49849175E-11	-6.58037922E-07	 1.28243297E-06	 2.73652476E-06	 1.11982391E-06
 6.500000E-01	 2.38164499E-11	-5.69552406E-12	 2.62031088E-12	 2.92554020E-11	-1.07050158E-06	 1.34278302E-06	 3.26257273E-06	 1.30768388E-06
 6.550000E-01	 2.68449393E-11	-7.77193124E-12	 3.27039296E-12	 3.42469998E-11	-1.60729682E-06	 1.38557258E-06	 3.90270290E-06	 1.53681851E-06
 6.600000E-01	 3.01335511E-11	-1.02254535E-11	 4.14695424E-12	 3.98462852E-11	-2.30033752E-06	 1.40020226E-06	 4.68210519E-06	 1.81877413E-06
 6.650000E-01	 3.37788488E-11	-1.31808830E-11	 5.07164328E-12	 4.59871300E-11	-3.18873964E-06	 1.37150784E-06	 5.63077323E-06	 2.16879309E-06
 6.700000E-01	 3.74997403E-11	-1.65504468E-11	 6.71003775E-12	 5.31381189E-11	-4.31918940E-06	 1.27896357E-06	 6.78337297E-06	 2.60534038E-06
 6.750000E-01	 4.09112579E-11	-2.01956399E-11	 9.80583539E-12	 6.16757695E-11	-5.74731678E-06	 1.09519794E-06	 8.17975356E-06	 3.15070660E-06
 6.800000E-01	 4.42279155E-11	-2.42532839E-11	 1.37218618E-11	 7.10136855E-11	-7.54046334E-06	 7.83062011E-07	 9.86668795E-06	 3.83357454E-06
 6.850000E-01	 4.81808807E-11	-2.90196769E-11	 1.69516610E-11	 8.01353422E-11	-9.77960153E-06	 2.92893947E-07	 1.18987111E-05	 4.69027223E-06
 6.900000E-01	 5.33106348E-11	-3.46200540E-11	 1.87163479E-11	 8.86387605E-11	-1.25599598E-05	-4.40942862E-07	 1.43360686E-05	 5.76488810E-06
 6.950000E-01	 5.92505131E-11	-4.10327942E-11	 2.00840238E-11	 9.75643249E-11	-1.59939975E-05	-1.50500683E-06	 1.72458181E-05	 7.11177575E-06
 7.000000E-01	 6.41397642E-11	-4.82077962E-11	 2.45193832E-11	 1.09677716E-10	-2.02147486E-05	-3.01301222E-06	 2.07029067E-05	 8.79838184E-06
 7.050000E-01	 6.62808135E-11	-5.59838730E-11	 3.44339841E-11	 1.26216715E-10	-2.53763345E-05	-5.11188196E-06	 2.47871191E-05	 1.09053403E-05
 7.100000E-01	 6.71288355E-11	-6.42973961E-11	 4.62380409E-11	 1.43550981E-10	-3.16546848E-05	-7.98728136E-06	 2.95809505E-05	 1.35251528E-05
 7.150000E-01	 6.88186355E-11	-7.37810595E-11	 5.56283518E-11	 1.59001061E-10	-3.92496905E-05	-1.18725980E-05	 3.51675832E-05	 1.67627803E-05
 7.200000E-01	 6.85242944E-11	-8.56119769E-11	 6.70353590E-11	 1.77646905E-10	-4.83877417E-05	-1.70614062E-05	 4.16276710E-05	 2.07372633E-05
 7.250000E-01	 6.23005181E-11	-9.97894611E-11	 8.60432328E-11	 2.02973540E-10	-5.93229828E-05	-2.39209409E-05	 4.90339801E-05	 2.55807924E-05
 7.300000E-01	 5.42329530E-11	-1.14432783E-10	 1.05013404E-10	 2.25674416E-10	-7.23351773E-05	-3.29064470E-05	 5.74416067E-05	 3.14341487E-05
 7.350000E-01	 5.06944965E-11	-1.29377046E-10	 1.13720327E-10	 2.38217834E-10	-8.77248517E-05	-4.45757597E-05	 6.68756256E-05	 3.84379773E-05
 7.400000E-01	 4.62525059E-11	-1.48789789E-10	 1.20120330E-10	 2.52579683E-10	-1.05810378E-04	-5.96067931E-05	 7.73221761E-05	 4.67230689E-05
 7.450000E-01	 3.07089128E-11	-1.75250592E-10	 1.37744337E-10	 2.80520662E-10	-1.26915408E-04	-7.88142024E-05	 8.87088404E-05	 5.63928147E-05
 7.500000E-01	 7.96532495E-12	-2.04346814E-10	 1.59316589E-10	 3.08767568E-10	-1.51351084E-04	-1.03159010E-04	 1.00882910E-04	 6.74939720E-05
 7.550000E-01	-1.10344581E-11	-2.32557654E-10	 1.68765102E-10	 3.21255641E-10	-1.79410379E-04	-1.33775082E-04	 1.13601467E-04	 7.99945175E-05
 7.600000E-01	-2.91825737E-11	-2.65065932E-10	 1.68806726E-10	 3.27460049E-10	-2.11338960E-04	-1.71999464E-04	 1.26491337E-04	 9.37472656E-05
 7.650000E-01	-5.42305764E-11	-3.04156260E-10	 1.69306890E-10	 3.36365974E-10	-2.47292509E-04	-2.19353799E-04	 1.39022996E-04	 1.08415290E-04
 7.700000E-01	-7.51611482E-11	-3.37431775E-10	 1.60503273E-10	 3.25608416E-10	-2.87294865E-04	-2.77526293E-04	 1.50497261E-04	 1.23397444E-04
 7.750000E-01	-7.64878951E-11	-3.57363512E-10	 1.27507500E-10	 2.79086649E-10	-3.31195649E-04	-3.48377517E-04	 1.60033228E-04	 1.37765097E-04
 7.800000E-01	-7.09212474E-11	-3.82197968E-10	 8.07931621E-11	 2.28210453E-10	-3.78596563E-04	-4.33854440E-04	 1.66558316E-04	 1.50138407E-04
 7.850000E-01	-8.12927731E-11	-4.27065659E-10	 4.04953246E-11	 2.01281696E-10	-4.28775075E-04	-5.35956040E-04	 1.68772655E-04	 1.58570906E-04
 7.900000E-01	-9.65716729E-11	-4.69652709E-10	 1.03665363E-12	 1.66359485E-10	-4.80639263E-04	-6.56832290E-04	 1.65118740E-04	 1.60473503E-04
 7.950000E-01	-8.51740097E-11	-4.78267397E-10	-5.80793102E-11	 7.98154156E-11	-5.32544858E-04	-7.98552441E-04	 1.53712190E-04	 1.52351038E-04
 8.000000E-01	-3.80916618E-11	-4.50758880E-10	-1.39831214E-10	-5.20766873E-11	-5.82246279E-04	-9.62756035E-04	 1.32577696E-04	 1.29639016E-04
 8.050000E-01	 3.49603022E-11	-3.98146307E-10	-2.31697341E-10	-2.00546537E-10	-6.26902760E-04	-1.15046104E-03	 9.99202686E-05	 8.67155477E-05
 8.100000E-01	 1.31898311E-10	-3.19096903E-10	-3.25142495E-10	-3.54994088E-10	-6.63097917E-04	-1.36157628E-03	 5.44443555E-05	 1.69141712E-05
 8.150000E-01	 2.52779411E-10	-2.22321324E-10	-4.25352069E-10	-5.07953642E-10	-6.86936299E-04	-1.59453316E-03	-4.33299025E-06	-8.73456672E-05
 8.200000E-01	 3.81586329E-10	-1.46887769E-10	-5.48193960E-10	-6.40264824E-10	-6.93753470E-04	-1.84656150E-03	-7.65718916E-05	-2.34632123E-04
 8.250000E-01	 5.07313679E-10	-8.80884856E-11	-6.84031753E-10	-7.55569790E-10	-6.77836814E-04	-2.11335718E-03	-1.62372191E-04	-4.34753467E-04
 8.300000E-01	 6.65689620E-10	 6.82493571E-11	-7.77034326E-10	-8.94559077E-10	-6.32569561E-04	-2.38806837E-03	-2.61203146E-04	-6.98502156E-04
 8.350000E-01	 9.09110586E-10	 4.02953500E-10	-8.03862681E-10	-1.06965666E-09	-5.51351867E-04	-2.66075252E-03	-3.70627931E-04	-1.03631027E-03
 8.400000E-01	 1.23000922E-09	 8.14279316E-10	-8.33669506E-10	-1.23153510E-09	-4.28739782E-04	-2.91766736E-03	-4.85254112E-04	-1.45633714E-03
 8.450000E-01	 1.57870853E-09	 1.18067932E-09	-9.17307925E-10	-1.33310787E-09	-2.60621194E-04	-3.14181416E-03	-5.97518411E-04	-1.96327130E-03
 8.500000E-01	 1.94576541E-09	 1.55585190E-09	-9.89052635E-10	-1.36581404E-09	-4.33337529E-05	-3.31333899E-03	-6.99792070E-04	-2.55855487E-03
 8.550000E-01	 2.36646997E-09	 2.03551042E-09	-9.88780463E-10	-1.34041069E-09	 2.27445853E-04	-3.40815175E-03	-7.86015749E-04	-3.24094906E-03
 8.600000E-01	 2.86492432E-09	 2.58425163E-09	-9.77690697E-10	-1.28527082E-09	 5.58122699E-04	-3.39692231E-03	-8.52611181E-04	-4.00684871E-03
 8.650000E-01	 3.42192340E-09	 3.14698585E-09	-9.83041283E-10	-1.18854012E-09	 9.56900052E-04	-3.24420353E-03	-8.97362871E-04	-4.84749956E-03
 8.700000E-01	 3.99383332E-09	 3.78314314E-09	-8.59067385E-10	-9.32103326E-10	 1.42908917E-03	-2.91006900E-03	-9.16087180E-04	-5.73972200E-03
 8.750000E-01	 4.59934814E-09	 4.54145366E-09	-5.47018415E-10	-4.86333262E-10	 1.97379356E-03	-2.35530462E-03	-9.02635115E-04	-6.63710102E-03
 8.800000E-01	 5.35514548E-09	 5.33353747E-09	-2.98561345E-10	-1.04916235E-10	 2.58656974E-03	-1.54660801E-03	-8.53360356E-04	-7.46840500E-03
 8.850000E-01	 6.27924193E-09	 6.06916306E-09	-2.37854695E-10	 9.63009409E-11	 3.26430693E-03	-4.59355375E-04	-7.70434571E-04	-8.13872407E-03
 8.900000E-01	 7.13403547E-09	 6.77771513E-09	 3.50991450E-11	 5.59801353E-10	 4.00715764E-03	 9.19164408E-04	-6.60439581E-04	-8.52617892E-03
 8.950000E-01	 7.73489208E-09	 7.51389433E-09	 8.58759329E-10	 1.61516498E-09	 4.81865679E-03	 2.58174154E-03	-5.28943209E-04	-8.47418758E-03
 9.000000E-01	 8.28411630E-09	 8.30307342E-09	 1.91832343E-09	 2.77152666E-09	 5.70188230E-03	 4.48008128E-03	-3.75986997E-04	-7.78561621E-03
 9.050000E-01	 9.05385166E-09	 9.17928811E-09	 2.81196498E-09	 3.44723891E-09	 6.64503803E-03	 6.48383002E-03	-1.94097115E-04	-6.22326225E-03
 9.100000E-01	 9.98348593E-09	 1.01516946E-08	 3.63394754E-09	 3.79252940E-09	 7.64263109E-03	 8.37371907E-03	 1.27067099E-05	-3.57530178E-03
 9.150000E-01	 1.06675844E-08	 1.10925011E-08	 4.79262380E-09	 4.36991605E-09	 8.66436170E-03	 9.84408350E-03	 3.26326768E-04	 3.41625897E-04
 9.200000E-01	 1.08509074E-08	 1.18297616E-08	 6.21487031E-09	 5.30978738E-09	 9.73567893E-03	 1.05574764E-02	 8.07073735E-04	 5.49562089E-03
 9.250000E-01	 1.03412349E-08	 1.22739932E-08	 7.94511867E-09	 6.70425763E-09	 1.07411015E-02	 1.00561859E-02	 1.75995393E-03	 1.17338287E-02
 9.300000E-01	 8.94584448E-09	 1.26267953E-08	 1.06301474E-08	 8.82810470E-09	 1.12677816E-02	 8.04842844E-03	 3.97529489E-03	 1.82752510E-02
 9.350000E-01	 7.31336518E-09	 1.29053789E-08	 1.34874052E-08	 1.15525672E-08	 1.13375310E-02	 4.23669276E-03	 7.35567717E-03	 2.36594298E-02
 9.400000E-01	 6.37720647E-09	 1.19961543E-08	 1.42621073E-08	 1.53802096E-08	 1.11312710E-02	-2.28518506E-03	 1.15043695E-02	 2.69560489E-02
 9.450000E-01	 3.03373350E-09	 1.09451663E-08	 1.76229223E-08	 1.72938028E-08	 1.09710634E-02	-1.02553835E-02	 1.48151422E-02	 2.50644226E-02
 9.500000E-01	 6.96634519E-10	 4.06606283E-09	 1.97865276E-08	 2.00702022E-08	 3.31938181E-03	-1.63341454E-02	 2.30518308E-02	 1.75306873E-02
 9.550000E-01	 9.98510395E-11	-3.44027588E-09	 1.60730518E-08	 2.58932678E-08	-6.79499253E-03	-2.55207696E-02	 3.79034288E-02	 9.68655370E-04
 9.600000E-01	-3.62264567E-09	-1.11102267E-08	 1.14937927E-08	 1.71675162E-08	-2.26251259E-02	-5.03805187E-04	 2.98525811E-02	 5.10142191E-03
 9.650000E-01	-3.69568630E-09	-1.69499845E-08	 9.63243987E-09	 6.96673410E-09	-2.96688267E-02	 3.83914306E-02	 1.62800624E-02	 2.37955703E-02
 9.700000E-01	 3.19285554E-09	-2.77914994E-08	 2.09910152E-09	-1.63914181E-08	 6.86920104E-02	 2.65254253E-02	-9.49693818E-02	 1.13987888E-02
 9.750000E-01	 9.90071547E-09	-9.56430734E-08	-2.44271403E-09	-3.20207056E-08	 2.04979145E+00	 1.40844359E-01	-2.21084689E+00	-3.13278066E-02
 9.800000E-01	-4.58877358E-08	-1.14350413E-07	-3.04549183E-08	-1.38027772E-07	 3.51775716E-01	-3.42972690E-02	 6.14888087E-01	-4.18169936E-01
 9.850000E-01	-5.65158003E-08	 1.83631648E-08	-3.52215123E-08	-9.59336936E-08	-2.59448356E+00	-3.07095812E-01	 2.15779860E+00	-9.26926439E-03
 9.900000E-01	-1.49185085E-08	 8.50445597E-08	-3.22695811E-08	 8.38387192E-08	-8.91962330E-01	 2.09141257E-01	-9.89133346E-01	 5.97520427E-01
 9.950000E-01	-1.81574735E-08	 1.95197596E-08	-3.06996169E-08	 5.42593881E-08	 5.26450516E-01	 1.52751079E-01	-2.13350989E-02	-4.77864561E-03
 1.000000E+00	-1.57510154E-08	-1.71480419E-08	-5.21404175E-09	 1.86968008E-09	 8.83191800E-01	-3.84458992E-01	 8.08041483E-01	-4.45881984E-01
