r	R  7/ 7	R  8/ 7	R  9/ 7	R 10/ 7	I  7/ 7	I  8/ 7	I  9/ 7	I 10/ 7
 0.000000E+00	 0.00000000E+00	 0.00000000E+00	 0.00000000E+00	 0.00000000E+00	 0.00000000E+00	 0.00000000E+00	 0.00000000E+00	 0.00000000E+00
 5.000000E-03	-7.55044726E-18	 6.54432354E-18	-2.29102622E-18	-1.67385932E-18	-2.86873896E-14	 2.07288189E-15	 2.51496638E-14	-2.97076319E-16
 1.000000E-02	-6.69220099E-18	 9.04761484E-17	-7.43471819E-17	-2.65190178E-18	-7.17637299E-13	 2.43069939E-14	 2.11480057E-13	 3.41515562E-15
 1.500000E-02	 9.39913386E-16	 5.16187874E-16	-5.92605105E-16	 1.62248788E-18	-6.11338389E-12	 8.97120935E-14	 9.06903924E-13	 3.57963049E-14
 2.000000E-02	 8.10412393E-15	 2.11145768E-15	-2.39415101E-15	-4.89760688E-17	-3.04422750E-11	 2.84544127E-14	 2.68782681E-12	 1.63494587E-13
 2.500000E-02	 3.69417753E-14	 7.32794229E-15	-6.22406957E-15	-3.27590412E-16	-1.09286146E-10	-1.11820601E-12	 6.33837585E-12	 5.16482282E-13
 3.000000E-02	 1.18180638E-13	 2.21216221E-14	-1.02289293E-14	-9.11394819E-16	-3.15089464E-10	-6.29759795E-12	 1.27821163E-11	 1.30724945E-12
 3.500000E-02	 2.95284811E-13	 5.77448429E-14	-5.28835649E-15	-1.27695838E-16	-7.76820948E-10	-2.24489417E-11	 2.29301398E-11	 2.84455305E-12
 4.000000E-02	 6.20969762E-13	 1.34518824E-13	 2.05839323E-14	 5.76825964E-15	-1.70355685E-09	-6.35061096E-11	 3.74003810E-11	 5.52865093E-12
 4.500000E-02	 1.17258257E-12	 2.87953122E-13	 7.44524404E-14	 2.01890541E-14	-3.41169148E-09	-1.54634881E-10	 5.60464683E-11	 9.81578966E-12
 5.000000E-02	 2.06321038E-12	 5.68816896E-13	 1.75787018E-13	 5.16704427E-14	-6.35542285E-09	-3.37932343E-10	 7.72119527E-11	 1.61426519E-11
 5.500000E-02	 3.41865527E-12	 1.03893455E-12	 3.80421777E-13	 1.21781186E-13	-1.11601190E-08	-6.79715219E-10	 9.66379019E-11	 2.47766631E-11
 6.000000E-02	 5.32046660E-12	 1.75656821E-12	 8.09930977E-13	 2.77922372E-13	-1.86581073E-08	-1.27956809E-09	 1.05930191E-10	 3.55746565E-11
 6.500000E-02	 7.71831094E-12	 2.75865947E-12	 1.65682736E-12	 6.08058658E-13	-2.99263975E-08	-2.28127756E-09	 9.04867735E-11	 4.76284638E-11
 7.000000E-02	 1.04538474E-11	 4.11072895E-12	 3.04066241E-12	 1.18562957E-12	-4.63258201E-08	-3.88586228E-09	 2.68049233E-11	 5.87217303E-11
 7.500000E-02	 1.34577749E-11	 5.97257627E-12	 4.89510854E-12	 2.00894706E-12	-6.95408312E-08	-6.36738353E-09	-1.21124113E-10	 6.45738844E-11
 8.000000E-02	 1.68735688E-11	 8.60134888E-12	 7.06061709E-12	 3.02368646E-12	-1.01619273E-07	-1.00914489E-08	-4.06523488E-10	 5.77955748E-11
 8.500000E-02	 2.10670200E-11	 1.23484890E-11	 9.39078467E-12	 4.16153309E-12	-1.45011532E-07	-1.55358963E-08	-9.05618004E-10	 2.64385904E-11
 9.000000E-02	 2.65557542E-11	 1.75766243E-11	 1.19078115E-11	 5.45188689E-12	-2.02608231E-07	-2.33137582E-08	-1.72465011E-09	-4.78833391E-11
 9.500000E-02	 3.37887772E-11	 2.45390056E-11	 1.49432258E-11	 7.11291065E-12	-2.77776138E-07	-3.41979197E-08	-3.00799917E-09	-1.92363620E-10
 1.000000E-01	 4.28253555E-11	 3.32027355E-11	 1.92399986E-11	 9.62928624E-12	-3.74391258E-07	-4.91474010E-08	-4.94752311E-09	-4.45774706E-10
 1.050000E-01	 5.30308611E-11	 4.31653496E-11	 2.58049338E-11	 1.37350797E-11	-4.96868789E-07	-6.93350478E-08	-7.79319916E-09	-8.61628860E-10
 1.100000E-01	 6.36188580E-11	 5.43453236E-11	 3.49131811E-11	 1.97337815E-11	-6.50189080E-07	-9.61775658E-08	-1.18648537E-08	-1.51177635E-09
 1.150000E-01	 7.48087973E-11	 6.75781543E-11	 4.56643688E-11	 2.70928961E-11	-8.39917973E-07	-1.31371407E-07	-1.75670228E-08	-2.49067917E-09
 1.200000E-01	 8.75638744E-11	 8.37792780E-11	 5.73447753E-11	 3.54252051E-11	-1.07221873E-06	-1.76929622E-07	-2.54060948E-08	-3.92052418E-09
 1.250000E-01	 1.02296546E-10	 1.03015813E-10	 7.04090258E-11	 4.52596092E-11	-1.35386432E-06	-2.35216643E-07	-3.60075767E-08	-5.95705150E-09
 1.300000E-01	 1.18403037E-10	 1.24475798E-10	 8.60048949E-11	 5.77571978E-11	-1.69225231E-06	-3.08985975E-07	-5.01353999E-08	-8.79606443E-09
 1.350000E-01	 1.34388923E-10	 1.46781804E-10	 1.05243237E-10	 7.41459763E-11	-2.09540840E-06	-4.01418635E-07	-6.87124936E-08	-1.26798888E-08
 1.400000E-01	 1.48641655E-10	 1.69260674E-10	 1.28244021E-10	 9.45293807E-11	-2.57198753E-06	-5.16166328E-07	-9.28443350E-08	-1.79043056E-08
 1.450000E-01	 1.60709285E-10	 1.93053757E-10	 1.53742416E-10	 1.17358598E-10	-3.13126970E-06	-6.57401887E-07	-1.23847278E-07	-2.48264568E-08
 1.500000E-01	 1.71538127E-10	 2.20535000E-10	 1.79939675E-10	 1.40567425E-10	-3.78309798E-06	-8.29852625E-07	-1.63282563E-07	-3.38749943E-08
 1.550000E-01	 1.82676646E-10	 2.53910877E-10	 2.05734198E-10	 1.62868213E-10	-4.53770245E-06	-1.03878328E-06	-2.12992133E-07	-4.55629781E-08
 1.600000E-01	 1.93813523E-10	 2.91312848E-10	 2.32579343E-10	 1.86282511E-10	-5.40569430E-06	-1.29001281E-06	-2.75104148E-07	-6.04949960E-08
 1.650000E-01	 2.00048900E-10	 3.24847017E-10	 2.63958328E-10	 2.16093098E-10	-6.39800634E-06	-1.58991011E-06	-3.52049039E-07	-7.93743498E-08
 1.700000E-01	 1.96052483E-10	 3.50766366E-10	 2.99877943E-10	 2.52049153E-10	-7.52579153E-06	-1.94537165E-06	-4.46574085E-07	-1.03008240E-07
 1.750000E-01	 1.83369433E-10	 3.77816222E-10	 3.35358681E-10	 2.84559452E-10	-8.80027917E-06	-2.36380893E-06	-5.61769950E-07	-1.32315486E-07
 1.800000E-01	 1.66766105E-10	 4.14375590E-10	 3.67722211E-10	 3.07522844E-10	-1.02326511E-05	-2.85312661E-06	-7.01094585E-07	-1.68342286E-07
 1.850000E-01	 1.44962250E-10	 4.55339749E-10	 4.00129876E-10	 3.26465832E-10	-1.18344626E-05	-3.42182793E-06	-8.68325888E-07	-2.12260563E-07
 1.900000E-01	 1.11656098E-10	 4.90486380E-10	 4.36087753E-10	 3.48841850E-10	-1.36176613E-05	-4.07903299E-06	-1.06758712E-06	-2.65371543E-07
 1.950000E-01	 6.19201649E-11	 5.15551156E-10	 4.75886828E-10	 3.75908108E-10	-1.55942342E-05	-4.83439428E-06	-1.30341099E-06	-3.29125541E-07
 2.000000E-01	-6.62583843E-12	 5.32458788E-10	 5.18930366E-10	 4.04636613E-10	-1.77761624E-05	-5.69808459E-06	-1.58074773E-06	-4.05138123E-07
 2.050000E-01	-9.49509381E-11	 5.46773763E-10	 5.65918137E-10	 4.31160930E-10	-2.01753914E-05	-6.68076918E-06	-1.90496590E-06	-4.95208013E-07
 2.100000E-01	-2.03287467E-10	 5.64466090E-10	 6.18785097E-10	 4.53698562E-10	-2.28036555E-05	-7.79348425E-06	-2.28184416E-06	-6.01336335E-07
 2.150000E-01	-3.32110213E-10	 5.88908083E-10	 6.80137107E-10	 4.74153283E-10	-2.56721388E-05	-9.04741165E-06	-2.71753355E-06	-7.25733959E-07
 2.200000E-01	-4.82805819E-10	 6.18911396E-10	 7.52322277E-10	 4.98240161E-10	-2.87916781E-05	-1.04538870E-05	-3.21847742E-06	-8.70809506E-07
 2.250000E-01	-6.58070535E-10	 6.48134601E-10	 8.36305230E-10	 5.34124953E-10	-3.21727904E-05	-1.20243447E-05	-3.79135388E-06	-1.03915479E-06
 2.300000E-01	-8.61217514E-10	 6.69929864E-10	 9.31879126E-10	 5.88229480E-10	-3.58256543E-05	-1.37702325E-05	-4.44301626E-06	-1.23352732E-06
 2.350000E-01	-1.09486656E-09	 6.81908419E-10	 1.03879382E-09	 6.63062525E-10	-3.97602991E-05	-1.57030527E-05	-5.18044763E-06	-1.45682501E-06
 2.400000E-01	-1.36112413E-09	 6.83652812E-10	 1.15711335E-09	 7.59385210E-10	-4.39868070E-05	-1.78344299E-05	-6.01073360E-06	-1.71206140E-06
 2.450000E-01	-1.66216918E-09	 6.74237819E-10	 1.28628815E-09	 8.77261712E-10	-4.85151319E-05	-2.01759601E-05	-6.94101990E-06	-2.00234858E-06
 2.500000E-01	-1.99919683E-09	 6.55173449E-10	 1.42338104E-09	 1.01375725E-09	-5.33551381E-05	-2.27391399E-05	-7.97843598E-06	-2.33085742E-06
 2.550000E-01	-2.37123108E-09	 6.28300769E-10	 1.56152095E-09	 1.16480106E-09	-5.85166160E-05	-2.55353016E-05	-9.13002013E-06	-2.70076706E-06
 2.600000E-01	-2.77712803E-09	 5.69443257E-10	 1.68333644E-09	 1.33790365E-09	-6.40091801E-05	-2.85754756E-05	-1.04026355E-05	-3.11521978E-06
 2.650000E-01	-3.22006022E-09	 4.17810453E-10	 1.75709782E-09	 1.54784195E-09	-6.98425179E-05	-3.18703618E-05	-1.18028374E-05	-3.57723991E-06
 2.700000E-01	-3.70655252E-09	 1.52426598E-10	 1.76623225E-09	 1.77637414E-09	-7.60265365E-05	-3.54302978E-05	-1.33367746E-05	-4.08963810E-06
 2.750000E-01	-4.23739981E-09	-1.51397181E-10	 1.73759137E-09	 1.96956456E-09	-8.25713675E-05	-3.92652823E-05	-1.50102179E-05	-4.65497094E-06
 2.800000E-01	-4.80480482E-09	-4.34651840E-10	 1.69595364E-09	 2.10736904E-09	-8.94875537E-05	-4.33850481E-05	-1.68285672E-05	-5.27552030E-06
 2.850000E-01	-5.40302528E-09	-7.56315752E-10	 1.61385182E-09	 2.22428120E-09	-9.67861421E-05	-4.77989637E-05	-1.87967307E-05	-5.95324751E-06
 2.900000E-01	-6.03626726E-09	-1.17878899E-09	 1.46294652E-09	 2.33667771E-09	-1.04478936E-04	-5.25161484E-05	-2.09191031E-05	-6.68974651E-06
 2.950000E-01	-6.71213036E-09	-1.65097369E-09	 1.27521369E-09	 2.41612960E-09	-1.12578350E-04	-5.75457553E-05	-2.31998070E-05	-7.48627685E-06
 3.000000E-01	-7.43256863E-09	-2.10111483E-09	 1.09807938E-09	 2.45101077E-09	-1.21097250E-04	-6.28972043E-05	-2.56429589E-05	-8.34393061E-06
 3.050000E-01	-8.19617382E-09	-2.54113718E-09	 9.36306991E-10	 2.47203140E-09	-1.30049208E-04	-6.85800483E-05	-2.82524034E-05	-9.26357559E-06
 3.100000E-01	-9.00594309E-09	-3.00581350E-09	 7.81633758E-10	 2.50821483E-09	-1.39448526E-04	-7.46038067E-05	-3.10314305E-05	-1.02457132E-05
 3.150000E-01	-9.86967980E-09	-3.47889108E-09	 6.53669636E-10	 2.56523467E-09	-1.49309924E-04	-8.09780978E-05	-3.39829082E-05	-1.12905454E-05
 3.200000E-01	-1.07932270E-08	-3.93253823E-09	 5.75827788E-10	 2.64852615E-09	-1.59648464E-04	-8.77126883E-05	-3.71091989E-05	-1.23978896E-05
 3.250000E-01	-1.17774909E-08	-4.37740547E-09	 5.42812307E-10	 2.77298818E-09	-1.70479782E-04	-9.48176927E-05	-4.04122302E-05	-1.35672507E-05
 3.300000E-01	-1.28214890E-08	-4.84211212E-09	 5.31534537E-10	 2.94669692E-09	-1.81820468E-04	-1.02303971E-04	-4.38937474E-05	-1.47979067E-05
 3.350000E-01	-1.39237579E-08	-5.34482992E-09	 5.19203907E-10	 3.16262382E-09	-1.93687889E-04	-1.10183268E-04	-4.75556120E-05	-1.60889072E-05
 3.400000E-01	-1.50804949E-08	-5.90290835E-09	 4.79912872E-10	 3.40670628E-09	-2.06099377E-04	-1.18467858E-04	-5.14001139E-05	-1.74391635E-05
 3.450000E-01	-1.62854815E-08	-6.54279441E-09	 3.80302467E-10	 3.66125850E-09	-2.19071791E-04	-1.27169904E-04	-5.54299388E-05	-1.88473742E-05
 3.500000E-01	-1.75348581E-08	-7.27395570E-09	 1.97141453E-10	 3.89673365E-09	-2.32621355E-04	-1.36301303E-04	-5.96483536E-05	-2.03120625E-05
 3.550000E-01	-1.88273406E-08	-8.07420708E-09	-7.37821366E-11	 4.07544269E-09	-2.46763327E-04	-1.45874074E-04	-6.40595098E-05	-2.18316288E-05
 3.600000E-01	-2.01493631E-08	-8.95575162E-09	-4.68969016E-10	 4.17595612E-09	-2.61512242E-04	-1.55900991E-04	-6.86684184E-05	-2.34045352E-05
 3.650000E-01	-2.14704562E-08	-1.00123546E-08	-1.08807872E-09	 4.19586944E-09	-2.76882531E-04	-1.66395833E-04	-7.34800097E-05	-2.50292925E-05
 3.700000E-01	-2.27764016E-08	-1.13065020E-08	-1.98415437E-09	 4.12617777E-09	-2.92889360E-04	-1.77373747E-04	-7.84979323E-05	-2.67042711E-05
 3.750000E-01	-2.40920129E-08	-1.27602142E-08	-3.06679561E-09	 3.95220301E-09	-3.09549057E-04	-1.88852018E-04	-8.37244029E-05	-2.84279699E-05
 3.800000E-01	-2.54548543E-08	-1.42350869E-08	-4.18964079E-09	 3.67689005E-09	-3.26878748E-04	-2.00850463E-04	-8.91609268E-05	-3.01993363E-05
 3.850000E-01	-2.68862676E-08	-1.56479093E-08	-5.26622609E-09	 3.32546629E-09	-3.44895166E-04	-2.13390979E-04	-9.48093744E-05	-3.20175980E-05
 3.900000E-01	-2.83766527E-08	-1.70257573E-08	-6.32208644E-09	 2.93799612E-09	-3.63613663E-04	-2.26497149E-04	-1.00673183E-04	-3.38818853E-05
 3.950000E-01	-2.98879026E-08	-1.85051955E-08	-7.48732505E-09	 2.55212758E-09	-3.83048233E-04	-2.40194163E-04	-1.06757488E-04	-3.57910143E-05
 4.000000E-01	-3.14060569E-08	-2.01616784E-08	-8.81830248E-09	 2.17910173E-09	-4.03212051E-04	-2.54509450E-04	-1.13068121E-04	-3.77431716E-05
 4.050000E-01	-3.29770558E-08	-2.18636901E-08	-1.01594461E-08	 1.81268197E-09	-4.24116925E-04	-2.69472425E-04	-1.19611127E-04	-3.97359507E-05
 4.100000E-01	-3.46530037E-08	-2.34273442E-08	-1.13223892E-08	 1.45547699E-09	-4.45774207E-04	-2.85113521E-04	-1.26391518E-04	-4.17659591E-05
 4.150000E-01	-3.64362852E-08	-2.48147110E-08	-1.22934684E-08	 1.11771601E-09	-4.68195033E-04	-3.01463637E-04	-1.33412655E-04	-4.38287076E-05
 4.200000E-01	-3.82728612E-08	-2.61721041E-08	-1.32546450E-08	 8.10831382E-10	-4.91390112E-04	-3.18554717E-04	-1.40676853E-04	-4.59192755E-05
 4.250000E-01	-4.00742960E-08	-2.77686762E-08	-1.45015848E-08	 5.34637304E-10	-5.15369829E-04	-3.36420745E-04	-1.48185520E-04	-4.80319814E-05
 4.300000E-01	-4.18143492E-08	-2.96977713E-08	-1.61291392E-08	 2.50814517E-10	-5.40145377E-04	-3.55099139E-04	-1.55939298E-04	-5.01598974E-05
 4.350000E-01	-4.35863002E-08	-3.16679892E-08	-1.78292871E-08	-8.59324940E-11	-5.65727477E-04	-3.74630691E-04	-1.63938776E-04	-5.22954028E-05
 4.400000E-01	-4.54576259E-08	-3.34421330E-08	-1.93586693E-08	-4.47010667E-10	-5.92125846E-04	-3.95059601E-04	-1.72184639E-04	-5.44303935E-05
 4.450000E-01	-4.73548969E-08	-3.52458433E-08	-2.09444582E-08	-7.42898238E-10	-6.19350273E-04	-4.16433664E-04	-1.80676799E-04	-5.65558867E-05
 4.500000E-01	-4.92143032E-08	-3.73203268E-08	-2.28100650E-08	-9.32864191E-10	-6.47410703E-04	-4.38803946E-04	-1.89413703E-04	-5.86617761E-05
 4.550000E-01	-5.11141687E-08	-3.94543916E-08	-2.47158053E-08	-1.03966273E-09	-6.76316767E-04	-4.62224782E-04	-1.98392359E-04	-6.07366890E-05
 4.600000E-01	-5.31351368E-08	-4.13872961E-08	-2.63941447E-08	-1.05112590E-09	-7.06078310E-04	-4.86754214E-04	-2.07608100E-04	-6.27676899E-05
 4.650000E-01	-5.52284922E-08	-4.32571106E-08	-2.79972902E-08	-9.04520501E-10	-7.36704917E-04	-5.12452731E-04	-2.17053300E-04	-6.47400092E-05
 4.700000E-01	-5.73311180E-08	-4.52650013E-08	-2.97423651E-08	-5.82190919E-10	-7.68207272E-04	-5.39383443E-04	-2.26716114E-04	-6.66363013E-05
 4.750000E-01	-5.94747639E-08	-4.72993435E-08	-3.15413610E-08	-1.32773485E-10	-8.00597797E-04	-5.67613493E-04	-2.36580853E-04	-6.84366681E-05
 4.800000E-01	-6.16752480E-08	-4.92690038E-08	-3.33362781E-08	 4.32898589E-10	-8.33889407E-04	-5.97215006E-04	-2.46629019E-04	-7.01193699E-05
 4.850000E-01	-6.38418507E-08	-5.14332246E-08	-3.54001276E-08	 1.17244316E-09	-8.68094882E-04	-6.28265625E-04	-2.56839207E-04	-7.16609315E-05
 4.900000E-01	-6.59440588E-08	-5.39194171E-08	-3.78317242E-08	 2.08956867E-09	-9.03225833E-04	-6.60849241E-04	-2.67187137E-04	-7.30361702E-05
 4.950000E-01	-6.81331673E-08	-5.62910648E-08	-4.01648240E-08	 3.09236920E-09	-9.39289158E-04	-6.95055976E-04	-2.77646771E-04	-7.42190201E-05
 5.000000E-01	-7.04743166E-08	-5.82681531E-08	-4.21865523E-08	 4.12790149E-09	-9.76284396E-04	-7.30983333E-04	-2.88191697E-04	-7.51833095E-05
 5.050000E-01	-7.27308264E-08	-6.04154486E-08	-4.46181007E-08	 5.22621783E-09	-1.01420320E-03	-7.68738113E-04	-2.98795671E-04	-7.59030182E-05
 5.100000E-01	-7.46836402E-08	-6.33133846E-08	-4.81284828E-08	 6.35224376E-09	-1.05303109E-03	-8.08439855E-04	-3.09433257E-04	-7.63521552E-05
 5.150000E-01	-7.64248660E-08	-6.66660121E-08	-5.24010894E-08	 7.35417141E-09	-1.09274355E-03	-8.50219699E-04	-3.20079835E-04	-7.65045239E-05
 5.200000E-01	-7.80927741E-08	-6.99847049E-08	-5.69545885E-08	 8.13370713E-09	-1.13330382E-03	-8.94219553E-04	-3.30710445E-04	-7.63324651E-05
 5.250000E-01	-7.95946078E-08	-7.34367259E-08	-6.20284389E-08	 8.74972110E-09	-1.17466469E-03	-9.40592971E-04	-3.41298805E-04	-7.58067466E-05
 5.300000E-01	-8.07613057E-08	-7.74830906E-08	-6.81005295E-08	 9.32816509E-09	-1.21676960E-03	-9.89502739E-04	-3.51815617E-04	-7.48972380E-05
 5.350000E-01	-8.15550940E-08	-8.22736252E-08	-7.52242183E-08	 9.97319428E-09	-1.25955767E-03	-1.04112313E-03	-3.62225926E-04	-7.35701840E-05
 5.400000E-01	-8.21108345E-08	-8.74736168E-08	-8.29176924E-08	 1.07166781E-08	-1.30296290E-03	-1.09564069E-03	-3.72489111E-04	-7.17878017E-05
 5.450000E-01	-8.26758791E-08	-9.23835306E-08	-9.03798437E-08	 1.15260953E-08	-1.34691435E-03	-1.15325832E-03	-3.82560940E-04	-6.95092732E-05
 5.500000E-01	-8.32962596E-08	-9.68164327E-08	-9.74476607E-08	 1.25128951E-08	-1.39134406E-03	-1.21420674E-03	-3.92393308E-04	-6.66877281E-05
 5.550000E-01	-8.36354475E-08	-1.01720892E-07	-1.05130625E-07	 1.40336483E-08	-1.43618493E-03	-1.27873578E-03	-4.01929419E-04	-6.32713181E-05
 5.600000E-01	-8.35271705E-08	-1.07691973E-07	-1.13906346E-07	 1.62823622E-08	-1.48137327E-03	-1.34710544E-03	-4.11095713E-04	-5.92018185E-05
 5.650000E-01	-8.34034524E-08	-1.13575314E-07	-1.22406193E-07	 1.90016800E-08	-1.52685188E-03	-1.41958417E-03	-4.19797320E-04	-5.44131672E-05
 5.700000E-01	-8.36171537E-08	-1.18248660E-07	-1.29517130E-07	 2.20124367E-08	-1.57256225E-03	-1.49644141E-03	-4.27918888E-04	-4.88358714E-05
 5.750000E-01	-8.38400803E-08	-1.22556573E-07	-1.36259166E-07	 2.56697230E-08	-1.61845295E-03	-1.57796629E-03	-4.35325298E-04	-4.23927079E-05
 5.800000E-01	-8.36772007E-08	-1.27725992E-07	-1.43861949E-07	 3.03301826E-08	-1.66447652E-03	-1.66447568E-03	-4.41863560E-04	-3.49988358E-05
 5.850000E-01	-8.32835742E-08	-1.33387474E-07	-1.51815220E-07	 3.58087725E-08	-1.71057760E-03	-1.75631450E-03	-4.47368556E-04	-2.65661899E-05
 5.900000E-01	-8.29867055E-08	-1.38495582E-07	-1.59060846E-07	 4.17202663E-08	-1.75668711E-03	-1.85385915E-03	-4.51666494E-04	-1.70048378E-05
 5.950000E-01	-8.28232163E-08	-1.42780612E-07	-1.65475536E-07	 4.79149440E-08	-1.80271746E-03	-1.95751009E-03	-4.54573615E-04	-6.22492283E-06
 6.000000E-01	-8.25623426E-08	-1.46756014E-07	-1.71784687E-07	 5.44344853E-08	-1.84856384E-03	-2.06769314E-03	-4.55891884E-04	 5.86602441E-06
 6.050000E-01	-8.18582722E-08	-1.51284566E-07	-1.79041506E-07	 6.13780232E-08	-1.89410209E-03	-2.18485837E-03	-4.55406104E-04	 1.93638818E-05
 6.100000E-01	-8.04814406E-08	-1.56983639E-07	-1.87884922E-07	 6.87747518E-08	-1.93919067E-03	-2.30948825E-03	-4.52883306E-04	 3.43709219E-05
 6.150000E-01	-7.84734014E-08	-1.63742152E-07	-1.98061390E-07	 7.64672045E-08	-1.98367336E-03	-2.44210458E-03	-4.48073484E-04	 5.09971524E-05
 6.200000E-01	-7.59799133E-08	-1.71118049E-07	-2.08977085E-07	 8.42482524E-08	-2.02737712E-03	-2.58326041E-03	-4.40709439E-04	 6.93562729E-05
 6.250000E-01	-7.30628880E-08	-1.78927128E-07	-2.20322614E-07	 9.20648143E-08	-2.07011171E-03	-2.73354083E-03	-4.30503864E-04	 8.95660196E-05
 6.300000E-01	-6.96644893E-08	-1.87421542E-07	-2.32183797E-07	 1.00091850E-07	-2.11166990E-03	-2.89358032E-03	-4.17147689E-04	 1.11753525E-04
 6.350000E-01	-6.56502276E-08	-1.97219570E-07	-2.44880763E-07	 1.08702029E-07	-2.15181954E-03	-3.06405773E-03	-4.00317242E-04	 1.36046414E-04
 6.400000E-01	-6.10187436E-08	-2.08648039E-07	-2.58299788E-07	 1.18124246E-07	-2.19029700E-03	-3.24569021E-03	-3.79682053E-04	 1.62561982E-04
 6.450000E-01	-5.60270896E-08	-2.21173288E-07	-2.71508715E-07	 1.28147361E-07	-2.22680362E-03	-3.43930231E-03	-3.54911900E-04	 1.91424239E-04
 6.500000E-01	-5.09398203E-08	-2.34124143E-07	-2.83564893E-07	 1.38513471E-07	-2.26097928E-03	-3.64584729E-03	-3.25700221E-04	 2.22754000E-04
 6.550000E-01	-4.58291969E-08	-2.47511086E-07	-2.94167225E-07	 1.49332319E-07	-2.29238134E-03	-3.86634010E-03	-2.91772871E-04	 2.56635141E-04
 6.600000E-01	-4.07514454E-08	-2.61441824E-07	-3.03108512E-07	 1.60659801E-07	-2.32049398E-03	-4.10194695E-03	-2.52879315E-04	 2.93145248E-04
 6.650000E-01	-3.58800454E-08	-2.75417588E-07	-3.09830398E-07	 1.72057806E-07	-2.34468945E-03	-4.35406945E-03	-2.08807664E-04	 3.32379324E-04
 6.700000E-01	-3.13075405E-08	-2.89059945E-07	-3.14044254E-07	 1.83151611E-07	-2.36421846E-03	-4.62424017E-03	-1.59375746E-04	 3.74412964E-04
 6.750000E-01	-2.69277334E-08	-3.02892988E-07	-3.16126526E-07	 1.94189202E-07	-2.37827223E-03	-4.91407210E-03	-1.04362384E-04	 4.19309166E-04
 6.800000E-01	-2.27249328E-08	-3.17336984E-07	-3.16177474E-07	 2.05293764E-07	-2.38596121E-03	-5.22518651E-03	-4.35317164E-05	 4.67075563E-04
 6.850000E-01	-1.89627679E-08	-3.31561039E-07	-3.13383269E-07	 2.15668037E-07	-2.38629528E-03	-5.55944007E-03	 2.33807753E-05	 5.17754405E-04
 6.900000E-01	-1.59450866E-08	-3.44100245E-07	-3.06823173E-07	 2.24027476E-07	-2.37818954E-03	-5.91889202E-03	 9.66922520E-05	 5.71408384E-04
 6.950000E-01	-1.37758483E-08	-3.53959779E-07	-2.96312857E-07	 2.29383934E-07	-2.36045131E-03	-6.30557176E-03	 1.76729918E-04	 6.28003245E-04
 7.000000E-01	-1.22336883E-08	-3.61503497E-07	-2.82786628E-07	 2.31827873E-07	-2.33176351E-03	-6.72173443E-03	 2.63870580E-04	 6.87515736E-04
 7.050000E-01	-1.08383415E-08	-3.68685662E-07	-2.68020759E-07	 2.32730688E-07	-2.29066481E-03	-7.16988773E-03	 3.58549580E-04	 7.49931449E-04
 7.100000E-01	-9.39148973E-09	-3.76769889E-07	-2.52859911E-07	 2.32847803E-07	-2.23558082E-03	-7.65260519E-03	 4.61269641E-04	 8.15162084E-04
 7.150000E-01	-8.22120307E-09	-3.84380842E-07	-2.36384738E-07	 2.30879587E-07	-2.16486269E-03	-8.17252088E-03	 5.72641274E-04	 8.83045550E-04
 7.200000E-01	-7.51695476E-09	-3.90207769E-07	-2.18053505E-07	 2.25918127E-07	-2.07677011E-03	-8.73236169E-03	 6.93381133E-04	 9.53339957E-04
 7.250000E-01	-6.97627033E-09	-3.95706644E-07	-1.98944224E-07	 2.19546219E-07	-1.96944913E-03	-9.33502681E-03	 8.24327332E-04	 1.02573030E-03
 7.300000E-01	-6.53666465E-09	-4.02062890E-07	-1.79469477E-07	 2.12962234E-07	-1.84091934E-03	-9.98362100E-03	 9.66453797E-04	 1.09981018E-03
 7.350000E-01	-6.74233043E-09	-4.07135766E-07	-1.58117971E-07	 2.04508215E-07	-1.68906677E-03	-1.06814172E-02	 1.12086947E-03	 1.17503377E-03
 7.400000E-01	-7.85655391E-09	-4.09002552E-07	-1.34202192E-07	 1.92927604E-07	-1.51165114E-03	-1.14318030E-02	 1.28882819E-03	 1.25066396E-03
 7.450000E-01	-9.39313142E-09	-4.09559059E-07	-1.09421146E-07	 1.80190689E-07	-1.30629254E-03	-1.22384377E-02	 1.47180299E-03	 1.32582418E-03
 7.500000E-01	-1.10352883E-08	-4.11064639E-07	-8.50621330E-08	 1.68248165E-07	-1.07050991E-03	-1.31050636E-02	 1.67147419E-03	 1.39937704E-03
 7.550000E-01	-1.31660611E-08	-4.12468535E-07	-6.02504790E-08	 1.56154070E-07	-8.01778479E-04	-1.40354143E-02	 1.88976604E-03	 1.46985518E-03
 7.600000E-01	-1.60932156E-08	-4.12174430E-07	-3.42355435E-08	 1.42740069E-07	-4.97415837E-04	-1.50335685E-02	 2.12890756E-03	 1.53556487E-03
 7.650000E-01	-1.96000083E-08	-4.11027069E-07	-7.87268581E-09	 1.28962311E-07	-1.54580127E-04	-1.61038318E-02	 2.39140508E-03	 1.59446134E-03
 7.700000E-01	-2.36459690E-08	-4.09878374E-07	 1.83518050E-08	 1.15642359E-07	 2.29563702E-04	-1.72505811E-02	 2.68017188E-03	 1.64407137E-03
 7.750000E-01	-2.87175090E-08	-4.07211687E-07	 4.54384106E-08	 1.01701297E-07	 6.57824438E-04	-1.84781720E-02	 2.99850774E-03	 1.68140948E-03
 7.800000E-01	-3.49513663E-08	-4.01995526E-07	 7.35139633E-08	 8.65558310E-08	 1.13300595E-03	-1.97913166E-02	 3.35027649E-03	 1.70314637E-03
 7.850000E-01	-4.16939668E-08	-3.96215552E-07	 1.00580966E-07	 7.18034672E-08	 1.65761126E-03	-2.11943021E-02	 3.73981322E-03	 1.70520539E-03
 7.900000E-01	-4.85187682E-08	-3.91928009E-07	 1.25278150E-07	 5.89260025E-08	 2.23403759E-03	-2.26913621E-02	 4.17193266E-03	 1.68278972E-03
 7.950000E-01	-5.58457728E-08	-3.88413715E-07	 1.48601628E-07	 4.74565030E-08	 2.86505655E-03	-2.42878801E-02	 4.65216875E-03	 1.63073571E-03
 8.000000E-01	-6.41841171E-08	-3.84079738E-07	 1.71833977E-07	 3.64054566E-08	 3.55320873E-03	-2.59887028E-02	 5.18645383E-03	 1.54266909E-03
 8.050000E-01	-7.35717647E-08	-3.78695943E-07	 1.94969750E-07	 2.56343461E-08	 4.30063521E-03	-2.77987588E-02	 5.78160098E-03	 1.41141053E-03
 8.100000E-01	-8.38677423E-08	-3.72705548E-07	 2.17477931E-07	 1.52166396E-08	 5.10889308E-03	-2.97228944E-02	 6.44526927E-03	 1.22900190E-03
 8.150000E-01	-9.49656271E-08	-3.66297133E-07	 2.38955017E-07	 4.86499950E-09	 5.97812390E-03	-3.17649850E-02	 7.18604991E-03	 9.86586948E-04
 8.200000E-01	-1.06453092E-07	-3.60130599E-07	 2.58392668E-07	-5.52072838E-09	 6.90713257E-03	-3.39278621E-02	 8.01323077E-03	 6.74333159E-04
 8.250000E-01	-1.17586212E-07	-3.55756934E-07	 2.74146697E-07	-1.54626177E-08	 7.89470967E-03	-3.62151006E-02	 8.93667752E-03	 2.81702898E-04
 8.300000E-01	-1.28405845E-07	-3.53597215E-07	 2.86331913E-07	-2.46197232E-08	 8.93963880E-03	-3.86304864E-02	 9.96656957E-03	-2.03057533E-04
 8.350000E-01	-1.40160141E-07	-3.51676584E-07	 2.97580810E-07	-3.33579536E-08	 1.00402663E-02	-4.11772641E-02	 1.11131352E-02	-7.93060133E-04
 8.400000E-01	-1.53517035E-07	-3.48436109E-07	 3.09240040E-07	-4.21053438E-08	 1.11936612E-02	-4.38584085E-02	 1.23870831E-02	-1.50187674E-03
 8.450000E-01	-1.67539368E-07	-3.44937261E-07	 3.19389504E-07	-5.07701732E-08	 1.23940256E-02	-4.66741123E-02	 1.37987564E-02	-2.34353814E-03
 8.500000E-01	-1.81352492E-07	-3.42605562E-07	 3.26370436E-07	-5.91016575E-08	 1.36339000E-02	-4.96242254E-02	 1.53582866E-02	-3.33135472E-03
 8.550000E-01	-1.95263392E-07	-3.41118983E-07	 3.30952519E-07	-6.71260752E-08	 1.49048976E-02	-5.27078583E-02	 1.70747644E-02	-4.47874024E-03
 8.600000E-01	-2.09569484E-07	-3.39822326E-07	 3.33903819E-07	-7.50645891E-08	 1.61983661E-02	-5.59227330E-02	 1.89557546E-02	-5.80066249E-03
 8.650000E-01	-2.23783774E-07	-3.39110660E-07	 3.34493977E-07	-8.30793217E-08	 1.75071213E-02	-5.92663441E-02	 2.10074181E-02	-7.31499188E-03
 8.700000E-01	-2.37842929E-07	-3.39263061E-07	 3.32681054E-07	-9.10185503E-08	 1.88250023E-02	-6.27352820E-02	 2.32344430E-02	-9.04317071E-03
 8.750000E-01	-2.52686523E-07	-3.39460354E-07	 3.30117529E-07	-9.85616901E-08	 2.01438419E-02	-6.63223069E-02	 2.56392737E-02	-1.10089632E-02
 8.800000E-01	-2.68361811E-07	-3.39230342E-07	 3.27003029E-07	-1.06066500E-07	 2.14522915E-02	-7.00159676E-02	 2.82213400E-02	-1.32361467E-02
 8.850000E-01	-2.83165804E-07	-3.39547608E-07	 3.20773958E-07	-1.14578987E-07	 2.27368030E-02	-7.38015231E-02	 3.09764890E-02	-1.57476130E-02
 8.900000E-01	-2.96553348E-07	-3.41082625E-07	 3.10673745E-07	-1.24100237E-07	 2.39831082E-02	-7.76605160E-02	 3.38960286E-02	-1.85668623E-02
 8.950000E-01	-3.10699639E-07	-3.42762084E-07	 3.00014451E-07	-1.33113099E-07	 2.51763354E-02	-8.15684167E-02	 3.69659465E-02	-2.17206782E-02
 9.000000E-01	-3.27049994E-07	-3.43410962E-07	 2.90918074E-07	-1.40992388E-07	 2.63026769E-02	-8.54934859E-02	 4.01654935E-02	-2.52411733E-02
 9.050000E-01	-3.44041212E-07	-3.43275140E-07	 2.81124035E-07	-1.49110172E-07	 2.73482266E-02	-8.93993676E-02	 4.34671226E-02	-2.91590108E-02
 9.100000E-01	-3.59682741E-07	-3.43017325E-07	 2.67869816E-07	-1.58828310E-07	 2.82958163E-02	-9.32355649E-02	 4.68268934E-02	-3.35039281E-02
 9.150000E-01	-3.73993495E-07	-3.42545331E-07	 2.51406724E-07	-1.70055650E-07	 2.91163034E-02	-9.69513711E-02	 5.02035439E-02	-3.82743870E-02
 9.200000E-01	-3.87974225E-07	-3.41511036E-07	 2.33073131E-07	-1.81400127E-07	 2.98074983E-02	-1.00458321E-01	 5.35028930E-02	-4.35332409E-02
 9.250000E-01	-4.03593614E-07	-3.39636255E-07	 2.15368000E-07	-1.91096127E-07	 3.03221693E-02	-1.03699183E-01	 5.66973466E-02	-4.92278815E-02
 9.300000E-01	-4.20158927E-07	-3.36188427E-07	 1.96756290E-07	-1.99754034E-07	 3.06774344E-02	-1.06513045E-01	 5.96208150E-02	-5.54876094E-02
 9.350000E-01	-4.35283416E-07	-3.31861157E-07	 1.72820653E-07	-2.07636350E-07	 3.09060610E-02	-1.08743246E-01	 6.20591978E-02	-6.23916758E-02
 9.400000E-01	-4.48826799E-07	-3.24471600E-07	 1.44901152E-07	-2.17143118E-07	 3.08592461E-02	-1.10276523E-01	 6.40727651E-02	-6.97710606E-02
 9.450000E-01	-4.61849345E-07	-3.11429403E-07	 1.13169901E-07	-2.30719676E-07	 3.03795725E-02	-1.11126636E-01	 6.59072545E-02	-7.71244234E-02
 9.500000E-01	-4.72366640E-07	-3.04215353E-07	 7.60094190E-08	-2.20320977E-07	 2.93990120E-02	-1.10310697E-01	 6.66924155E-02	-8.57569152E-02
 9.550000E-01	-4.80371697E-07	-2.67389538E-07	 2.93447458E-08	-2.27470693E-07	 2.65145522E-02	-1.08420749E-01	 6.82258121E-02	-9.29948174E-02
 9.600000E-01	-4.90345319E-07	-2.23404953E-07	-2.01480503E-08	-2.28279210E-07	 2.29394600E-02	-1.05284336E-01	 6.86470366E-02	-9.93958226E-02
 9.650000E-01	-4.86660304E-07	-1.82112455E-07	-4.23135077E-08	-2.21701169E-07	 1.96006917E-02	-1.02154411E-01	 6.84441956E-02	-1.02595478E-01
 9.700000E-01	-5.06206942E-07	-1.22750362E-07	-8.55380630E-08	-2.52761512E-07	 1.23846461E-02	-9.92027555E-02	 7.10931165E-02	-1.04893402E-01
 9.750000E-01	-5.13155756E-07	 9.60712392E-08	-4.69024739E-09	-1.12547990E-07	-1.25846873E-02	-7.65118034E-02	 5.54452010E-02	-6.17589496E-02
 9.800000E-01	-4.90257375E-07	 6.02175354E-07	 2.15786178E-07	 8.70667306E-08	-5.95390250E-02	-2.14105775E-02	 4.85676698E-02	 2.80431397E-02
 9.850000E-01	 1.24410442E-07	 7.28000245E-07	 3.24112752E-07	 5.07464460E-07	-3.85799558E-02	 7.82084687E-02	-7.25161575E-02	 1.33892470E-01
 9.900000E-01	 1.21189892E-07	-3.20966726E-07	 1.00536456E-06	 8.78601971E-07	 8.20646362E-04	 3.32497757E-02	-9.97497924E-02	 2.08618989E-01
 9.950000E-01	-2.93510351E-06	-3.52485213E-06	 3.14711408E-06	 4.82032445E-06	 8.46701978E-02	-3.78370907E-01	-3.24056314E-01	 5.57881485E-01
 1.000000E+00	 0.00000000E+00	 0.00000000E+00	 0.00000000E+00	 0.00000000E+00	 0.00000000E+00	 0.00000000E+00	 0.00000000E+00	 0.00000000E+00
