r	R  7/ 7	R  8/ 7	R  9/ 7	R 10/ 7	I  7/ 7	I  8/ 7	I  9/ 7	I 10/ 7
 0.000000E+00	 0.00000000E+00	 0.00000000E+00	 0.00000000E+00	 0.00000000E+00	 0.00000000E+00	 0.00000000E+00	 0.00000000E+00	 0.00000000E+00
 5.000000E-03	 4.95838427E-15	-7.64767779E-15	-2.10524965E-15	 1.44073309E-15	 5.86481077E-12	-8.98591038E-14	-8.72128359E-12	 8.33216192E-14
 1.000000E-02	 6.14859589E-14	-4.62288395E-14	-3.96835584E-15	-2.44374829E-15	 2.15301177E-11	-5.94885149E-14	-3.60620959E-11	-1.13165720E-12
 1.500000E-02	 3.03028879E-13	-1.53349236E-13	 7.79492751E-14	-2.79253059E-14	 5.53353180E-11	 2.08095196E-13	-1.00853861E-10	-6.93518300E-12
 2.000000E-02	 9.08938162E-13	-3.52541371E-13	 4.47439441E-13	-6.59100412E-14	 1.01794358E-10	 5.12719100E-13	-2.21338186E-10	-2.30005653E-11
 2.500000E-02	 1.78726442E-12	-6.35359694E-13	 1.61560098E-12	-1.70614212E-14	 1.18649654E-10	-1.24850917E-12	-4.15226554E-10	-5.72150131E-11
 3.000000E-02	 1.46356509E-12	-9.88572886E-13	 4.20243160E-12	 5.21948714E-13	-1.67474322E-11	-1.18101596E-11	-6.99598116E-10	-1.19262679E-10
 3.500000E-02	-1.91731960E-12	-9.84738553E-13	 5.59625675E-12	 9.53431345E-13	-5.73448954E-10	-4.79567693E-11	-1.09025897E-09	-2.22238053E-10
 4.000000E-02	-5.30222641E-12	-2.45369337E-14	 2.00866483E-12	-4.90818996E-13	-2.05854042E-09	-1.58930663E-10	-1.60415016E-09	-3.82075194E-10
 4.500000E-02	-4.24669522E-12	 1.20310533E-12	-1.54454166E-12	-2.32072269E-12	-5.32711365E-09	-4.55040111E-10	-2.26608487E-09	-6.13589558E-10
 5.000000E-02	-2.89589303E-12	 1.74222344E-12	 3.53535807E-12	-1.51157111E-12	-1.17191725E-08	-1.11087381E-09	-3.10720976E-09	-9.32358111E-10
 5.500000E-02	-1.69948257E-11	-1.68962625E-13	 2.88987465E-11	 7.63579492E-12	-2.32289301E-08	-2.38748586E-09	-4.16645669E-09	-1.34888664E-09
 6.000000E-02	-7.74744349E-11	-4.75726231E-12	 7.65698415E-11	 2.99332426E-11	-4.26741070E-08	-4.64460149E-09	-5.48636623E-09	-1.85468186E-09
 6.500000E-02	-1.83852100E-10	 6.15681998E-12	 7.70954406E-11	 2.82639885E-11	-7.37726333E-08	-8.38040337E-09	-7.10305120E-09	-2.43588709E-09
 7.000000E-02	-2.54134612E-10	 5.39787076E-11	-4.02627518E-11	-4.54700554E-11	-1.21271051E-07	-1.45389426E-08	-9.16009107E-09	-3.08612766E-09
 7.500000E-02	-2.05924962E-10	 1.37066871E-10	-2.45432311E-10	-1.84689801E-10	-1.91326238E-07	-2.45867343E-08	-1.19786216E-08	-3.79208678E-09
 8.000000E-02	 1.87876637E-12	 2.48241858E-10	-4.79416667E-10	-3.58827130E-10	-2.91658587E-07	-4.02625773E-08	-1.59629969E-08	-4.52354389E-09
 8.500000E-02	 3.70051814E-10	 3.57861909E-10	-6.27605501E-10	-4.76421043E-10	-4.32393347E-07	-6.38238496E-08	-2.17186228E-08	-5.24547824E-09
 9.000000E-02	 8.02617093E-10	 4.23925192E-10	-5.58972804E-10	-4.34180305E-10	-6.25611959E-07	-9.75522810E-08	-2.97482330E-08	-5.82699084E-09
 9.500000E-02	 1.10660934E-09	 3.83796937E-10	-1.43528438E-10	-1.18524725E-10	-8.87454945E-07	-1.44372854E-07	-4.07495388E-08	-6.01948527E-09
 1.000000E-01	 1.03021257E-09	 2.09443749E-10	 5.96947872E-10	 4.96125653E-10	-1.23810459E-06	-2.07791889E-07	-5.54290656E-08	-5.28852337E-09
 1.050000E-01	 8.14794262E-10	 2.21759217E-10	 9.49482880E-10	 7.67696499E-10	-1.71222984E-06	-2.96145477E-07	-7.62019470E-08	-3.43416042E-09
 1.100000E-01	 1.28406136E-09	 7.65230131E-10	 3.90138267E-10	 1.41829873E-10	-2.35128592E-06	-4.23541126E-07	-1.07484845E-07	-1.02222737E-09
 1.150000E-01	 2.47385264E-09	 1.48083376E-09	-1.78634887E-10	-5.01825532E-10	-3.21874893E-06	-6.14658776E-07	-1.59031521E-07	-2.44537977E-10
 1.200000E-01	 3.50849420E-09	 1.83246359E-09	 2.04487733E-10	-1.37130643E-10	-4.37391430E-06	-8.90287418E-07	-2.36962352E-07	-1.77182746E-09
 1.250000E-01	 3.85699723E-09	 1.72649553E-09	 1.47420029E-09	 1.24339028E-09	-5.83798474E-06	-1.25354031E-06	-3.37256303E-07	-2.56133694E-09
 1.300000E-01	 3.38568355E-09	 1.29952727E-09	 3.19190879E-09	 3.19478104E-09	-7.68583693E-06	-1.73060694E-06	-4.69992041E-07	-4.11644314E-09
 1.350000E-01	 2.66674229E-09	 1.30106890E-09	 4.34564287E-09	 4.28338583E-09	-9.99870352E-06	-2.35246772E-06	-6.46189947E-07	-8.25083240E-09
 1.400000E-01	 3.02983331E-09	 2.57240543E-09	 4.15936639E-09	 3.41161198E-09	-1.28734900E-05	-3.16293519E-06	-8.83568056E-07	-1.98266905E-08
 1.450000E-01	 5.01992800E-09	 4.88879072E-09	 3.14934685E-09	 1.55467224E-09	-1.63855377E-05	-4.20203643E-06	-1.20336994E-06	-4.64763786E-08
 1.500000E-01	 8.10451873E-09	 7.30412719E-09	 2.47977926E-09	 4.65704638E-10	-2.04940123E-05	-5.45858000E-06	-1.61106252E-06	-9.24670414E-08
 1.550000E-01	 9.29220745E-09	 6.73352732E-09	 4.60026463E-09	 4.36028449E-09	-2.53920220E-05	-7.01559956E-06	-2.14259174E-06	-1.72757999E-07
 1.600000E-01	 4.30649952E-09	 6.68926869E-10	 9.96198351E-09	 1.48880689E-08	-3.11742596E-05	-8.90369181E-06	-2.80553168E-06	-2.88309294E-07
 1.650000E-01	-2.08122972E-09	-3.42582190E-09	 1.21115323E-08	 1.96047371E-08	-3.79018414E-05	-1.11392966E-05	-3.60179691E-06	-4.37049767E-07
 1.700000E-01	 9.42702273E-10	 3.08834770E-09	 7.01181331E-09	 8.84104102E-09	-4.55925119E-05	-1.37536284E-05	-4.55388054E-06	-6.33495294E-07
 1.750000E-01	 9.34442248E-09	 1.08208074E-08	 2.20081936E-09	-9.72032668E-10	-5.41633454E-05	-1.67137521E-05	-5.65081307E-06	-8.83525866E-07
 1.800000E-01	 9.02571839E-09	 6.40573637E-09	 3.88737709E-09	 6.43177809E-09	-6.43591269E-05	-2.03414728E-05	-6.99696018E-06	-1.22290148E-06
 1.850000E-01	 2.77986609E-10	-4.59701084E-09	 7.10053422E-09	 1.96840041E-08	-7.65953105E-05	-2.48422403E-05	-8.68174060E-06	-1.68042372E-06
 1.900000E-01	-7.08773225E-09	-1.09878960E-08	 6.82666205E-09	 2.40974371E-08	-9.06801714E-05	-3.01498550E-05	-1.06999737E-05	-2.25897718E-06
 1.950000E-01	-9.78095712E-09	-1.08392186E-08	 4.23869540E-09	 1.92278608E-08	-1.06771447E-04	-3.63672036E-05	-1.31037823E-05	-2.98616142E-06
 2.000000E-01	-8.07064568E-09	-5.50386217E-09	 1.31556167E-09	 8.58201486E-09	-1.25082778E-04	-4.36222322E-05	-1.59627173E-05	-3.89880120E-06
 2.050000E-01	-3.03458608E-09	 2.23378893E-09	-1.22482613E-09	-3.17044177E-09	-1.45634367E-04	-5.19198217E-05	-1.92988624E-05	-5.02077422E-06
 2.100000E-01	 2.93236376E-09	 9.00006681E-09	-2.93027538E-09	-1.18306086E-08	-1.68092005E-04	-6.10473179E-05	-2.30215985E-05	-6.32516517E-06
 2.150000E-01	 7.27420635E-09	 1.19664269E-08	-3.76121538E-09	-1.47874843E-08	-1.92722185E-04	-7.11362950E-05	-2.71523256E-05	-7.80730738E-06
 2.200000E-01	 7.50654893E-09	 9.12658039E-09	-4.43847954E-09	-1.18124570E-08	-2.19646880E-04	-8.22641062E-05	-3.17195542E-05	-9.46901559E-06
 2.250000E-01	 5.94389058E-09	 5.71908198E-09	-4.93181309E-09	-9.37812704E-09	-2.48957994E-04	-9.44883643E-05	-3.67465326E-05	-1.13097676E-05
 2.300000E-01	 7.49873358E-09	 8.59449693E-09	-3.87602632E-09	-1.23884230E-08	-2.81046124E-04	-1.08090884E-04	-4.23731587E-05	-1.33813230E-05
 2.350000E-01	 1.15941745E-08	 1.56522050E-08	-7.94657787E-10	-1.74280516E-08	-3.16319628E-04	-1.23386331E-04	-4.87726941E-05	-1.57560155E-05
 2.400000E-01	 1.55630039E-08	 2.27999701E-08	 2.99689425E-09	-2.14624493E-08	-3.54494216E-04	-1.40203914E-04	-5.58765112E-05	-1.84017070E-05
 2.450000E-01	 2.17358812E-08	 3.29786174E-08	 6.08543648E-09	-2.60909935E-08	-3.95579065E-04	-1.58533630E-04	-6.36667117E-05	-2.12965774E-05
 2.500000E-01	 3.01949739E-08	 4.32982164E-08	 7.14721991E-09	-2.65150848E-08	-4.39492104E-04	-1.78310748E-04	-7.20939701E-05	-2.44021697E-05
 2.550000E-01	 1.39466206E-08	 1.00122240E-08	-6.49770191E-09	 2.81458806E-09	-4.85630194E-04	-1.99056094E-04	-8.08553468E-05	-2.75504405E-05
 2.600000E-01	-5.64148668E-08	-9.95687251E-08	-4.98604945E-08	 6.07841249E-08	-5.34288431E-04	-2.20889262E-04	-8.99603745E-05	-3.07018084E-05
 2.650000E-01	-1.16607193E-07	-1.64977852E-07	-8.06863507E-08	 6.39852589E-08	-5.85937415E-04	-2.44160425E-04	-9.96328512E-05	-3.39447602E-05
 2.700000E-01	-7.11095981E-08	-5.54128076E-08	-3.76134985E-08	-2.05807416E-08	-6.40166795E-04	-2.68638029E-04	-1.09817449E-04	-3.73043997E-05
 2.750000E-01	-7.09362740E-10	 5.81792398E-08	 1.40554910E-08	-6.51873072E-08	-6.97200529E-04	-2.94520282E-04	-1.20707469E-04	-4.09787448E-05
 2.800000E-01	-5.27502951E-08	-4.46178396E-08	-3.33737037E-08	-1.76062636E-09	-7.56719183E-04	-3.21282913E-04	-1.31770892E-04	-4.46006422E-05
 2.850000E-01	-1.48539859E-07	-1.85883286E-07	-1.02779929E-07	 4.06867960E-08	-8.17811588E-04	-3.47914057E-04	-1.42045077E-04	-4.74605457E-05
 2.900000E-01	-1.23143165E-07	-1.06201252E-07	-5.60204194E-08	-1.15748512E-08	-8.80064123E-04	-3.74518291E-04	-1.51811956E-04	-4.98590842E-05
 2.950000E-01	-3.40608216E-08	 5.32353063E-08	 4.19955393E-08	-5.41157863E-08	-9.40616166E-04	-3.98815977E-04	-1.59519100E-04	-5.10808368E-05
 3.000000E-01	-2.26170816E-08	 6.08347444E-08	 6.05861787E-08	-2.58096679E-08	-1.00127062E-03	-4.22017510E-04	-1.65820644E-04	-5.16517368E-05
 3.050000E-01	-5.27398704E-08	 1.11510023E-08	 4.65408485E-08	 5.35904619E-09	-1.06630235E-03	-4.47717030E-04	-1.73078250E-04	-5.31006144E-05
 3.100000E-01	-2.60587394E-08	 7.21678337E-08	 1.00046816E-07	 1.31802505E-09	-1.13554391E-03	-4.75855205E-04	-1.81017294E-04	-5.53542073E-05
 3.150000E-01	 2.84831592E-08	 1.74222652E-07	 1.80243367E-07	 1.60927005E-09	-1.21277051E-03	-5.10245230E-04	-1.92566233E-04	-6.04213746E-05
 3.200000E-01	 3.87282963E-08	 1.91632600E-07	 2.03042617E-07	 2.31701489E-08	-1.29555512E-03	-5.48412550E-04	-2.05542296E-04	-6.67061571E-05
 3.250000E-01	 1.31528227E-08	 1.51539702E-07	 1.80529584E-07	 4.03939007E-08	-1.38192197E-03	-5.88374572E-04	-2.18301714E-04	-7.26525958E-05
 3.300000E-01	-1.29777553E-08	 1.16990255E-07	 1.52801883E-07	 3.97391190E-08	-1.47298174E-03	-6.31825982E-04	-2.32949579E-04	-7.91335095E-05
 3.350000E-01	-4.67739904E-08	 6.81822865E-08	 1.07331194E-07	 2.79132960E-08	-1.56420356E-03	-6.75162970E-04	-2.48062944E-04	-8.47263989E-05
 3.400000E-01	-1.04371758E-07	-2.38808285E-08	 2.36667566E-08	 3.75194256E-09	-1.65278011E-03	-7.15872810E-04	-2.63053410E-04	-8.84780200E-05
 3.450000E-01	-1.54294746E-07	-9.76640905E-08	-5.54820137E-08	-4.31121901E-08	-1.73368819E-03	-7.49190189E-04	-2.75216082E-04	-8.81902634E-05
 3.500000E-01	-1.61719483E-07	-1.00689297E-07	-9.02953303E-08	-1.00500648E-07	-1.80772560E-03	-7.76627855E-04	-2.86479287E-04	-8.54531891E-05
 3.550000E-01	-2.06616412E-07	-1.98135895E-07	-2.02652280E-07	-1.42673781E-07	-1.87614634E-03	-7.98618460E-04	-2.95922766E-04	-8.06048770E-05
 3.600000E-01	-3.89191457E-07	-5.46642618E-07	-5.07728244E-07	-1.91103146E-07	-1.94530251E-03	-8.18605773E-04	-3.02787059E-04	-7.45783210E-05
 3.650000E-01	-5.70402223E-07	-8.35447948E-07	-7.46234141E-07	-2.74359878E-07	-2.02729682E-03	-8.45226571E-04	-3.09460894E-04	-7.04605589E-05
 3.700000E-01	-5.34038326E-07	-6.83885363E-07	-6.04102631E-07	-3.40879675E-07	-2.12295232E-03	-8.77240913E-04	-3.11774906E-04	-6.64305873E-05
 3.750000E-01	-3.48111007E-07	-2.78526417E-07	-2.43668891E-07	-3.41448029E-07	-2.22535306E-03	-9.08720753E-04	-3.05954304E-04	-5.97577816E-05
 3.800000E-01	-1.98696127E-07	 2.05749576E-08	 2.71624229E-08	-2.93548232E-07	-2.33147230E-03	-9.41085443E-04	-2.98922009E-04	-5.33830460E-05
 3.850000E-01	-2.06065217E-07	 3.79844443E-09	 3.08526571E-08	-2.36635516E-07	-2.44363536E-03	-9.81988589E-04	-3.03563746E-04	-5.36202564E-05
 3.900000E-01	-4.27890089E-07	-3.96121560E-07	-2.88103786E-07	-2.31028873E-07	-2.55646680E-03	-1.02647251E-03	-3.16592837E-04	-5.71904732E-05
 3.950000E-01	-5.99450767E-07	-6.53956023E-07	-4.77052054E-07	-2.69907910E-07	-2.67274000E-03	-1.07292152E-03	-3.31187210E-04	-6.07923945E-05
 4.000000E-01	-3.91185477E-07	-2.06266914E-07	-5.44812626E-08	-2.37555801E-07	-2.79547776E-03	-1.12422387E-03	-3.49038000E-04	-6.69704196E-05
 4.050000E-01	-1.84188445E-08	 4.84326303E-07	 5.62381055E-07	-1.21319872E-07	-2.93106581E-03	-1.18810403E-03	-3.77650832E-04	-8.11933722E-05
 4.100000E-01	 1.21755629E-07	 6.97728790E-07	 7.37086267E-07	-3.96566020E-08	-3.06503134E-03	-1.24749824E-03	-4.01476132E-04	-9.21239401E-05
 4.150000E-01	-9.87262202E-08	 2.46860668E-07	 3.22479999E-07	-6.17087055E-08	-3.17477999E-03	-1.27697883E-03	-3.98154969E-04	-8.36341535E-05
 4.200000E-01	-6.39690018E-07	-7.33884783E-07	-5.47497517E-07	-2.25473580E-07	-3.28005890E-03	-1.29763413E-03	-3.85643636E-04	-6.81549380E-05
 4.250000E-01	-9.48573734E-07	-1.20408219E-06	-9.53453916E-07	-4.06951270E-07	-3.40380603E-03	-1.33434010E-03	-3.84962558E-04	-6.00639160E-05
 4.300000E-01	-4.54469616E-07	-2.18414070E-07	-5.52280073E-08	-3.08900312E-07	-3.53481247E-03	-1.37647269E-03	-3.88593051E-04	-5.51652490E-05
 4.350000E-01	 1.01425800E-07	 7.78351582E-07	 8.71907098E-07	-2.07082223E-08	-3.66858458E-03	-1.41935706E-03	-3.92933067E-04	-5.14874647E-05
 4.400000E-01	-2.52474597E-07	 1.15828395E-07	 3.43240624E-07	 3.42059781E-08	-3.80980992E-03	-1.46599401E-03	-3.98727964E-04	-4.85723865E-05
 4.450000E-01	-7.67840138E-07	-7.39303624E-07	-3.48519238E-07	-7.72642798E-08	-3.95556256E-03	-1.51284053E-03	-4.02832967E-04	-4.39816615E-05
 4.500000E-01	-3.57689043E-07	 8.97738545E-08	 4.58835316E-07	 9.05692345E-08	-4.10034994E-03	-1.55632104E-03	-4.04302378E-04	-3.81815812E-05
 4.550000E-01	 2.86529226E-07	 1.24743448E-06	 1.55480657E-06	 4.51191038E-07	-4.24514057E-03	-1.59865552E-03	-4.05779276E-04	-3.35773327E-05
 4.600000E-01	 1.09899113E-07	 9.06148584E-07	 1.30277245E-06	 5.47413093E-07	-4.38867247E-03	-1.63747466E-03	-4.04812209E-04	-2.83727023E-05
 4.650000E-01	-3.12642500E-07	 1.86091289E-07	 6.92404206E-07	 4.34434924E-07	-4.53964765E-03	-1.68068162E-03	-4.06735765E-04	-2.53144799E-05
 4.700000E-01	-9.12691049E-08	 6.19766150E-07	 1.09020241E-06	 4.90930002E-07	-4.69261887E-03	-1.72235449E-03	-4.06314477E-04	-2.05735421E-05
 4.750000E-01	 1.62628129E-07	 1.05788695E-06	 1.49063299E-06	 6.22482075E-07	-4.83683325E-03	-1.75130195E-03	-3.95063916E-04	-9.03793112E-06
 4.800000E-01	-3.78954343E-07	 1.12819114E-07	 6.70070425E-07	 4.50303833E-07	-4.98147358E-03	-1.77634093E-03	-3.80243542E-04	 4.22690675E-06
 4.850000E-01	-7.56259495E-07	-4.53502044E-07	 1.88987447E-07	 1.78207607E-07	-5.14167705E-03	-1.81182950E-03	-3.72757216E-04	 1.23114048E-05
 4.900000E-01	 1.75953963E-07	 1.24631072E-06	 1.70808906E-06	 3.40433314E-07	-5.30754992E-03	-1.84657186E-03	-3.63933983E-04	 2.03330069E-05
 4.950000E-01	 9.03338443E-07	 2.43322291E-06	 2.69497722E-06	 5.30798341E-07	-5.46389333E-03	-1.86431829E-03	-3.41515562E-04	 3.54928963E-05
 5.000000E-01	-4.31989541E-07	 1.51747365E-08	 3.68334263E-07	-1.42058442E-07	-5.61695591E-03	-1.86978576E-03	-3.08393550E-04	 5.66994330E-05
 5.050000E-01	-2.08156770E-06	-2.77063555E-06	-2.27972234E-06	-1.21142667E-06	-5.76772877E-03	-1.86042941E-03	-2.59015281E-04	 9.02773240E-05
 5.100000E-01	-1.68047157E-06	-1.93581129E-06	-1.61140861E-06	-1.55620528E-06	-5.93055952E-03	-1.85364211E-03	-2.11168181E-04	 1.21665068E-04
 5.150000E-01	-6.32869110E-07	-9.31981423E-08	-2.28624861E-08	-1.44042435E-06	-6.13214444E-03	-1.88167959E-03	-1.94867723E-04	 1.28207971E-04
 5.200000E-01	-1.09215796E-06	-8.86081522E-07	-8.00921027E-07	-1.74668463E-06	-6.33903131E-03	-1.90599506E-03	-1.75545367E-04	 1.35281185E-04
 5.250000E-01	-2.29570443E-06	-2.85949043E-06	-2.56404812E-06	-2.32015621E-06	-6.48687570E-03	-1.85405528E-03	-9.32250080E-05	 1.83541954E-04
 5.300000E-01	-2.75041278E-06	-3.44801492E-06	-2.96972009E-06	-2.57434085E-06	-6.62107325E-03	-1.77837866E-03	 6.72564147E-06	 2.41614177E-04
 5.350000E-01	-2.00217177E-06	-1.96404094E-06	-1.46753498E-06	-2.33466346E-06	-6.79173200E-03	-1.73706003E-03	 7.21359430E-05	 2.71534857E-04
 5.400000E-01	-1.74804494E-07	 1.24184592E-06	 1.55916979E-06	-1.55879519E-06	-6.98199916E-03	-1.71044298E-03	 1.20506221E-04	 2.85537825E-04
 5.450000E-01	 6.38190616E-07	 2.58355645E-06	 2.90046907E-06	-8.39628756E-07	-7.21659445E-03	-1.72432044E-03	 1.39440109E-04	 2.81656660E-04
 5.500000E-01	-1.50790714E-06	-9.71255291E-07	-9.89171789E-08	-1.11349384E-06	-7.47890208E-03	-1.75972153E-03	 1.39861350E-04	 2.63910158E-04
 5.550000E-01	-3.10280776E-06	-3.34940338E-06	-1.97567791E-06	-1.55510837E-06	-7.77116700E-03	-1.81971605E-03	 1.16096288E-04	 2.27089183E-04
 5.600000E-01	-1.29066978E-07	 1.84168551E-06	 2.88066619E-06	-5.37595977E-07	-8.03509017E-03	-1.84337015E-03	 1.16478752E-04	 2.02713021E-04
 5.650000E-01	 3.18525738E-06	 7.25790468E-06	 7.81959168E-06	 1.00601044E-06	-8.17420822E-03	-1.72530424E-03	 2.16748092E-04	 2.33265641E-04
 5.700000E-01	 1.41338974E-06	 4.21256607E-06	 5.19975095E-06	 1.03377970E-06	-8.30938388E-03	-1.59526973E-03	 3.22402854E-04	 2.64214712E-04
 5.750000E-01	-1.69853795E-06	-7.66463375E-07	 9.30108653E-07	 2.03383666E-07	-8.53463898E-03	-1.55070458E-03	 3.62098593E-04	 2.52914857E-04
 5.800000E-01	-7.76017274E-07	 9.44791605E-07	 2.54629151E-06	 2.68314784E-07	-8.79527187E-03	-1.52849171E-03	 3.84610624E-04	 2.28812054E-04
 5.850000E-01	 1.97057488E-06	 5.43430187E-06	 6.44065050E-06	 8.54633088E-07	-9.04164129E-03	-1.47532770E-03	 4.28491091E-04	 2.14567994E-04
 5.900000E-01	 2.70728806E-06	 6.49020341E-06	 7.15265322E-06	 7.98514582E-07	-9.27719161E-03	-1.39363243E-03	 4.82985702E-04	 1.97772243E-04
 5.950000E-01	 1.34494412E-06	 4.11939390E-06	 4.76383423E-06	-2.06791314E-08	-9.51770578E-03	-1.29740123E-03	 5.41322029E-04	 1.77458302E-04
 6.000000E-01	-1.14876035E-06	 1.50925736E-08	 8.06871086E-07	-1.41894855E-06	-9.74002040E-03	-1.15657035E-03	 6.30144761E-04	 1.72628377E-04
 6.050000E-01	-3.20204519E-06	-3.22686675E-06	-2.36457424E-06	-3.00929511E-06	-9.97647738E-03	-1.00776116E-03	 7.22795478E-04	 1.68940877E-04
 6.100000E-01	-3.29790010E-06	-3.28239713E-06	-2.70889085E-06	-4.21828631E-06	-1.02380003E-02	-8.66289068E-04	 8.03573205E-04	 1.55584552E-04
 6.150000E-01	-2.41651201E-06	-1.84306736E-06	-1.77038991E-06	-5.11871652E-06	-1.04994294E-02	-7.03651565E-04	 8.84026864E-04	 1.33082997E-04
 6.200000E-01	-2.11151195E-06	-1.37112675E-06	-1.67056243E-06	-6.00614406E-06	-1.07666035E-02	-5.24083682E-04	 9.62797586E-04	 1.01239172E-04
 6.250000E-01	-2.81237694E-06	-2.47224874E-06	-2.85045363E-06	-6.91358759E-06	-1.11017713E-02	-3.98980260E-04	 9.96754475E-04	 4.03510328E-05
 6.300000E-01	-4.46048228E-06	-4.94647792E-06	-5.07601555E-06	-7.89395772E-06	-1.14845773E-02	-2.97806552E-04	 9.97072425E-04	-5.05152376E-05
 6.350000E-01	-5.41610549E-06	-6.20979348E-06	-6.17171035E-06	-8.77208857E-06	-1.18947040E-02	-1.87475327E-04	 9.72961718E-04	-1.76492092E-04
 6.400000E-01	-4.02638624E-06	-3.86026050E-06	-4.21331545E-06	-9.11876126E-06	-1.24492982E-02	-2.05435016E-04	 8.54485994E-04	-3.57968143E-04
 6.450000E-01	-2.09193940E-06	-7.93798596E-07	-1.66292231E-06	-9.02055038E-06	-1.29576136E-02	-1.08649398E-04	 8.21643926E-04	-4.84380872E-04
 6.500000E-01	-1.89291764E-06	-3.95144010E-07	-1.25138302E-06	-8.90217423E-06	-1.33613918E-02	 1.93888950E-04	 8.81602849E-04	-5.94072298E-04
 6.550000E-01	-2.02266393E-06	-4.48569366E-07	-1.17200990E-06	-8.75378563E-06	-1.37314846E-02	 6.21760995E-04	 1.00859259E-03	-6.77673970E-04
 6.600000E-01	-6.28928762E-07	 1.72520409E-06	 6.12435008E-07	-8.33842394E-06	-1.44539644E-02	 7.14089406E-04	 8.81017329E-04	-9.23507687E-04
 6.650000E-01	 5.38555979E-07	 3.45211318E-06	 1.99728156E-06	-7.62072092E-06	-1.53027558E-02	 7.51455509E-04	 6.47863103E-04	-1.27878203E-03
 6.700000E-01	-6.05762288E-07	 1.81608706E-06	 8.57418708E-07	-6.83647297E-06	-1.60521229E-02	 9.91333404E-04	 5.01389685E-04	-1.61588635E-03
 6.750000E-01	-1.59213700E-06	 5.82797264E-07	 2.14054884E-07	-6.05581089E-06	-1.64659852E-02	 1.75754036E-03	 6.15752593E-04	-1.86146477E-03
 6.800000E-01	 5.55218604E-07	 3.91936059E-06	 3.13275365E-06	-5.00397483E-06	-1.71208919E-02	 2.31673021E-03	 5.70384561E-04	-2.20003159E-03
 6.850000E-01	 4.15757914E-06	 9.12582064E-06	 7.24878065E-06	-3.72941629E-06	-1.79625518E-02	 2.72670048E-03	 3.89975731E-04	-2.62858264E-03
 6.900000E-01	 6.54081195E-06	 1.22690273E-05	 9.47595915E-06	-2.46202165E-06	-1.84185385E-02	 3.75511082E-03	 4.82130867E-04	-2.98072178E-03
 6.950000E-01	 5.79649704E-06	 1.07510815E-05	 8.02268219E-06	-1.26226756E-06	-1.90540957E-02	 4.66740617E-03	 4.71199427E-04	-3.39136668E-03
 7.000000E-01	 9.30831582E-07	 3.53691666E-06	 2.28970460E-06	-7.24122472E-07	-1.99874361E-02	 5.32105415E-03	 2.71183847E-04	-3.90903037E-03
 7.050000E-01	-2.70083958E-06	-1.53051394E-06	-1.70006561E-06	-9.37070206E-07	-2.10570449E-02	 5.93647735E-03	-4.13902591E-05	-4.53478324E-03
 7.100000E-01	 4.10710895E-07	 2.92339410E-06	 1.53498405E-06	-6.18264016E-07	-2.20315365E-02	 6.78705264E-03	-2.58786212E-04	-5.11725851E-03
 7.150000E-01	 3.90560407E-06	 7.57140590E-06	 4.88282844E-06	 5.64162860E-07	-2.28892218E-02	 7.90312419E-03	-3.50541270E-04	-5.62471017E-03
 7.200000E-01	 4.72575111E-07	 2.63193046E-06	 1.19578628E-06	 1.31034128E-06	-2.38370901E-02	 9.03046575E-03	-4.53932608E-04	-6.12297690E-03
 7.250000E-01	-2.66290746E-06	-1.40357773E-06	-1.48909537E-06	 1.64286545E-06	-2.50146810E-02	 1.00083540E-02	-6.67593818E-04	-6.67070088E-03
 7.300000E-01	 2.80500642E-06	 6.43251180E-06	 4.87696377E-06	 3.46707035E-06	-2.63451419E-02	 1.09458507E-02	-9.44858378E-04	-7.25245743E-03
 7.350000E-01	 8.24215131E-06	 1.36002505E-05	 1.04199684E-05	 6.02859442E-06	-2.77160441E-02	 1.19970913E-02	-1.20650833E-03	-7.82938003E-03
 7.400000E-01	 3.78878419E-06	 7.02400392E-06	 5.17242011E-06	 6.18916787E-06	-2.94001057E-02	 1.27779889E-02	-1.61296084E-03	-8.45131121E-03
 7.450000E-01	-1.98307105E-06	-7.85528637E-07	-7.98100373E-07	 5.09119841E-06	-3.10530283E-02	 1.38038608E-02	-1.87890184E-03	-8.96444838E-03
 7.500000E-01	 9.57254369E-07	 3.55029355E-06	 2.98005409E-06	 6.34461538E-06	-3.25617666E-02	 1.52318252E-02	-1.93689991E-03	-9.33578142E-03
 7.550000E-01	 5.61606872E-06	 9.82098463E-06	 8.15568186E-06	 8.58417566E-06	-3.46219660E-02	 1.60741294E-02	-2.34084258E-03	-9.88458128E-03
 7.600000E-01	 3.69126996E-06	 7.00300665E-06	 5.97238059E-06	 8.49473830E-06	-3.70832270E-02	 1.65966280E-02	-2.96729735E-03	-1.05626081E-02
 7.650000E-01	 1.46634568E-06	 4.14268472E-06	 3.96554482E-06	 7.94954404E-06	-3.96994515E-02	 1.71157733E-02	-3.59434469E-03	-1.12127682E-02
 7.700000E-01	 6.02754919E-06	 1.04789566E-05	 9.66381457E-06	 1.05094215E-05	-4.23166693E-02	 1.78921897E-02	-4.07992217E-03	-1.17351698E-02
 7.750000E-01	 9.74371710E-06	 1.50171346E-05	 1.34359198E-05	 1.25650034E-05	-4.53136105E-02	 1.82536199E-02	-4.70512898E-03	-1.22440776E-02
 7.800000E-01	 4.49654610E-06	 7.15651678E-06	 6.07408116E-06	 8.68712355E-06	-4.77055651E-02	 1.97673039E-02	-4.65870749E-03	-1.22514795E-02
 7.850000E-01	-1.48163413E-06	-1.07373841E-06	-1.42942009E-06	 3.72652719E-06	-5.01923682E-02	 2.15027672E-02	-4.49226377E-03	-1.21237706E-02
 7.900000E-01	 8.05052279E-07	 2.32931178E-06	 1.82413049E-06	 4.59256108E-06	-5.46230051E-02	 2.06135778E-02	-5.82551355E-03	-1.30175158E-02
 7.950000E-01	 5.70551819E-06	 8.99171398E-06	 8.00712994E-06	 7.87544375E-06	-5.90616441E-02	 2.02644331E-02	-7.04657202E-03	-1.38883520E-02
 8.000000E-01	 6.41466160E-06	 9.67077052E-06	 8.60122260E-06	 8.31568276E-06	-6.40211937E-02	 1.93778775E-02	-8.53257964E-03	-1.48773950E-02
 8.050000E-01	 5.09615355E-06	 7.55864947E-06	 6.54709746E-06	 7.11556266E-06	-6.92354137E-02	 1.83071034E-02	-1.00575313E-02	-1.57777601E-02
 8.100000E-01	 4.68058321E-06	 6.54676984E-06	 5.34320099E-06	 6.23825198E-06	-7.33032691E-02	 1.90510531E-02	-1.03660482E-02	-1.55354751E-02
 8.150000E-01	 2.71362518E-06	 3.26992182E-06	 1.75682132E-06	 3.47700575E-06	-7.63803270E-02	 2.15398502E-02	-9.54372809E-03	-1.41820076E-02
 8.200000E-01	-3.25759250E-06	-5.19391650E-06	-7.00865760E-06	-3.72987342E-06	-8.12502824E-02	 2.15960779E-02	-1.01714639E-02	-1.39253908E-02
 8.250000E-01	-5.91894881E-06	-8.29031137E-06	-9.89971195E-06	-6.76680942E-06	-8.77725969E-02	 1.97169434E-02	-1.20982488E-02	-1.47721645E-02
 8.300000E-01	 1.84658144E-06	 3.23592820E-06	 2.86529712E-06	 3.70923300E-06	-9.52839868E-02	 1.69526050E-02	-1.47393190E-02	-1.62332094E-02
 8.350000E-01	 9.03023541E-06	 1.30907749E-05	 1.35294512E-05	 1.31814242E-05	-1.03744762E-01	 1.26748456E-02	-1.83008597E-02	-1.85070606E-02
 8.400000E-01	 4.24068756E-06	 5.86213334E-06	 5.32970116E-06	 5.97858908E-06	-1.09656401E-01	 1.24799707E-02	-1.93315696E-02	-1.82561319E-02
 8.450000E-01	-2.69977757E-06	-3.82403396E-06	-5.41907806E-06	-4.06726694E-06	-1.15587408E-01	 1.18256339E-02	-2.03731627E-02	-1.78670481E-02
 8.500000E-01	-1.00125430E-06	-1.22846462E-06	-2.45898649E-06	-1.62224710E-06	-1.21748384E-01	 1.10113481E-02	-2.14343693E-02	-1.73566363E-02
 8.550000E-01	 2.32407132E-06	 3.31451187E-06	 2.55625354E-06	 3.00620593E-06	-1.28237219E-01	 1.06309534E-02	-2.22683246E-02	-1.64468208E-02
 8.600000E-01	-7.28512750E-07	-9.81938258E-07	-2.37055086E-06	-1.86524749E-06	-1.38539960E-01	 5.71147922E-03	-2.62237424E-02	-1.87271689E-02
 8.650000E-01	-3.25224846E-06	-4.07522946E-06	-5.66296073E-06	-5.28821631E-06	-1.52508860E-01	-3.27262942E-03	-3.29698805E-02	-2.39105649E-02
 8.700000E-01	 2.55578799E-06	 4.28981039E-06	 4.22787208E-06	 4.54628236E-06	-1.66231796E-01	-1.06653534E-02	-3.87520321E-02	-2.79152790E-02
 8.750000E-01	 6.38547260E-06	 9.08867721E-06	 9.48630220E-06	 9.81248901E-06	-1.77583652E-01	-1.38959190E-02	-4.16027290E-02	-2.83913293E-02
 8.800000E-01	-3.56372032E-06	-5.23054299E-06	-7.86772895E-06	-8.62937839E-06	-1.88387531E-01	-1.60728578E-02	-4.35393233E-02	-2.76209199E-02
 8.850000E-01	-1.19854727E-05	-1.61375408E-05	-2.03768343E-05	-2.19720485E-05	-2.00609413E-01	-1.96346252E-02	-4.62996019E-02	-2.76225048E-02
 8.900000E-01	-6.53630775E-07	 6.62378486E-07	 6.09525474E-07	 8.78818875E-07	-2.15637013E-01	-2.56184492E-02	-5.10033590E-02	-2.95936487E-02
 8.950000E-01	 1.22180345E-05	 1.83354823E-05	 2.19406861E-05	 2.42918507E-05	-2.35868628E-01	-3.70072569E-02	-5.98166263E-02	-3.60594202E-02
 9.000000E-01	 5.51612522E-06	 8.13952543E-06	 8.84929505E-06	 9.45129469E-06	-2.61943389E-01	-5.56254552E-02	-7.27101131E-02	-4.75578770E-02
 9.050000E-01	-7.81276949E-06	-1.04700851E-05	-1.40887774E-05	-1.62959777E-05	-2.78524703E-01	-6.13931402E-02	-7.81425818E-02	-4.92773653E-02
 9.100000E-01	-9.42147984E-06	-1.21711754E-05	-1.58120639E-05	-1.81535025E-05	-2.95715661E-01	-6.32451084E-02	-7.70134106E-02	-4.23435240E-02
 9.150000E-01	-5.65183938E-06	-6.56921410E-06	-8.84172801E-06	-1.05780544E-05	-3.06960254E-01	-6.81840566E-02	-8.72153366E-02	-4.95883910E-02
 9.200000E-01	 3.73959037E-06	 7.80169744E-06	 1.05542483E-05	 1.31525560E-05	-3.55824637E-01	-9.92969016E-02	-9.69811561E-02	-5.61204572E-02
 9.250000E-01	 7.94733955E-06	 1.17999665E-05	 1.35227805E-05	 1.45008704E-05	-3.66325645E-01	-1.06549784E-01	-1.16495880E-01	-7.49979771E-02
 9.300000E-01	-4.14302086E-06	-2.19817443E-06	-4.87319208E-07	 2.91375141E-06	-3.87581111E-01	-1.27252796E-01	-1.37108936E-01	-8.90008635E-02
 9.350000E-01	-3.24823282E-06	-4.39164982E-06	-7.85293404E-06	-1.22034307E-05	-4.57251982E-01	-1.52610455E-01	-1.14416419E-01	-6.62505695E-02
 9.400000E-01	-3.00313433E-05	-3.35502615E-05	-3.79820895E-05	-3.98860173E-05	-5.24328095E-01	-1.70268063E-01	-1.10343628E-01	-5.32320072E-02
 9.450000E-01	 5.60881805E-05	 7.25141807E-05	 8.70369059E-05	 9.61402396E-05	-6.62581073E-01	-3.21875822E-01	-1.98694490E-01	-2.22724250E-01
 9.500000E-01	-6.02284780E-05	-7.90988324E-05	-1.14119968E-04	-1.45758228E-04	-7.92543551E-01	 2.07242724E-01	-6.49355896E-02	-2.77513744E-01
 9.550000E-01	 5.77800752E-05	 9.86582662E-05	 1.60327698E-04	 1.61999961E-04	 1.60177838E-01	-2.13142192E+00	-6.80860889E-01	 1.42011925E+00
 9.600000E-01	 1.93472038E-04	 1.56025842E-04	 4.95692899E-06	-9.45290590E-05	-2.49183275E+00	 5.97532589E+00	 2.57532723E+00	-2.31111289E+00
 9.650000E-01	-6.67854452E-04	-7.95234499E-04	-5.35538660E-04	-3.42978382E-04	 4.18190821E+00	-7.83464885E+00	 7.65384047E+00	 2.10238877E+01
 9.700000E-01	 1.15447188E-03	 1.75914667E-03	-1.64078070E-04	-9.94075876E-04	-2.70374974E+02	 2.63589171E+02	 2.68116117E+02	-7.95488157E+01
 9.750000E-01	-1.30499839E-03	-9.34456360E-03	-8.22910393E-03	-1.37574208E-03	 3.67890968E+03	-6.10587811E+03	-1.72050374E+03	 6.15074420E+03
 9.800000E-01	 3.86122123E-02	 1.48832110E-02	-5.39603432E-03	 4.99567811E-02	 9.69477366E+04	-1.16346689E+05	-6.99246316E+04	 1.23831284E+05
 9.850000E-01	 6.66005681E-02	-1.19962129E-02	-8.53780604E-02	-6.75149838E-02	 4.89246533E+04	 6.78730067E+04	-1.09273041E+05	-9.16769405E+02
 9.900000E-01	-1.55959984E-01	-9.02093416E-02	-7.39870302E-02	 3.21229096E-03	-7.35470113E+03	-3.04290139E+04	 6.51322135E+04	 5.63695809E+03
 9.950000E-01	-5.25021762E-02	-6.88336590E-03	-5.76987958E-02	-6.56435057E-02	-3.49300831E+03	-4.24918689E+04	 4.58775970E+04	-5.93343873E+04
 1.000000E+00	 5.09556289E-02	 7.64426073E-02	-4.14105618E-02	-1.34499300E-01	 3.68684388E+02	-5.45547236E+04	 2.66229810E+04	-1.24305731E+05
