r	R  7/ 7	R  8/ 7	R  9/ 7	R 10/ 7	I  7/ 7	I  8/ 7	I  9/ 7	I 10/ 7
 0.000000E+00	 0.00000000E+00	 0.00000000E+00	 0.00000000E+00	 0.00000000E+00	 0.00000000E+00	 0.00000000E+00	 0.00000000E+00	 0.00000000E+00
 5.000000E-03	-9.62272545E-15	 8.02675713E-16	 1.09474983E-14	-1.35259331E-16	 2.90279956E-18	-2.94072851E-18	 8.17705322E-19	 8.72655118E-19
 1.000000E-02	-2.40878602E-13	 8.84696521E-15	 9.33462252E-14	 2.07902952E-15	 4.62388784E-18	-3.62033168E-17	 3.21897333E-17	 1.20788776E-18
 1.500000E-02	-2.05336180E-12	 2.68798756E-14	 4.01723396E-13	 2.07440491E-14	-3.08318118E-16	-2.01848113E-16	 2.62937379E-16	-9.21791786E-19
 2.000000E-02	-1.02344623E-11	-4.26449628E-14	 1.19249307E-12	 9.39260967E-14	-2.71033796E-15	-8.26353302E-16	 1.06656034E-15	 3.01397262E-17
 2.500000E-02	-3.67843706E-11	-6.78314460E-13	 2.81199600E-12	 2.96002136E-13	-1.24220196E-14	-2.89458859E-15	 2.77512508E-15	 1.93908877E-16
 3.000000E-02	-1.06204041E-10	-3.30156946E-12	 5.65654403E-12	 7.48607269E-13	-3.98693245E-14	-8.82732841E-15	 4.54165278E-15	 5.34800698E-16
 3.500000E-02	-2.62257505E-10	-1.12168911E-11	 1.00818431E-11	 1.62760273E-12	-9.98682243E-14	-2.32337834E-14	 2.16637810E-15	 1.05330179E-16
 4.000000E-02	-5.76160787E-10	-3.10284577E-11	 1.62327653E-11	 3.15734495E-12	-2.10479514E-13	-5.44216856E-14	-9.97461967E-15	-3.22633236E-15
 4.500000E-02	-1.15612601E-09	-7.46489433E-11	 2.37543075E-11	 5.58293149E-12	-3.98365104E-13	-1.16899848E-13	-3.54198386E-14	-1.14310186E-14
 5.000000E-02	-2.15815321E-09	-1.62014103E-10	 3.13310687E-11	 9.11125416E-12	-7.02754310E-13	-2.31673094E-13	-8.36189232E-14	-2.94273362E-14
 5.500000E-02	-3.79793943E-09	-3.24576638E-10	 3.60062822E-11	 1.37965559E-11	-1.16774906E-12	-4.24841446E-13	-1.81022475E-13	-6.97342097E-14
 6.000000E-02	-6.36373300E-09	-6.09667435E-10	 3.22187635E-11	 1.93533303E-11	-1.82290602E-12	-7.21917371E-13	-3.84952651E-13	-1.60179037E-13
 6.500000E-02	-1.02299113E-08	-1.08578621E-09	 1.04919117E-11	 2.48757407E-11	-2.65273534E-12	-1.14025085E-12	-7.86961600E-13	-3.53100585E-13
 7.000000E-02	-1.58710011E-08	-1.84890104E-09	-4.42820343E-11	 2.84102483E-11	-3.60438555E-12	-1.70758304E-12	-1.44668258E-12	-6.94025388E-13
 7.500000E-02	-2.38758140E-08	-3.03002103E-09	-1.55121008E-10	 2.63530735E-11	-4.65574646E-12	-2.48828351E-12	-2.33859081E-12	-1.18560237E-12
 8.000000E-02	-3.49614181E-08	-4.80399917E-09	-3.55903179E-10	 1.26157990E-11	-5.85861516E-12	-3.58627688E-12	-3.39415951E-12	-1.79942553E-12
 8.500000E-02	-4.99865472E-08	-7.39931105E-09	-6.94985774E-10	-2.25208859E-11	-7.34273409E-12	-5.14556324E-12	-4.55092101E-12	-2.49760836E-12
 9.000000E-02	-6.99645456E-08	-1.11088988E-08	-1.23958205E-09	-9.38947606E-11	-9.29187863E-12	-7.31886990E-12	-5.82603766E-12	-3.29848741E-12
 9.500000E-02	-9.60750775E-08	-1.63016981E-08	-2.08082767E-09	-2.23337672E-10	-1.18669933E-11	-1.02197028E-11	-7.38337587E-12	-4.33293558E-12
 1.000000E-01	-1.29675351E-07	-2.34350178E-08	-3.33962373E-09	-4.41904603E-10	-1.50930748E-11	-1.38496428E-11	-9.58275117E-12	-5.89489658E-12
 1.050000E-01	-1.72310125E-07	-3.30675609E-08	-5.17329317E-09	-7.92462070E-10	-1.87498017E-11	-1.80578867E-11	-1.29126363E-11	-8.43695099E-12
 1.100000E-01	-2.25724409E-07	-4.58743498E-08	-7.78316689E-09	-1.33272832E-09	-2.25637712E-11	-2.28113332E-11	-1.75183012E-11	-1.21622035E-11
 1.150000E-01	-2.91873130E-07	-6.26639641E-08	-1.14240138E-08	-2.13897399E-09	-2.66205446E-11	-2.84425887E-11	-2.29883427E-11	-1.67673329E-11
 1.200000E-01	-3.72934949E-07	-8.43985100E-08	-1.64154694E-08	-3.31063776E-09	-3.12696780E-11	-3.53294447E-11	-2.90036178E-11	-2.20291179E-11
 1.250000E-01	-4.71317874E-07	-1.12210821E-07	-2.31534738E-08	-4.97557798E-09	-3.66631681E-11	-4.35203833E-11	-3.58031842E-11	-2.82798473E-11
 1.300000E-01	-5.89644432E-07	-1.47415693E-07	-3.21209731E-08	-7.29544652E-09	-4.25896576E-11	-5.27083615E-11	-4.39519097E-11	-3.62424828E-11
 1.350000E-01	-7.30754937E-07	-1.91526487E-07	-4.39004381E-08	-1.04714957E-08	-4.85180640E-11	-6.23436184E-11	-5.39918104E-11	-4.66974194E-11
 1.400000E-01	-8.97705487E-07	-2.46271439E-07	-5.91873610E-08	-1.47507682E-08	-5.38781912E-11	-7.21366816E-11	-6.59853795E-11	-5.97569846E-11
 1.450000E-01	-1.09376398E-06	-3.13611491E-07	-7.88057195E-08	-2.04330293E-08	-5.85237178E-11	-8.25179010E-11	-7.93322500E-11	-7.45205734E-11
 1.500000E-01	-1.32239156E-06	-3.95754347E-07	-1.03726892E-07	-2.78795415E-08	-6.28133593E-11	-9.44231501E-11	-9.31853204E-11	-8.97468283E-11
 1.550000E-01	-1.58718222E-06	-4.95153182E-07	-1.35090534E-07	-3.75240390E-08	-6.73240198E-11	-1.08750643E-10	-1.07036426E-10	-1.04635869E-10
 1.600000E-01	-1.89188143E-06	-6.14521383E-07	-1.74212889E-07	-4.98809348E-08	-7.19417294E-11	-1.24781072E-10	-1.21587544E-10	-1.20399523E-10
 1.650000E-01	-2.24036253E-06	-7.56831990E-07	-2.22597692E-07	-6.55530834E-08	-7.48529993E-11	-1.39306439E-10	-1.38464997E-10	-1.40304586E-10
 1.700000E-01	-2.63659134E-06	-9.25312233E-07	-2.81946915E-07	-8.52387806E-08	-7.41267323E-11	-1.50697673E-10	-1.57588557E-10	-1.64285591E-10
 1.750000E-01	-3.08457384E-06	-1.12344216E-06	-3.54177877E-07	-1.09741097E-07	-7.04288088E-11	-1.62404863E-10	-1.76532544E-10	-1.86475021E-10
 1.800000E-01	-3.58827884E-06	-1.35493392E-06	-4.41432592E-07	-1.39979351E-07	-6.55754138E-11	-1.77842133E-10	-1.94044302E-10	-2.03026337E-10
 1.850000E-01	-4.15179629E-06	-1.62376450E-06	-5.46054868E-07	-1.76988625E-07	-5.90614168E-11	-1.94973822E-10	-2.11639152E-10	-2.17232944E-10
 1.900000E-01	-4.77937102E-06	-1.93418839E-06	-6.70606828E-07	-2.21925963E-07	-4.85331018E-11	-2.09613590E-10	-2.30911273E-10	-2.33628772E-10
 1.950000E-01	-5.47527230E-06	-2.29070393E-06	-8.17900619E-07	-2.76086256E-07	-3.22104263E-11	-2.19941262E-10	-2.51887560E-10	-2.52953400E-10
 2.000000E-01	-6.24377184E-06	-2.69804145E-06	-9.91001036E-07	-3.40913293E-07	-9.30587943E-12	-2.26643699E-10	-2.74203699E-10	-2.73309491E-10
 2.050000E-01	-7.08913576E-06	-3.16114850E-06	-1.19322541E-06	-4.18011512E-07	 2.04031888E-11	-2.31919369E-10	-2.98182775E-10	-2.92279454E-10
 2.100000E-01	-8.01557095E-06	-3.68514675E-06	-1.42814176E-06	-5.09161219E-07	 5.68581352E-11	-2.38178436E-10	-3.24811750E-10	-3.08724321E-10
 2.150000E-01	-9.02710710E-06	-4.27525439E-06	-1.69955444E-06	-6.16330211E-07	 1.00116248E-10	-2.46813469E-10	-3.55448609E-10	-3.23783489E-10
 2.200000E-01	-1.01276502E-05	-4.93677296E-06	-2.01145842E-06	-7.41661735E-07	 1.50627935E-10	-2.57379621E-10	-3.91333204E-10	-3.40962505E-10
 2.250000E-01	-1.13210012E-05	-5.67506943E-06	-2.36801302E-06	-8.87466220E-07	 2.09406569E-10	-2.67302025E-10	-4.32984712E-10	-3.65314646E-10
 2.300000E-01	-1.26108606E-05	-6.49555003E-06	-2.77351624E-06	-1.05621229E-06	 2.77698469E-10	-2.73837381E-10	-4.80308115E-10	-4.00875560E-10
 2.350000E-01	-1.40008892E-05	-7.40366927E-06	-3.23237998E-06	-1.25051110E-06	 3.56420866E-10	-2.75974179E-10	-5.33202844E-10	-4.49329866E-10
 2.400000E-01	-1.54947750E-05	-8.40494617E-06	-3.74911213E-06	-1.47310061E-06	 4.46268757E-10	-2.73505563E-10	-5.91731682E-10	-5.11335229E-10
 2.450000E-01	-1.70961719E-05	-9.50491043E-06	-4.32829599E-06	-1.72683475E-06	 5.47982529E-10	-2.65979803E-10	-6.55633557E-10	-5.87167165E-10
 2.500000E-01	-1.88087106E-05	-1.07090734E-05	-4.97455021E-06	-2.01465670E-06	 6.61920097E-10	-2.53884115E-10	-7.23508576E-10	-6.75308375E-10
 2.550000E-01	-2.06359998E-05	-1.20228994E-05	-5.69248841E-06	-2.33956445E-06	 7.87663246E-10	-2.37886055E-10	-7.92122539E-10	-7.73457755E-10
 2.600000E-01	-2.25815625E-05	-1.34517340E-05	-6.48666395E-06	-2.70457130E-06	 9.25371266E-10	-2.07989704E-10	-8.52791381E-10	-8.85996160E-10
 2.650000E-01	-2.46489557E-05	-1.50008189E-05	-7.36151779E-06	-3.11265786E-06	 1.07779083E-09	-1.38699446E-10	-8.88761413E-10	-1.02125322E-09
 2.700000E-01	-2.68419018E-05	-1.66753490E-05	-8.32137278E-06	-3.56673367E-06	 1.24799249E-09	-2.05179623E-11	-8.90438785E-10	-1.16749291E-09
 2.750000E-01	-2.91642567E-05	-1.84804624E-05	-9.37043659E-06	-4.06960782E-06	 1.43436142E-09	 1.15754189E-10	-8.71185940E-10	-1.29189611E-09
 2.800000E-01	-3.16200609E-05	-2.04212634E-05	-1.05128034E-05	-4.62397507E-06	 1.63249498E-09	 2.45375301E-10	-8.44231855E-10	-1.38227167E-09
 2.850000E-01	-3.42135329E-05	-2.25027585E-05	-1.17523738E-05	-5.23236694E-06	 1.84208897E-09	 3.92857968E-10	-7.95321012E-10	-1.45847830E-09
 2.900000E-01	-3.69490171E-05	-2.47297853E-05	-1.30927580E-05	-5.89706295E-06	 2.06658095E-09	 5.84666099E-10	-7.08694079E-10	-1.52904378E-09
 2.950000E-01	-3.98309305E-05	-2.71071104E-05	-1.45373819E-05	-6.62010315E-06	 2.30713268E-09	 7.99672479E-10	-6.00159696E-10	-1.57665482E-09
 3.000000E-01	-4.28634227E-05	-2.96392514E-05	-1.60894196E-05	-7.40326855E-06	 2.56206505E-09	 1.00755635E-09	-4.94537660E-10	-1.59500441E-09
 3.050000E-01	-4.60507329E-05	-3.23306475E-05	-1.77518120E-05	-8.24811946E-06	 2.83106530E-09	 1.21295333E-09	-3.94565193E-10	-1.60275239E-09
 3.100000E-01	-4.93976685E-05	-3.51860305E-05	-1.95274459E-05	-9.15609754E-06	 3.11613854E-09	 1.43025671E-09	-2.95811726E-10	-1.61736496E-09
 3.150000E-01	-5.29094003E-05	-3.82103994E-05	-2.14191815E-05	-1.01285515E-05	 3.41926736E-09	 1.65240544E-09	-2.08567846E-10	-1.64329497E-09
 3.200000E-01	-5.65918494E-05	-4.14094537E-05	-2.34301385E-05	-1.11669005E-05	 3.74134601E-09	 1.86743214E-09	-1.45596603E-10	-1.68549639E-09
 3.250000E-01	-6.04514162E-05	-4.47893713E-05	-2.55635287E-05	-1.22725589E-05	 4.08292499E-09	 2.07972573E-09	-1.04738512E-10	-1.75399068E-09
 3.300000E-01	-6.44947318E-05	-4.83566131E-05	-2.78225177E-05	-1.34468232E-05	 4.44462402E-09	 2.30146659E-09	-7.43417549E-11	-1.85397939E-09
 3.350000E-01	-6.87287190E-05	-5.21180916E-05	-3.02104520E-05	-1.46909352E-05	 4.82663380E-09	 2.54061384E-09	-4.27762343E-11	-1.98127173E-09
 3.400000E-01	-7.31601284E-05	-5.60808220E-05	-3.27308419E-05	-1.60060482E-05	 5.22839669E-09	 2.80491790E-09	 3.43149869E-12	-2.12684442E-09
 3.450000E-01	-7.77954317E-05	-6.02516987E-05	-3.53873395E-05	-1.73931839E-05	 5.64899144E-09	 3.10623482E-09	 8.21810020E-11	-2.27854737E-09
 3.500000E-01	-8.26404842E-05	-6.46371335E-05	-3.81835762E-05	-1.88530960E-05	 6.08778473E-09	 3.44955271E-09	 2.06562067E-10	-2.41680314E-09
 3.550000E-01	-8.77005941E-05	-6.92433590E-05	-4.11234336E-05	-2.03863964E-05	 6.54379182E-09	 3.82632227E-09	 3.79297930E-10	-2.51759462E-09
 3.600000E-01	-9.29805122E-05	-7.40765630E-05	-4.42109667E-05	-2.19936161E-05	 7.01311880E-09	 4.24224342E-09	 6.19205253E-10	-2.56536235E-09
 3.650000E-01	-9.84848771E-05	-7.91432118E-05	-4.74501624E-05	-2.36752918E-05	 7.48957228E-09	 4.73802932E-09	 9.79054488E-10	-2.55251797E-09
 3.700000E-01	-1.04219062E-04	-8.44507794E-05	-5.08448810E-05	-2.54321473E-05	 7.97141950E-09	 5.34127135E-09	 1.48913395E-09	-2.46781955E-09
 3.750000E-01	-1.10188875E-04	-9.00075833E-05	-5.43984598E-05	-2.72650066E-05	 8.46410039E-09	 6.01879190E-09	 2.10454236E-09	-2.30271364E-09
 3.800000E-01	-1.16399904E-04	-9.58223385E-05	-5.81135885E-05	-2.91746807E-05	 8.97441070E-09	 6.71106151E-09	 2.74937333E-09	-2.06378408E-09
 3.850000E-01	-1.22857533E-04	-1.01904416E-04	-6.19931492E-05	-3.11621483E-05	 9.50570239E-09	 7.38192788E-09	 3.37717774E-09	-1.77085148E-09
 3.900000E-01	-1.29567380E-04	-1.08264534E-04	-6.60414264E-05	-3.32288214E-05	 1.00555292E-08	 8.04210953E-09	 3.99884248E-09	-1.44912849E-09
 3.950000E-01	-1.36534858E-04	-1.14914248E-04	-7.02637721E-05	-3.53761681E-05	 1.06170024E-08	 8.75013550E-09	 4.68177861E-09	-1.11652035E-09
 4.000000E-01	-1.43765085E-04	-1.21865862E-04	-7.46659035E-05	-3.76053338E-05	 1.11890260E-08	 9.53890789E-09	 5.45754004E-09	-7.75904303E-10
 4.050000E-01	-1.51263033E-04	-1.29132664E-04	-7.92539640E-05	-3.99173327E-05	 1.17809974E-08	 1.03511383E-08	 6.24551619E-09	-4.29947058E-10
 4.100000E-01	-1.59034562E-04	-1.36729423E-04	-8.40346349E-05	-4.23132475E-05	 1.24016596E-08	 1.11068848E-08	 6.94524673E-09	-9.12462435E-11
 4.150000E-01	-1.67085464E-04	-1.44671016E-04	-8.90138555E-05	-4.47934450E-05	 1.30498186E-08	 1.17899493E-08	 7.54657084E-09	 2.29588923E-10
 4.200000E-01	-1.75419560E-04	-1.52970479E-04	-9.41953399E-05	-4.73567652E-05	 1.37140173E-08	 1.24633321E-08	 8.14174227E-09	 5.31311854E-10
 4.250000E-01	-1.84040163E-04	-1.61640972E-04	-9.95819828E-05	-5.00012411E-05	 1.43779212E-08	 1.32445981E-08	 8.88709406E-09	 8.29384596E-10
 4.300000E-01	-1.92951904E-04	-1.70698009E-04	-1.05177367E-04	-5.27247799E-05	 1.50383633E-08	 1.41766676E-08	 9.83790003E-09	 1.15642215E-09
 4.350000E-01	-2.02159608E-04	-1.80158605E-04	-1.10985460E-04	-5.55251080E-05	 1.57123403E-08	 1.51323684E-08	 1.08320235E-08	 1.52526656E-09
 4.400000E-01	-2.11667723E-04	-1.90040784E-04	-1.17010301E-04	-5.83996512E-05	 1.64096062E-08	 1.60057090E-08	 1.17347914E-08	 1.90118278E-09
 4.450000E-01	-2.21480800E-04	-2.00363790E-04	-1.23255699E-04	-6.13453129E-05	 1.71167260E-08	 1.68950533E-08	 1.26645033E-08	 2.23938825E-09
 4.500000E-01	-2.31603587E-04	-2.11148004E-04	-1.29724946E-04	-6.43583045E-05	 1.78252530E-08	 1.79070942E-08	 1.37432681E-08	 2.52948270E-09
 4.550000E-01	-2.42040874E-04	-2.22414907E-04	-1.36420813E-04	-6.74340461E-05	 1.85501243E-08	 1.89479628E-08	 1.48431302E-08	 2.77116003E-09
 4.600000E-01	-2.52797653E-04	-2.34187226E-04	-1.43345450E-04	-7.05669717E-05	 1.93035438E-08	 1.99010436E-08	 1.58157886E-08	 2.93588306E-09
 4.650000E-01	-2.63879113E-04	-2.46488589E-04	-1.50499872E-04	-7.37503582E-05	 2.00763523E-08	 2.08274429E-08	 1.67397540E-08	 2.99038571E-09
 4.700000E-01	-2.75291682E-04	-2.59344345E-04	-1.57883973E-04	-7.69761797E-05	 2.08589575E-08	 2.18174494E-08	 1.77323110E-08	 2.93680901E-09
 4.750000E-01	-2.87042686E-04	-2.72781409E-04	-1.65496201E-04	-8.02347691E-05	 2.16560533E-08	 2.28217621E-08	 1.87439928E-08	 2.79781744E-09
 4.800000E-01	-2.99139212E-04	-2.86827644E-04	-1.73333332E-04	-8.35148295E-05	 2.24674659E-08	 2.37984968E-08	 1.97373869E-08	 2.57274144E-09
 4.850000E-01	-3.11588508E-04	-3.01512724E-04	-1.81391068E-04	-8.68039258E-05	 2.32778640E-08	 2.48628331E-08	 2.08591224E-08	 2.24541921E-09
 4.900000E-01	-3.24398368E-04	-3.16869252E-04	-1.89664834E-04	-9.00890290E-05	 2.40855156E-08	 2.60742861E-08	 2.21707656E-08	 1.82808177E-09
 4.950000E-01	-3.37575385E-04	-3.32931855E-04	-1.98149685E-04	-9.33566853E-05	 2.49156020E-08	 2.72393058E-08	 2.34223684E-08	 1.34866458E-09
 5.000000E-01	-3.51123264E-04	-3.49736356E-04	-2.06840129E-04	-9.65931105E-05	 2.57726618E-08	 2.82316189E-08	 2.44874033E-08	 8.17820938E-10
 5.050000E-01	-3.65042963E-04	-3.67320698E-04	-2.15730687E-04	-9.97845529E-05	 2.66129726E-08	 2.93061242E-08	 2.57494488E-08	 2.64848180E-10
 5.100000E-01	-3.79332486E-04	-3.85725000E-04	-2.24815445E-04	-1.02916845E-04	 2.74015636E-08	 3.07265220E-08	 2.75776829E-08	-2.29799627E-10
 5.150000E-01	-3.93987032E-04	-4.04992746E-04	-2.34089470E-04	-1.05976233E-04	 2.81525141E-08	 3.23601792E-08	 2.98058098E-08	-5.82942295E-10
 5.200000E-01	-4.09000534E-04	-4.25173416E-04	-2.43550623E-04	-1.08950022E-04	 2.88822945E-08	 3.39881812E-08	 3.21693972E-08	-7.65831987E-10
 5.250000E-01	-4.24364105E-04	-4.46319812E-04	-2.53196756E-04	-1.11824924E-04	 2.95717476E-08	 3.56874881E-08	 3.47937661E-08	-7.95772226E-10
 5.300000E-01	-4.40063142E-04	-4.68482477E-04	-2.63021323E-04	-1.14585223E-04	 3.01943073E-08	 3.76614026E-08	 3.79354138E-08	-7.07923154E-10
 5.350000E-01	-4.56081688E-04	-4.91714155E-04	-2.73015090E-04	-1.17212776E-04	 3.07467944E-08	 3.99708228E-08	 4.16258139E-08	-5.51052210E-10
 5.400000E-01	-4.72405241E-04	-5.16074316E-04	-2.83169442E-04	-1.19688691E-04	 3.12530524E-08	 4.24655017E-08	 4.56139180E-08	-3.70089733E-10
 5.450000E-01	-4.89018938E-04	-5.41627890E-04	-2.93475526E-04	-1.21993005E-04	 3.17489942E-08	 4.48295918E-08	 4.94626522E-08	-2.07858174E-10
 5.500000E-01	-5.05909539E-04	-5.68448394E-04	-3.03923660E-04	-1.24102515E-04	 3.22346379E-08	 4.69690399E-08	 5.30580905E-08	-1.63462964E-10
 5.550000E-01	-5.23065384E-04	-5.96615580E-04	-3.14501703E-04	-1.25991491E-04	 3.26607162E-08	 4.93061926E-08	 5.69368252E-08	-3.85522438E-10
 5.600000E-01	-5.40479211E-04	-6.26215369E-04	-3.25193185E-04	-1.27631067E-04	 3.30142242E-08	 5.21119134E-08	 6.13781655E-08	-9.39947475E-10
 5.650000E-01	-5.58146660E-04	-6.57335623E-04	-3.35972517E-04	-1.28986432E-04	 3.33592802E-08	 5.48607071E-08	 6.56452085E-08	-1.77124124E-09
 5.700000E-01	-5.76060013E-04	-6.90057483E-04	-3.46801418E-04	-1.30017576E-04	 3.37327069E-08	 5.70396127E-08	 6.91073198E-08	-2.88263830E-09
 5.750000E-01	-5.94214852E-04	-7.24467614E-04	-3.57633984E-04	-1.30679376E-04	 3.40840091E-08	 5.90338105E-08	 7.23015790E-08	-4.42937542E-09
 5.800000E-01	-6.12612801E-04	-7.60666593E-04	-3.68421816E-04	-1.30923884E-04	 3.43692047E-08	 6.13969233E-08	 7.59028274E-08	-6.52091285E-09
 5.850000E-01	-6.31254676E-04	-7.98763806E-04	-3.79113571E-04	-1.30701893E-04	 3.46130870E-08	 6.39528810E-08	 7.96404817E-08	-9.07123218E-09
 5.900000E-01	-6.50135965E-04	-8.38873537E-04	-3.89653829E-04	-1.29962939E-04	 3.48507147E-08	 6.62335010E-08	 8.29428971E-08	-1.19307324E-08
 5.950000E-01	-6.69246936E-04	-8.81114485E-04	-3.99984188E-04	-1.28657272E-04	 3.50775916E-08	 6.81303459E-08	 8.57422136E-08	-1.50226916E-08
 6.000000E-01	-6.88574321E-04	-9.25611905E-04	-4.10042545E-04	-1.26734463E-04	 3.52559317E-08	 6.98764434E-08	 8.84157692E-08	-1.83141586E-08
 6.050000E-01	-7.08100170E-04	-9.72495975E-04	-4.19761191E-04	-1.24142467E-04	 3.53361331E-08	 7.18558459E-08	 9.15209099E-08	-2.17643654E-08
 6.100000E-01	-7.27803718E-04	-1.02190627E-03	-4.29067942E-04	-1.20826370E-04	 3.52904353E-08	 7.43416968E-08	 9.54116954E-08	-2.53009283E-08
 6.150000E-01	-7.47662289E-04	-1.07399376E-03	-4.37886742E-04	-1.16727843E-04	 3.51256222E-08	 7.72746349E-08	 9.99692281E-08	-2.88037280E-08
 6.200000E-01	-7.67649980E-04	-1.12891677E-03	-4.46137061E-04	-1.11787245E-04	 3.48578066E-08	 8.04500504E-08	 1.04893411E-07	-3.21561772E-08
 6.250000E-01	-7.87737866E-04	-1.18684136E-03	-4.53732944E-04	-1.05943370E-04	 3.44937829E-08	 8.37800017E-08	 1.10033958E-07	-3.53167176E-08
 6.300000E-01	-8.07896038E-04	-1.24795012E-03	-4.60584404E-04	-9.91309331E-05	 3.40304749E-08	 8.73606890E-08	 1.15443767E-07	-3.83488158E-08
 6.350000E-01	-8.28090091E-04	-1.31243814E-03	-4.66599913E-04	-9.12861502E-05	 3.34661322E-08	 9.14480977E-08	 1.21312542E-07	-4.14053836E-08
 6.400000E-01	-8.48277680E-04	-1.38050759E-03	-4.71689040E-04	-8.23537598E-05	 3.28214647E-08	 9.61701745E-08	 1.27619260E-07	-4.45794133E-08
 6.450000E-01	-8.68407947E-04	-1.45238670E-03	-4.75766724E-04	-7.22799415E-05	 3.21354427E-08	 1.01267507E-07	 1.33901160E-07	-4.77806545E-08
 6.500000E-01	-8.88402183E-04	-1.52830629E-03	-4.78754200E-04	-6.10215356E-05	 3.14377353E-08	 1.06421583E-07	 1.39676514E-07	-5.09109863E-08
 6.550000E-01	-9.08149842E-04	-1.60848061E-03	-4.80586277E-04	-4.85675599E-05	 3.07481195E-08	 1.11626955E-07	 1.44814097E-07	-5.40428802E-08
 6.600000E-01	-9.27510980E-04	-1.69312224E-03	-4.81209435E-04	-3.49282322E-05	 3.00895336E-08	 1.16921414E-07	 1.49233356E-07	-5.72103643E-08
 6.650000E-01	-9.46320615E-04	-1.78249280E-03	-4.80605136E-04	-2.01290868E-05	 2.94766456E-08	 1.22067997E-07	 1.52645113E-07	-6.02009474E-08
 6.700000E-01	-9.64384588E-04	-1.87686619E-03	-4.78783869E-04	-4.22817631E-06	 2.89061781E-08	 1.26881975E-07	 1.54887123E-07	-6.28344435E-08
 6.750000E-01	-9.81495519E-04	-1.97650355E-03	-4.75750720E-04	 1.26955571E-05	 2.83808055E-08	 1.31584896E-07	 1.56170731E-07	-6.52375287E-08
 6.800000E-01	-9.97420076E-04	-2.08161029E-03	-4.71510992E-04	 3.05174445E-05	 2.79260893E-08	 1.36354181E-07	 1.56586688E-07	-6.74797413E-08
 6.850000E-01	-1.01191273E-03	-2.19243227E-03	-4.66082182E-04	 4.91115425E-05	 2.75635138E-08	 1.40824548E-07	 1.55738632E-07	-6.92050566E-08
 6.900000E-01	-1.02472017E-03	-2.30924720E-03	-4.59484703E-04	 6.83475207E-05	 2.72856088E-08	 1.44389295E-07	 1.53166099E-07	-6.98458003E-08
 6.950000E-01	-1.03556127E-03	-2.43225646E-03	-4.51745511E-04	 8.80306622E-05	 2.70579050E-08	 1.46659559E-07	 1.48769159E-07	-6.89791128E-08
 7.000000E-01	-1.04414209E-03	-2.56168705E-03	-4.42897031E-04	 1.07959788E-04	 2.68367466E-08	 1.47803029E-07	 1.42992969E-07	-6.66943511E-08
 7.050000E-01	-1.05015731E-03	-2.69780735E-03	-4.32977842E-04	 1.27929987E-04	 2.66180722E-08	 1.48663339E-07	 1.36751758E-07	-6.36765246E-08
 7.100000E-01	-1.05330035E-03	-2.84088744E-03	-4.22024501E-04	 1.47706775E-04	 2.64403676E-08	 1.49789388E-07	 1.30527461E-07	-6.02948616E-08
 7.150000E-01	-1.05326802E-03	-2.99117253E-03	-4.10048278E-04	 1.67033628E-04	 2.62985804E-08	 1.50580134E-07	 1.23852456E-07	-5.59682688E-08
 7.200000E-01	-1.04975532E-03	-3.14887980E-03	-3.97036744E-04	 1.85632032E-04	 2.61434026E-08	 1.50473752E-07	 1.16416534E-07	-5.03672192E-08
 7.250000E-01	-1.04245657E-03	-3.31422979E-03	-3.82954721E-04	 2.03209952E-04	 2.59950026E-08	 1.50119685E-07	 1.08797354E-07	-4.43360143E-08
 7.300000E-01	-1.03106736E-03	-3.48746324E-03	-3.67744330E-04	 2.19459743E-04	 2.59322747E-08	 1.50045775E-07	 1.01280804E-07	-3.84937494E-08
 7.350000E-01	-1.01528100E-03	-3.66882237E-03	-3.51326317E-04	 2.34042679E-04	 2.59505469E-08	 1.49355106E-07	 9.31132583E-08	-3.21840559E-08
 7.400000E-01	-9.94787977E-04	-3.85852535E-03	-3.33596931E-04	 2.46574601E-04	 2.59709025E-08	 1.47273015E-07	 8.38980827E-08	-2.49930271E-08
 7.450000E-01	-9.69283445E-04	-4.05682827E-03	-3.14409788E-04	 2.56663177E-04	 2.59966731E-08	 1.44643080E-07	 7.44811391E-08	-1.78563318E-08
 7.500000E-01	-9.38466989E-04	-4.26394751E-03	-2.93576755E-04	 2.63864795E-04	 2.61102865E-08	 1.42403225E-07	 6.55374174E-08	-1.15826395E-08
 7.550000E-01	-9.02054645E-04	-4.48003308E-03	-2.70858016E-04	 2.67671910E-04	 2.63288655E-08	 1.40088430E-07	 5.66286055E-08	-5.78881029E-09
 7.600000E-01	-8.59769280E-04	-4.70531100E-03	-2.45963804E-04	 2.67568898E-04	 2.66054040E-08	 1.37065761E-07	 4.73545367E-08	-9.07486347E-11
 7.650000E-01	-8.11332883E-04	-4.94003198E-03	-2.18567978E-04	 2.62988598E-04	 2.69478960E-08	 1.33745938E-07	 3.81375464E-08	 5.07144507E-09
 7.700000E-01	-7.56501218E-04	-5.18442989E-03	-1.88261720E-04	 2.53310255E-04	 2.74181586E-08	 1.30520847E-07	 2.92440509E-08	 9.37725571E-09
 7.750000E-01	-6.95060507E-04	-5.43867588E-03	-1.54568875E-04	 2.37839722E-04	 2.80231391E-08	 1.26797804E-07	 2.01693213E-08	 1.31837627E-08
 7.800000E-01	-6.26836688E-04	-5.70301084E-03	-1.16907916E-04	 2.15897346E-04	 2.87025976E-08	 1.22190542E-07	 1.07645367E-08	 1.66634476E-08
 7.850000E-01	-5.51728481E-04	-5.97748367E-03	-7.46113053E-05	 1.86685225E-04	 2.94325695E-08	 1.17513636E-07	 1.90502739E-09	 1.93949673E-08
 7.900000E-01	-4.69672651E-04	-6.26206926E-03	-2.69553376E-05	 1.49307172E-04	 3.02591885E-08	 1.13545255E-07	-5.79446246E-09	 2.10945770E-08
 7.950000E-01	-3.80577612E-04	-6.55710072E-03	 2.68639090E-05	 1.02904352E-04	 3.12213751E-08	 1.09954827E-07	-1.27977516E-08	 2.19926443E-08
 8.000000E-01	-2.84395052E-04	-6.86271109E-03	 8.76660127E-05	 4.63853043E-05	 3.23158694E-08	 1.06153750E-07	-1.96729340E-08	 2.23901138E-08
 8.050000E-01	-1.81177117E-04	-7.17906935E-03	 1.56417730E-04	-2.13779636E-05	 3.35364966E-08	 1.02123682E-07	-2.63969471E-08	 2.23689649E-08
 8.100000E-01	-7.11041390E-05	-7.50635116E-03	 2.34214959E-04	-1.01520636E-04	 3.48828196E-08	 9.80634418E-08	-3.27504513E-08	 2.20006076E-08
 8.150000E-01	 4.53749444E-05	-7.84448838E-03	 3.22324628E-04	-1.95184522E-04	 3.63331028E-08	 9.40222177E-08	-3.86300373E-08	 2.14617667E-08
 8.200000E-01	 1.67581536E-04	-8.19313725E-03	 4.22092779E-04	-3.03550517E-04	 3.78270542E-08	 9.01999290E-08	-4.37237058E-08	 2.09041040E-08
 8.250000E-01	 2.94853250E-04	-8.55223145E-03	 5.34847098E-04	-4.27804134E-04	 3.93141467E-08	 8.71484775E-08	-4.74044134E-08	 2.04232659E-08
 8.300000E-01	 4.26568902E-04	-8.92180596E-03	 6.61834625E-04	-5.69289937E-04	 4.08484719E-08	 8.50120339E-08	-4.96923032E-08	 2.00245408E-08
 8.350000E-01	 5.62080248E-04	-9.30182263E-03	 8.04187636E-04	-7.29518729E-04	 4.25463538E-08	 8.30315425E-08	-5.16727795E-08	 1.95059758E-08
 8.400000E-01	 7.00542279E-04	-9.69244215E-03	 9.63092702E-04	-9.09884062E-04	 4.44146986E-08	 8.06502319E-08	-5.39536186E-08	 1.87366418E-08
 8.450000E-01	 8.40665265E-04	-1.00932387E-02	 1.13963630E-03	-1.11165172E-03	 4.63415612E-08	 7.83235759E-08	-5.57998232E-08	 1.79568533E-08
 8.500000E-01	 9.80929617E-04	-1.05039673E-02	 1.33484195E-03	-1.33573671E-03	 4.82675492E-08	 7.65665425E-08	-5.65831170E-08	 1.74095993E-08
 8.550000E-01	 1.11974896E-03	-1.09243074E-02	 1.54944858E-03	-1.58299644E-03	 5.02248914E-08	 7.51843636E-08	-5.66686460E-08	 1.70158887E-08
 8.600000E-01	 1.25560907E-03	-1.13535148E-02	 1.78376951E-03	-1.85458565E-03	 5.22126803E-08	 7.39067134E-08	-5.64063177E-08	 1.67002297E-08
 8.650000E-01	 1.38738058E-03	-1.17908410E-02	 2.03772344E-03	-2.15228856E-03	 5.41741463E-08	 7.29142313E-08	-5.55036709E-08	 1.66498704E-08
 8.700000E-01	 1.51421910E-03	-1.22353769E-02	 2.31085465E-03	-2.47856861E-03	 5.61321833E-08	 7.23223329E-08	-5.38963749E-08	 1.69104070E-08
 8.750000E-01	 1.63504090E-03	-1.26854929E-02	 2.60230110E-03	-2.83612652E-03	 5.81901907E-08	 7.17702964E-08	-5.22327326E-08	 1.71130154E-08
 8.800000E-01	 1.74830528E-03	-1.31387853E-02	 2.91069371E-03	-3.22732134E-03	 6.03007789E-08	 7.10547752E-08	-5.06870957E-08	 1.72018538E-08
 8.850000E-01	 1.85221559E-03	-1.35924852E-02	 3.23411598E-03	-3.65409200E-03	 6.22489345E-08	 7.06283082E-08	-4.83206858E-08	 1.78959455E-08
 8.900000E-01	 1.94502345E-03	-1.40434135E-02	 3.56994957E-03	-4.11837705E-03	 6.40270879E-08	 7.07903186E-08	-4.47616695E-08	 1.94836848E-08
 8.950000E-01	 2.02510417E-03	-1.44875145E-02	 3.91475721E-03	-4.62267155E-03	 6.59195603E-08	 7.10189540E-08	-4.11960893E-08	 2.10252977E-08
 9.000000E-01	 2.09126852E-03	-1.49197038E-02	 4.26407123E-03	-5.17041365E-03	 6.80474715E-08	 7.08246265E-08	-3.84340186E-08	 2.18975872E-08
 9.050000E-01	 2.14250797E-03	-1.53348132E-02	 4.61271189E-03	-5.76472212E-03	 7.01748483E-08	 7.04514739E-08	-3.57010525E-08	 2.28017557E-08
 9.100000E-01	 2.17747271E-03	-1.57255191E-02	 4.95293884E-03	-6.40832927E-03	 7.20676882E-08	 7.02794213E-08	-3.20791912E-08	 2.45387760E-08
 9.150000E-01	 2.19292239E-03	-1.60847337E-02	 5.27857509E-03	-7.09782025E-03	 7.37429840E-08	 7.02650780E-08	-2.76885639E-08	 2.70209585E-08
 9.200000E-01	 2.19072184E-03	-1.64002701E-02	 5.57387965E-03	-7.84266345E-03	 7.53167290E-08	 7.02194749E-08	-2.29998604E-08	 2.97316665E-08
 9.250000E-01	 2.16531049E-03	-1.66650602E-02	 5.83779101E-03	-8.63053953E-03	 7.70843853E-08	 6.99754165E-08	-1.87166717E-08	 3.19676088E-08
 9.300000E-01	 2.12285644E-03	-1.68570656E-02	 6.04363932E-03	-9.48358508E-03	 7.88354928E-08	 6.93120305E-08	-1.46950727E-08	 3.37333521E-08
 9.350000E-01	 2.07130112E-03	-1.69573017E-02	 6.15997584E-03	-1.04139824E-02	 8.03788303E-08	 6.87126985E-08	-9.71903903E-09	 3.56433268E-08
 9.400000E-01	 1.99071041E-03	-1.69509176E-02	 6.20604326E-03	-1.13890857E-02	 8.15192280E-08	 6.76627740E-08	-4.21213158E-09	 3.79930390E-08
 9.450000E-01	 1.85984403E-03	-1.68392645E-02	 6.23348603E-03	-1.23274278E-02	 8.26464437E-08	 6.62220984E-08	 2.44761203E-09	 4.20910415E-08
 9.500000E-01	 1.68458878E-03	-1.64990046E-02	 6.10138167E-03	-1.34366835E-02	 8.34054627E-08	 6.51897266E-08	 8.29995473E-09	 4.01854564E-08
 9.550000E-01	 1.26115594E-03	-1.60078845E-02	 6.13922595E-03	-1.42638743E-02	 8.29503248E-08	 5.98519446E-08	 1.61122160E-08	 4.35038822E-08
 9.600000E-01	 7.67861829E-04	-1.53525700E-02	 6.02288267E-03	-1.49184923E-02	 8.30860803E-08	 5.37514108E-08	 2.31677194E-08	 4.35879064E-08
 9.650000E-01	 3.28496186E-04	-1.46876610E-02	 5.92735528E-03	-1.50762765E-02	 7.58517133E-08	 3.99627277E-08	 1.75507533E-08	 3.60180338E-08
 9.700000E-01	-7.90661422E-04	-1.39608630E-02	 6.38504762E-03	-1.52084797E-02	 7.82245143E-08	 3.57774168E-08	 3.23804808E-08	 5.44346027E-08
 9.750000E-01	-1.16607372E-03	-1.63058501E-02	 3.44195489E-03	-9.45943488E-04	 7.09199070E-08	 5.59031401E-10	 7.55528014E-09	 1.66278939E-08
 9.800000E-01	 6.03245831E-02	-1.02252346E-01	-6.61278226E-02	 1.53065144E-01	 2.28833095E-08	-5.93491350E-08	 1.78666209E-08	-2.71162028E-08
 9.850000E-01	 2.84017824E-02	 6.43645379E-02	-1.13347915E-01	 1.88084809E-02	-1.96295919E-08	-7.01318389E-08	 7.40678982E-09	-2.91984692E-08
 9.900000E-01	-4.06073756E-03	-9.77224183E-03	 5.79064865E-02	 2.60404002E-02	-4.60763721E-09	 8.30572461E-09	-2.52735621E-08	-5.39516264E-08
 9.950000E-01	-1.88952941E-03	-1.99191547E-02	 3.74879366E-02	-4.30349719E-02	 1.06177923E-08	 1.99477313E-08	 1.39120495E-09	 4.49798346E-08
 1.000000E+00	 0.00000000E+00	 0.00000000E+00	 0.00000000E+00	 0.00000000E+00	 0.00000000E+00	 0.00000000E+00	 0.00000000E+00	 0.00000000E+00
