r	R 16/16	R 17/16	R 18/16	R 19/16	I 16/16	I 17/16	I 18/16	I 19/16
 0.000000E+00	 0.00000000E+00	 0.00000000E+00	 0.00000000E+00	 0.00000000E+00	 0.00000000E+00	 0.00000000E+00	 0.00000000E+00	 0.00000000E+00
 5.000000E-03	-1.31211137E-28	 1.43778340E-28	 2.59666688E-28	 2.49893934E-29	-7.47028396E-32	-6.84861305E-33	 1.57495231E-31	-4.97671314E-32
 1.000000E-02	-1.10687992E-26	 1.20254826E-27	 1.26236096E-27	 4.86141477E-27	-3.78233001E-30	 1.94597108E-30	 6.39713227E-30	-1.58858452E-30
 1.500000E-02	-1.45265269E-25	-9.63648673E-26	-1.52200952E-25	 1.17635932E-25	-1.28542123E-28	 5.66181227E-29	 9.88236365E-29	-1.59640399E-29
 2.000000E-02	 1.18545799E-24	-2.68822802E-24	-3.78173452E-24	 1.35638793E-24	-2.00653266E-27	 6.70365705E-28	 7.27528229E-28	-5.42006115E-29
 2.500000E-02	 5.31489788E-23	-3.48360825E-23	-4.66925271E-23	 9.32591210E-24	-1.76420396E-26	 4.70810202E-27	 2.49787632E-27	-1.12831192E-28
 3.000000E-02	 7.46082393E-22	-2.89450329E-22	-3.84360750E-22	 4.00392354E-23	-1.08016630E-25	 2.51988094E-26	 5.04804296E-27	-1.56962048E-27
 3.500000E-02	 6.66948898E-21	-1.73798618E-21	-2.37212913E-21	 8.49845066E-23	-5.62621795E-25	 1.24381748E-25	 3.23231095E-26	-1.21721610E-26
 4.000000E-02	 4.45039874E-20	-8.00952605E-21	-1.17256521E-20	-2.08211533E-22	-2.74294354E-24	 5.71237298E-25	 2.70905028E-25	-4.17379002E-26
 4.500000E-02	 2.39053382E-19	-2.91034045E-20	-4.84431258E-20	-3.01779819E-21	-1.25260741E-23	 2.20959230E-24	 1.65506997E-24	 5.06597959E-27
 5.000000E-02	 1.08218648E-18	-8.26775478E-20	-1.72233505E-19	-1.73814336E-20	-5.33094930E-23	 6.66882774E-24	 8.38526573E-24	 1.01260494E-24
 5.500000E-02	 4.26021219E-18	-1.67581245E-19	-5.37892420E-19	-7.29255513E-20	-2.14451411E-22	 1.24543712E-23	 3.86765925E-23	 8.54888310E-24
 6.000000E-02	 1.49217864E-17	-1.19481394E-19	-1.49651108E-18	-2.50901231E-19	-8.22635016E-22	-9.73180222E-24	 1.58079488E-22	 4.73759450E-23
 6.500000E-02	 4.73198330E-17	 9.05768250E-19	-3.74133106E-18	-7.41986949E-19	-2.93724388E-21	-1.99466321E-22	 5.20939296E-22	 1.90625661E-22
 7.000000E-02	 1.37734052E-16	 5.93962024E-18	-8.43039006E-18	-1.92895636E-18	-9.46846225E-21	-1.04130321E-21	 1.35080564E-21	 5.95178688E-22
 7.500000E-02	 3.72035073E-16	 2.40470574E-17	-1.70442252E-17	-4.44721792E-18	-2.73254236E-20	-3.95224758E-21	 2.76751280E-21	 1.51385850E-21
 8.000000E-02	 9.40947244E-16	 7.92030748E-17	-3.03608504E-17	-9.05667975E-18	-7.11042599E-20	-1.25160840E-20	 4.23744679E-21	 3.20995347E-21
 8.500000E-02	 2.24497728E-15	 2.29204691E-16	-4.52090136E-17	-1.58963913E-17	-1.68956823E-19	-3.50454623E-20	 3.51236420E-21	 5.74957301E-21
 9.000000E-02	 5.08429137E-15	 6.03379648E-16	-4.63988347E-17	-2.21866225E-17	-3.71991708E-19	-8.95654730E-20	-5.21889414E-21	 8.61888577E-21
 9.500000E-02	 1.09879115E-14	 1.47366253E-15	 1.08262047E-17	-1.65539657E-17	-7.70190240E-19	-2.13882186E-19	-3.39973506E-20	 1.05317766E-20
 1.000000E-01	 2.27629996E-14	 3.38221986E-15	 2.35615860E-16	 3.32822904E-17	-1.52019397E-18	-4.83042500E-19	-1.06636377E-19	 7.95623873E-21
 1.050000E-01	 4.53802372E-14	 7.36115127E-15	 8.65995925E-16	 2.04883595E-16	-2.87722589E-18	-1.02559534E-18	-2.79843853E-19	-1.62640315E-20
 1.100000E-01	 8.73569627E-14	 1.52972387E-14	 2.38186653E-15	 6.65999867E-16	-5.20139079E-18	-2.04030906E-18	-6.78936884E-19	-1.12375075E-19
 1.150000E-01	 1.62856842E-13	 3.05181009E-14	 5.69404017E-15	 1.75253611E-15	-8.95039569E-18	-3.84311793E-18	-1.51852915E-18	-3.73090099E-19
 1.200000E-01	 2.94796393E-13	 5.87072458E-14	 1.24481532E-14	 4.09709003E-15	-1.47057337E-17	-6.93578735E-18	-3.12396862E-18	-9.47788176E-19
 1.250000E-01	 5.19336053E-13	 1.09298286E-13	 2.54978042E-14	 8.83158003E-15	-2.32037724E-17	-1.20761091E-17	-5.99188749E-18	-2.08274761E-18
 1.300000E-01	 8.92227736E-13	 1.97552196E-13	 4.96212240E-14	 1.78942663E-14	-3.53378101E-17	-2.03462745E-17	-1.08794929E-17	-4.19360636E-18
 1.350000E-01	 1.49760224E-12	 3.47592173E-13	 9.25827449E-14	 3.44792558E-14	-5.20441921E-17	-3.30741572E-17	-1.89588366E-17	-8.03768191E-18
 1.400000E-01	 2.45990078E-12	 5.96762139E-13	 1.66677851E-13	 6.36761030E-14	-7.38689523E-17	-5.16111054E-17	-3.19702080E-17	-1.49176001E-17
 1.450000E-01	 3.95971111E-12	 1.00176932E-12	 2.90949410E-13	 1.13358422E-13	-1.00315040E-16	-7.71067772E-17	-5.22208424E-17	-2.68084590E-17
 1.500000E-01	 6.25422743E-12	 1.64715077E-12	 4.94319773E-13	 1.95392924E-13	-1.29152889E-16	-1.10318444E-16	-8.24673465E-17	-4.63752686E-17
 1.550000E-01	 9.70356373E-12	 2.65677585E-12	 8.19923689E-13	 3.27254679E-13	-1.56522889E-16	-1.52810141E-16	-1.25372551E-16	-7.61977013E-17
 1.600000E-01	 1.48038751E-11	 4.20927824E-12	 1.33110114E-12	 5.34180139E-13	-1.79208241E-16	-2.08155316E-16	-1.82934138E-16	-1.18425336E-16
 1.650000E-01	 2.22278395E-11	 6.55830040E-12	 2.11960774E-12	 8.52036567E-13	-1.94182483E-16	-2.75568073E-16	-2.57766433E-16	-1.78444581E-16
 1.700000E-01	 3.28732793E-11	 1.00586290E-11	 3.31671647E-12	 1.33116309E-12	-1.89275356E-16	-3.41782038E-16	-3.54070368E-16	-2.67191336E-16
 1.750000E-01	 4.79206028E-11	 1.51993122E-11	 5.10801640E-12	 2.04154347E-12	-1.39293584E-16	-3.91020305E-16	-4.72879721E-16	-3.92335111E-16
 1.800000E-01	 6.89034232E-11	 2.26455390E-11	 7.75264226E-12	 3.07974727E-12	-2.20340019E-17	-4.19583476E-16	-6.06217855E-16	-5.50218013E-16
 1.850000E-01	 9.77888761E-11	 3.32904993E-11	 1.16087293E-11	 4.57838552E-12	 1.70736085E-16	-4.23855935E-16	-7.39747565E-16	-7.34289496E-16
 1.900000E-01	 1.37060864E-10	 4.83165942E-11	 1.71663150E-11	 6.71893025E-12	 4.45762584E-16	-3.82047102E-16	-8.57598781E-16	-9.43035938E-16
 1.950000E-01	 1.89814087E-10	 6.92674553E-11	 2.50875842E-11	 9.74863006E-12	 8.17084092E-16	-2.56556450E-16	-9.38683380E-16	-1.17318069E-15
 2.000000E-01	 2.59858676E-10	 9.81317872E-11	 3.62558965E-11	 1.40025327E-11	 1.30149104E-15	-1.31231494E-18	-9.50969167E-16	-1.41156332E-15
 2.050000E-01	 3.51825288E-10	 1.37436464E-10	 5.18345350E-11	 1.99316190E-11	 1.91522290E-15	 4.30964316E-16	-8.51691833E-16	-1.63076214E-15
 2.100000E-01	 4.71265913E-10	 1.90346249E-10	 7.33342613E-11	 2.81375002E-11	 2.66923703E-15	 1.07957369E-15	-5.90668792E-16	-1.78652864E-15
 2.150000E-01	 6.24769574E-10	 2.60774290E-10	 1.02688337E-10	 3.94134787E-11	 3.56241295E-15	 1.96216121E-15	-1.17047120E-16	-1.81596536E-15
 2.200000E-01	 8.20082864E-10	 3.53502138E-10	 1.42336694E-10	 5.47928690E-11	 4.57116135E-15	 3.06145018E-15	 6.11321169E-16	-1.64040829E-15
 2.250000E-01	 1.06621705E-09	 4.74300135E-10	 1.95316782E-10	 7.56037046E-11	 5.64788981E-15	 4.35260831E-15	 1.62441504E-15	-1.18690834E-15
 2.300000E-01	 1.37356929E-09	 6.30055202E-10	 2.65358214E-10	 1.03528143E-10	 6.74579022E-15	 5.83848504E-15	 2.94023111E-15	-4.05209658E-16
 2.350000E-01	 1.75405650E-09	 8.28906926E-10	 3.56981755E-10	 1.40665303E-10	 7.83322666E-15	 7.51372774E-15	 4.55665070E-15	 7.47146226E-16
 2.400000E-01	 2.22122077E-09	 1.08037385E-09	 4.75598618E-10	 1.89595307E-10	 8.87593274E-15	 9.32642323E-15	 6.44375927E-15	 2.30807544E-15
 2.450000E-01	 2.79034464E-09	 1.39547557E-09	 6.27602863E-10	 2.53439726E-10	 9.83262103E-15	 1.12653311E-14	 8.57072684E-15	 4.26618896E-15
 2.500000E-01	 3.47859709E-09	 1.78686358E-09	 8.20460352E-10	 3.35916754E-10	 1.07065951E-14	 1.33887935E-14	 1.08976327E-14	 6.55046160E-15
 2.550000E-01	 4.30516391E-09	 2.26894333E-09	 1.06279358E-09	 4.41390062E-10	 1.15789387E-14	 1.52016603E-14	 1.30772771E-14	 9.16753955E-15
 2.600000E-01	 5.29144210E-09	 2.85800930E-09	 1.36445715E-09	 5.74906485E-10	 1.23366367E-14	 1.51648489E-14	 1.42405008E-14	 1.21739195E-14
 2.650000E-01	 6.46127419E-09	 3.57239289E-09	 1.73661390E-09	 7.42225684E-10	 1.23899392E-14	 1.28955068E-14	 1.40427671E-14	 1.50781782E-14
 2.700000E-01	 7.84116589E-09	 4.43260002E-09	 2.19181990E-09	 9.49853157E-10	 1.14892623E-14	 1.14847682E-14	 1.37595012E-14	 1.67677882E-14
 2.750000E-01	 9.46058719E-09	 5.46146017E-09	 2.74410472E-09	 1.20507014E-09	 1.07181783E-14	 1.31766520E-14	 1.42440483E-14	 1.69457578E-14
 2.800000E-01	 1.13523053E-08	 6.68428428E-09	 3.40904349E-09	 1.51595180E-09	 1.11510992E-14	 1.41408198E-14	 1.34704770E-14	 1.66305683E-14
 2.850000E-01	 1.35527846E-08	 8.12907800E-09	 4.20385492E-09	 1.89139573E-09	 1.18938485E-14	 1.05916795E-14	 9.67026189E-15	 1.61418977E-14
 2.900000E-01	 1.61026130E-08	 9.82681630E-09	 5.14755293E-09	 2.34118990E-09	 1.14836407E-14	 6.94102958E-15	 5.43279542E-15	 1.43672119E-14
 2.950000E-01	 1.90469560E-08	 1.18117089E-08	 6.26109298E-09	 2.87610773E-09	 1.05494801E-14	 9.05474928E-15	 3.97280799E-15	 1.10818541E-14
 3.000000E-01	 2.24362870E-08	 1.41213743E-08	 7.56733117E-09	 3.50791442E-09	 1.08201988E-14	 1.44140549E-14	 3.83954568E-15	 7.82653415E-15
 3.050000E-01	 2.63271179E-08	 1.67969812E-08	 9.09086948E-09	 4.24928219E-09	 1.22907679E-14	 1.80338240E-14	 2.57277014E-15	 5.83699465E-15
 3.100000E-01	 3.07826175E-08	 1.98836166E-08	 1.08580584E-08	 5.11377770E-09	 1.34953545E-14	 2.18804429E-14	 2.26828114E-15	 5.23948961E-15
 3.150000E-01	 3.58735714E-08	 2.34307778E-08	 1.28969343E-08	 6.11579522E-09	 1.39599648E-14	 2.99427025E-14	 6.21861789E-15	 6.40478237E-15
 3.200000E-01	 4.16797843E-08	 2.74930283E-08	 1.52371765E-08	 7.27044309E-09	 1.44498824E-14	 3.99757978E-14	 1.34890347E-14	 1.01728027E-14
 3.250000E-01	 4.82915454E-08	 3.21309726E-08	 1.79104339E-08	 8.59352530E-09	 1.50400302E-14	 4.69449627E-14	 2.12888816E-14	 1.66533147E-14
 3.300000E-01	 5.58104046E-08	 3.74120336E-08	 2.09508932E-08	 1.01015348E-08	 1.46202989E-14	 4.93950857E-14	 2.90600880E-14	 2.48553910E-14
 3.350000E-01	 6.43489531E-08	 4.34105846E-08	 2.43960374E-08	 1.18117220E-08	 1.24718378E-14	 4.73879600E-14	 3.62967568E-14	 3.31511036E-14
 3.400000E-01	 7.40307082E-08	 5.02075774E-08	 2.82874101E-08	 1.37421490E-08	 8.86717566E-15	 3.87434768E-14	 3.96115018E-14	 3.94570123E-14
 3.450000E-01	 8.49906511E-08	 5.78906197E-08	 3.26717728E-08	 1.59119792E-08	 2.87817383E-15	 2.39476944E-14	 3.73358142E-14	 4.18663864E-14
 3.500000E-01	 9.73759101E-08	 6.65550263E-08	 3.76026280E-08	 1.83422514E-08	-7.64512670E-15	 1.09504773E-14	 3.32014176E-14	 3.98232579E-14
 3.550000E-01	 1.11347668E-07	 7.63051537E-08	 4.31404956E-08	 2.10567133E-08	-1.88827912E-14	 1.07815937E-16	 2.26646856E-14	 3.27774812E-14
 3.600000E-01	 1.27085241E-07	 8.72554305E-08	 4.93504918E-08	 2.40820112E-08	-1.91596848E-14	-3.12563956E-14	-1.78431220E-14	 1.70310462E-14
 3.650000E-01	 1.44791795E-07	 9.95321145E-08	 5.62981762E-08	 2.74471015E-08	-4.54870458E-15	-9.88072342E-14	-1.00644849E-13	-1.12366393E-14
 3.700000E-01	 1.64700028E-07	 1.13276857E-07	 6.40472177E-08	 3.11829069E-08	 1.23104432E-14	-1.74287932E-13	-1.95134840E-13	-4.79878044E-14
 3.750000E-01	 1.87074275E-07	 1.28649686E-07	 7.26612480E-08	 3.53222479E-08	 1.72830845E-14	-2.15664947E-13	-2.56883460E-13	-8.20390761E-14
 3.800000E-01	 2.12206292E-07	 1.45828358E-07	 8.22101573E-08	 3.98992941E-08	 7.06305710E-15	-2.14333311E-13	-2.72106970E-13	-1.05002942E-13
 3.850000E-01	 2.40409218E-07	 1.65006235E-07	 9.27786795E-08	 4.49491736E-08	-6.60411031E-15	-2.01982436E-13	-2.70861678E-13	-1.20025754E-13
 3.900000E-01	 2.72020133E-07	 1.86392341E-07	 1.04468149E-07	 5.05078990E-08	 1.58739122E-15	-2.37909386E-13	-3.16024982E-13	-1.42609767E-13
 3.950000E-01	 3.07411756E-07	 2.10216729E-07	 1.17386596E-07	 5.66117339E-08	 3.67483262E-14	-3.41871830E-13	-4.28712029E-13	-1.83378703E-13
 4.000000E-01	 3.47000869E-07	 2.36735107E-07	 1.31641753E-07	 6.32961466E-08	 6.31019896E-14	-4.28426381E-13	-5.25253934E-13	-2.27192589E-13
 4.050000E-01	 3.91261054E-07	 2.66223612E-07	 1.47337546E-07	 7.05925157E-08	 5.25046638E-14	-4.00777818E-13	-5.14024246E-13	-2.45289415E-13
 4.100000E-01	 4.40732459E-07	 2.98975811E-07	 1.64571796E-07	 7.85256785E-08	 2.40619028E-14	-2.81088360E-13	-4.17546086E-13	-2.27570077E-13
 4.150000E-01	 4.96018819E-07	 3.35310939E-07	 1.83443111E-07	 8.71172268E-08	 3.09710555E-14	-1.99551342E-13	-3.62639885E-13	-1.97942982E-13
 4.200000E-01	 5.57789764E-07	 3.75584795E-07	 2.04056891E-07	 9.63872207E-08	 1.32200699E-13	-3.15346251E-13	-5.05059958E-13	-2.05505295E-13
 4.250000E-01	 6.26796304E-07	 4.20197844E-07	 2.26524828E-07	 1.06351613E-07	 3.09173214E-13	-6.27646289E-13	-8.35951904E-13	-2.70412928E-13
 4.300000E-01	 7.03879095E-07	 4.69594170E-07	 2.50962858E-07	 1.17022093E-07	 4.32100210E-13	-8.37419639E-13	-1.05656876E-12	-3.30603779E-13
 4.350000E-01	 7.89974199E-07	 5.24259197E-07	 2.77487520E-07	 1.28405141E-07	 4.56360863E-13	-7.42403740E-13	-9.86452391E-13	-3.20397316E-13
 4.400000E-01	 8.86136553E-07	 5.84725646E-07	 3.06209689E-07	 1.40496353E-07	 5.44767054E-13	-6.55468046E-13	-9.49589544E-13	-2.87077455E-13
 4.450000E-01	 9.93559813E-07	 6.51578141E-07	 3.37228925E-07	 1.53275119E-07	 7.93942481E-13	-8.87666779E-13	-1.23179799E-12	-3.04682365E-13
 4.500000E-01	 1.11359910E-06	 7.25456413E-07	 3.70627259E-07	 1.66699489E-07	 1.04185610E-12	-1.12077823E-12	-1.49881917E-12	-3.19619591E-13
 4.550000E-01	 1.24781211E-06	 8.07058669E-07	 4.06457001E-07	 1.80697565E-07	 1.17617079E-12	-9.71065194E-13	-1.39618793E-12	-2.37547849E-13
 4.600000E-01	 1.39798652E-06	 8.97136228E-07	 4.44725697E-07	 1.95158889E-07	 1.36445820E-12	-7.26065384E-13	-1.23391450E-12	-9.24228951E-14
 4.650000E-01	 1.56617591E-06	 9.96495004E-07	 4.85382828E-07	 2.09925709E-07	 1.74222831E-12	-7.81792723E-13	-1.38331215E-12	 3.39470809E-14
 4.700000E-01	 1.75475328E-06	 1.10601207E-06	 5.28315429E-07	 2.24789868E-07	 2.18019421E-12	-8.88196249E-13	-1.58081174E-12	 1.71548427E-13
 4.750000E-01	 1.96642861E-06	 1.22664816E-06	 5.73354396E-07	 2.39498969E-07	 2.61419652E-12	-7.63599123E-13	-1.58188961E-12	 3.73426101E-13
 4.800000E-01	 2.20426267E-06	 1.35945560E-06	 6.20271927E-07	 2.53755632E-07	 3.26611179E-12	-8.64099373E-13	-1.85335880E-12	 5.67007193E-13
 4.850000E-01	 2.47169217E-06	 1.50559071E-06	 6.68773031E-07	 2.67212633E-07	 4.19569863E-12	-1.47036449E-12	-2.62765027E-12	 6.92733022E-13
 4.900000E-01	 2.77252741E-06	 1.66632722E-06	 7.18497323E-07	 2.79475426E-07	 5.04375816E-12	-1.66913610E-12	-3.02074001E-12	 8.85604108E-13
 4.950000E-01	 3.11096158E-06	 1.84308462E-06	 7.69024821E-07	 2.90104533E-07	 5.74386501E-12	-9.00362592E-13	-2.59669617E-12	 1.26185533E-12
 5.000000E-01	 3.49161428E-06	 2.03749528E-06	 8.19887943E-07	 2.98611549E-07	 6.92192322E-12	-6.78896233E-13	-2.82222402E-12	 1.65195193E-12
 5.050000E-01	 3.91961398E-06	 2.25148511E-06	 8.70574313E-07	 3.04445410E-07	 8.89421385E-12	-2.40398670E-12	-4.86360573E-12	 1.84277415E-12
 5.100000E-01	 4.40061627E-06	 2.48729115E-06	 9.20497652E-07	 3.06968254E-07	 1.10678134E-11	-4.71808904E-12	-7.37442836E-12	 1.91113246E-12
 5.150000E-01	 4.94082824E-06	 2.74746470E-06	 9.68939887E-07	 3.05409162E-07	 1.30299756E-11	-5.82069252E-12	-8.83247497E-12	 2.05180022E-12
 5.200000E-01	 5.54719064E-06	 3.03495252E-06	 1.01499548E-06	 2.98812322E-07	 1.52503688E-11	-6.59811642E-12	-1.01370356E-11	 2.29376225E-12
 5.250000E-01	 6.22754517E-06	 3.35314509E-06	 1.05751041E-06	 2.85991458E-07	 1.82128032E-11	-8.93457634E-12	-1.28503455E-11	 2.57111268E-12
 5.300000E-01	 6.99090417E-06	 3.70591342E-06	 1.09496139E-06	 2.65450648E-07	 2.17714202E-11	-1.29007787E-11	-1.68614858E-11	 2.88733737E-12
 5.350000E-01	 7.84755956E-06	 4.09769325E-06	 1.12542771E-06	 2.35365416E-07	 2.54640727E-11	-1.67321378E-11	-2.06380211E-11	 3.28725386E-12
 5.400000E-01	 8.80903881E-06	 4.53361925E-06	 1.14666993E-06	 1.93630360E-07	 2.90054511E-11	-1.80726060E-11	-2.24615796E-11	 3.74667801E-12
 5.450000E-01	 9.88862922E-06	 5.01977313E-06	 1.15602963E-06	 1.37772514E-07	 3.29401518E-11	-1.71070244E-11	-2.28347572E-11	 4.33060678E-12
 5.500000E-01	 1.11015942E-05	 5.56308966E-06	 1.15018429E-06	 6.48208787E-08	 3.83724092E-11	-1.87079924E-11	-2.54839470E-11	 5.49322601E-12
 5.550000E-01	 1.24653397E-05	 6.17106968E-06	 1.12476762E-06	-2.88592153E-08	 4.51278169E-11	-2.53096774E-11	-3.16522540E-11	 7.45259418E-12
 5.600000E-01	 1.40002433E-05	 6.85172652E-06	 1.07388739E-06	-1.47763449E-07	 5.18772931E-11	-2.97750671E-11	-3.60363560E-11	 9.19087945E-12
 5.650000E-01	 1.57296646E-05	 7.61358828E-06	 9.90050167E-07	-2.97182640E-07	 5.90354351E-11	-2.60920100E-11	-3.53574510E-11	 9.81166290E-12
 5.700000E-01	 1.76802931E-05	 8.46633514E-06	 8.64267853E-07	-4.83171248E-07	 6.86040108E-11	-2.18135785E-11	-3.54091850E-11	 1.07620750E-11
 5.750000E-01	 1.98824455E-05	 9.42150738E-06	 6.86144747E-07	-7.12557627E-07	 8.07288040E-11	-2.60402572E-11	-4.13947957E-11	 1.38495362E-11
 5.800000E-01	 2.23693374E-05	 1.04927021E-05	 4.44028600E-07	-9.92851834E-07	 9.39884591E-11	-3.35917308E-11	-4.91907959E-11	 1.77371364E-11
 5.850000E-01	 2.51774647E-05	 1.16959886E-05	 1.24696520E-07	-1.33246054E-06	 1.08608425E-10	-3.46190695E-11	-5.33814255E-11	 1.98000929E-11
 5.900000E-01	 2.83471543E-05	 1.30502755E-05	-2.87173585E-07	-1.74102759E-06	 1.26227211E-10	-2.96142761E-11	-5.54414254E-11	 2.00131938E-11
 5.950000E-01	 3.19231921E-05	 1.45777492E-05	-8.09606276E-07	-2.22978498E-06	 1.47564882E-10	-2.63335335E-11	-6.00138599E-11	 2.06298341E-11
 6.000000E-01	 3.59555047E-05	 1.63045100E-05	-1.46388122E-06	-2.81183463E-06	 1.71832737E-10	-3.15185939E-11	-6.97393273E-11	 2.41378633E-11
 6.050000E-01	 4.04998585E-05	 1.82616283E-05	-2.27491450E-06	-3.50244279E-06	 1.97460327E-10	-4.68085335E-11	-8.38075264E-11	 3.15965532E-11
 6.100000E-01	 4.56191259E-05	 2.04863429E-05	-3.27182946E-06	-4.31948220E-06	 2.23592924E-10	-6.70053528E-11	-9.85482694E-11	 4.12532567E-11
 6.150000E-01	 5.13834816E-05	 2.30224580E-05	-4.48851375E-06	-5.28360071E-06	 2.50878495E-10	-8.57500687E-11	-1.11000437E-10	 5.05255776E-11
 6.200000E-01	 5.78707424E-05	 2.59211050E-05	-5.96435654E-06	-6.41844915E-06	 2.80090228E-10	-1.02712187E-10	-1.21302669E-10	 5.93693421E-11
 6.250000E-01	 6.51679449E-05	 2.92430257E-05	-7.74500651E-06	-7.75132608E-06	 3.10595741E-10	-1.23354629E-10	-1.31128354E-10	 7.08594986E-11
 6.300000E-01	 7.33703884E-05	 3.30609070E-05	-9.88152838E-06	-9.31319730E-06	 3.39893158E-10	-1.55357269E-10	-1.41364626E-10	 9.00142491E-11
 6.350000E-01	 8.25796002E-05	 3.74614252E-05	-1.24290259E-05	-1.11382503E-05	 3.65046012E-10	-2.00454309E-10	-1.49708930E-10	 1.18817921E-10
 6.400000E-01	 9.29070306E-05	 4.25519465E-05	-1.54467712E-05	-1.32653428E-05	 3.86338088E-10	-2.47867760E-10	-1.51182416E-10	 1.51110492E-10
 6.450000E-01	 1.04471496E-04	 4.84690980E-05	-1.89941916E-05	-1.57387914E-05	 4.06773528E-10	-2.87762239E-10	-1.43729806E-10	 1.80559440E-10
 6.500000E-01	 1.17387065E-04	 5.53796972E-05	-2.31247090E-05	-1.86062015E-05	 4.25987826E-10	-3.26757606E-10	-1.29529575E-10	 2.11714150E-10
 6.550000E-01	 1.31770511E-04	 6.34888981E-05	-2.78885857E-05	-2.19212888E-05	 4.40460567E-10	-3.73454623E-10	-1.08946958E-10	 2.50624707E-10
 6.600000E-01	 1.47743306E-04	 7.30618856E-05	-3.33283588E-05	-2.57487475E-05	 4.51021680E-10	-4.19812733E-10	-7.94988013E-11	 2.90608698E-10
 6.650000E-01	 1.65410534E-04	 8.44258249E-05	-3.94684144E-05	-3.01615116E-05	 4.61116948E-10	-4.59100816E-10	-4.17350228E-11	 3.25456584E-10
 6.700000E-01	 1.84871988E-04	 9.79534776E-05	-4.63322612E-05	-3.52396210E-05	 4.66243828E-10	-5.08225245E-10	 1.42826991E-12	 3.68408423E-10
 6.750000E-01	 2.06214950E-04	 1.14069971E-04	-5.39383323E-05	-4.10673068E-05	 4.57859372E-10	-5.81138926E-10	 5.16414853E-11	 4.31076535E-10
 6.800000E-01	 2.29504303E-04	 1.33299265E-04	-6.22803260E-05	-4.77381959E-05	 4.40671792E-10	-6.54655004E-10	 1.12649952E-10	 4.92560958E-10
 6.850000E-01	 2.54784141E-04	 1.56277194E-04	-7.13282384E-05	-5.53542298E-05	 4.32216182E-10	-6.92079712E-10	 1.81768356E-10	 5.17708181E-10
 6.900000E-01	 2.82019620E-04	 1.83723334E-04	-8.10007241E-05	-6.39989508E-05	 4.44872954E-10	-6.83821422E-10	 2.50849893E-10	 4.93970378E-10
 6.950000E-01	 3.11094346E-04	 2.16485711E-04	-9.11557972E-05	-7.37412512E-05	 4.72742028E-10	-6.64571731E-10	 3.11522698E-10	 4.49919364E-10
 7.000000E-01	 3.41808385E-04	 2.55585447E-04	-1.01583174E-04	-8.46355440E-05	 4.86416159E-10	-7.08792743E-10	 3.60948804E-10	 4.53166743E-10
 7.050000E-01	 3.73810961E-04	 3.02177891E-04	-1.11973298E-04	-9.66811277E-05	 4.59551824E-10	-8.46650504E-10	 4.09213677E-10	 5.31423543E-10
 7.100000E-01	 4.06587382E-04	 3.57532355E-04	-1.21925341E-04	-1.09796611E-04	 4.16224969E-10	-9.87034562E-10	 4.66420967E-10	 5.96022053E-10
 7.150000E-01	 4.39428800E-04	 4.23063680E-04	-1.30928091E-04	-1.23797292E-04	 4.00768721E-10	-1.05572406E-09	 5.17365654E-10	 5.69732599E-10
 7.200000E-01	 4.71358612E-04	 5.00366330E-04	-1.38306438E-04	-1.38353896E-04	 3.95374827E-10	-1.15151819E-09	 5.35185207E-10	 5.39307868E-10
 7.250000E-01	 5.01061613E-04	 5.91221366E-04	-1.43179714E-04	-1.52936265E-04	 3.54766431E-10	-1.35866662E-09	 5.25599700E-10	 5.84771873E-10
 7.300000E-01	 5.26789451E-04	 6.97568260E-04	-1.44416536E-04	-1.66733689E-04	 3.16024920E-10	-1.52102406E-09	 5.21048475E-10	 5.65274915E-10
 7.350000E-01	 5.46260989E-04	 8.21455001E-04	-1.40601288E-04	-1.78558140E-04	 3.56388401E-10	-1.49408395E-09	 5.11748092E-10	 3.43872219E-10
 7.400000E-01	 5.56587514E-04	 9.65031841E-04	-1.30028487E-04	-1.86763075E-04	 4.54532836E-10	-1.45848888E-09	 4.32460276E-10	 7.22377971E-11
 7.450000E-01	 5.54126764E-04	 1.13045731E-03	-1.10656868E-04	-1.89104341E-04	 5.29649208E-10	-1.61937369E-09	 2.61575450E-10	-6.90799669E-11
 7.500000E-01	 5.34350378E-04	 1.31971994E-03	-8.01001129E-05	-1.82565341E-04	 5.95391978E-10	-1.81175561E-09	 6.70930737E-11	-2.11203324E-10
 7.550000E-01	 4.91707577E-04	 1.53466506E-03	-3.56071371E-05	-1.63229946E-04	 7.37511037E-10	-1.79922836E-09	-1.16312424E-10	-5.51397577E-10
 7.600000E-01	 4.19333693E-04	 1.77685926E-03	 2.60648520E-05	-1.26030322E-04	 9.74605472E-10	-1.68539085E-09	-3.66647723E-10	-1.01671044E-09
 7.650000E-01	 3.09003816E-04	 2.04714014E-03	 1.08461921E-04	-6.45144068E-05	 1.25941041E-09	-1.61377404E-09	-7.09976861E-10	-1.47368203E-09
 7.700000E-01	 1.51041965E-04	 2.34529802E-03	 2.15276303E-04	 2.93234396E-05	 1.58090818E-09	-1.36834607E-09	-9.90480075E-10	-2.01043504E-09
 7.750000E-01	-6.58756477E-05	 2.66993579E-03	 3.50293913E-04	 1.65193173E-04	 1.98191630E-09	-7.54086472E-10	-1.12726797E-09	-2.72564766E-09
 7.800000E-01	-3.54689962E-04	 3.01772298E-03	 5.17089305E-04	 3.54710208E-04	 2.49276129E-09	-6.72065248E-11	-1.35492892E-09	-3.47706292E-09
 7.850000E-01	-7.30356013E-04	 3.38289734E-03	 7.19116267E-04	 6.11733259E-04	 3.08656817E-09	 3.72440125E-10	-1.86410125E-09	-4.10010112E-09
 7.900000E-01	-1.21065301E-03	 3.75743877E-03	 9.60033045E-04	 9.52788012E-04	 3.70354060E-09	 8.19959409E-10	-2.40536406E-09	-4.65269744E-09
 7.950000E-01	-1.81586244E-03	 4.12918974E-03	 1.24297082E-03	 1.39737185E-03	 4.30721324E-09	 1.69780202E-09	-2.63328603E-09	-5.23709993E-09
 8.000000E-01	-2.56751449E-03	 4.48078122E-03	 1.56904643E-03	 1.96700298E-03	 4.89626882E-09	 2.99324440E-09	-2.55841453E-09	-5.78836462E-09
 8.050000E-01	-3.48789711E-03	 4.78965095E-03	 1.93682090E-03	 2.68410843E-03	 5.45499325E-09	 4.46000648E-09	-2.34685835E-09	-6.15642787E-09
 8.100000E-01	-4.59836075E-03	 5.02700411E-03	 2.34140096E-03	 3.57028478E-03	 5.93704617E-09	 5.99782729E-09	-2.02237084E-09	-6.24493587E-09
 8.150000E-01	-5.91888074E-03	 5.15769472E-03	 2.77484554E-03	 4.64474650E-03	 6.40825658E-09	 7.55448560E-09	-1.72486265E-09	-6.13091302E-09
 8.200000E-01	-7.47212233E-03	 5.13944319E-03	 3.22927488E-03	 5.92650146E-03	 7.14708310E-09	 8.97074946E-09	-1.93706381E-09	-6.09807724E-09
 8.250000E-01	-9.28390914E-03	 4.92008040E-03	 3.69665979E-03	 7.43451865E-03	 8.18449843E-09	 1.02106108E-08	-2.67407852E-09	-6.11167361E-09
 8.300000E-01	-1.13787994E-02	 4.43569774E-03	 4.16597703E-03	 9.18286905E-03	 8.82370423E-09	 1.15448249E-08	-2.76200520E-09	-5.35946297E-09
 8.350000E-01	-1.37753318E-02	 3.61372097E-03	 4.62259706E-03	 1.11731017E-02	 8.48224171E-09	 1.31610844E-08	-1.34620807E-09	-3.28700436E-09
 8.400000E-01	-1.64811738E-02	 2.37792008E-03	 5.05067838E-03	 1.33849919E-02	 7.77910941E-09	 1.48078674E-08	 4.63415862E-10	-7.16699279E-10
 8.450000E-01	-1.94988412E-02	 6.51247470E-04	 5.44158196E-03	 1.57768820E-02	 7.57753196E-09	 1.60938424E-08	 1.26536940E-09	 1.43853328E-09
 8.500000E-01	-2.28341240E-02	-1.64725256E-03	 5.79921800E-03	 1.82912859E-02	 7.50403641E-09	 1.68258569E-08	 1.55170467E-09	 3.75063242E-09
 8.550000E-01	-2.64969856E-02	-4.60837400E-03	 6.13645276E-03	 2.08534816E-02	 6.82082809E-09	 1.70363947E-08	 2.40055914E-09	 6.96872489E-09
 8.600000E-01	-3.05035298E-02	-8.33936001E-03	 6.46724675E-03	 2.33680809E-02	 5.92419778E-09	 1.69369389E-08	 3.50403274E-09	 1.03991196E-08
 8.650000E-01	-3.48680565E-02	-1.29617637E-02	 6.79566880E-03	 2.57018635E-02	 5.27527066E-09	 1.63712655E-08	 4.25222244E-09	 1.35150628E-08
 8.700000E-01	-3.95878927E-02	-1.85801060E-02	 7.12065117E-03	 2.76486746E-02	 3.74517606E-09	 1.43710538E-08	 5.37198125E-09	 1.75949133E-08
 8.750000E-01	-4.46476962E-02	-2.52452248E-02	 7.45748120E-03	 2.89136521E-02	 5.00982911E-10	 1.07383141E-08	 7.64897087E-09	 2.29374732E-08
 8.800000E-01	-5.00400970E-02	-3.29417614E-02	 7.84618194E-03	 2.91243971E-02	-2.31177421E-09	 7.51215275E-09	 1.00772476E-08	 2.64590834E-08
 8.850000E-01	-5.57719071E-02	-4.15871536E-02	 8.32721558E-03	 2.78346854E-02	-2.71248650E-09	 5.56915911E-09	 1.13021569E-08	 2.63856638E-08
 8.900000E-01	-6.18499115E-02	-5.10104610E-02	 8.89999187E-03	 2.45015386E-02	-3.72191664E-09	 1.15812183E-09	 1.20746077E-08	 2.63136662E-08
 8.950000E-01	-6.82540664E-02	-6.09085633E-02	 9.47005427E-03	 1.84529006E-02	-9.48133955E-09	-8.62260308E-09	 1.42236767E-08	 2.88091585E-08
 9.000000E-01	-7.49597037E-02	-7.07834652E-02	 9.87071481E-03	 8.93200980E-03	-1.81124285E-08	-1.94523168E-08	 1.79265394E-08	 2.94147696E-08
 9.050000E-01	-8.18999700E-02	-7.97840597E-02	 9.80421248E-03	-4.85556801E-03	-2.46668537E-08	-2.52690409E-08	 2.17828805E-08	 2.29004198E-08
 9.100000E-01	-8.93263239E-02	-8.67589979E-02	 9.25901294E-03	-2.33034401E-02	-2.86266347E-08	-2.62036106E-08	 2.48393933E-08	 1.02978102E-08
 9.150000E-01	-9.66310190E-02	-9.00994885E-02	 6.72153624E-03	-4.71005601E-02	-3.30532669E-08	-2.60749237E-08	 2.61421484E-08	-5.32871947E-09
 9.200000E-01	-1.04226520E-01	-8.82221172E-02	 1.92665123E-03	-7.54800299E-02	-4.02859710E-08	-2.71546410E-08	 2.39439465E-08	-2.32667150E-08
 9.250000E-01	-1.10420379E-01	-7.85842698E-02	-8.75310287E-03	-1.08404743E-01	-5.04432575E-08	-2.70552709E-08	 1.74589769E-08	-4.37017161E-08
 9.300000E-01	-1.09647561E-01	-5.95441645E-02	-3.46751850E-02	-1.43964456E-01	-6.02763954E-08	-1.84042950E-08	 6.63323214E-09	-6.54571122E-08
 9.350000E-01	-1.05220625E-01	-2.97087674E-02	-7.13172565E-02	-1.74092999E-01	-6.70482200E-08	 2.03465948E-09	-8.21907603E-09	-8.18515952E-08
 9.400000E-01	-1.05896830E-01	 1.89742709E-02	-1.06097325E-01	-1.98209422E-01	-7.18626117E-08	 3.22561777E-08	-2.98521855E-08	-8.87730142E-08
 9.450000E-01	-9.72844598E-02	 6.97274912E-02	-1.56243964E-01	-1.80856180E-01	-7.96913120E-08	 6.10479530E-08	-5.06023381E-08	-7.61593182E-08
 9.500000E-01	-5.19852944E-02	 1.36002456E-01	-2.36927073E-01	-1.39874563E-01	-5.41985287E-08	 7.32583153E-08	-9.36875234E-08	-3.95927937E-08
 9.550000E-01	-1.32316402E-02	 2.29745401E-01	-3.31873214E-01	-6.90818595E-02	-2.71648078E-08	 1.07959064E-07	-1.66049269E-07	 2.75646802E-08
 9.600000E-01	 1.07880586E-01	 1.18215497E-01	-2.60956579E-01	-5.89725567E-02	 4.39512191E-08	 1.74394903E-08	-1.28651742E-07	 2.46328797E-09
 9.650000E-01	 1.61542020E-01	-6.24511231E-02	-1.27987203E-01	-1.21685099E-01	 1.12274682E-07	-1.29338407E-07	-4.76193241E-08	-8.81455117E-08
 9.700000E-01	 1.22206715E-02	 1.67687834E-01	 9.64171711E-03	 1.61903941E-01	 9.57882082E-08	-1.01870641E-07	 2.94710880E-08	-2.15890859E-08
 9.750000E-01	 8.87963042E-02	 6.66017256E-01	 9.71499828E-02	 5.98014702E-01	 4.22931897E-08	 1.68143477E-08	 1.26716134E-07	 1.10299816E-07
 9.800000E-01	-7.62354342E-01	 1.61948342E+00	 7.99759833E-02	 2.20262345E+00	 6.08381167E-08	 2.16021997E-07	 2.57409867E-07	 2.27638169E-07
 9.850000E-01	 8.43143353E-01	 1.14558540E+00	 8.27281219E-02	 9.37197081E-01	 3.14489276E-07	-1.66037611E-08	 1.63751272E-07	 3.69074258E-08
 9.900000E-01	 1.98884827E+00	-6.89507079E-01	-9.22619500E-02	-2.93093379E-01	 2.18598335E-07	-3.14733065E-07	 3.50887289E-08	-2.75403007E-08
 9.950000E-01	 1.64441248E+00	 6.12234967E+00	 1.21567430E+00	-8.72443753E+00	 7.85635671E-07	 8.25688044E-07	-8.63591795E-07	-1.13189479E-06
 1.000000E+00	 1.04718839E-01	-3.15703430E+00	 4.00751458E-01	-2.43916823E+00	-4.28195454E-07	-1.15147865E-07	-2.82849908E-07	-6.09883815E-08
