r	R 16/16	R 17/16	R 18/16	R 19/16	I 16/16	I 17/16	I 18/16	I 19/16
 0.000000E+00	 0.00000000E+00	 0.00000000E+00	 0.00000000E+00	 0.00000000E+00	 0.00000000E+00	 0.00000000E+00	 0.00000000E+00	 0.00000000E+00
 5.000000E-03	 5.88308093E-29	-6.17770151E-30	 3.80280444E-29	 3.58860065E-30	-8.09466250E-29	 5.10497457E-29	 1.75934456E-29	-3.23200544E-30
 1.000000E-02	 3.34221716E-27	-1.63032856E-28	 7.97801605E-28	 4.74024742E-29	-1.78068637E-27	 1.87101236E-27	 3.49844100E-28	-8.04500834E-28
 1.500000E-02	 4.55564688E-26	-3.61018011E-27	 1.80449708E-26	 7.84135033E-28	-2.34528679E-26	 2.20835543E-26	 3.92465448E-27	-1.20627337E-26
 2.000000E-02	 2.96459387E-25	-5.99342738E-26	 2.67115057E-25	 1.43461162E-26	-1.94592264E-25	 2.29504016E-25	-4.91301777E-29	-1.16182826E-25
 2.500000E-02	 4.40810731E-25	-5.83400902E-25	 2.72750831E-24	 1.40331126E-25	-9.42519007E-25	 2.51467702E-24	-3.55616042E-25	-9.30894241E-25
 3.000000E-02	-1.48118979E-23	-3.22108274E-24	 2.16855321E-23	 5.67252156E-25	-1.45658866E-24	 2.12310224E-23	-2.93927169E-24	-5.25241499E-24
 3.500000E-02	-2.11031975E-22	-1.58460865E-23	 1.44147482E-22	 4.22754156E-24	 1.13812543E-23	 1.10789950E-22	-1.08453863E-23	-1.06570240E-23
 4.000000E-02	-1.55923052E-21	-1.34472840E-22	 7.01182858E-22	 3.64117291E-23	 8.86127582E-23	 3.93933172E-22	-2.34035128E-23	 1.00729586E-23
 4.500000E-02	-7.94139360E-21	-9.95170844E-22	 2.55011163E-21	 2.01106629E-22	 3.74267923E-22	 1.21136812E-21	-5.12967760E-23	 1.05110725E-22
 5.000000E-02	-3.29770526E-20	-5.15131079E-21	 7.74539744E-21	 7.56298639E-22	 1.36823940E-21	 3.34394526E-21	-1.47584885E-22	 4.55170768E-22
 5.500000E-02	-1.15443556E-19	-2.12840553E-20	 1.93812395E-20	 1.94862830E-21	 4.53693886E-21	 6.72426308E-21	-6.34458273E-22	 1.85318517E-21
 6.000000E-02	-3.20257895E-19	-7.55362143E-20	 3.45507766E-20	 2.82638174E-21	 1.25315602E-20	-5.85045789E-21	-5.20698796E-21	 8.20528786E-21
 6.500000E-02	-4.71663054E-19	-2.24828557E-19	-7.99972492E-22	-1.13474825E-20	 1.79314896E-20	-1.31148261E-19	-3.28540648E-20	 2.56149565E-20
 7.000000E-02	 1.39829017E-18	-4.70697279E-19	-3.37572121E-19	-1.20398616E-19	-6.06490792E-20	-5.86687257E-19	-1.34209098E-19	 4.07140572E-20
 7.500000E-02	 1.28790249E-17	-2.60315981E-19	-1.55121016E-18	-5.48479361E-19	-5.06542652E-19	-1.66013435E-18	-3.96108142E-19	-5.82400596E-21
 8.000000E-02	 5.40442827E-17	 2.86015918E-18	-4.44771014E-18	-1.73406692E-18	-2.00686024E-18	-3.56358259E-18	-8.91426191E-19	-2.47087872E-19
 8.500000E-02	 1.68472480E-16	 1.59641874E-17	-9.49783686E-18	-4.26232048E-18	-5.98584985E-18	-5.83162510E-18	-1.49723885E-18	-8.67375931E-19
 9.000000E-02	 4.33494011E-16	 5.47366743E-17	-1.53335284E-17	-8.49296613E-18	-1.47485214E-17	-7.21501039E-18	-1.76611132E-18	-2.01618134E-18
 9.500000E-02	 9.79641980E-16	 1.50209410E-16	-1.66954110E-17	-1.39396862E-17	-3.17231913E-17	-6.02479138E-18	-1.04089784E-18	-3.69653416E-18
 1.000000E-01	 2.03054548E-15	 3.61649090E-16	-7.45219111E-19	-1.76796667E-17	-6.08803562E-17	-6.00486518E-18	-1.02612299E-18	-6.09402600E-18
 1.050000E-01	 4.07001450E-15	 8.20379553E-16	 6.20214754E-17	-1.17842922E-17	-1.09378685E-16	-2.27054004E-17	-7.56268563E-18	-1.15469766E-17
 1.100000E-01	 8.20833310E-15	 1.83463510E-15	 2.47137623E-16	 2.60462739E-17	-2.03252845E-16	-4.84284070E-17	-1.48482487E-17	-2.17686779E-17
 1.150000E-01	 1.61381586E-14	 3.93210934E-15	 7.14642459E-16	 1.52084912E-16	-3.87833341E-16	-3.07752578E-17	 3.55714389E-18	-3.06288021E-17
 1.200000E-01	 2.98941529E-14	 7.84839033E-15	 1.72788459E-15	 4.70912386E-16	-7.05042445E-16	 6.11735759E-17	 6.68333113E-17	-2.98913028E-17
 1.250000E-01	 5.26396798E-14	 1.47672009E-14	 3.72317511E-15	 1.16430872E-15	-1.20566001E-15	 2.14088206E-16	 1.76779741E-16	-1.56006494E-17
 1.300000E-01	 8.97338982E-14	 2.67062856E-14	 7.45263410E-15	 2.55898443E-15	-1.95470569E-15	 3.32480366E-16	 2.89814282E-16	 4.50170546E-19
 1.350000E-01	 1.51132797E-13	 4.73855150E-14	 1.43010085E-14	 5.26640346E-15	-3.07223122E-15	 1.97399024E-16	 3.08704510E-16	-2.19083583E-17
 1.400000E-01	 2.55130286E-13	 8.36580560E-14	 2.68718212E-14	 1.04589769E-14	-4.94367586E-15	-2.05283592E-16	 2.93250189E-16	-6.50641827E-17
 1.450000E-01	 4.26267316E-13	 1.45309578E-13	 4.91430962E-14	 2.00133099E-14	-8.23885439E-15	-6.35308180E-16	 5.02371969E-16	-1.35330107E-17
 1.500000E-01	 6.93164728E-13	 2.44851905E-13	 8.65355531E-14	 3.65378345E-14	-1.38684647E-14	-6.36428898E-16	 1.42951237E-15	 3.65900325E-16
 1.550000E-01	 1.08577659E-12	 3.96928724E-13	 1.45801354E-13	 6.33292621E-14	-2.27192122E-14	 2.42310597E-16	 3.48310524E-15	 1.33812535E-15
 1.600000E-01	 1.63761004E-12	 6.19327006E-13	 2.35243020E-13	 1.04574849E-13	-3.38187292E-14	-1.54873419E-15	 3.90679961E-15	 1.75459859E-15
 1.650000E-01	 2.46758594E-12	 9.65008395E-13	 3.76852401E-13	 1.70733521E-13	-4.63675056E-14	-1.29825271E-14	-2.11760834E-15	-7.28462877E-16
 1.700000E-01	 3.83017843E-12	 1.54775626E-12	 6.18747184E-13	 2.84266644E-13	-6.75076583E-14	-3.02519733E-14	-1.01854602E-14	-4.08201749E-15
 1.750000E-01	 5.91561654E-12	 2.47022093E-12	 1.00959648E-12	 4.68413019E-13	-1.06338462E-13	-4.02666542E-14	-9.61219535E-15	-2.68371357E-15
 1.800000E-01	 8.79736246E-12	 3.79817152E-12	 1.58605996E-12	 7.41279851E-13	-1.58638779E-13	-4.86424121E-14	-6.52311515E-15	 8.21184594E-16
 1.850000E-01	 1.28243093E-11	 5.72269635E-12	 2.43815325E-12	 1.14540639E-12	-2.17689071E-13	-7.80243018E-14	-1.97028084E-14	-3.26590124E-15
 1.900000E-01	 1.87443962E-11	 8.63549673E-12	 3.74839145E-12	 1.76610120E-12	-2.91444315E-13	-1.38001386E-13	-5.53608514E-14	-1.84233516E-14
 1.950000E-01	 2.74707232E-11	 1.30502161E-11	 5.76690714E-12	 2.72031118E-12	-3.94438022E-13	-2.28641908E-13	-1.11901678E-13	-4.38752356E-14
 2.000000E-01	 4.01218558E-11	 1.96337920E-11	 8.83081103E-12	 4.16595953E-12	-5.46726016E-13	-3.48813771E-13	-1.84968043E-13	-7.66760330E-14
 2.050000E-01	 5.79218219E-11	 2.91739817E-11	 1.33577819E-11	 6.30026428E-12	-7.72924359E-13	-4.94395789E-13	-2.66239169E-13	-1.11315921E-13
 2.100000E-01	 8.21304284E-11	 4.25618862E-11	 1.98458074E-11	 9.36225479E-12	-1.09093664E-12	-6.65551978E-13	-3.52359135E-13	-1.45124388E-13
 2.150000E-01	 1.14202692E-10	 6.08812212E-11	 2.89227018E-11	 1.36596142E-11	-1.51411592E-12	-8.64155636E-13	-4.42902535E-13	-1.76943932E-13
 2.200000E-01	 1.55772100E-10	 8.54105862E-11	 4.13567685E-11	 1.95776842E-11	-2.03677081E-12	-1.11082430E-12	-5.62644138E-13	-2.23530574E-13
 2.250000E-01	 2.09202620E-10	 1.17950919E-10	 5.82284593E-11	 2.76663020E-11	-2.64792209E-12	-1.43624835E-12	-7.48189903E-13	-3.10958909E-13
 2.300000E-01	 2.77591889E-10	 1.60876766E-10	 8.09858284E-11	 3.86769158E-11	-3.37287931E-12	-1.83584098E-12	-9.89223681E-13	-4.32925823E-13
 2.350000E-01	 3.63981717E-10	 2.16713111E-10	 1.11257388E-10	 5.34867597E-11	-4.24788597E-12	-2.29092563E-12	-1.25790766E-12	-5.69752287E-13
 2.400000E-01	 4.71470359E-10	 2.88202151E-10	 1.50889815E-10	 7.31276398E-11	-5.27383768E-12	-2.81440773E-12	-1.57162165E-12	-7.33768469E-13
 2.450000E-01	 6.03826080E-10	 3.78688333E-10	 2.02160951E-10	 9.89040822E-11	-6.45021538E-12	-3.42293079E-12	-1.94482959E-12	-9.34136377E-13
 2.500000E-01	 7.65138606E-10	 4.91930380E-10	 2.67718699E-10	 1.32377568E-10	-7.87069770E-12	-4.06016742E-12	-2.25604208E-12	-1.06906032E-12
 2.550000E-01	 9.58146061E-10	 6.31029774E-10	 3.50014321E-10	 1.75088461E-10	-9.51129721E-12	-4.68941893E-12	-2.49221785E-12	-1.13813513E-12
 2.600000E-01	 1.18762792E-09	 8.00638033E-10	 4.52435608E-10	 2.29109250E-10	-1.04206148E-11	-5.84014094E-12	-3.79329307E-12	-2.15983611E-12
 2.650000E-01	 1.47869935E-09	 1.01966858E-09	 5.86639148E-10	 3.00823252E-10	-9.65454643E-12	-8.24525875E-12	-7.48812529E-12	-5.31860905E-12
 2.700000E-01	 1.86849552E-09	 1.31676532E-09	 7.70791326E-10	 4.00347211E-10	-9.25278530E-12	-1.09673984E-11	-1.13757588E-11	-8.60262475E-12
 2.750000E-01	 2.35158595E-09	 1.69191054E-09	 1.00722426E-09	 5.30018224E-10	-1.17776905E-11	-1.22953569E-11	-1.21638951E-11	-9.02457301E-12
 2.800000E-01	 2.89952523E-09	 2.12793008E-09	 1.28758554E-09	 6.86431448E-10	-1.43088436E-11	-1.32094201E-11	-1.27870044E-11	-9.44464225E-12
 2.850000E-01	 3.55062366E-09	 2.65592922E-09	 1.63211445E-09	 8.81199620E-10	-1.26669726E-11	-1.59439383E-11	-1.82194895E-11	-1.45943851E-11
 2.900000E-01	 4.37856088E-09	 3.33550612E-09	 2.07997862E-09	 1.13682310E-09	-1.01771011E-11	-1.95506741E-11	-2.51928949E-11	-2.11190523E-11
 2.950000E-01	 5.37993151E-09	 4.16983791E-09	 2.63682776E-09	 1.45831760E-09	-1.22131510E-11	-2.15411923E-11	-2.75339334E-11	-2.28696954E-11
 3.000000E-01	 6.51029925E-09	 5.12938152E-09	 3.28691477E-09	 1.83860287E-09	-1.61979650E-11	-2.22921156E-11	-2.74577879E-11	-2.22356391E-11
 3.050000E-01	 7.79229835E-09	 6.23578534E-09	 4.04608295E-09	 2.28772528E-09	-1.73277882E-11	-2.35506286E-11	-3.00184747E-11	-2.43901215E-11
 3.100000E-01	 9.27803848E-09	 7.53495603E-09	 4.94655656E-09	 2.82535238E-09	-1.78941967E-11	-2.49480496E-11	-3.30016685E-11	-2.67702217E-11
 3.150000E-01	 1.09613243E-08	 9.02621882E-09	 5.99078923E-09	 3.45465106E-09	-2.21898890E-11	-2.51281695E-11	-3.18344107E-11	-2.43994672E-11
 3.200000E-01	 1.28083405E-08	 1.06849786E-08	 7.16452864E-09	 4.16885357E-09	-2.82542357E-11	-2.42379687E-11	-2.80591127E-11	-1.90750428E-11
 3.250000E-01	 1.48339958E-08	 1.25258881E-08	 8.47873218E-09	 4.97538309E-09	-3.20559855E-11	-2.31667126E-11	-2.54121781E-11	-1.49592006E-11
 3.300000E-01	 1.70788147E-08	 1.45853048E-08	 9.95907607E-09	 5.89039280E-09	-3.32873862E-11	-2.20051044E-11	-2.40132312E-11	-1.21442489E-11
 3.350000E-01	 1.95735699E-08	 1.68918930E-08	 1.16263968E-08	 6.92742866E-09	-3.23504115E-11	-2.04149444E-11	-2.31059708E-11	-9.87173312E-12
 3.400000E-01	 2.23579892E-08	 1.94825858E-08	 1.35072448E-08	 8.10342214E-09	-2.61739440E-11	-1.84690218E-11	-2.51332333E-11	-1.12448914E-11
 3.450000E-01	 2.55193068E-08	 2.24367678E-08	 1.56577603E-08	 9.45301841E-09	-1.16762344E-11	-1.66530078E-11	-3.29208383E-11	-1.96165908E-11
 3.500000E-01	 2.91670370E-08	 2.58550352E-08	 1.81501649E-08	 1.10210722E-08	 5.80087500E-12	-1.47883288E-11	-4.19754701E-11	-2.91935473E-11
 3.550000E-01	 3.33316754E-08	 2.97687899E-08	 2.10095903E-08	 1.28244450E-08	 2.14591357E-11	-1.20353207E-11	-4.79256893E-11	-3.48135898E-11
 3.600000E-01	 3.80559655E-08	 3.42209055E-08	 2.42689829E-08	 1.48840980E-08	 5.39770344E-11	-8.68773667E-12	-6.61428298E-11	-5.66342789E-11
 3.650000E-01	 4.36689509E-08	 3.95154792E-08	 2.81467025E-08	 1.73339672E-08	 1.24771129E-10	-6.02983406E-12	-1.14283495E-10	-1.16875272E-10
 3.700000E-01	 5.06059630E-08	 4.60576786E-08	 3.29364296E-08	 2.03566251E-08	 2.08581829E-10	-3.53523392E-12	-1.71600473E-10	-1.87715112E-10
 3.750000E-01	 5.88722577E-08	 5.38608975E-08	 3.86530454E-08	 2.39651406E-08	 2.64939738E-10	 5.76954909E-13	-2.05178516E-10	-2.26334744E-10
 3.800000E-01	 6.82588322E-08	 6.27378669E-08	 4.51638889E-08	 2.80804416E-08	 2.88488961E-10	 6.22543353E-12	-2.11215536E-10	-2.27746314E-10
 3.850000E-01	 7.86546015E-08	 7.25868675E-08	 5.23943159E-08	 3.26577125E-08	 2.93311712E-10	 1.28903912E-11	-2.01433537E-10	-2.07454674E-10
 3.900000E-01	 9.00576999E-08	 8.34062458E-08	 6.03392938E-08	 3.76932739E-08	 3.25769250E-10	 2.11986578E-11	-2.12113571E-10	-2.14672966E-10
 3.950000E-01	 1.03047982E-07	 9.57389857E-08	 6.93863365E-08	 4.34253454E-08	 4.28399438E-10	 3.01979012E-11	-2.76321307E-10	-2.92275134E-10
 4.000000E-01	 1.18351824E-07	 1.10266677E-07	 8.00253496E-08	 5.01575759E-08	 5.31603805E-10	 3.76872296E-11	-3.39291175E-10	-3.63729751E-10
 4.050000E-01	 1.35616322E-07	 1.26655529E-07	 9.20094651E-08	 5.77362952E-08	 5.38391402E-10	 4.38824956E-11	-3.25032084E-10	-3.27192050E-10
 4.100000E-01	 1.54040260E-07	 1.44145064E-07	 1.04777031E-07	 6.58084587E-08	 4.71974290E-10	 4.99532038E-11	-2.51693735E-10	-2.09279950E-10
 4.150000E-01	 1.73509220E-07	 1.62617394E-07	 1.18230913E-07	 7.43083820E-08	 4.11125940E-10	 5.66079330E-11	-1.80967204E-10	-9.42071198E-11
 4.200000E-01	 1.94423186E-07	 1.82439361E-07	 1.32622261E-07	 8.33853503E-08	 4.73089322E-10	 6.69680949E-11	-2.04051405E-10	-1.06501628E-10
 4.250000E-01	 2.18458116E-07	 2.05186762E-07	 1.49070934E-07	 9.37259441E-08	 7.38646493E-10	 7.90100865E-11	-3.83132286E-10	-3.25291839E-10
 4.300000E-01	 2.47459058E-07	 2.32586874E-07	 1.68802482E-07	 1.06083700E-07	 9.62824745E-10	 7.91445349E-11	-5.29548743E-10	-4.83584201E-10
 4.350000E-01	 2.79837724E-07	 2.63100848E-07	 1.90675259E-07	 1.19739832E-07	 8.66139704E-10	 6.45695053E-11	-4.29178056E-10	-2.94343646E-10
 4.400000E-01	 3.13103570E-07	 2.94341874E-07	 2.12927893E-07	 1.33582643E-07	 7.34935838E-10	 5.36207675E-11	-3.04810154E-10	-7.49717979E-11
 4.450000E-01	 3.49402891E-07	 3.28326600E-07	 2.36964468E-07	 1.48457362E-07	 9.51180195E-10	 4.89709630E-11	-4.53450231E-10	-2.22336579E-10
 4.500000E-01	 3.92138573E-07	 3.68234714E-07	 2.65010638E-07	 1.65716597E-07	 1.19849778E-09	 2.63473818E-11	-6.30040045E-10	-3.83543033E-10
 4.550000E-01	 4.39439198E-07	 4.12220831E-07	 2.95675142E-07	 1.84474711E-07	 1.02886279E-09	-2.02069881E-11	-4.85416470E-10	-8.99135064E-11
 4.600000E-01	 4.87905775E-07	 4.57009645E-07	 3.26545042E-07	 2.03211882E-07	 7.42765251E-10	-6.88483060E-11	-2.54467401E-10	 3.22016078E-10
 4.650000E-01	 5.39467559E-07	 5.04372520E-07	 3.58795256E-07	 2.22610556E-07	 7.88083954E-10	-1.17882405E-10	-2.89599455E-10	 3.84252351E-10
 4.700000E-01	 5.97569811E-07	 5.57463891E-07	 3.94550555E-07	 2.43927398E-07	 8.80221538E-10	-1.90023470E-10	-3.64195151E-10	 4.21385367E-10
 4.750000E-01	 6.60663193E-07	 6.14689888E-07	 4.32566440E-07	 2.66356286E-07	 6.21704232E-10	-2.83704897E-10	-1.58092665E-10	 8.53981322E-10
 4.800000E-01	 7.26236573E-07	 6.73571617E-07	 4.70979677E-07	 2.88713098E-07	 4.49062539E-10	-3.83616300E-10	-3.01641945E-11	 1.19138144E-09
 4.850000E-01	 7.98732616E-07	 7.38143639E-07	 5.12427952E-07	 3.12520397E-07	 8.61725272E-10	-5.15587709E-10	-4.01525595E-10	 9.06881078E-10
 4.900000E-01	 8.83757847E-07	 8.13412111E-07	 5.60127783E-07	 3.39617519E-07	 1.06439391E-09	-7.00986594E-10	-6.10893091E-10	 8.96502400E-10
 4.950000E-01	 9.74960927E-07	 8.93180386E-07	 6.09586649E-07	 3.67235635E-07	 1.80414433E-10	-8.90545031E-10	 9.00976138E-11	 2.08776403E-09
 5.000000E-01	 1.06387962E-06	 9.69448627E-07	 6.55212531E-07	 3.92005551E-07	-5.46083196E-10	-1.09352043E-09	 6.25245617E-10	 3.05918061E-09
 5.050000E-01	 1.16190102E-06	 1.05259974E-06	 7.03810290E-07	 4.17865359E-07	 3.91798656E-10	-1.45616281E-09	-3.59624611E-10	 2.17889469E-09
 5.100000E-01	 1.28609564E-06	 1.15789092E-06	 7.65094790E-07	 4.50317776E-07	 1.73579407E-09	-2.01173246E-09	-1.79587322E-09	 8.97280848E-10
 5.150000E-01	 1.43182262E-06	 1.28048936E-06	 8.35263186E-07	 4.86927484E-07	 1.73535873E-09	-2.62130658E-09	-2.12187513E-09	 1.11970883E-09
 5.200000E-01	 1.58828689E-06	 1.41018531E-06	 9.07159909E-07	 5.23398965E-07	 1.28576303E-09	-3.31529714E-09	-2.16935346E-09	 1.76744575E-09
 5.250000E-01	 1.76337668E-06	 1.55375149E-06	 9.84613121E-07	 5.61694371E-07	 1.87364650E-09	-4.31497308E-09	-3.38135266E-09	 1.16837758E-09
 5.300000E-01	 1.97197677E-06	 1.72390657E-06	 1.07481904E-06	 6.05495902E-07	 3.23497902E-09	-5.72673253E-09	-5.61156355E-09	-3.67553901E-10
 5.350000E-01	 2.22098380E-06	 1.92591002E-06	 1.17980352E-06	 6.55404312E-07	 4.40959582E-09	-7.51488575E-09	-8.00859000E-09	-1.75986220E-09
 5.400000E-01	 2.51124635E-06	 2.15954686E-06	 1.29798872E-06	 7.09949797E-07	 3.99421445E-09	-9.41969472E-09	-9.10606223E-09	-1.37985292E-09
 5.450000E-01	 2.82621565E-06	 2.40956971E-06	 1.41896677E-06	 7.63019484E-07	 1.19354998E-09	-1.10955858E-08	-7.93788027E-09	 1.65546181E-09
 5.500000E-01	 3.14918599E-06	 2.66121026E-06	 1.53319688E-06	 8.09223509E-07	-8.25007572E-10	-1.31906877E-08	-7.92848658E-09	 3.55679544E-09
 5.550000E-01	 3.51539486E-06	 2.94435494E-06	 1.65659455E-06	 8.56207905E-07	 8.90470715E-10	-1.68883816E-08	-1.26427243E-08	 9.07959761E-10
 5.600000E-01	 3.96928913E-06	 3.29542032E-06	 1.80695108E-06	 9.11746319E-07	 1.41162179E-09	-2.11803938E-08	-1.66554297E-08	-3.18137956E-10
 5.650000E-01	 4.46740801E-06	 3.67609312E-06	 1.96043080E-06	 9.62825757E-07	-4.60462412E-09	-2.38325226E-08	-1.32848179E-08	 6.22942265E-09
 5.700000E-01	 4.94403845E-06	 4.03115425E-06	 2.08648073E-06	 9.94381366E-07	-1.16362831E-08	-2.60522023E-08	-8.71158820E-09	 1.38379235E-08
 5.750000E-01	 5.44221655E-06	 4.39649601E-06	 2.20291788E-06	 1.01442863E-06	-1.29355340E-08	-3.09738474E-08	-1.16990737E-08	 1.44068754E-08
 5.800000E-01	 6.03692688E-06	 4.83245694E-06	 2.33691396E-06	 1.03373273E-06	-1.29300815E-08	-3.77399548E-08	-1.72525734E-08	 1.34064306E-08
 5.850000E-01	 6.70565844E-06	 5.31861858E-06	 2.47420293E-06	 1.04415934E-06	-1.79090917E-08	-4.32758571E-08	-1.69035050E-08	 1.85152699E-08
 5.900000E-01	 7.39239621E-06	 5.80870888E-06	 2.59025918E-06	 1.03446154E-06	-2.60903625E-08	-4.75978680E-08	-1.23750173E-08	 2.75341562E-08
 5.950000E-01	 8.09383670E-06	 6.29991689E-06	 2.68221985E-06	 1.00305800E-06	-3.35648660E-08	-5.25953470E-08	-8.92307403E-09	 3.56497304E-08
 6.000000E-01	 8.83312305E-06	 6.81036001E-06	 2.75585094E-06	 9.51335432E-07	-3.82333876E-08	-6.01627245E-08	-1.01840977E-08	 4.01555895E-08
 6.050000E-01	 9.66398532E-06	 7.38150828E-06	 2.82428837E-06	 8.81833893E-07	-3.93173075E-08	-7.21564002E-08	-1.85139757E-08	 3.99258041E-08
 6.100000E-01	 1.06512338E-05	 8.06208283E-06	 2.89949837E-06	 7.94334964E-07	-3.98128339E-08	-8.77982855E-08	-3.02622447E-08	 3.86651016E-08
 6.150000E-01	 1.18040325E-05	 8.85680679E-06	 2.97396787E-06	 6.81496061E-07	-4.30713005E-08	-1.04889096E-07	-4.02126052E-08	 4.06063434E-08
 6.200000E-01	 1.31130372E-05	 9.75668150E-06	 3.03504178E-06	 5.34716643E-07	-4.87086496E-08	-1.23562780E-07	-4.88078231E-08	 4.52532920E-08
 6.250000E-01	 1.45934263E-05	 1.07720164E-05	 3.07606264E-06	 3.46402898E-07	-5.51707188E-08	-1.45520226E-07	-5.90155782E-08	 5.05226152E-08
 6.300000E-01	 1.62801891E-05	 1.19283394E-05	 3.09298484E-06	 1.07914074E-07	-6.04022776E-08	-1.74049842E-07	-7.58435386E-08	 5.35111719E-08
 6.350000E-01	 1.82593109E-05	 1.32894772E-05	 3.08786634E-06	-1.92644702E-07	-6.35426158E-08	-2.12640022E-07	-1.03136606E-07	 5.28857393E-08
 6.400000E-01	 2.06267066E-05	 1.49262529E-05	 3.05754362E-06	-5.73135161E-07	-6.96949788E-08	-2.58016262E-07	-1.32353858E-07	 5.53047426E-08
 6.450000E-01	 2.33667804E-05	 1.68277321E-05	 2.97702404E-06	-1.05178266E-06	-8.37367239E-08	-3.04036983E-07	-1.52779689E-07	 6.72108645E-08
 6.500000E-01	 2.64299573E-05	 1.89614357E-05	 2.82041176E-06	-1.64290425E-06	-1.02131028E-07	-3.54034981E-07	-1.71152932E-07	 8.37532370E-08
 6.550000E-01	 2.98767140E-05	 2.13797097E-05	 2.57811805E-06	-2.36609081E-06	-1.20988152E-07	-4.15043873E-07	-1.97616588E-07	 9.94702578E-08
 6.600000E-01	 3.37916843E-05	 2.41562124E-05	 2.24035233E-06	-3.24640685E-06	-1.44530521E-07	-4.83208870E-07	-2.23496890E-07	 1.19912191E-07
 6.650000E-01	 3.81384672E-05	 2.72818633E-05	 1.78931799E-06	-4.29881937E-06	-1.76590550E-07	-5.50999021E-07	-2.37516972E-07	 1.50213623E-07
 6.700000E-01	 4.28556171E-05	 3.07369262E-05	 1.21527498E-06	-5.53106789E-06	-2.10874002E-07	-6.26940097E-07	-2.54569938E-07	 1.81452090E-07
 6.750000E-01	 4.80721575E-05	 3.46490514E-05	 5.21159787E-07	-6.97473903E-06	-2.41859649E-07	-7.24888574E-07	-2.93072930E-07	 2.05435824E-07
 6.800000E-01	 5.39553261E-05	 3.91841727E-05	-2.92360971E-07	-8.67407248E-06	-2.77948985E-07	-8.34195527E-07	-3.32807014E-07	 2.33346478E-07
 6.850000E-01	 6.03967405E-05	 4.43162306E-05	-1.22188960E-06	-1.06308097E-05	-3.28199425E-07	-9.32757757E-07	-3.42584572E-07	 2.78025555E-07
 6.900000E-01	 6.71620949E-05	 4.99334286E-05	-2.24341722E-06	-1.28126875E-05	-3.90195645E-07	-1.01453090E-06	-3.18799041E-07	 3.37228469E-07
 6.950000E-01	 7.40784386E-05	 5.59737643E-05	-3.31250166E-06	-1.51831890E-05	-4.56168745E-07	-1.08623414E-06	-2.75996708E-07	 4.01139529E-07
 7.000000E-01	 8.10695460E-05	 6.24536047E-05	-4.37318423E-06	-1.77148857E-05	-5.08169901E-07	-1.18311089E-06	-2.69433717E-07	 4.43546123E-07
 7.050000E-01	 8.85583668E-05	 6.97987117E-05	-5.38586375E-06	-2.04914359E-05	-5.35130222E-07	-1.34480094E-06	-3.49185394E-07	 4.45666359E-07
 7.100000E-01	 9.70525912E-05	 7.85500202E-05	-6.31384074E-06	-2.36324703E-05	-5.65273135E-07	-1.52589112E-06	-4.34125143E-07	 4.47801873E-07
 7.150000E-01	 1.06134488E-04	 8.85266050E-05	-7.05138877E-06	-2.70304994E-05	-6.22025225E-07	-1.65496626E-06	-4.26442215E-07	 4.88345756E-07
 7.200000E-01	 1.15185668E-04	 9.93583783E-05	-7.45774422E-06	-3.04943258E-05	-6.68398099E-07	-1.78512206E-06	-4.26745543E-07	 5.12798948E-07
 7.250000E-01	 1.24726461E-04	 1.11668439E-04	-7.44339128E-06	-3.41149402E-05	-6.71217298E-07	-2.00452064E-06	-5.60922371E-07	 4.65004274E-07
 7.300000E-01	 1.35446149E-04	 1.26336135E-04	-6.89294551E-06	-3.80315287E-05	-6.81652171E-07	-2.23365150E-06	-6.77783534E-07	 4.24643654E-07
 7.350000E-01	 1.46379724E-04	 1.42748956E-04	-5.57259462E-06	-4.18914327E-05	-7.47407005E-07	-2.34566765E-06	-5.89470338E-07	 4.79027167E-07
 7.400000E-01	 1.56231144E-04	 1.59841142E-04	-3.25577752E-06	-4.51957189E-05	-7.97055690E-07	-2.42943455E-06	-4.84746976E-07	 5.18226217E-07
 7.450000E-01	 1.65730835E-04	 1.78553570E-04	 2.26315455E-07	-4.80075961E-05	-7.55482078E-07	-2.63866030E-06	-6.13758855E-07	 4.08655059E-07
 7.500000E-01	 1.75999336E-04	 2.00477138E-04	 5.14817643E-06	-5.04714102E-05	-6.91702386E-07	-2.89391879E-06	-7.91980838E-07	 2.62137584E-07
 7.550000E-01	 1.86058980E-04	 2.24995676E-04	 1.18273298E-05	-5.20581185E-05	-6.87503914E-07	-3.04429489E-06	-7.55608684E-07	 2.30649408E-07
 7.600000E-01	 1.94468396E-04	 2.50741408E-04	 2.04738391E-05	-5.20723774E-05	-6.74547324E-07	-3.14592617E-06	-6.64507357E-07	 2.02309833E-07
 7.650000E-01	 2.01502890E-04	 2.78398888E-04	 3.13972184E-05	-5.02681034E-05	-5.72885549E-07	-3.31211284E-06	-7.41197621E-07	 2.95223859E-08
 7.700000E-01	 2.07568611E-04	 3.09071048E-04	 4.50606198E-05	-4.63315686E-05	-4.81824516E-07	-3.46796282E-06	-7.57132288E-07	-1.08334704E-07
 7.750000E-01	 2.10976281E-04	 3.40815521E-04	 6.15222729E-05	-3.93785432E-05	-5.09117332E-07	-3.49545342E-06	-4.46511064E-07	 7.83215076E-10
 7.800000E-01	 2.09949087E-04	 3.70890313E-04	 8.04093379E-05	-2.86585521E-05	-4.93577661E-07	-3.47769914E-06	-1.40132570E-07	 7.57540855E-08
 7.850000E-01	 2.05468878E-04	 4.00990543E-04	 1.02105118E-04	-1.39606529E-05	-2.43055393E-07	-3.54632162E-06	-2.31714810E-07	-2.40711856E-07
 7.900000E-01	 1.98655790E-04	 4.34039940E-04	 1.27631019E-04	 5.29356882E-06	 8.60374701E-08	-3.64725582E-06	-4.21691430E-07	-6.77029885E-07
 7.950000E-01	 1.87904959E-04	 4.67917265E-04	 1.56818663E-04	 3.00716472E-05	 2.63421443E-07	-3.67689536E-06	-2.95339841E-07	-8.17591598E-07
 8.000000E-01	 1.71314907E-04	 4.98638045E-04	 1.88522155E-04	 6.08749748E-05	 3.50888930E-07	-3.64554490E-06	 1.94516356E-08	-7.70665551E-07
 8.050000E-01	 1.48485883E-04	 5.24821660E-04	 2.22076999E-04	 9.78921766E-05	 4.88140458E-07	-3.59641585E-06	 2.74695911E-07	-7.86380779E-07
 8.100000E-01	 1.19381802E-04	 5.45828544E-04	 2.56967183E-04	 1.41226705E-04	 6.63979014E-07	-3.54244586E-06	 4.69261150E-07	-8.45835782E-07
 8.150000E-01	 8.38811283E-05	 5.60125082E-04	 2.92110079E-04	 1.90536611E-04	 8.67532134E-07	-3.46614509E-06	 6.27898415E-07	-9.24589146E-07
 8.200000E-01	 4.21891734E-05	 5.66926789E-04	 3.26606409E-04	 2.45331434E-04	 1.36189611E-06	-3.20676035E-06	 5.96631910E-07	-1.40957010E-06
 8.250000E-01	-5.54515088E-06	 5.70180572E-04	 3.62596167E-04	 3.07538835E-04	 2.36988472E-06	-2.61872785E-06	 3.19784224E-07	-2.59377618E-06
 8.300000E-01	-6.08230744E-05	 5.72856293E-04	 4.02789198E-04	 3.80633090E-04	 3.28336300E-06	-2.11475729E-06	 1.17740495E-07	-3.62541351E-06
 8.350000E-01	-1.24342940E-04	 5.65393231E-04	 4.41372550E-04	 4.60409592E-04	 3.39083080E-06	-2.20856678E-06	 1.41412405E-07	-3.62387943E-06
 8.400000E-01	-1.93004596E-04	 5.37861177E-04	 4.69646777E-04	 5.37244996E-04	 3.34735062E-06	-2.33415326E-06	 1.36473842E-07	-3.45265968E-06
 8.450000E-01	-2.65841221E-04	 4.95646429E-04	 4.90134752E-04	 6.12041996E-04	 4.12580814E-06	-1.63423823E-06	 4.07032723E-08	-4.20854633E-06
 8.500000E-01	-3.45985947E-04	 4.45523788E-04	 5.09076481E-04	 6.91647909E-04	 5.29319344E-06	-5.96384174E-07	-1.29866105E-07	-5.39389792E-06
 8.550000E-01	-4.32336147E-04	 3.83623134E-04	 5.23183631E-04	 7.71491251E-04	 6.05336882E-06	-6.64983202E-08	-5.48353017E-07	-6.24411382E-06
 8.600000E-01	-5.20250462E-04	 3.06382682E-04	 5.27164344E-04	 8.42285740E-04	 6.79969754E-06	 5.84143249E-07	-9.14464409E-07	-6.98477784E-06
 8.650000E-01	-6.12379035E-04	 2.16836336E-04	 5.24722087E-04	 9.07733437E-04	 8.19723133E-06	 2.25171746E-06	-7.55048404E-07	-7.97178933E-06
 8.700000E-01	-7.14824257E-04	 1.15447718E-04	 5.19950202E-04	 9.74233474E-04	 9.60357463E-06	 3.60131121E-06	-1.09999122E-06	-9.16772753E-06
 8.750000E-01	-8.16617215E-04	-7.69584149E-07	 5.03826967E-04	 1.02378652E-03	 1.01010514E-05	 3.05075188E-06	-3.17191676E-06	-1.04953152E-05
 8.800000E-01	-9.00456125E-04	-1.26821599E-04	 4.68703822E-04	 1.03535474E-03	 1.07274941E-05	 3.36134206E-06	-4.32782476E-06	-1.12276569E-05
 8.850000E-01	-9.88992750E-04	-2.60808230E-04	 4.29526201E-04	 1.03611530E-03	 1.31092553E-05	 7.95914846E-06	-1.39483713E-06	-1.05446950E-05
 8.900000E-01	-1.11955262E-03	-4.17507296E-04	 3.98503595E-04	 1.05754130E-03	 1.61793423E-05	 1.25294162E-05	 8.02558016E-07	-1.05310546E-05
 8.950000E-01	-1.25463623E-03	-5.89185696E-04	 3.56687350E-04	 1.05248196E-03	 1.76975659E-05	 1.09687721E-05	-4.05380793E-06	-1.38578516E-05
 9.000000E-01	-1.32637819E-03	-7.35609096E-04	 2.89081364E-04	 9.66558651E-04	 1.80453283E-05	 7.30197490E-06	-1.05736129E-05	-1.74947492E-05
 9.050000E-01	-1.35902229E-03	-8.54876051E-04	 2.10664976E-04	 8.32346098E-04	 1.91199591E-05	 8.76095057E-06	-1.02682975E-05	-1.67110636E-05
 9.100000E-01	-1.41716904E-03	-9.82476390E-04	 1.32954149E-04	 6.92881192E-04	 2.12340383E-05	 1.41685100E-05	-5.12195734E-06	-1.26152333E-05
 9.150000E-01	-1.51232967E-03	-1.12860492E-03	 5.20133435E-05	 5.41792304E-04	 2.37371509E-05	 1.88954552E-05	-9.78452522E-07	-8.74287232E-06
 9.200000E-01	-1.62247155E-03	-1.27798700E-03	-4.28778104E-05	 3.56963957E-04	 2.68537928E-05	 2.06426735E-05	-1.27590577E-06	-8.63995761E-06
 9.250000E-01	-1.69100014E-03	-1.37874543E-03	-1.47117600E-04	 1.29382414E-04	 3.02627012E-05	 1.83793846E-05	-6.87640035E-06	-1.37682733E-05
 9.300000E-01	-1.65473646E-03	-1.37327447E-03	-2.55635264E-04	-1.20963770E-04	 3.14550428E-05	 1.53687020E-05	-1.01932208E-05	-1.63984222E-05
 9.350000E-01	-1.57634311E-03	-1.31722879E-03	-3.78936688E-04	-3.58589167E-04	 2.99071732E-05	 1.67329779E-05	-4.30374589E-06	-9.81918878E-06
 9.400000E-01	-1.55627783E-03	-1.28812750E-03	-5.29282355E-04	-5.94156436E-04	 2.97829503E-05	 2.07383816E-05	 3.66282653E-06	-2.36897466E-06
 9.450000E-01	-1.53803062E-03	-1.22038322E-03	-6.82001980E-04	-8.23845742E-04	 3.26734288E-05	 2.24250141E-05	 6.86923852E-06	-2.66457127E-06
 9.500000E-01	-1.41742746E-03	-1.07252734E-03	-8.08617645E-04	-9.24783366E-04	 3.37936318E-05	 2.09474868E-05	 6.32243608E-06	-7.78617509E-06
 9.550000E-01	-1.21529101E-03	-8.57831060E-04	-9.13910169E-04	-9.56212658E-04	 2.91521975E-05	 1.69041807E-05	 8.29599382E-06	-3.49620349E-06
 9.600000E-01	-1.05463854E-03	-6.51767491E-04	-1.02465253E-03	-9.22489258E-04	 2.41343604E-05	 2.48527374E-05	 2.09252308E-05	 3.98011995E-06
 9.650000E-01	-8.63613688E-04	-6.26162629E-04	-1.02932825E-03	-9.37948757E-04	 1.06009992E-05	 8.69464316E-06	 1.98847149E-05	 2.29169773E-05
 9.700000E-01	-7.21359299E-04	-5.86823662E-04	-1.01302668E-03	-9.80200340E-04	 4.38591747E-05	 1.11443186E-04	 8.60701993E-05	 1.71021769E-05
 9.750000E-01	-9.68882946E-04	-5.47308435E-04	-3.61358954E-04	-4.08776692E-04	-4.95418869E-05	 3.32375511E-04	 3.67236772E-04	-7.12163035E-05
 9.800000E-01	-4.76725325E-03	-5.59184867E-03	 2.34959815E-03	 4.99545465E-03	-1.18198072E-05	 5.51131275E-04	 2.96869470E-04	-6.14873149E-04
 9.850000E-01	-5.78321620E-04	 2.90879149E-03	 4.02879842E-04	-1.06830515E-03	 2.06143173E-04	-1.95034290E-03	-1.34911425E-03	 9.45512732E-04
 9.900000E-01	 2.73321111E-04	 2.24073509E-04	 6.74080972E-04	 3.54723373E-05	 6.63108450E-04	 1.64395249E-04	 1.55877844E-05	 2.30666823E-04
 9.950000E-01	 5.74382295E-04	 2.39812150E-03	 1.95406389E-03	-1.55009822E-03	 2.09080986E-03	-4.35435489E-03	-1.37875452E-03	 1.25718969E-03
 1.000000E+00	 0.00000000E+00	 0.00000000E+00	 0.00000000E+00	 0.00000000E+00	 0.00000000E+00	 0.00000000E+00	 0.00000000E+00	 0.00000000E+00
