r	R 16/16	R 17/16	R 18/16	R 19/16	I 16/16	I 17/16	I 18/16	I 19/16
 0.000000E+00	 0.00000000E+00	 0.00000000E+00	 0.00000000E+00	 0.00000000E+00	 0.00000000E+00	 0.00000000E+00	 0.00000000E+00	 0.00000000E+00
 5.000000E-03	 1.38506424E-29	 5.10726825E-29	-1.61973528E-29	-2.16186536E-29	-1.02258267E-33	 2.10390175E-32	-7.36221383E-33	-2.63794253E-32
 1.000000E-02	 3.89951154E-28	 1.25562776E-27	 5.36645843E-28	 9.27835836E-28	 2.23533273E-31	 1.11032891E-30	-5.69386353E-31	-5.76313657E-31
 1.500000E-02	-2.07719240E-27	-1.08223947E-26	 2.87959423E-26	 3.30644243E-26	 9.34972734E-30	 2.32825941E-29	-1.09952723E-29	-1.93166348E-30
 2.000000E-02	-2.50374793E-25	-6.26488945E-25	 5.30838112E-25	 4.35417332E-25	 1.71446673E-28	 2.07254036E-28	-9.86485407E-29	 4.64451158E-29
 2.500000E-02	-5.51810651E-24	-9.35149874E-24	 5.89825735E-24	 3.36552510E-24	 1.85247848E-27	 7.80418554E-28	-5.03345193E-28	 5.65302580E-28
 3.000000E-02	-7.21725732E-23	-8.32994746E-23	 4.69336964E-23	 1.80087250E-23	 1.35434498E-26	 4.38016719E-28	-1.58350648E-27	 2.34767587E-27
 3.500000E-02	-6.72917854E-22	-5.34406945E-22	 2.91826272E-22	 7.34776169E-23	 7.70868593E-26	-3.48186316E-27	-5.22599069E-27	 2.18783817E-27
 4.000000E-02	-4.85924440E-21	-2.71498266E-21	 1.49317846E-21	 2.46670811E-22	 3.90295660E-25	 5.26394412E-27	-3.25073978E-26	-1.52939038E-26
 4.500000E-02	-2.86020505E-20	-1.16191445E-20	 6.50017350E-21	 7.36095231E-22	 1.83654865E-24	 1.42364043E-25	-1.78007263E-25	-1.15298291E-25
 5.000000E-02	-1.42264893E-19	-4.38277084E-20	 2.46278648E-20	 2.11759349E-21	 7.95924454E-24	 1.11783241E-24	-7.81735712E-25	-6.27728559E-25
 5.500000E-02	-6.14365933E-19	-1.50789076E-19	 8.25126011E-20	 6.20856205E-21	 3.18212525E-23	 7.17090716E-24	-2.91027976E-24	-3.05897438E-24
 6.000000E-02	-2.35248909E-18	-4.85090983E-19	 2.47138659E-19	 1.84663956E-20	 1.19807537E-22	 3.94699015E-23	-1.07190612E-23	-1.27481267E-23
 6.500000E-02	-8.12205475E-18	-1.48257982E-18	 6.66067429E-19	 5.30154096E-20	 4.34112817E-22	 1.73664897E-22	-4.27605151E-23	-4.12771859E-23
 7.000000E-02	-2.56277499E-17	-4.34017335E-18	 1.61795382E-18	 1.38904977E-19	 1.49381526E-21	 6.07737758E-22	-1.45370955E-22	-1.06931797E-22
 7.500000E-02	-7.47246851E-17	-1.22038247E-17	 3.52344549E-18	 3.14494144E-19	 4.73582829E-21	 1.79359969E-21	-3.78058370E-22	-2.36130916E-22
 8.000000E-02	-2.03191262E-16	-3.29592817E-17	 6.75303490E-18	 5.60671802E-19	 1.36518017E-20	 4.71373203E-21	-7.29493684E-22	-4.46248330E-22
 8.500000E-02	-5.19232964E-16	-8.54325818E-17	 1.08124508E-17	 5.32235949E-19	 3.58369441E-20	 1.14582694E-20	-7.87923696E-22	-6.91494595E-22
 9.000000E-02	-1.25501868E-15	-2.12454320E-16	 1.19709467E-17	-1.25495335E-18	 8.63664907E-20	 2.66152042E-20	 9.74559252E-22	-7.22650015E-22
 9.500000E-02	-2.88514155E-15	-5.07070441E-16	-2.56380663E-18	-9.52724120E-18	 1.93207535E-19	 6.03495250E-20	 8.81684798E-21	 2.30708917E-22
 1.000000E-01	-6.33832909E-15	-1.16281973E-15	-6.74912030E-17	-3.71362056E-17	 4.06126132E-19	 1.35144048E-19	 3.21973477E-20	 4.01318856E-21
 1.050000E-01	-1.33614125E-14	-2.56650067E-15	-2.65668696E-16	-1.15500315E-16	 8.13046463E-19	 2.95163059E-19	 8.80526256E-20	 1.58563502E-20
 1.100000E-01	-2.71238974E-14	-5.46326562E-15	-7.78579470E-16	-3.15492231E-16	 1.56238994E-18	 6.11532745E-19	 2.10696614E-19	 5.15573774E-20
 1.150000E-01	-5.31911886E-14	-1.12411126E-14	-1.97874532E-15	-7.86939331E-16	 2.87709198E-18	 1.19447763E-18	 4.75974233E-19	 1.47553107E-19
 1.200000E-01	-1.01048370E-13	-2.24065771E-14	-4.59174145E-15	-1.82968394E-15	 5.06292702E-18	 2.23065089E-18	 1.02628840E-18	 3.72038864E-19
 1.250000E-01	-1.86420702E-13	-4.33574167E-14	-9.96952116E-15	-4.01577660E-15	 8.52552821E-18	 4.03065820E-18	 2.10104943E-18	 8.47668109E-19
 1.300000E-01	-3.34708911E-13	-8.16100676E-14	-2.05393766E-14	-8.39220834E-15	 1.37850898E-17	 7.08685933E-18	 4.08381682E-18	 1.78754926E-18
 1.350000E-01	-5.85967261E-13	-1.49707456E-13	-4.05217472E-14	-1.68063275E-14	 2.14979593E-17	 1.21245163E-17	 7.54387545E-18	 3.55221017E-18
 1.400000E-01	-1.00194882E-12	-2.68123299E-13	-7.70521882E-14	-3.24134665E-14	 3.24452883E-17	 2.00565387E-17	 1.33179642E-17	 6.76812788E-18
 1.450000E-01	-1.67591853E-12	-4.69539843E-13	-1.41883026E-13	-6.04446568E-14	 4.73746225E-17	 3.18935189E-17	 2.26309968E-17	 1.24743519E-17
 1.500000E-01	-2.74620210E-12	-8.04803191E-13	-2.53844874E-13	-1.09318015E-13	 6.66937945E-17	 4.86201914E-17	 3.72002730E-17	 2.22937234E-17
 1.550000E-01	-4.41411243E-12	-1.35141574E-12	-4.42458894E-13	-1.92239256E-13	 8.98835630E-17	 7.11890502E-17	 5.95645470E-17	 3.86401389E-17
 1.600000E-01	-6.96727536E-12	-2.22559927E-12	-7.53171684E-13	-3.29491990E-13	 1.15060886E-16	 1.01435812E-16	 9.31009370E-17	 6.44510697E-17
 1.650000E-01	-1.08097840E-11	-3.59835330E-12	-1.25462223E-12	-5.51601074E-13	 1.40090008E-16	 1.42217709E-16	 1.40562430E-16	 1.02806025E-16
 1.700000E-01	-1.65001140E-11	-5.71670467E-12	-2.04864393E-12	-9.03665236E-13	 1.63147186E-16	 1.93278146E-16	 2.03309998E-16	 1.58438624E-16
 1.750000E-01	-2.47977285E-11	-8.93126087E-12	-3.28377918E-12	-1.45120645E-12	 1.78502795E-16	 2.48137786E-16	 2.83903420E-16	 2.39400355E-16
 1.800000E-01	-3.67186218E-11	-1.37325852E-11	-5.17383752E-12	-2.28820465E-12	 1.72936079E-16	 2.99679986E-16	 3.86919482E-16	 3.54120026E-16
 1.850000E-01	-5.36027904E-11	-2.07973764E-11	-8.02228602E-12	-3.54796450E-12	 1.30413349E-16	 3.44565708E-16	 5.13737534E-16	 5.07360373E-16
 1.900000E-01	-7.71928118E-11	-3.10422571E-11	-1.22527075E-11	-5.41708636E-12	 3.70002579E-17	 3.76887649E-16	 6.58717221E-16	 7.01253024E-16
 1.950000E-01	-1.09720658E-10	-4.56877377E-11	-1.84472810E-11	-8.15354141E-12	-1.20777909E-16	 3.82499423E-16	 8.10155918E-16	 9.36463928E-16
 2.000000E-01	-1.54003747E-10	-6.63336369E-11	-2.73942450E-11	-1.21099295E-11	-3.57204178E-16	 3.38513492E-16	 9.49901177E-16	 1.21002752E-15
 2.050000E-01	-2.13563354E-10	-9.50575902E-11	-4.01504301E-11	-1.77652550E-11	-6.87534566E-16	 2.13043420E-16	 1.05212738E-15	 1.51315544E-15
 2.100000E-01	-2.92792708E-10	-1.34567252E-10	-5.81342196E-11	-2.57728246E-11	-1.12854863E-15	-3.22334686E-17	 1.08359515E-15	 1.82879241E-15
 2.150000E-01	-3.97094978E-10	-1.88333748E-10	-8.32207425E-11	-3.70127245E-11	-1.69811328E-15	-4.38843593E-16	 1.00450697E-15	 2.12924742E-15
 2.200000E-01	-5.32987158E-10	-2.60695128E-10	-1.17830812E-10	-5.26459939E-11	-2.41391748E-15	-1.04350744E-15	 7.71429653E-16	 2.37253998E-15
 2.250000E-01	-7.08269138E-10	-3.57029378E-10	-1.65059245E-10	-7.41914224E-11	-3.28558241E-15	-1.87020661E-15	 3.36358143E-16	 2.49801115E-15
 2.300000E-01	-9.32151531E-10	-4.83926485E-10	-2.28812760E-10	-1.03612441E-10	-4.30788159E-15	-2.93966190E-15	-3.56376663E-16	 2.43101842E-15
 2.350000E-01	-1.21533911E-09	-6.49356648E-10	-3.13954048E-10	-1.43413047E-10	-5.46797264E-15	-4.27835124E-15	-1.36102159E-15	 2.09494949E-15
 2.400000E-01	-1.57021252E-09	-8.62863909E-10	-4.26465097E-10	-1.96748268E-10	-6.75279500E-15	-5.90530032E-15	-2.71757282E-15	 1.41395987E-15
 2.450000E-01	-2.01102405E-09	-1.13577059E-09	-5.73624873E-10	-2.67546117E-10	-8.13958872E-15	-7.82231156E-15	-4.45972439E-15	 3.05595312E-16
 2.500000E-01	-2.55402559E-09	-1.48137595E-09	-7.64186671E-10	-3.60633688E-10	-9.59297008E-15	-1.00504088E-14	-6.62995300E-15	-1.29775329E-15
 2.550000E-01	-3.21774127E-09	-1.91521530E-09	-1.00858380E-09	-4.81878193E-10	-1.11429613E-14	-1.26527519E-14	-9.18843074E-15	-3.34696743E-15
 2.600000E-01	-4.02310248E-09	-2.45526687E-09	-1.31912042E-09	-6.38323862E-10	-1.29622776E-14	-1.54787087E-14	-1.18126057E-14	-5.67516686E-15
 2.650000E-01	-4.99345074E-09	-3.12209071E-09	-1.71013021E-09	-8.38315892E-10	-1.50812127E-14	-1.78977069E-14	-1.40903559E-14	-8.32140877E-15
 2.700000E-01	-6.15506529E-09	-3.93925607E-09	-2.19827593E-09	-1.09168904E-09	-1.70299424E-14	-1.95405110E-14	-1.62086504E-14	-1.15819004E-14
 2.750000E-01	-7.53898398E-09	-4.93465635E-09	-2.80335065E-09	-1.41020603E-09	-1.84311259E-14	-2.12211120E-14	-1.87693222E-14	-1.52741403E-14
 2.800000E-01	-9.18138859E-09	-6.14096541E-09	-3.54865370E-09	-1.80780475E-09	-1.98315897E-14	-2.37522687E-14	-2.14567937E-14	-1.85096590E-14
 2.850000E-01	-1.11224666E-08	-7.59501873E-09	-4.46075208E-09	-2.30053475E-09	-2.19041024E-14	-2.62594535E-14	-2.30978222E-14	-2.08864015E-14
 2.900000E-01	-1.34058147E-08	-9.33747107E-09	-5.56933224E-09	-2.90651795E-09	-2.41509536E-14	-2.75748349E-14	-2.36002532E-14	-2.30874842E-14
 2.950000E-01	-1.60759571E-08	-1.14110316E-08	-6.90614871E-09	-3.64540831E-09	-2.56846485E-14	-2.85113173E-14	-2.42078043E-14	-2.55385289E-14
 3.000000E-01	-1.91807096E-08	-1.38620142E-08	-8.50588618E-09	-4.53882890E-09	-2.67541550E-14	-3.06395867E-14	-2.53730276E-14	-2.75779732E-14
 3.050000E-01	-2.27745285E-08	-1.67427514E-08	-1.04076100E-08	-5.61116892E-09	-2.81444488E-14	-3.38881721E-14	-2.62427424E-14	-2.87689607E-14
 3.100000E-01	-2.69135108E-08	-2.01078527E-08	-1.26524404E-08	-6.88834662E-09	-2.97283684E-14	-3.73598766E-14	-2.66153715E-14	-2.99040241E-14
 3.150000E-01	-3.16543001E-08	-2.40131731E-08	-1.52827216E-08	-8.39731597E-09	-3.08555034E-14	-4.13757927E-14	-2.75919899E-14	-3.19535980E-14
 3.200000E-01	-3.70591683E-08	-2.85194339E-08	-1.83439426E-08	-1.01670357E-08	-3.15702591E-14	-4.68733722E-14	-2.99333792E-14	-3.50237097E-14
 3.250000E-01	-4.31955435E-08	-3.36916569E-08	-2.18841426E-08	-1.22280591E-08	-3.23977707E-14	-5.36858761E-14	-3.33292476E-14	-3.89725971E-14
 3.300000E-01	-5.01336259E-08	-3.95971634E-08	-2.59524959E-08	-1.46116827E-08	-3.34332781E-14	-6.07766662E-14	-3.74786225E-14	-4.40825156E-14
 3.350000E-01	-5.79468062E-08	-4.63056555E-08	-3.05990268E-08	-1.73496406E-08	-3.44414241E-14	-6.74231255E-14	-4.25024187E-14	-5.04184667E-14
 3.400000E-01	-6.67291426E-08	-5.39031783E-08	-3.58837892E-08	-2.04791301E-08	-3.54951192E-14	-7.31147532E-14	-4.79914716E-14	-5.71616047E-14
 3.450000E-01	-7.66247015E-08	-6.25164883E-08	-4.18937331E-08	-2.40523972E-08	-3.65841831E-14	-7.66704855E-14	-5.28383850E-14	-6.34734379E-14
 3.500000E-01	-8.77995622E-08	-7.22913326E-08	-4.87292614E-08	-2.81291511E-08	-3.66080676E-14	-7.72990372E-14	-5.69138231E-14	-6.94218085E-14
 3.550000E-01	-1.00412527E-07	-8.33685363E-08	-5.64888209E-08	-3.27675113E-08	-3.49343033E-14	-7.70342184E-14	-6.07473269E-14	-7.38367337E-14
 3.600000E-01	-1.14635586E-07	-9.59006625E-08	-6.52801516E-08	-3.80302016E-08	-3.46420548E-14	-7.78738192E-14	-6.04326301E-14	-7.19172254E-14
 3.650000E-01	-1.30662769E-07	-1.10059860E-07	-7.52245931E-08	-4.39869120E-08	-4.00127000E-14	-7.50554654E-14	-4.68055294E-14	-5.96760794E-14
 3.700000E-01	-1.48705174E-07	-1.26033287E-07	-8.64522181E-08	-5.07117563E-08	-4.98043106E-14	-6.06550740E-14	-1.54594282E-14	-4.01316391E-14
 3.750000E-01	-1.68979733E-07	-1.44012224E-07	-9.90926850E-08	-5.82786809E-08	-5.83462050E-14	-3.40692365E-14	 2.75797381E-14	-1.98866529E-14
 3.800000E-01	-1.91731259E-07	-1.64210560E-07	-1.13286503E-07	-6.67684882E-08	-6.19750284E-14	-1.79141223E-15	 7.30378928E-14	-1.99751187E-15
 3.850000E-01	-2.17218876E-07	-1.86853135E-07	-1.29178764E-07	-7.62656889E-08	-6.16891321E-14	 2.82263511E-14	 1.15782403E-13	 1.66014775E-14
 3.900000E-01	-2.45696541E-07	-2.12158913E-07	-1.46910205E-07	-8.68519731E-08	-6.44710755E-14	 5.24376095E-14	 1.60941071E-13	 4.51563970E-14
 3.950000E-01	-2.77443129E-07	-2.40367980E-07	-1.66635393E-07	-9.86137531E-08	-7.73030638E-14	 8.11052854E-14	 2.23280216E-13	 8.95336678E-14
 4.000000E-01	-3.12698905E-07	-2.71686678E-07	-1.88483098E-07	-1.11619098E-07	-9.41409113E-14	 1.28974245E-13	 3.05734519E-13	 1.39389557E-13
 4.050000E-01	-3.51674787E-07	-3.06295942E-07	-2.12560367E-07	-1.25920374E-07	-1.01040569E-13	 1.90502313E-13	 3.88263948E-13	 1.78228401E-13
 4.100000E-01	-3.94715161E-07	-3.44489041E-07	-2.39043947E-07	-1.41606904E-07	-9.49716497E-14	 2.43762245E-13	 4.51508531E-13	 2.03334849E-13
 4.150000E-01	-4.42355065E-07	-3.86716002E-07	-2.68208238E-07	-1.58821481E-07	-8.84007986E-14	 2.72627247E-13	 4.97486674E-13	 2.28673509E-13
 4.200000E-01	-4.95168385E-07	-4.33453093E-07	-3.00336054E-07	-1.77707615E-07	-1.04144665E-13	 2.80879663E-13	 5.53814012E-13	 2.78364685E-13
 4.250000E-01	-5.53616887E-07	-4.85075103E-07	-3.35632075E-07	-1.98359076E-07	-1.55972895E-13	 3.06205025E-13	 6.61269742E-13	 3.61415259E-13
 4.300000E-01	-6.18148769E-07	-5.41938371E-07	-3.74276925E-07	-2.20850731E-07	-2.19368279E-13	 3.87921851E-13	 8.18133700E-13	 4.42133899E-13
 4.350000E-01	-6.89327021E-07	-6.04490057E-07	-4.16498838E-07	-2.45278626E-07	-2.60034798E-13	 4.95825760E-13	 9.63017732E-13	 4.84483522E-13
 4.400000E-01	-7.67836691E-07	-6.73273916E-07	-4.62575418E-07	-2.71760718E-07	-2.99031106E-13	 5.65932791E-13	 1.07457988E-12	 5.21706191E-13
 4.450000E-01	-8.54406175E-07	-7.48859659E-07	-5.12782459E-07	-3.00405390E-07	-3.82798016E-13	 6.15957592E-13	 1.21787194E-12	 6.01328122E-13
 4.500000E-01	-9.49704195E-07	-8.31749827E-07	-5.67327271E-07	-3.31270511E-07	-4.96360588E-13	 7.14504777E-13	 1.42109275E-12	 6.87609794E-13
 4.550000E-01	-1.05440892E-06	-9.22437150E-07	-6.26383788E-07	-3.64382658E-07	-5.92244979E-13	 8.44394688E-13	 1.61252250E-12	 7.19495148E-13
 4.600000E-01	-1.16920432E-06	-1.02139466E-06	-6.90080310E-07	-3.99727244E-07	-6.85504027E-13	 9.28172407E-13	 1.75131606E-12	 7.20382880E-13
 4.650000E-01	-1.29473308E-06	-1.12902918E-06	-7.58464476E-07	-4.37227229E-07	-8.27011106E-13	 9.69303448E-13	 1.89700081E-12	 7.41756246E-13
 4.700000E-01	-1.43178115E-06	-1.24583449E-06	-8.31599202E-07	-4.76796854E-07	-1.01123537E-12	 1.03027406E-12	 2.08317145E-12	 7.55354223E-13
 4.750000E-01	-1.58128762E-06	-1.37238725E-06	-9.09550830E-07	-5.18331654E-07	-1.20830055E-12	 1.09569489E-12	 2.25787777E-12	 7.18034231E-13
 4.800000E-01	-1.74425832E-06	-1.50926794E-06	-9.92333818E-07	-5.61678018E-07	-1.45704127E-12	 1.10851472E-12	 2.42364198E-12	 6.81387980E-13
 4.850000E-01	-1.92177093E-06	-1.65706618E-06	-1.07991116E-06	-6.06632247E-07	-1.80869457E-12	 1.12708953E-12	 2.68182410E-12	 6.91176139E-13
 4.900000E-01	-2.11520661E-06	-1.81657233E-06	-1.17231319E-06	-6.53008215E-07	-2.20394161E-12	 1.24705163E-12	 3.02326561E-12	 6.44054937E-13
 4.950000E-01	-2.32689323E-06	-1.98931835E-06	-1.26996882E-06	-7.00817322E-07	-2.57233095E-12	 1.36492831E-12	 3.27958978E-12	 4.55875999E-13
 5.000000E-01	-2.55960672E-06	-2.17714441E-06	-1.37340977E-06	-7.50096358E-07	-3.02627672E-12	 1.30999829E-12	 3.46213952E-12	 2.87025750E-13
 5.050000E-01	-2.81580796E-06	-2.38156351E-06	-1.48286288E-06	-8.00678004E-07	-3.72781692E-12	 1.20967237E-12	 3.86212084E-12	 3.09822368E-13
 5.100000E-01	-3.09824758E-06	-2.60428411E-06	-1.59857204E-06	-8.52365280E-07	-4.61997449E-12	 1.34453884E-12	 4.60470154E-12	 3.91587096E-13
 5.150000E-01	-3.41089096E-06	-2.84798361E-06	-1.72125396E-06	-9.05171753E-07	-5.55535907E-12	 1.69843823E-12	 5.48187355E-12	 3.38315433E-13
 5.200000E-01	-3.75860577E-06	-3.11602681E-06	-1.85186884E-06	-9.59168068E-07	-6.58205735E-12	 2.05914542E-12	 6.39278246E-12	 2.40649102E-13
 5.250000E-01	-4.14585552E-06	-3.41136279E-06	-1.99091501E-06	-1.01408688E-06	-7.85954237E-12	 2.43200192E-12	 7.53987239E-12	 2.88061634E-13
 5.300000E-01	-4.57698224E-06	-3.73678846E-06	-2.13858000E-06	-1.06939756E-06	-9.42944976E-12	 3.02584977E-12	 9.11830962E-12	 4.73271182E-13
 5.350000E-01	-5.05571188E-06	-4.09457245E-06	-2.29452171E-06	-1.12419927E-06	-1.11941088E-11	 3.99557563E-12	 1.10927779E-11	 6.07444200E-13
 5.400000E-01	-5.58571107E-06	-4.48691589E-06	-2.45812920E-06	-1.17735891E-06	-1.30045732E-11	 5.27509764E-12	 1.31891979E-11	 4.65601935E-13
 5.450000E-01	-6.17239613E-06	-4.91740405E-06	-2.62929069E-06	-1.22787553E-06	-1.48698197E-11	 6.49529493E-12	 1.51243647E-11	 9.12083586E-14
 5.500000E-01	-6.82137536E-06	-5.38975110E-06	-2.80762160E-06	-1.27446344E-06	-1.71170227E-11	 7.41916764E-12	 1.71477102E-11	-8.19913033E-14
 5.550000E-01	-7.53482802E-06	-5.90502258E-06	-2.99103394E-06	-1.31488489E-06	-1.99488147E-11	 8.53489547E-12	 1.98586274E-11	 3.52705712E-14
 5.600000E-01	-8.31429342E-06	-6.46385799E-06	-3.17695362E-06	-1.34654887E-06	-2.29826897E-11	 1.03354202E-11	 2.30291484E-11	-2.65126079E-13
 5.650000E-01	-9.16524443E-06	-7.06981292E-06	-3.36384472E-06	-1.36717204E-06	-2.59085248E-11	 1.21712582E-11	 2.56923060E-11	-1.31618296E-12
 5.700000E-01	-1.00931061E-05	-7.72627043E-06	-3.54958933E-06	-1.37404013E-06	-2.92136470E-11	 1.31704497E-11	 2.78638470E-11	-2.31196757E-12
 5.750000E-01	-1.11006464E-05	-8.43460502E-06	-3.73069404E-06	-1.36372470E-06	-3.34346973E-11	 1.37926843E-11	 3.06057061E-11	-2.73415499E-12
 5.800000E-01	-1.21941933E-05	-9.19883595E-06	-3.90441003E-06	-1.33298436E-06	-3.83161804E-11	 1.49498051E-11	 3.41312010E-11	-3.28935798E-12
 5.850000E-01	-1.33865664E-05	-1.00277085E-05	-4.06934812E-06	-1.27886098E-06	-4.34501882E-11	 1.64168409E-11	 3.75687338E-11	-4.59191603E-12
 5.900000E-01	-1.46892179E-05	-1.09289551E-05	-4.22284272E-06	-1.19759371E-06	-4.90203039E-11	 1.73665305E-11	 4.04948278E-11	-6.24731160E-12
 5.950000E-01	-1.61119528E-05	-1.19092943E-05	-4.36106167E-06	-1.08471503E-06	-5.55081134E-11	 1.75531149E-11	 4.33848327E-11	-7.59384477E-12
 6.000000E-01	-1.76726465E-05	-1.29814294E-05	-4.48143326E-06	-9.35698388E-07	-6.32570641E-11	 1.74388796E-11	 4.70142093E-11	-8.39765612E-12
 6.050000E-01	-1.93946679E-05	-1.41621176E-05	-4.58137353E-06	-7.45288894E-07	-7.22951280E-11	 1.78669041E-11	 5.19296898E-11	-9.00651698E-12
 6.100000E-01	-2.12997284E-05	-1.54672471E-05	-4.65636190E-06	-5.06888307E-07	-8.23265522E-11	 1.94628214E-11	 5.80071685E-11	-1.01291279E-11
 6.150000E-01	-2.34075451E-05	-1.69117991E-05	-4.69996459E-06	-2.12615224E-07	-9.30899792E-11	 2.21596362E-11	 6.46715317E-11	-1.21561702E-11
 6.200000E-01	-2.57366682E-05	-1.85106413E-05	-4.70416780E-06	 1.46538531E-07	-1.04618080E-10	 2.56092170E-11	 7.16268774E-11	-1.49280890E-11
 6.250000E-01	-2.83172239E-05	-2.02874633E-05	-4.66141234E-06	 5.80781054E-07	-1.17127727E-10	 2.97865907E-11	 7.90985226E-11	-1.81595750E-11
 6.300000E-01	-3.11863577E-05	-2.22716530E-05	-4.56292707E-06	 1.10220124E-06	-1.30765098E-10	 3.52237620E-11	 8.76129040E-11	-2.18811181E-11
 6.350000E-01	-3.43658254E-05	-2.44835492E-05	-4.39584408E-06	 1.72423453E-06	-1.45217004E-10	 4.28755104E-11	 9.73074733E-11	-2.68860083E-11
 6.400000E-01	-3.78771580E-05	-2.69455422E-05	-4.14650217E-06	 2.46125336E-06	-1.59778263E-10	 5.31603074E-11	 1.07216495E-10	-3.43468895E-11
 6.450000E-01	-4.17567358E-05	-2.96924932E-05	-3.80170836E-06	 3.32950634E-06	-1.74121912E-10	 6.53673382E-11	 1.16117737E-10	-4.44173441E-11
 6.500000E-01	-4.60322531E-05	-3.27568776E-05	-3.34690949E-06	 4.34584994E-06	-1.88450923E-10	 7.88975378E-11	 1.23925233E-10	-5.63303316E-11
 6.550000E-01	-5.07182785E-05	-3.61674954E-05	-2.76827366E-06	 5.52634554E-06	-2.02665221E-10	 9.41786482E-11	 1.30893178E-10	-7.01554901E-11
 6.600000E-01	-5.58252587E-05	-3.99569711E-05	-2.05519387E-06	 6.88605489E-06	-2.16150870E-10	 1.11350046E-10	 1.36094329E-10	-8.66759452E-11
 6.650000E-01	-6.13685925E-05	-4.41696459E-05	-1.20192259E-06	 8.43974000E-06	-2.28725314E-10	 1.29490087E-10	 1.38572973E-10	-1.05436752E-10
 6.700000E-01	-6.73692331E-05	-4.88633796E-05	-2.07707797E-07	 1.02029148E-05	-2.40755004E-10	 1.48450177E-10	 1.39132969E-10	-1.25280608E-10
 6.750000E-01	-7.38364731E-05	-5.40971216E-05	 9.24278963E-07	 1.21896689E-05	-2.51842730E-10	 1.69706717E-10	 1.38566157E-10	-1.46990778E-10
 6.800000E-01	-8.07710612E-05	-5.99349243E-05	 2.18358473E-06	 1.44110056E-05	-2.60761277E-10	 1.93671603E-10	 1.35161675E-10	-1.72375520E-10
 6.850000E-01	-8.81742717E-05	-6.64553712E-05	 3.55119834E-06	 1.68767122E-05	-2.67115720E-10	 2.17990122E-10	 1.26407591E-10	-2.00708339E-10
 6.900000E-01	-9.60408418E-05	-7.37454967E-05	 5.00060575E-06	 1.95935825E-05	-2.71897978E-10	 2.39592829E-10	 1.11852081E-10	-2.28588695E-10
 6.950000E-01	-1.04359798E-04	-8.19035323E-05	 6.49412821E-06	 2.25632641E-05	-2.76792797E-10	 2.57151594E-10	 9.39819994E-11	-2.51998373E-10
 7.000000E-01	-1.13117243E-04	-9.10451027E-05	 7.98101321E-06	 2.57825800E-05	-2.82944872E-10	 2.73234958E-10	 7.77696616E-11	-2.69339996E-10
 7.050000E-01	-1.22281422E-04	-1.01293894E-04	 9.39528117E-06	 2.92388060E-05	-2.88774155E-10	 2.93481996E-10	 6.54898432E-11	-2.85406268E-10
 7.100000E-01	-1.31800677E-04	-1.12779632E-04	 1.06546154E-05	 3.29069946E-05	-2.91088355E-10	 3.18986708E-10	 5.20120982E-11	-3.06288961E-10
 7.150000E-01	-1.41611054E-04	-1.25642386E-04	 1.16615072E-05	 3.67489795E-05	-2.90209344E-10	 3.43976363E-10	 3.32648471E-11	-3.28255587E-10
 7.200000E-01	-1.51634209E-04	-1.40032908E-04	 1.23008811E-05	 4.07091910E-05	-2.89493398E-10	 3.66953915E-10	 1.56214644E-11	-3.42973359E-10
 7.250000E-01	-1.61730546E-04	-1.56075172E-04	 1.24323404E-05	 4.46984576E-05	-2.88409035E-10	 3.94679479E-10	 5.22764780E-12	-3.53314834E-10
 7.300000E-01	-1.71692319E-04	-1.73853543E-04	 1.18890552E-05	 4.85860532E-05	-2.82962935E-10	 4.27867454E-10	-4.96813615E-12	-3.67754416E-10
 7.350000E-01	-1.81309047E-04	-1.93463873E-04	 1.04867186E-05	 5.22122098E-05	-2.74473985E-10	 4.55800936E-10	-2.22934450E-11	-3.80146542E-10
 7.400000E-01	-1.90332974E-04	-2.14982421E-04	 8.01972679E-06	 5.53739200E-05	-2.69309705E-10	 4.74089519E-10	-3.72613230E-11	-3.75517462E-10
 7.450000E-01	-1.98490995E-04	-2.38473548E-04	 4.26692527E-06	 5.78248273E-05	-2.68522886E-10	 4.92790141E-10	-3.74980046E-11	-3.55126995E-10
 7.500000E-01	-2.05538009E-04	-2.64047086E-04	-1.00211347E-06	 5.92861643E-05	-2.67154124E-10	 5.17530379E-10	-2.83482001E-11	-3.32951552E-10
 7.550000E-01	-2.11130319E-04	-2.91725327E-04	-8.03698856E-06	 5.94026719E-05	-2.64509569E-10	 5.39228738E-10	-2.08675550E-11	-3.09468674E-10
 7.600000E-01	-2.14809699E-04	-3.21403608E-04	-1.70971759E-05	 5.77325212E-05	-2.65833799E-10	 5.50850605E-10	-1.11239446E-11	-2.71938467E-10
 7.650000E-01	-2.16113173E-04	-3.52968929E-04	-2.84400021E-05	 5.37767574E-05	-2.73034909E-10	 5.57356663E-10	 9.86991093E-12	-2.18682973E-10
 7.700000E-01	-2.14572304E-04	-3.86300448E-04	-4.23105282E-05	 4.69772252E-05	-2.82461349E-10	 5.60650715E-10	 3.56504869E-11	-1.61493069E-10
 7.750000E-01	-2.09613114E-04	-4.21124739E-04	-5.89314692E-05	 3.66845458E-05	-2.94089442E-10	 5.49877437E-10	 5.37519889E-11	-1.01481353E-10
 7.800000E-01	-2.00721608E-04	-4.57278278E-04	-7.85112825E-05	 2.22050030E-05	-3.14770532E-10	 5.18346427E-10	 6.98926314E-11	-2.39306528E-11
 7.850000E-01	-1.87429923E-04	-4.94768303E-04	-1.01274729E-04	 2.76764054E-06	-3.47905233E-10	 4.76121364E-10	 1.00363015E-10	 7.53056897E-11
 7.900000E-01	-1.68869908E-04	-5.32911540E-04	-1.27349718E-04	-2.25696342E-05	-3.87809836E-10	 4.32716780E-10	 1.43654546E-10	 1.79296821E-10
 7.950000E-01	-1.44087676E-04	-5.70806447E-04	-1.56774806E-04	-5.48199302E-05	-4.29255176E-10	 3.82438622E-10	 1.82616424E-10	 2.73896190E-10
 8.000000E-01	-1.12184945E-04	-6.07701063E-04	-1.89570603E-04	-9.50733902E-05	-4.73691037E-10	 3.15444394E-10	 2.08880058E-10	 3.61912016E-10
 8.050000E-01	-7.20852240E-05	-6.42330769E-04	-2.25554974E-04	-1.44449526E-04	-5.23276657E-10	 2.30026795E-10	 2.25502989E-10	 4.48105108E-10
 8.100000E-01	-2.27133300E-05	-6.73345731E-04	-2.64413878E-04	-2.04054082E-04	-5.76813898E-10	 1.29174025E-10	 2.33654384E-10	 5.28290218E-10
 8.150000E-01	 3.69570439E-05	-6.99917130E-04	-3.05948237E-04	-2.75119398E-04	-6.34156412E-10	 1.22910793E-11	 2.30633776E-10	 5.99126494E-10
 8.200000E-01	 1.08173575E-04	-7.20424530E-04	-3.49660958E-04	-3.58796064E-04	-7.00371998E-10	-1.23746289E-10	 2.20797130E-10	 6.69071317E-10
 8.250000E-01	 1.92313856E-04	-7.32558515E-04	-3.94775036E-04	-4.56083266E-04	-7.79488305E-10	-2.71276088E-10	 2.20306468E-10	 7.45901029E-10
 8.300000E-01	 2.91065371E-04	-7.34679164E-04	-4.40944720E-04	-5.68476172E-04	-8.62534585E-10	-4.12284883E-10	 2.33763938E-10	 8.09969559E-10
 8.350000E-01	 4.06241788E-04	-7.23480478E-04	-4.87064143E-04	-6.96849194E-04	-9.32905682E-10	-5.44410645E-10	 2.33673950E-10	 8.25477005E-10
 8.400000E-01	 5.39746592E-04	-6.95534181E-04	-5.31962801E-04	-8.41853905E-04	-9.91492264E-10	-6.88576870E-10	 1.94620991E-10	 7.91504179E-10
 8.450000E-01	 6.94105852E-04	-6.47971033E-04	-5.75082064E-04	-1.00467781E-03	-1.05432869E-09	-8.55700411E-10	 1.31454342E-10	 7.40651827E-10
 8.500000E-01	 8.71823415E-04	-5.76489677E-04	-6.15302275E-04	-1.18545953E-03	-1.12344475E-09	-1.02739671E-09	 7.22242647E-11	 6.82246354E-10
 8.550000E-01	 1.07637558E-03	-4.76668917E-04	-6.52143780E-04	-1.38476013E-03	-1.18703802E-09	-1.18711525E-09	 1.44538881E-11	 5.92211081E-10
 8.600000E-01	 1.31293644E-03	-3.43250584E-04	-6.85764613E-04	-1.60389653E-03	-1.24374909E-09	-1.34489845E-09	-6.31681392E-11	 4.57860360E-10
 8.650000E-01	 1.58556661E-03	-1.68015926E-04	-7.14369559E-04	-1.84054156E-03	-1.30278572E-09	-1.50803830E-09	-1.56203589E-10	 2.97843467E-10
 8.700000E-01	 1.89944841E-03	 5.80805392E-05	-7.36192925E-04	-2.09159959E-03	-1.36008000E-09	-1.65061382E-09	-2.36733483E-10	 1.23631374E-10
 8.750000E-01	 2.26212935E-03	 3.44994527E-04	-7.50067730E-04	-2.35380835E-03	-1.39046270E-09	-1.74473164E-09	-3.15215685E-10	-1.00946410E-10
 8.800000E-01	 2.67928892E-03	 7.03911347E-04	-7.53217472E-04	-2.61787668E-03	-1.38622068E-09	-1.81669885E-09	-4.49984496E-10	-4.09506160E-10
 8.850000E-01	 3.16034452E-03	 1.14668079E-03	-7.44139139E-04	-2.87376059E-03	-1.38595472E-09	-1.91640844E-09	-6.47167016E-10	-7.47329698E-10
 8.900000E-01	 3.71638503E-03	 1.68633309E-03	-7.20765397E-04	-3.10649881E-03	-1.40851420E-09	-2.00559438E-09	-8.18297725E-10	-1.02850068E-09
 8.950000E-01	 4.35416909E-03	 2.33393024E-03	-6.78096448E-04	-3.28932805E-03	-1.39353994E-09	-1.97547035E-09	-9.17103823E-10	-1.27848548E-09
 9.000000E-01	 5.08171455E-03	 3.09843019E-03	-6.09231490E-04	-3.38818925E-03	-1.27615954E-09	-1.80535287E-09	-1.02987954E-09	-1.59277457E-09
 9.050000E-01	 5.90608063E-03	 3.98338777E-03	-5.05084515E-04	-3.35909651E-03	-1.07279137E-09	-1.58490184E-09	-1.24187366E-09	-1.95692245E-09
 9.100000E-01	 6.82554242E-03	 4.98005409E-03	-3.51480148E-04	-3.14662854E-03	-8.33725374E-10	-1.37653285E-09	-1.52275217E-09	-2.24610646E-09
 9.150000E-01	 7.83745348E-03	 6.06034530E-03	-1.41316579E-04	-2.69108529E-03	-5.70131938E-10	-1.16860224E-09	-1.80107914E-09	-2.36533739E-09
 9.200000E-01	 8.91768533E-03	 7.18075129E-03	 1.66393006E-04	-1.92680157E-03	-2.62493347E-10	-9.26183127E-10	-2.01082330E-09	-2.25570244E-09
 9.250000E-01	 1.00474311E-02	 8.26483554E-03	 5.73718666E-04	-8.13378101E-04	 1.35530861E-10	-6.09207717E-10	-2.09370495E-09	-1.89116086E-09
 9.300000E-01	 1.11367499E-02	 9.18992311E-03	 1.17871677E-03	 7.17966454E-04	 6.57811229E-10	-2.55034236E-10	-2.04563870E-09	-1.30030311E-09
 9.350000E-01	 1.20639200E-02	 9.87481774E-03	 2.13105040E-03	 2.59321074E-03	 1.24027747E-09	-1.83616772E-11	-1.88842944E-09	-5.52500644E-10
 9.400000E-01	 1.27992687E-02	 1.02036652E-02	 3.35124507E-03	 4.61944710E-03	 1.78575999E-09	-1.83023366E-11	-1.62397873E-09	 2.53773633E-10
 9.450000E-01	 1.32996360E-02	 9.93130863E-03	 4.73555192E-03	 6.73246371E-03	 2.25275859E-09	-2.59477477E-10	-1.12752673E-09	 1.08428058E-09
 9.500000E-01	 1.33747293E-02	 9.19795101E-03	 6.35309381E-03	 8.16655238E-03	 2.70075584E-09	-6.44834613E-10	-5.12777376E-10	 1.73260377E-09
 9.550000E-01	 1.26921726E-02	 7.74403529E-03	 8.29102610E-03	 9.28634243E-03	 2.69583755E-09	-9.82022259E-10	 5.38937984E-10	 2.00319903E-09
 9.600000E-01	 1.15979307E-02	 5.94907262E-03	 1.05456506E-02	 9.39746259E-03	 2.50939109E-09	-1.58302567E-09	 1.87531308E-09	 1.62957992E-09
 9.650000E-01	 9.16601076E-03	 5.78376233E-03	 1.10028515E-02	 9.83058830E-03	 1.65461936E-09	-7.11462643E-10	 2.42229056E-09	 2.19217967E-09
 9.700000E-01	 8.56391223E-03	 7.30434213E-03	 1.17803092E-02	 9.76726688E-03	 1.20787470E-09	 2.23474573E-10	 2.46988841E-09	 2.31276861E-09
 9.750000E-01	 1.92545380E-02	 2.15280027E-02	 6.35220370E-03	-1.69222019E-03	 4.95670504E-10	-2.46966397E-10	 8.35466486E-10	 1.07097365E-09
 9.800000E-01	 1.19485669E-01	 1.70546073E-02	-1.12809963E-01	-8.21185622E-03	 7.42358429E-10	-8.53748452E-10	 8.96173073E-10	 2.77532596E-09
 9.850000E-01	-3.30881094E-02	 1.25147579E-01	 1.28061431E-01	-1.54221402E-01	 8.28416229E-10	 1.59816531E-09	 2.62608234E-11	-2.71530267E-09
 9.900000E-01	-7.63881179E-01	 8.57337546E-01	 1.07927684E+00	-2.23805519E-01	-2.31470949E-09	 1.77449815E-08	 1.18650344E-08	-1.16456966E-08
 9.950000E-01	 2.97209290E+01	-7.79934750E+00	-3.27276502E+01	-6.44170715E+00	 3.39788576E-07	-3.03616510E-07	-4.77238589E-07	 1.05275020E-07
 1.000000E+00	 0.00000000E+00	 0.00000000E+00	 0.00000000E+00	 0.00000000E+00	 0.00000000E+00	 0.00000000E+00	 0.00000000E+00	 0.00000000E+00
