r	R 16/16	R 17/16	R 18/16	R 19/16	I 16/16	I 17/16	I 18/16	I 19/16
 0.000000E+00	 0.00000000E+00	 0.00000000E+00	 0.00000000E+00	 0.00000000E+00	 0.00000000E+00	 0.00000000E+00	 0.00000000E+00	 0.00000000E+00
 5.000000E-03	 8.42293194E-32	 2.59782958E-32	 7.73341651E-32	-5.24875999E-32	-4.44116214E-35	-1.83389546E-35	 2.65159376E-35	-3.62054105E-37
 1.000000E-02	-4.06804600E-30	 4.46898831E-30	 8.06857308E-30	 7.87348355E-31	-2.31955935E-33	-2.09385027E-34	 4.88755190E-33	-1.54173962E-33
 1.500000E-02	-3.43452848E-28	 3.65919578E-29	 3.97398602E-29	 1.51333861E-28	-1.17309629E-31	 6.05994931E-32	 1.98652469E-31	-4.88759507E-32
 2.000000E-02	-4.52496260E-27	-3.02179380E-27	-4.71412355E-27	 3.64678912E-27	-3.98563146E-30	 1.75380277E-30	 3.07716566E-30	-4.84925267E-31
 2.500000E-02	 3.60150618E-26	-8.38037143E-26	-1.17538172E-25	 4.18426530E-26	-6.22858286E-29	 2.06656977E-29	 2.28706303E-29	-1.59546005E-30
 3.000000E-02	 1.63763766E-24	-1.08272838E-24	-1.45838512E-24	 2.85566125E-25	-5.50486881E-28	 1.44874386E-28	 8.14167245E-29	-3.27261606E-30
 3.500000E-02	 2.31105330E-23	-8.97816346E-24	-1.20956437E-23	 1.20379894E-24	-3.40726284E-27	 7.78121263E-28	 1.84355193E-28	-4.83052136E-29
 4.000000E-02	 2.07981207E-22	-5.38031427E-23	-7.54247644E-23	 2.31444413E-24	-1.79647909E-26	 3.85644787E-27	 1.10966913E-27	-3.72628409E-28
 4.500000E-02	 1.40020249E-21	-2.46999561E-22	-3.77712373E-22	-8.79407132E-24	-8.82634681E-26	 1.77106752E-26	 8.71722742E-27	-1.27619691E-27
 5.000000E-02	 7.60544034E-21	-8.88331769E-22	-1.58467602E-21	-1.08042860E-22	-4.05352385E-25	 6.84883734E-26	 5.29985542E-26	 2.47736134E-28
 5.500000E-02	 3.48880633E-20	-2.45026624E-21	-5.73319076E-21	-6.14629369E-22	-1.73688452E-24	 2.06640876E-25	 2.70519216E-25	 3.28217305E-26
 6.000000E-02	 1.39429609E-19	-4.46520431E-21	-1.82510061E-20	-2.59879961E-21	-7.03913246E-24	 3.78134689E-25	 1.25494306E-24	 2.79628142E-25
 6.500000E-02	 4.96574886E-19	 2.01098849E-22	-5.18322889E-20	-9.08275404E-21	-2.71952268E-23	-4.07959699E-25	 5.15928765E-24	 1.56878715E-24
 7.000000E-02	 1.60335505E-18	 4.59014583E-20	-1.32431063E-19	-2.74210683E-20	-9.79722649E-23	-7.02698294E-24	 1.72752343E-23	 6.43982062E-24
 7.500000E-02	 4.75700644E-18	 2.55310752E-19	-3.05276504E-19	-7.30849047E-20	-3.20397352E-22	-3.70733257E-23	 4.63399984E-23	 2.07400437E-23
 8.000000E-02	 1.31092622E-17	 9.99368094E-19	-6.31977510E-19	-1.73579528E-19	-9.44293340E-22	-1.43658555E-22	 1.00230102E-22	 5.49663694E-23
 8.500000E-02	 3.38518297E-17	 3.27742443E-18	-1.15378882E-18	-3.66732426E-19	-2.52302957E-21	-4.65775587E-22	 1.67998472E-22	 1.22777025E-22
 9.000000E-02	 8.25101498E-17	 9.55336845E-18	-1.76319294E-18	-6.76858934E-19	-6.17935524E-21	-1.33628295E-21	 1.80013963E-22	 2.34850571E-22
 9.500000E-02	 1.90987799E-16	 2.54794847E-17	-1.86424446E-18	-1.02994971E-18	-1.40527652E-20	-3.49655055E-21	-7.26910115E-23	 3.83408897E-22
 1.000000E-01	 4.22012022E-16	 6.32599254E-17	 4.05586956E-19	-1.02683482E-18	-3.00620853E-20	-8.53294909E-21	-1.07180832E-21	 5.26441822E-22
 1.050000E-01	 8.94106032E-16	 1.47906929E-16	 9.79631433E-18	 5.80263477E-19	-6.12205954E-20	-1.96623865E-20	-3.84513234E-21	 5.19340917E-22
 1.100000E-01	 1.82330124E-15	 3.28400985E-16	 3.70904325E-17	 6.98221484E-18	-1.19393034E-19	-4.27255504E-20	-1.07850626E-20	-2.75862622E-22
 1.150000E-01	 3.59067358E-15	 6.96883040E-16	 1.04872054E-16	 2.54377352E-17	-2.22818439E-19	-8.75450227E-20	-2.70667593E-20	-3.70567706E-21
 1.200000E-01	 6.84861815E-15	 1.42058921E-15	 2.57624066E-16	 7.11575388E-17	-3.97687719E-19	-1.70400180E-19	-6.21710855E-20	-1.35513444E-20
 1.250000E-01	 1.26838258E-14	 2.79345087E-15	 5.78707571E-16	 1.74051530E-16	-6.80546369E-19	-3.17561360E-19	-1.32069343E-19	-3.67378967E-20
 1.300000E-01	 2.28614098E-14	 5.31734723E-15	 1.21797239E-15	 3.89948291E-16	-1.12092010E-18	-5.70032787E-19	-2.62758384E-19	-8.54084504E-20
 1.350000E-01	 4.01825317E-14	 9.82704663E-15	 2.43535616E-15	 8.18547344E-16	-1.78389211E-18	-9.89310366E-19	-4.95385210E-19	-1.80536343E-19
 1.400000E-01	 6.89977180E-14	 1.76783139E-14	 4.66803536E-15	 1.63119986E-15	-2.74923062E-18	-1.65981479E-18	-8.94665899E-19	-3.59594840E-19
 1.450000E-01	 1.15929588E-13	 3.10257135E-14	 8.63167249E-15	 3.11267447E-15	-4.10057022E-18	-2.68762519E-18	-1.55868347E-18	-6.86777911E-19
 1.500000E-01	 1.90870155E-13	 5.32250331E-14	 1.54702203E-14	 5.72238650E-15	-5.90447857E-18	-4.19532512E-18	-2.62706201E-18	-1.26478670E-18
 1.550000E-01	 3.08328079E-13	 8.94050239E-14	 2.69737716E-14	 1.01822051E-14	-8.17859291E-18	-6.31389787E-18	-4.28680105E-18	-2.24564039E-18
 1.600000E-01	 4.89228671E-13	 1.47268630E-13	 4.58899418E-14	 1.76000538E-14	-1.08755088E-17	-9.21325780E-18	-6.76430829E-18	-3.81812296E-18
 1.650000E-01	 7.63270413E-13	 2.38196805E-13	 7.63643483E-14	 2.96417465E-14	-1.39218516E-17	-1.31323402E-17	-1.03154119E-17	-6.20755197E-18
 1.700000E-01	 1.17195756E-12	 3.78744963E-13	 1.24555587E-13	 4.87675602E-14	-1.71806687E-17	-1.82177474E-17	-1.52535089E-17	-9.77795035E-18
 1.750000E-01	 1.77243652E-12	 5.92641540E-13	 1.99484411E-13	 7.85561283E-14	-2.01965934E-17	-2.42980878E-17	-2.19594069E-17	-1.51041329E-17
 1.800000E-01	 2.64227690E-12	 9.13416301E-13	 3.14191396E-13	 1.24146144E-13	-2.20536360E-17	-3.10120947E-17	-3.07636701E-17	-2.27964609E-17
 1.850000E-01	 3.88545833E-12	 1.38783196E-12	 4.87292021E-13	 1.92835539E-13	-2.16252024E-17	-3.80341241E-17	-4.17906660E-17	-3.33172455E-17
 1.900000E-01	 5.63959249E-12	 2.08026568E-12	 7.45055744E-13	 2.94893560E-13	-1.77469872E-17	-4.48578747E-17	-5.49209464E-17	-4.70664887E-17
 1.950000E-01	 8.08443791E-12	 3.07819465E-12	 1.12413755E-12	 4.44655687E-13	-9.06210238E-18	-5.04633868E-17	-6.97648631E-17	-6.44459046E-17
 2.000000E-01	 1.14519807E-11	 4.49899929E-12	 1.67509671E-12	 6.61984441E-13	 6.07084222E-18	-5.31554868E-17	-8.55026769E-17	-8.57294534E-17
 2.050000E-01	 1.60381269E-11	 6.49825362E-12	 2.46687266E-12	 9.74198963E-13	 2.95882690E-17	-5.04485012E-17	-1.00682510E-16	-1.10867096E-16
 2.100000E-01	 2.22159704E-11	 9.27962424E-12	 3.59237631E-12	 1.41858911E-12	 6.37047350E-17	-3.91260376E-17	-1.13069841E-16	-1.39215887E-16
 2.150000E-01	 3.04505426E-11	 1.31064724E-11	 5.17534012E-12	 2.04563464E-12	 1.10767314E-16	-1.54109721E-17	-1.19554985E-16	-1.69264809E-16
 2.200000E-01	 4.13156058E-11	 1.83154663E-11	 7.37857406E-12	 2.92305303E-12	 1.73011983E-16	 2.45474339E-17	-1.16224118E-16	-1.98314083E-16
 2.250000E-01	 5.55120614E-11	 2.53321755E-11	 1.04137873E-11	 4.14080774E-12	 2.52083019E-16	 8.40779400E-17	-9.85760885E-17	-2.22298036E-16
 2.300000E-01	 7.38879957E-11	 3.46886910E-11	 1.45530460E-11	 5.81717943E-12	 3.48789197E-16	 1.66304099E-16	-6.16922821E-17	-2.36128284E-16
 2.350000E-01	 9.74607727E-11	 4.70434996E-11	 2.01419621E-11	 8.10598354E-12	 4.63424560E-16	 2.74630659E-16	-4.11379252E-19	-2.34034497E-16
 2.400000E-01	 1.27441124E-10	 6.32036253E-11	 2.76146742E-11	 1.12049904E-11	 5.95887306E-16	 4.12002150E-16	 9.02356096E-17	-2.09460669E-16
 2.450000E-01	 1.65258387E-10	 8.41486377E-11	 3.75105349E-11	 1.53655405E-11	 7.45394406E-16	 5.80207568E-16	 2.14557674E-16	-1.55325474E-16
 2.500000E-01	 2.12588053E-10	 1.11056885E-10	 5.04924242E-11	 2.09032767E-11	 9.10632328E-16	 7.81748387E-16	 3.76620585E-16	-6.52698747E-17
 2.550000E-01	 2.71381359E-10	 1.45333872E-10	 6.73666858E-11	 2.82099257E-11	 1.09104819E-15	 1.02005836E-15	 5.79584320E-16	 6.57552820E-17
 2.600000E-01	 3.43896683E-10	 1.88642578E-10	 8.91045484E-11	 3.77660046E-11	 1.28665192E-15	 1.28254443E-15	 8.16511288E-16	 2.44020862E-16
 2.650000E-01	 4.32734885E-10	 2.42936448E-10	 1.16864967E-10	 5.01542475E-11	 1.49014732E-15	 1.52552411E-15	 1.06229389E-15	 4.75062603E-16
 2.700000E-01	 5.40877603E-10	 3.10494759E-10	 1.52018995E-10	 6.60737194E-11	 1.68312966E-15	 1.72324470E-15	 1.29777572E-15	 7.49136781E-16
 2.750000E-01	 6.71728953E-10	 3.93960371E-10	 1.96175838E-10	 8.63547659E-11	 1.85761057E-15	 1.92423016E-15	 1.53830752E-15	 1.03899975E-15
 2.800000E-01	 8.29162576E-10	 4.96380342E-10	 2.51210372E-10	 1.11974560E-10	 2.03196441E-15	 2.17186832E-15	 1.79368826E-15	 1.32696502E-15
 2.850000E-01	 1.01757281E-09	 6.21249106E-10	 3.19292043E-10	 1.44073074E-10	 2.22081564E-15	 2.40094006E-15	 2.01548810E-15	 1.61367258E-15
 2.900000E-01	 1.24193339E-09	 7.72556537E-10	 4.02916286E-10	 1.83970111E-10	 2.40735871E-15	 2.53910667E-15	 2.15465966E-15	 1.88721553E-15
 2.950000E-01	 1.50786103E-09	 9.54840573E-10	 5.04939191E-10	 2.33184154E-10	 2.57395109E-15	 2.65158207E-15	 2.24315635E-15	 2.11674494E-15
 3.000000E-01	 1.82168732E-09	 1.17324455E-09	 6.28614641E-10	 2.93453171E-10	 2.73659070E-15	 2.84427821E-15	 2.33668273E-15	 2.28847307E-15
 3.050000E-01	 2.19054300E-09	 1.43357667E-09	 7.77629081E-10	 3.66754250E-10	 2.92203798E-15	 3.11024819E-15	 2.42482947E-15	 2.41709161E-15
 3.100000E-01	 2.62245016E-09	 1.74237294E-09	 9.56135291E-10	 4.55322290E-10	 3.13391142E-15	 3.40627660E-15	 2.48511855E-15	 2.52258633E-15
 3.150000E-01	 3.12642406E-09	 2.10696906E-09	 1.16878913E-09	 5.61670269E-10	 3.36218836E-15	 3.78401804E-15	 2.57138534E-15	 2.62664141E-15
 3.200000E-01	 3.71259273E-09	 2.53557995E-09	 1.42078384E-09	 6.88606960E-10	 3.60822560E-15	 4.32202381E-15	 2.76536989E-15	 2.76705026E-15
 3.250000E-01	 4.39233894E-09	 3.03739406E-09	 1.71788866E-09	 8.39255153E-10	 3.87895767E-15	 5.00749019E-15	 3.09222285E-15	 2.99155340E-15
 3.300000E-01	 5.17846248E-09	 3.62268561E-09	 2.06649690E-09	 1.01707119E-09	 4.16467045E-15	 5.76846082E-15	 3.54325096E-15	 3.33787836E-15
 3.350000E-01	 6.08534449E-09	 4.30293480E-09	 2.47368429E-09	 1.22586525E-09	 4.43648679E-15	 6.54653454E-15	 4.12106353E-15	 3.82324770E-15
 3.400000E-01	 7.12910224E-09	 5.09094560E-09	 2.94728006E-09	 1.46982472E-09	 4.66363180E-15	 7.26814345E-15	 4.79764371E-15	 4.43603804E-15
 3.450000E-01	 8.32774818E-09	 6.00095760E-09	 3.49594714E-09	 1.75353744E-09	 4.81694261E-15	 7.80406332E-15	 5.46832630E-15	 5.12522559E-15
 3.500000E-01	 9.70135858E-09	 7.04877070E-09	 4.12928758E-09	 2.08202616E-09	 4.83862796E-15	 8.08701025E-15	 6.05231159E-15	 5.81739079E-15
 3.550000E-01	 1.12722529E-08	 8.25189312E-09	 4.85797128E-09	 2.46079965E-09	 4.66079917E-15	 8.21696523E-15	 6.56580971E-15	 6.44945145E-15
 3.600000E-01	 1.30652187E-08	 9.62971184E-09	 5.69385774E-09	 2.89591705E-09	 4.33175679E-15	 8.13324412E-15	 6.80130838E-15	 6.92322767E-15
 3.650000E-01	 1.51078044E-08	 1.12036753E-08	 6.65006425E-09	 3.39404559E-09	 4.03623925E-15	 7.25903396E-15	 6.05202948E-15	 7.01740426E-15
 3.700000E-01	 1.74307024E-08	 1.29975181E-08	 7.74098074E-09	 3.96250636E-09	 3.87720809E-15	 5.06635888E-15	 3.71495498E-15	 6.48082251E-15
 3.750000E-01	 2.00682034E-08	 1.50375535E-08	 8.98228998E-09	 4.60932633E-09	 3.77493246E-15	 1.82725722E-15	 1.52290109E-17	 5.25509535E-15
 3.800000E-01	 2.30586420E-08	 1.73529933E-08	 1.03910493E-08	 5.34329070E-09	 3.58252778E-15	-1.71321213E-15	-4.27409392E-15	 3.51049026E-15
 3.850000E-01	 2.64447289E-08	 1.99762272E-08	 1.19858831E-08	 6.17398510E-09	 3.16996200E-15	-5.00784429E-15	-8.49449069E-15	 1.48417859E-15
 3.900000E-01	 3.02738244E-08	 2.29430883E-08	 1.37872917E-08	 7.11184092E-09	 2.61634000E-15	-8.25424794E-15	-1.27923632E-14	-7.84846450E-16
 3.950000E-01	 3.45983409E-08	 2.62931479E-08	 1.58178919E-08	 8.16817443E-09	 2.28211712E-15	-1.26813107E-14	-1.84453407E-14	-3.64001825E-15
 4.000000E-01	 3.94763440E-08	 3.00701384E-08	 1.81024777E-08	 9.35522127E-09	 2.30418809E-15	-1.90893581E-14	-2.62724133E-14	-7.42444403E-15
 4.050000E-01	 4.49721887E-08	 3.43223821E-08	 2.06680917E-08	 1.06861563E-08	 2.34924361E-15	-2.61726941E-14	-3.49818577E-14	-1.18832789E-14
 4.100000E-01	 5.11574475E-08	 3.91030930E-08	 2.35439743E-08	 1.21750021E-08	 2.13565782E-15	-3.18321302E-14	-4.25172205E-14	-1.62955481E-14
 4.150000E-01	 5.81117898E-08	 4.44707413E-08	 2.67615668E-08	 1.38365683E-08	 1.79815370E-15	-3.53843224E-14	-4.82139842E-14	-2.01089097E-14
 4.200000E-01	 6.59238408E-08	 5.04896033E-08	 3.03546946E-08	 1.56864987E-08	 2.04587952E-15	-3.85797081E-14	-5.39052402E-14	-2.35525771E-14
 4.250000E-01	 7.46921473E-08	 5.72304559E-08	 3.43597822E-08	 1.77412855E-08	 4.01357380E-15	-4.54664103E-14	-6.37777653E-14	-2.78841384E-14
 4.300000E-01	 8.45264715E-08	 6.47713936E-08	 3.88160572E-08	 2.00182521E-08	 7.86508056E-15	-5.78082107E-14	-7.95148041E-14	-3.39977624E-14
 4.350000E-01	 9.55489639E-08	 7.31985162E-08	 4.37657241E-08	 2.25355698E-08	 1.23126479E-14	-7.08300190E-14	-9.61590256E-14	-4.07197405E-14
 4.400000E-01	 1.07895585E-07	 8.26066906E-08	 4.92540733E-08	 2.53122137E-08	 1.71073158E-14	-8.02563751E-14	-1.09662049E-13	-4.65038351E-14
 4.450000E-01	 1.21717908E-07	 9.31004512E-08	 5.53295114E-08	 2.83678138E-08	 2.42022609E-14	-9.04611340E-14	-1.24831386E-13	-5.21646608E-14
 4.500000E-01	 1.37185059E-07	 1.04794929E-07	 6.20435403E-08	 3.17224539E-08	 3.47352281E-14	-1.06355778E-13	-1.46512843E-13	-5.90523657E-14
 4.550000E-01	 1.54486108E-07	 1.17816891E-07	 6.94506445E-08	 3.53963721E-08	 4.74978590E-14	-1.22992478E-13	-1.69438434E-13	-6.57717616E-14
 4.600000E-01	 1.73833087E-07	 1.32305852E-07	 7.76079742E-08	 3.94094995E-08	 6.21337012E-14	-1.33931868E-13	-1.87411432E-13	-6.99847479E-14
 4.650000E-01	 1.95464036E-07	 1.48415005E-07	 8.65748177E-08	 4.37808782E-08	 8.08281341E-14	-1.42569705E-13	-2.04373778E-13	-7.18296051E-14
 4.700000E-01	 2.19646934E-07	 1.66312454E-07	 9.64119568E-08	 4.85279320E-08	 1.05255252E-13	-1.54092176E-13	-2.25563251E-13	-7.22848650E-14
 4.750000E-01	 2.46684163E-07	 1.86182761E-07	 1.07181144E-07	 5.36658348E-08	 1.35110590E-13	-1.64613434E-13	-2.47054457E-13	-7.01205619E-14
 4.800000E-01	 2.76916882E-07	 2.08228629E-07	 1.18944753E-07	 5.92070277E-08	 1.71486814E-13	-1.71019556E-13	-2.66450569E-13	-6.40857215E-14
 4.850000E-01	 3.10729815E-07	 2.32672718E-07	 1.31765258E-07	 6.51605975E-08	 2.18101167E-13	-1.82662448E-13	-2.93843318E-13	-5.60710720E-14
 4.900000E-01	 3.48556249E-07	 2.59759728E-07	 1.45704749E-07	 7.15316778E-08	 2.76417892E-13	-2.04639835E-13	-3.34155646E-13	-4.73196012E-14
 4.950000E-01	 3.90882724E-07	 2.89758600E-07	 1.60824562E-07	 7.83209626E-08	 3.44386282E-13	-2.19721259E-13	-3.70712856E-13	-3.37458765E-14
 5.000000E-01	 4.38254298E-07	 3.22965432E-07	 1.77185113E-07	 8.55242737E-08	 4.24096456E-13	-2.16540344E-13	-3.94493710E-13	-1.16955854E-14
 5.050000E-01	 4.91280532E-07	 3.59707656E-07	 1.94846165E-07	 9.31321315E-08	 5.23674322E-13	-2.21689525E-13	-4.32863465E-13	 1.46218101E-14
 5.100000E-01	 5.50643139E-07	 4.00349411E-07	 2.13867112E-07	 1.01129108E-07	 6.47484599E-13	-2.64503565E-13	-5.13077609E-13	 3.90708133E-14
 5.150000E-01	 6.17102365E-07	 4.45296104E-07	 2.34306525E-07	 1.09492693E-07	 7.93619532E-13	-3.32398559E-13	-6.22605524E-13	 6.24148517E-14
 5.200000E-01	 6.91505128E-07	 4.94999672E-07	 2.56220805E-07	 1.18191193E-07	 9.63246784E-13	-4.02381806E-13	-7.41842233E-13	 8.84937921E-14
 5.250000E-01	 7.74796258E-07	 5.49965635E-07	 2.79662590E-07	 1.27181157E-07	 1.16303738E-12	-4.87046622E-13	-8.84316760E-13	 1.17202529E-13
 5.300000E-01	 8.68030974E-07	 6.10759940E-07	 3.04678069E-07	 1.36403973E-07	 1.39867851E-12	-6.17541105E-13	-1.07789834E-12	 1.46052645E-13
 5.350000E-01	 9.72393020E-07	 6.78017416E-07	 3.31302413E-07	 1.45780888E-07	 1.67259413E-12	-8.08361800E-13	-1.33364953E-12	 1.74594284E-13
 5.400000E-01	 1.08920999E-06	 7.52451095E-07	 3.59556877E-07	 1.55209264E-07	 1.98596237E-12	-1.03974512E-12	-1.63330622E-12	 2.05560598E-13
 5.450000E-01	 1.21997065E-06	 8.34864451E-07	 3.89447211E-07	 1.64559575E-07	 2.34394747E-12	-1.25848904E-12	-1.93483661E-12	 2.43344191E-13
 5.500000E-01	 1.36635449E-06	 9.26168665E-07	 4.20959475E-07	 1.73669623E-07	 2.76106620E-12	-1.44955655E-12	-2.23262589E-12	 2.92726288E-13
 5.550000E-01	 1.53025356E-06	 1.02739199E-06	 4.54051524E-07	 1.82337046E-07	 3.25000125E-12	-1.69770845E-12	-2.59614981E-12	 3.60625175E-13
 5.600000E-01	 1.71380446E-06	 1.13968836E-06	 4.88637418E-07	 1.90307275E-07	 3.81011183E-12	-2.05698004E-12	-3.06054111E-12	 4.51933666E-13
 5.650000E-01	 1.91943057E-06	 1.26434642E-06	 5.24566481E-07	 1.97259373E-07	 4.45040823E-12	-2.41021678E-12	-3.53731772E-12	 5.59329364E-13
 5.700000E-01	 2.14987339E-06	 1.40279808E-06	 5.61606519E-07	 2.02795973E-07	 5.20664935E-12	-2.64055149E-12	-3.95722355E-12	 6.76063702E-13
 5.750000E-01	 2.40824578E-06	 1.55664627E-06	 5.99429305E-07	 2.06431849E-07	 6.10646111E-12	-2.84203265E-12	-4.40066525E-12	 8.21110973E-13
 5.800000E-01	 2.69807297E-06	 1.72769350E-06	 6.37599818E-07	 2.07585436E-07	 7.14993683E-12	-3.15334212E-12	-4.95904818E-12	 1.01921228E-12
 5.850000E-01	 3.02332734E-06	 1.91797265E-06	 6.75566639E-07	 2.05570663E-07	 8.35046139E-12	-3.52375443E-12	-5.59488104E-12	 1.26086904E-12
 5.900000E-01	 3.38847977E-06	 2.12978595E-06	 7.12644703E-07	 1.99582379E-07	 9.75580265E-12	-3.81589202E-12	-6.23389157E-12	 1.51681040E-12
 5.950000E-01	 3.79854858E-06	 2.36574458E-06	 7.47993160E-07	 1.88677733E-07	 1.14182205E-11	-3.99153738E-12	-6.87593111E-12	 1.77655323E-12
 6.000000E-01	 4.25916722E-06	 2.62881830E-06	 7.80584260E-07	 1.71750965E-07	 1.33698662E-11	-4.12797527E-12	-7.58433020E-12	 2.05914205E-12
 6.050000E-01	 4.77665147E-06	 2.92239114E-06	 8.09170076E-07	 1.47506838E-07	 1.56140977E-11	-4.37222138E-12	-8.44235095E-12	 2.41097244E-12
 6.100000E-01	 5.35808749E-06	 3.25033863E-06	 8.32246617E-07	 1.14428395E-07	 1.81368659E-11	-4.84496047E-12	-9.49642748E-12	 2.87764596E-12
 6.150000E-01	 6.01143413E-06	 3.61711596E-06	 8.48011731E-07	 7.07390056E-08	 2.09425919E-11	-5.54875189E-12	-1.07253058E-11	 3.46605238E-12
 6.200000E-01	 6.74561552E-06	 4.02784267E-06	 8.54317481E-07	 1.43643286E-08	 2.40606432E-11	-6.42819762E-12	-1.20861111E-11	 4.16159319E-12
 6.250000E-01	 7.57063304E-06	 4.48840758E-06	 8.48613393E-07	-5.71127855E-08	 2.75162062E-11	-7.47466361E-12	-1.35588985E-11	 4.97141184E-12
 6.300000E-01	 8.49770451E-06	 5.00561358E-06	 8.27890148E-07	-1.46505682E-07	 3.13002200E-11	-8.77858198E-12	-1.51514150E-11	 5.95856886E-12
 6.350000E-01	 9.53936056E-06	 5.58734038E-06	 7.88655092E-07	-2.57064358E-07	 3.53447380E-11	-1.05352402E-11	-1.68768057E-11	 7.25913696E-12
 6.400000E-01	 1.07095419E-05	 6.24273778E-06	 7.26921321E-07	-3.92511396E-07	 3.95627975E-11	-1.28781730E-11	-1.86867639E-11	 8.99055638E-12
 6.450000E-01	 1.20238149E-05	 6.98257117E-06	 6.38209431E-07	-5.57109443E-07	 4.39403246E-11	-1.57115046E-11	-2.04548036E-11	 1.11366530E-11
 6.500000E-01	 1.34994426E-05	 7.81963574E-06	 5.17671306E-07	-7.55696059E-07	 4.85061887E-11	-1.89039071E-11	-2.20670145E-11	 1.36569278E-11
 6.550000E-01	 1.51553092E-05	 8.76909762E-06	 3.60246805E-07	-9.93685948E-07	 5.32104839E-11	-2.25328876E-11	-2.34570213E-11	 1.66546264E-11
 6.600000E-01	 1.70122097E-05	 9.84912504E-06	 1.60748353E-07	-1.27717681E-06	 5.79614686E-11	-2.66938590E-11	-2.45312818E-11	 2.02472574E-11
 6.650000E-01	 1.90929187E-05	 1.10817969E-05	-8.57891403E-08	-1.61303622E-06	 6.27637259E-11	-3.12536372E-11	-2.51596394E-11	 2.43680400E-11
 6.700000E-01	 2.14219779E-05	 1.24937268E-05	-3.83770123E-07	-2.00892790E-06	 6.76368753E-11	-3.61320651E-11	-2.52590279E-11	 2.89769487E-11
 6.750000E-01	 2.40259584E-05	 1.41165109E-05	-7.37181947E-07	-2.47345548E-06	 7.24064351E-11	-4.16372779E-11	-2.47823694E-11	 3.43558059E-11
 6.800000E-01	 2.69331073E-05	 1.59875021E-05	-1.14911657E-06	-3.01609755E-06	 7.68295495E-11	-4.80534137E-11	-2.36180581E-11	 4.07732186E-11
 6.850000E-01	 3.01735934E-05	 1.81514632E-05	-1.62124940E-06	-3.64736969E-06	 8.09422325E-11	-5.50925567E-11	-2.16252687E-11	 4.79721538E-11
 6.900000E-01	 3.37792560E-05	 2.06616466E-05	-2.15332687E-06	-4.37873213E-06	 8.50722964E-11	-6.20987142E-11	-1.87537847E-11	 5.53041714E-11
 6.950000E-01	 3.77823537E-05	 2.35806070E-05	-2.74204821E-06	-5.22207519E-06	 8.95863624E-11	-6.85464612E-11	-1.50684149E-11	 6.21785158E-11
 7.000000E-01	 4.22154795E-05	 2.69824119E-05	-3.38015393E-06	-6.18965041E-06	 9.45209082E-11	-7.46776659E-11	-1.07354867E-11	 6.86900795E-11
 7.050000E-01	 4.71104878E-05	 3.09545628E-05	-4.05493498E-06	-7.29349951E-06	 9.92285957E-11	-8.18763731E-11	-5.90153567E-12	 7.60238877E-11
 7.100000E-01	 5.24966798E-05	 3.55990683E-05	-4.74666308E-06	-8.54438848E-06	 1.02996911E-10	-9.11604766E-11	-5.07257381E-13	 8.50129019E-11
 7.150000E-01	 5.83993745E-05	 4.10337504E-05	-5.42732719E-06	-9.95068307E-06	 1.06132777E-10	-1.01607218E-10	 5.51862979E-12	 9.45254207E-11
 7.200000E-01	 6.48375853E-05	 4.73940526E-05	-6.05841744E-06	-1.15166577E-05	 1.09271461E-10	-1.12370358E-10	 1.18522841E-11	 1.03366105E-10
 7.250000E-01	 7.18211068E-05	 5.48351230E-05	-6.58813953E-06	-1.32402065E-05	 1.11864656E-10	-1.25058355E-10	 1.79199632E-11	 1.12671449E-10
 7.300000E-01	 7.93466732E-05	 6.35336824E-05	-6.94804363E-06	-1.51097050E-05	 1.13126740E-10	-1.40965622E-10	 2.35286609E-11	 1.23341555E-10
 7.350000E-01	 8.73928457E-05	 7.36892308E-05	-7.04910601E-06	-1.70997557E-05	 1.14059652E-10	-1.57731609E-10	 2.88665132E-11	 1.32812865E-10
 7.400000E-01	 9.59137847E-05	 8.55244577E-05	-6.77755457E-06	-1.91657240E-05	 1.16290345E-10	-1.73004393E-10	 3.35107379E-11	 1.38378585E-10
 7.450000E-01	 1.04832542E-04	 9.92860560E-05	-5.99068527E-06	-2.12375973E-05	 1.19499161E-10	-1.89049618E-10	 3.60888019E-11	 1.41429766E-10
 7.500000E-01	 1.14031257E-04	 1.15242515E-04	-4.51168761E-06	-2.32112395E-05	 1.22526864E-10	-2.08729586E-10	 3.56354269E-11	 1.43973494E-10
 7.550000E-01	 1.23340861E-04	 1.33680225E-04	-2.12556822E-06	-2.49382912E-05	 1.26121982E-10	-2.30085246E-10	 3.24249091E-11	 1.43960505E-10
 7.600000E-01	 1.32528562E-04	 1.54901671E-04	 1.42687457E-06	-2.62144464E-05	 1.32150075E-10	-2.49978841E-10	 2.63898806E-11	 1.38232877E-10
 7.650000E-01	 1.41280708E-04	 1.79217902E-04	 6.45616147E-06	-2.67632796E-05	 1.41268956E-10	-2.69157316E-10	 1.59420362E-11	 1.26630999E-10
 7.700000E-01	 1.49187540E-04	 2.06935073E-04	 1.33243372E-05	-2.62201958E-05	 1.53606735E-10	-2.88105370E-10	 4.37891447E-13	 1.09458161E-10
 7.750000E-01	 1.55722922E-04	 2.38338571E-04	 2.24473424E-05	-2.41133203E-05	 1.70652524E-10	-3.01847799E-10	-1.76587831E-11	 8.42734397E-11
 7.800000E-01	 1.60224483E-04	 2.73675689E-04	 3.42935624E-05	-1.98448259E-05	 1.94445382E-10	-3.05813824E-10	-3.67776449E-11	 4.88535244E-11
 7.850000E-01	 1.61871155E-04	 3.13121197E-04	 4.93763847E-05	-1.26691222E-05	 2.25635682E-10	-3.02891213E-10	-6.03437984E-11	 4.41536222E-12
 7.900000E-01	 1.59652905E-04	 3.56748029E-04	 6.82537683E-05	-1.66679034E-06	 2.64036768E-10	-2.96885515E-10	-9.16656137E-11	-4.70893217E-11
 7.950000E-01	 1.52331829E-04	 4.04496708E-04	 9.15300796E-05	 1.42871998E-05	 3.10299324E-10	-2.83806941E-10	-1.27719388E-10	-1.05896180E-10
 8.000000E-01	 1.38411561E-04	 4.56100422E-04	 1.19831676E-04	 3.65525858E-05	 3.65640957E-10	-2.56212962E-10	-1.62731257E-10	-1.72515474E-10
 8.050000E-01	 1.16121462E-04	 5.11027906E-04	 1.53766033E-04	 6.67256097E-05	 4.30656955E-10	-2.10446190E-10	-1.93677343E-10	-2.45410753E-10
 8.100000E-01	 8.33970359E-05	 5.68409244E-04	 1.93880435E-04	 1.06636932E-04	 5.04997220E-10	-1.45521601E-10	-2.18856001E-10	-3.21236920E-10
 8.150000E-01	 3.78970650E-05	 6.26957036E-04	 2.40590334E-04	 1.58306197E-04	 5.87790750E-10	-6.03249750E-11	-2.35772003E-10	-3.95987554E-10
 8.200000E-01	-2.30067809E-05	 6.84893607E-04	 2.94141875E-04	 2.23902381E-04	 6.79743185E-10	 4.44176655E-11	-2.46484958E-10	-4.68538840E-10
 8.250000E-01	-1.02303658E-04	 7.39856536E-04	 3.54616076E-04	 3.05758907E-04	 7.84785787E-10	 1.64662875E-10	-2.61277630E-10	-5.42883477E-10
 8.300000E-01	-2.03374819E-04	 7.88761828E-04	 4.21875774E-04	 4.06336969E-04	 9.04090517E-10	 2.98969403E-10	-2.82448184E-10	-6.17287681E-10
 8.350000E-01	-3.29979419E-04	 8.27669502E-04	 4.95480196E-04	 5.28116018E-04	 1.02908533E-09	 4.53169875E-10	-2.89281347E-10	-6.73767462E-10
 8.400000E-01	-4.86170250E-04	 8.51728729E-04	 5.74601972E-04	 6.73371070E-04	 1.15031767E-09	 6.32383895E-10	-2.62056814E-10	-6.95379705E-10
 8.450000E-01	-6.76153480E-04	 8.55179907E-04	 6.57984356E-04	 8.43857761E-04	 1.27020576E-09	 8.32965115E-10	-2.09751715E-10	-6.86435524E-10
 8.500000E-01	-9.04314625E-04	 8.31379009E-04	 7.44059774E-04	 1.04063209E-03	 1.39443654E-09	 1.04699669E-09	-1.49301267E-10	-6.55115469E-10
 8.550000E-01	-1.17527170E-03	 7.72724946E-04	 8.31033392E-04	 1.26389972E-03	 1.51726256E-09	 1.26806082E-09	-7.67880600E-11	-5.90795707E-10
 8.600000E-01	-1.49395014E-03	 6.70530029E-04	 9.16893644E-04	 1.51282180E-03	 1.63017667E-09	 1.49197908E-09	 1.79366734E-11	-4.81550236E-10
 8.650000E-01	-1.86571724E-03	 5.14755195E-04	 9.99277740E-04	 1.78528117E-03	 1.73628606E-09	 1.71626171E-09	 1.29424547E-10	-3.35045915E-10
 8.700000E-01	-2.29629267E-03	 2.93899655E-04	 1.07518432E-03	 2.07727976E-03	 1.83541316E-09	 1.93165311E-09	 2.51653477E-10	-1.53251618E-10
 8.750000E-01	-2.79143273E-03	-4.51423080E-06	 1.14094724E-03	 2.38194756E-03	 1.90400631E-09	 2.11506938E-09	 3.97359723E-10	 9.04806278E-11
 8.800000E-01	-3.35677665E-03	-3.93182065E-04	 1.19251173E-03	 2.68869840E-03	 1.92459855E-09	 2.25382422E-09	 5.77778499E-10	 4.03431932E-10
 8.850000E-01	-3.99792843E-03	-8.84307813E-04	 1.22567470E-03	 2.98259197E-03	 1.92507041E-09	 2.36911326E-09	 7.77224481E-10	 7.32910026E-10
 8.900000E-01	-4.72047407E-03	-1.48896938E-03	 1.23584385E-03	 3.24359279E-03	 1.93078191E-09	 2.46639341E-09	 9.73849802E-10	 1.04048649E-09
 8.950000E-01	-5.52974875E-03	-2.21610939E-03	 1.21738104E-03	 3.44539076E-03	 1.89308141E-09	 2.48228023E-09	 1.17135826E-09	 1.36779019E-09
 9.000000E-01	-6.43021437E-03	-3.07112210E-03	 1.16228877E-03	 3.55387350E-03	 1.74231132E-09	 2.35622230E-09	 1.38732468E-09	 1.74674883E-09
 9.050000E-01	-7.42543922E-03	-4.05347106E-03	 1.06039393E-03	 3.52692175E-03	 1.48495930E-09	 2.12071900E-09	 1.62442524E-09	 2.11061848E-09
 9.100000E-01	-8.51606056E-03	-5.15175381E-03	 8.97867505E-04	 3.31450135E-03	 1.17437527E-09	 1.85081688E-09	 1.87030616E-09	 2.36177452E-09
 9.150000E-01	-9.70701282E-03	-6.34208420E-03	 6.66909965E-04	 2.86761621E-03	 8.26067766E-10	 1.57496251E-09	 2.11283496E-09	 2.45974021E-09
 9.200000E-01	-1.09823195E-02	-7.58241093E-03	 3.26719042E-04	 2.12312227E-03	 4.14699815E-10	 1.27579507E-09	 2.31963681E-09	 2.38371690E-09
 9.250000E-01	-1.23504081E-02	-8.81781722E-03	-1.29052486E-04	 1.04679258E-03	-1.04090432E-10	 9.18607097E-10	 2.43479179E-09	 2.10612803E-09
 9.300000E-01	-1.37551340E-02	-9.95907521E-03	-8.04688740E-04	-4.24983567E-04	-7.50283067E-10	 5.33081846E-10	 2.41481972E-09	 1.59467547E-09
 9.350000E-01	-1.50926147E-02	-1.09252703E-02	-1.87661838E-03	-2.28869283E-03	-1.47105794E-09	 2.56055918E-10	 2.23682545E-09	 8.48835105E-10
 9.400000E-01	-1.63647983E-02	-1.15905715E-02	-3.33247391E-03	-4.45554695E-03	-2.21405404E-09	 2.01705105E-10	 1.89801108E-09	-3.06554145E-11
 9.450000E-01	-1.76102526E-02	-1.17005074E-02	-5.07849723E-03	-6.91416159E-03	-2.96229582E-09	 4.46885039E-10	 1.31562977E-09	-9.85329841E-10
 9.500000E-01	-1.85929525E-02	-1.14600639E-02	-7.39544921E-03	-8.92009510E-03	-3.79624342E-09	 8.77404642E-10	 6.19661683E-10	-1.74738029E-09
 9.550000E-01	-1.87723597E-02	-1.03059106E-02	-1.04669125E-02	-1.08406996E-02	-4.02167018E-09	 1.32164220E-09	-7.19068535E-10	-2.17660802E-09
 9.600000E-01	-1.87469146E-02	-8.29509981E-03	-1.42357225E-02	-1.17835135E-02	-4.23503568E-09	 2.36993247E-09	-2.57900073E-09	-1.81877354E-09
 9.650000E-01	-1.67750220E-02	-8.82183130E-03	-1.60483743E-02	-1.34546044E-02	-3.31078052E-09	 1.25898287E-09	-3.45138307E-09	-2.75227205E-09
 9.700000E-01	-1.62446221E-02	-1.00759283E-02	-1.78900251E-02	-1.56193302E-02	-2.64995129E-09	-3.65617616E-10	-4.37422377E-09	-4.18429902E-09
 9.750000E-01	-1.58685557E-02	-5.23868694E-03	-1.49779973E-02	-1.04467527E-02	-1.74884170E-09	-5.33865607E-10	-3.26158323E-09	-3.32027272E-09
 9.800000E-01	-1.14406074E-02	 5.11518306E-03	-1.11107959E-02	-1.82419772E-03	-1.43964035E-09	 7.43397432E-10	-1.23107266E-09	-1.44701796E-09
 9.850000E-01	-2.30532562E-02	 2.96183599E-02	-1.16803653E-03	 3.43724010E-02	 7.93895421E-10	 5.26739777E-09	 3.45207942E-09	 2.07409780E-09
 9.900000E-01	 8.74988524E-03	 2.62195624E-02	-3.58573722E-03	 2.39536997E-02	 4.24441646E-09	 1.04989066E-09	 2.84989476E-09	 8.43453261E-10
 9.950000E-01	 1.19046771E-02	 2.51520889E-02	 1.54497965E-04	 2.78690396E-02	 4.58486694E-09	 5.95726990E-10	 3.59052632E-09	 9.30745779E-10
 1.000000E+00	 0.00000000E+00	 0.00000000E+00	 0.00000000E+00	 0.00000000E+00	 0.00000000E+00	 0.00000000E+00	 0.00000000E+00	 0.00000000E+00
