@R IP 1 []
  5.845844614e+05
@R BCENTR 1 []
  1.792385008e+00
@R RMAJOR 1 []
  1.765979106e+00
@R AMINOR 1 []
  4.602607189e-01
@R KAPPA 1 []
  1.656876353e+00
@R DELTA 1 []
  7.594075333e-01
@I NRHO 1 []
              101
@R RHOB 1 []
  5.812929715e-01
@R RHO 101 []
  0.000000000e+00  1.000000000e-02  2.000000000e-02  3.000000000e-02
  4.000000000e-02  5.000000000e-02  6.000000000e-02  7.000000000e-02
  8.000000000e-02  9.000000000e-02  1.000000000e-01  1.100000000e-01
  1.200000000e-01  1.300000000e-01  1.400000000e-01  1.500000000e-01
  1.600000000e-01  1.700000000e-01  1.800000000e-01  1.900000000e-01
  2.000000000e-01  2.100000000e-01  2.200000000e-01  2.300000000e-01
  2.400000000e-01  2.500000000e-01  2.600000000e-01  2.700000000e-01
  2.800000000e-01  2.900000000e-01  3.000000000e-01  3.100000000e-01
  3.200000000e-01  3.300000000e-01  3.400000000e-01  3.500000000e-01
  3.600000000e-01  3.700000000e-01  3.800000000e-01  3.900000000e-01
  4.000000000e-01  4.100000000e-01  4.200000000e-01  4.300000000e-01
  4.400000000e-01  4.500000000e-01  4.600000000e-01  4.700000000e-01
  4.800000000e-01  4.900000000e-01  5.000000000e-01  5.100000000e-01
  5.200000000e-01  5.300000000e-01  5.400000000e-01  5.500000000e-01
  5.600000000e-01  5.700000000e-01  5.800000000e-01  5.900000000e-01
  6.000000000e-01  6.100000000e-01  6.200000000e-01  6.300000000e-01
  6.400000000e-01  6.500000000e-01  6.600000000e-01  6.700000000e-01
  6.800000000e-01  6.900000000e-01  7.000000000e-01  7.100000000e-01
  7.200000000e-01  7.300000000e-01  7.400000000e-01  7.500000000e-01
  7.600000000e-01  7.700000000e-01  7.800000000e-01  7.900000000e-01
  8.000000000e-01  8.100000000e-01  8.200000000e-01  8.300000000e-01
  8.400000000e-01  8.500000000e-01  8.600000000e-01  8.700000000e-01
  8.800000000e-01  8.900000000e-01  9.000000000e-01  9.100000000e-01
  9.200000000e-01  9.300000000e-01  9.400000000e-01  9.500000000e-01
  9.600000000e-01  9.700000000e-01  9.800000000e-01  9.900000000e-01
  1.000000000e+00
@R VOLP 101 []
  0.000000000e+00  4.351517420e-01  8.701928107e-01  1.305012780e+00
  1.739502554e+00  2.173553992e+00  2.607060598e+00  3.039918905e+00
  3.472026904e+00  3.903285984e+00  4.333601540e+00  4.762880744e+00
  5.191036180e+00  5.617984114e+00  6.043643576e+00  6.467940192e+00
  6.890801916e+00  7.312160876e+00  7.731955679e+00  8.150126560e+00
  8.566618279e+00  8.981380557e+00  9.394363779e+00  9.805522552e+00
  1.021481830e+01  1.062221595e+01  1.102768224e+01  1.143117889e+01
  1.183266109e+01  1.223208582e+01  1.262941242e+01  1.302459892e+01
  1.341760594e+01  1.380839652e+01  1.419693091e+01  1.458317124e+01
  1.496708175e+01  1.534862472e+01  1.572776285e+01  1.610446139e+01
  1.647868344e+01  1.685039212e+01  1.721955360e+01  1.758613037e+01
  1.795008465e+01  1.831138178e+01  1.866998543e+01  1.902585621e+01
  1.937895704e+01  1.972925072e+01  2.007669639e+01  2.042125306e+01
  2.076288139e+01  2.110153888e+01  2.143718052e+01  2.176976365e+01
  2.209924184e+01  2.242556447e+01  2.274868284e+01  2.306854610e+01
  2.338509851e+01  2.369828324e+01  2.400804087e+01  2.431430788e+01
  2.461701646e+01  2.491609917e+01  2.521148199e+01  2.550308067e+01
  2.579080935e+01  2.607457691e+01  2.635428542e+01  2.662982481e+01
  2.690107664e+01  2.716791793e+01  2.743020919e+01  2.768779285e+01
  2.794048983e+01  2.818809208e+01  2.843036068e+01  2.866701632e+01
  2.889773538e+01  2.912214184e+01  2.933977618e+01  2.955007942e+01
  2.975235989e+01  2.994575449e+01  3.012923385e+01  3.030156426e+01
  3.046115895e+01  3.060601776e+01  3.073367097e+01  3.084102730e+01
  3.092467715e+01  3.098063045e+01  3.100473111e+01  3.099092131e+01
  3.093446124e+01  3.081124622e+01  3.060884399e+01  3.016516658e+01
  2.928450479e+01
@R IPOL 101 []
  9.950146077e-01  9.950203121e-01  9.950373865e-01  9.950657153e-01
  9.951051063e-01  9.951552936e-01  9.952159392e-01  9.952866366e-01
  9.953669142e-01  9.954562399e-01  9.955540260e-01  9.956596350e-01
  9.957723865e-01  9.958915625e-01  9.960164124e-01  9.961461639e-01
  9.962800315e-01  9.964172205e-01  9.965569337e-01  9.966983821e-01
  9.968407943e-01  9.969834188e-01  9.971255252e-01  9.972664365e-01
  9.974055270e-01  9.975420330e-01  9.976752154e-01  9.978047606e-01
  9.979305048e-01  9.980522434e-01  9.981698059e-01  9.982830356e-01
  9.983917951e-01  9.984959622e-01  9.985954310e-01  9.986901165e-01
  9.987799423e-01  9.988648552e-01  9.989448157e-01  9.990197963e-01
  9.990897894e-01  9.991547973e-01  9.992148396e-01  9.992699488e-01
  9.993201689e-01  9.993655594e-01  9.994061907e-01  9.994421438e-01
  9.994735114e-01  9.995003980e-01  9.995229184e-01  9.995411950e-01
  9.995553587e-01  9.995655511e-01  9.995719200e-01  9.995746224e-01
  9.995738173e-01  9.995696748e-01  9.995623676e-01  9.995520701e-01
  9.995389694e-01  9.995232470e-01  9.995050914e-01  9.994846931e-01
  9.994622460e-01  9.994379424e-01  9.994119778e-01  9.993845476e-01
  9.993558483e-01  9.993260765e-01  9.992954317e-01  9.992641117e-01
  9.992323188e-01  9.992002619e-01  9.991681546e-01  9.991362283e-01
  9.991047280e-01  9.990739293e-01  9.990441534e-01  9.990157808e-01
  9.989892738e-01  9.989652206e-01  9.989443610e-01  9.989276282e-01
  9.989161853e-01  9.989114322e-01  9.989149806e-01  9.989285822e-01
  9.989540305e-01  9.989930551e-01  9.990472456e-01  9.991179271e-01
  9.992057454e-01  9.993098676e-01  9.994268618e-01  9.995502783e-01
  9.996714140e-01  9.997816552e-01  9.998763475e-01  9.999499979e-01
  9.999968770e-01
@R G11 101 []
  0.000000000e+00  4.308091439e-01  8.616006119e-01  1.292598004e+00
  1.723935668e+00  2.155621541e+00  2.587644729e+00  3.020117688e+00
  3.453243964e+00  3.887058745e+00  4.321531814e+00  4.756813774e+00
  5.192975886e+00  5.630009210e+00  6.068000984e+00  6.507016018e+00
  6.947091747e+00  7.388295118e+00  7.830624178e+00  8.274141210e+00
  8.718891806e+00  9.164879582e+00  9.612160976e+00  1.006076651e+01
  1.051070354e+01  1.096200352e+01  1.141468984e+01  1.186879330e+01
  1.232436924e+01  1.278147554e+01  1.324017744e+01  1.370053212e+01
  1.416256607e+01  1.462634038e+01  1.509197722e+01  1.555947111e+01
  1.602888729e+01  1.650037164e+01  1.697389131e+01  1.744960624e+01
  1.792754296e+01  1.840781665e+01  1.889050806e+01  1.937567516e+01
  1.986350300e+01  2.035396637e+01  2.084732686e+01  2.134359682e+01
  2.184288571e+01  2.234548681e+01  2.285136764e+01  2.336071032e+01
  2.387383079e+01  2.439076202e+01  2.491167055e+01  2.543687355e+01
  2.596661637e+01  2.650103170e+01  2.704035493e+01  2.758498107e+01
  2.813524403e+01  2.869142211e+01  2.925377329e+01  2.982278190e+01
  3.039896409e+01  3.098281804e+01  3.157473723e+01  3.217522107e+01
  3.278506639e+01  3.340503690e+01  3.403598200e+01  3.467851365e+01
  3.533357866e+01  3.600254916e+01  3.668683478e+01  3.738739172e+01
  3.810564847e+01  3.884421623e+01  3.960526241e+01  4.039029981e+01
  4.120296838e+01  4.204773982e+01  4.292649884e+01  4.384679596e+01
  4.481394627e+01  4.583553281e+01  4.692302330e+01  4.808728580e+01
  4.934441795e+01  5.071888282e+01  5.223238767e+01  5.393209687e+01
  5.587210121e+01  5.809965935e+01  6.075704646e+01  6.395211009e+01
  6.812191276e+01  7.302345140e+01  8.344200372e+01  1.168040849e+02
  2.604586434e+02
@R G22 101 []
  0.000000000e+00  5.783349579e-03  1.156660088e-02  1.735289722e-02
  2.314418979e-02  2.894072850e-02  3.474251812e-02  4.055123605e-02
  4.636977206e-02  5.219877551e-02  5.803803218e-02  6.388974173e-02
  6.975508017e-02  7.563414384e-02  8.152831306e-02  8.743872141e-02
  9.336611190e-02  9.931163344e-02  1.052755547e-01  1.112589808e-01
  1.172628158e-01  1.232874221e-01  1.293338275e-01  1.354027531e-01
  1.414946750e-01  1.476103541e-01  1.537504342e-01  1.599156307e-01
  1.661068834e-01  1.723251709e-01  1.785716115e-01  1.848471864e-01
  1.911524989e-01  1.974886360e-01  2.038574551e-01  2.102591369e-01
  2.166948389e-01  2.231667472e-01  2.296746565e-01  2.362210257e-01
  2.428064461e-01  2.494327061e-01  2.561011966e-01  2.628129473e-01
  2.695706912e-01  2.763743713e-01  2.832278068e-01  2.901313917e-01
  2.970868826e-01  3.040985349e-01  3.111661312e-01  3.182924054e-01
  3.254819401e-01  3.327354021e-01  3.400552935e-01  3.474462383e-01
  3.549118075e-01  3.624539885e-01  3.700762706e-01  3.777843115e-01
  3.855828548e-01  3.934759155e-01  4.014672734e-01  4.095637503e-01
  4.177725669e-01  4.261008042e-01  4.345540597e-01  4.431392626e-01
  4.518674851e-01  4.607493864e-01  4.697967850e-01  4.790181168e-01
  4.884264613e-01  4.980408610e-01  5.078807193e-01  5.179590332e-01
  5.282952310e-01  5.389248784e-01  5.498772252e-01  5.611721830e-01
  5.728588759e-01  5.849975201e-01  5.976111602e-01  6.108002208e-01
  6.246318817e-01  6.392026851e-01  6.546621391e-01  6.711505077e-01
  6.888762617e-01  7.081586997e-01  7.292702293e-01  7.528269207e-01
  7.795407425e-01  8.100287062e-01  8.462489968e-01  8.896961673e-01
  9.465355411e-01  1.013289926e+00  1.156654559e+00  1.616773094e+00
  3.608766739e+00
@R G33 101 []
  9.359186346e-01  9.359528795e-01  9.360559245e-01  9.362276687e-01
  9.364676655e-01  9.367757329e-01  9.371515685e-01  9.375944776e-01
  9.381040954e-01  9.386797835e-01  9.393206710e-01  9.400262261e-01
  9.407954799e-01  9.416274986e-01  9.425215255e-01  9.434763692e-01
  9.444911193e-01  9.455648318e-01  9.466962474e-01  9.478844281e-01
  9.491283507e-01  9.504268661e-01  9.517791603e-01  9.531843021e-01
  9.546410091e-01  9.561481852e-01  9.577048990e-01  9.593105354e-01
  9.609650618e-01  9.626684486e-01  9.644205393e-01  9.662213813e-01
  9.680708946e-01  9.699689066e-01  9.719155185e-01  9.739107495e-01
  9.759545465e-01  9.780470375e-01  9.801883625e-01  9.823785522e-01
  9.846178043e-01  9.869063556e-01  9.892442900e-01  9.916319376e-01
  9.940696656e-01  9.965576828e-01  9.990963246e-01  1.001686095e+00
  1.004327402e+00  1.007020661e+00  1.009766494e+00  1.012565533e+00
  1.015418338e+00  1.018325629e+00  1.021288248e+00  1.024306932e+00
  1.027382596e+00  1.030516348e+00  1.033709206e+00  1.036962289e+00
  1.040276924e+00  1.043654492e+00  1.047096478e+00  1.050604542e+00
  1.054180522e+00  1.057826234e+00  1.061543771e+00  1.065335639e+00
  1.069204414e+00  1.073152864e+00  1.077184039e+00  1.081301468e+00
  1.085509005e+00  1.089810672e+00  1.094211138e+00  1.098715768e+00
  1.103330749e+00  1.108063368e+00  1.112922065e+00  1.117916776e+00
  1.123059068e+00  1.128362408e+00  1.133843345e+00  1.139522081e+00
  1.145423742e+00  1.151579927e+00  1.158028602e+00  1.164815830e+00
  1.172001862e+00  1.179664008e+00  1.187899576e+00  1.196832996e+00
  1.206606181e+00  1.217391871e+00  1.229381837e+00  1.242860642e+00
  1.258083272e+00  1.276131139e+00  1.297689739e+00  1.330115082e+00
  1.383889844e+00
@R GRADRHO 101 []
  9.985122815e-01  9.915684377e-01  9.915914172e-01  9.917265745e-01
  9.919500133e-01  9.922224286e-01  9.925264276e-01  9.928798109e-01
  9.933030318e-01  9.937840813e-01  9.943081727e-01  9.948859077e-01
  9.955172828e-01  9.961936320e-01  9.969160756e-01  9.976854641e-01
  9.984999374e-01  9.993587654e-01  1.000257489e+00  1.001196858e+00
  1.002176324e+00  1.003192601e+00  1.004245258e+00  1.005333656e+00
  1.006456129e+00  1.007611093e+00  1.008797149e+00  1.010014176e+00
  1.011262416e+00  1.012541718e+00  1.013852535e+00  1.015195183e+00
  1.016568733e+00  1.017973219e+00  1.019410700e+00  1.020879273e+00
  1.022379265e+00  1.023912944e+00  1.025477247e+00  1.027075454e+00
  1.028706181e+00  1.030370408e+00  1.032068461e+00  1.033800015e+00
  1.035567743e+00  1.037368629e+00  1.039207232e+00  1.041081601e+00
  1.042992022e+00  1.044942899e+00  1.046930896e+00  1.048957788e+00
  1.051027845e+00  1.053138652e+00  1.055290992e+00  1.057488643e+00
  1.059733179e+00  1.062023628e+00  1.064361285e+00  1.066750165e+00
  1.069192340e+00  1.071688617e+00  1.074239354e+00  1.076848453e+00
  1.079519668e+00  1.082256128e+00  1.085058595e+00  1.087928866e+00
  1.090873040e+00  1.093895987e+00  1.097002974e+00  1.100194247e+00
  1.103474549e+00  1.106854083e+00  1.110341782e+00  1.113937829e+00
  1.117647830e+00  1.121492365e+00  1.125482355e+00  1.129616545e+00
  1.133920078e+00  1.138423951e+00  1.143118018e+00  1.148060509e+00
  1.153268010e+00  1.158775988e+00  1.164653011e+00  1.170938844e+00
  1.177710166e+00  1.185103273e+00  1.193156019e+00  1.202123091e+00
  1.212220147e+00  1.223419804e+00  1.236490506e+00  1.251303718e+00
  1.270629517e+00  1.288388167e+00  1.340696336e+00  1.510471334e+00
  2.040860243e+00
@R AREA 101 []
  0.000000000e+00  4.314216798e-01  8.628580565e-01  1.294244482e+00
  1.725521677e+00  2.156644700e+00  2.587593285e+00  3.018342453e+00
  3.448855190e+00  3.879091244e+00  4.309023331e+00  4.738623079e+00
  5.167858240e+00  5.596699173e+00  6.025120797e+00  6.453096531e+00
  6.880600423e+00  7.307606992e+00  7.734094171e+00  8.160040916e+00
  8.585425610e+00  9.010228506e+00  9.434432020e+00  9.858019097e+00
  1.028097300e+01  1.070327870e+01  1.112492318e+01  1.154589401e+01
  1.196617851e+01  1.238576471e+01  1.280464142e+01  1.322279749e+01
  1.364022199e+01  1.405690505e+01  1.447283706e+01  1.488800844e+01
  1.530241083e+01  1.571603550e+01  1.612887489e+01  1.654092233e+01
  1.695216988e+01  1.736261239e+01  1.777224331e+01  1.818105855e+01
  1.858905245e+01  1.899622159e+01  1.940256290e+01  1.980807281e+01
  2.021275015e+01  2.061659292e+01  2.101960031e+01  2.142177325e+01
  2.182311194e+01  2.222361775e+01  2.262329425e+01  2.302214478e+01
  2.342017347e+01  2.381738586e+01  2.421378972e+01  2.460939299e+01
  2.500420487e+01  2.539823613e+01  2.579149989e+01  2.618401103e+01
  2.657578573e+01  2.696684230e+01  2.735720136e+01  2.774688726e+01
  2.813592687e+01  2.852434970e+01  2.891218860e+01  2.929948071e+01
  2.968626965e+01  3.007260255e+01  3.045853167e+01  3.084411573e+01
  3.122942451e+01  3.161453379e+01  3.199952725e+01  3.238450268e+01
  3.276957431e+01  3.315486495e+01  3.354051992e+01  3.392671172e+01
  3.431362522e+01  3.470149661e+01  3.509058637e+01  3.548122224e+01
  3.587380097e+01  3.626881903e+01  3.666690075e+01  3.706889837e+01
  3.747586875e+01  3.788937123e+01  3.831161476e+01  3.874580038e+01
  3.919711434e+01  3.967417497e+01  4.019361658e+01  4.077030178e+01
  4.150654118e+01
@R A 101 []
  0.000000000e+00  5.261257269e-03  1.052243807e-02  1.578292491e-02
  2.104245977e-02  2.630083305e-02  3.155761826e-02  3.681259288e-02
  4.206543405e-02  4.731577888e-02  5.256338215e-02  5.780789140e-02
  6.304899701e-02  6.828646449e-02  7.351995177e-02  7.874915741e-02
  8.397383324e-02  8.919364238e-02  9.440831483e-02  9.961756335e-02
  1.048210499e-01  1.100185473e-01  1.152097452e-01  1.203943182e-01
  1.255720274e-01  1.307425573e-01  1.359055858e-01  1.410608595e-01
  1.462080927e-01  1.513469874e-01  1.564772633e-01  1.615986081e-01
  1.667107196e-01  1.718133234e-01  1.769060996e-01  1.819887232e-01
  1.870609163e-01  1.921223521e-01  1.971726878e-01  2.022116205e-01
  2.072388113e-01  2.122539164e-01  2.172565865e-01  2.222464843e-01
  2.272232271e-01  2.321864599e-01  2.371358085e-01  2.420708638e-01
  2.469912436e-01  2.518965410e-01  2.567863200e-01  2.616601533e-01
  2.665176040e-01  2.713582007e-01  2.761814644e-01  2.809869138e-01
  2.857740397e-01  2.905423000e-01  2.952911562e-01  3.000200523e-01
  3.047283899e-01  3.094155396e-01  3.140808767e-01  3.187237425e-01
  3.233434283e-01  3.279392009e-01  3.325103014e-01  3.370559376e-01
  3.415752608e-01  3.460673897e-01  3.505313937e-01  3.549662813e-01
  3.593710277e-01  3.637445385e-01  3.680856408e-01  3.723930793e-01
  3.766655463e-01  3.809016196e-01  3.850997505e-01  3.892583032e-01
  3.933755710e-01  3.974496208e-01  4.014783956e-01  4.054597202e-01
  4.093909051e-01  4.132690209e-01  4.170907117e-01  4.208522959e-01
  4.245495924e-01  4.281779416e-01  4.317318398e-01  4.352051569e-01
  4.385902110e-01  4.418779686e-01  4.450560542e-01  4.481080066e-01
  4.510136416e-01  4.537464201e-01  4.562651751e-01  4.584026204e-01
  4.598878765e-01
@R RTOR 101 []
  1.825435591e+00  1.825424197e+00  1.825389774e+00  1.825332311e+00
  1.825252039e+00  1.825149091e+00  1.825023543e+00  1.824875691e+00
  1.824705744e+00  1.824513926e+00  1.824300624e+00  1.824066114e+00
  1.823810764e+00  1.823535017e+00  1.823239222e+00  1.822923864e+00
  1.822589420e+00  1.822236321e+00  1.821865114e+00  1.821476307e+00
  1.821070392e+00  1.820647939e+00  1.820209481e+00  1.819755523e+00
  1.819286647e+00  1.818803403e+00  1.818306316e+00  1.817795963e+00
  1.817272856e+00  1.816737457e+00  1.816190218e+00  1.815631537e+00
  1.815061785e+00  1.814481358e+00  1.813890609e+00  1.813289871e+00
  1.812679499e+00  1.812059815e+00  1.811431126e+00  1.810793762e+00
  1.810148031e+00  1.809494219e+00  1.808832641e+00  1.808163595e+00
  1.807487358e+00  1.806804227e+00  1.806114499e+00  1.805418449e+00
  1.804716359e+00  1.804008526e+00  1.803295226e+00  1.802576731e+00
  1.801853337e+00  1.801125326e+00  1.800392966e+00  1.799656550e+00
  1.798916367e+00  1.798172692e+00  1.797425810e+00  1.796676020e+00
  1.795923608e+00  1.795168858e+00  1.794412076e+00  1.793653562e+00
  1.792893610e+00  1.792132526e+00  1.791370634e+00  1.790608244e+00
  1.789845670e+00  1.789083246e+00  1.788321311e+00  1.787560201e+00
  1.786800256e+00  1.786041847e+00  1.785285348e+00  1.784531130e+00
  1.783779572e+00  1.783031060e+00  1.782285994e+00  1.781544777e+00
  1.780807808e+00  1.780075535e+00  1.779348407e+00  1.778626844e+00
  1.777911243e+00  1.777201790e+00  1.776498642e+00  1.775802055e+00
  1.775112376e+00  1.774429905e+00  1.773755155e+00  1.773088833e+00
  1.772431822e+00  1.771785036e+00  1.771149236e+00  1.770526676e+00
  1.769921385e+00  1.769339541e+00  1.768791425e+00  1.768317453e+00
  1.767984070e+00
@R SHIFT 101 []
  5.945648479e-02  5.944509065e-02  5.941066754e-02  5.935320504e-02
  5.927293343e-02  5.916998464e-02  5.904443709e-02  5.889658452e-02
  5.872663818e-02  5.853481978e-02  5.832151781e-02  5.808700806e-02
  5.783165767e-02  5.755591119e-02  5.726011627e-02  5.694475812e-02
  5.661031427e-02  5.625721524e-02  5.588600783e-02  5.549720075e-02
  5.509128619e-02  5.466883315e-02  5.423037473e-02  5.377641724e-02
  5.330754080e-02  5.282429742e-02  5.232721017e-02  5.181685677e-02
  5.129374981e-02  5.075835077e-02  5.021111242e-02  4.965243112e-02
  4.908267874e-02  4.850225150e-02  4.791150297e-02  4.731076496e-02
  4.670039255e-02  4.608070904e-02  4.545201988e-02  4.481465588e-02
  4.416892519e-02  4.351511300e-02  4.285353459e-02  4.218448875e-02
  4.150825167e-02  4.082512081e-02  4.013539342e-02  3.943934275e-02
  3.873725280e-02  3.802942004e-02  3.731611985e-02  3.659762478e-02
  3.587423064e-02  3.514622008e-02  3.441386034e-02  3.367744420e-02
  3.293726132e-02  3.219358594e-02  3.144670435e-02  3.069691404e-02
  2.994450182e-02  2.918975216e-02  2.843296950e-02  2.767445587e-02
  2.691450355e-02  2.615342033e-02  2.539152812e-02  2.462913822e-02
  2.386656424e-02  2.310414008e-02  2.234220462e-02  2.158109483e-02
  2.082115027e-02  2.006274139e-02  1.930624158e-02  1.855202375e-02
  1.780046577e-02  1.705195444e-02  1.630688791e-02  1.556567063e-02
  1.482870213e-02  1.409642856e-02  1.336930081e-02  1.264773839e-02
  1.193213707e-02  1.122268424e-02  1.051953645e-02  9.822949331e-03
  9.133270423e-03  8.450798602e-03  7.776049173e-03  7.109727287e-03
  6.452715608e-03  5.805929911e-03  5.170130053e-03  4.547569689e-03
  3.942279278e-03  3.360434906e-03  2.812318699e-03  2.338346622e-03
  2.004964455e-03
@R ELONG 101 []
  1.267796294e+00  1.267833524e+00  1.267945216e+00  1.268051599e+00
  1.268130952e+00  1.268197228e+00  1.268293857e+00  1.268415015e+00
  1.268551010e+00  1.268701738e+00  1.268873706e+00  1.269068262e+00
  1.269282060e+00  1.269514286e+00  1.269769831e+00  1.270048727e+00
  1.270348652e+00  1.270671315e+00  1.271019013e+00  1.271392125e+00
  1.271790604e+00  1.272214910e+00  1.272667295e+00  1.273148676e+00
  1.273658227e+00  1.274197620e+00  1.274768943e+00  1.275372448e+00
  1.276008159e+00  1.276677339e+00  1.277381080e+00  1.278120000e+00
  1.278894381e+00  1.279705225e+00  1.280553736e+00  1.281440591e+00
  1.282366063e+00  1.283331447e+00  1.284338015e+00  1.285386397e+00
  1.286477307e+00  1.287612260e+00  1.288792420e+00  1.290018734e+00
  1.291292328e+00  1.292614735e+00  1.293987355e+00  1.295411491e+00
  1.296888567e+00  1.298420345e+00  1.300008580e+00  1.301654902e+00
  1.303361087e+00  1.305129314e+00  1.306961727e+00  1.308860329e+00
  1.310827482e+00  1.312865854e+00  1.314978063e+00  1.317166733e+00
  1.319434955e+00  1.321786024e+00  1.324223240e+00  1.326750140e+00
  1.329370726e+00  1.332089175e+00  1.334909843e+00  1.337837496e+00
  1.340877389e+00  1.344035044e+00  1.347316392e+00  1.350727964e+00
  1.354276852e+00  1.357970662e+00  1.361817688e+00  1.365827060e+00
  1.370008861e+00  1.374374110e+00  1.378934839e+00  1.383704350e+00
  1.388697462e+00  1.393930692e+00  1.399422595e+00  1.405194059e+00
  1.411268788e+00  1.417674192e+00  1.424441702e+00  1.431608908e+00
  1.439218465e+00  1.447320378e+00  1.455977411e+00  1.465270912e+00
  1.475303361e+00  1.486209989e+00  1.498170033e+00  1.511455033e+00
  1.526492062e+00  1.543925093e+00  1.564979476e+00  1.591353024e+00
  1.631132195e+00
@R TRIAG 101 []
  0.000000000e+00  3.179678085e-03  5.731334775e-03  8.277870315e-03
  1.083198871e-02  1.339159027e-02  1.595125967e-02  1.851447421e-02
  2.108149100e-02  2.365205355e-02  2.622764723e-02  2.880744534e-02
  3.139264203e-02  3.398469383e-02  3.658250557e-02  3.918709382e-02
  4.179931153e-02  4.441908407e-02  4.704724784e-02  4.968434951e-02
  5.233099449e-02  5.498846679e-02  5.765766792e-02  6.033931423e-02
  6.303471678e-02  6.574475365e-02  6.846998431e-02  7.121136436e-02
  7.396952830e-02  7.674585179e-02  7.954203392e-02  8.235940554e-02
  8.519923743e-02  8.806321828e-02  9.095278134e-02  9.386933096e-02
  9.681445418e-02  9.978971767e-02  1.027966520e-01  1.058369351e-01
  1.089121742e-01  1.120239839e-01  1.151742092e-01  1.183646098e-01
  1.215970034e-01  1.248739149e-01  1.281975436e-01  1.315699253e-01
  1.349932048e-01  1.384697838e-01  1.420018049e-01  1.455917336e-01
  1.492421444e-01  1.529558613e-01  1.567355277e-01  1.605842091e-01
  1.645051364e-01  1.685014885e-01  1.725767000e-01  1.767345697e-01
  1.809791918e-01  1.853146595e-01  1.897456044e-01  1.942768930e-01
  1.989136273e-01  2.036612240e-01  2.085256265e-01  2.135132720e-01
  2.186311761e-01  2.238870022e-01  2.292889714e-01  2.348459097e-01
  2.405676842e-01  2.464653370e-01  2.525511830e-01  2.588389463e-01
  2.653424126e-01  2.720762103e-01  2.791100567e-01  2.864311215e-01
  2.940476769e-01  3.019859744e-01  3.102733116e-01  3.189391582e-01
  3.280199422e-01  3.375697684e-01  3.476557580e-01  3.583479814e-01
  3.697256750e-01  3.818943863e-01  3.950105619e-01  4.092794489e-01
  4.249061164e-01  4.421705847e-01  4.615856118e-01  4.839643346e-01
  5.103211073e-01  5.421147749e-01  5.824445920e-01  6.358413194e-01
  7.185356719e-01
@R PMHD 101 []
  7.368774120e+04  7.365551225e+04  7.355894541e+04  7.339839972e+04
  7.317447054e+04  7.288798489e+04  7.253999511e+04  7.213177080e+04
  7.166478905e+04  7.114072322e+04  7.056143032e+04  6.992893595e+04
  6.924541575e+04  6.851317750e+04  6.773464972e+04  6.691236509e+04
  6.604893472e+04  6.514703253e+04  6.420938212e+04  6.323873312e+04
  6.223783658e+04  6.120942303e+04  6.015622140e+04  5.908086301e+04
  5.798589507e+04  5.687423165e+04  5.574875468e+04  5.461134207e+04
  5.346353244e+04  5.230697704e+04  5.114326626e+04  4.997397528e+04
  4.880064899e+04  4.762480515e+04  4.644793181e+04  4.527148683e+04
  4.409689316e+04  4.292554206e+04  4.175878967e+04  4.059795396e+04
  3.944431866e+04  3.829912511e+04  3.716357976e+04  3.603884431e+04
  3.492604351e+04  3.382625772e+04  3.274052562e+04  3.166984316e+04
  3.061516118e+04  2.957738846e+04  2.855738772e+04  2.755597668e+04
  2.657392863e+04  2.561197111e+04  2.467078534e+04  2.375100760e+04
  2.285322782e+04  2.197799054e+04  2.112579336e+04  2.029708949e+04
  1.949228549e+04  1.871174272e+04  1.795577662e+04  1.722465723e+04
  1.651860980e+04  1.583781307e+04  1.518240071e+04  1.455245952e+04
  1.394802934e+04  1.336910222e+04  1.281561885e+04  1.228746656e+04
  1.178447456e+04  1.130640669e+04  1.085295223e+04  1.042371105e+04
  1.001817114e+04  9.635683348e+03  9.275415299e+03  8.936295155e+03
  8.616937854e+03  8.315542960e+03  8.029776564e+03  7.756647761e+03
  7.492403576e+03  7.232459846e+03  6.971475104e+03  6.703528560e+03
  6.422401500e+03  6.121850854e+03  5.795841294e+03  5.438895477e+03
  5.047360755e+03  4.621902688e+03  4.171172839e+03  3.713458393e+03
  3.274627548e+03  2.880783513e+03  2.545834062e+03  2.287425488e+03
  2.123971007e+03
@R QMHD 101 []
  1.170959631e+00  1.171114292e+00  1.171578233e+00  1.172351333e+00
  1.173433400e+00  1.174824182e+00  1.176523386e+00  1.178530700e+00
  1.180845822e+00  1.183468487e+00  1.186398316e+00  1.189631019e+00
  1.193156403e+00  1.196969634e+00  1.201078374e+00  1.205480832e+00
  1.210167016e+00  1.215143184e+00  1.220414821e+00  1.225978185e+00
  1.231826294e+00  1.237968967e+00  1.244408539e+00  1.251143729e+00
  1.258175271e+00  1.265506988e+00  1.273144196e+00  1.281088242e+00
  1.289341645e+00  1.297914798e+00  1.306814995e+00  1.316044556e+00
  1.325609333e+00  1.335520969e+00  1.345786869e+00  1.356412897e+00
  1.367407877e+00  1.378783717e+00  1.390550185e+00  1.402716405e+00
  1.415292409e+00  1.428293333e+00  1.441731070e+00  1.455617073e+00
  1.469964982e+00  1.484792702e+00  1.500115254e+00  1.515947242e+00
  1.532307536e+00  1.549216710e+00  1.566693571e+00  1.584757473e+00
  1.603432563e+00  1.622743755e+00  1.642715413e+00  1.663373818e+00
  1.684749342e+00  1.706872482e+00  1.729775656e+00  1.753493692e+00
  1.778065292e+00  1.803531176e+00  1.829933612e+00  1.857319327e+00
  1.885739091e+00  1.915247401e+00  1.945902547e+00  1.977768704e+00
  2.010915047e+00  2.045416330e+00  2.081353266e+00  2.118816828e+00
  2.157907066e+00  2.198733148e+00  2.241415833e+00  2.286090524e+00
  2.332907547e+00  2.382035403e+00  2.433661887e+00  2.488000796e+00
  2.545304458e+00  2.605861116e+00  2.670010095e+00  2.738167998e+00
  2.810821062e+00  2.888566708e+00  2.972154291e+00  3.062476687e+00
  3.160637224e+00  3.268038300e+00  3.386494485e+00  3.518478082e+00
  3.667405543e+00  3.838149626e+00  4.037517259e+00  4.279224197e+00
  4.562439625e+00  4.999751017e+00  5.351569781e+00  7.024692041e+00
  1.043797320e+01
@R ER 101 []
  0.000000000e+00  0.000000000e+00  0.000000000e+00  0.000000000e+00
  0.000000000e+00  0.000000000e+00  0.000000000e+00  0.000000000e+00
  0.000000000e+00  0.000000000e+00  0.000000000e+00  0.000000000e+00
  0.000000000e+00  0.000000000e+00  0.000000000e+00  0.000000000e+00
  0.000000000e+00  0.000000000e+00  0.000000000e+00  0.000000000e+00
  0.000000000e+00  0.000000000e+00  0.000000000e+00  0.000000000e+00
  0.000000000e+00  0.000000000e+00  0.000000000e+00  0.000000000e+00
  0.000000000e+00  0.000000000e+00  0.000000000e+00  0.000000000e+00
  0.000000000e+00  0.000000000e+00  0.000000000e+00  0.000000000e+00
  0.000000000e+00  0.000000000e+00  0.000000000e+00  0.000000000e+00
  0.000000000e+00  0.000000000e+00  0.000000000e+00  0.000000000e+00
  0.000000000e+00  0.000000000e+00  0.000000000e+00  0.000000000e+00
  0.000000000e+00  0.000000000e+00  0.000000000e+00  0.000000000e+00
  0.000000000e+00  0.000000000e+00  0.000000000e+00  0.000000000e+00
  0.000000000e+00  0.000000000e+00  0.000000000e+00  0.000000000e+00
  0.000000000e+00  0.000000000e+00  0.000000000e+00  0.000000000e+00
  0.000000000e+00  0.000000000e+00  0.000000000e+00  0.000000000e+00
  0.000000000e+00  0.000000000e+00  0.000000000e+00  0.000000000e+00
  0.000000000e+00  0.000000000e+00  0.000000000e+00  0.000000000e+00
  0.000000000e+00  0.000000000e+00  0.000000000e+00  0.000000000e+00
  0.000000000e+00  0.000000000e+00  0.000000000e+00  0.000000000e+00
  0.000000000e+00  0.000000000e+00  0.000000000e+00  0.000000000e+00
  0.000000000e+00  0.000000000e+00  0.000000000e+00  0.000000000e+00
  0.000000000e+00  0.000000000e+00  0.000000000e+00  0.000000000e+00
  0.000000000e+00  0.000000000e+00  0.000000000e+00  0.000000000e+00
  0.000000000e+00
@R NC1 101 []
  9.985000576e-01  9.329270971e-01  9.080811522e-01  8.900706963e-01
  8.755597700e-01  8.632627040e-01  8.525225614e-01  8.429508643e-01
  8.342962278e-01  8.263837884e-01  8.190863701e-01  8.123092080e-01
  8.059783948e-01  8.000351546e-01  7.944320593e-01  7.891300600e-01
  7.840969305e-01  7.793051227e-01  7.747309703e-01  7.703545888e-01
  7.661586977e-01  7.621278639e-01  7.582488147e-01  7.545100042e-01
  7.509006405e-01  7.474111489e-01  7.440332017e-01  7.407596756e-01
  7.375846075e-01  7.345024663e-01  7.315080910e-01  7.285969903e-01
  7.257648588e-01  7.230075513e-01  7.203215238e-01  7.177035054e-01
  7.151503298e-01  7.126590912e-01  7.102271570e-01  7.078521141e-01
  7.055317079e-01  7.032637774e-01  7.010463092e-01  6.988775894e-01
  6.967559788e-01  6.946797715e-01  6.926475319e-01  6.906580170e-01
  6.887099349e-01  6.868020569e-01  6.849333813e-01  6.831029990e-01
  6.813099265e-01  6.795533287e-01  6.778325245e-01  6.761467967e-01
  6.744955197e-01  6.728781693e-01  6.712942751e-01  6.697434169e-01
  6.682252194e-01  6.667393994e-01  6.652857284e-01  6.638640525e-01
  6.624742759e-01  6.611163011e-01  6.597901787e-01  6.584960410e-01
  6.572340525e-01  6.560044931e-01  6.548076733e-01  6.536440608e-01
  6.525141668e-01  6.514185533e-01  6.503580289e-01  6.493334647e-01
  6.483459990e-01  6.473971123e-01  6.464884532e-01  6.456222705e-01
  6.448010319e-01  6.440274650e-01  6.433055297e-01  6.426395201e-01
  6.420347261e-01  6.414992133e-01  6.410414138e-01  6.406706767e-01
  6.404015270e-01  6.402513964e-01  6.402395913e-01  6.403943029e-01
  6.407444652e-01  6.413193391e-01  6.421481872e-01  6.432657767e-01
  6.447182659e-01  6.466779592e-01  6.493033186e-01  6.538032594e-01
  6.625434788e-01
@R HFAC1 101 []
  1.000000000e+00  9.971268609e-01  9.942718909e-01  9.914353383e-01
  9.886171930e-01  9.858174876e-01  9.830362580e-01  9.802733296e-01
  9.775286994e-01  9.748022217e-01  9.720936379e-01  9.694028573e-01
  9.667295619e-01  9.640734456e-01  9.614342734e-01  9.588116318e-01
  9.562052201e-01  9.536147041e-01  9.510396209e-01  9.484796497e-01
  9.459344424e-01  9.434035593e-01  9.408867398e-01  9.383836808e-01
  9.358938531e-01  9.334168621e-01  9.309524106e-01  9.285003377e-01
  9.260607777e-01  9.236338462e-01  9.212195725e-01  9.188180782e-01
  9.164293904e-01  9.140534736e-01  9.116904478e-01  9.093403782e-01
  9.070032725e-01  9.046792353e-01  9.023683733e-01  9.000707427e-01
  8.977864821e-01  8.955157303e-01  8.932585771e-01  8.910152228e-01
  8.887858972e-01  8.865707332e-01  8.843699513e-01  8.821838615e-01
  8.800127102e-01  8.778567706e-01  8.757164213e-01  8.735920453e-01
  8.714839940e-01  8.693927180e-01  8.673187239e-01  8.652624736e-01
  8.632245343e-01  8.612055631e-01  8.592061865e-01  8.572270926e-01
  8.552690701e-01  8.533329580e-01  8.514196343e-01  8.495300807e-01
  8.476653794e-01  8.458266050e-01  8.440149814e-01  8.422319085e-01
  8.404788474e-01  8.387573750e-01  8.370691888e-01  8.354162207e-01
  8.338005293e-01  8.322242812e-01  8.306899765e-01  8.292003862e-01
  8.277586417e-01  8.263683818e-01  8.250336856e-01  8.237593166e-01
  8.225506265e-01  8.214137027e-01  8.203560457e-01  8.193863857e-01
  8.185153948e-01  8.177565761e-01  8.171254811e-01  8.166401662e-01
  8.163247254e-01  8.162091571e-01  8.163302563e-01  8.167358411e-01
  8.174798326e-01  8.186255654e-01  8.202425707e-01  8.224338766e-01
  8.252934792e-01  8.292088721e-01  8.344202042e-01  8.435692612e-01
  8.601942202e-01
@R HFAC2 101 []
  1.000000000e+00  9.942661062e-01  9.885930144e-01  9.829807602e-01
  9.774288643e-01  9.719369313e-01  9.665045675e-01  9.611309752e-01
  9.558156971e-01  9.505579948e-01  9.453569144e-01  9.402118396e-01
  9.351217224e-01  9.300855416e-01  9.251024174e-01  9.201711463e-01
  9.152907526e-01  9.104601955e-01  9.056782033e-01  9.009437922e-01
  8.962559370e-01  8.916134449e-01  8.870154657e-01  8.824610927e-01
  8.779490077e-01  8.734781398e-01  8.690476153e-01  8.646568363e-01
  8.603057467e-01  8.559942482e-01  8.517220894e-01  8.474891966e-01
  8.432953221e-01  8.391400989e-01  8.350234448e-01  8.309451924e-01
  8.269050669e-01  8.229029556e-01  8.189387601e-01  8.150123041e-01
  8.111235454e-01  8.072724355e-01  8.034588501e-01  7.996828650e-01
  7.959445951e-01  7.922439804e-01  7.885811223e-01  7.849562768e-01
  7.813695801e-01  7.778212062e-01  7.743115155e-01  7.708408767e-01
  7.674095874e-01  7.640181043e-01  7.606669870e-01  7.573567118e-01
  7.540879127e-01  7.508613670e-01  7.476778037e-01  7.445380419e-01
  7.414430430e-01  7.383938476e-01  7.353915586e-01  7.324374251e-01
  7.295328403e-01  7.266791771e-01  7.238780416e-01  7.211312990e-01
  7.184408886e-01  7.158089282e-01  7.132377026e-01  7.107298464e-01
  7.082881747e-01  7.059156480e-01  7.036157292e-01  7.013922722e-01
  6.992496775e-01  6.971931243e-01  6.952284490e-01  6.933625536e-01
  6.916032219e-01  6.899593196e-01  6.884419030e-01  6.870638561e-01
  6.858409702e-01  6.847935584e-01  6.839450803e-01  6.833228384e-01
  6.829637142e-01  6.829137354e-01  6.832289072e-01  6.839825314e-01
  6.852571083e-01  6.871490913e-01  6.897645569e-01  6.932591994e-01
  6.977811592e-01  7.039260352e-01  7.120890894e-01  7.263464288e-01
  7.525228598e-01
