 12-Aug-25 07/09/2014
     1               1
  0.100000000E+01
*   1.000             1               0 DN    3   2 CLC    40   41
  0.000000000E+00 0.170000000E+03 0.200000000E+01 0.983571429E+06
  0.983571429E+06 0.170475895E+03-0.251225006E-01 0.569346782E+02
  0.198544668E+01 0.609066978E+00 0.608472533E+00 0.186150953E+08
  0.177672050E+03-0.297697326E-01 0.996959654E+01 0.234817135E+01
  0.178347371E+01 0.639972642E+00 0.100000000E+11 0.123942723E+01
  0.100000000E+11 0.100000000E+11 0.618023454E+01-0.352720674E+00
  0.214991486E+03 0.150306084E+03 0.110405449E+03
  0.000000000E+00 0.000000000E+00 0.000000000E+00
  0.113869356E+03 0.111775848E+03
  0.000000000E+00 0.000000000E+00
  0.197106436E+01 0.228848187E+00 0.239934205E+01 0.305539595E+01
  0.883798001E+00 0.105431414E+02-0.500000000E+02-0.500000000E+02
 -0.500000000E+02 0.164078358E+00 0.180012981E+05 0.103771551E+07
  0.692680211E-04 0.189218072E+01 0.366595664E+01-0.134174031E-01
  0.149626866E+01 0.169485240E+03 0.000000000E+00 0.000000000E+00
  0.135832707E+03-0.113065890E+03 0.135798862E+03 0.113015645E+03
 -0.100000000E+03-0.500000000E+02 0.179839938E+01 0.182581798E+01
  0.100000000E+03 0.100000000E+03 0.100000000E+03 0.123942723E+01
  0.186217905E+03-0.396101104E-02 0.315834008E+00 0.000000000E+00
  0.120429692E+01 0.158561100E+01 0.700721065E+06 0.000000000E+00
  0.000000000E+00 0.000000000E+00 0.774807460E+00 0.100000000E+02
    44   60   18    6
  0.993703669E-01 0.956553012E-01 0.919229287E-01 0.105025079E+00
  0.207878149E+00-0.710517023E-01-0.863040847E-01 0.299030334E+00
  0.296244456E-01 0.988000969E-01 0.963384793E-01 0.899922768E-01
  0.106825898E+00 0.214001317E+00-0.703505784E-01-0.894848699E-01
  0.296086889E+00 0.351537106E-01 0.106985045E+00 0.104757355E+00
  0.988767865E-01 0.100772132E+00 0.147764438E+00 0.231781682E+00
  0.522424423E-01-0.624098763E-01-0.416277728E-01-0.965453677E-01
 -0.412164611E-01 0.104970282E+00 0.985115162E-01 0.100344883E+00
  0.148631573E+00 0.230884196E+00 0.308104612E-01-0.643119608E-01
 -0.397072578E-01-0.970402913E-01-0.397028857E-01 0.202042191E+00
  0.105528331E+00 0.170203358E+00 0.120813615E+00 0.754971175E-01
  0.258838641E+00 0.253290211E+00 0.227379371E+00 0.202261096E+00
  0.232165225E+00-0.486060560E-01-0.291552189E+00 0.392697821E-01
  0.168534215E+00 0.195184449E+00 0.257200711E+00 0.236336679E+00
  0.298478446E+00 0.292697463E+00 0.256225145E+00 0.255496671E+00
  0.223099099E+00 0.208928192E+00 0.233292319E+00-0.852128881E-01
 -0.290680015E+00-0.442960421E-01 0.157263234E+00 0.139365897E+00
  0.223626809E+00 0.257542492E+00 0.240229654E+00 0.301946204E+00
  0.288493278E+00-0.310457338E+00-0.134000805E+00 0.921989837E-01
  0.170571335E+00 0.160109657E+00 0.204543495E+00 0.249507176E+00
  0.235872564E+00 0.253795376E+00 0.292342152E+00 0.253697108E+00
  0.289975120E+00 0.254961604E+00 0.240164696E+00 0.253952183E+00
  0.220666645E+00 0.139887194E+00 0.154281036E+00-0.279218807E-01
 -0.284039421E+00-0.779382134E-01 0.233756158E+00 0.208526390E+00
  0.223890058E+00 0.255621663E+00 0.258903764E+00 0.253429203E+00
  0.228040595E+00 0.202489237E+00 0.236043311E+00-0.660182829E-01
  0.206172571E+04 0.345156458E+04-0.370183826E+04-0.314976915E+05
  0.183686930E+06-0.178683404E+06-0.173957667E+06 0.380921771E+06
 -0.155163803E+06-0.166538391E+04 0.927952209E+04-0.117270710E+05
 -0.294120503E+05 0.196091033E+06-0.176952133E+06-0.178110054E+06
  0.367213992E+06-0.146764622E+06
  0.000000000E+00 0.000000000E+00 0.000000000E+00 0.000000000E+00
  0.000000000E+00 0.000000000E+00
  0.000000000E+00 0.130683542E+03 0.115175000E+03 0.136769974E+03
  0.115175000E+03 0.000000000E+00 0.000000000E+00 0.000000000E+00
  0.000000000E+00 0.000000000E+00 0.756579641E+02 0.000000000E+00
  0.986048246E+00 0.125348678E+01 0.479182998E-02-0.440526880E+00
 -0.419156680E+00 0.000000000E+00 0.999000000E+03 0.942919597E+00
  0.118268270E+02 0.331181038E+01 0.000000000E+00-0.290980159E+00
 -0.999000000E+03-0.999000000E+03 0.301781463E+01 0.438987762E+00
  0.143625747E+00 0.253875987E+01 0.113541216E+01 0.227182245E+01
  0.550575705E+02 0.264608966E+01 0.245440355E+02 0.245733855E+02
 -0.890000000E+02-0.890000000E+02-0.890000000E+02-0.890000000E+02
  0.241878957E+01 0.130683542E+03 0.115175000E+03 0.130600916E+03
 -0.115175000E+03 0.136769974E+03 0.115175000E+03 0.137085278E+03
 -0.115175000E+03 0.000000000E+00-0.990000000E+02-0.990000000E+02
 -0.990000000E+02-0.990000000E+02 0.000000000E+00 0.479134087E+00
  0.100000000E+01 0.000000000E+00 0.000000000E+00 0.000000000E+00
                                            EQG
