r	R  9/ 9	R 10/ 9	R 11/ 9	R 12/ 9	I  9/ 9	I 10/ 9	I 11/ 9	I 12/ 9
 0.000000E+00	 0.00000000E+00	 0.00000000E+00	 0.00000000E+00	 0.00000000E+00	 0.00000000E+00	 0.00000000E+00	 0.00000000E+00	 0.00000000E+00
 5.000000E-03	 9.99197539E-22	-9.56252714E-23	 6.85000639E-22	 1.10659261E-22	 1.12090540E-19	-1.51560501E-19	-1.45819833E-18	 1.34418585E-19
 1.000000E-02	-1.58719522E-20	-5.36284359E-21	 4.42568247E-20	 4.37267339E-21	 7.30273796E-17	-9.40370765E-18	-5.49470897E-17	 1.78091320E-18
 1.500000E-02	-1.09301760E-18	-1.25826616E-19	 6.56629779E-19	 7.24590702E-20	 1.85240247E-15	-1.31889791E-16	-6.46876770E-16	-3.92908870E-18
 2.000000E-02	-1.53089251E-17	-1.73844993E-18	 4.72206990E-18	 6.91097217E-19	 2.01895841E-14	-8.19667082E-16	-4.16779911E-15	-1.54943681E-16
 2.500000E-02	-1.14805414E-16	-1.51628253E-17	 2.11150825E-17	 4.12363802E-18	 1.35317684E-13	-2.54212252E-15	-1.84884258E-14	-1.19942395E-15
 3.000000E-02	-5.84383656E-16	-9.24217959E-17	 6.39065440E-17	 1.75780011E-17	 6.56793007E-13	-8.24909589E-16	-6.36129628E-14	-5.79489152E-15
 3.500000E-02	-2.26178663E-15	-4.26075289E-16	 1.22682811E-16	 5.28720299E-17	 2.53172297E-12	 3.50030682E-14	-1.81834487E-13	-2.13000204E-14
 4.000000E-02	-7.16594758E-15	-1.59557516E-15	 9.51226587E-17	 1.18738074E-16	 8.21051883E-12	 2.24855465E-13	-4.50337716E-13	-6.48912185E-14
 4.500000E-02	-1.96144886E-14	-5.09589940E-15	-3.34056945E-16	 2.06341819E-16	 2.32818760E-11	 9.30448773E-13	-9.92034695E-13	-1.71818599E-13
 5.000000E-02	-4.79872403E-14	-1.42914438E-14	-2.08666192E-15	 1.91827533E-16	 5.93018266E-11	 3.07779673E-12	-1.97448256E-12	-4.07216898E-13
 5.500000E-02	-1.07002024E-13	-3.59869084E-14	-7.59104904E-15	-4.25969554E-16	 1.38365579E-10	 8.77430933E-12	-3.57699156E-12	-8.80492206E-13
 6.000000E-02	-2.19993396E-13	-8.26745104E-14	-2.26565899E-14	-3.23209255E-15	 3.00099586E-10	 2.24029842E-11	-5.89074799E-12	-1.75868294E-12
 6.500000E-02	-4.20145010E-13	-1.75534543E-13	-5.94695285E-14	-1.22866029E-14	 6.11877042E-10	 5.24471959E-11	-8.69470015E-12	-3.27025441E-12
 7.000000E-02	-7.51444203E-13	-3.49269281E-13	-1.38670833E-13	-3.52222781E-14	 1.18317243E-09	 1.14385125E-10	-1.10197882E-11	-5.68192530E-12
 7.500000E-02	-1.27159659E-12	-6.58682707E-13	-2.91669611E-13	-8.47054094E-14	 2.18506143E-09	 2.35101709E-10	-1.03696180E-11	-9.21860385E-12
 8.000000E-02	-2.05486776E-12	-1.18604304E-12	-5.66679001E-13	-1.81885394E-13	 3.87593998E-09	 4.59371146E-10	-1.41279652E-12	-1.38759640E-11
 8.500000E-02	-3.19281340E-12	-2.04942141E-12	-1.03738151E-12	-3.62233961E-13	 6.63454895E-09	 8.59062980E-10	 2.60979392E-11	-1.90470753E-11
 9.000000E-02	-4.79040331E-12	-3.40832187E-12	-1.81733486E-12	-6.87521597E-13	 1.10014391E-08	 1.54585573E-09	 9.05006275E-11	-2.28512092E-11
 9.500000E-02	-6.95106177E-12	-5.46473330E-12	-3.07927032E-12	-1.26308916E-12	 1.77298552E-08	 2.68830681E-09	 2.22882994E-10	-2.10089636E-11
 1.000000E-01	-9.74408508E-12	-8.45204836E-12	-5.08056439E-12	-2.26551792E-12	 2.78471502E-08	 4.53427507E-09	 4.73710072E-10	-5.06514206E-12
 1.050000E-01	-1.31510747E-11	-1.26153198E-11	-8.18076014E-12	-3.97044306E-12	 4.27275506E-08	 7.43973589E-09	 9.21984469E-10	 4.02932526E-11
 1.100000E-01	-1.70399200E-11	-1.82251925E-11	-1.28031555E-11	-6.73445790E-12	 6.41782221E-08	 1.19054490E-08	 1.68763188E-09	 1.41132888E-10
 1.150000E-01	-2.11919542E-11	-2.55936099E-11	-1.93938845E-11	-1.09842446E-11	 9.45384579E-08	 1.86229502E-08	 2.94805746E-09	 3.39799921E-10
 1.200000E-01	-2.52741633E-11	-3.50043064E-11	-2.84731049E-11	-1.73018299E-11	 1.36794995E-07	 2.85317942E-08	 4.95992512E-09	 7.02605457E-10
 1.250000E-01	-2.87246404E-11	-4.66048528E-11	-4.06797689E-11	-2.65081841E-11	 1.94710146E-07	 4.28882872E-08	 8.08681446E-09	 1.33016447E-09
 1.300000E-01	-3.06508322E-11	-6.03091014E-11	-5.67193365E-11	-3.96748803E-11	 2.72954621E-07	 6.33447841E-08	 1.28332414E-08	 2.37076494E-09
 1.350000E-01	-2.97568693E-11	-7.57085557E-11	-7.72600773E-11	-5.80783405E-11	 3.77258638E-07	 9.20442458E-08	 1.98867512E-08	 4.03735824E-09
 1.400000E-01	-2.43553568E-11	-9.21032080E-11	-1.02751902E-10	-8.30032911E-11	 5.14573229E-07	 1.31729678E-07	 3.01689466E-08	 6.62866850E-09
 1.450000E-01	-1.25050030E-11	-1.08581631E-10	-1.33241035E-10	-1.15546057E-10	 6.93241613E-07	 1.85870166E-07	 4.48969648E-08	 1.05550784E-08
 1.500000E-01	 7.87186963E-12	-1.24005893E-10	-1.68277689E-10	-1.56544329E-10	 9.23170385E-07	 2.58801689E-07	 6.56574270E-08	 1.63703033E-08
 1.550000E-01	 3.89418287E-11	-1.36893713E-10	-2.06887856E-10	-2.06565813E-10	 1.21597178E-06	 3.55874117E-07	 9.44931956E-08	 2.48094747E-08
 1.600000E-01	 8.32369446E-11	-1.44730343E-10	-2.47718455E-10	-2.66330492E-10	 1.58516019E-06	 4.83625164E-07	 1.33997700E-07	 3.68321204E-08
 1.650000E-01	 1.44228403E-10	-1.43411185E-10	-2.88969349E-10	-3.36593914E-10	 2.04632074E-06	 6.49961264E-07	 1.87423227E-07	 5.36710020E-08
 1.700000E-01	 2.25780576E-10	-1.29026444E-10	-3.27657266E-10	-4.15919989E-10	 2.61725978E-06	 8.64347331E-07	 2.58802839E-07	 7.68869004E-08
 1.750000E-01	 3.30501696E-10	-9.99191148E-11	-3.59313216E-10	-4.99372010E-10	 3.31812483E-06	 1.13800695E-06	 3.53089547E-07	 1.08431344E-07
 1.800000E-01	 4.59916820E-10	-5.46767348E-11	-3.79059208E-10	-5.81313905E-10	 4.17146831E-06	 1.48411075E-06	 4.76301488E-07	 1.50716163E-07
 1.850000E-01	 6.16505130E-10	 1.06435525E-11	-3.82551297E-10	-6.57624374E-10	 5.20256788E-06	 1.91804207E-06	 6.35664512E-07	 2.06684644E-07
 1.900000E-01	 8.04011421E-10	 1.00968739E-10	-3.65591281E-10	-7.23507028E-10	 6.43963921E-06	 2.45766209E-06	 8.39803436E-07	 2.79899064E-07
 1.950000E-01	 1.02614847E-09	 2.19610256E-10	-3.23870624E-10	-7.71600761E-10	 7.91382126E-06	 3.12351750E-06	 1.09895776E-06	 3.74645802E-07
 2.000000E-01	 1.28627313E-09	 3.67894108E-10	-2.53833215E-10	-7.93004505E-10	 9.65926383E-06	 3.93907228E-06	 1.42518811E-06	 4.96049310E-07
 2.050000E-01	 1.58771818E-09	 5.45531934E-10	-1.53615748E-10	-7.78913596E-10	 1.17132152E-05	 4.93093566E-06	 1.83259380E-06	 6.50200906E-07
 2.100000E-01	 1.93410790E-09	 7.51389193E-10	-2.33826836E-11	-7.22216369E-10	 1.41160127E-05	 6.12903825E-06	 2.33753455E-06	 8.44304308E-07
 2.150000E-01	 2.32983110E-09	 9.84538721E-10	 1.34652438E-10	-6.18964129E-10	 1.69109047E-05	 7.56672139E-06	 2.95883429E-06	 1.08682927E-06
 2.200000E-01	 2.78054812E-09	 1.24560483E-09	 3.16677244E-10	-4.69621189E-10	 2.01441356E-05	 9.28090572E-06	 3.71795265E-06	 1.38765642E-06
 2.250000E-01	 3.29369193E-09	 1.53797488E-09	 5.18101712E-10	-2.79563884E-10	 2.38649645E-05	 1.13122316E-05	 4.63917295E-06	 1.75823845E-06
 2.300000E-01	 3.87841879E-09	 1.86686639E-09	 7.33906679E-10	-5.79659425E-11	 2.81256494E-05	 1.37051607E-05	 5.74977551E-06	 2.21176792E-06
 2.350000E-01	 4.54501374E-09	 2.23809357E-09	 9.58886965E-10	 1.83061083E-10	 3.29815674E-05	 1.65081270E-05	 7.08020062E-06	 2.76334317E-06
 2.400000E-01	 5.30478910E-09	 2.65942998E-09	 1.18868000E-09	 4.27952735E-10	 3.84913795E-05	 1.97736971E-05	 8.66420805E-06	 3.43013568E-06
 2.450000E-01	 6.17014074E-09	 3.14182249E-09	 1.42132637E-09	 6.58712865E-10	 4.47168906E-05	 2.35585476E-05	 1.05389893E-05	 4.23154893E-06
 2.500000E-01	 7.15370589E-09	 3.69686783E-09	 1.65833125E-09	 8.59124078E-10	 5.17230826E-05	 2.79234669E-05	 1.27452171E-05	 5.18933542E-06
 2.550000E-01	 8.26685126E-09	 4.33646212E-09	 1.90675131E-09	 1.01643659E-09	 5.95781331E-05	 3.29333274E-05	 1.53270540E-05	 6.32767116E-06
 2.600000E-01	 9.51964137E-09	 5.08936562E-09	 2.18993189E-09	 1.11625153E-09	 6.83532353E-05	 3.86569004E-05	 1.83320637E-05	 7.67316661E-06
 2.650000E-01	 1.09239718E-08	 6.01243490E-09	 2.55449953E-09	 1.14825147E-09	 7.81229740E-05	 4.51669144E-05	 2.18111255E-05	 9.25483040E-06
 2.700000E-01	 1.24936982E-08	 7.14357024E-09	 3.03932737E-09	 1.13157205E-09	 8.89658538E-05	 5.25402497E-05	 2.58184444E-05	 1.11040291E-05
 2.750000E-01	 1.42361518E-08	 8.45542823E-09	 3.64405361E-09	 1.11522639E-09	 1.00964413E-04	 6.08578882E-05	 3.04114904E-05	 1.32543915E-05
 2.800000E-01	 1.61480521E-08	 9.92268711E-09	 4.37509195E-09	 1.13862673E-09	 1.14205664E-04	 7.02050015E-05	 3.56509484E-05	 1.57416961E-05
 2.850000E-01	 1.82259351E-08	 1.15996263E-08	 5.29791587E-09	 1.22381510E-09	 1.28781274E-04	 8.06708355E-05	 4.16004924E-05	 1.86036205E-05
 2.900000E-01	 2.04745941E-08	 1.35457149E-08	 6.47708288E-09	 1.41388373E-09	 1.44787538E-04	 9.23485046E-05	 4.83264696E-05	 2.18793593E-05
 2.950000E-01	 2.29001382E-08	 1.57312140E-08	 7.90239712E-09	 1.77442383E-09	 1.62325412E-04	 1.05335257E-04	 5.58981136E-05	 2.56095393E-05
 3.000000E-01	 2.55018740E-08	 1.81012973E-08	 9.53996665E-09	 2.35048567E-09	 1.81499242E-04	 1.19731639E-04	 6.43870759E-05	 2.98358653E-05
 3.050000E-01	 2.82777124E-08	 2.06662381E-08	 1.14032596E-08	 3.15589781E-09	 2.02418296E-04	 1.35642183E-04	 7.38675483E-05	 3.46011197E-05
 3.100000E-01	 3.12334903E-08	 2.34581250E-08	 1.35136977E-08	 4.19728824E-09	 2.25199249E-04	 1.53177187E-04	 8.44171907E-05	 3.99496112E-05
 3.150000E-01	 3.43826383E-08	 2.64647032E-08	 1.58446403E-08	 5.47702623E-09	 2.49965820E-04	 1.72452880E-04	 9.61173089E-05	 4.59272714E-05
 3.200000E-01	 3.77397983E-08	 2.96627704E-08	 1.83561732E-08	 6.98021281E-09	 2.76851285E-04	 1.93593791E-04	 1.09054384E-04	 5.25825803E-05
 3.250000E-01	 4.13181187E-08	 3.30679995E-08	 2.10455201E-08	 8.68077686E-09	 3.05997757E-04	 2.16732279E-04	 1.23319649E-04	 5.99663751E-05
 3.300000E-01	 4.51309440E-08	 3.67177051E-08	 2.39348633E-08	 1.05591015E-08	 3.37555308E-04	 2.42007992E-04	 1.39008698E-04	 6.81315226E-05
 3.350000E-01	 4.91906752E-08	 4.06414874E-08	 2.70477457E-08	 1.26093188E-08	 3.71682654E-04	 2.69569065E-04	 1.56222826E-04	 7.71335355E-05
 3.400000E-01	 5.35036630E-08	 4.48707564E-08	 3.04215202E-08	 1.48380720E-08	 4.08544757E-04	 2.99570530E-04	 1.75069082E-04	 8.70304962E-05
 3.450000E-01	 5.80686582E-08	 4.94503649E-08	 3.41191061E-08	 1.72687366E-08	 4.48312041E-04	 3.32173165E-04	 1.95660537E-04	 9.78829861E-05
 3.500000E-01	 6.28825815E-08	 5.44050335E-08	 3.81913367E-08	 1.99461097E-08	 4.91157946E-04	 3.67541173E-04	 2.18115732E-04	 1.09753386E-04
 3.550000E-01	 6.79408572E-08	 5.97137096E-08	 4.26506790E-08	 2.29282977E-08	 5.37258796E-04	 4.05843408E-04	 2.42560586E-04	 1.22706754E-04
 3.600000E-01	 7.32188848E-08	 6.53875505E-08	 4.75685582E-08	 2.62902320E-08	 5.86793107E-04	 4.47253823E-04	 2.69128553E-04	 1.36811192E-04
 3.650000E-01	 7.86691226E-08	 7.15438699E-08	 5.31519151E-08	 3.01437789E-08	 6.39943937E-04	 4.91953481E-04	 2.97960028E-04	 1.52138384E-04
 3.700000E-01	 8.42650469E-08	 7.82803959E-08	 5.95519591E-08	 3.45957057E-08	 6.96904716E-04	 5.40135779E-04	 3.29202840E-04	 1.68765033E-04
 3.750000E-01	 9.00292649E-08	 8.55242634E-08	 6.66642216E-08	 3.96696764E-08	 7.57878018E-04	 5.92006234E-04	 3.63009649E-04	 1.86772178E-04
 3.800000E-01	 9.60040767E-08	 9.31103714E-08	 7.42563306E-08	 4.53224816E-08	 8.23071222E-04	 6.47779970E-04	 3.99536398E-04	 2.06244109E-04
 3.850000E-01	 1.02215917E-07	 1.00922993E-07	 8.21753894E-08	 5.15116231E-08	 8.92696330E-04	 7.07683667E-04	 4.38947910E-04	 2.27270173E-04
 3.900000E-01	 1.08646825E-07	 1.08984110E-07	 9.04799828E-08	 5.82511646E-08	 9.66972732E-04	 7.71960845E-04	 4.81427792E-04	 2.49948393E-04
 3.950000E-01	 1.15231224E-07	 1.17484633E-07	 9.94722490E-08	 6.56499429E-08	 1.04612327E-03	 8.40868750E-04	 5.27178231E-04	 2.74384006E-04
 4.000000E-01	 1.21931363E-07	 1.26550627E-07	 1.09335110E-07	 7.37999408E-08	 1.13037275E-03	 9.14678056E-04	 5.76416362E-04	 3.00687515E-04
 4.050000E-01	 1.28792109E-07	 1.35996110E-07	 1.19786153E-07	 8.26181232E-08	 1.21994914E-03	 9.93675161E-04	 6.29375199E-04	 3.28976029E-04
 4.100000E-01	 1.35876007E-07	 1.45525010E-07	 1.30406823E-07	 9.19511522E-08	 1.31509357E-03	 1.07816699E-03	 6.86306164E-04	 3.59375273E-04
 4.150000E-01	 1.43187120E-07	 1.55037583E-07	 1.41099480E-07	 1.01776268E-07	 1.41605213E-03	 1.16847044E-03	 7.47470181E-04	 3.92013121E-04
 4.200000E-01	 1.50642876E-07	 1.64723520E-07	 1.52213139E-07	 1.12261369E-07	 1.52305711E-03	 1.26489536E-03	 8.13125250E-04	 4.27011132E-04
 4.250000E-01	 1.58094717E-07	 1.75016586E-07	 1.64450673E-07	 1.23753718E-07	 1.63633779E-03	 1.36775967E-03	 8.83538970E-04	 4.64491676E-04
 4.300000E-01	 1.65486688E-07	 1.86088743E-07	 1.78082591E-07	 1.36489917E-07	 1.75613661E-03	 1.47740885E-03	 9.59004051E-04	 5.04586604E-04
 4.350000E-01	 1.72956404E-07	 1.97404689E-07	 1.92304843E-07	 1.50245070E-07	 1.88269895E-03	 1.59420877E-03	 1.03983601E-03	 5.47436188E-04
 4.400000E-01	 1.80597155E-07	 2.08478876E-07	 2.06435865E-07	 1.64714809E-07	 2.01626724E-03	 1.71854132E-03	 1.12637154E-03	 5.93187929E-04
 4.450000E-01	 1.88257889E-07	 2.19706472E-07	 2.21143624E-07	 1.80105828E-07	 2.15708420E-03	 1.85080701E-03	 1.21896945E-03	 6.41995815E-04
 4.500000E-01	 1.95801878E-07	 2.31554459E-07	 2.37144480E-07	 1.96746112E-07	 2.30539234E-03	 1.99142473E-03	 1.31801063E-03	 6.94019248E-04
 4.550000E-01	 2.03353260E-07	 2.43581283E-07	 2.53731039E-07	 2.14408387E-07	 2.46143263E-03	 2.14083126E-03	 1.42389869E-03	 7.49422068E-04
 4.600000E-01	 2.11052610E-07	 2.55201581E-07	 2.70017165E-07	 2.32687772E-07	 2.62544696E-03	 2.29948264E-03	 1.53706051E-03	 8.08370846E-04
 4.650000E-01	 2.18804686E-07	 2.66660106E-07	 2.86427542E-07	 2.51694478E-07	 2.79767738E-03	 2.46785183E-03	 1.65794384E-03	 8.71031985E-04
 4.700000E-01	 2.26492896E-07	 2.78355193E-07	 3.03603666E-07	 2.71751498E-07	 2.97837669E-03	 2.64643792E-03	 1.78702263E-03	 9.37571925E-04
 4.750000E-01	 2.34200495E-07	 2.89975639E-07	 3.21086477E-07	 2.92793426E-07	 3.16780425E-03	 2.83576437E-03	 1.92479641E-03	 1.00815382E-03
 4.800000E-01	 2.41978017E-07	 3.01227314E-07	 3.38491992E-07	 3.14693634E-07	 3.36621090E-03	 3.03637119E-03	 2.07178896E-03	 1.08293559E-03
 4.850000E-01	 2.49633563E-07	 3.12671494E-07	 3.56773682E-07	 3.37827603E-07	 3.57383967E-03	 3.24882418E-03	 2.22855968E-03	 1.16207600E-03
 4.900000E-01	 2.57103328E-07	 3.24645011E-07	 3.76379914E-07	 3.62405944E-07	 3.79092596E-03	 3.47372739E-03	 2.39571959E-03	 1.24574382E-03
 4.950000E-01	 2.64766731E-07	 3.36106520E-07	 3.95434238E-07	 3.87591844E-07	 4.01767185E-03	 3.71171153E-03	 2.57393263E-03	 1.33411934E-03
 5.000000E-01	 2.72857783E-07	 3.46257290E-07	 4.12661061E-07	 4.12788722E-07	 4.25421768E-03	 3.96342099E-03	 2.76391590E-03	 1.42739514E-03
 5.050000E-01	 2.80905167E-07	 3.56343626E-07	 4.30446716E-07	 4.39302948E-07	 4.50063215E-03	 4.22952264E-03	 2.96645511E-03	 1.52578502E-03
 5.100000E-01	 2.88419925E-07	 3.67751035E-07	 4.51313963E-07	 4.68731222E-07	 4.75689797E-03	 4.51070549E-03	 3.18240922E-03	 1.62952389E-03
 5.150000E-01	 2.95650071E-07	 3.79687501E-07	 4.73838932E-07	 5.00693800E-07	 5.02290483E-03	 4.80769109E-03	 3.41273324E-03	 1.73888368E-03
 5.200000E-01	 3.03003488E-07	 3.90802975E-07	 4.95709676E-07	 5.34202966E-07	 5.29846355E-03	 5.12126305E-03	 3.65851384E-03	 1.85419366E-03
 5.250000E-01	 3.10300736E-07	 4.01405545E-07	 5.17726150E-07	 5.69814468E-07	 5.58327679E-03	 5.45223629E-03	 3.92094339E-03	 1.97581871E-03
 5.300000E-01	 3.17074554E-07	 4.12599716E-07	 5.42081550E-07	 6.08778278E-07	 5.87688963E-03	 5.80138961E-03	 4.20125788E-03	 2.10411721E-03
 5.350000E-01	 3.23128330E-07	 4.24760297E-07	 5.69460390E-07	 6.51437211E-07	 6.17874256E-03	 6.16952023E-03	 4.50077773E-03	 2.23945455E-03
 5.400000E-01	 3.28772772E-07	 4.37045303E-07	 5.98124764E-07	 6.96785338E-07	 6.48820176E-03	 6.55749922E-03	 4.82097218E-03	 2.38224118E-03
 5.450000E-01	 3.34766188E-07	 4.47502061E-07	 6.24215258E-07	 7.42606402E-07	 6.80451927E-03	 6.96624807E-03	 5.16345991E-03	 2.53293174E-03
 5.500000E-01	 3.41349578E-07	 4.55391544E-07	 6.46429123E-07	 7.87948566E-07	 7.12684825E-03	 7.39677172E-03	 5.53004311E-03	 2.69202432E-03
 5.550000E-01	 3.47487491E-07	 4.63256661E-07	 6.69984038E-07	 8.35521940E-07	 7.45423415E-03	 7.85013957E-03	 5.92269303E-03	 2.86005080E-03
 5.600000E-01	 3.52521597E-07	 4.72928390E-07	 6.98310558E-07	 8.87186288E-07	 7.78565712E-03	 8.32750605E-03	 6.34354574E-03	 3.03755583E-03
 5.650000E-01	 3.57864670E-07	 4.81177008E-07	 7.24311485E-07	 9.38657959E-07	 8.12001347E-03	 8.83006256E-03	 6.79483850E-03	 3.22503063E-03
 5.700000E-01	 3.64996159E-07	 4.84605985E-07	 7.40782566E-07	 9.85309898E-07	 8.45601014E-03	 9.35891746E-03	 7.27881377E-03	 3.42285894E-03
 5.750000E-01	 3.73059367E-07	 4.85614110E-07	 7.52791495E-07	 1.02972650E-06	 8.79223551E-03	 9.91525551E-03	 7.79788162E-03	 3.63137975E-03
 5.800000E-01	 3.80647993E-07	 4.87931272E-07	 7.67970810E-07	 1.07619117E-06	 9.12716301E-03	 1.05004451E-02	 8.35477510E-03	 3.85097128E-03
 5.850000E-01	 3.88334476E-07	 4.90557810E-07	 7.83538248E-07	 1.12274537E-06	 9.45900996E-03	 1.11159482E-02	 8.95253944E-03	 4.08206097E-03
 5.900000E-01	 3.97697028E-07	 4.90471836E-07	 7.92177311E-07	 1.16458027E-06	 9.78563726E-03	 1.17632515E-02	 9.59451239E-03	 4.32511548E-03
 5.950000E-01	 4.09448701E-07	 4.86995121E-07	 7.91655943E-07	 1.20000810E-06	 1.01045231E-02	 1.24438667E-02	 1.02843483E-02	 4.58065991E-03
 6.000000E-01	 4.23199077E-07	 4.81608064E-07	 7.84999076E-07	 1.23103431E-06	 1.04127574E-02	 1.31593582E-02	 1.10260612E-02	 4.84927695E-03
 6.050000E-01	 4.37848079E-07	 4.76688355E-07	 7.78068085E-07	 1.26215068E-06	 1.07069852E-02	 1.39113057E-02	 1.18240194E-02	 5.13158862E-03
 6.100000E-01	 4.52479670E-07	 4.73988770E-07	 7.75387849E-07	 1.29705427E-06	 1.09833942E-02	 1.47013553E-02	 1.26830394E-02	 5.42828314E-03
 6.150000E-01	 4.67232932E-07	 4.73176586E-07	 7.76096389E-07	 1.33543978E-06	 1.12376893E-02	 1.55312433E-02	 1.36084546E-02	 5.74013235E-03
 6.200000E-01	 4.82807929E-07	 4.72960407E-07	 7.76823303E-07	 1.37511092E-06	 1.14650374E-02	 1.64027441E-02	 1.46061003E-02	 6.06798907E-03
 6.250000E-01	 4.99547503E-07	 4.72815137E-07	 7.76213977E-07	 1.41521054E-06	 1.16600212E-02	 1.73176613E-02	 1.56823549E-02	 6.41279060E-03
 6.300000E-01	 5.17004511E-07	 4.73433454E-07	 7.76418072E-07	 1.45723761E-06	 1.18165902E-02	 1.82779107E-02	 1.68443388E-02	 6.77562663E-03
 6.350000E-01	 5.33875517E-07	 4.76709500E-07	 7.83143285E-07	 1.50502217E-06	 1.19279247E-02	 1.92854348E-02	 1.80999546E-02	 7.15781882E-03
 6.400000E-01	 5.49155258E-07	 4.83869194E-07	 8.00248927E-07	 1.56081133E-06	 1.19862884E-02	 2.03420882E-02	 1.94578969E-02	 7.56100984E-03
 6.450000E-01	 5.63381139E-07	 4.93423221E-07	 8.24033246E-07	 1.62135628E-06	 1.19828130E-02	 2.14497437E-02	 2.09281010E-02	 7.98738388E-03
 6.500000E-01	 5.77430233E-07	 5.03386235E-07	 8.49366802E-07	 1.68216696E-06	 1.19069993E-02	 2.26097498E-02	 2.25215111E-02	 8.43978449E-03
 6.550000E-01	 5.90846873E-07	 5.14226854E-07	 8.77671417E-07	 1.74280654E-06	 1.17465865E-02	 2.38225781E-02	 2.42497991E-02	 8.92189848E-03
 6.600000E-01	 6.02898656E-07	 5.26861333E-07	 9.11454812E-07	 1.80356084E-06	 1.14873458E-02	 2.50878213E-02	 2.61256450E-02	 9.43840153E-03
 6.650000E-01	 6.14132903E-07	 5.39837385E-07	 9.46936876E-07	 1.86122607E-06	 1.11127407E-02	 2.64044965E-02	 2.81639136E-02	 9.99579864E-03
 6.700000E-01	 6.24871520E-07	 5.51748505E-07	 9.81307285E-07	 1.91385009E-06	 1.06038820E-02	 2.77704167E-02	 3.03808906E-02	 1.06023936E-02
 6.750000E-01	 6.33251090E-07	 5.64522176E-07	 1.02175459E-06	 1.96594299E-06	 9.93994638E-03	 2.91820757E-02	 3.27934542E-02	 1.12675583E-02
 6.800000E-01	 6.37354662E-07	 5.80368554E-07	 1.07505577E-06	 2.02052545E-06	 9.09801198E-03	 3.06338515E-02	 3.54181087E-02	 1.20017083E-02
 6.850000E-01	 6.38333092E-07	 5.97446236E-07	 1.13392279E-06	 2.07035799E-06	 8.05262127E-03	 3.21187656E-02	 3.82730731E-02	 1.28172124E-02
 6.900000E-01	 6.39516420E-07	 6.11659564E-07	 1.18312001E-06	 2.10387118E-06	 6.77575813E-03	 3.36282320E-02	 4.13780073E-02	 1.37283485E-02
 6.950000E-01	 6.43868322E-07	 6.19992984E-07	 1.21101995E-06	 2.11377336E-06	 5.23701422E-03	 3.51504573E-02	 4.47513384E-02	 1.47508387E-02
 7.000000E-01	 6.51032727E-07	 6.22911396E-07	 1.22011756E-06	 2.10436814E-06	 3.40304444E-03	 3.66712198E-02	 4.84125272E-02	 1.59026135E-02
 7.050000E-01	 6.55433155E-07	 6.26198805E-07	 1.23369590E-06	 2.09557954E-06	 1.23724676E-03	 3.81735865E-02	 5.23823407E-02	 1.72041854E-02
 7.100000E-01	 6.52668192E-07	 6.34374301E-07	 1.26873621E-06	 2.10161960E-06	-1.29972029E-03	 3.96374384E-02	 5.66814767E-02	 1.86781900E-02
 7.150000E-01	 6.46731547E-07	 6.42677911E-07	 1.30673227E-06	 2.11015976E-06	-4.24969156E-03	 4.10391396E-02	 6.13295334E-02	 2.03485417E-02
 7.200000E-01	 6.42103958E-07	 6.45261410E-07	 1.32811375E-06	 2.10957064E-06	-7.65720876E-03	 4.23510521E-02	 6.63446452E-02	 2.22403708E-02
 7.250000E-01	 6.33570140E-07	 6.46226009E-07	 1.35303850E-06	 2.11792328E-06	-1.15699921E-02	 4.35413853E-02	 7.17440584E-02	 2.43803183E-02
 7.300000E-01	 6.16309334E-07	 6.50865589E-07	 1.39973494E-06	 2.14810261E-06	-1.60393256E-02	 4.45739037E-02	 7.75443129E-02	 2.67967111E-02
 7.350000E-01	 5.98920278E-07	 6.53517277E-07	 1.43557499E-06	 2.17137628E-06	-2.11201285E-02	 4.54072124E-02	 8.37602706E-02	 2.95193122E-02
 7.400000E-01	 5.90698408E-07	 6.46917471E-07	 1.42796796E-06	 2.16338722E-06	-2.68707705E-02	 4.59940894E-02	 9.04037051E-02	 3.25786359E-02
 7.450000E-01	 5.85091800E-07	 6.35253134E-07	 1.40338131E-06	 2.15148388E-06	-3.33538491E-02	 4.62816825E-02	 9.74847645E-02	 3.60059858E-02
 7.500000E-01	 5.72811251E-07	 6.25743894E-07	 1.39565484E-06	 2.16490142E-06	-4.06352217E-02	 4.62104863E-02	 1.05008760E-01	 3.98319605E-02
 7.550000E-01	 5.59590227E-07	 6.16639917E-07	 1.38538887E-06	 2.18289071E-06	-4.87832050E-02	 4.57143578E-02	 1.12974369E-01	 4.40847359E-02
 7.600000E-01	 5.54593116E-07	 6.03393296E-07	 1.34405142E-06	 2.17928042E-06	-5.78711692E-02	 4.47204995E-02	 1.21377920E-01	 4.87918514E-02
 7.650000E-01	 5.54619106E-07	 5.87934392E-07	 1.28540222E-06	 2.16850063E-06	-6.79771447E-02	 4.31479489E-02	 1.30210587E-01	 5.39793069E-02
 7.700000E-01	 5.56378265E-07	 5.75082022E-07	 1.22479629E-06	 2.16094567E-06	-7.91822530E-02	 4.09087941E-02	 1.39456163E-01	 5.96678828E-02
 7.750000E-01	 5.71500689E-07	 5.65967973E-07	 1.13503580E-06	 2.12091928E-06	-9.15697287E-02	 3.79077403E-02	 1.49088528E-01	 6.58711641E-02
 7.800000E-01	 6.10232017E-07	 5.59389339E-07	 9.93991736E-07	 2.02555467E-06	-1.05227043E-01	 3.40431515E-02	 1.59076296E-01	 7.25956563E-02
 7.850000E-01	 6.62727457E-07	 5.56228363E-07	 8.32901123E-07	 1.91636355E-06	-1.20239460E-01	 2.92083673E-02	 1.69372017E-01	 7.98330496E-02
 7.900000E-01	 7.16623147E-07	 5.59582650E-07	 6.86753224E-07	 1.83309617E-06	-1.36693108E-01	 2.32905592E-02	 1.79915456E-01	 8.75619371E-02
 7.950000E-01	 7.78433603E-07	 5.72449780E-07	 5.42651376E-07	 1.75372284E-06	-1.54687174E-01	 1.61670448E-02	 1.90649248E-01	 9.57572840E-02
 8.000000E-01	 8.61657744E-07	 5.97293041E-07	 3.74371344E-07	 1.64230822E-06	-1.74318841E-01	 7.70730742E-03	 2.01493644E-01	 1.04374802E-01
 8.050000E-01	 9.70422626E-07	 6.36784180E-07	 1.81372178E-07	 1.49689132E-06	-1.95687295E-01	-2.22067786E-03	 2.12358796E-01	 1.13349028E-01
 8.100000E-01	 1.10437682E-06	 6.94006396E-07	-2.60614932E-08	 1.32858360E-06	-2.18891353E-01	-1.37470680E-02	 2.23144971E-01	 1.22590183E-01
 8.150000E-01	 1.26588712E-06	 7.71453015E-07	-2.45058444E-07	 1.13955199E-06	-2.44018907E-01	-2.69860204E-02	 2.33738564E-01	 1.31971188E-01
 8.200000E-01	 1.45167085E-06	 8.66040333E-07	-4.68223486E-07	 9.45882057E-07	-2.71146664E-01	-4.20324169E-02	 2.44014085E-01	 1.41327821E-01
 8.250000E-01	 1.64533146E-06	 9.68140631E-07	-6.72115551E-07	 7.92912362E-07	-3.00362549E-01	-5.89798214E-02	 2.53850673E-01	 1.50480082E-01
 8.300000E-01	 1.83989072E-06	 1.07734527E-06	-8.45253174E-07	 6.94293881E-07	-3.31762171E-01	-7.79227649E-02	 2.63119128E-01	 1.59225701E-01
 8.350000E-01	 2.05961495E-06	 1.21155935E-06	-1.01332552E-06	 5.89986740E-07	-3.65440359E-01	-9.89497490E-02	 2.71674249E-01	 1.67331705E-01
 8.400000E-01	 2.32784155E-06	 1.38269172E-06	-1.19991281E-06	 4.36848545E-07	-4.01498180E-01	-1.22125885E-01	 2.79382538E-01	 1.74537925E-01
 8.450000E-01	 2.63160117E-06	 1.57803095E-06	-1.38841701E-06	 2.78393695E-07	-4.40010760E-01	-1.47458519E-01	 2.86108424E-01	 1.80537775E-01
 8.500000E-01	 2.95041185E-06	 1.78398680E-06	-1.55464211E-06	 1.63361379E-07	-4.81062735E-01	-1.74910525E-01	 2.91755658E-01	 1.85013166E-01
 8.550000E-01	 3.29085741E-06	 2.00695375E-06	-1.70045760E-06	 7.78827026E-08	-5.24744635E-01	-2.04410316E-01	 2.96243141E-01	 1.87635262E-01
 8.600000E-01	 3.66513889E-06	 2.25312491E-06	-1.83549571E-06	 9.41670755E-10	-5.71142290E-01	-2.35858207E-01	 2.99466752E-01	 1.88050591E-01
 8.650000E-01	 4.06410201E-06	 2.51049771E-06	-1.95598967E-06	-4.77130028E-08	-6.20354990E-01	-2.69157414E-01	 3.01274388E-01	 1.85876814E-01
 8.700000E-01	 4.47981125E-06	 2.77404752E-06	-2.05269108E-06	-5.23635190E-08	-6.72483502E-01	-3.04202651E-01	 3.01442083E-01	 1.80680185E-01
 8.750000E-01	 4.93289002E-06	 3.06617329E-06	-2.12321258E-06	-3.91644519E-08	-7.27597087E-01	-3.40812203E-01	 2.99690704E-01	 1.71968904E-01
 8.800000E-01	 5.43814681E-06	 3.39357635E-06	-2.17188018E-06	-2.31819168E-08	-7.85728058E-01	-3.78687808E-01	 2.95726480E-01	 1.59225020E-01
 8.850000E-01	 5.96303253E-06	 3.71139499E-06	-2.20301749E-06	 3.56725163E-08	-8.46891900E-01	-4.17421414E-01	 2.89255353E-01	 1.41936868E-01
 8.900000E-01	 6.47725516E-06	 3.99064728E-06	-2.20965686E-06	 1.68739998E-07	-9.11078085E-01	-4.56508463E-01	 2.79931411E-01	 1.19596341E-01
 8.950000E-01	 7.01576640E-06	 4.27954698E-06	-2.16971420E-06	 3.45333951E-07	-9.78215266E-01	-4.95330731E-01	 2.67280498E-01	 9.16731735E-02
 9.000000E-01	 7.62224746E-06	 4.62243310E-06	-2.06790677E-06	 5.34538672E-07	-1.04812903E+00	-5.33152676E-01	 2.50614726E-01	 5.75962658E-02
 9.050000E-01	 8.27474152E-06	 4.97927186E-06	-1.91352558E-06	 7.56104792E-07	-1.12061031E+00	-5.69110494E-01	 2.29154615E-01	 1.68601843E-02
 9.100000E-01	 8.92598259E-06	 5.28809391E-06	-1.71761878E-06	 1.03657895E-06	-1.19519690E+00	-6.02134836E-01	 2.01880901E-01	-3.07810639E-02
 9.150000E-01	 9.56465717E-06	 5.53236221E-06	-1.48088985E-06	 1.36950504E-06	-1.27165166E+00	-6.30882078E-01	 1.68315857E-01	-8.51256770E-02
 9.200000E-01	 1.01920157E-05	 5.72868214E-06	-1.16943789E-06	 1.74535930E-06	-1.34850738E+00	-6.54208821E-01	 1.25821869E-01	-1.45801644E-01
 9.250000E-01	 1.08340463E-05	 5.90662988E-06	-7.54104483E-07	 2.16672175E-06	-1.42584459E+00	-6.70268496E-01	 7.46101622E-02	-2.11891076E-01
 9.300000E-01	 1.14775786E-05	 6.07355083E-06	-1.76578016E-07	 2.64055087E-06	-1.50025061E+00	-6.77877587E-01	 9.01382768E-03	-2.82186078E-01
 9.350000E-01	 1.20645211E-05	 6.17937800E-06	 5.67548803E-07	 3.12870179E-06	-1.56791037E+00	-6.76921743E-01	-7.71337180E-02	-3.52816147E-01
 9.400000E-01	 1.25674366E-05	 6.16338067E-06	 1.40974380E-06	 3.57354444E-06	-1.62925280E+00	-6.64742623E-01	-1.80746960E-01	-4.19929374E-01
 9.450000E-01	 1.30054547E-05	 5.98127246E-06	 2.33483462E-06	 4.05801861E-06	-1.68462470E+00	-6.32940632E-01	-2.98065169E-01	-4.88713589E-01
 9.500000E-01	 1.33213342E-05	 5.84441273E-06	 3.51578571E-06	 4.29186834E-06	-1.72505176E+00	-6.02023405E-01	-4.37473223E-01	-5.17611736E-01
 9.550000E-01	 1.33840689E-05	 5.40311594E-06	 4.87351256E-06	 4.62747136E-06	-1.72089716E+00	-5.38159483E-01	-6.12497089E-01	-5.56702414E-01
 9.600000E-01	 1.33936036E-05	 4.78028123E-06	 6.37861272E-06	 4.81222479E-06	-1.71635364E+00	-4.50098629E-01	-8.09720536E-01	-5.62089629E-01
 9.650000E-01	 1.28899979E-05	 4.39236305E-06	 7.15997038E-06	 5.16228314E-06	-1.63291658E+00	-4.31511707E-01	-9.08268958E-01	-6.20075964E-01
 9.700000E-01	 1.22135234E-05	 4.51672331E-06	 8.58745994E-06	 5.05430211E-06	-1.60171796E+00	-3.83508400E-01	-1.01292474E+00	-7.34699247E-01
 9.750000E-01	 2.51491045E-05	-3.59129039E-05	-1.08807030E-05	 4.50750789E-05	-1.25938640E+00	-3.05730900E-01	-8.41680031E-01	-5.11337712E-03
 9.800000E-01	 3.40761436E-04	-7.71745000E-04	-3.58638577E-04	 8.29961106E-04	 2.39735900E+00	-7.12051715E+00	-3.45684490E+00	 9.23869903E+00
 9.850000E-01	 7.29185181E-05	-8.39874853E-05	 7.54013895E-05	-3.81758108E-04	 1.68957283E+00	 5.46360231E-01	 1.62576494E+00	-3.12261840E+00
 9.900000E-01	-2.13460386E-04	 2.43425184E-04	-5.43675284E-05	 1.24300793E-04	-1.59770803E+00	 2.81373354E+00	 3.43079076E-01	 1.89593097E+00
 9.950000E-01	 1.40069780E-05	 1.73322265E-04	-1.01517284E-04	 2.37082176E-04	 6.55923705E-02	 1.71531845E+00	-9.10864495E-01	 2.12533772E+00
 1.000000E+00	 0.00000000E+00	 0.00000000E+00	 0.00000000E+00	 0.00000000E+00	 0.00000000E+00	 0.00000000E+00	 0.00000000E+00	 0.00000000E+00
