r	R  9/ 9	R 10/ 9	R 11/ 9	R 12/ 9	I  9/ 9	I 10/ 9	I 11/ 9	I 12/ 9
 0.000000E+00	 0.00000000E+00	 0.00000000E+00	 0.00000000E+00	 0.00000000E+00	 0.00000000E+00	 0.00000000E+00	 0.00000000E+00	 0.00000000E+00
 5.000000E-03	-5.72376601E-19	 6.93560202E-19	 6.14776682E-18	-5.01172553E-19	 4.25610320E-21	-1.51319466E-22	 2.98546357E-21	 3.11561988E-22
 1.000000E-02	-3.76350212E-16	 4.36837888E-17	 2.30220397E-16	-6.59720548E-18	-9.45853368E-20	-2.06729682E-20	 1.86422821E-19	 1.55994996E-20
 1.500000E-02	-9.54042893E-15	 6.13557031E-16	 2.70429925E-15	 1.44529372E-17	-5.70546105E-18	-5.61466668E-19	 2.73555381E-18	 2.68412120E-19
 2.000000E-02	-1.03876232E-13	 3.81061183E-15	 1.73895762E-14	 5.70552969E-16	-7.89438186E-17	-8.00824273E-18	 1.95814841E-17	 2.55191706E-18
 2.500000E-02	-6.95306165E-13	 1.17964230E-14	 7.69739705E-14	 4.40647230E-15	-5.89429959E-16	-7.02924912E-17	 8.72268727E-17	 1.51573086E-17
 3.000000E-02	-3.36954278E-12	 3.75791474E-15	 2.64192310E-13	 2.12279734E-14	-2.99171174E-15	-4.28465721E-16	 2.62818749E-16	 6.41897267E-17
 3.500000E-02	-1.29651142E-11	-1.62270023E-13	 7.53083018E-13	 7.77642071E-14	-1.15514983E-14	-1.97215979E-15	 5.02427116E-16	 1.92407437E-16
 4.000000E-02	-4.19620009E-11	-1.03910242E-12	 1.85937017E-12	 2.36018020E-13	-3.65177787E-14	-7.36819986E-15	 3.84698692E-16	 4.31227519E-16
 4.500000E-02	-1.18726836E-10	-4.28740932E-12	 4.08223349E-12	 6.22354654E-13	-9.97284240E-14	-2.34667771E-14	-1.38721068E-15	 7.46347592E-16
 5.000000E-02	-3.01702414E-10	-1.41401910E-11	 8.09599008E-12	 1.46850558E-12	-2.43387941E-13	-6.56153005E-14	-8.58281128E-15	 6.87924848E-16
 5.500000E-02	-7.02212234E-10	-4.01878240E-11	 1.46118245E-11	 3.16052347E-12	-5.41274974E-13	-1.64706049E-13	-3.10769415E-14	-1.54514564E-15
 6.000000E-02	-1.51915004E-09	-1.02286181E-10	 2.39703253E-11	 6.28254123E-12	-1.10974395E-12	-3.77171903E-13	-9.23405227E-14	-1.15925604E-14
 6.500000E-02	-3.08941232E-09	-2.38694738E-10	 3.52408680E-11	 1.16252796E-11	-2.11332553E-12	-7.98238125E-13	-2.41219243E-13	-4.37389449E-14
 7.000000E-02	-5.95847619E-09	-5.18919580E-10	 4.44888438E-11	 2.00994173E-11	-3.76891597E-12	-1.58319679E-12	-5.59880119E-13	-1.24607598E-13
 7.500000E-02	-1.09759746E-08	-1.06320685E-09	 4.17013588E-11	 3.24522180E-11	-6.35961241E-12	-2.97622150E-12	-1.17262982E-12	-2.98066832E-13
 8.000000E-02	-1.94214609E-08	-2.07108581E-09	 5.66018080E-12	 4.86171064E-11	-1.02480582E-11	-5.34238320E-12	-2.26935510E-12	-6.36944677E-13
 8.500000E-02	-3.31657576E-08	-3.86181126E-09	-1.04178880E-10	 6.64329234E-11	-1.58792143E-11	-9.20365939E-12	-4.13929911E-12	-1.26294074E-12
 9.000000E-02	-5.48732672E-08	-6.93009487E-09	-3.60033365E-10	 7.93580974E-11	-2.37599992E-11	-1.52626166E-11	-7.22706168E-12	-2.38733022E-12
 9.500000E-02	-8.82504974E-08	-1.20208878E-08	-8.83868687E-10	 7.26612493E-11	-3.43842496E-11	-2.44056783E-11	-1.22074920E-11	-4.36945069E-12
 1.000000E-01	-1.38345573E-07	-2.02274644E-08	-1.87306059E-09	 1.74244022E-11	-4.80708702E-11	-3.76529449E-11	-2.00836026E-11	-7.80963458E-12
 1.050000E-01	-2.11902992E-07	-3.31173608E-08	-3.63580592E-09	-1.38479912E-10	-6.47015575E-11	-5.60715462E-11	-3.22510285E-11	-1.36402725E-11
 1.100000E-01	-3.17777287E-07	-5.28913365E-08	-6.63875743E-09	-4.83448416E-10	-8.35943288E-11	-8.08351506E-11	-5.03448856E-11	-2.30614616E-11
 1.150000E-01	-4.67407316E-07	-8.25817983E-08	-1.15703660E-08	-1.16056044E-09	-1.03634164E-10	-1.13288169E-10	-7.60802535E-11	-3.75038499E-11
 1.200000E-01	-6.75351297E-07	-1.26295392E-07	-1.94231509E-08	-2.39293709E-09	-1.23131687E-10	-1.54632872E-10	-1.11444084E-10	-5.89101734E-11
 1.250000E-01	-9.59884870E-07	-1.89503659E-07	-3.15974812E-08	-4.51753061E-09	-1.39266151E-10	-2.05452944E-10	-1.58860337E-10	-9.00063923E-11
 1.300000E-01	-1.34366219E-06	-2.79387876E-07	-5.00308627E-08	-8.02892094E-09	-1.47599542E-10	-2.65297949E-10	-2.20990805E-10	-1.34335757E-10
 1.350000E-01	-1.85443467E-06	-4.05242863E-07	-7.73565259E-08	-1.36347007E-08	-1.41730513E-10	-3.32305656E-10	-3.00329326E-10	-1.96092097E-10
 1.400000E-01	-2.52582538E-06	-5.78945843E-07	-1.17095780E-07	-2.23241646E-08	-1.13364316E-10	-4.03347564E-10	-3.98507105E-10	-2.79458941E-10
 1.450000E-01	-3.39815276E-06	-8.15496549E-07	-1.73889669E-07	-3.54524123E-08	-5.29861374E-11	-4.74383329E-10	-5.15591719E-10	-3.87960916E-10
 1.500000E-01	-4.51923606E-06	-1.13361525E-06	-2.53776194E-07	-5.48428088E-08	 4.95682302E-11	-5.40394998E-10	-6.49744246E-10	-5.24238785E-10
 1.550000E-01	-5.94506724E-06	-1.55636764E-06	-3.64515640E-07	-8.29100560E-08	 2.04900723E-10	-5.94855529E-10	-7.97132808E-10	-6.90038489E-10
 1.600000E-01	-7.74065579E-06	-2.11187403E-06	-5.15933593E-07	-1.22795725E-07	 4.25401022E-10	-6.26747105E-10	-9.52473798E-10	-8.87578683E-10
 1.650000E-01	-9.98079615E-06	-2.83405990E-06	-7.20317895E-07	-1.78522235E-07	 7.27942229E-10	-6.18255840E-10	-1.10875685E-09	-1.11909075E-09
 1.700000E-01	-1.27507356E-05	-3.76343659E-06	-9.92862950E-07	-2.55164261E-07	 1.13118976E-09	-5.52510478E-10	-1.25447351E-09	-1.37952129E-09
 1.750000E-01	-1.61467075E-05	-4.94792600E-06	-1.35217666E-06	-3.59044398E-07	 1.64774980E-09	-4.22332134E-10	-1.37254344E-09	-1.65240806E-09
 1.800000E-01	-2.02763852E-05	-6.44370574E-06	-1.82083243E-06	-4.97958033E-07	 2.28507408E-09	-2.21580044E-10	-1.44445288E-09	-1.91914740E-09
 1.850000E-01	-2.52603349E-05	-8.31630037E-06	-2.42588169E-06	-6.81393813E-07	 3.05515928E-09	 6.66649949E-11	-1.45379806E-09	-2.16614050E-09
 1.900000E-01	-3.12328188E-05	-1.06416091E-05	-3.19952642E-06	-9.20797819E-07	 3.97601389E-09	 4.63466001E-10	-1.38480436E-09	-2.37764113E-09
 1.950000E-01	-3.83416982E-05	-1.35067520E-05	-4.17990272E-06	-1.22989995E-06	 5.06549717E-09	 9.82917249E-10	-1.22138450E-09	-2.52968601E-09
 2.000000E-01	-4.67488158E-05	-1.70110108E-05	-5.41182116E-06	-1.62506541E-06	 6.33974673E-09	 1.63053654E-09	-9.50394392E-10	-2.59347563E-09
 2.050000E-01	-5.66303157E-05	-2.12667190E-05	-6.94753209E-06	-2.12568658E-06	 7.81475934E-09	 2.40490425E-09	-5.65152779E-10	-2.54074639E-09
 2.100000E-01	-6.81764547E-05	-2.63999033E-05	-8.84749019E-06	-2.75462087E-06	 9.50791608E-09	 3.30100674E-09	-6.66678944E-11	-2.34896723E-09
 2.150000E-01	-8.15907082E-05	-3.25505927E-05	-1.11810618E-05	-3.53865610E-06	 1.14402545E-08	 4.31478977E-09	 5.36341854E-10	-2.00607604E-09
 2.200000E-01	-9.70902312E-05	-3.98735090E-05	-1.40271236E-05	-4.50894968E-06	 1.36389094E-08	 5.44891797E-09	 1.22920673E-09	-1.51442645E-09
 2.250000E-01	-1.14905814E-04	-4.85385468E-05	-1.74746820E-05	-5.70150205E-06	 1.61394179E-08	 6.71781889E-09	 1.99441213E-09	-8.92220222E-10
 2.300000E-01	-1.35281646E-04	-5.87310627E-05	-2.16234217E-05	-7.15764071E-06	 1.89854365E-08	 8.14369010E-09	 2.81294809E-09	-1.69805075E-10
 2.350000E-01	-1.58475807E-04	-7.06524067E-05	-2.65842201E-05	-8.92449543E-06	 2.22259551E-08	 9.75134296E-09	 3.66528718E-09	 6.13174566E-10
 2.400000E-01	-1.84760943E-04	-8.45204707E-05	-3.24796346E-05	-1.10554680E-05	 2.59147469E-08	 1.15738871E-08	 4.53522897E-09	 1.40629938E-09
 2.450000E-01	-2.14423525E-04	-1.00569475E-04	-3.94442189E-05	-1.36106722E-05	 3.01104821E-08	 1.36576571E-08	 5.41566062E-09	 2.15182247E-09
 2.500000E-01	-2.47763928E-04	-1.19049859E-04	-4.76245980E-05	-1.66572323E-05	 3.48727677E-08	 1.60516859E-08	 6.31255001E-09	 2.79809389E-09
 2.550000E-01	-2.85096472E-04	-1.40228061E-04	-5.71793977E-05	-2.02694439E-05	 4.02553983E-08	 1.88071308E-08	 7.25305891E-09	 3.30479240E-09
 2.600000E-01	-3.26748882E-04	-1.64385864E-04	-6.82789340E-05	-2.45287854E-05	 4.63060350E-08	 2.20465034E-08	 8.32478965E-09	 3.62704715E-09
 2.650000E-01	-3.73063571E-04	-1.91820283E-04	-8.11046674E-05	-2.95236660E-05	 5.30793617E-08	 2.60072906E-08	 9.69933145E-09	 3.73404748E-09
 2.700000E-01	-4.24398756E-04	-2.22843407E-04	-9.58486686E-05	-3.53489993E-05	 6.06379740E-08	 3.08447252E-08	 1.15180914E-08	 3.68828404E-09
 2.750000E-01	-4.81129136E-04	-2.57782130E-04	-1.12713278E-04	-4.21057960E-05	 6.90158139E-08	 3.64441939E-08	 1.37804977E-08	 3.64560677E-09
 2.800000E-01	-5.43647687E-04	-2.96978199E-04	-1.31910663E-04	-4.99006384E-05	 7.81979955E-08	 4.27017860E-08	 1.65118565E-08	 3.73116705E-09
 2.850000E-01	-6.12366932E-04	-3.40787902E-04	-1.53662014E-04	-5.88448621E-05	 8.81650619E-08	 4.98400438E-08	 1.99487869E-08	 4.01511230E-09
 2.900000E-01	-6.87721262E-04	-3.89582883E-04	-1.78197313E-04	-6.90537829E-05	 9.89346206E-08	 5.80995891E-08	 2.43213313E-08	 4.63217138E-09
 2.950000E-01	-7.70167679E-04	-4.43751750E-04	-2.05756425E-04	-8.06465905E-05	 1.10534571E-07	 6.73551057E-08	 2.95903483E-08	 5.78611709E-09
 3.000000E-01	-8.60186073E-04	-5.03701280E-04	-2.36590196E-04	-9.37466732E-05	 1.22964270E-07	 7.73806178E-08	 3.56324240E-08	 7.61568663E-09
 3.050000E-01	-9.58282279E-04	-5.69856705E-04	-2.70959589E-04	-1.08481064E-04	 1.36214086E-07	 8.82160377E-08	 4.24923245E-08	 1.01607700E-08
 3.100000E-01	-1.06499003E-03	-6.42662019E-04	-3.09134877E-04	-1.24979748E-04	 1.50309256E-07	 9.99894309E-08	 5.02417576E-08	 1.34374606E-08
 3.150000E-01	-1.18087028E-03	-7.22581078E-04	-3.51396369E-04	-1.43375945E-04	 1.65312619E-07	 1.12649480E-07	 5.87818368E-08	 1.74488722E-08
 3.200000E-01	-1.30651255E-03	-8.10099112E-04	-3.98034673E-04	-1.63806158E-04	 1.81292052E-07	 1.26099934E-07	 6.79663669E-08	 2.21448194E-08
 3.250000E-01	-1.44253743E-03	-9.05724629E-04	-4.49351235E-04	-1.86410527E-04	 1.98305615E-07	 1.40401419E-07	 7.77805581E-08	 2.74399079E-08
 3.300000E-01	-1.58960067E-03	-1.00999334E-03	-5.05660601E-04	-2.11333698E-04	 2.16411386E-07	 1.55703125E-07	 8.82992708E-08	 3.32686273E-08
 3.350000E-01	-1.74839357E-03	-1.12347086E-03	-5.67293871E-04	-2.38725986E-04	 2.35663617E-07	 1.72124208E-07	 9.96039700E-08	 3.96085293E-08
 3.400000E-01	-1.91963653E-03	-1.24674993E-03	-6.34601284E-04	-2.68744410E-04	 2.56088871E-07	 1.89791526E-07	 1.11826040E-07	 4.64762425E-08
 3.450000E-01	-2.10407383E-03	-1.38044457E-03	-7.07952562E-04	-3.01552225E-04	 2.77676997E-07	 2.08883221E-07	 1.25185201E-07	 5.39391089E-08
 3.500000E-01	-2.30246969E-03	-1.52518682E-03	-7.87739099E-04	-3.37319100E-04	 3.00410155E-07	 2.29494213E-07	 1.39857244E-07	 6.21297577E-08
 3.550000E-01	-2.51560498E-03	-1.68162991E-03	-8.74379628E-04	-3.76223266E-04	 3.24267457E-07	 2.51540274E-07	 1.55888247E-07	 7.12233112E-08
 3.600000E-01	-2.74427824E-03	-1.85045375E-03	-9.68323137E-04	-4.18454012E-04	 3.49137115E-07	 2.75072969E-07	 1.73537037E-07	 8.14460843E-08
 3.650000E-01	-2.98931065E-03	-2.03236856E-03	-1.07004367E-03	-4.64211720E-04	 3.74795523E-07	 3.00561699E-07	 1.93527190E-07	 9.31279200E-08
 3.700000E-01	-3.25155613E-03	-2.22812168E-03	-1.18003229E-03	-5.13706845E-04	 4.01113434E-07	 3.28385826E-07	 2.16372110E-07	 1.06576540E-07
 3.750000E-01	-3.53190849E-03	-2.43850727E-03	-1.29879456E-03	-5.67161480E-04	 4.28197622E-07	 3.58244748E-07	 2.41692073E-07	 1.21854685E-07
 3.800000E-01	-3.83129966E-03	-2.66437186E-03	-1.42685589E-03	-6.24812107E-04	 4.56252490E-07	 3.89472813E-07	 2.68665045E-07	 1.38828369E-07
 3.850000E-01	-4.15068663E-03	-2.90661217E-03	-1.56477499E-03	-6.86911423E-04	 4.85407785E-07	 4.21607934E-07	 2.96754981E-07	 1.57366418E-07
 3.900000E-01	-4.49103909E-03	-3.16617434E-03	-1.71316390E-03	-7.53730654E-04	 5.15583403E-07	 4.54746723E-07	 3.26173242E-07	 1.77506215E-07
 3.950000E-01	-4.85333441E-03	-3.44405220E-03	-1.87269424E-03	-8.25559080E-04	 5.46469714E-07	 4.89643481E-07	 3.57959163E-07	 1.99553709E-07
 4.000000E-01	-5.23855998E-03	-3.74129400E-03	-2.04408957E-03	-9.02701227E-04	 5.77883199E-07	 5.26778202E-07	 3.92718955E-07	 2.23757909E-07
 4.050000E-01	-5.64770890E-03	-4.05900234E-03	-2.22812174E-03	-9.85476944E-04	 6.10035851E-07	 5.65408093E-07	 4.29467692E-07	 2.49870096E-07
 4.100000E-01	-6.08179403E-03	-4.39832418E-03	-2.42559896E-03	-1.07421555E-03	 6.43224936E-07	 6.04360466E-07	 4.66760823E-07	 2.77441564E-07
 4.150000E-01	-6.54184467E-03	-4.76043821E-03	-2.63735513E-03	-1.16924840E-03	 6.77471601E-07	 6.43244620E-07	 5.04266905E-07	 3.06401413E-07
 4.200000E-01	-7.02889494E-03	-5.14655476E-03	-2.86425491E-03	-1.27091171E-03	 7.12399583E-07	 6.82837254E-07	 5.43215062E-07	 3.37242492E-07
 4.250000E-01	-7.54398517E-03	-5.55793450E-03	-3.10720834E-03	-1.37955123E-03	 7.47315651E-07	 7.24839171E-07	 5.86001605E-07	 3.70954012E-07
 4.300000E-01	-8.08818062E-03	-5.99591543E-03	-3.36718861E-03	-1.49552705E-03	 7.81946652E-07	 7.69876924E-07	 6.33490768E-07	 4.08183157E-07
 4.350000E-01	-8.66255077E-03	-6.46190741E-03	-3.64524004E-03	-1.61921958E-03	 8.16949278E-07	 8.15875405E-07	 6.82962621E-07	 4.48299886E-07
 4.400000E-01	-9.26815899E-03	-6.95738968E-03	-3.94248282E-03	-1.75103212E-03	 8.52791214E-07	 8.60999857E-07	 7.32168149E-07	 4.90467861E-07
 4.450000E-01	-9.90607246E-03	-7.48391682E-03	-4.26011335E-03	-1.89138711E-03	 8.88764126E-07	 9.06752423E-07	 7.83325835E-07	 5.35233653E-07
 4.500000E-01	-1.05773575E-02	-8.04311562E-03	-4.59940241E-03	-2.04072217E-03	 9.24205781E-07	 9.54871865E-07	 8.38766186E-07	 5.83463533E-07
 4.550000E-01	-1.12830755E-02	-8.63668435E-03	-4.96169803E-03	-2.19948774E-03	 9.59708702E-07	 1.00368113E-06	 8.96138063E-07	 6.34534765E-07
 4.600000E-01	-1.20242948E-02	-9.26639859E-03	-5.34842731E-03	-2.36814191E-03	 9.95962286E-07	 1.05098679E-06	 9.52537461E-07	 6.87349618E-07
 4.650000E-01	-1.28020797E-02	-9.93409499E-03	-5.76108317E-03	-2.54713937E-03	 1.03251962E-06	 1.09769463E-06	 1.00934383E-06	 7.42180247E-07
 4.700000E-01	-1.36175087E-02	-1.06416776E-02	-6.20121983E-03	-2.73691928E-03	 1.06881379E-06	 1.14526994E-06	 1.06862637E-06	 7.99876405E-07
 4.750000E-01	-1.44716805E-02	-1.13911350E-02	-6.67046845E-03	-2.93790601E-03	 1.10524649E-06	 1.19257367E-06	 1.12891666E-06	 8.60292135E-07
 4.800000E-01	-1.53656860E-02	-1.21845490E-02	-7.17056146E-03	-3.15052020E-03	 1.14208918E-06	 1.23857961E-06	 1.18905129E-06	 9.23136820E-07
 4.850000E-01	-1.63005833E-02	-1.30241039E-02	-7.70335187E-03	-3.37518530E-03	 1.17843764E-06	 1.28536821E-06	 1.25211789E-06	 9.89389315E-07
 4.900000E-01	-1.72773611E-02	-1.39120985E-02	-8.27083957E-03	-3.61233819E-03	 1.21395091E-06	 1.33407544E-06	 1.31941474E-06	 1.05951435E-06
 4.950000E-01	-1.82968521E-02	-1.48509283E-02	-8.87519659E-03	-3.86244574E-03	 1.25041221E-06	 1.38082996E-06	 1.38482833E-06	 1.13126959E-06
 5.000000E-01	-1.93596489E-02	-1.58430801E-02	-9.51880241E-03	-4.12602662E-03	 1.28897435E-06	 1.42282281E-06	 1.44441889E-06	 1.20318128E-06
 5.050000E-01	-2.04660565E-02	-1.68911645E-02	-1.02042956E-02	-4.40367637E-03	 1.32743701E-06	 1.46470706E-06	 1.50598777E-06	 1.27878927E-06
 5.100000E-01	-2.16160810E-02	-1.79979724E-02	-1.09346346E-02	-4.69609178E-03	 1.36347833E-06	 1.51153761E-06	 1.57762522E-06	 1.36235273E-06
 5.150000E-01	-2.28093256E-02	-1.91664427E-02	-1.17131205E-02	-5.00408454E-03	 1.39828239E-06	 1.56046005E-06	 1.65482023E-06	 1.45297700E-06
 5.200000E-01	-2.40449182E-02	-2.03996336E-02	-1.25434028E-02	-5.32857600E-03	 1.43380547E-06	 1.60659093E-06	 1.73024339E-06	 1.54815345E-06
 5.250000E-01	-2.53215034E-02	-2.17007277E-02	-1.34294883E-02	-5.67058932E-03	 1.46921256E-06	 1.65102477E-06	 1.80645162E-06	 1.64935430E-06
 5.300000E-01	-2.66372220E-02	-2.30729858E-02	-1.43757043E-02	-6.03122380E-03	 1.50232176E-06	 1.69782483E-06	 1.89053197E-06	 1.75991131E-06
 5.350000E-01	-2.79897979E-02	-2.45198069E-02	-1.53867179E-02	-6.41162616E-03	 1.53221975E-06	 1.74834871E-06	 1.98466273E-06	 1.88072425E-06
 5.400000E-01	-2.93764974E-02	-2.60447523E-02	-1.64676010E-02	-6.81301490E-03	 1.56031714E-06	 1.79928542E-06	 2.08295738E-06	 2.00895076E-06
 5.450000E-01	-3.07940698E-02	-2.76515827E-02	-1.76239340E-02	-7.23673318E-03	 1.59014900E-06	 1.84349531E-06	 2.17303531E-06	 2.13871164E-06
 5.500000E-01	-3.22388749E-02	-2.93444573E-02	-1.88619775E-02	-7.68427663E-03	 1.62291236E-06	 1.87863096E-06	 2.25120002E-06	 2.26773485E-06
 5.550000E-01	-3.37067883E-02	-3.11277994E-02	-2.01885774E-02	-8.15724048E-03	 1.65375059E-06	 1.91378769E-06	 2.33394151E-06	 2.40300918E-06
 5.600000E-01	-3.51932441E-02	-3.30062058E-02	-2.16110091E-02	-8.65718592E-03	 1.67944489E-06	 1.95501488E-06	 2.43139809E-06	 2.54891758E-06
 5.650000E-01	-3.66932849E-02	-3.49844047E-02	-2.31368797E-02	-9.18551585E-03	 1.70656458E-06	 1.99078650E-06	 2.52112457E-06	 2.69427509E-06
 5.700000E-01	-3.82013334E-02	-3.70670808E-02	-2.47740539E-02	-9.74344817E-03	 1.74210526E-06	 2.00943300E-06	 2.58095592E-06	 2.82733870E-06
 5.750000E-01	-3.97112859E-02	-3.92592548E-02	-2.65310056E-02	-1.03320878E-02	 1.78201785E-06	 2.01933306E-06	 2.62661027E-06	 2.95457437E-06
 5.800000E-01	-4.12162968E-02	-4.15664221E-02	-2.84171045E-02	-1.09525462E-02	 1.81960590E-06	 2.03339325E-06	 2.68158550E-06	 3.08669164E-06
 5.850000E-01	-4.27083436E-02	-4.39944321E-02	-3.04427747E-02	-1.16060715E-02	 1.85751981E-06	 2.04831624E-06	 2.73736512E-06	 3.21870235E-06
 5.900000E-01	-4.41779673E-02	-4.65494703E-02	-3.26196506E-02	-1.22941261E-02	 1.90310407E-06	 2.05358252E-06	 2.77104572E-06	 3.33815582E-06
 5.950000E-01	-4.56140373E-02	-4.92379304E-02	-3.49605572E-02	-1.30183842E-02	 1.95958734E-06	 2.04668813E-06	 2.77532229E-06	 3.44046867E-06
 6.000000E-01	-4.70036315E-02	-5.20664118E-02	-3.74795663E-02	-1.37806839E-02	 2.02512012E-06	 2.03315944E-06	 2.76006338E-06	 3.53110221E-06
 6.050000E-01	-4.83318091E-02	-5.50416145E-02	-4.01920190E-02	-1.45829949E-02	 2.09461270E-06	 2.02178025E-06	 2.74428288E-06	 3.62219917E-06
 6.100000E-01	-4.95814905E-02	-5.81704611E-02	-4.31147764E-02	-1.54274608E-02	 2.16379774E-06	 2.01884747E-06	 2.74243745E-06	 3.72365115E-06
 6.150000E-01	-5.07333586E-02	-6.14602147E-02	-4.62664768E-02	-1.63164564E-02	 2.23330647E-06	 2.02341455E-06	 2.75217871E-06	 3.83498518E-06
 6.200000E-01	-5.17656403E-02	-6.49183268E-02	-4.96675400E-02	-1.72526003E-02	 2.30635678E-06	 2.03110783E-06	 2.76314646E-06	 3.95065699E-06
 6.250000E-01	-5.26538778E-02	-6.85523839E-02	-5.33402996E-02	-1.82387588E-02	 2.38448143E-06	 2.04016998E-06	 2.77122599E-06	 4.06850690E-06
 6.300000E-01	-5.33706015E-02	-7.23702652E-02	-5.73095117E-02	-1.92781709E-02	 2.46558449E-06	 2.05335937E-06	 2.78377569E-06	 4.19277070E-06
 6.350000E-01	-5.38847946E-02	-7.63799257E-02	-6.16026112E-02	-2.03747259E-02	 2.54360022E-06	 2.07731112E-06	 2.81892830E-06	 4.33349436E-06
 6.400000E-01	-5.41613288E-02	-8.05891451E-02	-6.62499676E-02	-2.15333058E-02	 2.61379969E-06	 2.11594758E-06	 2.88847875E-06	 4.49626389E-06
 6.450000E-01	-5.41600997E-02	-8.50062202E-02	-7.12867299E-02	-2.27605503E-02	 2.67861833E-06	 2.16434165E-06	 2.98140743E-06	 4.67286126E-06
 6.500000E-01	-5.38345130E-02	-8.96395109E-02	-7.67539493E-02	-2.40659462E-02	 2.74210349E-06	 2.21606629E-06	 3.08250939E-06	 4.85199976E-06
 6.550000E-01	-5.31304335E-02	-9.44958001E-02	-8.26976360E-02	-2.54622750E-02	 2.80209658E-06	 2.27228870E-06	 3.19567673E-06	 5.03211705E-06
 6.600000E-01	-5.19852415E-02	-9.95811377E-02	-8.91710071E-02	-2.69664535E-02	 2.85517040E-06	 2.33554980E-06	 3.32801717E-06	 5.21364032E-06
 6.650000E-01	-5.03252265E-02	-1.04900648E-01	-9.62373742E-02	-2.86014251E-02	 2.90384253E-06	 2.40141577E-06	 3.46899755E-06	 5.38925938E-06
 6.700000E-01	-4.80649497E-02	-1.10455938E-01	-1.03967832E-01	-3.03961593E-02	 2.94960512E-06	 2.46604601E-06	 3.61196357E-06	 5.55541666E-06
 6.750000E-01	-4.51087159E-02	-1.16244740E-01	-1.12439075E-01	-3.23838303E-02	 2.98380213E-06	 2.53556764E-06	 3.77925236E-06	 5.72394766E-06
 6.800000E-01	-4.13495157E-02	-1.22258725E-01	-1.21731993E-01	-3.46024924E-02	 2.99743988E-06	 2.61644414E-06	 3.99088785E-06	 5.90219822E-06
 6.850000E-01	-3.66658513E-02	-1.28484975E-01	-1.31937795E-01	-3.70974457E-02	 2.99561186E-06	 2.70239304E-06	 4.22439222E-06	 6.07157406E-06
 6.900000E-01	-3.09208208E-02	-1.34904360E-01	-1.43157174E-01	-3.99213583E-02	 2.99340852E-06	 2.77950009E-06	 4.43192487E-06	 6.20169667E-06
 6.950000E-01	-2.39623152E-02	-1.41486606E-01	-1.55494184E-01	-4.31343044E-02	 3.00417286E-06	 2.83790606E-06	 4.57742257E-06	 6.27371529E-06
 7.000000E-01	-1.56191362E-02	-1.48191548E-01	-1.69063037E-01	-4.68060695E-02	 3.02600730E-06	 2.88054019E-06	 4.67138741E-06	 6.30073742E-06
 7.050000E-01	-5.69835496E-03	-1.54966786E-01	-1.83988935E-01	-5.10177559E-02	 3.03301506E-06	 2.92568821E-06	 4.78618906E-06	 6.33517698E-06
 7.100000E-01	 6.01340670E-03	-1.61743782E-01	-2.00401971E-01	-5.58606657E-02	 3.00429718E-06	 2.98598840E-06	 4.97282333E-06	 6.41405264E-06
 7.150000E-01	 1.97497437E-02	-1.68436853E-01	-2.18435634E-01	-6.14352903E-02	 2.95717502E-06	 3.04788296E-06	 5.17873877E-06	 6.50946592E-06
 7.200000E-01	 3.57667234E-02	-1.74940827E-01	-2.38227014E-01	-6.78524591E-02	 2.91148827E-06	 3.09516278E-06	 5.34890981E-06	 6.59534397E-06
 7.250000E-01	 5.43464980E-02	-1.81128637E-01	-2.59918456E-01	-7.52350242E-02	 2.84278615E-06	 3.13718342E-06	 5.54123782E-06	 6.71662593E-06
 7.300000E-01	 7.58005136E-02	-1.86848117E-01	-2.83657589E-01	-8.37191747E-02	 2.72781465E-06	 3.18555764E-06	 5.80496102E-06	 6.90332067E-06
 7.350000E-01	 1.00471382E-01	-1.91917606E-01	-3.09594307E-01	-9.34549133E-02	 2.60463256E-06	 3.22484727E-06	 6.04111879E-06	 7.08202880E-06
 7.400000E-01	 1.28733844E-01	-1.96121670E-01	-3.37876396E-01	-1.04605329E-01	 2.51555426E-06	 3.23610658E-06	 6.15158605E-06	 7.19068571E-06
 7.450000E-01	 1.60999699E-01	-1.99208538E-01	-3.68652216E-01	-1.17346872E-01	 2.43039328E-06	 3.22739638E-06	 6.21201709E-06	 7.29840502E-06
 7.500000E-01	 1.97715524E-01	-2.00884389E-01	-4.02060417E-01	-1.31866330E-01	 2.30475969E-06	 3.21516825E-06	 6.32292686E-06	 7.48219556E-06
 7.550000E-01	 2.39360956E-01	-2.00810771E-01	-4.38222460E-01	-1.48355922E-01	 2.16281598E-06	 3.19750070E-06	 6.42825425E-06	 7.69134112E-06
 7.600000E-01	 2.86461132E-01	-1.98599390E-01	-4.77251774E-01	-1.67016992E-01	 2.04639741E-06	 3.16464820E-06	 6.43942298E-06	 7.85575130E-06
 7.650000E-01	 3.39586998E-01	-1.93803296E-01	-5.19243158E-01	-1.88057676E-01	 1.94171793E-06	 3.11734785E-06	 6.38881811E-06	 8.00594699E-06
 7.700000E-01	 3.99348765E-01	-1.85918924E-01	-5.64261039E-01	-2.11679356E-01	 1.83390179E-06	 3.06565503E-06	 6.31299358E-06	 8.15969343E-06
 7.750000E-01	 4.66393987E-01	-1.74381894E-01	-6.12329655E-01	-2.38069426E-01	 1.77678966E-06	 3.02140876E-06	 6.12317690E-06	 8.21305273E-06
 7.800000E-01	 5.41416510E-01	-1.58567004E-01	-6.63442266E-01	-2.67396339E-01	 1.81946045E-06	 2.98993505E-06	 5.74918297E-06	 8.10013355E-06
 7.850000E-01	 6.25130371E-01	-1.37793718E-01	-7.17523704E-01	-2.99783081E-01	 1.91785630E-06	 2.96669343E-06	 5.28629572E-06	 7.93576810E-06
 7.900000E-01	 7.18286613E-01	-1.11316349E-01	-7.74436767E-01	-3.35307749E-01	 2.01302907E-06	 2.95201545E-06	 4.84568331E-06	 7.83548714E-06
 7.950000E-01	 8.21722658E-01	-7.83001513E-02	-8.34019520E-01	-3.74021443E-01	 2.13408083E-06	 2.96293483E-06	 4.38868034E-06	 7.73788017E-06
 8.000000E-01	 9.36300332E-01	-3.78317056E-02	-8.95998842E-01	-4.15896358E-01	 2.34835394E-06	 3.02070801E-06	 3.82427881E-06	 7.52765274E-06
 8.050000E-01	 1.06291661E+00	 1.10541787E-02	-9.60020946E-01	-4.60800942E-01	 2.68211841E-06	 3.13872343E-06	 3.13847070E-06	 7.18197485E-06
 8.100000E-01	 1.20248868E+00	 6.93567921E-02	-1.02564629E+00	-5.08475466E-01	 3.13813536E-06	 3.32940508E-06	 2.36031893E-06	 6.72602882E-06
 8.150000E-01	 1.35590323E+00	 1.38035909E-01	-1.09233851E+00	-5.58472376E-01	 3.72773231E-06	 3.60729949E-06	 1.50699560E-06	 6.17456057E-06
 8.200000E-01	 1.52402015E+00	 2.17991211E-01	-1.15947650E+00	-6.10145563E-01	 4.43294969E-06	 3.96092703E-06	 6.16222190E-07	 5.59722373E-06
 8.250000E-01	 1.70776826E+00	 3.10145841E-01	-1.22639687E+00	-6.62707159E-01	 5.17691964E-06	 4.34018509E-06	-2.30997861E-07	 5.14474470E-06
 8.300000E-01	 1.90813260E+00	 4.15454892E-01	-1.29234116E+00	-7.15194914E-01	 5.93073266E-06	 4.73733584E-06	-1.00301136E-06	 4.85071643E-06
 8.350000E-01	 2.12611009E+00	 5.34865886E-01	-1.35641972E+00	-7.66425680E-01	 6.81251892E-06	 5.24596821E-06	-1.78521745E-06	 4.51621090E-06
 8.400000E-01	 2.36270438E+00	 6.69203776E-01	-1.41770955E+00	-8.14972467E-01	 7.94008108E-06	 5.93955529E-06	-2.65372155E-06	 3.99870911E-06
 8.450000E-01	 2.61880307E+00	 8.18987086E-01	-1.47525533E+00	-8.59105220E-01	 9.26357903E-06	 6.76143085E-06	-3.55720241E-06	 3.43338137E-06
 8.500000E-01	 2.89531856E+00	 9.84458538E-01	-1.52823404E+00	-8.96906322E-01	 1.06881589E-05	 7.63904505E-06	-4.41169326E-06	 2.98628069E-06
 8.550000E-01	 3.19320231E+00	 1.16563339E+00	-1.57587775E+00	-9.26294314E-01	 1.22369943E-05	 8.60122390E-06	-5.20825518E-06	 2.63204653E-06
 8.600000E-01	 3.51343848E+00	 1.36234938E+00	-1.61731292E+00	-9.44979878E-01	 1.39659105E-05	 9.68429636E-06	-5.96932336E-06	 2.31329092E-06
 8.650000E-01	 3.85709861E+00	 1.57441772E+00	-1.65136942E+00	-9.50405125E-01	 1.58442404E-05	 1.08381940E-05	-6.68604004E-06	 2.08892968E-06
 8.700000E-01	 4.22527558E+00	 1.80155890E+00	-1.67643419E+00	-9.39619601E-01	 1.78474296E-05	 1.20433937E-05	-7.32729812E-06	 2.00054745E-06
 8.750000E-01	 4.61892324E+00	 2.04301862E+00	-1.69054320E+00	-9.09243011E-01	 2.00643292E-05	 1.34055551E-05	-7.86669959E-06	 1.97131569E-06
 8.800000E-01	 5.03884915E+00	 2.29732166E+00	-1.69160176E+00	-8.55615730E-01	 2.25514770E-05	 1.49546398E-05	-8.30557545E-06	 1.97449628E-06
 8.850000E-01	 5.48577672E+00	 2.56224661E+00	-1.67742301E+00	-7.74936059E-01	 2.51774091E-05	 1.64877232E-05	-8.67297188E-06	 2.14336922E-06
 8.900000E-01	 5.96026822E+00	 2.83486379E+00	-1.64541558E+00	-6.63241409E-01	 2.78292251E-05	 1.78799253E-05	-8.95043668E-06	 2.56601921E-06
 8.950000E-01	 6.46252068E+00	 3.11141051E+00	-1.59212056E+00	-5.16266920E-01	 3.06504755E-05	 1.93547084E-05	-9.02389894E-06	 3.14833917E-06
 9.000000E-01	 6.99205520E+00	 3.38722051E+00	-1.51263536E+00	-3.29317804E-01	 3.38202512E-05	 2.11226939E-05	-8.79941281E-06	 3.81013774E-06
 9.050000E-01	 7.54795638E+00	 3.65650369E+00	-1.40121882E+00	-9.78562563E-02	 3.72629167E-05	 2.30148198E-05	-8.31032200E-06	 4.62435889E-06
 9.100000E-01	 8.12778527E+00	 3.91202856E+00	-1.25045748E+00	 1.81300489E-01	 4.07819673E-05	 2.47378458E-05	-7.61557193E-06	 5.67962613E-06
 9.150000E-01	 8.73071741E+00	 4.14454550E+00	-1.05601458E+00	 5.08806419E-01	 4.43187610E-05	 2.62054845E-05	-6.71328784E-06	 6.95826867E-06
 9.200000E-01	 9.34723657E+00	 4.34567960E+00	-7.99574897E-01	 8.84284788E-01	 4.78774283E-05	 2.75118606E-05	-5.42208117E-06	 8.44814297E-06
 9.250000E-01	 9.97821094E+00	 4.50191830E+00	-4.80262253E-01	 1.30392229E+00	 5.15500918E-05	 2.87832587E-05	-3.60792725E-06	 1.01643179E-05
 9.300000E-01	 1.06001323E+01	 4.60383324E+00	-5.88777196E-02	 1.76188928E+00	 5.52250414E-05	 3.00109802E-05	-1.01830751E-06	 1.21529031E-05
 9.350000E-01	 1.11853301E+01	 4.64875368E+00	 5.09088344E-01	 2.23503290E+00	 5.86700117E-05	 3.09913492E-05	 2.41909802E-06	 1.42967277E-05
 9.400000E-01	 1.17366537E+01	 4.61671420E+00	 1.20852681E+00	 2.69922879E+00	 6.18320718E-05	 3.15071577E-05	 6.46705687E-06	 1.63817233E-05
 9.450000E-01	 1.22567716E+01	 4.44636672E+00	 2.01921825E+00	 3.18836175E+00	 6.47685472E-05	 3.12674064E-05	 1.09926318E-05	 1.87651774E-05
 9.500000E-01	 1.26754843E+01	 4.27782999E+00	 3.00210972E+00	 3.42654619E+00	 6.69710766E-05	 3.11326354E-05	 1.68305056E-05	 2.00533067E-05
 9.550000E-01	 1.27708439E+01	 3.86752411E+00	 4.25963527E+00	 3.74011197E+00	 6.80970299E-05	 2.93677242E-05	 2.34939815E-05	 2.19717172E-05
 9.600000E-01	 1.28858807E+01	 3.27737760E+00	 5.71039377E+00	 3.84052757E+00	 6.91036717E-05	 2.67610896E-05	 3.08800650E-05	 2.32491134E-05
 9.650000E-01	 1.23767337E+01	 3.17675003E+00	 6.50434824E+00	 4.30176602E+00	 6.75018207E-05	 2.46454627E-05	 3.55277413E-05	 2.53803568E-05
 9.700000E-01	 1.22900292E+01	 2.97221907E+00	 7.36730386E+00	 5.09905540E+00	 6.71079420E-05	 2.06211757E-05	 4.15344044E-05	 2.97202320E-05
 9.750000E-01	 1.09181626E+01	-8.92896001E-01	 4.91345805E+00	 3.38553684E+00	 5.15808579E-05	-1.16113027E-06	 2.72617758E-05	 2.25589143E-05
 9.800000E-01	 8.03256109E+00	-9.03090860E+00	-5.52194784E-02	-2.27472045E-01	 9.92787145E-06	-1.53967035E-06	 4.79628562E-06	 4.93878791E-06
 9.850000E-01	-2.50626651E+00	-1.50104946E+01	-1.02245822E+01	-7.12492605E+00	-1.79178610E-05	-1.59915733E-04	-9.62255377E-05	-8.87117251E-05
 9.900000E-01	-1.41352824E+01	-5.46487831E+00	-1.04892462E+01	-3.04351219E+00	-1.04472547E-04	-4.37716737E-05	-7.60918683E-05	-3.50243247E-05
 9.950000E-01	-1.31599791E+01	-3.75012612E+00	-1.19377904E+01	-3.77336978E+00	-9.87396559E-05	-1.95106091E-05	-8.70429400E-05	-2.36824218E-05
 1.000000E+00	 0.00000000E+00	 0.00000000E+00	 0.00000000E+00	 0.00000000E+00	 0.00000000E+00	 0.00000000E+00	 0.00000000E+00	 0.00000000E+00
