r	R  9/ 9	R 10/ 9	R 11/ 9	R 12/ 9	I  9/ 9	I 10/ 9	I 11/ 9	I 12/ 9
 0.000000E+00	 0.00000000E+00	 0.00000000E+00	 0.00000000E+00	 0.00000000E+00	 0.00000000E+00	 0.00000000E+00	 0.00000000E+00	 0.00000000E+00
 5.000000E-03	 6.50001801E-17	-9.76537944E-17	-1.03350450E-15	 1.03930653E-16	-5.79424636E-19	 6.16134847E-20	-4.85497226E-19	-8.55602612E-20
 1.000000E-02	 2.11739226E-14	-3.02950877E-15	-1.94719962E-14	 6.88489141E-16	 4.60199299E-18	 1.72769957E-18	-1.56836099E-17	-1.69044631E-18
 1.500000E-02	 3.58063207E-13	-2.83265066E-14	-1.52825588E-13	-1.01263962E-15	 2.11276650E-16	 2.70242938E-17	-1.55129751E-16	-1.86747948E-17
 2.000000E-02	 2.92693435E-12	-1.32032423E-13	-7.38486504E-13	-2.99500958E-14	 2.21937304E-15	 2.80030468E-16	-8.36696971E-16	-1.33586782E-16
 2.500000E-02	 1.56938737E-11	-3.27589192E-13	-2.62075068E-12	-1.85475714E-13	 1.33149018E-14	 1.95394897E-15	-2.99308158E-15	-6.37668360E-16
 3.000000E-02	 6.34779467E-11	-8.85845927E-14	-7.51432803E-12	-7.46755443E-13	 5.64797039E-14	 9.92490238E-15	-7.54900752E-15	-2.26517925E-15
 3.500000E-02	 2.09731538E-10	 3.22189339E-12	-1.84108565E-11	-2.35269872E-12	 1.87369628E-13	 3.92185379E-14	-1.24217120E-14	-5.83999239E-15
 4.000000E-02	 5.95149694E-10	 1.81099208E-11	-3.98973555E-11	-6.27162784E-12	 5.19432645E-13	 1.28508061E-13	-8.42732552E-15	-1.14758364E-14
 4.500000E-02	 1.50010294E-09	 6.66120884E-11	-7.81232187E-11	-1.47608715E-11	 1.26380503E-12	 3.64822343E-13	 2.63071482E-14	-1.77267485E-14
 5.000000E-02	 3.43885347E-09	 1.98309274E-10	-1.39942323E-10	-3.14854662E-11	 2.78273195E-12	 9.20829444E-13	 1.47893084E-13	-1.48318484E-14
 5.500000E-02	 7.29425566E-09	 5.13952931E-10	-2.30473505E-10	-6.18895277E-11	 5.64085463E-12	 2.10792398E-12	 4.89108137E-13	 2.99412695E-14
 6.000000E-02	 1.45020618E-08	 1.20289499E-09	-3.47924470E-10	-1.13315845E-10	 1.06309971E-11	 4.43908516E-12	 1.33816318E-12	 2.08250896E-13
 6.500000E-02	 2.72939510E-08	 2.59945325E-09	-4.74031316E-10	-1.94501308E-10	 1.87413753E-11	 8.70006168E-12	 3.24225314E-12	 7.30756701E-13
 7.000000E-02	 4.90078449E-08	 5.26434819E-09	-5.57880254E-10	-3.13799192E-10	 3.11253543E-11	 1.60744250E-11	 7.02025466E-12	 1.94524247E-12
 7.500000E-02	 8.44730143E-08	 1.00987499E-08	-4.89967501E-10	-4.75180085E-10	 4.91590742E-11	 2.82935924E-11	 1.37814749E-11	 4.36620602E-12
 8.000000E-02	 1.40476171E-07	 1.84989390E-08	-6.25828606E-11	-6.70544369E-10	 7.44748257E-11	 4.77621158E-11	 2.51022652E-11	 8.78945971E-12
 8.500000E-02	 2.26312260E-07	 3.25596085E-08	 1.08806056E-09	-8.66290823E-10	 1.08910616E-10	 7.76757470E-11	 4.32499249E-11	 1.64749680E-11
 9.000000E-02	 3.54423570E-07	 5.53349531E-08	 3.56348440E-09	-9.81569419E-10	 1.54328158E-10	 1.22003190E-10	 7.15580057E-11	 2.95323616E-11
 9.500000E-02	 5.41124488E-07	 9.11650392E-08	 8.31417398E-09	-8.54939464E-10	 2.12150054E-10	 1.85318366E-10	 1.14865602E-10	 5.14001922E-11
 1.000000E-01	 8.07414161E-07	 1.46076703E-07	 1.67872052E-08	-1.95815007E-10	 2.82524863E-10	 2.72292117E-10	 1.80043622E-10	 8.75834087E-11
 1.050000E-01	 1.17987039E-06	 2.28266045E-07	 3.11171696E-08	 1.48353354E-09	 3.63151256E-10	 3.87063359E-10	 2.76102374E-10	 1.46185405E-10
 1.100000E-01	 1.69165035E-06	 3.48679319E-07	 5.43689339E-08	 4.96009373E-09	 4.49149035E-10	 5.33768001E-10	 4.12467862E-10	 2.36681492E-10
 1.150000E-01	 2.38356104E-06	 5.21703485E-07	 9.08455972E-08	 1.14229894E-08	 5.34304425E-10	 7.16979604E-10	 5.97630489E-10	 3.69255264E-10
 1.200000E-01	 3.30525192E-06	 7.65986176E-07	 1.46473701E-07	 2.26352145E-08	 6.10676413E-10	 9.39752146E-10	 8.40851614E-10	 5.57397649E-10
 1.250000E-01	 4.51641846E-06	 1.10535501E-06	 2.29262617E-07	 4.11386156E-08	 6.66285239E-10	 1.20114164E-09	 1.15327863E-09	 8.19830945E-10
 1.300000E-01	 6.08783262E-06	 1.56978655E-06	 3.49831402E-07	 7.05016831E-08	 6.83619627E-10	 1.49455740E-09	 1.54615693E-09	 1.17984951E-09
 1.350000E-01	 8.10253712E-06	 2.19652409E-06	 5.22030469E-07	 1.15615979E-07	 6.39100378E-10	 1.80669269E-09	 2.02808966E-09	 1.66316283E-09
 1.400000E-01	 1.06569949E-05	 3.03129839E-06	 7.63656216E-07	 1.83042781E-07	 5.04408115E-10	 2.11943361E-09	 2.60092370E-09	 2.29203697E-09
 1.450000E-01	 1.38622021E-05	 4.12966460E-06	 1.09727317E-06	 2.81415364E-07	 2.50052617E-10	 2.41246741E-09	 3.25638523E-09	 3.08064367E-09
 1.500000E-01	 1.78445750E-05	 5.55838907E-06	 1.55116637E-06	 4.21909989E-07	-1.52160609E-10	 2.66332498E-09	 3.97558517E-09	 4.03459943E-09
 1.550000E-01	 2.27461241E-05	 7.39669651E-06	 2.16040224E-06	 6.18785621E-07	-7.28450841E-10	 2.84527927E-09	 4.73008649E-09	 5.15206210E-09
 1.600000E-01	 2.87255782E-05	 9.73782583E-06	 2.96785817E-06	 8.89940724E-07	-1.50838343E-09	 2.91415539E-09	 5.48661087E-09	 6.43509927E-09
 1.650000E-01	 3.59588147E-05	 1.26904384E-05	 4.02536483E-06	 1.25750610E-06	-2.53444258E-09	 2.80009119E-09	 6.20631217E-09	 7.88636105E-09
 1.700000E-01	 4.46389032E-05	 1.63799461E-05	 5.39493101E-06	 1.74846834E-06	-3.85082036E-09	 2.44513533E-09	 6.83025098E-09	 9.45834635E-09
 1.750000E-01	 5.49756378E-05	 2.09498038E-05	 7.15010785E-06	 2.39536189E-06	-5.47584630E-09	 1.83943152E-09	 7.27613793E-09	 1.10316504E-08
 1.800000E-01	 6.71942403E-05	 2.65623749E-05	 9.37724393E-06	 3.23699230E-06	-7.40836536E-09	 9.78595382E-10	 7.46277462E-09	 1.24851150E-08
 1.850000E-01	 8.15382961E-05	 3.34010021E-05	 1.21764873E-05	 4.31907578E-06	-9.66230120E-09	-1.85348030E-10	 7.32797082E-09	 1.37423345E-08
 1.900000E-01	 9.82705846E-05	 4.16717429E-05	 1.56635366E-05	 5.69511091E-06	-1.22694253E-08	-1.71201050E-09	 6.81880090E-09	 1.47212096E-08
 1.950000E-01	 1.17670400E-04	 5.16038884E-05	 1.99715682E-05	 7.42746476E-06	-1.52577747E-08	-3.62819903E-09	 5.88576242E-09	 1.52972152E-08
 2.000000E-01	 1.40032756E-04	 6.34507924E-05	 2.52527090E-05	 9.58846739E-06	-1.86474224E-08	-5.92605848E-09	 4.49763528E-09	 1.53285121E-08
 2.050000E-01	 1.65667709E-04	 7.74905191E-05	 3.16794864E-05	 1.22616256E-05	-2.24561428E-08	-8.57313006E-09	 2.65550828E-09	 1.46889166E-08
 2.100000E-01	 1.94898435E-04	 9.40256040E-05	 3.94461412E-05	 1.55429716E-05	-2.67040424E-08	-1.15270651E-08	 3.94585243E-10	 1.32954296E-08
 2.150000E-01	 2.28057305E-04	 1.13381547E-04	 4.87694620E-05	 1.95423690E-05	-3.14196674E-08	-1.47525616E-08	-2.21943046E-09	 1.11296463E-08
 2.200000E-01	 2.65485961E-04	 1.35906671E-04	 5.98889852E-05	 2.43844863E-05	-3.66457268E-08	-1.82402463E-08	-5.10105441E-09	 8.25238240E-09
 2.250000E-01	 3.07534526E-04	 1.61971598E-04	 7.30674289E-05	 3.02099215E-05	-4.24439763E-08	-2.20211411E-08	-8.16015279E-09	 4.80344575E-09
 2.300000E-01	 3.54560480E-04	 1.91968243E-04	 8.85908428E-05	 3.71762911E-05	-4.88925255E-08	-2.61492054E-08	-1.13078173E-08	 9.74315041E-10
 2.350000E-01	 4.06929368E-04	 2.26309629E-04	 1.06768584E-04	 4.54591490E-05	-5.60767638E-08	-3.06819864E-08	-1.44599015E-08	-3.01149750E-09
 2.400000E-01	 4.65015939E-04	 2.65429832E-04	 1.27933244E-04	 5.52528137E-05	-6.40873753E-08	-3.56985366E-08	-1.75517124E-08	-6.89348613E-09
 2.450000E-01	 5.29201562E-04	 3.09781533E-04	 1.52439901E-04	 6.67709606E-05	-7.30204644E-08	-4.13131829E-08	-2.05585987E-08	-1.03940404E-08
 2.500000E-01	 5.99873941E-04	 3.59834189E-04	 1.80664577E-04	 8.02464957E-05	-8.29672466E-08	-4.76394799E-08	-2.35069918E-08	-1.32852651E-08
 2.550000E-01	 6.77426708E-04	 4.16072035E-04	 2.13002297E-04	 9.59307992E-05	-9.39973366E-08	-5.47858586E-08	-2.64984001E-08	-1.54097094E-08
 2.600000E-01	 7.62256844E-04	 4.78990363E-04	 2.49864059E-04	 1.14092113E-04	-1.06160473E-07	-6.30613696E-08	-2.98485364E-08	-1.65975147E-08
 2.650000E-01	 8.54768479E-04	 5.49095196E-04	 2.91674179E-04	 1.35013418E-04	-1.19522674E-07	-7.30933065E-08	-3.41606192E-08	-1.67511829E-08
 2.700000E-01	 9.55377902E-04	 6.26904611E-04	 3.38869193E-04	 1.58990498E-04	-1.34166118E-07	-8.52363121E-08	-3.98914202E-08	-1.62021553E-08
 2.750000E-01	 1.06451365E-03	 7.12947056E-04	 3.91895964E-04	 1.86329424E-04	-1.50098213E-07	-9.90549104E-08	-4.69588924E-08	-1.56777843E-08
 2.800000E-01	 1.18261999E-03	 8.07761439E-04	 4.51210125E-04	 2.17344089E-04	-1.67215956E-07	-1.14167992E-07	-5.53726023E-08	-1.57209102E-08
 2.850000E-01	 1.31015737E-03	 9.11894907E-04	 5.17272502E-04	 2.52352118E-04	-1.85421703E-07	-1.31120994E-07	-6.58758115E-08	-1.66006575E-08
 2.900000E-01	 1.44760072E-03	 1.02589985E-03	 5.90544803E-04	 2.91669451E-04	-2.04707101E-07	-1.50479392E-07	-7.91493289E-08	-1.88482070E-08
 2.950000E-01	 1.59543863E-03	 1.15033634E-03	 6.71492114E-04	 3.35609381E-04	-2.25077298E-07	-1.71796107E-07	-9.49298108E-08	-2.32535727E-08
 3.000000E-01	 1.75415985E-03	 1.28576254E-03	 7.60577071E-04	 3.84478204E-04	-2.46471351E-07	-1.94384460E-07	-1.12691558E-07	-3.02894017E-08
 3.050000E-01	 1.92426788E-03	 1.43274211E-03	 8.58261490E-04	 4.38575791E-04	-2.68819048E-07	-2.18290425E-07	-1.32493616E-07	-4.00016066E-08
 3.100000E-01	 2.10630301E-03	 1.59186228E-03	 9.65017040E-04	 4.98201699E-04	-2.92128838E-07	-2.43783719E-07	-1.54482143E-07	-5.23433413E-08
 3.150000E-01	 2.30083608E-03	 1.76373362E-03	 1.08132646E-03	 5.63656386E-04	-3.16478527E-07	-2.70663423E-07	-1.78253314E-07	-6.72184678E-08
 3.200000E-01	 2.50848882E-03	 1.94901213E-03	 1.20769962E-03	 6.35252316E-04	-3.41952042E-07	-2.98630958E-07	-2.03281543E-07	-8.43282381E-08
 3.250000E-01	 2.72992356E-03	 2.14839104E-03	 1.34466685E-03	 7.13310764E-04	-3.68614812E-07	-3.27791476E-07	-2.29478542E-07	-1.03259394E-07
 3.300000E-01	 2.96583241E-03	 2.36259274E-03	 1.49277316E-03	 7.98157312E-04	-3.96530030E-07	-3.58455035E-07	-2.57029394E-07	-1.23699336E-07
 3.350000E-01	 3.21694097E-03	 2.59237808E-03	 1.65259130E-03	 8.90128636E-04	-4.25748946E-07	-3.90838991E-07	-2.86122524E-07	-1.45512788E-07
 3.400000E-01	 3.48398542E-03	 2.83852855E-03	 1.82472036E-03	 9.89570829E-04	-4.56268202E-07	-4.25165062E-07	-3.17079216E-07	-1.68714690E-07
 3.450000E-01	 3.76770519E-03	 3.10183395E-03	 2.00978651E-03	 1.09683792E-03	-4.88020764E-07	-4.61767646E-07	-3.50464739E-07	-1.93506613E-07
 3.500000E-01	 4.06882242E-03	 3.38307050E-03	 2.20843554E-03	 1.21228359E-03	-5.20928265E-07	-5.00776723E-07	-3.86689692E-07	-2.20315219E-07
 3.550000E-01	 4.38804210E-03	 3.68301289E-03	 2.42135051E-03	 1.33627073E-03	-5.54904535E-07	-5.41899555E-07	-4.25758549E-07	-2.49688074E-07
 3.600000E-01	 4.72604778E-03	 4.00243840E-03	 2.64925069E-03	 1.46917479E-03	-5.89706906E-07	-5.85147917E-07	-4.68255911E-07	-2.82323000E-07
 3.650000E-01	 5.08352155E-03	 4.34214447E-03	 2.89288336E-03	 1.61138856E-03	-6.24923774E-07	-6.31469907E-07	-5.16050060E-07	-3.19270780E-07
 3.700000E-01	 5.46118997E-03	 4.70299284E-03	 3.15302656E-03	 1.76333605E-03	-6.60330486E-07	-6.81591844E-07	-5.70374512E-07	-3.61472124E-07
 3.750000E-01	 5.85981153E-03	 5.08590341E-03	 3.43046255E-03	 1.92546335E-03	-6.96094242E-07	-7.34735747E-07	-6.29980817E-07	-4.08960847E-07
 3.800000E-01	 6.28014145E-03	 5.49182910E-03	 3.72596296E-03	 2.09822616E-03	-7.32523705E-07	-7.89382616E-07	-6.92493448E-07	-4.61088644E-07
 3.850000E-01	 6.72293055E-03	 5.92177004E-03	 4.04034115E-03	 2.28210727E-03	-7.69792017E-07	-8.44505510E-07	-7.56391817E-07	-5.17248031E-07
 3.900000E-01	 7.18894606E-03	 6.37681417E-03	 4.37453939E-03	 2.47765072E-03	-8.07733395E-07	-9.00267708E-07	-8.22154964E-07	-5.77423357E-07
 3.950000E-01	 7.67894174E-03	 6.85810631E-03	 4.72961896E-03	 2.68544361E-03	-8.45840906E-07	-9.58201977E-07	-8.92422728E-07	-6.42527321E-07
 4.000000E-01	 8.19364779E-03	 7.36684215E-03	 5.10672051E-03	 2.90609460E-03	-8.83834690E-07	-1.01924222E-06	-9.68646774E-07	-7.13264096E-07
 4.050000E-01	 8.73378121E-03	 7.90428346E-03	 5.50706729E-03	 3.14024529E-03	-9.22040156E-07	-1.08179398E-06	-1.04813537E-06	-7.88632451E-07
 4.100000E-01	 9.30011678E-03	 8.47179172E-03	 5.93198198E-03	 3.38858728E-03	-9.60891879E-07	-1.14347553E-06	-1.12715136E-06	-8.67017095E-07
 4.150000E-01	 9.89342688E-03	 9.07074024E-03	 6.38280470E-03	 3.65179886E-03	-1.00039489E-06	-1.20354405E-06	-1.20487806E-06	-9.48096984E-07
 4.200000E-01	 1.05143518E-02	 9.70238278E-03	 6.86078703E-03	 3.93046785E-03	-1.03995587E-06	-1.26351214E-06	-1.28430636E-06	-1.03332131E-06
 4.250000E-01	 1.11634809E-02	 1.03679754E-02	 7.36720170E-03	 4.22516183E-03	-1.07855931E-06	-1.32667142E-06	-1.37123695E-06	-1.12570260E-06
 4.300000E-01	 1.18414653E-02	 1.10689222E-02	 7.90346923E-03	 4.53650718E-03	-1.11586129E-06	-1.39419892E-06	-1.46763747E-06	-1.22711836E-06
 4.350000E-01	 1.25489454E-02	 1.18067137E-02	 8.47113063E-03	 4.86517636E-03	-1.15282396E-06	-1.46197957E-06	-1.56663110E-06	-1.33525839E-06
 4.400000E-01	 1.32865132E-02	 1.25828900E-02	 9.07182731E-03	 5.21187475E-03	-1.19007363E-06	-1.52644962E-06	-1.66264012E-06	-1.44721919E-06
 4.450000E-01	 1.40547360E-02	 1.33990565E-02	 9.70730309E-03	 5.57733239E-03	-1.22661643E-06	-1.59058153E-06	-1.76108449E-06	-1.56466762E-06
 4.500000E-01	 1.48541545E-02	 1.42568795E-02	 1.03793984E-02	 5.96229339E-03	-1.26159496E-06	-1.65772975E-06	-1.86752441E-06	-1.69023849E-06
 4.550000E-01	 1.56852759E-02	 1.51580780E-02	 1.10900493E-02	 6.36750687E-03	-1.29585184E-06	-1.72466842E-06	-1.97618675E-06	-1.82173295E-06
 4.600000E-01	 1.65485910E-02	 1.61044315E-02	 1.18412872E-02	 6.79371231E-03	-1.33029666E-06	-1.78730481E-06	-2.08017236E-06	-1.95555516E-06
 4.650000E-01	 1.74445706E-02	 1.70977602E-02	 1.26352152E-02	 7.24161600E-03	-1.36432950E-06	-1.84747338E-06	-2.18286865E-06	-2.09254630E-06
 4.700000E-01	 1.83737317E-02	 1.81399861E-02	 1.34740444E-02	 7.71189447E-03	-1.39724425E-06	-1.90798328E-06	-2.28915360E-06	-2.23526198E-06
 4.750000E-01	 1.93366097E-02	 1.92331150E-02	 1.43600837E-02	 8.20516902E-03	-1.42958441E-06	-1.96671306E-06	-2.39548903E-06	-2.38298909E-06
 4.800000E-01	 2.03336662E-02	 2.03791807E-02	 1.52957247E-02	 8.72199294E-03	-1.46167319E-06	-2.02174420E-06	-2.49903847E-06	-2.53455116E-06
 4.850000E-01	 2.13652969E-02	 2.15803044E-02	 1.62835207E-02	 9.26290343E-03	-1.49237114E-06	-2.07691942E-06	-2.60685487E-06	-2.69282255E-06
 4.900000E-01	 2.24318363E-02	 2.28387720E-02	 1.73262942E-02	 9.82849461E-03	-1.52134329E-06	-2.13444883E-06	-2.72205026E-06	-2.85925951E-06
 4.950000E-01	 2.35334104E-02	 2.41569507E-02	 1.84271325E-02	 1.04194267E-02	-1.55086437E-06	-2.18748374E-06	-2.83096729E-06	-3.02707912E-06
 5.000000E-01	 2.46697818E-02	 2.55372011E-02	 1.95893760E-02	 1.10364284E-02	-1.58227493E-06	-2.23101257E-06	-2.92475349E-06	-3.19162722E-06
 5.050000E-01	 2.58403115E-02	 2.69819337E-02	 2.08167144E-02	 1.16803622E-02	-1.61281277E-06	-2.27326838E-06	-3.02060406E-06	-3.36300165E-06
 5.100000E-01	 2.70438965E-02	 2.84936045E-02	 2.21132018E-02	 1.23522166E-02	-1.63972376E-06	-2.32304072E-06	-3.13598787E-06	-3.55310505E-06
 5.150000E-01	 2.82789530E-02	 3.00747774E-02	 2.34833956E-02	 1.30532196E-02	-1.66450983E-06	-2.37515615E-06	-3.26053820E-06	-3.75854130E-06
 5.200000E-01	 2.95435182E-02	 3.17283024E-02	 2.49325753E-02	 1.37849784E-02	-1.68950659E-06	-2.42118299E-06	-3.37823482E-06	-3.97152493E-06
 5.250000E-01	 3.08351070E-02	 3.34571129E-02	 2.64665327E-02	 1.45493011E-02	-1.71371701E-06	-2.46318573E-06	-3.49467327E-06	-4.19593267E-06
 5.300000E-01	 3.21504659E-02	 3.52638121E-02	 2.80911327E-02	 1.53478802E-02	-1.73460712E-06	-2.50799202E-06	-3.62455369E-06	-4.44055875E-06
 5.350000E-01	 3.34858959E-02	 3.71510169E-02	 2.98125802E-02	 1.61823955E-02	-1.75120448E-06	-2.55778025E-06	-3.77203331E-06	-4.70731350E-06
 5.400000E-01	 3.48374366E-02	 3.91216878E-02	 3.16378269E-02	 1.70547874E-02	-1.76529662E-06	-2.60738879E-06	-3.92521821E-06	-4.98838064E-06
 5.450000E-01	 3.62006652E-02	 4.11789747E-02	 3.35745413E-02	 1.79672382E-02	-1.78098675E-06	-2.64527991E-06	-4.05885614E-06	-5.26764536E-06
 5.500000E-01	 3.75707987E-02	 4.33264017E-02	 3.56312951E-02	 1.89221565E-02	-1.79950180E-06	-2.66744435E-06	-4.16508631E-06	-5.53846635E-06
 5.550000E-01	 3.89426635E-02	 4.55677401E-02	 3.78174309E-02	 1.99220995E-02	-1.81535597E-06	-2.68906801E-06	-4.27796526E-06	-5.81994951E-06
 5.600000E-01	 4.03109331E-02	 4.79071158E-02	 4.01430004E-02	 2.09696211E-02	-1.82521196E-06	-2.72069873E-06	-4.41902402E-06	-6.12464802E-06
 5.650000E-01	 4.16700390E-02	 5.03487194E-02	 4.26183343E-02	 2.20668192E-02	-1.83647906E-06	-2.74365510E-06	-4.54299966E-06	-6.42263528E-06
 5.700000E-01	 4.30136448E-02	 5.28961249E-02	 4.52534332E-02	 2.32149893E-02	-1.85664573E-06	-2.73896835E-06	-4.60555187E-06	-6.68270564E-06
 5.750000E-01	 4.43350368E-02	 5.55532103E-02	 4.80589827E-02	 2.44150807E-02	-1.88115989E-06	-2.72079956E-06	-4.63951561E-06	-6.92322403E-06
 5.800000E-01	 4.56271580E-02	 5.83247401E-02	 5.10472735E-02	 2.56682717E-02	-1.90287892E-06	-2.71021507E-06	-4.69226467E-06	-7.17324679E-06
 5.850000E-01	 4.68819235E-02	 6.12158303E-02	 5.42320670E-02	 2.69760254E-02	-1.92471171E-06	-2.70151525E-06	-4.74646318E-06	-7.41958728E-06
 5.900000E-01	 4.80897707E-02	 6.42315593E-02	 5.76284153E-02	 2.83400125E-02	-1.95441118E-06	-2.67815161E-06	-4.75812852E-06	-7.63082966E-06
 5.950000E-01	 4.92395939E-02	 6.73769706E-02	 6.12527502E-02	 2.97622270E-02	-1.99525375E-06	-2.63682155E-06	-4.71503902E-06	-7.79689265E-06
 6.000000E-01	 5.03187800E-02	 7.06572213E-02	 6.51230796E-02	 3.12449677E-02	-2.04507418E-06	-2.58592304E-06	-4.63642966E-06	-7.93182728E-06
 6.050000E-01	 5.13130029E-02	 7.40773802E-02	 6.92588918E-02	 3.27907085E-02	-2.09837778E-06	-2.53835443E-06	-4.55751396E-06	-8.06510771E-06
 6.100000E-01	 5.22062312E-02	 7.76427007E-02	 7.36816404E-02	 3.44022620E-02	-2.15072479E-06	-2.50329085E-06	-4.50458656E-06	-8.22020512E-06
 6.150000E-01	 5.29806779E-02	 8.13587377E-02	 7.84150588E-02	 3.60828749E-02	-2.20279425E-06	-2.47868436E-06	-4.47204667E-06	-8.39466819E-06
 6.200000E-01	 5.36166149E-02	 8.52310652E-02	 8.34849842E-02	 3.78361939E-02	-2.25786676E-06	-2.45757167E-06	-4.44013665E-06	-8.57433372E-06
 6.250000E-01	 5.40922350E-02	 8.92652284E-02	 8.89195059E-02	 3.96662718E-02	-2.31746071E-06	-2.43716229E-06	-4.40116066E-06	-8.75377500E-06
 6.300000E-01	 5.43835095E-02	 9.34671708E-02	 9.47499956E-02	 4.15779678E-02	-2.37941058E-06	-2.42098160E-06	-4.36737886E-06	-8.94219554E-06
 6.350000E-01	 5.44636530E-02	 9.78427848E-02	 1.01011203E-01	 4.35774003E-02	-2.43770914E-06	-2.41853946E-06	-4.37052173E-06	-9.16270101E-06
 6.400000E-01	 5.43025664E-02	 1.02397335E-01	 1.07741174E-01	 4.56724355E-02	-2.48788772E-06	-2.43568485E-06	-4.43109343E-06	-9.42811296E-06
 6.450000E-01	 5.38659930E-02	 1.07136015E-01	 1.14983597E-01	 4.78739415E-02	-2.53255097E-06	-2.46452351E-06	-4.52742016E-06	-9.71791478E-06
 6.500000E-01	 5.31134579E-02	 1.12061259E-01	 1.22786311E-01	 5.01963735E-02	-2.57573849E-06	-2.49494557E-06	-4.63071131E-06	-1.00048385E-05
 6.550000E-01	 5.19979219E-02	 1.17171113E-01	 1.31199635E-01	 5.26587225E-02	-2.61546701E-06	-2.52921966E-06	-4.74849993E-06	-1.02863719E-05
 6.600000E-01	 5.04651264E-02	 1.22459394E-01	 1.40277774E-01	 5.52851962E-02	-2.64859762E-06	-2.57173068E-06	-4.89392137E-06	-1.05643116E-05
 6.650000E-01	 4.84523830E-02	 1.27917317E-01	 1.50084948E-01	 5.81099090E-02	-2.67766552E-06	-2.61525721E-06	-5.04620820E-06	-1.08201137E-05
 6.700000E-01	 4.58886932E-02	 1.33530566E-01	 1.60690972E-01	 6.11763360E-02	-2.70415470E-06	-2.65301349E-06	-5.19034231E-06	-1.10430098E-05
 6.750000E-01	 4.26968538E-02	 1.39278956E-01	 1.72166706E-01	 6.45327813E-02	-2.72011821E-06	-2.69432717E-06	-5.36424501E-06	-1.12595618E-05
 6.800000E-01	 3.87929848E-02	 1.45132871E-01	 1.84578977E-01	 6.82320623E-02	-2.71761455E-06	-2.74959074E-06	-5.60257737E-06	-1.14870829E-05
 6.850000E-01	 3.40849222E-02	 1.51057179E-01	 1.98001529E-01	 7.23364766E-02	-2.70191942E-06	-2.80983847E-06	-5.86622470E-06	-1.16844753E-05
 6.900000E-01	 2.84724218E-02	 1.57010262E-01	 2.12513372E-01	 7.69172143E-02	-2.68731276E-06	-2.85583937E-06	-6.07638787E-06	-1.17875730E-05
 6.950000E-01	 2.18481442E-02	 1.62936833E-01	 2.28184954E-01	 8.20514484E-02	-2.68613514E-06	-2.87392259E-06	-6.17493336E-06	-1.17578511E-05
 7.000000E-01	 1.40956525E-02	 1.68772006E-01	 2.45089945E-01	 8.78263440E-02	-2.69662394E-06	-2.86682598E-06	-6.17688362E-06	-1.16219237E-05
 7.050000E-01	 5.08841838E-03	 1.74440348E-01	 2.63306491E-01	 9.43407530E-02	-2.69559657E-06	-2.86151623E-06	-6.20132919E-06	-1.14913056E-05
 7.100000E-01	-5.30770963E-03	 1.79854093E-01	 2.82910189E-01	 1.01702302E-01	-2.66532212E-06	-2.87846086E-06	-6.33255203E-06	-1.14432689E-05
 7.150000E-01	-1.72332415E-02	 1.84912087E-01	 3.03969074E-01	 1.10022521E-01	-2.62260937E-06	-2.89574575E-06	-6.47658928E-06	-1.14094218E-05
 7.200000E-01	-3.08356847E-02	 1.89498075E-01	 3.26542084E-01	 1.19416371E-01	-2.58576144E-06	-2.88719617E-06	-6.53685056E-06	-1.13270265E-05
 7.250000E-01	-4.62711892E-02	 1.93480558E-01	 3.50682193E-01	 1.30003698E-01	-2.53379981E-06	-2.87157076E-06	-6.61360008E-06	-1.12934481E-05
 7.300000E-01	-6.37057816E-02	 1.96712024E-01	 3.76437493E-01	 1.41909992E-01	-2.44788770E-06	-2.87237770E-06	-6.79498849E-06	-1.13759193E-05
 7.350000E-01	-8.33153115E-02	 1.99026359E-01	 4.03846677E-01	 1.55264882E-01	-2.36263854E-06	-2.86446045E-06	-6.92156539E-06	-1.14209464E-05
 7.400000E-01	-1.05284395E-01	 2.00236572E-01	 4.32932601E-01	 1.70198418E-01	-2.31446003E-06	-2.81637355E-06	-6.83836890E-06	-1.13020411E-05
 7.450000E-01	-1.29809146E-01	 2.00136344E-01	 4.63709779E-01	 1.86841254E-01	-2.27710650E-06	-2.74703150E-06	-6.67552144E-06	-1.11644200E-05
 7.500000E-01	-1.57093051E-01	 1.98496279E-01	 4.96169483E-01	 2.05316930E-01	-2.21445001E-06	-2.68787119E-06	-6.59451018E-06	-1.11591522E-05
 7.550000E-01	-1.87343653E-01	 1.95064737E-01	 5.30272070E-01	 2.25733302E-01	-2.14901167E-06	-2.63122374E-06	-6.50265215E-06	-1.11773637E-05
 7.600000E-01	-2.20782308E-01	 1.89568489E-01	 5.65968003E-01	 2.48192153E-01	-2.11580913E-06	-2.55776114E-06	-6.26712090E-06	-1.10854638E-05
 7.650000E-01	-2.57642253E-01	 1.81707066E-01	 6.03185154E-01	 2.72784827E-01	-2.10207882E-06	-2.47594234E-06	-5.95447383E-06	-1.09585340E-05
 7.700000E-01	            NaN	 1.71158727E-01	            NaN	 2.99574087E-01	            NaN	-2.40609163E-06	            NaN	-1.08494435E-05
 7.750000E-01	            NaN	 1.57579345E-01	            NaN	 3.28585184E-01	            NaN	-2.35268211E-06	            NaN	-1.05797835E-05
 7.800000E-01	            NaN	 1.40607424E-01	            NaN	 3.59807635E-01	            NaN	-2.31042927E-06	            NaN	-1.00393064E-05
 7.850000E-01	            NaN	 1.19870059E-01	            NaN	 3.93158260E-01	            NaN	-2.28274063E-06	            NaN	-9.43762219E-06
 7.900000E-01	            NaN	 9.49786341E-02	            NaN	 4.28491894E-01	            NaN	-2.28197165E-06	            NaN	-8.97041429E-06
 7.950000E-01	            NaN	 6.55143761E-02	            NaN	 4.65649384E-01	            NaN	-2.31976162E-06	            NaN	-8.52801925E-06
 8.000000E-01	            NaN	 3.10374327E-02	            NaN	 5.04382513E-01	            NaN	-2.40530727E-06	            NaN	-7.93631727E-06
 8.050000E-01	            NaN	-8.88715546E-03	            NaN	 5.44347535E-01	            NaN	-2.54841106E-06	            NaN	-7.18867306E-06
 8.100000E-01	            NaN	-5.46761793E-02	            NaN	            NaN	            NaN	-2.76026990E-06	            NaN	            NaN
 8.150000E-01	            NaN	-1.06672956E-01	            NaN	            NaN	            NaN	-3.04947423E-06	            NaN	            NaN
 8.200000E-01	            NaN	            NaN	            NaN	            NaN	            NaN	            NaN	            NaN	            NaN
 8.250000E-01	            NaN	            NaN	            NaN	            NaN	            NaN	            NaN	            NaN	            NaN
 8.300000E-01	            NaN	            NaN	            NaN	            NaN	            NaN	            NaN	            NaN	            NaN
 8.350000E-01	            NaN	            NaN	            NaN	            NaN	            NaN	            NaN	            NaN	            NaN
 8.400000E-01	            NaN	            NaN	            NaN	            NaN	            NaN	            NaN	            NaN	            NaN
 8.450000E-01	            NaN	            NaN	            NaN	            NaN	            NaN	            NaN	            NaN	            NaN
 8.500000E-01	            NaN	            NaN	            NaN	 8.41468862E-01	            NaN	            NaN	            NaN	-7.42993146E-07
 8.550000E-01	            NaN	            NaN	            NaN	 8.48403957E-01	            NaN	            NaN	            NaN	-3.52151255E-07
 8.600000E-01	            NaN	            NaN	            NaN	 8.45338392E-01	            NaN	            NaN	            NaN	-4.23306540E-09
 8.650000E-01	            NaN	            NaN	            NaN	            NaN	            NaN	            NaN	            NaN	            NaN
 8.700000E-01	            NaN	            NaN	            NaN	            NaN	            NaN	            NaN	            NaN	            NaN
 8.750000E-01	            NaN	            NaN	            NaN	            NaN	            NaN	            NaN	            NaN	            NaN
 8.800000E-01	            NaN	            NaN	            NaN	            NaN	            NaN	            NaN	            NaN	            NaN
 8.850000E-01	            NaN	            NaN	            NaN	            NaN	            NaN	            NaN	            NaN	            NaN
 8.900000E-01	            NaN	            NaN	            NaN	            NaN	            NaN	            NaN	            NaN	            NaN
 8.950000E-01	            NaN	            NaN	            NaN	            NaN	            NaN	            NaN	            NaN	            NaN
 9.000000E-01	            NaN	            NaN	            NaN	            NaN	            NaN	            NaN	            NaN	            NaN
 9.050000E-01	            NaN	            NaN	            NaN	            NaN	            NaN	            NaN	            NaN	            NaN
 9.100000E-01	            NaN	            NaN	            NaN	            NaN	            NaN	            NaN	            NaN	            NaN
 9.150000E-01	            NaN	            NaN	            NaN	            NaN	            NaN	            NaN	            NaN	            NaN
 9.200000E-01	            NaN	            NaN	            NaN	            NaN	            NaN	            NaN	            NaN	            NaN
 9.250000E-01	            NaN	            NaN	            NaN	            NaN	            NaN	            NaN	            NaN	            NaN
 9.300000E-01	            NaN	            NaN	            NaN	            NaN	            NaN	            NaN	            NaN	            NaN
 9.350000E-01	            NaN	            NaN	            NaN	            NaN	            NaN	            NaN	            NaN	            NaN
 9.400000E-01	            NaN	            NaN	            NaN	            NaN	            NaN	            NaN	            NaN	            NaN
 9.450000E-01	            NaN	            NaN	            NaN	            NaN	            NaN	            NaN	            NaN	            NaN
 9.500000E-01	            NaN	            NaN	            NaN	            NaN	            NaN	            NaN	            NaN	            NaN
 9.550000E-01	            NaN	            NaN	            NaN	            NaN	            NaN	            NaN	            NaN	            NaN
 9.600000E-01	            NaN	            NaN	            NaN	            NaN	            NaN	            NaN	            NaN	            NaN
 9.650000E-01	            NaN	            NaN	            NaN	            NaN	            NaN	            NaN	            NaN	            NaN
 9.700000E-01	            NaN	            NaN	            NaN	            NaN	            NaN	            NaN	            NaN	            NaN
 9.750000E-01	            NaN	            NaN	            NaN	            NaN	            NaN	            NaN	            NaN	            NaN
 9.800000E-01	            NaN	            NaN	            NaN	            NaN	            NaN	            NaN	            NaN	            NaN
 9.850000E-01	            NaN	            NaN	            NaN	            NaN	            NaN	            NaN	            NaN	            NaN
 9.900000E-01	            NaN	            NaN	            NaN	            NaN	            NaN	            NaN	            NaN	            NaN
 9.950000E-01	            NaN	            NaN	            NaN	            NaN	            NaN	            NaN	            NaN	            NaN
 1.000000E+00	            NaN	            NaN	            NaN	            NaN	            NaN	            NaN	            NaN	            NaN
