r	R  9/ 9	R 10/ 9	R 11/ 9	R 12/ 9	I  9/ 9	I 10/ 9	I 11/ 9	I 12/ 9
 0.000000E+00	 0.00000000E+00	 0.00000000E+00	 0.00000000E+00	 0.00000000E+00	 0.00000000E+00	 0.00000000E+00	 0.00000000E+00	 0.00000000E+00
 5.000000E-03	-5.11332554E-19	-1.72769957E-19	 1.42578272E-18	 1.40870526E-19	 2.35265807E-15	-3.02950877E-16	-1.77018147E-15	 5.73740951E-17
 1.000000E-02	-3.52449652E-17	-4.05056340E-18	 2.11319889E-17	 2.33078434E-18	 5.96735901E-14	-4.24409330E-15	-2.07928755E-14	-1.30910396E-16
 1.500000E-02	-4.92682677E-16	-5.58333236E-17	 1.50700939E-16	 2.21235932E-17	 6.48077197E-13	-2.61035337E-14	-1.32500092E-13	-5.04905672E-15
 2.000000E-02	-3.66337104E-15	-4.84433598E-16	 6.59091757E-16	 1.30513226E-16	 4.29973215E-12	-7.76483219E-14	-5.74785302E-13	-3.85141937E-14
 2.500000E-02	-1.83333740E-14	-2.92146462E-15	 1.90669351E-15	 5.44030348E-16	 2.05088857E-11	-1.68893195E-16	-1.91509192E-12	-1.81697178E-13
 3.000000E-02	-6.91673825E-14	-1.32380010E-14	 3.27211708E-15	 1.57048354E-15	 7.72028556E-11	 1.20955998E-12	-5.26237464E-12	-6.47563019E-13
 3.500000E-02	-2.12032385E-13	-4.84257536E-14	 1.00566178E-15	 3.25898400E-15	 2.43351660E-10	 7.27054371E-12	-1.24587671E-11	-1.90385375E-12
 4.000000E-02	-5.59036549E-13	-1.50443566E-13	-1.47143781E-14	 4.94419956E-15	 6.68489206E-10	 2.88477771E-11	-2.61014988E-11	-4.84912303E-12
 4.500000E-02	-1.31510324E-12	-4.09011498E-13	-7.02886113E-14	 2.35465803E-15	 1.64596318E-09	 9.19106687E-11	-4.91020175E-11	-1.10284016E-11
 5.000000E-02	-2.81528642E-12	-9.95188135E-13	-2.33792053E-13	-2.03706125E-14	 3.70754921E-09	 2.52698672E-10	-8.32772538E-11	-2.28307067E-11
 5.500000E-02	-5.54136919E-12	-2.20303638E-12	-6.62683057E-13	-1.10305385E-13	 7.75756704E-09	 6.22582359E-10	-1.26166837E-10	-4.35389782E-11
 6.000000E-02	-1.00882488E-11	-4.49568190E-12	-1.67132278E-12	-3.82103464E-13	 1.52546972E-08	 1.40697050E-09	-1.64872662E-10	-7.69888414E-11
 6.500000E-02	-1.71212775E-11	-8.58864638E-12	-3.73752759E-12	-1.03059933E-12	 2.84491716E-08	 2.96330674E-09	-1.65237724E-10	-1.26391606E-10
 7.000000E-02	-2.74304575E-11	-1.55651542E-11	-7.48058334E-12	-2.33305222E-12	 5.06818807E-08	 5.88441784E-09	-5.39593367E-11	-1.91632678E-10
 7.500000E-02	-4.19912362E-11	-2.69575952E-11	-1.37887581E-11	-4.72491504E-12	 8.67504948E-08	 1.11141075E-08	 3.09499899E-10	-2.63980051E-10
 8.000000E-02	-6.18941315E-11	-4.48041906E-11	-2.40239363E-11	-8.94089027E-12	 1.43345178E-07	 2.01016047E-08	 1.17484282E-09	-3.16635113E-10
 8.500000E-02	-8.81283134E-11	-7.15931786E-11	-4.02912664E-11	-1.62896314E-11	 2.29555862E-07	 3.50023066E-08	 2.96109295E-09	-2.89147484E-10
 9.000000E-02	-1.21076142E-10	-1.10028063E-10	-6.57817140E-11	-2.90220498E-11	 3.57447603E-07	 5.89311200E-08	 6.33964891E-09	-6.32044094E-11
 9.500000E-02	-1.59588355E-10	-1.62489246E-10	-1.05128561E-10	-5.08369027E-11	 5.42703275E-07	 9.62752454E-08	 1.23455175E-08	 5.72997892E-10
 1.000000E-01	-1.99740297E-10	-2.30364080E-10	-1.64350156E-10	-8.72204102E-11	 8.05328499E-07	 1.53072560E-07	 2.25223298E-08	 1.97491892E-09
 1.050000E-01	-2.35043418E-10	-3.14852684E-10	-2.48791842E-10	-1.43971861E-10	 1.17044580E-06	 2.37470548E-07	 3.91078382E-08	 4.70993176E-09
 1.100000E-01	-2.59045855E-10	-4.18110017E-10	-3.61243245E-10	-2.25957399E-10	 1.66914587E-06	 3.60279661E-07	 6.52721897E-08	 9.64893968E-09
 1.150000E-01	-2.65275285E-10	-5.40557774E-10	-5.04824807E-10	-3.40439614E-10	 2.33942992E-06	 5.35636160E-07	 1.05420558E-07	 1.80884619E-08
 1.200000E-01	-2.42673845E-10	-6.76900505E-10	-6.85748387E-10	-5.00120940E-10	 3.22714209E-06	 7.81734759E-07	 1.65550759E-07	 3.19056931E-08
 1.250000E-01	-1.73215355E-10	-8.15222051E-10	-9.09983699E-10	-7.20772649E-10	 4.38653345E-06	 1.12153910E-06	 2.53647620E-07	 5.37416088E-08
 1.300000E-01	-3.32544015E-11	-9.37608087E-10	-1.17847523E-09	-1.01706762E-09	 5.88100226E-06	 1.58361375E-06	 3.80148056E-07	 8.72152514E-08
 1.350000E-01	 2.02815726E-10	-1.02428243E-09	-1.48299016E-09	-1.39587283E-09	 7.78401158E-06	 2.20309523E-06	 5.58488981E-07	 1.37173088E-07
 1.400000E-01	 5.55788018E-10	-1.05904260E-09	-1.80348868E-09	-1.85138625E-09	 1.01797422E-05	 3.02270615E-06	 8.05731784E-07	 2.09975589E-07
 1.450000E-01	 1.03823586E-09	-1.02778041E-09	-2.11098597E-09	-2.36920616E-09	 1.31634108E-05	 4.09376585E-06	 1.14330078E-06	 3.13837574E-07
 1.500000E-01	 1.65741678E-09	-9.12105135E-10	-2.37261407E-09	-2.93230244E-09	 1.68403326E-05	 5.47686592E-06	 1.59779761E-06	 4.59221195E-07
 1.550000E-01	 2.42796952E-09	-6.67661160E-10	-2.55927240E-09	-3.53688307E-09	 2.13267362E-05	 7.24293773E-06	 2.20165774E-06	 6.59200146E-07
 1.600000E-01	 3.39192384E-09	-2.09967595E-10	-2.64434638E-09	-4.18899956E-09	 2.67506132E-05	 9.47434381E-06	 2.99384409E-06	 9.29806128E-07
 1.650000E-01	 4.59220126E-09	 5.05918561E-10	-2.57531752E-09	-4.81919164E-09	 3.32502336E-05	 1.22653871E-05	 4.02073604E-06	 1.29040919E-06
 1.700000E-01	 6.00100084E-09	 1.40114531E-09	-2.26620572E-09	-5.24407702E-09	 4.09725799E-05	 1.57229332E-05	 5.33712434E-06	 1.76416520E-06
 1.750000E-01	 7.54295892E-09	 2.39525838E-09	-1.65597059E-09	-5.32834854E-09	 5.00705524E-05	 1.99663664E-05	 7.00696032E-06	 2.37849163E-06
 1.800000E-01	 9.21391801E-09	 3.56189902E-09	-7.48640578E-10	-5.09827552E-09	 6.07094240E-05	 2.51296973E-05	 9.10346608E-06	 3.16533908E-06
 1.850000E-01	 1.10853894E-08	 5.01429165E-09	 4.33884185E-10	-4.58090926E-09	 7.30716426E-05	 3.13640367E-05	 1.17106186E-05	 4.16177049E-06
 1.900000E-01	 1.31971149E-08	 6.73209425E-09	 1.89046300E-09	-3.67187578E-09	 8.73460364E-05	 3.88357286E-05	 1.49255060E-05	 5.41105508E-06
 1.950000E-01	 1.55365962E-08	 8.59929700E-09	 3.60041014E-09	-2.23893835E-09	 1.03723780E-04	 4.77252733E-05	 1.88588168E-05	 6.96352005E-06
 2.000000E-01	 1.80915911E-08	 1.04999285E-08	 5.48494976E-09	-2.35591088E-10	 1.22401693E-04	 5.82279818E-05	 2.36348992E-05	 8.87731346E-06
 2.050000E-01	 2.08707160E-08	 1.23547197E-08	 7.42421959E-09	 2.28051838E-09	 1.43579111E-04	 7.05521837E-05	 2.93922533E-05	 1.12194212E-05
 2.100000E-01	 2.39079915E-08	 1.41430908E-08	 9.28687950E-09	 5.15294958E-09	 1.67449335E-04	 8.49147621E-05	 3.62830874E-05	 1.40664674E-05
 2.150000E-01	 2.72690110E-08	 1.59217052E-08	 1.09554079E-08	 8.13763402E-09	 1.94202668E-04	 1.01540908E-04	 4.44717007E-05	 1.75046914E-05
 2.200000E-01	 3.10518462E-08	 1.78295601E-08	 1.23532439E-08	 1.09341555E-08	 2.24032753E-04	 1.20665770E-04	 5.41339743E-05	 2.16301918E-05
 2.250000E-01	 3.53691219E-08	 2.00146306E-08	 1.34415093E-08	 1.32619306E-08	 2.57133323E-04	 1.42532283E-04	 6.54574283E-05	 2.65496663E-05
 2.300000E-01	 4.03127205E-08	 2.25551004E-08	 1.42003861E-08	 1.49039767E-08	 2.93701481E-04	 1.67391533E-04	 7.86404155E-05	 3.23805639E-05
 2.350000E-01	 4.59521023E-08	 2.55333154E-08	 1.46510271E-08	 1.56544094E-08	 3.33943500E-04	 1.95504636E-04	 9.38916783E-05	 3.92510696E-05
 2.400000E-01	 5.23552697E-08	 2.91146301E-08	 1.48979985E-08	 1.53236500E-08	 3.78066457E-04	 2.27137126E-04	 1.11428714E-04	 4.72998778E-05
 2.450000E-01	 5.95649063E-08	 3.34222119E-08	 1.51303363E-08	 1.38906633E-08	 4.26273998E-04	 2.62553878E-04	 1.31474234E-04	 5.66745718E-05
 2.500000E-01	 6.75478562E-08	 3.84866414E-08	 1.56385032E-08	 1.15244666E-08	 4.78771420E-04	 3.02018934E-04	 1.54252818E-04	 6.75289037E-05
 2.550000E-01	 7.62212368E-08	 4.48608613E-08	 1.71261046E-08	 8.28364628E-09	 5.35758825E-04	 3.45789471E-04	 1.79986465E-04	 8.00193781E-05
 2.600000E-01	 8.56020875E-08	 5.39933229E-08	 2.08679277E-08	 4.24656293E-09	 5.97442629E-04	 3.94118581E-04	 2.08891561E-04	 9.43016832E-05
 2.650000E-01	 9.58125425E-08	 6.61784815E-08	 2.73642180E-08	 4.93567501E-10	 6.64058377E-04	 4.47267504E-04	 2.41182061E-04	 1.10529043E-04
 2.700000E-01	 1.06705553E-07	 7.87037412E-08	 3.51011938E-08	-1.06393972E-09	 7.35862305E-04	 5.05502134E-04	 2.77070297E-04	 1.28850299E-04
 2.750000E-01	 1.17729065E-07	 8.95323338E-08	 4.30331381E-08	 2.27274443E-10	 8.13128487E-04	 5.69089581E-04	 3.16765027E-04	 1.49407587E-04
 2.800000E-01	 1.28535298E-07	 1.01293830E-07	 5.32810080E-08	 3.49830574E-09	 8.96151061E-04	 6.38296082E-04	 3.60466118E-04	 1.72331349E-04
 2.850000E-01	 1.39384353E-07	 1.16719860E-07	 6.77179705E-08	 8.86770971E-09	 9.85229013E-04	 7.13377525E-04	 4.08355982E-04	 1.97731633E-04
 2.900000E-01	 1.50584641E-07	 1.33103682E-07	 8.39062538E-08	 1.77384714E-08	 1.08066161E-03	 7.94591704E-04	 4.60613732E-04	 2.25703450E-04
 2.950000E-01	 1.61959398E-07	 1.46763143E-07	 9.86741996E-08	 3.01736708E-08	 1.18270829E-03	 8.82178067E-04	 5.17410257E-04	 2.56327671E-04
 3.000000E-01	 1.73244521E-07	 1.58987280E-07	 1.12784170E-07	 4.45057173E-08	 1.29163676E-03	 9.76371259E-04	 5.78905280E-04	 2.89673739E-04
 3.050000E-01	 1.84650383E-07	 1.72576150E-07	 1.28018154E-07	 5.94967941E-08	 1.40784422E-03	 1.07748545E-03	 6.45292374E-04	 3.25825545E-04
 3.100000E-01	 1.96676960E-07	 1.86803988E-07	 1.43084009E-07	 7.47777278E-08	 1.53179625E-03	 1.18589744E-03	 7.16800727E-04	 3.64884546E-04
 3.150000E-01	 2.09607930E-07	 1.99889536E-07	 1.56005723E-07	 8.96550033E-08	 1.66402766E-03	 1.30206575E-03	 7.93714516E-04	 4.06985121E-04
 3.200000E-01	 2.23434198E-07	 2.12732516E-07	 1.67552112E-07	 1.03212382E-07	 1.80513102E-03	 1.42650998E-03	 8.76353564E-04	 4.52285304E-04
 3.250000E-01	 2.38113960E-07	 2.27282551E-07	 1.79723691E-07	 1.15297872E-07	 1.95564746E-03	 1.55971721E-03	 9.65011487E-04	 5.00926431E-04
 3.300000E-01	 2.53623144E-07	 2.43988320E-07	 1.93368358E-07	 1.26562340E-07	 2.11611184E-03	 1.70219569E-03	 1.06001236E-03	 5.53059125E-04
 3.350000E-01	 2.69736434E-07	 2.62659596E-07	 2.08974850E-07	 1.37851781E-07	 2.28700387E-03	 1.85444103E-03	 1.16172528E-03	 6.08851407E-04
 3.400000E-01	 2.86014075E-07	 2.83787762E-07	 2.27811723E-07	 1.50108313E-07	 2.46870075E-03	 2.01686057E-03	 1.27052964E-03	 6.68466577E-04
 3.450000E-01	 3.02152267E-07	 3.07157317E-07	 2.50313262E-07	 1.64561103E-07	 2.66147558E-03	 2.18974969E-03	 1.38679561E-03	 7.32043123E-04
 3.500000E-01	 3.18043847E-07	 3.30645039E-07	 2.74854089E-07	 1.82329040E-07	 2.86551840E-03	 2.37336863E-03	 1.51093713E-03	 7.99725227E-04
 3.550000E-01	 3.32995483E-07	 3.53813972E-07	 3.02097598E-07	 2.04382942E-07	 3.08099282E-03	 2.56803147E-03	 1.64343463E-03	 8.71697245E-04
 3.600000E-01	 3.45622975E-07	 3.81121741E-07	 3.38308974E-07	 2.32454735E-07	 3.30811578E-03	 2.77413157E-03	 1.78475450E-03	 9.48172608E-04
 3.650000E-01	 3.55864371E-07	 4.15357321E-07	 3.86058558E-07	 2.67570051E-07	 3.54736767E-03	 2.99229528E-03	 1.93535981E-03	 1.02942843E-03
 3.700000E-01	 3.65979589E-07	 4.50393892E-07	 4.35313951E-07	 3.06887360E-07	 3.79937728E-03	 3.22331046E-03	 2.09564572E-03	 1.11576611E-03
 3.750000E-01	 3.78185871E-07	 4.77764118E-07	 4.73717645E-07	 3.45574988E-07	 4.06459400E-03	 3.46787708E-03	 2.26587362E-03	 1.20743003E-03
 3.800000E-01	 3.92606511E-07	 4.96087163E-07	 4.99709483E-07	 3.81501453E-07	 4.34332156E-03	 3.72667687E-03	 2.44643533E-03	 1.30468787E-03
 3.850000E-01	 4.07300179E-07	 5.11390120E-07	 5.22662959E-07	 4.16511871E-07	 4.63594684E-03	 4.00062468E-03	 2.63822213E-03	 1.40798200E-03
 3.900000E-01	 4.19302568E-07	 5.33551595E-07	 5.57237526E-07	 4.55481664E-07	 4.94281916E-03	 4.29070525E-03	 2.84243772E-03	 1.51782439E-03
 3.950000E-01	 4.27976131E-07	 5.65924819E-07	 6.07438854E-07	 5.00921079E-07	 5.26411279E-03	 4.59779333E-03	 3.06016219E-03	 1.63461715E-03
 4.000000E-01	 4.36878951E-07	 5.96367798E-07	 6.54434966E-07	 5.46648759E-07	 5.59999335E-03	 4.92282810E-03	 3.29238874E-03	 1.75874261E-03
 4.050000E-01	 4.49242158E-07	 6.11280814E-07	 6.78848608E-07	 5.84761420E-07	 5.95098625E-03	 5.26697746E-03	 3.54022191E-03	 1.89069123E-03
 4.100000E-01	 4.63751275E-07	 6.13442179E-07	 6.86632470E-07	 6.17200881E-07	 6.31767520E-03	 5.63122398E-03	 3.80456087E-03	 2.03080989E-03
 4.150000E-01	 4.75731079E-07	 6.18501290E-07	 7.02514675E-07	 6.54316185E-07	 6.69977639E-03	 6.01566162E-03	 4.08561762E-03	 2.17896425E-03
 4.200000E-01	 4.80264755E-07	 6.43645746E-07	 7.52284603E-07	 7.08027956E-07	 7.09674713E-03	 6.42032351E-03	 4.38360704E-03	 2.33497707E-03
 4.250000E-01	 4.78209883E-07	 6.88304383E-07	 8.33413107E-07	 7.80549543E-07	 7.50891462E-03	 6.84635789E-03	 4.69964743E-03	 2.49917991E-03
 4.300000E-01	 4.78785748E-07	 7.21257587E-07	 8.97352989E-07	 8.53448305E-07	 7.93679816E-03	 7.29530910E-03	 5.03528273E-03	 2.67214949E-03
 4.350000E-01	 4.86800454E-07	 7.21322973E-07	 9.13432172E-07	 9.09296227E-07	 8.38039709E-03	 7.76835029E-03	 5.39192952E-03	 2.85439003E-03
 4.400000E-01	 4.92954330E-07	 7.18476693E-07	 9.29073330E-07	 9.61997438E-07	 8.83962527E-03	 8.26659699E-03	 5.77098231E-03	 3.04634334E-03
 4.450000E-01	 4.89837028E-07	 7.43405521E-07	 9.89312114E-07	 1.03192398E-06	 9.31448576E-03	 8.79124190E-03	 6.17386591E-03	 3.24839281E-03
 4.500000E-01	 4.86314132E-07	 7.69153518E-07	 1.04983976E-06	 1.10509501E-06	 9.80492234E-03	 9.34345318E-03	 6.60202303E-03	 3.46085593E-03
 4.550000E-01	 4.91319261E-07	 7.61818263E-07	 1.05903002E-06	 1.15790045E-06	 1.03109149E-02	 9.92442739E-03	 7.05693483E-03	 3.68396364E-03
 4.600000E-01	 4.97784817E-07	 7.43509894E-07	 1.05335410E-06	 1.20121282E-06	 1.08324977E-02	 1.05353304E-02	 7.54002428E-03	 3.91779845E-03
 4.650000E-01	 4.97425935E-07	 7.45919315E-07	 1.08202641E-06	 1.25848128E-06	 1.13700227E-02	 1.11775493E-02	 8.05280710E-03	 4.16235616E-03
 4.700000E-01	 4.95993096E-07	 7.51135787E-07	 1.11657605E-06	 1.32404820E-06	 1.19240479E-02	 1.18527109E-02	 8.59695160E-03	 4.41753204E-03
 4.750000E-01	 4.98870356E-07	 7.36850743E-07	 1.12396614E-06	 1.38342857E-06	 1.24945098E-02	 1.25621329E-02	 9.17406333E-03	 4.68305175E-03
 4.800000E-01	 4.97193408E-07	 7.31172151E-07	 1.14970293E-06	 1.45082600E-06	 1.30808819E-02	 1.33071802E-02	 9.78607093E-03	 4.95877398E-03
 4.850000E-01	 4.87278680E-07	 7.54427108E-07	 1.22060144E-06	 1.53710502E-06	 1.36826668E-02	 1.40899153E-02	 1.04357848E-02	 5.24504790E-03
 4.900000E-01	 4.87531792E-07	 7.54985361E-07	 1.24549270E-06	 1.60321024E-06	 1.42985462E-02	 1.49124298E-02	 1.11265729E-02	 5.54256712E-03
 4.950000E-01	 5.07547268E-07	 6.96263562E-07	 1.16883743E-06	 1.62313709E-06	 1.49254570E-02	 1.57760226E-02	 1.18618528E-02	 5.85209878E-03
 5.000000E-01	 5.19917608E-07	 6.51960814E-07	 1.12796583E-06	 1.66593059E-06	 1.55591019E-02	 1.66818594E-02	 1.26455473E-02	 6.17472243E-03
 5.050000E-01	 5.01351674E-07	 6.92444829E-07	 1.24524612E-06	 1.80224974E-06	 1.61944032E-02	 1.76313776E-02	 1.34822265E-02	 6.51180202E-03
 5.100000E-01	 4.75023447E-07	 7.52048853E-07	 1.39792840E-06	 1.97777444E-06	 1.68255939E-02	 1.86263381E-02	 1.43773451E-02	 6.86520971E-03
 5.150000E-01	 4.69825673E-07	 7.42643847E-07	 1.43025718E-06	 2.10924489E-06	 1.74471362E-02	 1.96697895E-02	 1.53382387E-02	 7.23798588E-03
 5.200000E-01	 4.71987430E-07	 6.99670874E-07	 1.41387541E-06	 2.22679903E-06	 1.80530046E-02	 2.07647391E-02	 1.63725538E-02	 7.63312504E-03
 5.250000E-01	 4.53314979E-07	 7.02206188E-07	 1.49392139E-06	 2.40252642E-06	 1.86346381E-02	 2.19110318E-02	 1.74851015E-02	 8.05156466E-03
 5.300000E-01	 4.13255186E-07	 7.52399261E-07	 1.66667596E-06	 2.62956725E-06	 1.91835905E-02	 2.31080978E-02	 1.86800069E-02	 8.49332110E-03
 5.350000E-01	 3.76871104E-07	 7.87541728E-07	 1.80549432E-06	 2.83524511E-06	 1.96940987E-02	 2.43589101E-02	 1.99647838E-02	 8.96007211E-03
 5.400000E-01	 3.74926508E-07	 7.32651173E-07	 1.76398884E-06	 2.93711666E-06	 2.01600913E-02	 2.56674718E-02	 2.13490418E-02	 9.45469350E-03
 5.450000E-01	 4.05175731E-07	 5.91044491E-07	 1.55617851E-06	 2.93692456E-06	 2.05747053E-02	 2.70380950E-02	 2.28435069E-02	 9.98000767E-03
 5.500000E-01	 4.09830899E-07	 5.07551932E-07	 1.47449205E-06	 2.99337714E-06	 2.09312857E-02	 2.84755453E-02	 2.44595375E-02	 1.05385034E-02
 5.550000E-01	 3.59918994E-07	 5.64968974E-07	 1.67141801E-06	 3.19705332E-06	 2.12242588E-02	 2.99846392E-02	 2.62078901E-02	 1.11316812E-02
 5.600000E-01	 3.34312330E-07	 5.77323862E-07	 1.75021899E-06	 3.32264131E-06	 2.14488199E-02	 3.15693068E-02	 2.80971342E-02	 1.17582302E-02
 5.650000E-01	 4.01881871E-07	 3.76206676E-07	 1.36828287E-06	 3.16116100E-06	 2.15961666E-02	 3.32280633E-02	 3.01306976E-02	 1.24129671E-02
 5.700000E-01	 4.89514049E-07	 1.42946159E-07	 9.17515135E-07	 2.93387405E-06	 2.16563790E-02	 3.49606949E-02	 3.23141470E-02	 1.30909879E-02
 5.750000E-01	 5.04241197E-07	 1.07127816E-07	 8.75899469E-07	 2.92784103E-06	 2.16219344E-02	 3.67755811E-02	 3.46632880E-02	 1.37921143E-02
 5.800000E-01	 4.92104572E-07	 1.59266779E-07	 9.90540777E-07	 2.99670615E-06	 2.14808787E-02	 3.86816482E-02	 3.71985831E-02	 1.45191957E-02
 5.850000E-01	 5.49253596E-07	 8.18470823E-08	 7.79839267E-07	 2.84755304E-06	 2.12134787E-02	 4.06827070E-02	 3.99395126E-02	 1.52750813E-02
 5.900000E-01	 6.80218186E-07	-1.14775991E-07	 2.61520549E-07	 2.48910475E-06	 2.07959235E-02	 4.27803678E-02	 4.29057017E-02	 1.60629182E-02
 5.950000E-01	 8.21576792E-07	-2.85556253E-07	-2.31254808E-07	 2.14089056E-06	 2.02033699E-02	 4.49771281E-02	 4.61189340E-02	 1.68864436E-02
 6.000000E-01	 9.14917468E-07	-3.32043911E-07	-4.37747929E-07	 2.00199197E-06	 1.94089825E-02	 4.72751751E-02	 4.96022106E-02	 1.77487796E-02
 6.050000E-01	 9.43306795E-07	-2.45464019E-07	-3.09636316E-07	 2.12690631E-06	 1.83837002E-02	 4.96771460E-02	 5.33813900E-02	 1.86533269E-02
 6.100000E-01	 9.46665646E-07	-1.13135532E-07	-6.35203913E-08	 2.36108979E-06	 1.70972238E-02	 5.21880865E-02	 5.74875600E-02	 1.96049117E-02
 6.150000E-01	 9.77058533E-07	-3.31298392E-08	 4.62447361E-08	 2.51468153E-06	 1.55166688E-02	 5.48121305E-02	 6.19535412E-02	 2.06088366E-02
 6.200000E-01	 1.04104979E-06	-1.16444636E-08	 3.78824797E-09	 2.56990366E-06	 1.36058884E-02	 5.75514405E-02	 6.68130001E-02	 2.16704318E-02
 6.250000E-01	 1.10168083E-06	 1.52397417E-08	-1.30549575E-08	 2.64580238E-06	 1.13256638E-02	 6.04105715E-02	 7.21073365E-02	 2.27973293E-02
 6.300000E-01	 1.10591506E-06	 1.25461220E-07	 2.23235336E-07	 2.89338136E-06	 8.63080871E-03	 6.33940059E-02	 7.78856589E-02	 2.40019110E-02
 6.350000E-01	 1.03577199E-06	 3.36198946E-07	 7.67737424E-07	 3.33674252E-06	 5.46701719E-03	 6.64997681E-02	 8.41986764E-02	 2.53019916E-02
 6.400000E-01	 9.50556344E-07	 5.38451055E-07	 1.31731548E-06	 3.74783246E-06	 1.76828732E-03	 6.97256127E-02	 9.11118738E-02	 2.67253592E-02
 6.450000E-01	 9.10909698E-07	 6.28763122E-07	 1.58238686E-06	 3.90960616E-06	-2.55438712E-03	 7.30552375E-02	 9.86977316E-02	 2.83107005E-02
 6.500000E-01	 8.84839108E-07	 6.70212146E-07	 1.72801320E-06	 3.91265485E-06	-7.61029640E-03	 7.64434927E-02	 1.07012191E-01	 3.01064247E-02
 6.550000E-01	 8.20493499E-07	 7.56276320E-07	 2.00023412E-06	 3.91083863E-06	-1.35196028E-02	 7.98338216E-02	 1.16111173E-01	 3.21715563E-02
 6.600000E-01	 7.50185302E-07	 8.25071658E-07	 2.23146364E-06	 3.81501646E-06	-2.04200458E-02	 8.31793661E-02	 1.26097542E-01	 3.45968855E-02
 6.650000E-01	 7.07880224E-07	 8.01767880E-07	 2.25037495E-06	 3.55309072E-06	-2.84617663E-02	 8.64227879E-02	 1.37087457E-01	 3.74992966E-02
 6.700000E-01	 6.15913614E-07	 7.95247957E-07	 2.41033569E-06	 3.37357164E-06	-3.77828713E-02	 8.94827974E-02	 1.49145786E-01	 4.09711492E-02
 6.750000E-01	 4.02158250E-07	 9.22026644E-07	 3.02021150E-06	 3.43666491E-06	-4.85132752E-02	 9.22487291E-02	 1.62279572E-01	 4.50804770E-02
 6.800000E-01	 1.63722305E-07	 1.06068512E-06	 3.61362308E-06	 3.36384510E-06	-6.08022729E-02	 9.46087229E-02	 1.76532005E-01	 4.99238259E-02
 6.850000E-01	 6.96434335E-08	 1.00807462E-06	 3.48140926E-06	 2.68507525E-06	-7.48139847E-02	 9.64672904E-02	 1.92004746E-01	 5.56256294E-02
 6.900000E-01	 1.78323578E-07	 7.26368489E-07	 2.48377063E-06	 1.39867432E-06	-9.07079055E-02	 9.76693122E-02	 2.08704506E-01	 6.22939176E-02
 6.950000E-01	 3.71010620E-07	 3.62490223E-07	 1.19191730E-06	 1.60101308E-08	-1.08655714E-01	 9.80332300E-02	 2.26624866E-01	 7.00463576E-02
 7.000000E-01	 3.72573950E-07	 1.99927433E-07	 7.30530826E-07	-5.86134004E-07	-1.28856947E-01	 9.73934645E-02	 2.45841207E-01	 7.90372856E-02
 7.050000E-01	 5.26883106E-08	 3.69290234E-07	 1.56630372E-06	-8.85473929E-08	-1.51504785E-01	 9.55600231E-02	 2.66393385E-01	 8.94182795E-02
 7.100000E-01	-2.80331981E-07	 5.30892668E-07	 2.35294779E-06	 4.69717913E-07	-1.76767807E-01	 9.23169724E-02	 2.88243742E-01	 1.01298929E-01
 7.150000E-01	-3.40338524E-07	 3.50740300E-07	 1.91291328E-06	 2.56151589E-07	-2.04813546E-01	 8.74220786E-02	 3.11309697E-01	 1.14759606E-01
 7.200000E-01	-4.24009311E-07	 1.14305915E-07	 1.49180655E-06	 2.50110649E-07	-2.35831606E-01	 8.06126215E-02	 3.35515479E-01	 1.29888157E-01
 7.250000E-01	-8.31002409E-07	 1.80544845E-07	 2.30735629E-06	 1.24135023E-06	-2.70039196E-01	 7.16116305E-02	 3.60809723E-01	 1.46787559E-01
 7.300000E-01	-1.11628377E-06	 2.34896315E-07	 2.65900460E-06	 1.72204758E-06	-3.07668242E-01	 6.01096904E-02	 3.87115612E-01	 1.65558392E-01
 7.350000E-01	-8.25084422E-07	-1.27193002E-07	 9.09558095E-07	 4.92410630E-07	-3.48947019E-01	 4.57528586E-02	 4.14279589E-01	 1.86271125E-01
 7.400000E-01	-4.45499758E-07	-5.88399642E-07	-1.03715535E-06	-6.40855652E-07	-3.94122886E-01	 2.81720262E-02	 4.42149800E-01	 2.08975386E-01
 7.450000E-01	-5.76254592E-07	-6.82130300E-07	-1.04100323E-06	 4.87815732E-08	-4.43437070E-01	 6.97146489E-03	 4.70518067E-01	 2.33673901E-01
 7.500000E-01	-8.21561458E-07	-5.99645454E-07	-5.79646361E-07	 1.01180580E-06	-4.97073822E-01	-1.82769946E-02	 4.99014796E-01	 2.60265901E-01
 7.550000E-01	-5.86917464E-07	-7.20049306E-07	-1.66246136E-06	 4.63235657E-07	-5.55275173E-01	-4.80015771E-02	 5.27350639E-01	 2.88652826E-01
 7.600000E-01	-1.60150188E-07	-9.24780349E-07	-3.22118085E-06	-4.63592492E-07	-6.18354068E-01	-8.26797131E-02	 5.55283905E-01	 3.18764584E-01
 7.650000E-01	 5.75105799E-08	-9.12079101E-07	-3.84193641E-06	-5.90674449E-07	-6.86560216E-01	-1.22798319E-01	 5.82410647E-01	 3.50383421E-01
 7.700000E-01	 5.43858933E-07	-7.07672542E-07	-4.84422100E-06	-1.53288597E-06	-7.60061274E-01	-1.68819134E-01	 6.08173795E-01	 3.83109377E-01
 7.750000E-01	 1.73495838E-06	-5.05557229E-07	-7.43562478E-06	-4.36177123E-06	-8.39061815E-01	-2.21184296E-01	 6.32084366E-01	 4.16482572E-01
 7.800000E-01	 2.93897155E-06	-3.13772350E-07	-9.73360394E-06	-6.58998963E-06	-9.23627219E-01	-2.80259954E-01	 6.53455126E-01	 4.49797636E-01
 7.850000E-01	 3.42750831E-06	 6.22775555E-09	-9.89802962E-06	-6.20026410E-06	-1.01371420E+00	-3.46406694E-01	 6.71356678E-01	 4.82155342E-01
 7.900000E-01	 3.72760192E-06	 5.22590942E-07	-9.35071772E-06	-5.23965099E-06	-1.10977133E+00	-4.20140677E-01	 6.85469597E-01	 5.13016882E-01
 7.950000E-01	 4.67245049E-06	 1.21488208E-06	-1.00637289E-05	-6.14644565E-06	-1.21215473E+00	-5.02031748E-01	 6.95165280E-01	 5.41645117E-01
 8.000000E-01	 6.18513941E-06	 2.07260409E-06	-1.16390103E-05	-8.27411241E-06	-1.32086440E+00	-5.92380891E-01	 6.99397199E-01	 5.66737547E-01
 8.050000E-01	 7.81946449E-06	 3.11572807E-06	-1.29003882E-05	-1.01069867E-05	-1.43595295E+00	-6.91176513E-01	 6.97521503E-01	 5.86828706E-01
 8.100000E-01	 9.51871659E-06	 4.33850597E-06	-1.37379357E-05	-1.15120832E-05	-1.55705652E+00	-7.97842993E-01	 6.88772921E-01	 5.99933557E-01
 8.150000E-01	 1.11884623E-05	 5.54226419E-06	-1.42447393E-05	-1.23291549E-05	-1.68346283E+00	-9.11243903E-01	 6.72321672E-01	 6.03653808E-01
 8.200000E-01	 1.22242205E-05	 6.33650980E-06	-1.37581186E-05	-1.11673803E-05	-1.81517296E+00	-1.03071580E+00	 6.47933928E-01	 5.96284575E-01
 8.250000E-01	 1.25069341E-05	 6.80742312E-06	-1.21464298E-05	-8.10519230E-06	-1.95279581E+00	-1.15624739E+00	 6.15490168E-01	 5.76600046E-01
 8.300000E-01	 1.33466024E-05	 7.84200411E-06	-1.09924579E-05	-6.53747410E-06	-2.09655386E+00	-1.28767557E+00	 5.74206282E-01	 5.42893724E-01
 8.350000E-01	 1.57198774E-05	 9.83707475E-06	-1.14257536E-05	-8.29388717E-06	-2.24662294E+00	-1.42405257E+00	 5.23943795E-01	 4.93300283E-01
 8.400000E-01	 1.84271708E-05	 1.18062892E-05	-1.20839884E-05	-1.00383157E-05	-2.40236820E+00	-1.56276386E+00	 4.65012958E-01	 4.25448183E-01
 8.450000E-01	 2.00567931E-05	 1.29281662E-05	-1.14279982E-05	-8.81069255E-06	-2.56326044E+00	-1.70051576E+00	 3.98613789E-01	 3.37471509E-01
 8.500000E-01	 2.12386714E-05	 1.38182240E-05	-1.00527339E-05	-6.45968412E-06	-2.72979584E+00	-1.83476533E+00	 3.26501165E-01	 2.28653441E-01
 8.550000E-01	 2.30257247E-05	 1.51138049E-05	-9.04801053E-06	-5.23253115E-06	-2.90201282E+00	-1.96349719E+00	 2.48421442E-01	 9.78540364E-02
 8.600000E-01	 2.49109327E-05	 1.62222275E-05	-8.23224909E-06	-4.04620502E-06	-3.08019367E+00	-2.08589963E+00	 1.62087202E-01	-5.66503673E-02
 8.650000E-01	 2.62455743E-05	 1.67821000E-05	-6.99718979E-06	-1.71728584E-06	-3.26481959E+00	-2.20179213E+00	 6.36374851E-02	-2.37445818E-01
 8.700000E-01	 2.79889699E-05	 1.79017056E-05	-5.38727174E-06	 2.75401054E-07	-3.45492317E+00	-2.30843853E+00	-5.10201538E-02	-4.48058743E-01
 8.750000E-01	 3.08738435E-05	 1.99588085E-05	-3.83980921E-06	 9.40117698E-07	-3.64829904E+00	-2.39962199E+00	-1.84134480E-01	-6.91201956E-01
 8.800000E-01	 3.31871839E-05	 2.07865331E-05	-2.57100388E-06	 2.41095598E-06	-3.84321477E+00	-2.46805075E+00	-3.36186408E-01	-9.67515382E-01
 8.850000E-01	 3.34760284E-05	 1.92353027E-05	-1.21701765E-06	 6.18297747E-06	-4.03829024E+00	-2.50707875E+00	-5.08855679E-01	-1.27668185E+00
 8.900000E-01	 3.39149901E-05	 1.83036466E-05	 1.07290268E-06	 9.97608676E-06	-4.23072799E+00	-2.50993512E+00	-7.07944327E-01	-1.61930069E+00
 8.950000E-01	 3.68871978E-05	 2.03536813E-05	 4.56663661E-06	 1.17846102E-05	-4.41524828E+00	-2.46917840E+00	-9.44469550E-01	-1.99740123E+00
 9.000000E-01	 4.05592803E-05	 2.25424135E-05	 8.25340053E-06	 1.32334385E-05	-4.58741428E+00	-2.37689694E+00	-1.22826764E+00	-2.41018347E+00
 9.050000E-01	 4.20012739E-05	 2.14450019E-05	 1.12849162E-05	 1.61737846E-05	-4.73795449E+00	-2.22233683E+00	-1.57001423E+00	-2.84717375E+00
 9.100000E-01	 4.15560643E-05	 1.78184195E-05	 1.39378401E-05	 1.97613698E-05	-4.86596471E+00	-1.99004011E+00	-1.95998811E+00	-3.28558770E+00
 9.150000E-01	 4.07866624E-05	 1.41940387E-05	 1.76602558E-05	 2.28341457E-05	-4.93906746E+00	-1.67762120E+00	-2.45032614E+00	-3.70551561E+00
 9.200000E-01	 4.08947803E-05	 1.20574482E-05	 2.34141972E-05	 2.56832208E-05	-4.96749648E+00	-1.26887716E+00	-3.01883294E+00	-4.08388801E+00
 9.250000E-01	 4.14158340E-05	 1.11103276E-05	 3.19860826E-05	 2.88395898E-05	-4.88857651E+00	-7.62515577E-01	-3.76310066E+00	-4.39377592E+00
 9.300000E-01	 3.96411091E-05	 8.78688363E-06	 4.25785273E-05	 3.09912548E-05	-4.57680675E+00	-2.14341734E-01	-4.88859749E+00	-4.54005753E+00
 9.350000E-01	 3.51109851E-05	 2.89396791E-06	 5.11051175E-05	 3.00574232E-05	-4.15594852E+00	 4.23157444E-01	-6.11335437E+00	-4.43755313E+00
 9.400000E-01	 3.03132223E-05	-6.38218994E-06	 5.69350738E-05	 2.99389726E-05	-3.76008172E+00	 1.41690030E+00	-7.11755186E+00	-4.37808692E+00
 9.450000E-01	 2.42876482E-05	-1.02759063E-05	 6.78484773E-05	 2.31416014E-05	-3.08626983E+00	 2.02056921E+00	-8.27072143E+00	-3.14694568E+00
 9.500000E-01	 1.21974740E-05	-1.86259538E-05	 8.17863270E-05	 1.83455523E-05	-1.16855746E+00	 3.05347988E+00	-1.01297733E+01	-2.19033543E+00
 9.550000E-01	 2.32823955E-06	-3.42821770E-05	 9.22291490E-05	 1.67638605E-05	 2.80219565E-01	 4.89442527E+00	-1.19923603E+01	-1.43290469E+00
 9.600000E-01	-1.59170426E-05	-3.25625261E-05	 7.36607759E-05	 1.72295549E-05	 2.83439196E+00	 3.43577646E+00	-9.52861897E+00	-2.04164924E+00
 9.650000E-01	-3.80175953E-05	-8.49081084E-06	 7.11604646E-05	 7.79878951E-06	 3.69311554E+00	 2.14527812E+00	-6.54644901E+00	-5.56081040E+00
 9.700000E-01	 3.94940722E-04	-1.29847890E-03	-5.81200314E-04	 1.28583501E-03	 1.20336892E+01	 4.05216827E+00	 2.14523617E+00	 1.98117022E+01
 9.750000E-01	 1.05845356E-02	-2.50081329E-02	-1.18305943E-02	 2.65752881E-02	 1.28834702E+02	-2.17040213E+02	-7.87335998E+01	 3.21304093E+02
 9.800000E-01	 1.53894467E-03	-1.54877599E-03	 2.77967336E-03	-1.37509048E-02	 9.50039941E+01	 2.74510614E+01	 7.94914778E+01	-1.00433884E+02
 9.850000E-01	-1.78548710E-02	 3.27048340E-02	 9.80242947E-03	-2.27336301E-02	-1.28705518E+02	 3.20042910E+02	 1.22418768E+02	-2.36555422E+02
 9.900000E-01	-1.89790064E-03	 8.28951916E-03	-5.69963138E-03	 1.99366265E-02	-5.23183326E+01	 3.76592862E+01	-8.17203321E+01	 1.69068730E+02
 9.950000E-01	 6.87686308E-03	-7.84221267E-03	 1.75151043E-03	-4.00448838E-03	 5.14719362E+01	-9.06475503E+01	-1.10526712E+01	-6.10795233E+01
 1.000000E+00	-9.02500710E-04	-1.11675386E-02	 6.54098409E-03	-1.52757313E-02	-4.22626214E+00	-1.10521778E+02	 5.86890228E+01	-1.36940231E+02
