r	R  3/ 3	R  4/ 3	R  5/ 3	R  6/ 3	I  3/ 3	I  4/ 3	I  5/ 3	I  6/ 3
 0.000000E+00	 0.00000000E+00	 0.00000000E+00	 0.00000000E+00	 0.00000000E+00	 0.00000000E+00	 0.00000000E+00	 0.00000000E+00	 0.00000000E+00
 5.000000E-03	 2.17588803E-08	 2.39655906E-09	-1.56106364E-09	 8.77581135E-11	-3.17915070E-05	-3.70236008E-08	 1.21513703E-06	 1.62177958E-08
 1.000000E-02	 9.85219491E-08	 7.01607852E-09	-6.90257531E-09	 2.00417491E-10	-1.17196640E-04	-5.80680142E-07	 1.13811547E-06	 2.29560660E-08
 1.500000E-02	 2.70601488E-07	 1.76250516E-08	-1.49449727E-08	 1.65219121E-10	-2.59419246E-04	-2.15252470E-06	 1.11770874E-06	 3.00723201E-08
 2.000000E-02	 5.40892140E-07	 3.73878559E-08	-2.05481962E-08	-4.53176398E-11	-4.58261056E-04	-5.28027941E-06	 1.09578818E-06	 3.66721006E-08
 2.500000E-02	 8.95981267E-07	 6.79356827E-08	-1.57341604E-08	 1.36026317E-10	-7.13446428E-04	-1.04868767E-05	 1.05797302E-06	 4.24109813E-08
 3.000000E-02	 1.30560731E-06	 1.08159364E-07	 1.38648013E-08	 1.74451682E-09	-1.02462609E-03	-1.82846212E-05	 9.92616664E-07	 4.81697564E-08
 3.500000E-02	 1.71332981E-06	 1.52615019E-07	 8.52528483E-08	 6.08325650E-09	-1.39138713E-03	-2.91570253E-05	 8.88026019E-07	 5.78457472E-08
 4.000000E-02	 2.07254349E-06	 1.95298180E-07	 1.93657967E-07	 1.41261818E-08	-1.81326252E-03	-4.35516251E-05	 7.38036318E-07	 7.45267907E-08
 4.500000E-02	 2.38999215E-06	 2.35624387E-07	 3.11592755E-07	 2.52683707E-08	-2.28973342E-03	-6.19267362E-05	 5.43834523E-07	 9.60505539E-08
 5.000000E-02	 2.69066630E-06	 2.72733811E-07	 4.29443655E-07	 3.81934125E-08	-2.82023571E-03	-8.47869100E-05	 3.06148399E-07	 1.20274220E-07
 5.500000E-02	 2.96131887E-06	 2.98510108E-07	 5.69301075E-07	 5.28960327E-08	-3.40417185E-03	-1.12642258E-04	 2.28795194E-08	 1.50934715E-07
 6.000000E-02	 3.14614623E-06	 2.99141838E-07	 7.62984236E-07	 7.04291527E-08	-4.04092276E-03	-1.45969807E-04	-3.07086708E-07	 1.98070274E-07
 6.500000E-02	 3.16880609E-06	 2.60081207E-07	 1.02799508E-06	 9.22058712E-08	-4.72986189E-03	-1.85202856E-04	-6.83626390E-07	 2.78849316E-07
 7.000000E-02	 2.99866122E-06	 1.85287530E-07	 1.32198517E-06	 1.17426952E-07	-5.47037109E-03	-2.30749513E-04	-1.09940391E-06	 4.11073476E-07
 7.500000E-02	 2.71118398E-06	 1.10236397E-07	 1.54102240E-06	 1.40243096E-07	-6.26183326E-03	-2.83104172E-04	-1.54111554E-06	 6.04555423E-07
 8.000000E-02	 2.44095249E-06	 8.28150922E-08	 1.59448482E-06	 1.52829939E-07	-7.10361328E-03	-3.42926304E-04	-2.00882978E-06	 8.64940509E-07
 8.500000E-02	 2.30842909E-06	 1.42715107E-07	 1.44952639E-06	 1.49351040E-07	-7.99506055E-03	-4.11000906E-04	-2.52805566E-06	 1.19997606E-06
 9.000000E-02	 2.38248114E-06	 3.06157219E-07	 1.13821265E-06	 1.28335615E-07	-8.93550439E-03	-4.88176052E-04	-3.15075053E-06	 1.62268253E-06
 9.500000E-02	 2.65754147E-06	 5.57946660E-07	 7.46353731E-07	 9.35699944E-08	-9.92427997E-03	-5.75277565E-04	-3.95025764E-06	 2.15252788E-06
 1.000000E-01	 3.06270273E-06	 8.60177705E-07	 3.76985070E-07	 5.16551279E-08	-1.09607373E-02	-6.73035249E-04	-5.00502176E-06	 2.81489565E-06
 1.050000E-01	 3.49215100E-06	 1.16679899E-06	 1.14315277E-07	 1.00616411E-08	-1.20442574E-02	-7.82056451E-04	-6.39189192E-06	 3.64149951E-06
 1.100000E-01	 3.88254520E-06	 1.46105137E-06	-3.38616971E-08	-2.56200997E-08	-1.31742335E-02	-9.02834611E-04	-8.16201296E-06	 4.66710877E-06
 1.150000E-01	 4.27375799E-06	 1.77641055E-06	-1.41354929E-07	-5.52194307E-08	-1.43500673E-02	-1.03589323E-03	-1.03380969E-05	 5.92199395E-06
 1.200000E-01	 4.73252141E-06	 2.14968579E-06	-2.63337178E-07	-8.19862706E-08	-1.55710882E-02	-1.18185593E-03	-1.29235078E-05	 7.43681157E-06
 1.250000E-01	 5.26164643E-06	 2.57997205E-06	-3.83100193E-07	-1.07796091E-07	-1.68366650E-02	-1.34140437E-03	-1.59293313E-05	 9.25123646E-06
 1.300000E-01	 5.81183114E-06	 3.03982008E-06	-4.52628528E-07	-1.32062750E-07	-1.81464350E-02	-1.51528485E-03	-1.94096800E-05	 1.14111891E-05
 1.350000E-01	 6.32076662E-06	 3.49653477E-06	-4.33366917E-07	-1.52541249E-07	-1.95002481E-02	-1.70427034E-03	-2.34345104E-05	 1.39681935E-05
 1.400000E-01	 6.75463851E-06	 3.94005340E-06	-3.29453115E-07	-1.67082946E-07	-2.08981687E-02	-1.90918676E-03	-2.80807680E-05	 1.69770043E-05
 1.450000E-01	 7.13761794E-06	 4.39684680E-06	-1.92241780E-07	-1.75640157E-07	-2.23404693E-02	-2.13100209E-03	-3.34236867E-05	 2.04932173E-05
 1.500000E-01	 7.52233986E-06	 4.89973456E-06	-7.38081650E-08	-1.79487903E-07	-2.38272902E-02	-2.37081591E-03	-3.95586979E-05	 2.45766260E-05
 1.550000E-01	 7.94424565E-06	 5.45671778E-06	 9.58421676E-09	-1.79868330E-07	-2.53578897E-02	-2.62966060E-03	-4.66842240E-05	 2.92947378E-05
 1.600000E-01	 8.37848388E-06	 6.02477484E-06	 9.84975913E-08	-1.77299013E-07	-2.69310863E-02	-2.90843040E-03	-5.49937867E-05	 3.47247938E-05
 1.650000E-01	 8.72688081E-06	 6.50867191E-06	 2.71368024E-07	-1.69905844E-07	-2.85454049E-02	-3.20780430E-03	-6.46910296E-05	 4.09573543E-05
 1.700000E-01	 8.92845572E-06	 6.85848001E-06	 5.35532926E-07	-1.54561456E-07	-3.01990494E-02	-3.52818548E-03	-7.59815755E-05	 4.80933547E-05
 1.750000E-01	 9.05241029E-06	 7.13655368E-06	 7.93758887E-07	-1.31510287E-07	-3.18897738E-02	-3.86984193E-03	-8.90609890E-05	 5.62343753E-05
 1.800000E-01	 9.18269224E-06	 7.40741436E-06	 9.84320773E-07	-1.04759368E-07	-3.36149146E-02	-4.23303611E-03	-1.04166263E-04	 6.54760055E-05
 1.850000E-01	 9.29405792E-06	 7.63855251E-06	 1.15391140E-06	-7.75677481E-08	-3.53729527E-02	-4.61806097E-03	-1.21363549E-04	 7.59070265E-05
 1.900000E-01	 9.31550352E-06	 7.76635840E-06	 1.36276103E-06	-5.07183234E-08	-3.71634692E-02	-5.02515384E-03	-1.40566749E-04	 8.76177326E-05
 1.950000E-01	 9.21996446E-06	 7.77508493E-06	 1.61655724E-06	-2.43101111E-08	-3.89862040E-02	-5.45447708E-03	-1.61684606E-04	 1.00701102E-04
 2.000000E-01	 9.02472442E-06	 7.69940449E-06	 1.88409411E-06	 7.64961695E-10	-4.08410538E-02	-5.90619553E-03	-1.84605494E-04	 1.15246335E-04
 2.050000E-01	 8.77022298E-06	 7.60563277E-06	 2.12325092E-06	 2.25200089E-08	-4.27280746E-02	-6.38049405E-03	-2.09199722E-04	 1.31335608E-04
 2.100000E-01	 8.50008501E-06	 7.56045731E-06	 2.30351051E-06	 3.87298860E-08	-4.46471875E-02	-6.87747866E-03	-2.35376129E-04	 1.49048658E-04
 2.150000E-01	 8.24343852E-06	 7.60619742E-06	 2.41798268E-06	 4.78133156E-08	-4.65976810E-02	-7.39700899E-03	-2.63158775E-04	 1.68475372E-04
 2.200000E-01	 8.01019589E-06	 7.75465323E-06	 2.48036178E-06	 4.92019157E-08	-4.85787374E-02	-7.93878947E-03	-2.92585282E-04	 1.89702964E-04
 2.250000E-01	 7.79273722E-06	 7.98891528E-06	 2.51591500E-06	 4.35232200E-08	-5.05895427E-02	-8.50237087E-03	-3.23664174E-04	 2.12813899E-04
 2.300000E-01	 7.58020779E-06	 8.28650831E-06	 2.54339938E-06	 3.22527733E-08	-5.26292867E-02	-9.08712887E-03	-3.56363005E-04	 2.37885169E-04
 2.350000E-01	 7.37158356E-06	 8.63805373E-06	 2.56634356E-06	 1.71551571E-08	-5.46974200E-02	-9.69236756E-03	-3.90575349E-04	 2.64988356E-04
 2.400000E-01	 7.17077312E-06	 9.03764651E-06	 2.58181320E-06	 1.03639249E-10	-5.67938524E-02	-1.03174162E-02	-4.26101360E-04	 2.94191437E-04
 2.450000E-01	 6.97961947E-06	 9.47032556E-06	 2.58729535E-06	-1.68831286E-08	-5.89186422E-02	-1.09615586E-02	-4.62700300E-04	 3.25557974E-04
 2.500000E-01	 6.79929385E-06	 9.90849493E-06	 2.58105591E-06	-3.17358710E-08	-6.10719812E-02	-1.16240065E-02	-5.00085814E-04	 3.59146007E-04
 2.550000E-01	 6.62774124E-06	 1.03043391E-05	 2.56686545E-06	-4.28665788E-08	-6.32541490E-02	-1.23038849E-02	-5.37925819E-04	 3.95006174E-04
 2.600000E-01	 6.43463793E-06	 1.05587110E-05	 2.57377599E-06	-4.98701604E-08	-6.54653520E-02	-1.30001902E-02	-5.75881689E-04	 4.33177241E-04
 2.650000E-01	 6.15251115E-06	 1.05270144E-05	 2.64711211E-06	-5.27450091E-08	-6.77058877E-02	-1.37117188E-02	-6.13569785E-04	 4.73688905E-04
 2.700000E-01	 5.75375678E-06	 1.01756079E-05	 2.77231803E-06	-5.11540887E-08	-6.99761784E-02	-1.44370200E-02	-6.50514763E-04	 5.16565879E-04
 2.750000E-01	 5.30953842E-06	 9.67537712E-06	 2.86294468E-06	-4.59213323E-08	-7.22767151E-02	-1.51745715E-02	-6.86169015E-04	 5.61823398E-04
 2.800000E-01	 4.88630238E-06	 9.17169254E-06	 2.88679768E-06	-4.02701740E-08	-7.46081492E-02	-1.59228934E-02	-7.19917481E-04	 6.09467356E-04
 2.850000E-01	 4.44663505E-06	 8.60266389E-06	 2.91416784E-06	-3.85744200E-08	-7.69712803E-02	-1.66804054E-02	-7.51148542E-04	 6.59493540E-04
 2.900000E-01	 3.93772761E-06	 7.90726963E-06	 2.99529219E-06	-4.41690120E-08	-7.93671799E-02	-1.74454484E-02	-7.79313498E-04	 7.11877385E-04
 2.950000E-01	 3.38943779E-06	 7.21188298E-06	 3.10071675E-06	-5.90238193E-08	-8.17969835E-02	-1.82165747E-02	-8.03939785E-04	 7.66573884E-04
 3.000000E-01	 2.85397751E-06	 6.67136342E-06	 3.20946259E-06	-8.46130052E-08	-8.42617453E-02	-1.89928557E-02	-8.24791136E-04	 8.23507427E-04
 3.050000E-01	 2.33080163E-06	 6.31075660E-06	 3.35590467E-06	-1.22882200E-07	-8.67625101E-02	-1.97735357E-02	-8.41707359E-04	 8.82590871E-04
 3.100000E-01	 1.80026899E-06	 6.11120237E-06	 3.57270251E-06	-1.75816130E-07	-8.93002046E-02	-2.05576860E-02	-8.54402038E-04	 9.43753417E-04
 3.150000E-01	 1.26999527E-06	 6.10276543E-06	 3.85682055E-06	-2.44326505E-07	-9.18754333E-02	-2.13443718E-02	-8.62565153E-04	 1.00694006E-03
 3.200000E-01	 7.57028665E-07	 6.30798539E-06	 4.19839576E-06	-3.29028279E-07	-9.44884136E-02	-2.21325649E-02	-8.65703915E-04	 1.07213098E-03
 3.250000E-01	 2.61482216E-07	 6.68113808E-06	 4.59837905E-06	-4.30315211E-07	-9.71392442E-02	-2.29212664E-02	-8.63290759E-04	 1.13932144E-03
 3.300000E-01	-2.24968706E-07	 7.13802685E-06	 5.05322827E-06	-5.47846746E-07	-9.98282657E-02	-2.37096572E-02	-8.54867816E-04	 1.20849480E-03
 3.350000E-01	-7.05331860E-07	 7.59312371E-06	 5.54548906E-06	-6.80333511E-07	-1.02556079E-01	-2.44970756E-02	-8.39979102E-04	 1.27962351E-03
 3.400000E-01	-1.18045834E-06	 7.95877926E-06	 6.05206916E-06	-8.25638774E-07	-1.05323325E-01	-2.52829746E-02	-8.18276750E-04	 1.35266810E-03
 3.450000E-01	-1.65388713E-06	 8.14384476E-06	 6.55009410E-06	-9.81146139E-07	-1.08130697E-01	-2.60666445E-02	-7.89467235E-04	 1.42757612E-03
 3.500000E-01	-2.12497365E-06	 8.07879156E-06	 7.01296685E-06	-1.14362304E-06	-1.10979069E-01	-2.68472195E-02	-7.53369846E-04	 1.50427526E-03
 3.550000E-01	-2.58405201E-06	 7.72754826E-06	 7.41393406E-06	-1.30979452E-06	-1.13869334E-01	-2.76238523E-02	-7.09867352E-04	 1.58269065E-03
 3.600000E-01	-3.03150281E-06	 7.03403616E-06	 7.74915740E-06	-1.47808865E-06	-1.16802378E-01	-2.83959278E-02	-6.58946315E-04	 1.66275097E-03
 3.650000E-01	-3.49305226E-06	 5.89751507E-06	 8.04178074E-06	-1.64979514E-06	-1.19779031E-01	-2.91629207E-02	-6.00624138E-04	 1.74439992E-03
 3.700000E-01	-3.98926744E-06	 4.29381306E-06	 8.30268508E-06	-1.82556531E-06	-1.22800027E-01	-2.99242058E-02	-5.34769711E-04	 1.82761142E-03
 3.750000E-01	-4.50297366E-06	 2.36742479E-06	 8.51337183E-06	-2.00104388E-06	-1.25865986E-01	-3.06793682E-02	-4.61287870E-04	 1.91237086E-03
 3.800000E-01	-4.99952003E-06	 3.19854438E-07	 8.66064721E-06	-2.16918617E-06	-1.28977420E-01	-3.14284573E-02	-3.80306194E-04	 1.99866341E-03
 3.850000E-01	-5.45911001E-06	-1.71848591E-06	 8.76126569E-06	-2.32613842E-06	-1.32134726E-01	-3.21717815E-02	-2.92009721E-04	 2.08649159E-03
 3.900000E-01	-5.88837433E-06	-3.72944955E-06	 8.85995619E-06	-2.47485911E-06	-1.35338349E-01	-3.29096656E-02	-1.96369909E-04	 2.17587325E-03
 3.950000E-01	-6.31883202E-06	-5.79072634E-06	 9.01345052E-06	-2.62405534E-06	-1.38588913E-01	-3.36424713E-02	-9.32801611E-05	 2.26682610E-03
 4.000000E-01	-6.77130445E-06	-7.92313054E-06	 9.24646014E-06	-2.78009228E-06	-1.41887075E-01	-3.43706792E-02	 1.73171671E-05	 2.35936970E-03
 4.050000E-01	-7.22238300E-06	-9.98525934E-06	 9.53547387E-06	-2.94007077E-06	-1.45233071E-01	-3.50948848E-02	 1.35446276E-04	 2.45352842E-03
 4.100000E-01	-7.63365045E-06	-1.18294286E-05	 9.85802836E-06	-3.09892644E-06	-1.48626826E-01	-3.58154746E-02	 2.61374495E-04	 2.54933790E-03
 4.150000E-01	-7.99392140E-06	-1.34630966E-05	 1.02272206E-05	-3.25838333E-06	-1.52068176E-01	-3.65325567E-02	 3.95342780E-04	 2.64683483E-03
 4.200000E-01	-8.32682417E-06	-1.50401405E-05	 1.06844357E-05	-3.42714796E-06	-1.55557078E-01	-3.72462699E-02	 5.37114577E-04	 2.74604087E-03
 4.250000E-01	-8.67939168E-06	-1.67787460E-05	 1.12780766E-05	-3.61809296E-06	-1.59093648E-01	-3.79566292E-02	 6.86406211E-04	 2.84696880E-03
 4.300000E-01	-9.07460659E-06	-1.87480131E-05	 1.20126822E-05	-3.83625032E-06	-1.62678478E-01	-3.86634578E-02	 8.43324996E-04	 2.94962250E-03
 4.350000E-01	-9.47319333E-06	-2.07476991E-05	 1.28362566E-05	-4.06884462E-06	-1.66312307E-01	-3.93666936E-02	 1.00808220E-03	 3.05400884E-03
 4.400000E-01	-9.83679292E-06	-2.26081686E-05	 1.37302767E-05	-4.30177709E-06	-1.69995945E-01	-4.00665071E-02	 1.18087441E-03	 3.16014878E-03
 4.450000E-01	-1.01963138E-05	-2.44317089E-05	 1.47533495E-05	-4.53852429E-06	-1.73730548E-01	-4.07630453E-02	 1.36195208E-03	 3.26806710E-03
 4.500000E-01	-1.05924619E-05	-2.63187159E-05	 1.59455779E-05	-4.78638287E-06	-1.77517494E-01	-4.14562647E-02	 1.55157949E-03	 3.37777635E-03
 4.550000E-01	-1.10026628E-05	-2.81228411E-05	 1.72726268E-05	-5.03739346E-06	-1.81358086E-01	-4.21461037E-02	 1.75000491E-03	 3.48927892E-03
 4.600000E-01	-1.13894966E-05	-2.96932470E-05	 1.87057185E-05	-5.28042498E-06	-1.85253563E-01	-4.28326132E-02	 1.95750938E-03	 3.60257481E-03
 4.650000E-01	-1.17649768E-05	-3.11039492E-05	 2.02717365E-05	-5.51889254E-06	-1.89204794E-01	-4.35156808E-02	 2.17435021E-03	 3.71765974E-03
 4.700000E-01	-1.21527422E-05	-3.24711559E-05	 2.19880204E-05	-5.76189055E-06	-1.93212533E-01	-4.41947764E-02	 2.40093153E-03	 3.83450586E-03
 4.750000E-01	-1.25372800E-05	-3.37752364E-05	 2.38207389E-05	-6.00920522E-06	-1.97277720E-01	-4.48692054E-02	 2.63775990E-03	 3.95306829E-03
 4.800000E-01	-1.28990729E-05	-3.50114147E-05	 2.57409593E-05	-6.25800685E-06	-2.01401399E-01	-4.55384015E-02	 2.88526768E-03	 4.07330318E-03
 4.850000E-01	-1.32562682E-05	-3.63158997E-05	 2.77559897E-05	-6.51304158E-06	-2.05584722E-01	-4.62017958E-02	 3.14390011E-03	 4.19516774E-03
 4.900000E-01	-1.36159448E-05	-3.77538732E-05	 2.98398242E-05	-6.77333729E-06	-2.09828982E-01	-4.68586962E-02	 3.41423311E-03	 4.31862243E-03
 4.950000E-01	-1.39235318E-05	-3.91709337E-05	 3.18999541E-05	-7.01905086E-06	-2.14135238E-01	-4.75084752E-02	 3.69677324E-03	 4.44366032E-03
 5.000000E-01	-1.41335931E-05	-4.05281882E-05	 3.38837400E-05	-7.23602921E-06	-2.18504232E-01	-4.81508407E-02	 3.99179560E-03	 4.57035637E-03
 5.050000E-01	-1.42874881E-05	-4.21574385E-05	 3.58402678E-05	-7.44016819E-06	-2.22936602E-01	-4.87857763E-02	 4.29938930E-03	 4.69883720E-03
 5.100000E-01	-1.44390037E-05	-4.43623704E-05	 3.78014632E-05	-7.64782313E-06	-2.27433521E-01	-4.94136627E-02	 4.61948676E-03	 4.82926524E-03
 5.150000E-01	-1.45617189E-05	-4.70619886E-05	 3.97021878E-05	-7.84236597E-06	-2.31996051E-01	-5.00351239E-02	 4.95201978E-03	 4.96184366E-03
 5.200000E-01	-1.46074981E-05	-5.00934175E-05	 4.14872914E-05	-7.99605277E-06	-2.36624755E-01	-5.06507641E-02	 5.29723172E-03	 5.09683097E-03
 5.250000E-01	-1.45902480E-05	-5.35239286E-05	 4.31948636E-05	-8.10056549E-06	-2.41319875E-01	-5.12613346E-02	 5.65530597E-03	 5.23453304E-03
 5.300000E-01	-1.45575582E-05	-5.74764779E-05	 4.48926809E-05	-8.15629564E-06	-2.46080929E-01	-5.18678298E-02	 6.02574098E-03	 5.37528037E-03
 5.350000E-01	-1.45345766E-05	-6.19053198E-05	 4.66143723E-05	-8.15234120E-06	-2.50907261E-01	-5.24712172E-02	 6.40800890E-03	 5.51937759E-03
 5.400000E-01	-1.45082416E-05	-6.65798165E-05	 4.83543853E-05	-8.06366342E-06	-2.55797982E-01	-5.30722754E-02	 6.80193967E-03	 5.66708770E-03
 5.450000E-01	-1.44367329E-05	-7.11746482E-05	 5.00902950E-05	-7.85983264E-06	-2.60752545E-01	-5.36720063E-02	 7.20750567E-03	 5.81867250E-03
 5.500000E-01	-1.43143971E-05	-7.55641880E-05	 5.18670561E-05	-7.53236708E-06	-2.65772741E-01	-5.42719484E-02	 7.62525666E-03	 5.97436351E-03
 5.550000E-01	-1.42222660E-05	-7.99741990E-05	 5.38279662E-05	-7.10955585E-06	-2.70861139E-01	-5.48735333E-02	 8.05596161E-03	 6.13433894E-03
 5.600000E-01	-1.42211340E-05	-8.44865632E-05	 5.60472516E-05	-6.61267456E-06	-2.76019932E-01	-5.54773109E-02	 8.50059682E-03	 6.29866870E-03
 5.650000E-01	-1.42406994E-05	-8.86720207E-05	 5.84253002E-05	-6.01746067E-06	-2.81250764E-01	-5.60831788E-02	 8.96010135E-03	 6.46736379E-03
 5.700000E-01	-1.41989512E-05	-9.21790239E-05	 6.08876969E-05	-5.30155207E-06	-2.86553305E-01	-5.66907554E-02	 9.43454429E-03	 6.64045894E-03
 5.750000E-01	-1.41461590E-05	-9.52506971E-05	 6.35339988E-05	-4.49552553E-06	-2.91927915E-01	-5.72994704E-02	 9.92428143E-03	 6.81796213E-03
 5.800000E-01	-1.41636145E-05	-9.82135094E-05	 6.64508496E-05	-3.64255039E-06	-2.97376415E-01	-5.79083147E-02	 1.04304199E-02	 6.99982993E-03
 5.850000E-01	-1.42228780E-05	-1.00963277E-04	 6.95542060E-05	-2.74560700E-06	-3.02901318E-01	-5.85163858E-02	 1.09541849E-02	 7.18604642E-03
 5.900000E-01	-1.42408386E-05	-1.03271263E-04	 7.27093794E-05	-1.78624671E-06	-3.08505474E-01	-5.91235269E-02	 1.14966077E-02	 7.37665417E-03
 5.950000E-01	-1.41787291E-05	-1.05163314E-04	 7.58527803E-05	-7.60897108E-07	-3.14190826E-01	-5.97299998E-02	 1.20583981E-02	 7.57174862E-03
 6.000000E-01	-1.40462321E-05	-1.06896746E-04	 7.89757528E-05	 3.14583160E-07	-3.19958632E-01	-6.03360717E-02	 1.26401888E-02	 7.77146480E-03
 6.050000E-01	-1.38751103E-05	-1.08825426E-04	 8.20856690E-05	 1.41849326E-06	-3.25809351E-01	-6.09417485E-02	 1.32424713E-02	 7.97599338E-03
 6.100000E-01	-1.36858155E-05	-1.11206173E-04	 8.51597497E-05	 2.54538613E-06	-3.31743321E-01	-6.15468918E-02	 1.38659164E-02	 8.18554429E-03
 6.150000E-01	-1.34588233E-05	-1.14066130E-04	 8.81176077E-05	 3.71842689E-06	-3.37761141E-01	-6.21516064E-02	 1.45114688E-02	 8.40032035E-03
 6.200000E-01	-1.31573414E-05	-1.17324685E-04	 9.08702572E-05	 4.97638062E-06	-3.43862675E-01	-6.27562431E-02	 1.51799544E-02	 8.62053078E-03
 6.250000E-01	-1.27631881E-05	-1.20941532E-04	 9.33704768E-05	 6.35524493E-06	-3.50047133E-01	-6.33611912E-02	 1.58720882E-02	 8.84641169E-03
 6.300000E-01	-1.22862280E-05	-1.24946821E-04	 9.56193182E-05	 7.88138737E-06	-3.56314429E-01	-6.39668686E-02	 1.65889533E-02	 9.07823024E-03
 6.350000E-01	-1.17597273E-05	-1.29408990E-04	 9.76530805E-05	 9.57429188E-06	-3.62664337E-01	-6.45739674E-02	 1.73314498E-02	 9.31631021E-03
 6.400000E-01	-1.12076145E-05	-1.34295133E-04	 9.94907365E-05	 1.14578157E-05	-3.69095788E-01	-6.51837238E-02	 1.80997107E-02	 9.56103969E-03
 6.450000E-01	-1.06136231E-05	-1.39386281E-04	 1.01103890E-04	 1.35632479E-05	-3.75611284E-01	-6.57992992E-02	 1.88942790E-02	 9.81262571E-03
 6.500000E-01	-9.95324892E-06	-1.44440438E-04	 1.02478363E-04	 1.59138705E-05	-3.82216889E-01	-6.64273288E-02	 1.97150895E-02	 1.00707352E-02
 6.550000E-01	-9.23452331E-06	-1.49335681E-04	 1.03656240E-04	 1.85149220E-05	-3.88917048E-01	-6.70764272E-02	 2.05599035E-02	 1.03345264E-02
 6.600000E-01	-8.47308390E-06	-1.53984360E-04	 1.04693030E-04	 2.13507150E-05	-3.95720026E-01	-6.77583828E-02	 2.14262649E-02	 1.06022115E-02
 6.650000E-01	-7.65746638E-06	-1.58246909E-04	 1.05613244E-04	 2.43869853E-05	-4.02640687E-01	-6.84885597E-02	 2.23134389E-02	 1.08709409E-02
 6.700000E-01	-6.77736832E-06	-1.62030241E-04	 1.06449675E-04	 2.75692512E-05	-4.09693576E-01	-6.92834691E-02	 2.32202965E-02	 1.11369618E-02
 6.750000E-01	-5.85714417E-06	-1.65363361E-04	 1.07278232E-04	 3.08213338E-05	-4.16891524E-01	-7.01585376E-02	 2.41453767E-02	 1.13954781E-02
 6.800000E-01	-4.91659917E-06	-1.68225905E-04	 1.08143269E-04	 3.40527697E-05	-4.24241538E-01	-7.11278614E-02	 2.50847280E-02	 1.16404688E-02
 6.850000E-01	-3.92063726E-06	-1.70420539E-04	 1.09004228E-04	 3.71561670E-05	-4.31755244E-01	-7.22065267E-02	 2.60365433E-02	 1.18642039E-02
 6.900000E-01	-2.80429200E-06	-1.71718200E-04	 1.09788920E-04	 3.99990709E-05	-4.39446606E-01	-7.34094601E-02	 2.70005142E-02	 1.20573024E-02
 6.950000E-01	-1.52259893E-06	-1.72029895E-04	 1.10455938E-04	 4.24197308E-05	-4.47321219E-01	-7.47494624E-02	 2.79726338E-02	 1.22088861E-02
 7.000000E-01	-8.16873354E-08	-1.71497288E-04	 1.11040814E-04	 4.42237012E-05	-4.55387175E-01	-7.62392696E-02	 2.89500765E-02	 1.23059507E-02
 7.050000E-01	 1.45459438E-06	-1.70462235E-04	 1.11649890E-04	 4.52020347E-05	-4.63655251E-01	-7.78912078E-02	 2.99313097E-02	 1.23333831E-02
 7.100000E-01	 3.04280126E-06	-1.69144975E-04	 1.12320305E-04	 4.51546392E-05	-4.72131870E-01	-7.97141843E-02	 3.09133131E-02	 1.22747343E-02
 7.150000E-01	 4.73149232E-06	-1.67428728E-04	 1.12940238E-04	 4.38795911E-05	-4.80819764E-01	-8.17137784E-02	 3.18916370E-02	 1.21116313E-02
 7.200000E-01	 6.57414087E-06	-1.65181715E-04	 1.13416571E-04	 4.11695776E-05	-4.89718890E-01	-8.38930744E-02	 3.28603311E-02	 1.18231803E-02
 7.250000E-01	 8.53404166E-06	-1.62526958E-04	 1.13800606E-04	 3.68270073E-05	-4.98828948E-01	-8.62531688E-02	 3.38127249E-02	 1.13857160E-02
 7.300000E-01	 1.05765659E-05	-1.59522363E-04	 1.14117479E-04	 3.06647540E-05	-5.08150165E-01	-8.87931992E-02	 3.47414729E-02	 1.07728116E-02
 7.350000E-01	 1.27724165E-05	-1.55904400E-04	 1.14236873E-04	 2.24944157E-05	-5.17681603E-01	-9.15101852E-02	 3.56375342E-02	 9.95517753E-03
 7.400000E-01	 1.51904075E-05	-1.51486828E-04	 1.14067905E-04	 1.21603589E-05	-5.27419446E-01	-9.43985594E-02	 3.64891661E-02	 8.90053146E-03
 7.450000E-01	 1.77790766E-05	-1.46489695E-04	 1.13700806E-04	-4.05346456E-07	-5.37361307E-01	-9.74505884E-02	 3.72843552E-02	 7.57337365E-03
 7.500000E-01	 2.04667715E-05	-1.41154508E-04	 1.13206116E-04	-1.51824586E-05	-5.47501503E-01	-1.00654552E-01	 3.80079039E-02	 5.93501435E-03
 7.550000E-01	 2.32779605E-05	-1.35404119E-04	 1.12493212E-04	-3.20804259E-05	-5.57829459E-01	-1.03993870E-01	 3.86405124E-02	 3.94407191E-03
 7.600000E-01	 2.62591607E-05	-1.29126985E-04	 1.11469175E-04	-5.09006262E-05	-5.68337035E-01	-1.07450199E-01	 3.91627506E-02	 1.55723283E-03
 7.650000E-01	 2.93871552E-05	-1.22434492E-04	 1.10150366E-04	-7.12979900E-05	-5.79015378E-01	-1.11002780E-01	 3.95526258E-02	-1.27001382E-03
 7.700000E-01	 3.26308600E-05	-1.15450641E-04	 1.08544588E-04	-9.28029323E-05	-5.89853132E-01	-1.14625953E-01	 3.97851812E-02	-4.58236290E-03
 7.750000E-01	 3.60198680E-05	-1.08144442E-04	 1.06576579E-04	-1.14854138E-04	-6.00834531E-01	-1.18289393E-01	 3.98311475E-02	-8.42438003E-03
 7.800000E-01	 3.95700878E-05	-1.00593937E-04	 1.04219690E-04	-1.36796293E-04	-6.11947145E-01	-1.21959989E-01	 3.96630638E-02	-1.28401275E-02
 7.850000E-01	 4.32107361E-05	-9.31572782E-05	 1.01553580E-04	-1.57898841E-04	-6.23168927E-01	-1.25597189E-01	 3.92465925E-02	-1.78709900E-02
 7.900000E-01	 4.68567391E-05	-8.61618820E-05	 9.86704171E-05	-1.77461962E-04	-6.34475015E-01	-1.29156674E-01	 3.85434523E-02	-2.35548553E-02
 7.950000E-01	 5.04826459E-05	-7.96587470E-05	 9.56490789E-05	-1.94886676E-04	-6.45855938E-01	-1.32597124E-01	 3.75239260E-02	-2.99265879E-02
 8.000000E-01	 5.40779399E-05	-7.36108767E-05	 9.26078289E-05	-2.09646843E-04	-6.57291516E-01	-1.35871609E-01	 3.61492129E-02	-3.70158756E-02
 8.050000E-01	 5.75979889E-05	-6.80798695E-05	 8.97302667E-05	-2.21346244E-04	-6.68763659E-01	-1.38928605E-01	 3.43841348E-02	-4.48477986E-02
 8.100000E-01	 6.09912536E-05	-6.31837426E-05	 8.71786490E-05	-2.29747614E-04	-6.80255085E-01	-1.41711906E-01	 3.21984209E-02	-5.34416279E-02
 8.150000E-01	 6.42332897E-05	-5.90423421E-05	 8.50186217E-05	-2.34745350E-04	-6.91741771E-01	-1.44156970E-01	 2.95642920E-02	-6.28051194E-02
 8.200000E-01	 6.73055766E-05	-5.57887080E-05	 8.32562226E-05	-2.36397484E-04	-7.03192745E-01	-1.46194367E-01	 2.64539062E-02	-7.29336509E-02
 8.250000E-01	 7.01781572E-05	-5.35462681E-05	 8.19007025E-05	-2.34977759E-04	-7.14589243E-01	-1.47758182E-01	 2.28479362E-02	-8.38216596E-02
 8.300000E-01	 7.28407514E-05	-5.22794015E-05	 8.09730171E-05	-2.30832928E-04	-7.25917195E-01	-1.48783457E-01	 1.87269980E-02	-9.54651615E-02
 8.350000E-01	 7.53055111E-05	-5.17572712E-05	 8.05611330E-05	-2.24182382E-04	-7.37159975E-01	-1.49204517E-01	 1.40681331E-02	-1.07856028E-01
 8.400000E-01	 7.75681713E-05	-5.18197319E-05	 8.07930587E-05	-2.15222060E-04	-7.48307076E-01	-1.48955764E-01	 8.85949665E-03	-1.20971152E-01
 8.450000E-01	 7.96059693E-05	-5.25112213E-05	 8.16966688E-05	-2.04375524E-04	-7.59332848E-01	-1.47972726E-01	 3.08846659E-03	-1.34749202E-01
 8.500000E-01	 8.14234121E-05	-5.38502982E-05	 8.31879683E-05	-1.92299097E-04	-7.70221790E-01	-1.46198871E-01	-3.24040161E-03	-1.49105221E-01
 8.550000E-01	 8.30621175E-05	-5.56980887E-05	 8.51579005E-05	-1.79634857E-04	-7.80961820E-01	-1.43585531E-01	-1.01197435E-02	-1.63942157E-01
 8.600000E-01	 8.45633507E-05	-5.78884561E-05	 8.75069863E-05	-1.67004039E-04	-7.91536638E-01	-1.40086702E-01	-1.75561516E-02	-1.79166772E-01
 8.650000E-01	 8.59517578E-05	-6.03217104E-05	 9.01116914E-05	-1.55046654E-04	-8.01933334E-01	-1.35649026E-01	-2.55753598E-02	-1.94721907E-01
 8.700000E-01	 8.72474870E-05	-6.28952693E-05	 9.28430843E-05	-1.44256511E-04	-8.12140175E-01	-1.30205060E-01	-3.42242868E-02	-2.10584840E-01
 8.750000E-01	 8.84505852E-05	-6.54810628E-05	 9.56327406E-05	-1.34846016E-04	-8.22132091E-01	-1.23680913E-01	-4.35678456E-02	-2.26713969E-01
 8.800000E-01	 8.95508535E-05	-6.80382480E-05	 9.84014825E-05	-1.26898509E-04	-8.31874599E-01	-1.16008669E-01	-5.36764545E-02	-2.43020392E-01
 8.850000E-01	 9.05765420E-05	-7.06347170E-05	 1.00985933E-04	-1.20453614E-04	-8.41331824E-01	-1.07128258E-01	-6.46228294E-02	-2.59374920E-01
 8.900000E-01	 9.15410652E-05	-7.32806649E-05	 1.03338623E-04	-1.15380904E-04	-8.50462607E-01	-9.69796979E-02	-7.64966388E-02	-2.75622901E-01
 8.950000E-01	 9.23517146E-05	-7.58742609E-05	 1.05653287E-04	-1.11385836E-04	-8.59208397E-01	-8.54935535E-02	-8.94264781E-02	-2.91583619E-01
 9.000000E-01	 9.29179953E-05	-7.83422605E-05	 1.08028722E-04	-1.08342831E-04	-8.67489449E-01	-7.25796922E-02	-1.03589990E-01	-3.07057349E-01
 9.050000E-01	 9.32923186E-05	-8.06707025E-05	 1.10295723E-04	-1.06391628E-04	-8.75227705E-01	-5.81339443E-02	-1.19173588E-01	-3.21801867E-01
 9.100000E-01	 9.35747879E-05	-8.28011207E-05	 1.12301572E-04	-1.05659343E-04	-8.82307024E-01	-4.21463299E-02	-1.36401935E-01	-3.35329455E-01
 9.150000E-01	 9.37873794E-05	-8.46477422E-05	 1.14064392E-04	-1.06049655E-04	-8.88627779E-01	-2.45983473E-02	-1.55433609E-01	-3.47097977E-01
 9.200000E-01	 9.38376513E-05	-8.60991422E-05	 1.15775108E-04	-1.07374379E-04	-8.93977864E-01	-5.68016349E-03	-1.76719891E-01	-3.56103386E-01
 9.250000E-01	 9.36165644E-05	-8.71588735E-05	 1.17432913E-04	-1.09403005E-04	-8.98257611E-01	 1.48415486E-02	-2.00382393E-01	-3.61890223E-01
 9.300000E-01	 9.30889037E-05	-8.77115548E-05	 1.18910060E-04	-1.12154352E-04	-9.01052993E-01	 3.64958915E-02	-2.27265337E-01	-3.62548146E-01
 9.350000E-01	 9.23534456E-05	-8.76274719E-05	 1.19785469E-04	-1.15908430E-04	-9.02014999E-01	 5.85657148E-02	-2.58057841E-01	-3.55494649E-01
 9.400000E-01	 9.15719155E-05	-8.68859946E-05	 1.19831063E-04	-1.20325683E-04	-9.00978346E-01	 8.18160710E-02	-2.92453372E-01	-3.40880924E-01
 9.450000E-01	 9.06061381E-05	-8.58582260E-05	 1.18837590E-04	-1.24511700E-04	-8.97887633E-01	 1.10331327E-01	-3.30006307E-01	-3.24365960E-01
 9.500000E-01	 8.95118915E-05	-8.46165648E-05	 1.16650010E-04	-1.28460333E-04	-8.90872430E-01	 1.41831902E-01	-3.70929530E-01	-3.01571151E-01
 9.550000E-01	 8.81731194E-05	-8.24971593E-05	 1.12540137E-04	-1.31792237E-04	-8.82763295E-01	 1.83491818E-01	-4.19917675E-01	-2.73033197E-01
 9.600000E-01	 8.61241766E-05	-8.42530629E-05	 1.09644004E-04	-1.35701151E-04	-8.58468721E-01	 1.97513999E-01	-4.44407873E-01	-2.39019723E-01
 9.650000E-01	 8.56172644E-05	-8.49053708E-05	 1.07905780E-04	-1.39817182E-04	-8.34369568E-01	 2.03631291E-01	-4.71477492E-01	-2.06054040E-01
 9.700000E-01	 7.94567775E-05	-8.28227016E-05	 1.03303684E-04	-1.47130744E-04	-7.30943534E-01	 1.88922008E-01	-4.87352215E-01	-1.37857017E-01
 9.750000E-01	 5.29086717E-05	-6.73759455E-05	 5.71820010E-05	-1.38581143E-04	-5.44868622E-01	 2.20578789E-01	-3.46027352E-01	 3.07289363E-01
 9.800000E-01	-3.50866375E-05	-1.85128663E-05	-5.10682475E-05	-9.95908456E-05	 9.58905952E-02	 3.02211519E-01	 2.41276635E-02	 1.16354813E+00
 9.850000E-01	-2.10171195E-04	 2.00913110E-04	-3.40809744E-04	 8.11686161E-05	 1.36205213E+00	-3.04155735E-01	 1.26327338E+00	 2.42983403E+00
 9.900000E-01	 3.92824053E-05	-2.39455550E-05	-2.42831141E-04	 2.48477211E-04	-8.60559064E-01	 5.18049743E-01	 1.32526169E+00	 5.52107086E-02
 9.950000E-01	 1.09629999E-03	-3.87986995E-04	-1.33845318E-03	 2.74847370E-04	-1.12188586E+01	-3.24235428E+00	 1.04851171E+01	 5.24423217E+00
 1.000000E+00	 0.00000000E+00	 0.00000000E+00	 0.00000000E+00	 0.00000000E+00	 0.00000000E+00	 0.00000000E+00	 0.00000000E+00	 0.00000000E+00
