r	R  3/ 3	R  4/ 3	R  5/ 3	R  6/ 3	I  3/ 3	I  4/ 3	I  5/ 3	I  6/ 3
 0.000000E+00	 0.00000000E+00	 0.00000000E+00	 0.00000000E+00	 0.00000000E+00	 0.00000000E+00	 0.00000000E+00	 0.00000000E+00	 0.00000000E+00
 5.000000E-03	-1.70897985E-05	-5.44375453E-08	 1.32251160E-06	 3.82610276E-08	-1.15351275E-08	-1.96518812E-09	 1.55615725E-09	-3.79804800E-10
 1.000000E-02	-6.30117912E-05	-6.54536228E-07	 1.35479206E-06	 7.67216695E-08	-5.27924356E-08	-5.49579034E-09	 8.54000921E-09	-7.25280500E-10
 1.500000E-02	-1.39568992E-04	-2.35242032E-06	 1.33874529E-06	 1.11321621E-07	-1.45767621E-07	-1.40068006E-08	 1.86619554E-08	-4.27966565E-10
 2.000000E-02	-2.46770130E-04	-5.71454152E-06	 1.26588875E-06	 1.40005479E-07	-2.92046560E-07	-3.01656040E-08	 2.56312776E-08	 5.52208212E-10
 2.500000E-02	-3.84623589E-04	-1.13107555E-05	 1.10028825E-06	 1.58319179E-07	-4.84661088E-07	-5.55287027E-08	 1.94348204E-08	-9.92392661E-11
 3.000000E-02	-5.53132697E-04	-1.97123005E-05	 7.90518130E-07	 1.62366688E-07	-7.07633228E-07	-8.95507065E-08	-1.83966867E-08	-6.97547657E-09
 3.500000E-02	-7.52294655E-04	-3.14794238E-05	 2.73034149E-07	 1.55938634E-07	-9.30511409E-07	-1.28148402E-07	-1.10392954E-07	-2.66386762E-08
 4.000000E-02	-9.82093118E-04	-4.71559398E-05	-5.19488632E-07	 1.35885387E-07	-1.12786977E-06	-1.66499644E-07	-2.51676681E-07	-6.47366929E-08
 4.500000E-02	-1.24248937E-03	-6.73050663E-05	-1.65610212E-06	 7.16654982E-08	-1.30342811E-06	-2.04020852E-07	-4.07733803E-07	-1.20014724E-07
 5.000000E-02	-1.53341020E-03	-9.25362483E-05	-3.21857104E-06	-7.76463930E-08	-1.47098147E-06	-2.40196020E-07	-5.66524610E-07	-1.88416277E-07
 5.500000E-02	-1.85474320E-03	-1.23472579E-04	-5.30433770E-06	-3.39416340E-07	-1.62328997E-06	-2.68818049E-07	-7.57389370E-07	-2.72952768E-07
 6.000000E-02	-2.20633260E-03	-1.60718732E-04	-8.02089293E-06	-7.23267705E-07	-1.72958409E-06	-2.78766338E-07	-1.02346496E-06	-3.83150985E-07
 6.500000E-02	-2.58797240E-03	-2.04848796E-04	-1.14848263E-05	-1.21288318E-06	-1.74727382E-06	-2.57468279E-07	-1.39039011E-06	-5.31659144E-07
 7.000000E-02	-2.99939637E-03	-2.56414394E-04	-1.58131413E-05	-1.79179750E-06	-1.65852060E-06	-2.06150748E-07	-1.80344890E-06	-7.17479681E-07
 7.500000E-02	-3.44026573E-03	-3.16027523E-04	-2.11265062E-05	-2.49127069E-06	-1.50445273E-06	-1.51420891E-07	-2.12132485E-06	-9.04630845E-07
 8.000000E-02	-3.91016263E-03	-3.84421326E-04	-2.75781586E-05	-3.38343554E-06	-1.35950898E-06	-1.31226647E-07	-2.21629272E-06	-1.03671098E-06
 8.500000E-02	-4.40858559E-03	-4.62415845E-04	-3.53708185E-05	-4.55440680E-06	-1.29084370E-06	-1.78531790E-07	-2.03702947E-06	-1.06194091E-06
 9.000000E-02	-4.93497818E-03	-5.50872286E-04	-4.47584634E-05	-6.08804980E-06	-1.33737540E-06	-3.08676015E-07	-1.62232756E-06	-9.54168194E-07
 9.500000E-02	-5.48873407E-03	-6.50621151E-04	-5.60370859E-05	-8.05451030E-06	-1.49656363E-06	-5.11971271E-07	-1.08896648E-06	-7.27831869E-07
 1.000000E-01	-6.06924474E-03	-7.62409448E-04	-6.95194608E-05	-1.05054504E-05	-1.72915539E-06	-7.59615371E-07	-5.81928523E-07	-4.27849093E-07
 1.050000E-01	-6.67592376E-03	-8.86881910E-04	-8.55240573E-05	-1.34650012E-05	-1.97580182E-06	-1.01459202E-06	-2.23069155E-07	-1.16088694E-07
 1.100000E-01	-7.30833671E-03	-1.02461486E-03	-1.04344508E-04	-1.69483203E-05	-2.20074534E-06	-1.26221903E-06	-2.68494510E-08	 1.58602596E-07
 1.150000E-01	-7.96618178E-03	-1.17623097E-03	-1.26252116E-04	-2.10275449E-05	-2.42679133E-06	-1.52902321E-06	 1.10013192E-07	 3.97858409E-07
 1.200000E-01	-8.64937411E-03	-1.34250168E-03	-1.51523830E-04	-2.58217190E-05	-2.69211543E-06	-1.84559736E-06	 2.65354597E-07	 6.32051868E-07
 1.250000E-01	-9.35793146E-03	-1.52427469E-03	-1.80474783E-04	-3.14343868E-05	-2.99854871E-06	-2.21222376E-06	 4.14159519E-07	 8.72585105E-07
 1.300000E-01	-1.00916534E-02	-1.72233970E-03	-2.13477217E-04	-3.79515230E-05	-3.31828830E-06	-2.60700975E-06	 4.86207654E-07	 1.10307930E-06
 1.350000E-01	-1.08503032E-02	-1.93743370E-03	-2.50921572E-04	-4.54393759E-05	-3.61597988E-06	-3.00283625E-06	 4.24434514E-07	 1.28971362E-06
 1.400000E-01	-1.16336639E-02	-2.17026053E-03	-2.93201354E-04	-5.39618583E-05	-3.87231420E-06	-3.39019796E-06	 2.33605679E-07	 1.40399560E-06
 1.450000E-01	-1.24415745E-02	-2.42155819E-03	-3.40700962E-04	-6.36087185E-05	-4.10110860E-06	-3.78969246E-06	-1.22165851E-08	 1.44802102E-06
 1.500000E-01	-1.32738222E-02	-2.69213659E-03	-3.93837763E-04	-7.44882413E-05	-4.33233024E-06	-4.22803042E-06	-2.37149959E-07	 1.44153090E-06
 1.550000E-01	-1.41297360E-02	-2.98279929E-03	-4.53196341E-04	-8.67214632E-05	-4.58608008E-06	-4.71252918E-06	-4.16903346E-07	 1.39830929E-06
 1.600000E-01	-1.50085954E-02	-3.29432421E-03	-5.19383068E-04	-1.00419466E-04	-4.84791064E-06	-5.20885518E-06	-6.09958155E-07	 1.30903976E-06
 1.650000E-01	-1.59096017E-02	-3.62736969E-03	-5.93037008E-04	-1.15638237E-04	-5.06063716E-06	-5.63772713E-06	-9.29776259E-07	 1.12217654E-06
 1.700000E-01	-1.68318142E-02	-3.98242099E-03	-6.74811814E-04	-1.32386493E-04	-5.18841513E-06	-5.95538855E-06	-1.38438564E-06	 7.88831882E-07
 1.750000E-01	-1.77740382E-02	-4.35989994E-03	-7.65363051E-04	-1.50731714E-04	-5.27141454E-06	-6.21237192E-06	-1.82860514E-06	 3.36952043E-07
 1.800000E-01	-1.87346541E-02	-4.76018724E-03	-8.65401725E-04	-1.70867128E-04	-5.35842010E-06	-6.46303054E-06	-2.17152624E-06	-1.64151317E-07
 1.850000E-01	-1.97126325E-02	-5.18360059E-03	-9.75360172E-04	-1.92999273E-04	-5.43433326E-06	-6.68071869E-06	-2.48201207E-06	-6.91878720E-07
 1.900000E-01	-2.07076504E-02	-5.63037866E-03	-1.09542729E-03	-2.17248130E-04	-5.45762217E-06	-6.81177471E-06	-2.84728903E-06	-1.26542756E-06
 1.950000E-01	-2.17194984E-02	-6.10069204E-03	-1.22577304E-03	-2.43679157E-04	-5.41273122E-06	-6.84198497E-06	-3.27399037E-06	-1.89372109E-06
 2.000000E-01	-2.27480500E-02	-6.59468770E-03	-1.36652316E-03	-2.72335163E-04	-5.31009162E-06	-6.79892589E-06	-3.71569214E-06	-2.55498171E-06
 2.050000E-01	-2.37932753E-02	-7.11250511E-03	-1.51776407E-03	-3.03241409E-04	-5.17390163E-06	-6.73681389E-06	-4.11159421E-06	-3.19788730E-06
 2.100000E-01	-2.48550978E-02	-7.65423209E-03	-1.67963738E-03	-3.36437206E-04	-5.03029976E-06	-6.71093536E-06	-4.41931382E-06	-3.76469031E-06
 2.150000E-01	-2.59331002E-02	-8.21981496E-03	-1.85246311E-03	-3.72016369E-04	-4.89680966E-06	-6.75700054E-06	-4.63176938E-06	-4.21621574E-06
 2.200000E-01	-2.70267705E-02	-8.80907012E-03	-2.03656379E-03	-4.10113065E-04	-4.77951798E-06	-6.88578689E-06	-4.77186321E-06	-4.54240774E-06
 2.250000E-01	-2.81355972E-02	-9.42169907E-03	-2.23220209E-03	-4.50869401E-04	-4.67388901E-06	-7.08405365E-06	-4.87835975E-06	-4.76525492E-06
 2.300000E-01	-2.92590919E-02	-1.00572891E-02	-2.43956730E-03	-4.94425662E-04	-4.57336162E-06	-7.33357608E-06	-4.97926113E-06	-4.92346594E-06
 2.350000E-01	-3.03969198E-02	-1.07153717E-02	-2.65872101E-03	-5.40916944E-04	-4.47725812E-06	-7.62695677E-06	-5.07972299E-06	-5.05371693E-06
 2.400000E-01	-3.15490015E-02	-1.13954787E-02	-2.88956358E-03	-5.90459503E-04	-4.38768862E-06	-7.95960868E-06	-5.17489254E-06	-5.18926759E-06
 2.450000E-01	-3.27153431E-02	-1.20971082E-02	-3.13191598E-03	-6.43147387E-04	-4.30521202E-06	-8.31928303E-06	-5.25935836E-06	-5.36406702E-06
 2.500000E-01	-3.38960229E-02	-1.28197031E-02	-3.38550845E-03	-6.99052314E-04	-4.22956161E-06	-8.68338671E-06	-5.32726893E-06	-5.61609199E-06
 2.550000E-01	-3.50911604E-02	-1.35626361E-02	-3.64997513E-03	-7.58233612E-04	-4.15817109E-06	-9.01318318E-06	-5.37908264E-06	-5.98758086E-06
 2.600000E-01	-3.63007827E-02	-1.43251540E-02	-3.92489662E-03	-8.20748037E-04	-4.07103910E-06	-9.22709606E-06	-5.44968052E-06	-6.52975032E-06
 2.650000E-01	-3.75249793E-02	-1.51063644E-02	-4.20975821E-03	-8.86586572E-04	-3.92508403E-06	-9.20267073E-06	-5.59333561E-06	-7.31126541E-06
 2.700000E-01	-3.87640327E-02	-1.59052861E-02	-4.50392806E-03	-9.55627543E-04	-3.70264378E-06	-8.90790052E-06	-5.77881780E-06	-8.34547166E-06
 2.750000E-01	-4.00183147E-02	-1.67209382E-02	-4.80667334E-03	-1.02775217E-03	-3.44925606E-06	-8.48518075E-06	-5.88446877E-06	-9.50805084E-06
 2.800000E-01	-4.12883094E-02	-1.75524111E-02	-5.11716626E-03	-1.10291162E-03	-3.20771887E-06	-8.05887144E-06	-5.87655570E-06	-1.06481630E-05
 2.850000E-01	-4.25745505E-02	-1.83987108E-02	-5.43455207E-03	-1.18105341E-03	-2.95470501E-06	-7.57714541E-06	-5.86176111E-06	-1.17367086E-05
 2.900000E-01	-4.38775295E-02	-1.92586446E-02	-5.75794935E-03	-1.26207130E-03	-2.65803285E-06	-6.98642192E-06	-5.91255631E-06	-1.27881568E-05
 2.950000E-01	-4.51976177E-02	-2.01310605E-02	-6.08649325E-03	-1.34580447E-03	-2.33954737E-06	-6.39277940E-06	-5.99754467E-06	-1.37296439E-05
 3.000000E-01	-4.65347213E-02	-2.10148474E-02	-6.41944830E-03	-1.43218409E-03	-2.03507494E-06	-5.92831391E-06	-6.10597749E-06	-1.44618110E-05
 3.050000E-01	-4.78886860E-02	-2.19089576E-02	-6.75613295E-03	-1.52113279E-03	-1.74562746E-06	-5.61488064E-06	-6.30088851E-06	-1.49652338E-05
 3.100000E-01	-4.92597151E-02	-2.28125526E-02	-7.09587706E-03	-1.61238251E-03	-1.45981361E-06	-5.43660906E-06	-6.63600142E-06	-1.52751348E-05
 3.150000E-01	-5.06480857E-02	-2.37250012E-02	-7.43812771E-03	-1.70554872E-03	-1.18372543E-06	-5.41982999E-06	-7.11369284E-06	-1.54204764E-05
 3.200000E-01	-5.20544390E-02	-2.46461132E-02	-7.78241554E-03	-1.80004089E-03	-9.28358675E-07	-5.58518892E-06	-7.72476397E-06	-1.54383447E-05
 3.250000E-01	-5.34795084E-02	-2.55758901E-02	-8.12835913E-03	-1.89522614E-03	-6.92021778E-07	-5.89510888E-06	-8.46699856E-06	-1.54055802E-05
 3.300000E-01	-5.49239605E-02	-2.65143363E-02	-8.47560585E-03	-1.99053585E-03	-4.66398811E-07	-6.27902134E-06	-9.32321234E-06	-1.54227306E-05
 3.350000E-01	-5.63885281E-02	-2.74615452E-02	-8.82378564E-03	-2.08540447E-03	-2.45847662E-07	-6.66510616E-06	-1.02512042E-05	-1.55867144E-05
 3.400000E-01	-5.78737542E-02	-2.84175195E-02	-9.17257286E-03	-2.17938838E-03	-2.55057021E-08	-6.97932026E-06	-1.11971344E-05	-1.59809124E-05
 3.450000E-01	-5.93800672E-02	-2.93820045E-02	-9.52159683E-03	-2.27226054E-03	 2.01558999E-07	-7.14373862E-06	-1.21046810E-05	-1.66728019E-05
 3.500000E-01	-6.09076668E-02	-3.03543232E-02	-9.87040039E-03	-2.36413489E-03	 4.39244534E-07	-7.09812444E-06	-1.29125301E-05	-1.77023801E-05
 3.550000E-01	-6.24566108E-02	-3.13336565E-02	-1.02184879E-02	-2.45530584E-03	 6.84677965E-07	-6.81158240E-06	-1.35639777E-05	-1.90720723E-05
 3.600000E-01	-6.40267604E-02	-3.23191719E-02	-1.05653914E-02	-2.54620135E-03	 9.41241552E-07	-6.23716116E-06	-1.40376906E-05	-2.07728026E-05
 3.650000E-01	-6.56179384E-02	-3.33100867E-02	-1.09106822E-02	-2.63729548E-03	 1.22893211E-06	-5.28808436E-06	-1.43489435E-05	-2.28114763E-05
 3.700000E-01	-6.72302596E-02	-3.43058639E-02	-1.12539344E-02	-2.72891866E-03	 1.56149723E-06	-3.94053659E-06	-1.45046115E-05	-2.51519766E-05
 3.750000E-01	-6.88638001E-02	-3.53061455E-02	-1.15948159E-02	-2.82138134E-03	 1.92287905E-06	-2.31530711E-06	-1.44944002E-05	-2.76530539E-05
 3.800000E-01	-7.05182766E-02	-3.63106297E-02	-1.19331719E-02	-2.91514467E-03	 2.28393773E-06	-5.83482772E-07	-1.43314552E-05	-3.01367983E-05
 3.850000E-01	-7.21933306E-02	-3.73191885E-02	-1.22689687E-02	-3.01069606E-03	 2.62681143E-06	 1.14253958E-06	-1.40707289E-05	-3.24764468E-05
 3.900000E-01	-7.38890308E-02	-3.83321132E-02	-1.26021469E-02	-3.10828975E-03	 2.95337379E-06	 2.84413239E-06	-1.37971701E-05	-3.46274631E-05
 3.950000E-01	-7.56056451E-02	-3.93498457E-02	-1.29326271E-02	-3.20803995E-03	 3.28471670E-06	 4.58642013E-06	-1.35968871E-05	-3.66287108E-05
 4.000000E-01	-7.73434042E-02	-4.03728692E-02	-1.32604054E-02	-3.30993470E-03	 3.63366434E-06	 6.38865989E-06	-1.35092672E-05	-3.85104529E-05
 4.050000E-01	-7.91024373E-02	-4.14018616E-02	-1.35856542E-02	-3.41377806E-03	 3.97940006E-06	 8.12971358E-06	-1.35245748E-05	-4.02068583E-05
 4.100000E-01	-8.08831877E-02	-4.24378128E-02	-1.39085104E-02	-3.51915653E-03	 4.29212788E-06	 9.68105040E-06	-1.36396836E-05	-4.16394497E-05
 4.150000E-01	-8.26859673E-02	-4.34814042E-02	-1.42290304E-02	-3.62587517E-03	 4.56556379E-06	 1.10460712E-05	-1.38818199E-05	-4.28217044E-05
 4.200000E-01	-8.45102095E-02	-4.45323771E-02	-1.45472757E-02	-3.73441109E-03	 4.82038620E-06	 1.23521704E-05	-1.42957828E-05	-4.38518590E-05
 4.250000E-01	-8.63552418E-02	-4.55901805E-02	-1.48631959E-02	-3.84536275E-03	 5.09481031E-06	 1.37855569E-05	-1.49202240E-05	-4.48713262E-05
 4.300000E-01	-8.82211049E-02	-4.66546147E-02	-1.51764397E-02	-3.95897598E-03	 5.40647129E-06	 1.54089650E-05	-1.57446006E-05	-4.59393144E-05
 4.350000E-01	-9.01080231E-02	-4.77256967E-02	-1.54865988E-02	-4.07541704E-03	 5.72169509E-06	 1.70490857E-05	-1.67236818E-05	-4.69305017E-05
 4.400000E-01	-9.20161852E-02	-4.88035613E-02	-1.57932642E-02	-4.19498438E-03	 6.00793566E-06	 1.85548941E-05	-1.78718903E-05	-4.77018168E-05
 4.450000E-01	-9.39459385E-02	-4.98883269E-02	-1.60959150E-02	-4.31803446E-03	 6.28840079E-06	 2.00150180E-05	-1.92749889E-05	-4.82769003E-05
 4.500000E-01	-9.58977454E-02	-5.09799819E-02	-1.63939841E-02	-4.44485483E-03	 6.59231414E-06	 2.15199099E-05	-2.09807245E-05	-4.87151083E-05
 4.550000E-01	-9.78720338E-02	-5.20785058E-02	-1.66869219E-02	-4.57567687E-03	 6.89745321E-06	 2.29416517E-05	-2.29663606E-05	-4.89415577E-05
 4.600000E-01	-9.98692003E-02	-5.31839706E-02	-1.69741339E-02	-4.71073115E-03	 7.17255029E-06	 2.41455692E-05	-2.52251893E-05	-4.88656476E-05
 4.650000E-01	-1.01889508E-01	-5.42963651E-02	-1.72550773E-02	-4.85019371E-03	 7.42903213E-06	 2.51961216E-05	-2.77913635E-05	-4.85357313E-05
 4.700000E-01	-1.03933427E-01	-5.54156242E-02	-1.75290908E-02	-4.99402683E-03	 7.68797156E-06	 2.61963584E-05	-3.06661556E-05	-4.80515507E-05
 4.750000E-01	-1.06001545E-01	-5.65415983E-02	-1.77953134E-02	-5.14217783E-03	 7.93911556E-06	 2.71272269E-05	-3.37939996E-05	-4.74421155E-05
 4.800000E-01	-1.08094269E-01	-5.76740020E-02	-1.80528176E-02	-5.29478624E-03	 8.17073165E-06	 2.79809680E-05	-3.71256211E-05	-4.67291340E-05
 4.850000E-01	-1.10212039E-01	-5.88125419E-02	-1.83006365E-02	-5.45200632E-03	 8.40303132E-06	 2.88789784E-05	-4.06341568E-05	-4.60138460E-05
 4.900000E-01	-1.12355569E-01	-5.99570592E-02	-1.85377403E-02	-5.61384001E-03	 8.64677344E-06	 2.98851923E-05	-4.42443408E-05	-4.53745030E-05
 4.950000E-01	-1.14525443E-01	-6.11074237E-02	-1.87632070E-02	-5.78043455E-03	 8.86203754E-06	 3.08640192E-05	-4.78242353E-05	-4.47545516E-05
 5.000000E-01	-1.16721790E-01	-6.22634453E-02	-1.89763448E-02	-5.95238834E-03	 9.02019470E-06	 3.17736715E-05	-5.12894159E-05	-4.41339013E-05
 5.050000E-01	-1.18944481E-01	-6.34249240E-02	-1.91766642E-02	-6.13055215E-03	 9.16821023E-06	 3.29037562E-05	-5.46288300E-05	-4.37072859E-05
 5.100000E-01	-1.21193195E-01	-6.45915152E-02	-1.93637465E-02	-6.31596817E-03	 9.35935860E-06	 3.45242547E-05	-5.77961217E-05	-4.36667881E-05
 5.150000E-01	-1.23467562E-01	-6.57630668E-02	-1.95372922E-02	-6.50972819E-03	 9.57372751E-06	 3.65611264E-05	-6.06826105E-05	-4.39568867E-05
 5.200000E-01	-1.25767626E-01	-6.69400832E-02	-1.96969890E-02	-6.71276096E-03	 9.77294522E-06	 3.88660933E-05	-6.32329854E-05	-4.44273516E-05
 5.250000E-01	-1.28093247E-01	-6.81231193E-02	-1.98426356E-02	-6.92613603E-03	 9.97043400E-06	 4.14978440E-05	-6.54962671E-05	-4.50366678E-05
 5.300000E-01	-1.30442968E-01	-6.93118722E-02	-1.99745927E-02	-7.15142799E-03	 1.02016875E-05	 4.45642808E-05	-6.75560689E-05	-4.57717771E-05
 5.350000E-01	-1.32815135E-01	-7.05058764E-02	-2.00932346E-02	-7.39013908E-03	 1.04771243E-05	 4.80253971E-05	-6.94858758E-05	-4.65231668E-05
 5.400000E-01	-1.35208695E-01	-7.17052444E-02	-2.01988150E-02	-7.64323626E-03	 1.07734536E-05	 5.16827482E-05	-7.13477157E-05	-4.70849367E-05
 5.450000E-01	-1.37622873E-01	-7.29104068E-02	-2.02915178E-02	-7.91166693E-03	 1.10422900E-05	 5.52476768E-05	-7.32121243E-05	-4.71960360E-05
 5.500000E-01	-1.40057944E-01	-7.41222227E-02	-2.03706017E-02	-8.19658564E-03	 1.12671763E-05	 5.85985811E-05	-7.52217598E-05	-4.66989574E-05
 5.550000E-01	-1.42514653E-01	-7.53416318E-02	-2.04350605E-02	-8.49898317E-03	 1.15092265E-05	 6.19359854E-05	-7.75799227E-05	-4.56672901E-05
 5.600000E-01	-1.44994202E-01	-7.65695467E-02	-2.04837671E-02	-8.81915420E-03	 1.18105159E-05	 6.53448158E-05	-8.03945284E-05	-4.41534268E-05
 5.650000E-01	-1.47497536E-01	-7.78063516E-02	-2.05154688E-02	-9.15733529E-03	 1.20971310E-05	 6.84436632E-05	-8.36262137E-05	-4.19370335E-05
 5.700000E-01	-1.50023750E-01	-7.90512127E-02	-2.05297269E-02	-9.51455731E-03	 1.22922598E-05	 7.09103502E-05	-8.72678167E-05	-3.88240736E-05
 5.750000E-01	-1.52572313E-01	-8.03032345E-02	-2.05256258E-02	-9.89191511E-03	 1.24434613E-05	 7.29644115E-05	-9.14253931E-05	-3.49736765E-05
 5.800000E-01	-1.55144251E-01	-8.15621421E-02	-2.05014049E-02	-1.02899471E-02	 1.26237859E-05	 7.49055080E-05	-9.61377707E-05	-3.06417498E-05
 5.850000E-01	-1.57740950E-01	-8.28278297E-02	-2.04551654E-02	-1.07093327E-02	 1.28084539E-05	 7.66408348E-05	-1.01272844E-04	-2.58694653E-05
 5.900000E-01	-1.60363334E-01	-8.41001483E-02	-2.03852106E-02	-1.11513849E-02	 1.29333993E-05	 7.79668063E-05	-1.06648800E-04	-2.06252472E-05
 5.950000E-01	-1.63011670E-01	-8.53790069E-02	-2.02904521E-02	-1.16176140E-02	 1.29816492E-05	 7.89090670E-05	-1.12125366E-04	-1.50074544E-05
 6.000000E-01	-1.65685970E-01	-8.66643485E-02	-2.01700467E-02	-1.21095612E-02	 1.29801740E-05	 7.96908785E-05	-1.17582887E-04	-9.23098388E-06
 6.050000E-01	-1.68385811E-01	-8.79558124E-02	-2.00233641E-02	-1.26290182E-02	 1.29761060E-05	 8.06195483E-05	-1.22892960E-04	-3.55791183E-06
 6.100000E-01	-1.71110875E-01	-8.92530683E-02	-1.98495480E-02	-1.31778441E-02	 1.30041162E-05	 8.19213331E-05	-1.27902191E-04	 1.82343026E-06
 6.150000E-01	-1.73861067E-01	-9.05560767E-02	-1.96474617E-02	-1.37578363E-02	 1.30575662E-05	 8.36189022E-05	-1.32437397E-04	 6.89146274E-06
 6.200000E-01	-1.76635924E-01	-9.18649268E-02	-1.94162961E-02	-1.43707197E-02	 1.31116335E-05	 8.56418901E-05	-1.36355335E-04	 1.17234668E-05
 6.250000E-01	-1.79434691E-01	-9.31797209E-02	-1.91555241E-02	-1.50182249E-02	 1.31551098E-05	 8.79569331E-05	-1.39582618E-04	 1.64099476E-05
 6.300000E-01	-1.82257290E-01	-9.45009394E-02	-1.88641814E-02	-1.57020073E-02	 1.31965464E-05	 9.05898312E-05	-1.42117385E-04	 2.10340662E-05
 6.350000E-01	-1.85103652E-01	-9.58293237E-02	-1.85417756E-02	-1.64235828E-02	 1.32610560E-05	 9.36038638E-05	-1.44010470E-04	 2.56742426E-05
 6.400000E-01	-1.87973009E-01	-9.71657047E-02	-1.81892054E-02	-1.71843721E-02	 1.33608003E-05	 9.69777496E-05	-1.45316337E-04	 3.04641833E-05
 6.450000E-01	-1.90865633E-01	-9.85118052E-02	-1.78069850E-02	-1.79860935E-02	 1.34675602E-05	 1.00520484E-04	-1.46072601E-04	 3.56393647E-05
 6.500000E-01	-1.93780269E-01	-9.98688510E-02	-1.73969500E-02	-1.88322378E-02	 1.35453827E-05	 1.04015666E-04	-1.46340418E-04	 4.14553029E-05
 6.550000E-01	-1.96712520E-01	-1.01237025E-01	-1.69646662E-02	-1.97273536E-02	 1.35885264E-05	 1.07357619E-04	-1.46227677E-04	 4.81046735E-05
 6.600000E-01	-1.99656710E-01	-1.02616001E-01	-1.65172028E-02	-2.06774751E-02	 1.35978863E-05	 1.10465668E-04	-1.45837216E-04	 5.57428164E-05
 6.650000E-01	-2.02609811E-01	-1.04007923E-01	-1.60607934E-02	-2.16884562E-02	 1.35516691E-05	 1.13201999E-04	-1.45232622E-04	 6.45194257E-05
 6.700000E-01	-2.05568371E-01	-1.05415493E-01	-1.56035669E-02	-2.27659565E-02	 1.34320903E-05	 1.15467665E-04	-1.44475111E-04	 7.45432901E-05
 6.750000E-01	-2.08527603E-01	-1.06839902E-01	-1.51548121E-02	-2.39159068E-02	 1.32551156E-05	 1.17283994E-04	-1.43648388E-04	 8.58486716E-05
 6.800000E-01	-2.11478287E-01	-1.08279370E-01	-1.47278418E-02	-2.51453278E-02	 1.30319968E-05	 1.18636931E-04	-1.42782226E-04	 9.84608861E-05
 6.850000E-01	-2.14413890E-01	-1.09733417E-01	-1.43335089E-02	-2.64611361E-02	 1.27264044E-05	 1.19354983E-04	-1.41820373E-04	 1.12441764E-04
 6.900000E-01	-2.17329898E-01	-1.11202325E-01	-1.39807684E-02	-2.78700489E-02	 1.22838525E-05	 1.19245261E-04	-1.40667142E-04	 1.27816326E-04
 6.950000E-01	-2.20216629E-01	-1.12683186E-01	-1.36834282E-02	-2.93801183E-02	 1.16737800E-05	 1.18239435E-04	-1.39228306E-04	 1.44519339E-04
 7.000000E-01	-2.23066231E-01	-1.14173631E-01	-1.34531627E-02	-3.09997381E-02	 1.09122085E-05	 1.16463125E-04	-1.37464577E-04	 1.62384590E-04
 7.050000E-01	-2.25873459E-01	-1.15672368E-01	-1.32991417E-02	-3.27371559E-02	 1.00693071E-05	 1.14226923E-04	-1.35386032E-04	 1.81154671E-04
 7.100000E-01	-2.28633504E-01	-1.17177762E-01	-1.32306076E-02	-3.45998072E-02	 9.19613495E-06	 1.11746644E-04	-1.32939823E-04	 2.00587210E-04
 7.150000E-01	-2.31340789E-01	-1.18686513E-01	-1.32566058E-02	-3.65954789E-02	 8.25600289E-06	 1.08934301E-04	-1.29972078E-04	 2.20537698E-04
 7.200000E-01	-2.33988700E-01	-1.20193696E-01	-1.33859121E-02	-3.87328781E-02	 7.20806046E-06	 1.05694715E-04	-1.26393787E-04	 2.40870029E-04
 7.250000E-01	-2.36571279E-01	-1.21693832E-01	-1.36259420E-02	-4.10210774E-02	 6.09504511E-06	 1.02180521E-04	-1.22266536E-04	 2.61361420E-04
 7.300000E-01	-2.39084025E-01	-1.23181484E-01	-1.39827209E-02	-4.34687781E-02	 4.95452032E-06	 9.84942552E-05	-1.17637314E-04	 2.81746952E-04
 7.350000E-01	-2.41522765E-01	-1.24650851E-01	-1.44620940E-02	-4.60843160E-02	 3.72570894E-06	 9.44428107E-05	-1.12454377E-04	 3.01755750E-04
 7.400000E-01	-2.43882397E-01	-1.26095101E-01	-1.50706935E-02	-4.88759245E-02	 2.35417102E-06	 8.98953363E-05	-1.06734230E-04	 3.21039162E-04
 7.450000E-01	-2.46159814E-01	-1.27507738E-01	-1.58129345E-02	-5.18507995E-02	 8.98947179E-07	 8.50772777E-05	-1.00627708E-04	 3.39132962E-04
 7.500000E-01	-2.48350671E-01	-1.28880336E-01	-1.66940177E-02	-5.50153214E-02	-5.69049528E-07	 8.02199973E-05	-9.42476829E-05	 3.55542252E-04
 7.550000E-01	-2.50448579E-01	-1.30202132E-01	-1.77205574E-02	-5.83745915E-02	-2.07198239E-06	 7.52660508E-05	-8.76173737E-05	 3.69781278E-04
 7.600000E-01	-2.52450347E-01	-1.31464190E-01	-1.88966009E-02	-6.19310719E-02	-3.64732747E-06	 7.01305698E-05	-8.08031469E-05	 3.81362519E-04
 7.650000E-01	-2.54353653E-01	-1.32658145E-01	-2.02262678E-02	-6.56849463E-02	-5.26618490E-06	 6.49200154E-05	-7.39447361E-05	 3.89846832E-04
 7.700000E-01	-2.56156129E-01	-1.33774523E-01	-2.17134643E-02	-6.96337803E-02	-6.89615913E-06	 5.97381362E-05	-6.71637480E-05	 3.94863925E-04
 7.750000E-01	-2.57853576E-01	-1.34802151E-01	-2.33630718E-02	-7.37723990E-02	-8.56330848E-06	 5.45339955E-05	-6.05448365E-05	 3.96074411E-04
 7.800000E-01	-2.59444726E-01	-1.35730733E-01	-2.51753720E-02	-7.80923682E-02	-1.02803666E-05	 4.93226826E-05	-5.42013807E-05	 3.93245317E-04
 7.850000E-01	-2.60923042E-01	-1.36545619E-01	-2.71532976E-02	-8.25810167E-02	-1.19815734E-05	 4.43365170E-05	-4.82375889E-05	 3.86387456E-04
 7.900000E-01	-2.62280500E-01	-1.37231204E-01	-2.93003298E-02	-8.72233226E-02	-1.35994431E-05	 3.97717719E-05	-4.27286369E-05	 3.75741463E-04
 7.950000E-01	-2.63519931E-01	-1.37779146E-01	-3.16117980E-02	-9.20085891E-02	-1.51351704E-05	 3.55978587E-05	-3.77883468E-05	 3.61658280E-04
 8.000000E-01	-2.64638541E-01	-1.38178277E-01	-3.40886584E-02	-9.69262197E-02	-1.66060497E-05	 3.17282903E-05	-3.35519461E-05	 3.44527395E-04
 8.050000E-01	-2.65635988E-01	-1.38417621E-01	-3.67273454E-02	-1.01966418E-01	-1.79975182E-05	 2.81640818E-05	-3.01267215E-05	 3.24910150E-04
 8.100000E-01	-2.66513697E-01	-1.38486146E-01	-3.95196689E-02	-1.07118303E-01	-1.92856041E-05	 2.49468370E-05	-2.75414005E-05	 3.03459907E-04
 8.150000E-01	-2.67269699E-01	-1.38368883E-01	-4.24541363E-02	-1.12360906E-01	-2.04596532E-05	 2.21161058E-05	-2.57263395E-05	 2.80782001E-04
 8.200000E-01	-2.67897720E-01	-1.38048273E-01	-4.55185539E-02	-1.17664131E-01	-2.15065412E-05	 1.97269211E-05	-2.45493583E-05	 2.57482154E-04
 8.250000E-01	-2.68398941E-01	-1.37512484E-01	-4.86978102E-02	-1.23009589E-01	-2.23991221E-05	 1.78525226E-05	-2.38583176E-05	 2.34253813E-04
 8.300000E-01	-2.68776971E-01	-1.36752345E-01	-5.19798290E-02	-1.28389864E-01	-2.31344287E-05	 1.64700128E-05	-2.35550720E-05	 2.11611770E-04
 8.350000E-01	-2.69034473E-01	-1.35759553E-01	-5.53564466E-02	-1.33799117E-01	-2.37552054E-05	 1.54008470E-05	-2.36973228E-05	 1.89651088E-04
 8.400000E-01	-2.69180794E-01	-1.34529711E-01	-5.88148023E-02	-1.39228603E-01	-2.42910751E-05	 1.45167581E-05	-2.43562961E-05	 1.68408190E-04
 8.450000E-01	-2.69216630E-01	-1.33055908E-01	-6.23412705E-02	-1.44637548E-01	-2.47216849E-05	 1.38675920E-05	-2.54177027E-05	 1.48224317E-04
 8.500000E-01	-2.69149062E-01	-1.31336131E-01	-6.59151217E-02	-1.49980027E-01	-2.50340692E-05	 1.35009621E-05	-2.66911738E-05	 1.29562763E-04
 8.550000E-01	-2.68984889E-01	-1.29370403E-01	-6.95172477E-02	-1.55210560E-01	-2.52565736E-05	 1.33455190E-05	-2.80712945E-05	 1.12637568E-04
 8.600000E-01	-2.68723798E-01	-1.27156213E-01	-7.31370837E-02	-1.60288722E-01	-2.54184810E-05	 1.33190610E-05	-2.94908497E-05	 9.75470074E-05
 8.650000E-01	-2.68365634E-01	-1.24689009E-01	-7.67764597E-02	-1.65207385E-01	-2.55241970E-05	 1.34061492E-05	-3.08408124E-05	 8.44348182E-05
 8.700000E-01	-2.67909272E-01	-1.21959747E-01	-8.04478431E-02	-1.69982822E-01	-2.55794854E-05	 1.35849627E-05	-3.20343931E-05	 7.33219670E-05
 8.750000E-01	-2.67346580E-01	-1.18955505E-01	-8.41664853E-02	-1.74611223E-01	-2.56027014E-05	 1.37777622E-05	-3.31008442E-05	 6.39508160E-05
 8.800000E-01	-2.66664033E-01	-1.15663884E-01	-8.79428752E-02	-1.79052117E-01	-2.55974607E-05	 1.39560180E-05	-3.40503797E-05	 5.60640855E-05
 8.850000E-01	-2.65849140E-01	-1.12076246E-01	-9.17842509E-02	-1.83246433E-01	-2.55497675E-05	 1.41991245E-05	-3.47426228E-05	 4.96336982E-05
 8.900000E-01	-2.64889258E-01	-1.08185166E-01	-9.57018442E-02	-1.87131685E-01	-2.54525100E-05	 1.45434419E-05	-3.51135547E-05	 4.45535679E-05
 8.950000E-01	-2.63766288E-01	-1.03980852E-01	-9.97183128E-02	-1.90643165E-01	-2.53087971E-05	 1.48822376E-05	-3.53824932E-05	 4.03568573E-05
 9.000000E-01	-2.62455931E-01	-9.94480050E-02	-1.03869966E-01	-1.93720451E-01	-2.51154465E-05	 1.51370884E-05	-3.57085280E-05	 3.66972698E-05
 9.050000E-01	-2.60940809E-01	-9.45696763E-02	-1.08191572E-01	-1.96302922E-01	-2.48747488E-05	 1.53519901E-05	-3.59565288E-05	 3.36968529E-05
 9.100000E-01	-2.59191499E-01	-8.93559049E-02	-1.12715702E-01	-1.98212533E-01	-2.45989460E-05	 1.55650207E-05	-3.59691683E-05	 3.15465190E-05
 9.150000E-01	-2.57180868E-01	-8.38117367E-02	-1.17443062E-01	-1.99263727E-01	-2.42963761E-05	 1.57511744E-05	-3.57593365E-05	 3.01632300E-05
 9.200000E-01	-2.54866278E-01	-7.80077239E-02	-1.22462207E-01	-1.99118027E-01	-2.39617689E-05	 1.58431158E-05	-3.54682173E-05	 2.93270153E-05
 9.250000E-01	-2.52221239E-01	-7.18813617E-02	-1.27754938E-01	-1.97720885E-01	-2.35698979E-05	 1.58282170E-05	-3.51676782E-05	 2.87703372E-05
 9.300000E-01	-2.49160906E-01	-6.55775243E-02	-1.33494093E-01	-1.94445131E-01	-2.31300801E-05	 1.56544805E-05	-3.48632402E-05	 2.84211935E-05
 9.350000E-01	-2.45633907E-01	-5.92913267E-02	-1.39776762E-01	-1.88519881E-01	-2.26421649E-05	 1.53620316E-05	-3.43406561E-05	 2.84479521E-05
 9.400000E-01	-2.41571406E-01	-5.27915262E-02	-1.46448610E-01	-1.80294599E-01	-2.21651305E-05	 1.49470309E-05	-3.35072139E-05	 2.88572604E-05
 9.450000E-01	-2.36842491E-01	-4.50138195E-02	-1.53393017E-01	-1.72039631E-01	-2.16353893E-05	 1.45209432E-05	-3.23771203E-05	 2.91764505E-05
 9.500000E-01	-2.31142604E-01	-3.65129322E-02	-1.60653083E-01	-1.62323164E-01	-2.10830397E-05	 1.40853215E-05	-3.09885225E-05	 2.93917838E-05
 9.550000E-01	-2.24950299E-01	-2.57650089E-02	-1.68957745E-01	-1.51454324E-01	-2.05023046E-05	 1.34948742E-05	-2.91488484E-05	 2.94631930E-05
 9.600000E-01	-2.15550807E-01	-2.11837474E-02	-1.70525968E-01	-1.38063004E-01	-1.96085607E-05	 1.38999515E-05	-2.75034938E-05	 2.94371137E-05
 9.650000E-01	-2.09371174E-01	-2.14548811E-02	-1.66743828E-01	-1.24328479E-01	-1.90187102E-05	 1.39256371E-05	-2.59710315E-05	 2.99063515E-05
 9.700000E-01	-2.26445439E-01	-7.84225496E-02	-2.87536555E-02	-2.55221224E-02	-1.87084215E-05	 1.09902865E-05	-1.77204977E-05	 3.72658129E-05
 9.750000E-01	-2.11766300E-01	-7.35426026E-02	-9.74165758E-02	-4.70807208E-02	-1.48593570E-05	 8.43247314E-06	-1.33591579E-05	 2.79955009E-05
 9.800000E-01	-4.67092062E-01	-2.15806115E-01	-4.15501241E-01	-4.82843949E-01	-2.43590227E-05	-5.36532222E-06	-1.13612267E-05	-1.91680988E-05
 9.850000E-01	 2.33775215E-01	 1.17334278E-01	 1.02692119E-01	 2.14014048E-01	 2.25903443E-05	-8.63189082E-06	 2.14941055E-05	-1.75548535E-05
 9.900000E-01	 2.44277532E-03	 2.71558390E-02	 1.33005714E-01	 9.38449915E-02	 1.50195416E-06	-7.33860741E-07	 1.11488429E-05	-4.87882296E-06
 9.950000E-01	-2.91654655E-02	-2.87975005E-02	-8.97130756E-02	-8.88210706E-02	-3.40456904E-06	 2.55696729E-06	-1.03785302E-05	 6.99055401E-06
 1.000000E+00	 0.00000000E+00	 0.00000000E+00	 0.00000000E+00	 0.00000000E+00	 0.00000000E+00	 0.00000000E+00	 0.00000000E+00	 0.00000000E+00
