r	R  3/ 3	R  4/ 3	R  5/ 3	R  6/ 3	I  3/ 3	I  4/ 3	I  5/ 3	I  6/ 3
 0.000000E+00	 0.00000000E+00	 0.00000000E+00	 0.00000000E+00	 0.00000000E+00	 0.00000000E+00	 0.00000000E+00	 0.00000000E+00	 0.00000000E+00
 5.000000E-03	 1.75974785E-08	 1.37394758E-09	-1.70800184E-09	 1.20880083E-10	-2.10039304E-05	-1.63634057E-07	 2.70958412E-07	 1.27869449E-08
 1.000000E-02	 7.09612892E-08	 5.00690169E-09	-5.44297090E-09	 7.53412412E-11	-6.69361960E-05	-8.75352926E-07	 2.69372427E-07	 2.46419864E-08
 1.500000E-02	 1.77100228E-07	 1.37088544E-08	-8.54450922E-09	-3.04949487E-10	-1.43509489E-04	-2.69363670E-06	 2.35397089E-07	 3.38815481E-08
 2.000000E-02	 3.31000430E-07	 2.94528890E-08	-4.11882357E-09	-6.56419469E-11	-2.50735162E-04	-6.18706457E-06	 1.48520539E-07	 3.81359194E-08
 2.500000E-02	 5.12935522E-07	 5.20802279E-08	 2.12905231E-08	 3.67180769E-09	-3.88619277E-04	-1.19269546E-05	-3.20446232E-08	 3.45148508E-08
 3.000000E-02	 6.81712404E-07	 7.74244123E-08	 8.69924779E-08	 1.54978781E-08	-5.57157440E-04	-2.04752736E-05	-3.59020223E-07	 2.49978782E-08
 3.500000E-02	 7.96193130E-07	 9.93366144E-08	 1.90303333E-07	 3.96700570E-08	-7.56324793E-04	-3.23717145E-05	-8.89901784E-07	 9.40691447E-09
 4.000000E-02	 8.69545518E-07	 1.17393606E-07	 2.89685355E-07	 7.44718153E-08	-9.86056958E-04	-4.81737037E-05	-1.68161582E-06	-3.72150793E-08
 4.500000E-02	 9.47809424E-07	 1.33745381E-07	 3.65183266E-07	 1.13855769E-07	-1.24622618E-03	-6.85143706E-05	-2.80298013E-06	-1.55295586E-07
 5.000000E-02	 1.02088945E-06	 1.40101360E-07	 4.66167885E-07	 1.60195661E-07	-1.53662848E-03	-9.40565973E-05	-4.34427956E-06	-3.64880769E-07
 5.500000E-02	 1.00753239E-06	 1.17904482E-07	 6.61633345E-07	 2.26137421E-07	-1.85698153E-03	-1.25407787E-04	-6.40650048E-06	-6.58562377E-07
 6.000000E-02	 8.09728324E-07	 4.87611360E-08	 9.74378833E-07	 3.25757369E-07	-2.20691100E-03	-1.63104497E-04	-9.09550277E-06	-1.00282513E-06
 6.500000E-02	 4.10713223E-07	-5.73856971E-08	 1.29667051E-06	 4.53908643E-07	-2.58592633E-03	-2.07647092E-04	-1.25133263E-05	-1.36716272E-06
 7.000000E-02	-2.46281083E-08	-1.34471783E-07	 1.37448014E-06	 5.54824484E-07	-2.99339079E-03	-2.59672311E-04	-1.67594851E-05	-1.80013159E-06
 7.500000E-02	-2.44524110E-07	-9.83105150E-08	 1.02123988E-06	 5.45221681E-07	-3.42850882E-03	-3.20117462E-04	-2.19866560E-05	-2.42081697E-06
 8.000000E-02	-1.03741337E-07	 9.54658837E-08	 2.80962824E-07	 3.73627727E-07	-3.89032819E-03	-3.90082066E-04	-2.84406322E-05	-3.33798793E-06
 8.500000E-02	 3.86768925E-07	 4.32067740E-07	-6.25878741E-07	 4.89709819E-08	-4.37783419E-03	-4.70619991E-04	-3.64401803E-05	-4.62082730E-06
 9.000000E-02	 1.08172766E-06	 8.36551715E-07	-1.39391379E-06	-3.52015824E-07	-4.88999870E-03	-5.62591562E-04	-4.63400716E-05	-6.30089835E-06
 9.500000E-02	 1.75172508E-06	 1.20451739E-06	-1.75633256E-06	-7.18170468E-07	-5.42588127E-03	-6.66560976E-04	-5.84736876E-05	-8.37700931E-06
 1.000000E-01	 2.17618821E-06	 1.44737228E-06	-1.60059109E-06	-9.49245245E-07	-5.98474196E-03	-7.82839781E-04	-7.31300572E-05	-1.08107774E-05
 1.050000E-01	 2.30554828E-06	 1.57206392E-06	-1.10478825E-06	-1.00385325E-06	-6.56641879E-03	-9.11667250E-04	-9.05189962E-05	-1.35628366E-05
 1.100000E-01	 2.38739372E-06	 1.73263766E-06	-7.21475567E-07	-9.65717165E-07	-7.17129698E-03	-1.05359904E-03	-1.10779348E-04	-1.67390423E-05
 1.150000E-01	 2.69906214E-06	 2.06568974E-06	-6.95919824E-07	-9.73332309E-07	-7.80026182E-03	-1.20981416E-03	-1.34099274E-04	-2.05715175E-05
 1.200000E-01	 3.19125286E-06	 2.51725754E-06	-7.82368456E-07	-1.05532368E-06	-8.45435092E-03	-1.38169436E-03	-1.60807089E-04	-2.51855115E-05
 1.250000E-01	 3.61078761E-06	 2.93598962E-06	-6.27288867E-07	-1.12590142E-06	-9.13300179E-03	-1.57009898E-03	-1.91383573E-04	-3.05848618E-05
 1.300000E-01	 3.77795654E-06	 3.22137311E-06	-1.10574390E-07	-1.08397002E-06	-9.83498340E-03	-1.77548031E-03	-2.26301287E-04	-3.67502901E-05
 1.350000E-01	 3.69155026E-06	 3.39291117E-06	 6.10043999E-07	-8.85984573E-07	-1.05599335E-02	-1.99830783E-03	-2.65923028E-04	-4.36827028E-05
 1.400000E-01	 3.55011541E-06	 3.60306282E-06	 1.18140128E-06	-5.97528489E-07	-1.13079121E-02	-2.23930971E-03	-3.10544544E-04	-5.14824739E-05
 1.450000E-01	 3.59085160E-06	 3.98942121E-06	 1.36554578E-06	-3.27837511E-07	-1.20786794E-02	-2.49960038E-03	-3.60549498E-04	-6.03096007E-05
 1.500000E-01	 3.87272219E-06	 4.52341538E-06	 1.25697227E-06	-1.12914852E-07	-1.28693592E-02	-2.78019880E-03	-4.16875869E-04	-7.03093767E-05
 1.550000E-01	 4.19387224E-06	 4.98030666E-06	 1.24041622E-06	 1.13054539E-07	-1.36767312E-02	-3.08178463E-03	-4.80512526E-04	-8.15646383E-05
 1.600000E-01	 4.13875731E-06	 4.99457385E-06	 1.77586128E-06	 5.26313510E-07	-1.44991737E-02	-3.40455273E-03	-5.52113468E-04	-9.39747046E-05
 1.650000E-01	 3.54549567E-06	 4.47498060E-06	 2.75504509E-06	 1.25574904E-06	-1.53344384E-02	-3.74799234E-03	-6.32334353E-04	-1.07309823E-04
 1.700000E-01	 2.91641376E-06	 3.92350275E-06	 3.33185635E-06	 2.10320869E-06	-1.61790798E-02	-4.11166227E-03	-7.21748554E-04	-1.21629014E-04
 1.750000E-01	 2.74950149E-06	 3.77323611E-06	 3.11058327E-06	 2.72747762E-06	-1.70276440E-02	-4.49555339E-03	-8.21086040E-04	-1.37506318E-04
 1.800000E-01	 2.76180364E-06	 3.71919678E-06	 2.78332664E-06	 3.11606951E-06	-1.78793447E-02	-4.89959047E-03	-9.30061959E-04	-1.55446927E-04
 1.850000E-01	 2.41441985E-06	 3.27229241E-06	 3.00220386E-06	 3.51473332E-06	-1.87405280E-02	-5.32345606E-03	-1.04717748E-03	-1.75351028E-04
 1.900000E-01	 1.67103113E-06	 2.45635277E-06	 3.58511780E-06	 4.02130083E-06	-1.96155058E-02	-5.76672100E-03	-1.17168221E-03	-1.96876168E-04
 1.950000E-01	 8.35670343E-07	 1.63869959E-06	 4.04307024E-06	 4.50941843E-06	-2.05052140E-02	-6.22913986E-03	-1.30346896E-03	-2.19831465E-04
 2.000000E-01	 1.72241557E-07	 1.17149447E-06	 4.08897383E-06	 4.77152138E-06	-2.14106413E-02	-6.71071500E-03	-1.44231784E-03	-2.44117556E-04
 2.050000E-01	-1.88512445E-07	 1.23778119E-06	 3.69834950E-06	 4.65981037E-06	-2.23320182E-02	-7.21127995E-03	-1.58838433E-03	-2.69746345E-04
 2.100000E-01	-2.61191950E-07	 1.79270669E-06	 3.05907206E-06	 4.18199146E-06	-2.32665035E-02	-7.72991670E-03	-1.74275870E-03	-2.96983842E-04
 2.150000E-01	-1.62299834E-07	 2.63941724E-06	 2.43508006E-06	 3.47907898E-06	-2.42106320E-02	-8.26516720E-03	-1.90640371E-03	-3.26217685E-04
 2.200000E-01	-3.96349402E-08	 3.52892391E-06	 2.03601056E-06	 2.76159955E-06	-2.51630942E-02	-8.81555187E-03	-2.07931801E-03	-3.57701597E-04
 2.250000E-01	 1.26405888E-08	 4.29623460E-06	 1.90840307E-06	 2.21779104E-06	-2.61233880E-02	-9.37952646E-03	-2.26112889E-03	-3.91550464E-04
 2.300000E-01	 1.76876507E-08	 4.96056925E-06	 1.92207916E-06	 1.92401872E-06	-2.70922261E-02	-9.95575118E-03	-2.45107934E-03	-4.27831111E-04
 2.350000E-01	 3.90698734E-08	 5.58958962E-06	 1.93488302E-06	 1.88378428E-06	-2.80723075E-02	-1.05434600E-02	-2.64789559E-03	-4.66539643E-04
 2.400000E-01	 8.73762373E-08	 6.14723754E-06	 1.89615791E-06	 2.10954902E-06	-2.90660968E-02	-1.11419796E-02	-2.85039958E-03	-5.07593797E-04
 2.450000E-01	 1.44837785E-07	 6.51351488E-06	 1.79686045E-06	 2.64331291E-06	-3.00748450E-02	-1.17502722E-02	-3.05763706E-03	-5.50879962E-04
 2.500000E-01	 1.85222828E-07	 6.50343421E-06	 1.66246552E-06	 3.54394497E-06	-3.10995622E-02	-1.23670173E-02	-3.26848486E-03	-5.96307687E-04
 2.550000E-01	 3.59921004E-08	 5.70495745E-06	 1.70199401E-06	 4.89520146E-06	-3.21399262E-02	-1.29903568E-02	-3.48192022E-03	-6.43856849E-04
 2.600000E-01	-6.72878731E-07	 3.50865080E-06	 2.21135724E-06	 6.84420357E-06	-3.31957865E-02	-1.36178589E-02	-3.69684531E-03	-6.93264509E-04
 2.650000E-01	-1.95854480E-06	 1.52204123E-07	 2.86727743E-06	 9.25903773E-06	-3.42695112E-02	-1.42471798E-02	-3.91174908E-03	-7.43749119E-04
 2.700000E-01	-3.05339502E-06	-2.63207591E-06	 2.71989951E-06	 1.12871441E-05	-3.53639008E-02	-1.48767857E-02	-4.12498486E-03	-7.94773402E-04
 2.750000E-01	-3.38508463E-06	-3.71622847E-06	 1.70309582E-06	 1.21368050E-05	-3.64812593E-02	-1.55061968E-02	-4.33491951E-03	-8.46596947E-04
 2.800000E-01	-3.54848292E-06	-4.34845665E-06	 1.04746008E-06	 1.21707996E-05	-3.76236791E-02	-1.61343648E-02	-4.54024347E-03	-8.99472936E-04
 2.850000E-01	-4.24439190E-06	-5.76054113E-06	 1.38411470E-06	 1.21179970E-05	-3.87918980E-02	-1.67582952E-02	-4.73997522E-03	-9.53090413E-04
 2.900000E-01	-5.06414852E-06	-6.84041298E-06	 1.97347525E-06	 1.17547165E-05	-3.99850110E-02	-1.73757563E-02	-4.93336338E-03	-1.00686827E-03
 2.950000E-01	-5.34356816E-06	-6.18920464E-06	 2.34303831E-06	 1.04996306E-05	-4.11977605E-02	-1.79861823E-02	-5.12058358E-03	-1.06090914E-03
 3.000000E-01	-5.25833661E-06	-4.33328320E-06	 3.04990632E-06	 8.56918915E-06	-4.24250668E-02	-1.85892310E-02	-5.30210081E-03	-1.11555303E-03
 3.050000E-01	-5.26600874E-06	-2.32863408E-06	 4.50734386E-06	 6.61247497E-06	-4.36698432E-02	-1.91859271E-02	-5.47774793E-03	-1.16972251E-03
 3.100000E-01	-5.31809548E-06	-1.32303696E-07	 6.38084497E-06	 4.88422942E-06	-4.49365921E-02	-1.97785827E-02	-5.64779357E-03	-1.22170581E-03
 3.150000E-01	-5.18224808E-06	 2.54779110E-06	 8.29528060E-06	 3.41630821E-06	-4.62302935E-02	-2.03716232E-02	-5.81302172E-03	-1.26957513E-03
 3.200000E-01	-4.93221444E-06	 5.21659849E-06	 1.02192258E-05	 2.48939158E-06	-4.75564408E-02	-2.09697222E-02	-5.97412976E-03	-1.31167748E-03
 3.250000E-01	-4.77210561E-06	 7.12041476E-06	 1.20947121E-05	 2.48718014E-06	-4.89162166E-02	-2.15743690E-02	-6.13153914E-03	-1.34772907E-03
 3.300000E-01	-4.75160370E-06	 7.92250441E-06	 1.36475774E-05	 3.57892927E-06	-5.03105568E-02	-2.21863345E-02	-6.28502943E-03	-1.37769999E-03
 3.350000E-01	-4.84132230E-06	 7.52229617E-06	 1.46073128E-05	 5.73348514E-06	-5.17389817E-02	-2.28056414E-02	-6.43449681E-03	-1.40192035E-03
 3.400000E-01	-5.06322738E-06	 5.79448158E-06	 1.48392309E-05	 8.84278881E-06	-5.31988752E-02	-2.34293477E-02	-6.57965433E-03	-1.42198981E-03
 3.450000E-01	-5.41358419E-06	 2.78436663E-06	 1.42471967E-05	 1.27053804E-05	-5.46868981E-02	-2.40514117E-02	-6.71930733E-03	-1.44091937E-03
 3.500000E-01	-5.78409410E-06	-1.16195180E-06	 1.27819430E-05	 1.69744838E-05	-5.61991219E-02	-2.46664127E-02	-6.85224607E-03	-1.46172814E-03
 3.550000E-01	-6.17037906E-06	-5.97413843E-06	 1.06836615E-05	 2.13729319E-05	-5.77316791E-02	-2.52722193E-02	-6.97801535E-03	-1.48642120E-03
 3.600000E-01	-6.84998475E-06	-1.21990241E-05	 8.44304541E-06	 2.59267197E-05	-5.92816886E-02	-2.58683393E-02	-7.09671623E-03	-1.51632126E-03
 3.650000E-01	-7.96356721E-06	-1.96844870E-05	 6.26275239E-06	 3.04670401E-05	-6.08520764E-02	-2.64566944E-02	-7.20829673E-03	-1.55112364E-03
 3.700000E-01	-9.08398083E-06	-2.65477657E-05	 3.96071454E-06	 3.40617729E-05	-6.24459180E-02	-2.70405728E-02	-7.31313860E-03	-1.59008586E-03
 3.750000E-01	-9.67141214E-06	-3.09068771E-05	 1.58493436E-06	 3.57625335E-05	-6.40583028E-02	-2.76217406E-02	-7.41299163E-03	-1.63425123E-03
 3.800000E-01	-9.67475855E-06	-3.27029476E-05	-3.63389663E-07	 3.55589467E-05	-6.56835752E-02	-2.82020755E-02	-7.50994013E-03	-1.68499971E-03
 3.850000E-01	-9.46398129E-06	-3.32733772E-05	-1.30113255E-06	 3.42121207E-05	-6.73258968E-02	-2.87871216E-02	-7.60463967E-03	-1.74130047E-03
 3.900000E-01	-9.53802319E-06	-3.42939553E-05	-9.29204459E-07	 3.27484793E-05	-6.89932507E-02	-2.93825367E-02	-7.69669505E-03	-1.80096330E-03
 3.950000E-01	-1.00549987E-05	-3.61563080E-05	 4.56211228E-07	 3.16578429E-05	-7.06879883E-02	-2.99905881E-02	-7.78649736E-03	-1.86234797E-03
 4.000000E-01	-1.04731310E-05	-3.70224513E-05	 2.13364829E-06	 3.02572803E-05	-7.24085768E-02	-3.06141229E-02	-7.87604509E-03	-1.92340556E-03
 4.050000E-01	-1.02102231E-05	-3.53441678E-05	 3.77126772E-06	 2.77998865E-05	-7.41581755E-02	-3.12588893E-02	-7.96654198E-03	-1.98133824E-03
 4.100000E-01	-9.43506482E-06	-3.22896388E-05	 5.67004934E-06	 2.47871624E-05	-7.59396433E-02	-3.19257201E-02	-8.05715280E-03	-2.03596802E-03
 4.150000E-01	-8.82632583E-06	-3.04670228E-05	 8.23916984E-06	 2.24267736E-05	-7.77393683E-02	-3.26023781E-02	-8.14733030E-03	-2.09330802E-03
 4.200000E-01	-9.01951372E-06	-3.18685533E-05	 1.16027988E-05	 2.16551047E-05	-7.95433779E-02	-3.32760985E-02	-8.23621342E-03	-2.15901621E-03
 4.250000E-01	-1.00073483E-05	-3.59485842E-05	 1.53189896E-05	 2.22687403E-05	-8.13595705E-02	-3.39471491E-02	-8.32026525E-03	-2.23178354E-03
 4.300000E-01	-1.07880995E-05	-3.89372649E-05	 1.86741271E-05	 2.24075773E-05	-8.32004099E-02	-3.46212838E-02	-8.39624395E-03	-2.30878738E-03
 4.350000E-01	-1.06236345E-05	-3.84574614E-05	 2.18690697E-05	 2.05815698E-05	-8.50682132E-02	-3.53020659E-02	-8.46334406E-03	-2.39055765E-03
 4.400000E-01	-1.03133662E-05	-3.72582679E-05	 2.60513702E-05	 1.78075397E-05	-8.69650861E-02	-3.59906852E-02	-8.52023438E-03	-2.47864872E-03
 4.450000E-01	-1.07683225E-05	-3.79951516E-05	 3.15538861E-05	 1.55499892E-05	-8.88954645E-02	-3.66856221E-02	-8.56513192E-03	-2.57319239E-03
 4.500000E-01	-1.13334285E-05	-3.82942131E-05	 3.74464802E-05	 1.30864687E-05	-9.08610910E-02	-3.73853671E-02	-8.59734519E-03	-2.67346067E-03
 4.550000E-01	-1.10943924E-05	-3.55750592E-05	 4.32452207E-05	 9.27331959E-06	-9.28615563E-02	-3.80908662E-02	-8.61617469E-03	-2.77919427E-03
 4.600000E-01	-1.05386244E-05	-3.19436259E-05	 4.94657988E-05	 5.01177186E-06	-9.48948681E-02	-3.88022412E-02	-8.62122985E-03	-2.89011831E-03
 4.650000E-01	-1.04657833E-05	-3.01331647E-05	 5.61901216E-05	 1.76718182E-06	-9.69626124E-02	-3.95179222E-02	-8.61142196E-03	-3.00427135E-03
 4.700000E-01	-1.05526651E-05	-2.92309061E-05	 6.25833161E-05	-5.68503525E-07	-9.90704105E-02	-4.02362349E-02	-8.58325855E-03	-3.11990658E-03
 4.750000E-01	-1.02868186E-05	-2.79644050E-05	 6.81440998E-05	-2.57074154E-06	-1.01217954E-01	-4.09544399E-02	-8.53359489E-03	-3.23841313E-03
 4.800000E-01	-1.01463434E-05	-2.80217927E-05	 7.31083245E-05	-3.63815904E-06	-1.03403499E-01	-4.16705910E-02	-8.46069673E-03	-3.36147658E-03
 4.850000E-01	-1.04989264E-05	-3.03219904E-05	 7.71885774E-05	-3.27463099E-06	-1.05632652E-01	-4.23859503E-02	-8.36280646E-03	-3.48807015E-03
 4.900000E-01	-1.03746131E-05	-3.17846256E-05	 7.93086083E-05	-2.72020491E-06	-1.07908526E-01	-4.31022983E-02	-8.23957560E-03	-3.61820063E-03
 4.950000E-01	-9.10594548E-06	-3.10772874E-05	 7.92996184E-05	-2.77593011E-06	-1.10222209E-01	-4.38190914E-02	-8.09359256E-03	-3.75687603E-03
 5.000000E-01	-8.10791946E-06	-3.34676840E-05	 7.82912541E-05	-1.35539366E-06	-1.12562277E-01	-4.45352966E-02	-7.92855907E-03	-3.91022888E-03
 5.050000E-01	-8.77251793E-06	-4.30133536E-05	 7.66262828E-05	 3.38518823E-06	-1.14921154E-01	-4.52487528E-02	-7.74676634E-03	-4.08249333E-03
 5.100000E-01	-1.00174499E-05	-5.53145807E-05	 7.32797049E-05	 9.42695406E-06	-1.17294382E-01	-4.59598195E-02	-7.54980124E-03	-4.27635306E-03
 5.150000E-01	-1.02886209E-05	-6.50749661E-05	 6.81026069E-05	 1.38693478E-05	-1.19687871E-01	-4.66792633E-02	-7.33847173E-03	-4.49153223E-03
 5.200000E-01	-1.01336061E-05	-7.39347001E-05	 6.26799165E-05	 1.67742323E-05	-1.22105350E-01	-4.74164556E-02	-7.11356405E-03	-4.72852329E-03
 5.250000E-01	-1.08320957E-05	-8.52175078E-05	 5.84712819E-05	 1.92803177E-05	-1.24520248E-01	-4.81612247E-02	-6.88199730E-03	-4.99368559E-03
 5.300000E-01	-1.23594548E-05	-9.76804830E-05	 5.57880666E-05	 2.07607272E-05	-1.26904758E-01	-4.89001567E-02	-6.64993581E-03	-5.29171652E-03
 5.350000E-01	-1.36923521E-05	-1.07240379E-04	 5.44609994E-05	 1.94470656E-05	-1.29264069E-01	-4.96384930E-02	-6.41651881E-03	-5.61817908E-03
 5.400000E-01	-1.37595521E-05	-1.10409911E-04	 5.45132836E-05	 1.38657563E-05	-1.31612282E-01	-5.03881958E-02	-6.17993379E-03	-5.96890121E-03
 5.450000E-01	-1.26427330E-05	-1.08013390E-04	 5.68840288E-05	 4.30934553E-06	-1.33972470E-01	-5.11597625E-02	-5.92941661E-03	-6.34624197E-03
 5.500000E-01	-1.23190877E-05	-1.06612201E-04	 6.31249871E-05	-6.27489310E-06	-1.36372224E-01	-5.19608477E-02	-5.65162835E-03	-6.75128630E-03
 5.550000E-01	-1.38980663E-05	-1.09096932E-04	 7.29793595E-05	-1.59751257E-05	-1.38829469E-01	-5.27930915E-02	-5.34157321E-03	-7.17673755E-03
 5.600000E-01	-1.49086117E-05	-1.07404945E-04	 8.38390731E-05	-2.75153681E-05	-1.41349177E-01	-5.36495753E-02	-4.99562589E-03	-7.61597974E-03
 5.650000E-01	-1.30899726E-05	-9.56450688E-05	 9.44343927E-05	-4.32699512E-05	-1.43892799E-01	-5.45061274E-02	-4.62069475E-03	-8.07618855E-03
 5.700000E-01	-1.06703746E-05	-8.20966728E-05	 1.06415805E-04	-5.97426652E-05	-1.46432403E-01	-5.53442798E-02	-4.21989936E-03	-8.56594582E-03
 5.750000E-01	-1.05069248E-05	-7.56573753E-05	 1.20345030E-04	-7.26251179E-05	-1.49004265E-01	-5.61712793E-02	-3.77741004E-03	-9.08119443E-03
 5.800000E-01	-1.12651755E-05	-7.20087941E-05	 1.33500258E-04	-8.29371137E-05	-1.51645857E-01	-5.69980130E-02	-3.28073812E-03	-9.61847385E-03
 5.850000E-01	-1.02969912E-05	-6.38805277E-05	 1.43257697E-04	-9.33886501E-05	-1.54356731E-01	-5.78261273E-02	-2.72918912E-03	-1.01857960E-02
 5.900000E-01	-7.70452432E-06	-5.29001627E-05	 1.49399579E-04	-1.03403364E-04	-1.57116257E-01	-5.86557186E-02	-2.13094461E-03	-1.07920117E-02
 5.950000E-01	-5.24662771E-06	-4.53527837E-05	 1.52538808E-04	-1.10505092E-04	-1.59907158E-01	-5.94880402E-02	-1.49507549E-03	-1.14403276E-02
 6.000000E-01	-4.21542878E-06	-4.55982961E-05	 1.52712954E-04	-1.12948312E-04	-1.62715743E-01	-6.03189348E-02	-8.26326051E-04	-1.21345944E-02
 6.050000E-01	-4.81354852E-06	-5.39371525E-05	 1.49412083E-04	-1.10848046E-04	-1.65535050E-01	-6.11440641E-02	-1.23924459E-04	-1.28791356E-02
 6.100000E-01	-5.99530316E-06	-6.62699528E-05	 1.41975174E-04	-1.06513104E-04	-1.68371343E-01	-6.19680168E-02	 6.18927547E-04	-1.36752222E-02
 6.150000E-01	-6.55672897E-06	-7.81489674E-05	 1.30399431E-04	-1.02604283E-04	-1.71221321E-01	-6.27970726E-02	 1.40241411E-03	-1.45226890E-02
 6.200000E-01	-6.38467954E-06	-8.86864585E-05	 1.15802743E-04	-1.00299461E-04	-1.74070852E-01	-6.36334594E-02	 2.21972684E-03	-1.54220207E-02
 6.250000E-01	-6.15371670E-06	-9.93405449E-05	 9.98728886E-05	-9.97152049E-05	-1.76927313E-01	-6.44834309E-02	 3.07338622E-03	-1.63736396E-02
 6.300000E-01	-6.62756535E-06	-1.11634258E-04	 8.41502377E-05	-1.00782113E-04	-1.79804577E-01	-6.53573760E-02	 3.96350099E-03	-1.73764090E-02
 6.350000E-01	-7.90293252E-06	-1.24854153E-04	 6.93700710E-05	-1.04093593E-04	-1.82687784E-01	-6.62614798E-02	 4.86685651E-03	-1.84288921E-02
 6.400000E-01	-8.86019288E-06	-1.34931466E-04	 5.54035826E-05	-1.11404103E-04	-1.85583812E-01	-6.72123443E-02	 5.77044396E-03	-1.95342533E-02
 6.450000E-01	-8.45288532E-06	-1.38610583E-04	 4.23763187E-05	-1.24147827E-04	-1.88481627E-01	-6.82175535E-02	 6.66147845E-03	-2.07159410E-02
 6.500000E-01	-7.13028040E-06	-1.37088212E-04	 3.12460266E-05	-1.42019516E-04	-1.91278922E-01	-6.92534202E-02	 7.47297905E-03	-2.20064385E-02
 6.550000E-01	-5.67020526E-06	-1.32428944E-04	 2.26258160E-05	-1.64071865E-04	-1.93875123E-01	-7.02951870E-02	 8.13327262E-03	-2.34363160E-02
 6.600000E-01	-3.71250645E-06	-1.24002223E-04	 1.60113005E-05	-1.89947616E-04	-1.96294123E-01	-7.13754330E-02	 8.62857525E-03	-2.50234459E-02
 6.650000E-01	-8.29852373E-07	-1.11399869E-04	 1.09152324E-05	-2.19229093E-04	-1.98579328E-01	-7.25454882E-02	 8.93928169E-03	-2.67676223E-02
 6.700000E-01	 2.15523095E-06	-9.71841668E-05	 7.65936434E-06	-2.50707253E-04	-2.00686909E-01	-7.37916321E-02	 9.01858924E-03	-2.86735622E-02
 6.750000E-01	 4.59142210E-06	-8.27444307E-05	 5.87178775E-06	-2.83489969E-04	-2.02480901E-01	-7.50397915E-02	 8.78914791E-03	-3.07605332E-02
 6.800000E-01	 7.65386756E-06	-6.47866714E-05	 3.68587427E-06	-3.17912586E-04	-2.03912751E-01	-7.62614252E-02	 8.22089192E-03	-3.30440191E-02
 6.850000E-01	 1.28633210E-05	-4.01529237E-05	-6.31713672E-07	-3.53997711E-04	-2.05079813E-01	-7.74908077E-02	 7.36404362E-03	-3.55251815E-02
 6.900000E-01	 2.01436636E-05	-1.04561139E-05	-7.66565722E-06	-3.90305536E-04	-2.05901418E-01	-7.86855878E-02	 6.16941961E-03	-3.82217330E-02
 6.950000E-01	 2.79104081E-05	 1.88760527E-05	-1.67024829E-05	-4.24599125E-04	-2.06291062E-01	-7.97984409E-02	 4.59032643E-03	-4.11580483E-02
 7.000000E-01	 3.38138528E-05	 4.11606696E-05	-2.63304052E-05	-4.54551707E-04	-2.06341055E-01	-8.08551286E-02	 2.68175381E-03	-4.43418790E-02
 7.050000E-01	 3.69763386E-05	 5.46017544E-05	-3.67585838E-05	-4.79128435E-04	-2.06114198E-01	-8.18667328E-02	 4.69649569E-04	-4.77674410E-02
 7.100000E-01	 3.98606485E-05	 6.60488989E-05	-5.03423340E-05	-4.99506846E-04	-2.05595843E-01	-8.27959379E-02	-2.05156506E-03	-5.14345413E-02
 7.150000E-01	 4.46484094E-05	 8.09980602E-05	-6.76749587E-05	-5.16825040E-04	-2.04735889E-01	-8.35812562E-02	-4.88250573E-03	-5.53634846E-02
 7.200000E-01	 4.94711452E-05	 9.51786806E-05	-8.57359405E-05	-5.30042930E-04	-2.03517123E-01	-8.41792827E-02	-8.00669619E-03	-5.95752284E-02
 7.250000E-01	 5.24334566E-05	 1.04984720E-04	-1.02565750E-04	-5.37480902E-04	-2.01982464E-01	-8.45755543E-02	-1.13905910E-02	-6.40755971E-02
 7.300000E-01	 5.60170546E-05	 1.16635296E-04	-1.19785437E-04	-5.38390783E-04	-2.00168484E-01	-8.47586866E-02	-1.50166234E-02	-6.88615186E-02
 7.350000E-01	 6.24904425E-05	 1.34456437E-04	-1.37838188E-04	-5.31561746E-04	-1.98054514E-01	-8.46972847E-02	-1.88985387E-02	-7.39329348E-02
 7.400000E-01	 6.89560140E-05	 1.50822348E-04	-1.53726485E-04	-5.14393001E-04	-1.95660988E-01	-8.43722227E-02	-2.30199417E-02	-7.92812226E-02
 7.450000E-01	 7.22957902E-05	 1.58938772E-04	-1.65951353E-04	-4.84795148E-04	-1.93000992E-01	-8.37469310E-02	-2.73640021E-02	-8.48884489E-02
 7.500000E-01	 7.44687450E-05	 1.63917589E-04	-1.76330512E-04	-4.42180135E-04	-1.89987167E-01	-8.27336223E-02	-3.19676920E-02	-9.07328501E-02
 7.550000E-01	 7.81727243E-05	 1.71644123E-04	-1.85507411E-04	-3.86313762E-04	-1.86642025E-01	-8.13133002E-02	-3.68180676E-02	-9.67687265E-02
 7.600000E-01	 8.21428248E-05	 1.79051414E-04	-1.91667881E-04	-3.17466030E-04	-1.83062257E-01	-7.95217896E-02	-4.18814811E-02	-1.02936121E-01
 7.650000E-01	 8.46024551E-05	 1.82521705E-04	-1.93886113E-04	-2.36828460E-04	-1.79265163E-01	-7.73399573E-02	-4.71590171E-02	-1.09173269E-01
 7.700000E-01	 8.69310874E-05	 1.84999132E-04	-1.92909496E-04	-1.45414030E-04	-1.75199230E-01	-7.47046433E-02	-5.26657161E-02	-1.15410422E-01
 7.750000E-01	 9.02881129E-05	 1.88166810E-04	-1.88780182E-04	-4.47687558E-05	-1.70888914E-01	-7.15897239E-02	-5.83484533E-02	-1.21567274E-01
 7.800000E-01	 9.22990358E-05	 1.86492017E-04	-1.81114820E-04	 6.07252628E-05	-1.66268894E-01	-6.79160932E-02	-6.41791595E-02	-1.27541482E-01
 7.850000E-01	 9.08291365E-05	 1.76299816E-04	-1.70429076E-04	 1.64926532E-04	-1.61156952E-01	-6.35669990E-02	-7.02094072E-02	-1.33239627E-01
 7.900000E-01	 8.75641774E-05	 1.62596704E-04	-1.56495432E-04	 2.63263661E-04	-1.55791906E-01	-5.86527586E-02	-7.63208151E-02	-1.38678837E-01
 7.950000E-01	 8.47093251E-05	 1.50926689E-04	-1.38281325E-04	 3.53563991E-04	-1.50307925E-01	-5.32492653E-02	-8.24733239E-02	-1.43909182E-01
 8.000000E-01	 8.18513901E-05	 1.40705296E-04	-1.15794498E-04	 4.32761030E-04	-1.44620834E-01	-4.72941093E-02	-8.86826724E-02	-1.48935630E-01
 8.050000E-01	 7.78833197E-05	 1.29392357E-04	-9.06604486E-05	 4.96989857E-04	-1.38842062E-01	-4.07789017E-02	-9.48001013E-02	-1.53747498E-01
 8.100000E-01	 7.28871739E-05	 1.16186490E-04	-6.57008823E-05	 5.45255676E-04	-1.32927801E-01	-3.36113513E-02	-1.00692161E-01	-1.58186207E-01
 8.150000E-01	 6.71341484E-05	 1.00771567E-04	-4.35612126E-05	 5.77785976E-04	-1.26667874E-01	-2.56451516E-02	-1.06285648E-01	-1.61979360E-01
 8.200000E-01	 6.01552783E-05	 8.24073782E-05	-2.56770934E-05	 5.92965575E-04	-1.20144064E-01	-1.69289899E-02	-1.11511447E-01	-1.65146209E-01
 8.250000E-01	 5.22070685E-05	 6.26491160E-05	-1.15952810E-05	 5.91626620E-04	-1.13625173E-01	-7.62155763E-03	-1.16360877E-01	-1.67983328E-01
 8.300000E-01	 4.52106938E-05	 4.67155971E-05	 2.08305043E-06	 5.81678956E-04	-1.07155277E-01	 2.21430899E-03	-1.20938789E-01	-1.70655867E-01
 8.350000E-01	 4.00975731E-05	 3.69008467E-05	 1.81715787E-05	 5.69581488E-04	-1.00899360E-01	 1.24872383E-02	-1.25223517E-01	-1.73140666E-01
 8.400000E-01	 3.51409070E-05	 2.85397988E-05	 3.38138847E-05	 5.51818516E-04	-9.48089149E-02	 2.31745997E-02	-1.29114814E-01	-1.74941078E-01
 8.450000E-01	 2.91485253E-05	 1.79564755E-05	 4.45641812E-05	 5.22242181E-04	-8.88278583E-02	 3.42311419E-02	-1.32468392E-01	-1.75516601E-01
 8.500000E-01	 2.34848892E-05	 7.69241320E-06	 5.04599609E-05	 4.82407119E-04	-8.31342714E-02	 4.55137034E-02	-1.35177464E-01	-1.74771682E-01
 8.550000E-01	 1.93644948E-05	 5.35633219E-07	 5.34926596E-05	 4.37298709E-04	-7.75254510E-02	 5.70342035E-02	-1.37400769E-01	-1.72754635E-01
 8.600000E-01	 1.61353319E-05	-4.64750855E-06	 5.35269178E-05	 3.87816714E-04	-7.18064329E-02	 6.88925519E-02	-1.39487816E-01	-1.69989323E-01
 8.650000E-01	 1.31419561E-05	-9.11312761E-06	 5.01558261E-05	 3.35005250E-04	-6.59533500E-02	 8.12340875E-02	-1.41834631E-01	-1.67279230E-01
 8.700000E-01	 1.07977785E-05	-1.14805702E-05	 4.57187199E-05	 2.84652564E-04	-5.97328086E-02	 9.42481388E-02	-1.44680741E-01	-1.64673864E-01
 8.750000E-01	 9.05376959E-06	-1.15594571E-05	 4.18882419E-05	 2.40895268E-04	-5.27760698E-02	 1.08019033E-01	-1.48002134E-01	-1.61346794E-01
 8.800000E-01	 6.97268346E-06	-1.27670831E-05	 3.56796499E-05	 2.00519017E-04	-4.49410608E-02	 1.22464738E-01	-1.51667747E-01	-1.56471221E-01
 8.850000E-01	 4.23228119E-06	-1.65591859E-05	 2.57345911E-05	 1.61395331E-04	-3.62363756E-02	 1.37485517E-01	-1.55698222E-01	-1.49688952E-01
 8.900000E-01	 1.32763739E-06	-1.88344355E-05	 1.84022040E-05	 1.30107261E-04	-2.64779539E-02	 1.53115372E-01	-1.60376558E-01	-1.40875659E-01
 8.950000E-01	-1.62773466E-06	-1.69929062E-05	 1.77322310E-05	 1.10418878E-04	-1.52966124E-02	 1.69539826E-01	-1.66166554E-01	-1.30020104E-01
 9.000000E-01	-4.65752454E-06	-1.43487097E-05	 1.74665431E-05	 9.37289228E-05	-2.68681979E-03	 1.86932633E-01	-1.73309648E-01	-1.17141857E-01
 9.050000E-01	-7.29536566E-06	-1.35197340E-05	 1.18853582E-05	 7.20035079E-05	 1.15358033E-02	 2.04733276E-01	-1.81766398E-01	-1.00416648E-01
 9.100000E-01	-9.34878324E-06	-1.29693380E-05	 3.58268772E-06	 4.82716076E-05	 2.76979404E-02	 2.22445450E-01	-1.90940586E-01	-7.78694360E-02
 9.150000E-01	-1.13404480E-05	-1.02874408E-05	-2.02366421E-06	 2.87746378E-05	 4.62429497E-02	 2.38669186E-01	-2.01878836E-01	-4.69196688E-02
 9.200000E-01	-1.43009519E-05	-5.71940555E-06	-3.79381133E-06	 1.64465588E-05	 6.71949289E-02	 2.54936989E-01	-2.14258327E-01	-9.42514470E-03
 9.250000E-01	-1.77950978E-05	 4.24990060E-07	-4.15893181E-06	 9.15240096E-06	 9.19111167E-02	 2.69500210E-01	-2.29685524E-01	 3.92435446E-02
 9.300000E-01	-2.10577118E-05	 6.94003102E-06	-8.43177751E-06	 2.28778396E-07	 1.21231456E-01	 2.76321727E-01	-2.50359098E-01	 1.10428830E-01
 9.350000E-01	-2.25250598E-05	 1.27114457E-05	-1.85206453E-05	-1.15685797E-05	 1.54750681E-01	 2.84076577E-01	-2.70243723E-01	 1.89284145E-01
 9.400000E-01	-2.41660461E-05	 1.60302062E-05	-3.02426958E-05	-1.62151742E-05	 1.95051629E-01	 3.22483276E-01	-2.85302563E-01	 2.28143965E-01
 9.450000E-01	-2.68778322E-05	 1.67288417E-05	-4.11536932E-05	-1.32728306E-05	 2.49721590E-01	 3.73418724E-01	-2.99174711E-01	 2.54498626E-01
 9.500000E-01	-2.88580653E-05	 2.08671607E-05	-5.51845689E-05	-9.42672728E-06	 2.99620614E-01	 4.48311899E-01	-3.27964912E-01	 2.98976204E-01
 9.550000E-01	-4.01556481E-05	 9.27548190E-07	-6.07148472E-05	-5.62390885E-06	 4.21889989E-01	 3.58772202E-01	-2.21690009E-01	 3.61108707E-01
 9.600000E-01	-4.08881845E-05	-1.37658744E-05	-5.55020963E-05	-1.20379980E-05	 4.26145098E-01	 9.75405808E-02	 8.93705511E-03	 4.11031612E-01
 9.650000E-01	-2.25683124E-05	 6.70843894E-05	-1.84289426E-04	-1.31470157E-04	-4.24110047E-01	-1.39333689E+00	 2.71627766E+00	 1.79640041E+00
 9.700000E-01	-1.28839409E-04	 1.30414463E-04	-2.40737329E-04	 2.60669298E-05	-1.47632011E-01	-1.27500193E+00	 1.31853265E+00	 1.23455466E+00
 9.750000E-01	 1.90822445E-04	 3.97964842E-04	-1.21097612E-04	 9.15542923E-04	-7.93660483E+00	-3.38550299E+00	-7.58600341E+00	-7.47384352E+00
 9.800000E-01	-1.22464541E-03	 4.18101844E-04	-6.83937458E-04	 7.43119068E-04	 1.45580243E+01	 4.68195754E+00	 3.92265796E+00	 4.27845900E+00
 9.850000E-01	-8.45292562E-04	-1.13287341E-04	-4.43427132E-04	-2.32578368E-04	 1.53389523E+01	 5.95935684E+00	 1.07773375E+01	 9.43489353E+00
 9.900000E-01	 8.54634510E-04	-2.76164873E-04	 6.29966630E-04	-4.04118865E-04	-8.64294082E+00	-3.60569442E+00	-3.80832494E+00	-4.98634671E+00
 9.950000E-01	 4.95644796E-05	-1.81630492E-05	 2.20747073E-04	-8.05005707E-05	-8.06115260E-02	-6.72106963E-01	-2.63351299E+00	-1.54844225E+00
 1.000000E+00	-2.25836420E-04	 1.27209126E-04	-4.13065515E-04	 2.31853381E-04	 1.93464260E+00	 1.43267569E+00	 3.57058052E+00	 2.94589893E+00
