@R IP 1 []
  5.845844614e+05
@R BCENTR 1 []
  1.792385008e+00
@R RMAJOR 1 []
  1.765979106e+00
@R AMINOR 1 []
  4.602607189e-01
@R KAPPA 1 []
  1.656876353e+00
@R DELTA 1 []
  7.594075333e-01
@I NRHO 1 []
              101
@R RHOB 1 []
  5.812982862e-01
@R RHO 101 []
  0.000000000e+00  1.000000000e-02  2.000000000e-02  3.000000000e-02
  4.000000000e-02  5.000000000e-02  6.000000000e-02  7.000000000e-02
  8.000000000e-02  9.000000000e-02  1.000000000e-01  1.100000000e-01
  1.200000000e-01  1.300000000e-01  1.400000000e-01  1.500000000e-01
  1.600000000e-01  1.700000000e-01  1.800000000e-01  1.900000000e-01
  2.000000000e-01  2.100000000e-01  2.200000000e-01  2.300000000e-01
  2.400000000e-01  2.500000000e-01  2.600000000e-01  2.700000000e-01
  2.800000000e-01  2.900000000e-01  3.000000000e-01  3.100000000e-01
  3.200000000e-01  3.300000000e-01  3.400000000e-01  3.500000000e-01
  3.600000000e-01  3.700000000e-01  3.800000000e-01  3.900000000e-01
  4.000000000e-01  4.100000000e-01  4.200000000e-01  4.300000000e-01
  4.400000000e-01  4.500000000e-01  4.600000000e-01  4.700000000e-01
  4.800000000e-01  4.900000000e-01  5.000000000e-01  5.100000000e-01
  5.200000000e-01  5.300000000e-01  5.400000000e-01  5.500000000e-01
  5.600000000e-01  5.700000000e-01  5.800000000e-01  5.900000000e-01
  6.000000000e-01  6.100000000e-01  6.200000000e-01  6.300000000e-01
  6.400000000e-01  6.500000000e-01  6.600000000e-01  6.700000000e-01
  6.800000000e-01  6.900000000e-01  7.000000000e-01  7.100000000e-01
  7.200000000e-01  7.300000000e-01  7.400000000e-01  7.500000000e-01
  7.600000000e-01  7.700000000e-01  7.800000000e-01  7.900000000e-01
  8.000000000e-01  8.100000000e-01  8.200000000e-01  8.300000000e-01
  8.400000000e-01  8.500000000e-01  8.600000000e-01  8.700000000e-01
  8.800000000e-01  8.900000000e-01  9.000000000e-01  9.100000000e-01
  9.200000000e-01  9.300000000e-01  9.400000000e-01  9.500000000e-01
  9.600000000e-01  9.700000000e-01  9.800000000e-01  9.900000000e-01
  1.000000000e+00
@R VOLP 101 []
  0.000000000e+00  4.351834430e-01  8.702560984e-01  1.305107434e+00
  1.739628240e+00  2.173710300e+00  2.607247094e+00  3.040135101e+00
  3.472272207e+00  3.903559717e+00  4.333902906e+00  4.763208879e+00
  5.191390221e+00  5.618363124e+00  6.044046523e+00  6.468366017e+00
  6.891249545e+00  7.312629199e+00  7.732443555e+00  8.150632823e+00
  8.567141776e+00  8.981920086e+00  9.394918105e+00  9.806090525e+00
  1.021539882e+01  1.062280784e+01  1.102828427e+01  1.143178990e+01
  1.183327998e+01  1.223271145e+01  1.263004361e+01  1.302523448e+01
  1.341824482e+01  1.380903768e+01  1.419757322e+01  1.458381359e+01
  1.496772301e+01  1.534926377e+01  1.572839870e+01  1.610509304e+01
  1.647930990e+01  1.685101242e+01  1.722016668e+01  1.758673520e+01
  1.795068033e+01  1.831196746e+01  1.867056013e+01  1.902641908e+01
  1.937950706e+01  1.972978705e+01  2.007721829e+01  2.042175964e+01
  2.076337179e+01  2.110201230e+01  2.143763632e+01  2.177020099e+01
  2.209965986e+01  2.242596249e+01  2.274906024e+01  2.306890223e+01
  2.338543270e+01  2.369859470e+01  2.400832898e+01  2.431457206e+01
  2.461725616e+01  2.491631383e+01  2.521167102e+01  2.550324357e+01
  2.579094549e+01  2.607468601e+01  2.635436690e+01  2.662987828e+01
  2.690110166e+01  2.716791403e+01  2.743017587e+01  2.768772962e+01
  2.794039628e+01  2.818796772e+01  2.843020498e+01  2.866682867e+01
  2.889751497e+01  2.912188751e+01  2.933948626e+01  2.954975187e+01
  2.975199206e+01  2.994534364e+01  3.012877720e+01  3.030105881e+01
  3.046060146e+01  3.060540412e+01  3.073299513e+01  3.084028098e+01
  3.092385075e+01  3.097971660e+01  3.100373437e+01  3.098986588e+01
  3.093342882e+01  3.081037140e+01  3.060820748e+01  3.016483468e+01
  2.928435770e+01
@R IPOL 101 []
  9.950263473e-01  9.950320378e-01  9.950490708e-01  9.950773299e-01
  9.951166229e-01  9.951666834e-01  9.952271732e-01  9.952976863e-01
  9.953777526e-01  9.954668430e-01  9.955643745e-01  9.956697131e-01
  9.957821780e-01  9.959010525e-01  9.960255891e-01  9.961550181e-01
  9.962885557e-01  9.964254096e-01  9.965647847e-01  9.967058929e-01
  9.968479655e-01  9.969902524e-01  9.971320277e-01  9.972726146e-01
  9.974113866e-01  9.975475839e-01  9.976804709e-01  9.978097333e-01
  9.979352054e-01  9.980566835e-01  9.981740007e-01  9.982870000e-01
  9.983955429e-01  9.984995060e-01  9.985987855e-01  9.986932950e-01
  9.987829595e-01  9.988677249e-01  9.989475494e-01  9.990224107e-01
  9.990922946e-01  9.991572056e-01  9.992171646e-01  9.992722015e-01
  9.993223613e-01  9.993677009e-01  9.994082915e-01  9.994442146e-01
  9.994755613e-01  9.995024367e-01  9.995249509e-01  9.995432299e-01
  9.995574024e-01  9.995676123e-01  9.995740029e-01  9.995767337e-01
  9.995759613e-01  9.995718532e-01  9.995645856e-01  9.995543331e-01
  9.995412765e-01  9.995256000e-01  9.995074945e-01  9.994871470e-01
  9.994647513e-01  9.994404977e-01  9.994145834e-01  9.993872038e-01
  9.993585543e-01  9.993288282e-01  9.992982287e-01  9.992669508e-01
  9.992351981e-01  9.992031778e-01  9.991711052e-01  9.991392064e-01
  9.991077301e-01  9.990769502e-01  9.990471878e-01  9.990188215e-01
  9.989923144e-01  9.989682524e-01  9.989473741e-01  9.989306112e-01
  9.989191287e-01  9.989143196e-01  9.989177995e-01  9.989313170e-01
  9.989566652e-01  9.989955724e-01  9.990496306e-01  9.991201591e-01
  9.992078074e-01  9.993117390e-01  9.994285243e-01  9.995517021e-01
  9.996725584e-01  9.997824827e-01  9.998768478e-01  9.999502182e-01
  9.999969061e-01
@R G11 101 []
  0.000000000e+00  4.308208989e-01  8.616360858e-01  1.292656535e+00
  1.724015454e+00  2.155723674e+00  2.587766845e+00  3.020256098e+00
  3.453399151e+00  3.887226124e+00  4.321705333e+00  4.757002166e+00
  5.193184563e+00  5.630236869e+00  6.068250292e+00  6.507287022e+00
  6.947383151e+00  7.388607928e+00  7.830959839e+00  8.274500810e+00
  8.719276592e+00  9.165290452e+00  9.612598837e+00  1.006123200e+01
  1.051119742e+01  1.096252671e+01  1.141524309e+01  1.186937740e+01
  1.232498494e+01  1.278212378e+01  1.324085900e+01  1.370124747e+01
  1.416331558e+01  1.462712535e+01  1.509279864e+01  1.556032868e+01
  1.602978311e+01  1.650130610e+01  1.697486496e+01  1.745062019e+01
  1.792859774e+01  1.840891311e+01  1.889164743e+01  1.937685767e+01
  1.986473045e+01  2.035523971e+01  2.084864581e+01  2.134496452e+01
  2.184430124e+01  2.234695226e+01  2.285288546e+01  2.336227969e+01
  2.387545322e+01  2.439244104e+01  2.491340683e+01  2.543866674e+01
  2.596846994e+01  2.650294934e+01  2.704233689e+01  2.758702807e+01
  2.813735811e+01  2.869360971e+01  2.925603746e+01  2.982512149e+01
  3.040138330e+01  3.098531979e+01  3.157732964e+01  3.217790766e+01
  3.278784772e+01  3.340791807e+01  3.403897075e+01  3.468161999e+01
  3.533680569e+01  3.600590049e+01  3.669032146e+01  3.739102999e+01
  3.810944555e+01  3.884817236e+01  3.960940596e+01  4.039465041e+01
  4.120752000e+01  4.205253623e+01  4.293156777e+01  4.385214276e+01
  4.481964259e+01  4.584158952e+01  4.692951804e+01  4.809425471e+01
  4.935193913e+01  5.072705386e+01  5.224129337e+01  5.394195588e+01
  5.588301401e+01  5.811183504e+01  6.077073446e+01  6.396688763e+01
  6.813756990e+01  7.303432618e+01  8.346303074e+01  1.168979102e+02
  2.610088626e+02
@R G22 101 []
  0.000000000e+00  5.783262284e-03  1.156658690e-02  1.735294747e-02
  2.314427974e-02  2.894087275e-02  3.474268543e-02  4.055137713e-02
  4.636989290e-02  5.219881396e-02  5.803790590e-02  6.388956716e-02
  6.975492974e-02  7.563399933e-02  8.152820929e-02  8.743865851e-02
  9.336607222e-02  9.931163053e-02  1.052756078e-01  1.112591040e-01
  1.172630258e-01  1.232877308e-01  1.293342470e-01  1.354032932e-01
  1.414953473e-01  1.476111712e-01  1.537514062e-01  1.599167691e-01
  1.661081995e-01  1.723266787e-01  1.785733218e-01  1.848491060e-01
  1.911546348e-01  1.974910078e-01  2.038600770e-01  2.102620052e-01
  2.166979819e-01  2.231701709e-01  2.296783705e-01  2.362250467e-01
  2.428107824e-01  2.494373704e-01  2.561062062e-01  2.628183057e-01
  2.695764243e-01  2.763804941e-01  2.832343163e-01  2.901383308e-01
  2.970942394e-01  3.041063392e-01  3.111744178e-01  3.183011635e-01
  3.254911900e-01  3.327451932e-01  3.400656373e-01  3.474571302e-01
  3.549232925e-01  3.624661170e-01  3.700890498e-01  3.777977530e-01
  3.855969843e-01  3.934908195e-01  4.014829945e-01  4.095802738e-01
  4.177899515e-01  4.261190898e-01  4.345733577e-01  4.431596217e-01
  4.518889138e-01  4.607719563e-01  4.698206044e-01  4.790433257e-01
  4.884531043e-01  4.980689897e-01  5.079104871e-01  5.179906677e-01
  5.283288364e-01  5.389604630e-01  5.499151894e-01  5.612128071e-01
  5.729020821e-01  5.850439177e-01  5.976611329e-01  6.108538328e-01
  6.246901152e-01  6.392656840e-01  6.547309924e-01  6.712257324e-01
  6.889589868e-01  7.082503240e-01  7.293719430e-01  7.529417158e-01
  7.796699467e-01  8.101752873e-01  8.464169613e-01  8.898810703e-01
  9.467372236e-01  1.013433308e+00  1.156949356e+00  1.618090923e+00
  3.616449390e+00
@R G33 101 []
  9.358789699e-01  9.359132480e-01  9.360163709e-01  9.361882406e-01
  9.364284150e-01  9.367366982e-01  9.371127666e-01  9.375559254e-01
  9.380658240e-01  9.386418271e-01  9.392830708e-01  9.399890198e-01
  9.407586935e-01  9.415911625e-01  9.424856742e-01  9.434410322e-01
  9.444563237e-01  9.455306010e-01  9.466626047e-01  9.478513993e-01
  9.490959567e-01  9.503951298e-01  9.517481041e-01  9.531539378e-01
  9.546113483e-01  9.561192446e-01  9.576766955e-01  9.592830829e-01
  9.609383711e-01  9.626425302e-01  9.643954074e-01  9.661970494e-01
  9.680473693e-01  9.699461937e-01  9.718936280e-01  9.738896942e-01
  9.759343402e-01  9.780276906e-01  9.801698806e-01  9.823609406e-01
  9.846010710e-01  9.868905088e-01  9.892293385e-01  9.916178913e-01
  9.940565307e-01  9.965454638e-01  9.990850279e-01  1.001675730e+00
  1.004317977e+00  1.007012182e+00  1.009758966e+00  1.012558965e+00
  1.015412738e+00  1.018321002e+00  1.021284595e+00  1.024304261e+00
  1.027380923e+00  1.030515678e+00  1.033709539e+00  1.036963629e+00
  1.040279282e+00  1.043657880e+00  1.047100901e+00  1.050610005e+00
  1.054187031e+00  1.057833797e+00  1.061552396e+00  1.065345335e+00
  1.069215187e+00  1.073164722e+00  1.077196989e+00  1.081315518e+00
  1.085524164e+00  1.089826952e+00  1.094228554e+00  1.098734333e+00
  1.103350480e+00  1.108084280e+00  1.112944177e+00  1.117940113e+00
  1.123083664e+00  1.128388313e+00  1.133870623e+00  1.139550819e+00
  1.145454050e+00  1.151611919e+00  1.158062397e+00  1.164851566e+00
  1.172039690e+00  1.179704125e+00  1.187942267e+00  1.196878664e+00
  1.206655299e+00  1.217444884e+00  1.229438765e+00  1.242920781e+00
  1.258143600e+00  1.276186360e+00  1.297736427e+00  1.330150245e+00
  1.383918375e+00
@R GRADRHO 101 []
  9.984782326e-01  9.915444360e-01  9.915748615e-01  9.917125843e-01
  9.919368352e-01  9.922099653e-01  9.925140941e-01  9.928671204e-01
  9.932902728e-01  9.937706940e-01  9.942935281e-01  9.948711026e-01
  9.955027984e-01  9.961792759e-01  9.969020962e-01  9.976718818e-01
  9.984866696e-01  9.993458859e-01  1.000245069e+00  1.001184923e+00
  1.002164917e+00  1.003181748e+00  1.004234990e+00  1.005323988e+00
  1.006447074e+00  1.007602666e+00  1.008789362e+00  1.010007040e+00
  1.011255933e+00  1.012535906e+00  1.013847403e+00  1.015190730e+00
  1.016564954e+00  1.017970134e+00  1.019408318e+00  1.020877563e+00
  1.022378274e+00  1.023912663e+00  1.025477670e+00  1.027076593e+00
  1.028708027e+00  1.030372963e+00  1.032071739e+00  1.033804000e+00
  1.035572456e+00  1.037374071e+00  1.039213374e+00  1.041088494e+00
  1.042999621e+00  1.044951227e+00  1.046939980e+00  1.048967584e+00
  1.051038362e+00  1.053149937e+00  1.055303026e+00  1.057501387e+00
  1.059746673e+00  1.062037911e+00  1.064376328e+00  1.066765945e+00
  1.069208852e+00  1.071705942e+00  1.074257503e+00  1.076867357e+00
  1.079539355e+00  1.082276597e+00  1.085079930e+00  1.087951064e+00
  1.090896050e+00  1.093919821e+00  1.097027686e+00  1.100219916e+00
  1.103501138e+00  1.106881556e+00  1.110370206e+00  1.113967337e+00
  1.117678409e+00  1.121523893e+00  1.125515100e+00  1.129650621e+00
  1.133955222e+00  1.138460567e+00  1.143156258e+00  1.148100176e+00
  1.153309732e+00  1.158819565e+00  1.164699046e+00  1.170987338e+00
  1.177761571e+00  1.185158089e+00  1.193214363e+00  1.202186393e+00
  1.212288319e+00  1.223494045e+00  1.236572773e+00  1.251390167e+00
  1.270725102e+00  1.288461001e+00  1.340889535e+00  1.511187690e+00
  2.043300682e+00
@R AREA 101 []
  0.000000000e+00  4.314553267e-01  8.629196521e-01  1.294330836e+00
  1.725631279e+00  2.156776651e+00  2.587746955e+00  3.018517426e+00
  3.449050972e+00  3.879307249e+00  4.309259580e+00  4.738879598e+00
  5.168134728e+00  5.596995504e+00  6.025436791e+00  6.453431880e+00
  6.880954792e+00  7.307980010e+00  7.734485421e+00  8.160449985e+00
  8.585852081e+00  9.010671955e+00  9.434891997e+00  9.858495136e+00
  1.028146463e+01  1.070378544e+01  1.112544454e+01  1.154642951e+01
  1.196672766e+01  1.238632704e+01  1.280521642e+01  1.322338468e+01
  1.364082087e+01  1.405751513e+01  1.447345785e+01  1.488863945e+01
  1.530305158e+01  1.571668550e+01  1.612953365e+01  1.654158938e+01
  1.695284475e+01  1.736329461e+01  1.777293242e+01  1.818175409e+01
  1.858975398e+01  1.899692865e+01  1.940327507e+01  1.980878967e+01
  2.021347126e+01  2.061731790e+01  2.102032876e+01  2.142250477e+01
  2.182384617e+01  2.222435434e+01  2.262403283e+01  2.302288503e+01
  2.342091510e+01  2.381812856e+01  2.421453319e+01  2.461013700e+01
  2.500494920e+01  2.539898058e+01  2.579224426e+01  2.618475517e+01
  2.657652953e+01  2.696758569e+01  2.735794431e+01  2.774762974e+01
  2.813666894e+01  2.852509148e+01  2.891293025e+01  2.930022245e+01
  2.968701177e+01  3.007334544e+01  3.045927583e+01  3.084486170e+01
  3.123017297e+01  3.161528558e+01  3.200028335e+01  3.238526416e+01
  3.277034251e+01  3.315564148e+01  3.354130650e+01  3.392751048e+01
  3.431443862e+01  3.470232745e+01  3.509143815e+01  3.548209883e+01
  3.587470738e+01  3.626976092e+01  3.666788555e+01  3.706993506e+01
  3.747696875e+01  3.789054940e+01  3.831289010e+01  3.874719889e+01
  3.919867097e+01  3.967592881e+01  4.019560857e+01  4.077247938e+01
  4.150873520e+01
@R A 101 []
  0.000000000e+00  5.261369266e-03  1.052264578e-02  1.578325206e-02
  2.104293399e-02  2.630146564e-02  3.155842158e-02  3.681358930e-02
  4.206664315e-02  4.731721601e-02  5.256506809e-02  5.780983705e-02
  6.305119755e-02  6.828890777e-02  7.352262766e-02  7.875206145e-02
  8.397696391e-02  8.919699845e-02  9.441189344e-02  9.962136047e-02
  1.048250625e-01  1.100227728e-01  1.152141803e-01  1.203989594e-01
  1.255768720e-01  1.307476021e-01  1.359108282e-01  1.410662968e-01
  1.462137213e-01  1.513528039e-01  1.564832640e-01  1.616047890e-01
  1.667170776e-01  1.718198556e-01  1.769128028e-01  1.819955942e-01
  1.870679515e-01  1.921295475e-01  1.971800403e-01  2.022191266e-01
  2.072464669e-01  2.122617170e-01  2.172645285e-01  2.222545641e-01
  2.272314414e-01  2.321948044e-01  2.371442788e-01  2.420794554e-01
  2.469999524e-01  2.519053631e-01  2.567952511e-01  2.616691894e-01
  2.665267413e-01  2.713674347e-01  2.761907905e-01  2.809963272e-01
  2.857835354e-01  2.905518727e-01  2.953008013e-01  3.000297652e-01
  3.047381654e-01  3.094253724e-01  3.140907613e-01  3.187336740e-01
  3.233534012e-01  3.279492090e-01  3.325203384e-01  3.370659967e-01
  3.415853362e-01  3.460774753e-01  3.505414827e-01  3.549763665e-01
  3.593811018e-01  3.637545946e-01  3.680956720e-01  3.724030778e-01
  3.766755034e-01  3.809115270e-01  3.851095994e-01  3.892680837e-01
  3.933852734e-01  3.974592356e-01  4.014879115e-01  4.054691272e-01
  4.094001916e-01  4.132781735e-01  4.170997182e-01  4.208611404e-01
  4.245582615e-01  4.281864167e-01  4.317401047e-01  4.352131923e-01
  4.385980018e-01  4.418855029e-01  4.450633249e-01  4.481150168e-01
  4.510204235e-01  4.537530798e-01  4.562718843e-01  4.584091249e-01
  4.598937655e-01
@R RTOR 101 []
  1.825474273e+00  1.825462860e+00  1.825428396e+00  1.825370871e+00
  1.825290512e+00  1.825187453e+00  1.825061777e+00  1.824913781e+00
  1.824743672e+00  1.824551676e+00  1.824338178e+00  1.824103453e+00
  1.823847870e+00  1.823571875e+00  1.823275817e+00  1.822960181e+00
  1.822625441e+00  1.822272029e+00  1.821900494e+00  1.821511345e+00
  1.821105077e+00  1.820682258e+00  1.820243422e+00  1.819789074e+00
  1.819319798e+00  1.818836144e+00  1.818338637e+00  1.817827855e+00
  1.817304311e+00  1.816768466e+00  1.816220776e+00  1.815661635e+00
  1.815091418e+00  1.814510519e+00  1.813919293e+00  1.813318072e+00
  1.812707213e+00  1.812087038e+00  1.811457853e+00  1.810819989e+00
  1.810173755e+00  1.809519436e+00  1.808857347e+00  1.808187787e+00
  1.807511032e+00  1.806827382e+00  1.806137133e+00  1.805440559e+00
  1.804737944e+00  1.804029584e+00  1.803315755e+00  1.802596729e+00
  1.801872803e+00  1.801144259e+00  1.800411365e+00  1.799674414e+00
  1.798933697e+00  1.798189487e+00  1.797442069e+00  1.796691742e+00
  1.795938794e+00  1.795183508e+00  1.794426190e+00  1.793667141e+00
  1.792906654e+00  1.792145037e+00  1.791382612e+00  1.790619691e+00
  1.789856587e+00  1.789093633e+00  1.788331171e+00  1.787569536e+00
  1.786809070e+00  1.786050141e+00  1.785293123e+00  1.784538391e+00
  1.783786321e+00  1.783037302e+00  1.782291731e+00  1.781550014e+00
  1.780812550e+00  1.780079787e+00  1.779352175e+00  1.778630133e+00
  1.777914059e+00  1.777204137e+00  1.776500526e+00  1.775803481e+00
  1.775113351e+00  1.774430436e+00  1.773755254e+00  1.773088512e+00
  1.772431092e+00  1.771783906e+00  1.771147713e+00  1.770524773e+00
  1.769919124e+00  1.769336938e+00  1.768788492e+00  1.768314312e+00
  1.767980901e+00
@R SHIFT 101 []
  5.949516744e-02  5.948375386e-02  5.944928953e-02  5.939176504e-02
  5.931140635e-02  5.920834712e-02  5.908267115e-02  5.893467470e-02
  5.876456639e-02  5.857256997e-02  5.835907228e-02  5.812434676e-02
  5.786876350e-02  5.759276901e-02  5.729671130e-02  5.698107496e-02
  5.664633514e-02  5.629292271e-02  5.592138765e-02  5.553223946e-02
  5.512597119e-02  5.470315232e-02  5.426431552e-02  5.380996838e-02
  5.334069177e-02  5.285703780e-02  5.235953076e-02  5.184874884e-02
  5.132520462e-02  5.078936039e-02  5.024166968e-02  4.968252923e-02
  4.911231152e-02  4.853141283e-02  4.794018683e-02  4.733896635e-02
  4.672810706e-02  4.610793214e-02  4.547874717e-02  4.484088334e-02
  4.419464902e-02  4.354032980e-02  4.287824089e-02  4.220868072e-02
  4.153192604e-02  4.084827550e-02  4.015802669e-02  3.946145272e-02
  3.875883773e-02  3.805047801e-02  3.733664879e-02  3.661762292e-02
  3.589369654e-02  3.516515257e-02  3.443225881e-02  3.369530850e-02
  3.295459117e-02  3.221038058e-02  3.146296294e-02  3.071263618e-02
  2.995968772e-02  2.920440238e-02  2.844708441e-02  2.768803541e-02
  2.692754805e-02  2.616593093e-02  2.540350626e-02  2.464058506e-02
  2.387748069e-02  2.311452745e-02  2.235206487e-02  2.159043038e-02
  2.082996361e-02  2.007103483e-02  1.931401744e-02  1.855928481e-02
  1.780721530e-02  1.705819594e-02  1.631262521e-02  1.557090812e-02
  1.483344449e-02  1.410068083e-02  1.337306863e-02  1.265102746e-02
  1.193495260e-02  1.122503125e-02  1.052141990e-02  9.824375215e-03
  9.134244740e-03  8.451329881e-03  7.776147755e-03  7.109405624e-03
  6.451985593e-03  5.804800327e-03  5.168607391e-03  4.545667345e-03
  3.940018424e-03  3.357832424e-03  2.809385911e-03  2.335206223e-03
  2.001794971e-03
@R ELONG 101 []
  1.267874376e+00  1.267907619e+00  1.268007349e+00  1.268101804e+00
  1.268171038e+00  1.268229761e+00  1.268320239e+00  1.268435507e+00
  1.268565368e+00  1.268709949e+00  1.268876418e+00  1.269066373e+00
  1.269276628e+00  1.269506337e+00  1.269760015e+00  1.270037378e+00
  1.270335933e+00  1.270657328e+00  1.271003874e+00  1.271375965e+00
  1.271773539e+00  1.272197038e+00  1.272648700e+00  1.273129426e+00
  1.273638369e+00  1.274177203e+00  1.274748008e+00  1.275351036e+00
  1.275986314e+00  1.276655103e+00  1.277358487e+00  1.278097083e+00
  1.278871164e+00  1.279681727e+00  1.280529981e+00  1.281416598e+00
  1.282341859e+00  1.283307056e+00  1.284313458e+00  1.285361693e+00
  1.286452480e+00  1.287587333e+00  1.288767413e+00  1.289993661e+00
  1.291267210e+00  1.292589594e+00  1.293962216e+00  1.295386378e+00
  1.296863500e+00  1.298395343e+00  1.299983666e+00  1.301630096e+00
  1.303336414e+00  1.305104798e+00  1.306937394e+00  1.308836208e+00
  1.310803602e+00  1.312842244e+00  1.314954751e+00  1.317143753e+00
  1.319412342e+00  1.321763814e+00  1.324201469e+00  1.326728847e+00
  1.329349954e+00  1.332068969e+00  1.334890251e+00  1.337818569e+00
  1.340859180e+00  1.344017612e+00  1.347299802e+00  1.350712284e+00
  1.354262154e+00  1.357957020e+00  1.361805185e+00  1.365815786e+00
  1.369998915e+00  1.374365601e+00  1.378927884e+00  1.383699075e+00
  1.388694007e+00  1.393929214e+00  1.399423262e+00  1.405197057e+00
  1.411274326e+00  1.417682505e+00  1.424453066e+00  1.431623642e+00
  1.439236915e+00  1.447342913e+00  1.456004492e+00  1.465303147e+00
  1.475341495e+00  1.486254877e+00  1.498222730e+00  1.511517400e+00
  1.526566568e+00  1.544013310e+00  1.565082534e+00  1.591469271e+00
  1.631273211e+00
@R TRIAG 101 []
  0.000000000e+00  3.177379798e-03  5.729705030e-03  8.277015908e-03
  1.083166200e-02  1.339161103e-02  1.595142656e-02  1.851457810e-02
  2.108134066e-02  2.365168006e-02  2.622709482e-02  2.880667337e-02
  3.139157088e-02  3.398323075e-02  3.658062230e-02  3.918482581e-02
  4.179673609e-02  4.441629647e-02  4.704432229e-02  4.968130534e-02
  5.232781853e-02  5.498514975e-02  5.765422133e-02  6.033577734e-02
  6.303113366e-02  6.574115439e-02  6.846638151e-02  7.120774160e-02
  7.396584120e-02  7.674206522e-02  7.953813996e-02  8.235542172e-02
  8.519519563e-02  8.805913858e-02  9.094868602e-02  9.386526284e-02
  9.681046808e-02  9.978584344e-02  1.027928820e-01  1.058332478e-01
  1.089085752e-01  1.120205224e-01  1.151709474e-01  1.183615873e-01
  1.215942294e-01  1.248713940e-01  1.281952863e-01  1.315679506e-01
  1.349915429e-01  1.384684786e-01  1.420009093e-01  1.455912965e-01
  1.492422046e-01  1.529564596e-01  1.567367153e-01  1.605860455e-01
  1.645076798e-01  1.685047927e-01  1.725808216e-01  1.767395686e-01
  1.809851337e-01  1.853216231e-01  1.897536859e-01  1.942861970e-01
  1.989242425e-01  2.036732215e-01  2.085390776e-01  2.135282801e-01
  2.186478877e-01  2.239055834e-01  2.293095838e-01  2.348686991e-01
  2.405927956e-01  2.464929367e-01  2.525814604e-01  2.588721051e-01
  2.653786706e-01  2.721158243e-01  2.791629545e-01  2.864881458e-01
  2.941091933e-01  3.020523835e-01  3.103449997e-01  3.190165137e-01
  3.281034487e-01  3.376601087e-01  3.477537129e-01  3.584542923e-01
  3.698411345e-01  3.820201382e-01  3.951485074e-01  4.094313049e-01
  4.250728999e-01  4.423534676e-01  4.617885177e-01  4.841923340e-01
  5.105739658e-01  5.423890780e-01  5.827355511e-01  6.361458824e-01
  7.187169250e-01
@R PMHD 101 []
  7.370425411e+04  7.367201580e+04  7.357541987e+04  7.341482249e+04
  7.319081463e+04  7.290421808e+04  7.255607984e+04  7.214766500e+04
  7.168044782e+04  7.115610118e+04  7.057648483e+04  6.994362953e+04
  6.925971655e+04  6.852705747e+04  6.774808372e+04  6.692533080e+04
  6.606141268e+04  6.515900643e+04  6.422083909e+04  6.324966348e+04
  6.224823349e+04  6.121928264e+04  6.016554281e+04  5.908964772e+04
  5.799414717e+04  5.688195877e+04  5.575596592e+04  5.461804678e+04
  5.346974125e+04  5.231270180e+04  5.114851982e+04  4.997877127e+04
  4.880500172e+04  4.762872972e+04  4.645144405e+04  4.527460291e+04
  4.409962997e+04  4.292791672e+04  4.176081954e+04  4.059965687e+04
  3.944571236e+04  3.830022746e+04  3.716440874e+04  3.603941802e+04
  3.492637977e+04  3.382637424e+04  3.274043999e+04  3.166957270e+04
  3.061472301e+04  2.957679912e+04  2.855666377e+04  2.755513408e+04
  2.657298281e+04  2.561093727e+04  2.466967806e+04  2.374984098e+04
  2.285201544e+04  2.197674532e+04  2.112452801e+04  2.029581565e+04
  1.949101444e+04  1.871048499e+04  1.795454241e+04  1.722345594e+04
  1.651745000e+04  1.583670280e+04  1.518134737e+04  1.455146992e+04
  1.394710956e+04  1.336825762e+04  1.281485387e+04  1.228678529e+04
  1.178388018e+04  1.130590153e+04  1.085253770e+04  1.042338762e+04
  1.001793833e+04  9.635539280e+03  9.275356449e+03  8.936316309e+03
  8.617031422e+03  8.315698437e+03  8.029980421e+03  7.756882434e+03
  7.492647671e+03  7.232688668e+03  6.971661225e+03  6.703644210e+03
  6.422419702e+03  6.121747676e+03  5.795596230e+03  5.438495168e+03
  5.046805142e+03  4.621215772e+03  4.170410670e+03  3.712700939e+03
  3.273956468e+03  2.880248403e+03  2.545473721e+03  2.287322183e+03
  2.124147538e+03
@R QMHD 101 []
  1.171468626e+00  1.171616856e+00  1.172061924e+00  1.172804956e+00
  1.173847775e+00  1.175192815e+00  1.176843015e+00  1.178801673e+00
  1.181072280e+00  1.183658317e+00  1.186562726e+00  1.189781334e+00
  1.193299180e+00  1.197106946e+00  1.201211454e+00  1.205610661e+00
  1.210294732e+00  1.215270024e+00  1.220541849e+00  1.226106134e+00
  1.231955818e+00  1.238100698e+00  1.244543026e+00  1.251281416e+00
  1.258316486e+00  1.265652060e+00  1.273293482e+00  1.281242041e+00
  1.289500199e+00  1.298078374e+00  1.306983862e+00  1.316218927e+00
  1.325789403e+00  1.335706911e+00  1.345978883e+00  1.356611222e+00
  1.367612731e+00  1.378995281e+00  1.390768635e+00  1.402941927e+00
  1.415525208e+00  1.428533640e+00  1.441979106e+00  1.455873054e+00
  1.470229113e+00  1.485065197e+00  1.500396342e+00  1.516237176e+00
  1.532606605e+00  1.549525170e+00  1.567011663e+00  1.585085495e+00
  1.603770827e+00  1.623092556e+00  1.643075042e+00  1.663744636e+00
  1.685131751e+00  1.707266841e+00  1.730182298e+00  1.753912991e+00
  1.778497683e+00  1.803977141e+00  1.830393600e+00  1.857793797e+00
  1.886228547e+00  1.915752385e+00  1.946423618e+00  1.978306431e+00
  2.011470049e+00  2.045989251e+00  2.081944805e+00  2.119427694e+00
  2.158538008e+00  2.199384981e+00  2.242089431e+00  2.286786831e+00
  2.333627541e+00  2.382780115e+00  2.434432431e+00  2.488798423e+00
  2.546130548e+00  2.606717133e+00  2.670897633e+00  2.739088935e+00
  2.811777571e+00  2.889561353e+00  2.973190176e+00  3.063557405e+00
  3.161766735e+00  3.269220927e+00  3.387735631e+00  3.519784064e+00
  3.668783400e+00  3.839604894e+00  4.039045210e+00  4.280822890e+00
  4.563984530e+00  5.001209965e+00  5.352175261e+00  7.027577057e+00
  1.044500547e+01
@R ER 101 []
  0.000000000e+00  0.000000000e+00  0.000000000e+00  0.000000000e+00
  0.000000000e+00  0.000000000e+00  0.000000000e+00  0.000000000e+00
  0.000000000e+00  0.000000000e+00  0.000000000e+00  0.000000000e+00
  0.000000000e+00  0.000000000e+00  0.000000000e+00  0.000000000e+00
  0.000000000e+00  0.000000000e+00  0.000000000e+00  0.000000000e+00
  0.000000000e+00  0.000000000e+00  0.000000000e+00  0.000000000e+00
  0.000000000e+00  0.000000000e+00  0.000000000e+00  0.000000000e+00
  0.000000000e+00  0.000000000e+00  0.000000000e+00  0.000000000e+00
  0.000000000e+00  0.000000000e+00  0.000000000e+00  0.000000000e+00
  0.000000000e+00  0.000000000e+00  0.000000000e+00  0.000000000e+00
  0.000000000e+00  0.000000000e+00  0.000000000e+00  0.000000000e+00
  0.000000000e+00  0.000000000e+00  0.000000000e+00  0.000000000e+00
  0.000000000e+00  0.000000000e+00  0.000000000e+00  0.000000000e+00
  0.000000000e+00  0.000000000e+00  0.000000000e+00  0.000000000e+00
  0.000000000e+00  0.000000000e+00  0.000000000e+00  0.000000000e+00
  0.000000000e+00  0.000000000e+00  0.000000000e+00  0.000000000e+00
  0.000000000e+00  0.000000000e+00  0.000000000e+00  0.000000000e+00
  0.000000000e+00  0.000000000e+00  0.000000000e+00  0.000000000e+00
  0.000000000e+00  0.000000000e+00  0.000000000e+00  0.000000000e+00
  0.000000000e+00  0.000000000e+00  0.000000000e+00  0.000000000e+00
  0.000000000e+00  0.000000000e+00  0.000000000e+00  0.000000000e+00
  0.000000000e+00  0.000000000e+00  0.000000000e+00  0.000000000e+00
  0.000000000e+00  0.000000000e+00  0.000000000e+00  0.000000000e+00
  0.000000000e+00  0.000000000e+00  0.000000000e+00  0.000000000e+00
  0.000000000e+00  0.000000000e+00  0.000000000e+00  0.000000000e+00
  0.000000000e+00
@R NC1 101 []
  9.985000576e-01  9.329272723e-01  9.080816625e-01  8.900714873e-01
  8.755607917e-01  8.632639164e-01  8.525239137e-01  8.429523148e-01
  8.342977806e-01  8.263854537e-01  8.190881391e-01  8.123110635e-01
  8.059803218e-01  8.000371762e-01  7.944342263e-01  7.891324043e-01
  7.840994607e-01  7.793078291e-01  7.747338479e-01  7.703576450e-01
  7.661619344e-01  7.621312835e-01  7.582524172e-01  7.545137810e-01
  7.509045839e-01  7.474152549e-01  7.440374666e-01  7.407640936e-01
  7.375891694e-01  7.345071632e-01  7.315129196e-01  7.286019507e-01
  7.257699480e-01  7.230127619e-01  7.203268460e-01  7.177089319e-01
  7.151558604e-01  7.126647262e-01  7.102328923e-01  7.078579394e-01
  7.055376151e-01  7.032697659e-01  7.010523827e-01  6.988837449e-01
  6.967622034e-01  6.946860538e-01  6.926538688e-01  6.906644099e-01
  6.887163840e-01  6.868085616e-01  6.849399394e-01  6.831096039e-01
  6.813165712e-01  6.795600048e-01  6.778392225e-01  6.761535128e-01
  6.745022593e-01  6.728849370e-01  6.713010639e-01  6.697502140e-01
  6.682320185e-01  6.667462022e-01  6.652925373e-01  6.638708610e-01
  6.624810706e-01  6.611230727e-01  6.597969271e-01  6.585027700e-01
  6.572407587e-01  6.560111656e-01  6.548143013e-01  6.536506413e-01
  6.525207018e-01  6.514250415e-01  6.503644617e-01  6.493398315e-01
  6.483522930e-01  6.474033297e-01  6.464945910e-01  6.456283253e-01
  6.448070010e-01  6.440333521e-01  6.433113454e-01  6.426452795e-01
  6.420404507e-01  6.415049238e-01  6.410471267e-01  6.406764159e-01
  6.404073138e-01  6.402572560e-01  6.402455771e-01  6.404005326e-01
  6.407510954e-01  6.413265615e-01  6.421560736e-01  6.432741742e-01
  6.447268592e-01  6.466864394e-01  6.493116496e-01  6.538120859e-01
  6.625552049e-01
@R HFAC1 101 []
  1.000000000e+00  9.971268692e-01  9.942719312e-01  9.914354144e-01
  9.886173060e-01  9.858176401e-01  9.830364438e-01  9.802735385e-01
  9.775289280e-01  9.748024722e-01  9.720939129e-01  9.694031599e-01
  9.667298981e-01  9.640738290e-01  9.614347208e-01  9.588121544e-01
  9.562058240e-01  9.536153914e-01  9.510403957e-01  9.484805193e-01
  9.459354119e-01  9.434046340e-01  9.408879243e-01  9.383849750e-01
  9.358952567e-01  9.334183776e-01  9.309540402e-01  9.285020824e-01
  9.260626371e-01  9.236358197e-01  9.212216613e-01  9.188202841e-01
  9.164317122e-01  9.140559093e-01  9.116929963e-01  9.093430395e-01
  9.070060485e-01  9.046821272e-01  9.023713793e-01  9.000738594e-01
  8.977897081e-01  8.955190657e-01  8.932620233e-01  8.910187797e-01
  8.887895613e-01  8.865745008e-01  8.843738218e-01  8.821878363e-01
  8.800167900e-01  8.778609549e-01  8.757207090e-01  8.735964357e-01
  8.714884867e-01  8.693973110e-01  8.673234138e-01  8.652672604e-01
  8.632294227e-01  8.612105559e-01  8.592112807e-01  8.572322852e-01
  8.552743626e-01  8.533383544e-01  8.514251380e-01  8.495356915e-01
  8.476710958e-01  8.458324275e-01  8.440209144e-01  8.422379576e-01
  8.404850160e-01  8.387636643e-01  8.370756006e-01  8.354227599e-01
  8.338072029e-01  8.322310969e-01  8.306969409e-01  8.292075065e-01
  8.277659265e-01  8.263758402e-01  8.250413287e-01  8.237671590e-01
  8.225586860e-01  8.214220040e-01  8.203646205e-01  8.193952736e-01
  8.185246443e-01  8.177662376e-01  8.171356030e-01  8.166508056e-01
  8.163359393e-01  8.162210179e-01  8.163428717e-01  8.167493705e-01
  8.174944584e-01  8.186414521e-01  8.202596963e-01  8.224519013e-01
  8.253112160e-01  8.292242609e-01  8.344318289e-01  8.435762560e-01
  8.601987549e-01
@R HFAC2 101 []
  1.000000000e+00  9.942661227e-01  9.885930946e-01  9.829809114e-01
  9.774290885e-01  9.719372335e-01  9.665049354e-01  9.611313889e-01
  9.558161505e-01  9.505584923e-01  9.453574615e-01  9.402124423e-01
  9.351223914e-01  9.300863028e-01  9.251033027e-01  9.201721770e-01
  9.152919398e-01  9.104615428e-01  9.056797178e-01  9.009454869e-01
  8.962578203e-01  8.916155260e-01  8.870177525e-01  8.824635840e-01
  8.779517023e-01  8.734810411e-01  8.690507265e-01  8.646601582e-01
  8.603092776e-01  8.559979859e-01  8.517260354e-01  8.474933531e-01
  8.432996861e-01  8.391446657e-01  8.350282116e-01  8.309501582e-01
  8.269102342e-01  8.229083257e-01  8.189443286e-01  8.150180645e-01
  8.111294939e-01  8.072785715e-01  8.034651754e-01  7.996893788e-01
  7.959512898e-01  7.922508487e-01  7.885881622e-01  7.849634903e-01
  7.813769673e-01  7.778287654e-01  7.743192439e-01  7.708487720e-01
  7.674176483e-01  7.640263261e-01  7.606753627e-01  7.573652403e-01
  7.540966012e-01  7.508702193e-01  7.476868135e-01  7.445472024e-01
  7.414523556e-01  7.384033179e-01  7.354011906e-01  7.324472171e-01
  7.295427878e-01  7.266892794e-01  7.238883041e-01  7.211417292e-01
  7.184514902e-01  7.158197008e-01  7.132486467e-01  7.107409674e-01
  7.082994821e-01  7.059271512e-01  7.036274361e-01  7.014041916e-01
  6.992618197e-01  6.972055010e-01  6.952410747e-01  6.933754479e-01
  6.916164098e-01  6.899728371e-01  6.884557972e-01  6.870781861e-01
  6.858558092e-01  6.848089834e-01  6.839611655e-01  6.833396725e-01
  6.829813870e-01  6.829323603e-01  6.832486526e-01  6.840036537e-01
  6.852799075e-01  6.871738561e-01  6.897913002e-01  6.932874518e-01
  6.978092287e-01  7.039510100e-01  7.121089899e-01  7.263601830e-01
  7.525341151e-01
