r	   0/   0	   0/   1	   1/  -1	   1/   0	   1/   1	   2/  -1	   2/   0	   2/   1	   3/  -1	   3/   0	   3/   1	   4/  -1	   4/   0	   4/   1	   5/  -1	   5/   0	   5/   1	   6/  -1	   6/   0	   6/   1	   7/  -1	   7/   0	   7/   1	   8/  -1	   8/   0	   8/   1	   9/  -1	   9/   0	   9/   1	  10/  -1	  10/   0	  10/   1	  11/  -1	  11/   0	  11/   1	  12/  -1	  12/   0	  12/   1	  13/  -1	  13/   0	  13/   1	  14/  -1	  14/   0	  14/   1	  15/  -1	  15/   0	  15/   1	  16/  -1	  16/   0	  16/   1	  17/  -1	  17/   0	  17/   1	  18/  -1	  18/   0	  18/   1	  19/  -1	  19/   0	  19/   1
0.07217	-1.117068E+00	 2.822761E-14	-3.749959E-14	-4.349013E-02	-8.986902E-14	-1.873766E-14	-2.787421E-03	 3.796487E-15	-4.969776E-14	-2.233186E-04	 1.915757E-14	-9.317505E-15	 8.304391E-06	-2.954452E-15	-1.153611E-14	-3.411937E-06	 5.962381E-14	-3.335905E-14	 6.472408E-06	-2.729851E-14	-4.988172E-14	-2.763232E-06	 5.240276E-14	-6.676940E-14	 2.623390E-06	-3.230780E-14	-5.657961E-14	 2.384659E-06	-9.285564E-15	-4.877611E-15	-1.628471E-06	 5.138068E-14	-8.804929E-15	-1.736580E-06	-3.133125E-14	-4.019491E-14	 3.905763E-07	 2.746758E-14	-2.932417E-14	 2.151406E-06	 6.880227E-14	-2.278330E-14	-1.796789E-07	 2.843307E-14	 4.391838E-14	-1.757697E-07	-1.522986E-14	-3.644296E-14	-1.267794E-07	-6.490659E-15	-4.657754E-14	-5.738866E-07	 4.265022E-14	-1.531947E-14	 8.305605E-07	-5.738609E-15	 3.720092E-15	-9.574216E-07	-1.192768E-14
0.12500	-1.107699E+00	-9.997766E-14	-1.475215E-14	-7.417121E-02	-2.173178E-13	-5.523114E-14	-8.392275E-03	 1.155675E-13	-4.782313E-14	-9.386468E-04	 9.484906E-14	-5.055246E-14	-1.228464E-04	 1.296420E-14	-3.209397E-14	-4.570141E-05	 1.176650E-13	-1.030086E-13	 1.230078E-05	-9.049446E-14	-1.199393E-13	 2.117642E-06	 1.101505E-13	-1.976080E-13	 9.292904E-06	-4.018401E-14	-9.406461E-14	-8.432416E-06	-5.412760E-14	-5.527198E-14	-1.085380E-06	 1.161236E-13	 3.497325E-14	 8.664782E-06	-5.905296E-14	-6.461106E-14	-4.283782E-06	 3.860259E-14	-1.918997E-14	 1.241863E-07	 9.444059E-14	-8.301689E-14	-2.008346E-07	 1.434549E-13	 8.870621E-14	 2.145729E-07	-5.156487E-14	 1.240263E-14	-3.748659E-07	-1.624903E-14	-3.789792E-14	 8.410510E-07	-4.164181E-15	-8.028847E-15	-1.018118E-06	-1.569422E-14	-1.940203E-15	 3.077263E-07	-2.473003E-14
0.16137	-1.098375E+00	 3.027692E-14	 2.272871E-13	-9.449051E-02	-1.377306E-14	 5.556858E-14	-1.376220E-02	-2.011431E-14	-1.025813E-13	-1.951932E-03	 4.457776E-14	-4.254987E-14	-3.382382E-04	 5.027375E-14	 1.361565E-13	-1.090470E-04	 6.331005E-14	 8.995210E-14	 1.041105E-05	 4.649662E-14	-1.697090E-14	 1.197934E-05	 1.724900E-13	-1.368987E-13	-9.177236E-06	 3.554702E-14	 1.591951E-13	-2.539987E-06	-1.153701E-13	 1.053537E-14	 1.200266E-05	-3.527799E-14	-1.285043E-13	-2.156351E-06	-1.141468E-13	-1.486505E-13	-3.660707E-06	-3.024383E-14	-8.684608E-14	 2.696866E-06	 1.127967E-14	 7.899889E-14	-1.382307E-06	 6.293798E-14	 1.489390E-13	-9.861235E-07	-1.223684E-13	 4.426273E-14	 3.618302E-07	-1.210254E-13	 2.444648E-14	 9.561777E-07	-1.055976E-13	-2.637632E-14	-1.661624E-06	-1.479269E-14	-5.529057E-14	 1.981627E-06	 5.588437E-14
0.19094	-1.089251E+00	 9.053646E-14	 1.043869E-13	-1.103837E-01	 2.529527E-14	 1.719816E-13	-1.887414E-02	-6.703797E-14	 7.913879E-14	-3.176377E-03	-2.003768E-13	-2.592332E-14	-6.287958E-04	 8.366007E-14	 1.297802E-13	-1.879723E-04	 8.611139E-14	 9.900049E-14	-4.846143E-06	 8.807508E-14	-3.544598E-14	 1.316842E-05	-4.172389E-14	-7.343496E-14	-2.043021E-05	-7.266095E-14	 1.447735E-13	 6.970969E-07	-1.709342E-13	 5.436300E-14	 1.727343E-05	-1.088788E-13	-1.310457E-13	-5.770887E-06	-7.543013E-14	-1.267694E-13	-2.398644E-06	 1.427238E-13	 1.063069E-13	 3.403710E-06	-1.421032E-14	 8.943660E-14	-8.469497E-07	 3.623074E-14	-1.758475E-14	-1.414979E-06	 3.539915E-14	-6.726792E-14	-4.876443E-08	-3.756040E-14	-3.231624E-14	-1.428790E-07	 6.310612E-14	 3.894994E-16	-1.715903E-07	 7.951132E-14	-4.512604E-15	 1.455678E-06	 2.995783E-14
0.21651	-1.080408E+00	-7.307456E-14	-3.937906E-14	-1.236474E-01	 8.526766E-14	-8.474441E-14	-2.370493E-02	 5.278089E-14	 2.103281E-15	-4.517922E-03	-1.029213E-13	 4.803480E-14	-9.936386E-04	-5.580053E-14	-2.897252E-15	-2.897924E-04	-8.720802E-14	-8.348102E-14	-3.113864E-05	-1.790039E-13	 4.779925E-14	 1.136879E-05	-9.982871E-14	-8.930462E-14	-2.684806E-05	-1.526845E-13	 2.137889E-13	-2.301844E-06	-1.426321E-13	-5.167674E-14	 1.994681E-05	-8.725332E-14	-8.429672E-14	-4.382622E-06	 1.491797E-13	-3.124518E-14	-3.350745E-06	 2.782959E-14	 1.747900E-13	 2.678706E-06	 5.487788E-14	 7.011872E-14	 7.002100E-07	-2.267994E-13	-9.382252E-14	-1.141217E-06	-1.263396E-13	 3.209550E-14	-4.789515E-07	-9.996460E-15	 1.102423E-13	 2.802220E-07	 2.675123E-14	 6.019236E-14	-1.354294E-06	-1.105724E-14	 1.932387E-14	 1.952263E-06	-2.376215E-14
0.23936	-1.071919E+00	 6.934425E-14	-2.571495E-14	-1.351490E-01	 3.088908E-14	-2.368134E-13	-2.823056E-02	-4.570050E-14	-1.255368E-13	-5.903671E-03	 3.215816E-14	 1.989096E-14	-1.409007E-03	-2.444479E-14	 9.334534E-14	-4.124725E-04	-1.521588E-13	-6.231929E-14	-6.849184E-05	-1.781609E-13	 1.795363E-13	 4.448377E-06	-1.082593E-13	 1.155401E-13	-3.068162E-05	-1.421945E-13	 1.026840E-13	-6.501399E-06	-2.569836E-14	 9.379703E-14	 2.014124E-05	 2.522110E-15	 7.599047E-14	-2.229779E-06	-7.797973E-15	 3.115941E-14	-3.984948E-06	-9.419674E-14	 2.084509E-14	 1.587509E-06	 4.399961E-14	-1.135092E-13	 1.534129E-06	-2.994961E-14	-9.156445E-14	-6.883535E-07	 1.354756E-14	-1.215548E-14	-3.309130E-07	 4.613837E-14	 3.829010E-14	 4.233440E-07	-2.582366E-14	 4.460640E-14	-1.960193E-06	-5.934541E-14	 1.023732E-14	 1.957448E-06	-1.655576E-14
0.26021	-1.063832E+00	-6.690330E-14	-4.325547E-14	-1.453902E-01	-8.192517E-14	-2.414067E-14	-3.243896E-02	 9.115960E-15	 3.121569E-14	-7.279833E-03	 5.908060E-14	-1.415242E-13	-1.852276E-03	 2.502751E-13	-6.281260E-14	-5.504922E-04	 8.900656E-14	-2.449444E-13	-1.143957E-04	 1.571897E-13	-2.133820E-13	-8.030969E-06	 3.693076E-13	-1.509983E-13	-3.406573E-05	 2.047732E-13	 1.348975E-13	-1.047557E-05	 2.436671E-14	-1.608493E-13	 1.874297E-05	 2.681949E-13	-1.228473E-13	-2.234505E-07	 2.685143E-14	-1.438801E-13	-4.111347E-06	 1.194096E-14	 6.700111E-15	 3.498496E-07	-1.225422E-14	 1.006470E-13	 1.725559E-06	-6.684725E-14	 8.992307E-14	-1.832111E-07	 1.161225E-13	 7.187542E-14	-1.523878E-07	 1.508905E-14	 9.527572E-14	 8.466524E-07	-8.517737E-14	 5.200650E-14	-2.366645E-06	-6.075630E-14	-1.850525E-14	 1.433885E-06	 3.906357E-15
0.27951	-1.056183E+00	-1.446860E-14	-1.978277E-13	-1.546959E-01	-1.345190E-13	-5.913320E-14	-3.633648E-02	-1.023778E-13	 3.031853E-14	-8.610808E-03	-1.218312E-14	 1.972320E-14	-2.304472E-03	-6.734731E-14	-8.512593E-14	-6.980485E-04	 6.490236E-14	 2.323840E-13	-1.665757E-04	-1.560493E-13	-6.327342E-14	-2.547770E-05	 5.598257E-14	 6.873655E-14	-3.793178E-05	-2.247698E-13	 9.620942E-14	-1.385859E-05	-1.278244E-13	 2.728415E-14	 1.628328E-05	 2.246090E-14	-1.275208E-13	 1.204944E-06	-6.122673E-14	-1.313709E-13	-3.781053E-06	 7.948252E-14	-6.905211E-14	-6.453113E-07	-1.146309E-14	 5.839988E-14	 1.506653E-06	-1.290164E-13	 5.503481E-14	 8.385487E-08	-1.852975E-13	-3.562618E-15	 5.069876E-08	-1.307952E-13	 1.645449E-15	 1.257562E-06	-6.887206E-14	 6.108661E-14	-2.451113E-06	-7.697377E-14	 9.686673E-14	 7.993345E-07	-9.800352E-14
0.29756	-1.048966E+00	-3.934566E-14	-1.174100E-13	-1.632758E-01	-1.282827E-13	-1.896917E-13	-3.994078E-02	-3.427879E-13	-1.725437E-13	-9.876676E-03	 3.737643E-14	-8.378591E-14	-2.752167E-03	-1.532888E-13	 9.667017E-14	-8.503417E-04	-1.265124E-13	 4.366954E-14	-2.232117E-04	 1.904086E-14	 1.803877E-13	-4.698774E-05	-6.570739E-16	 7.688655E-14	-4.265419E-05	-6.024534E-14	 9.936757E-14	-1.664145E-05	-2.310558E-13	 1.088298E-13	 1.320322E-05	-2.061991E-13	 4.092178E-14	 1.902094E-06	-5.464754E-14	-6.111156E-14	-3.227479E-06	 1.362365E-14	-2.329027E-14	-1.238711E-06	 1.166176E-13	-5.683973E-14	 1.174414E-06	 8.075045E-14	-1.350935E-13	 1.270029E-07	 1.024837E-14	-1.174948E-13	 1.858215E-07	 8.689522E-14	 2.784310E-15	 1.560136E-06	 7.486166E-14	 3.128387E-14	-2.332349E-06	 6.457958E-14	-7.360379E-14	 2.530065E-07	 8.234515E-14
0.31458	-1.042167E+00	-9.995877E-14	 1.201380E-13	-1.712745E-01	-1.069536E-13	 1.339441E-13	-4.327705E-02	-4.794344E-14	 1.954239E-13	-1.106939E-02	-6.727959E-14	 1.412051E-13	-3.187389E-03	 5.968554E-14	-4.849632E-14	-1.004157E-03	 1.830107E-13	-4.710547E-14	-2.829373E-04	 2.072544E-13	 4.020290E-14	-7.153976E-05	 9.683118E-14	 2.905373E-13	-4.841344E-05	-8.096336E-16	 5.325431E-14	-1.906566E-05	 5.414003E-14	-4.108823E-15	 9.906951E-06	 5.521862E-14	-6.164295E-14	 1.980373E-06	-8.721247E-14	-3.412362E-14	-2.677140E-06	-9.703104E-14	-1.315850E-13	-1.504547E-06	 1.022662E-13	 1.352014E-13	 9.006153E-07	-2.667223E-14	 1.241422E-13	 5.015105E-08	-1.752241E-14	 2.037663E-13	 2.597503E-07	-8.217677E-14	 2.584303E-13	 1.730950E-06	-1.625958E-13	 1.669695E-13	-2.132515E-06	-1.635204E-13	 4.429629E-14	-1.459393E-07	-9.650164E-14
0.33072	-1.035769E+00	 4.804056E-16	-2.148412E-14	-1.787980E-01	-6.391330E-14	-7.476408E-14	-4.637251E-02	-1.143445E-14	 2.369886E-13	-1.218761E-02	 6.073074E-14	 5.540443E-15	-3.605802E-03	 1.258756E-13	-7.403406E-15	-1.157362E-03	 4.245390E-14	-1.950200E-14	-3.447094E-04	-3.332765E-14	-1.124003E-13	-9.819452E-05	-9.258254E-14	-2.427104E-14	-5.519540E-05	 1.824760E-13	 3.063732E-14	-2.140465E-05	 2.416732E-13	-2.128909E-13	 6.624574E-06	 2.700161E-13	-1.069100E-14	 1.633139E-06	 4.820072E-14	-1.161281E-14	-2.225996E-06	 3.346025E-14	-1.046583E-13	-1.562737E-06	-1.781203E-13	-8.398806E-14	 7.267782E-07	-9.375473E-16	-5.676080E-14	-7.192423E-08	 8.230776E-14	 2.236677E-14	 3.106353E-07	-1.220992E-14	 8.153329E-14	 1.794355E-06	-5.695076E-14	 1.092471E-13	-1.921933E-06	-6.134788E-15	 1.173928E-13	-4.056783E-07	 5.568659E-14
0.34611	-1.029758E+00	-4.999919E-14	 2.165237E-13	-1.859269E-01	-2.055545E-13	 2.747000E-13	-4.925480E-02	-6.635970E-14	 3.106655E-13	-1.323446E-02	-9.993067E-14	 1.055860E-13	-4.005643E-03	 2.388669E-15	 2.272992E-13	-1.308567E-03	-1.407562E-13	 2.156816E-13	-4.077553E-04	-6.537901E-14	 2.146551E-13	-1.262399E-04	 1.058148E-13	 2.574652E-13	-6.281377E-05	 2.751821E-13	 1.498207E-13	-2.380103E-05	 1.668597E-13	-2.123551E-14	 3.400437E-06	-9.534152E-14	 6.009861E-14	 9.798553E-07	 2.837019E-13	 1.241761E-13	-1.873329E-06	-7.064335E-14	-2.305056E-15	-1.468945E-06	 1.066961E-13	 6.530445E-14	 6.506601E-07	 1.981619E-13	-3.936071E-15	-2.082281E-07	 1.558714E-13	-9.677290E-15	 3.633977E-07	 1.141102E-13	-1.554320E-14	 1.775078E-06	 9.007149E-14	-4.783249E-14	-1.727037E-06	 3.311743E-14	-6.344940E-14	-5.450506E-07	-4.713066E-14
0.36084	-1.024104E+00	-7.067230E-14	 9.464360E-14	-1.927173E-01	 7.285167E-15	 1.105082E-13	-5.195151E-02	-8.834634E-14	 2.532700E-13	-1.421697E-02	-1.157270E-13	 2.378830E-13	-4.387506E-03	-1.121411E-13	 1.936363E-13	-1.457191E-03	-1.713776E-13	 2.111508E-13	-4.716090E-04	-8.220119E-14	 4.566433E-14	-1.552236E-04	-1.726504E-14	 3.000207E-13	-7.105226E-05	-1.422285E-13	 1.273475E-13	-2.629195E-05	-1.876331E-13	 1.530092E-13	 1.994878E-07	-1.665092E-13	 2.603045E-13	 6.629600E-08	-1.965188E-13	 5.382969E-14	-1.601134E-06	-3.118498E-14	 1.926058E-13	-1.237393E-06	 4.799734E-14	 4.443856E-14	 6.749215E-07	 1.050152E-13	 5.198400E-14	-3.428745E-07	-5.972194E-14	 9.411405E-14	 4.284970E-07	-1.375792E-13	 1.014664E-13	 1.688301E-06	-7.072996E-14	 6.364388E-14	-1.559068E-06	-6.685293E-15	 3.039815E-14	-5.814986E-07	-1.300358E-14
0.37500	-1.018762E+00	-6.788062E-14	 1.166606E-13	-1.992023E-01	 1.172141E-13	 9.164707E-14	-5.448847E-02	-1.126883E-13	 4.645984E-14	-1.514453E-02	-1.050392E-13	 1.377873E-13	-4.753728E-03	-3.941599E-14	 8.991970E-14	-1.603472E-03	-1.204593E-13	 7.551206E-15	-5.360569E-04	 4.134982E-14	 7.632538E-14	-1.848089E-04	-1.202249E-13	 2.588693E-14	-7.981690E-05	-1.118507E-13	-5.015843E-14	-2.898366E-05	 2.566381E-14	-2.149770E-13	-2.978417E-06	-2.891547E-14	-1.976741E-13	-1.023187E-06	 8.151594E-14	-3.041785E-13	-1.403892E-06	 7.034937E-14	-1.944592E-13	-9.147514E-07	 1.594760E-13	-6.129652E-14	 7.860249E-07	 6.148378E-15	 4.241397E-14	-4.526223E-07	-4.334361E-14	 9.279576E-15	 5.098246E-07	-1.292880E-14	-6.537601E-14	 1.557030E-06	 3.378272E-17	-8.117895E-14	-1.420070E-06	-2.203025E-14	-4.933237E-14	-5.431578E-07	-3.649501E-14
0.38864	-1.013696E+00	-4.211315E-14	-7.591653E-14	-2.054102E-01	-1.172958E-13	 1.755504E-14	-5.689088E-02	-5.494399E-14	-6.422371E-14	-1.602741E-02	-1.692331E-13	-1.916070E-13	-5.107505E-03	 2.016153E-14	-1.708567E-13	-1.748118E-03	 9.137105E-14	-2.340520E-13	-6.010135E-04	 1.144307E-13	-2.211551E-13	-2.147455E-04	 3.414539E-13	-1.306255E-13	-8.913647E-05	 6.972277E-14	 5.751708E-14	-3.203479E-05	-1.807399E-14	 3.063647E-14	-6.099550E-06	-1.906921E-13	 1.878980E-13	-2.178885E-06	-2.545428E-13	 5.791303E-14	-1.280761E-06	-6.600099E-14	 1.807015E-13	-5.656821E-07	-1.400576E-13	 9.852577E-15	 9.555322E-07	-1.327613E-13	-1.092836E-13	-5.168657E-07	-1.003912E-13	-1.061551E-13	 6.071737E-07	-5.234364E-14	-8.670888E-14	 1.413230E-06	-4.796540E-14	-7.165515E-14	-1.305344E-06	-3.987198E-14	-1.490916E-14	-4.661725E-07	-3.930788E-14
0.40182	-1.008871E+00	 6.592352E-14	-2.072048E-14	-2.113620E-01	 9.560425E-14	-2.365398E-13	-5.917853E-02	 1.177712E-13	-1.911607E-13	-1.687385E-02	 8.376233E-14	-1.950527E-13	-5.451531E-03	 3.087440E-13	-1.198328E-13	-1.891730E-03	 1.556202E-13	 6.800776E-14	-6.663589E-04	 1.623240E-13	-8.150657E-14	-2.448514E-04	 2.765910E-13	 2.650991E-14	-9.908529E-05	 1.372262E-13	-1.315813E-13	-3.558136E-05	 1.568090E-13	-1.279351E-13	-9.129736E-06	 3.140257E-17	 8.565263E-14	-3.308662E-06	-1.297369E-13	-7.877908E-14	-1.225313E-06	 3.915164E-14	 1.704569E-14	-2.419572E-07	-9.179763E-14	-6.197901E-15	 1.151087E-06	-5.839366E-14	-2.739080E-14	-5.248001E-07	 1.856391E-14	-1.718397E-13	 7.164994E-07	 9.065862E-14	-2.032322E-13	 1.287926E-06	 1.556246E-13	-1.240419E-13	-1.205030E-06	 1.185502E-13	-1.074791E-13	-3.823928E-07	 5.425144E-14
0.41458	-1.004266E+00	-9.113418E-14	-8.833989E-14	-2.170827E-01	-1.319510E-13	-7.520202E-14	-6.136829E-02	-3.564046E-14	-1.691896E-13	-1.769005E-02	 2.428517E-14	-5.649200E-14	-5.787696E-03	 1.132206E-13	 2.905329E-13	-2.034622E-03	-1.654493E-13	 1.082437E-13	-7.319116E-04	-1.234063E-13	 3.803159E-14	-2.750055E-04	-7.330543E-15	 2.426283E-14	-1.097175E-04	-1.238213E-14	-1.468309E-13	-3.969503E-05	-8.424074E-14	-2.125395E-13	-1.205849E-05	 1.341641E-13	-5.543360E-15	-4.359402E-06	 1.916279E-14	 1.198319E-14	-1.221583E-06	 2.270299E-13	-1.473909E-13	 3.171454E-08	 1.694044E-13	-4.676895E-14	 1.346098E-06	 1.460450E-14	-6.590755E-14	-4.770647E-07	-3.452272E-14	 3.399064E-14	 8.323150E-07	-6.859167E-14	 1.060126E-13	 1.202689E-06	-1.592759E-13	 8.801404E-14	-1.107850E-06	-1.974807E-13	 7.318044E-14	-3.108311E-07	-1.476417E-13
0.42696	-9.998633E-01	 3.491674E-15	-9.891273E-15	-2.225926E-01	-1.131410E-13	-2.800672E-14	-6.347186E-02	-9.268596E-14	 2.150180E-13	-1.847958E-02	-3.808994E-14	 1.417667E-13	-6.116828E-03	-7.179972E-14	 2.352566E-13	-2.176698E-03	 7.793827E-14	 1.878884E-13	-7.974179E-04	-9.258346E-14	 1.577515E-13	-3.051468E-04	-6.344994E-14	 2.753115E-13	-1.210277E-04	-2.309497E-13	-2.079557E-15	-4.434922E-05	-1.174161E-13	-4.724014E-14	-1.490301E-05	-1.906032E-13	-2.034913E-13	-5.337116E-06	-9.286102E-15	-1.620557E-14	-1.256262E-06	-9.495040E-14	-1.774126E-13	 2.637416E-07	-3.605323E-14	-4.181994E-14	 1.536504E-06	-1.438649E-13	 1.213021E-13	-3.807800E-07	-1.560626E-13	 1.892854E-13	 9.499591E-07	-1.507793E-13	 1.437206E-13	 1.165051E-06	-9.892732E-14	 7.886046E-14	-1.008068E-06	-4.826169E-14	 2.097607E-14	-2.569894E-07	-6.657376E-14
0.43899	-9.956463E-01	 3.769614E-14	 1.876745E-13	-2.279107E-01	-5.931217E-14	 2.124614E-13	-6.549877E-02	 1.767054E-13	 1.057719E-13	-1.924517E-02	 1.901914E-13	 2.521925E-13	-6.439521E-03	 2.258215E-13	 2.489495E-14	-2.317847E-03	 1.757761E-13	-7.042576E-14	-8.626930E-04	 3.335015E-14	-1.310486E-13	-3.352586E-04	-6.971164E-14	-7.955585E-14	-1.329853E-04	-1.626778E-13	-2.105741E-13	-4.949343E-05	-3.032153E-15	-1.707961E-13	-1.769097E-05	 1.054670E-13	 1.122087E-13	-6.263647E-06	 2.234527E-14	-8.469205E-14	-1.319813E-06	 1.972376E-13	 1.517481E-13	 4.689349E-07	-1.798472E-13	 2.124005E-13	 1.728336E-06	-2.460885E-13	 2.140521E-13	-2.413976E-07	-1.198642E-13	 4.217995E-14	 1.067901E-06	 7.054009E-14	-1.365353E-13	 1.174576E-06	 2.139505E-13	-1.730080E-13	-9.046712E-07	 2.311256E-13	-6.424798E-14	-2.197955E-07	 1.580194E-13
0.45069	-9.916009E-01	 9.415298E-14	 1.317305E-13	-2.330525E-01	 1.435206E-13	 1.639503E-13	-6.745664E-02	-2.097078E-14	-2.324736E-13	-1.998912E-02	 8.446686E-14	-6.769097E-14	-6.756391E-03	 1.597037E-13	-1.477287E-13	-2.458064E-03	 1.120541E-13	 3.683698E-15	-9.276568E-04	 8.913041E-14	-1.108122E-13	-3.653647E-04	 8.197692E-14	-4.750158E-15	-1.455539E-04	 1.337535E-13	 4.212767E-14	-5.507634E-05	 6.226002E-14	-6.609205E-15	-2.045276E-05	-8.292621E-14	-2.194445E-13	-7.161915E-06	 5.091570E-14	-1.549851E-13	-1.405905E-06	-2.346118E-14	-1.742725E-13	 6.595890E-07	 4.702908E-14	-1.882067E-13	 1.930828E-06	 7.197861E-14	-1.911205E-13	-6.280381E-08	 1.801228E-13	-1.036107E-13	 1.188129E-06	 1.958460E-13	 6.945735E-14	 1.228670E-06	-4.589651E-14	 2.069294E-13	-7.992921E-07	-2.658603E-13	 1.235416E-13	-1.972573E-07	-2.411859E-13
0.46211	-9.877158E-01	-2.196532E-13	-5.168342E-14	-2.380328E-01	-5.551768E-14	-6.253727E-14	-6.935148E-02	-1.500278E-13	 2.508333E-13	-2.071310E-02	-2.251382E-13	 3.322596E-13	-7.067884E-03	-1.568922E-13	 3.099872E-13	-2.597360E-03	-1.918788E-13	 2.568730E-13	-9.922720E-04	-4.378232E-13	 2.357228E-14	-3.954828E-04	-2.977199E-13	 9.978364E-14	-1.586887E-04	-1.763857E-13	 1.396685E-14	-6.106246E-05	 1.649595E-14	 3.010685E-14	-2.321736E-05	 8.162151E-14	-2.082626E-13	-8.041042E-06	 1.411979E-13	 1.318017E-14	-1.504790E-06	-5.804985E-14	-2.156092E-13	 8.410957E-07	 7.450902E-14	-3.338216E-14	 2.146638E-06	 3.809746E-14	 1.459738E-13	 1.523043E-07	 7.348517E-14	 1.969541E-13	 1.314262E-06	 4.909098E-14	 1.210219E-13	 1.325375E-06	 5.714577E-14	-2.443113E-14	-6.917734E-07	 9.563105E-14	-5.467518E-14	-1.874741E-07	 1.416189E-13
0.47324	-9.839838E-01	 1.604909E-13	 2.981824E-14	-2.428665E-01	 1.274323E-14	 1.934776E-13	-7.118760E-02	 2.064176E-13	 3.315994E-13	-2.141763E-02	 1.595634E-13	 2.724288E-13	-7.373892E-03	 2.072086E-13	 2.054326E-13	-2.735536E-03	-1.915734E-14	 3.339767E-14	-1.056439E-03	-1.589394E-13	 1.078892E-13	-4.255852E-04	-1.750561E-13	 1.900547E-14	-1.723133E-04	-2.244297E-13	-1.107007E-13	-6.741062E-05	 2.425845E-14	-6.176426E-14	-2.601063E-05	-1.602366E-13	-9.512101E-14	-8.905794E-06	 6.698015E-14	-4.000903E-14	-1.604057E-06	 1.211832E-13	-1.531467E-13	 1.019780E-06	 6.976539E-14	-1.104846E-13	 2.376199E-06	 2.401479E-13	-4.898479E-14	 4.010809E-07	 1.578921E-13	-1.332210E-13	 1.450200E-06	 5.584668E-15	-2.241443E-13	 1.461679E-06	 2.491399E-15	-2.195140E-13	-5.801417E-07	 1.261765E-13	-1.497570E-13	-1.868039E-07	 2.064252E-13
0.48412	-9.804010E-01	-1.044033E-13	-1.748577E-13	-2.475689E-01	-1.434380E-13	-1.645361E-13	-7.296830E-02	-1.408314E-13	-2.135496E-13	-2.210247E-02	-1.243922E-13	-2.527943E-13	-7.673875E-03	-8.951945E-14	-1.027841E-13	-2.872204E-03	-1.393726E-13	-2.285476E-13	-1.120001E-03	-3.155252E-14	 5.050110E-14	-4.556185E-04	-2.105903E-13	 5.626589E-14	-1.863163E-04	-5.885940E-14	 3.369723E-13	-7.405309E-05	-1.655716E-13	-4.507129E-14	-2.885793E-05	 2.389508E-13	 1.977173E-13	-9.773582E-06	-1.122600E-14	-1.146097E-13	-1.693861E-06	 2.024512E-13	-2.302377E-14	 1.211093E-06	 2.768705E-13	 1.462373E-13	 2.626529E-06	-8.589287E-14	 8.178113E-14	 6.802537E-07	-1.557019E-13	-4.956923E-14	 1.600456E-06	-7.310680E-14	-4.920898E-14	 1.631049E-06	-1.060291E-13	 5.134198E-14	-4.634211E-07	-1.574540E-13	 1.106564E-13	-1.879488E-07	-1.207694E-13
0.49476	-9.769630E-01	 2.066543E-14	 1.390599E-13	-2.521529E-01	 1.078375E-13	 2.099823E-13	-7.469668E-02	 9.636360E-14	-6.941520E-14	-2.276760E-02	 5.789345E-14	 8.927114E-14	-7.967398E-03	 1.310819E-13	 1.362628E-13	-3.007019E-03	 5.557826E-14	 7.452460E-14	-1.182847E-03	 9.867241E-15	-5.417927E-14	-4.855489E-04	 1.730635E-14	-2.940985E-14	-2.005776E-04	-3.508861E-13	-1.209550E-13	-8.091096E-05	-2.284780E-13	-9.706036E-14	-3.178802E-05	-5.517211E-13	-1.787869E-13	-1.067387E-05	-2.549179E-13	 1.101516E-14	-1.768101E-06	-1.891434E-13	 1.578540E-13	 1.436646E-06	-1.698419E-14	 9.428458E-14	 2.910843E-06	 5.064083E-14	 1.575228E-13	 9.868864E-07	 1.461014E-13	 2.039927E-13	 1.770876E-06	 9.243697E-14	 1.155154E-14	 1.824203E-06	 8.720710E-14	-2.228725E-13	-3.425894E-07	 1.129182E-13	-2.809608E-13	-1.809354E-07	 7.255415E-14
0.50518	-9.736630E-01	-5.411562E-14	-9.159140E-14	-2.566284E-01	-1.280145E-13	-1.017965E-13	-7.637702E-02	-3.509971E-14	-1.561043E-13	-2.341434E-02	 8.941457E-14	-1.197591E-13	-8.254667E-03	 7.533439E-14	-3.346336E-13	-3.139927E-03	 1.270291E-13	-7.671065E-14	-1.245004E-03	 9.498073E-14	-1.403267E-13	-5.154043E-04	-1.084617E-14	 1.456526E-13	-2.150054E-04	-1.989152E-13	-1.150553E-13	-8.791760E-05	 5.072099E-14	 9.057301E-14	-3.483345E-05	 5.093782E-14	 5.327804E-14	-1.164256E-05	 1.076337E-13	 2.273242E-13	-1.826416E-06	 8.632337E-14	 2.250724E-13	 1.717555E-06	-3.197865E-14	 1.888872E-13	 3.245661E-06	-2.813348E-14	 2.580094E-14	 1.320284E-06	 4.090565E-14	-1.498671E-13	 1.968319E-06	 9.731727E-14	-1.877859E-13	 2.031805E-06	 3.333080E-14	-9.650602E-14	-2.199911E-07	-3.912001E-14	 2.012567E-14	-1.563925E-07	-5.955663E-15
0.51539	-9.704882E-01	 1.690111E-14	-1.599626E-13	-2.609994E-01	 1.761648E-13	-2.979621E-13	-7.801425E-02	 5.494667E-14	 4.941460E-14	-2.404531E-02	-1.283858E-13	 1.511235E-13	-8.536622E-03	-8.776305E-14	 1.188991E-13	-3.271236E-03	-9.818640E-14	 2.836410E-13	-1.306659E-03	-3.539496E-13	 1.829826E-13	-5.452706E-04	 1.280121E-13	-1.448824E-13	-2.295646E-04	 1.347000E-13	-3.049428E-14	-9.505010E-05	 1.808158E-13	-1.788473E-13	-3.802495E-05	 1.020682E-13	-1.864345E-15	-1.270563E-05	 1.083789E-13	 8.781119E-14	-1.873026E-06	-1.263292E-13	 3.579110E-14	 2.064207E-06	 4.048091E-15	 8.307731E-14	 3.643104E-06	 8.463976E-14	 9.841137E-14	 1.684264E-06	-3.664596E-14	-4.719193E-14	 2.199139E-06	-1.022811E-13	-3.373573E-14	 2.248286E-06	-2.166079E-14	 8.858259E-14	-9.689611E-08	 5.090603E-14	 1.243304E-13	-1.096341E-07	 2.956479E-14
0.52540	-9.674258E-01	-1.169716E-13	-8.767959E-14	-2.652689E-01	-2.181484E-13	 4.225374E-14	-7.961486E-02	-1.598552E-14	-1.979514E-15	-2.466447E-02	-1.372884E-15	 1.822171E-14	-8.814875E-03	-4.184543E-14	 1.592332E-13	-3.401583E-03	-2.418430E-13	-7.796284E-15	-1.368123E-03	-2.679895E-13	 3.302783E-14	-5.752849E-04	-2.946014E-14	-2.048673E-13	-2.442849E-04	-1.380686E-13	-1.709502E-13	-1.023304E-04	-9.633296E-15	-2.303211E-13	-4.138770E-05	 1.779566E-14	-2.724651E-13	-1.387660E-05	-3.119136E-14	-2.124980E-13	-1.916578E-06	 4.565427E-14	-9.923590E-14	 2.474715E-06	 1.710163E-13	-3.587686E-14	 4.109116E-06	 8.729424E-14	-3.051969E-14	 2.086391E-06	 2.424064E-15	 2.229675E-14	 2.468075E-06	 2.673357E-14	 4.180443E-14	 2.474033E-06	 3.466307E-14	-1.593185E-14	 2.751410E-08	 2.221460E-14	-9.705338E-14	-4.228275E-08	-2.758743E-14
0.53522	-9.644598E-01	 1.302818E-13	 1.420582E-13	-2.694359E-01	 3.095459E-13	 5.081144E-14	-8.118389E-02	 1.548545E-13	-6.148839E-15	-2.527512E-02	 1.822387E-13	-7.548879E-14	-9.090803E-03	 8.072235E-14	-2.790282E-13	-3.531539E-03	 3.059708E-13	-2.111953E-13	-1.429654E-03	 2.044926E-13	-3.545640E-13	-6.055459E-04	 7.406170E-14	-1.110750E-13	-2.592230E-04	 4.717918E-14	-4.043185E-14	-1.098122E-04	-1.632637E-13	-9.206459E-14	-4.493361E-05	 2.976634E-14	 3.901589E-14	-1.514950E-05	 5.496602E-15	 1.532699E-14	-1.965616E-06	 8.568112E-14	 6.108591E-14	 2.935294E-06	 1.384199E-13	-1.691717E-13	 4.640855E-06	 5.880005E-14	-1.373731E-13	 2.536643E-06	-1.309861E-13	-5.840894E-14	 2.777501E-06	-1.128394E-13	 4.543937E-14	 2.715294E-06	-2.133033E-14	 1.348630E-13	 1.567739E-07	-5.633246E-14	 2.160982E-13	 3.859612E-08	-1.338033E-13
0.54486	-9.615812E-01	-1.101777E-16	-2.624733E-14	-2.735043E-01	 3.179737E-14	-3.710003E-14	-8.272638E-02	-1.023567E-13	 3.913229E-14	-2.587998E-02	-8.561056E-14	-2.364305E-13	-9.365480E-03	-1.047851E-13	 1.105737E-13	-3.661538E-03	-6.694514E-14	-2.186937E-13	-1.491414E-03	-2.260901E-14	-4.687145E-14	-6.361101E-04	 1.018366E-13	-2.033166E-13	-2.744398E-04	 1.503118E-13	-2.920900E-14	-1.175473E-04	-1.249654E-14	-7.029009E-14	-4.866020E-05	 7.473659E-16	-1.558535E-14	-1.651457E-05	-1.976521E-13	-7.531458E-14	-2.032176E-06	-3.469286E-14	-7.640538E-14	 3.430054E-06	-2.555816E-15	 8.720364E-14	 5.235489E-06	-9.350028E-14	-1.371125E-14	 3.046569E-06	 1.586437E-13	-1.806152E-13	 3.128086E-06	 2.622804E-13	-2.524643E-13	 2.980990E-06	 1.525248E-13	-1.648962E-13	 2.949645E-07	 1.679708E-14	-4.169164E-14	 1.236097E-07	-9.688347E-15
0.55434	-9.587802E-01	-7.771415E-14	 1.266166E-13	-2.774759E-01	-2.003143E-13	 1.112589E-13	-8.424512E-02	-1.077285E-13	 1.710893E-13	-2.648078E-02	 1.073271E-13	 3.026541E-13	-9.639730E-03	 1.522156E-13	 8.778140E-14	-3.791946E-03	-7.063683E-14	 1.884273E-13	-1.553527E-03	 6.870115E-14	 4.833225E-14	-6.670282E-04	-1.841120E-13	 1.648756E-13	-2.899936E-04	-1.018287E-13	-1.339959E-13	-1.255707E-04	 1.156449E-13	-1.233176E-13	-5.256021E-05	 1.831470E-13	-3.684016E-13	-1.797036E-05	 3.890926E-13	-1.749919E-13	-2.131607E-06	 1.368765E-13	 9.069662E-14	 3.946878E-06	-1.249832E-13	 1.060009E-13	 5.893540E-06	-1.058008E-13	 3.151836E-14	 3.626995E-06	-1.972505E-13	-1.056324E-15	 3.520633E-06	-1.657349E-13	-5.116877E-14	 3.280453E-06	-4.093874E-14	-1.200545E-13	 4.452719E-07	 8.926638E-14	-1.838395E-13	 2.042569E-07	 1.282599E-13
0.56366	-9.560524E-01	 1.305328E-13	-6.428237E-15	-2.813559E-01	 1.515519E-13	 1.069123E-13	-8.574225E-02	 1.348404E-13	 6.615232E-14	-2.707857E-02	 1.582507E-13	 7.392296E-14	-9.914138E-03	-5.763639E-15	 1.726818E-13	-3.923052E-03	-2.685063E-13	-3.111365E-14	-1.616078E-03	-9.067443E-14	-1.488254E-13	-6.983219E-04	 8.632713E-15	-3.557912E-14	-3.059249E-04	 1.112102E-13	 6.031559E-14	-1.339160E-04	 1.261005E-13	 2.008093E-13	-5.662974E-05	 3.193235E-16	 1.871593E-13	-1.950699E-05	 1.736163E-14	 1.082411E-13	-2.268631E-06	 2.973578E-14	-1.413503E-13	 4.473550E-06	 1.395523E-13	-1.948325E-13	 6.607928E-06	-1.231311E-13	-1.477011E-13	 4.284820E-06	-5.700573E-14	-1.375293E-13	 3.956994E-06	 1.383305E-13	-1.487359E-13	 3.623172E-06	 2.077726E-13	-1.166624E-13	 6.123386E-07	 1.420899E-13	-9.185598E-14	 2.745057E-07	 9.516623E-14
0.57282	-9.533974E-01	-7.125536E-14	-2.543813E-13	-2.851517E-01	 8.260635E-14	-1.996511E-13	-8.721777E-02	 1.752212E-13	-1.468698E-13	-2.767233E-02	 1.588007E-13	-5.542286E-15	-1.018820E-02	 9.843279E-14	-2.141500E-13	-4.054637E-03	 2.113337E-13	-2.879125E-14	-1.678921E-03	-7.996017E-14	-1.832105E-13	-7.299089E-04	 1.548783E-13	 1.353750E-14	-3.222009E-04	-2.315789E-13	 6.934134E-14	-1.425717E-04	-6.963156E-14	-1.836697E-13	-6.086016E-05	 4.826476E-14	 1.289296E-13	-2.111725E-05	-2.493963E-13	 6.668924E-14	-2.441069E-06	-1.737679E-13	-6.147388E-14	 5.006493E-06	-3.503664E-13	 9.858827E-14	 7.373540E-06	-1.822258E-13	 1.032569E-13	 5.023084E-06	-1.184361E-14	-2.473425E-14	 4.440160E-06	 2.640227E-14	-1.733745E-13	 4.015281E-06	 2.380822E-14	-2.386687E-13	 8.005159E-07	 3.158585E-14	-1.653770E-13	 3.332155E-07	 7.427738E-14
0.58184	-9.508174E-01	-4.645623E-14	-2.040542E-13	-2.888721E-01	-2.212574E-13	-1.211945E-13	-8.867117E-02	-2.806259E-13	-1.267038E-13	-2.826041E-02	-1.243327E-13	-7.035259E-14	-1.046104E-02	-4.490184E-15	-1.263687E-13	-4.186281E-03	 2.175615E-13	-4.765774E-14	-1.741839E-03	 7.632898E-15	 5.286535E-14	-7.616789E-04	 2.042211E-14	 9.136767E-14	-3.387466E-04	-6.774549E-14	-1.141064E-13	-1.514903E-04	 3.707116E-14	 5.495911E-14	-6.524335E-05	 2.700340E-13	-6.012748E-14	-2.280787E-05	 1.446468E-13	-5.174799E-14	-2.647934E-06	 3.176728E-13	 1.080255E-13	 5.552613E-06	 1.339050E-13	-1.996259E-14	 8.193999E-06	 2.268329E-13	 6.492286E-14	 5.843540E-06	 7.028817E-14	 9.827731E-14	 4.974645E-06	-6.529010E-14	 2.077514E-14	 4.458128E-06	-6.504686E-14	-4.532144E-14	 1.012038E-06	 5.886102E-15	-3.699108E-14	 3.846221E-07	-4.298828E-14
0.59073	-9.483126E-01	-1.847092E-13	-1.225554E-13	-2.925238E-01	-2.851454E-14	-2.004606E-13	-9.010246E-02	 2.614230E-14	 9.974855E-14	-2.884200E-02	 1.255485E-13	 7.888449E-14	-1.073227E-02	 1.836372E-13	 3.368822E-13	-4.317805E-03	-2.516846E-13	 3.809954E-14	-1.804742E-03	-3.331175E-13	-1.045971E-13	-7.935914E-04	-2.566952E-13	 1.031399E-13	-3.555004E-04	-1.756253E-13	 8.150695E-15	-1.606235E-04	-1.241181E-13	 7.148162E-14	-6.978414E-05	-6.783424E-14	-2.321510E-14	-2.459858E-05	-5.657592E-14	 1.511508E-14	-2.890569E-06	-1.374214E-13	-2.572646E-14	 6.123160E-06	-1.103093E-13	 2.064814E-13	 9.077433E-06	-1.419671E-13	 1.036587E-13	 6.746240E-06	-1.251671E-13	 7.239153E-14	 5.567653E-06	-1.255650E-13	 2.184251E-13	 4.950658E-06	-1.809280E-13	 3.633402E-13	 1.247254E-06	-1.949844E-13	 3.460244E-13	 4.361168E-07	-1.287906E-13
0.59948	-9.458799E-01	 1.041116E-13	 8.856677E-15	-2.961106E-01	 5.919723E-14	 6.803533E-14	-9.151228E-02	 1.920703E-13	 7.336693E-14	-2.941721E-02	 2.388481E-13	 8.717247E-14	-1.100195E-02	-5.394939E-14	-1.118411E-13	-4.449234E-03	-1.048940E-13	-3.261614E-14	-1.867654E-03	-9.540655E-14	-2.292641E-13	-8.256510E-04	 1.197207E-13	-2.129199E-13	-3.724241E-04	 2.232647E-13	-2.589968E-13	-1.699465E-04	 1.467387E-13	-3.158145E-13	-7.449736E-05	 1.757525E-13	-5.110711E-14	-2.650585E-05	 1.230200E-13	-1.566426E-13	-3.168936E-06	 1.055803E-13	 5.554440E-14	 6.724695E-06	 2.350387E-14	-2.142327E-13	 1.002784E-05	 1.464167E-13	-6.919592E-14	 7.731306E-06	 1.903973E-13	 1.060782E-13	 6.227460E-06	 1.869505E-13	 1.689483E-13	 5.492462E-06	 1.615255E-13	 1.031707E-13	 1.507471E-06	 7.206545E-14	 4.278996E-14	 4.947262E-07	-3.078834E-16
0.60810	-9.435161E-01	-3.496012E-14	 8.358551E-14	-2.996358E-01	-1.297782E-13	 1.085011E-13	-9.290241E-02	-8.321367E-14	 5.437214E-14	-2.998681E-02	-8.011503E-14	-7.835864E-14	-1.127039E-02	-2.413768E-14	 2.453654E-14	-4.580698E-03	-9.817205E-14	 1.349955E-13	-1.930649E-03	 4.701641E-14	 1.622924E-13	-8.578922E-04	 3.997955E-15	 2.251499E-13	-3.895015E-04	-1.782968E-14	 3.478085E-17	-1.794496E-04	 8.857307E-14	 7.768022E-14	-7.940007E-05	 4.107802E-14	-2.332496E-13	-2.854522E-05	-1.459611E-13	-7.344724E-14	-3.486261E-06	-1.496580E-13	 1.184138E-14	 7.359399E-06	-2.451341E-13	-3.366817E-14	 1.104818E-05	-3.043900E-15	-7.733709E-15	 8.800305E-06	-5.964654E-14	-3.374072E-14	 6.962599E-06	-2.140352E-13	-1.257969E-13	 6.084688E-06	-2.110859E-13	-2.080685E-13	 1.794819E-06	-8.399943E-14	-1.694889E-13	 5.657187E-07	 1.797932E-14
0.61661	-9.412150E-01	-1.344237E-13	 1.306716E-13	-3.030997E-01	-1.854812E-13	 6.541225E-14	-9.427434E-02	-4.928108E-13	 1.441317E-13	-3.055165E-02	-3.368770E-13	 3.997662E-13	-1.153787E-02	-3.264003E-13	 1.777548E-13	-4.712314E-03	-3.060850E-13	 1.195839E-14	-1.993804E-03	-8.415821E-14	-2.799384E-13	-8.903516E-04	 8.438532E-14	-9.050368E-14	-4.067318E-04	 7.902377E-14	-4.228836E-14	-1.891358E-04	 2.697662E-13	-2.086914E-13	-8.450606E-05	 1.210270E-13	-1.714522E-13	-3.072827E-05	 2.769814E-14	-2.094107E-13	-3.849170E-06	 3.161510E-14	 3.937844E-14	 8.024201E-06	-1.488927E-13	 1.502786E-13	 1.213995E-05	-4.879208E-14	 1.845877E-13	 9.956424E-06	 1.249331E-13	 1.284911E-13	 7.781028E-06	 1.564234E-13	 2.150431E-14	 6.730731E-06	 8.530467E-14	 3.385105E-15	 2.112212E-06	 1.010158E-13	-4.957000E-15	 6.521183E-07	 1.537719E-13
0.62500	-9.389720E-01	 2.617247E-14	-7.927722E-14	-3.065043E-01	-7.122196E-14	-1.146189E-13	-9.563046E-02	 1.047763E-14	-2.254922E-13	-3.111293E-02	 1.149940E-13	-2.988677E-13	-1.180481E-02	 2.787177E-13	 2.436249E-14	-4.844241E-03	-1.637646E-13	-7.201009E-14	-2.057210E-03	 5.614834E-14	 7.041294E-14	-9.230761E-04	-2.254528E-14	 2.910354E-13	-4.241314E-04	-4.297861E-14	 3.137935E-13	-1.990194E-04	 4.357886E-14	 2.293586E-13	-8.982667E-05	 4.218279E-14	 1.840293E-13	-3.306397E-05	 2.033678E-13	 1.950474E-13	-4.266433E-06	-1.617864E-13	 6.994797E-14	 8.712706E-06	-7.254448E-14	 1.357676E-13	 1.330366E-05	-2.213730E-13	-4.632356E-14	 1.120269E-05	-2.309291E-13	-2.285666E-13	 8.690744E-06	-1.367518E-13	-1.311220E-13	 7.436137E-06	 4.991274E-14	 1.342465E-13	 2.462690E-06	 1.012152E-13	 2.685880E-13	 7.555255E-07	 3.372598E-14
0.63328	-9.367816E-01	 5.719937E-14	 5.778442E-14	-3.098495E-01	-3.959703E-14	-3.594765E-14	-9.697249E-02	 1.660099E-13	 1.265769E-14	-3.167173E-02	-2.290782E-13	 6.287886E-15	-1.207157E-02	-1.320636E-13	 2.289816E-14	-4.976578E-03	-3.523829E-13	-2.697113E-14	-2.120923E-03	-1.475727E-13	 1.393277E-13	-9.561089E-04	-1.419981E-13	 5.251178E-14	-4.417206E-04	 8.973412E-14	 1.192894E-13	-2.091107E-04	 3.676059E-14	 2.077104E-13	-9.536989E-05	 2.803451E-14	 2.014355E-13	-3.556539E-05	 3.241076E-13	 3.049191E-13	-4.751045E-06	-1.671554E-14	 7.309997E-14	 9.418630E-06	 1.232328E-13	-1.818856E-13	 1.454228E-05	 6.155580E-14	-2.909879E-13	 1.254108E-05	 2.504451E-14	-1.373033E-13	 9.700545E-06	 7.063276E-14	 5.614941E-14	 8.207500E-06	 2.515891E-14	 1.629369E-13	 2.848179E-06	-9.582722E-14	 2.363769E-13	 8.777231E-07	-2.011804E-13
0.64145	-9.346381E-01	-1.261291E-13	-1.146078E-13	-3.131353E-01	-1.799657E-13	 4.991566E-14	-9.830259E-02	 1.156717E-13	-4.107541E-14	-3.222993E-02	 1.732534E-13	 1.252966E-13	-1.233896E-02	-9.075398E-14	-1.407334E-13	-5.109587E-03	 7.204572E-14	-7.599016E-14	-2.185063E-03	-4.510400E-14	-7.044050E-14	-9.895284E-04	 2.010003E-14	 1.970028E-13	-4.595448E-04	-1.595811E-13	 8.536195E-14	-2.194337E-04	-2.394991E-13	 1.541776E-13	-1.011487E-04	-9.956413E-14	 3.059703E-13	-3.824983E-05	-2.071460E-13	 1.730627E-13	-5.319314E-06	 1.143900E-13	 2.486074E-13	 1.013420E-05	-7.858406E-14	 2.057050E-13	 1.585879E-05	-1.373426E-13	 3.313782E-13	 1.397257E-05	-2.221216E-13	 2.220779E-13	 1.082026E-05	-2.008433E-13	 1.000456E-13	 9.052482E-06	-6.485783E-14	 9.121304E-14	 3.270316E-06	 6.068782E-14	 1.588220E-13	 1.021275E-06	 7.263515E-14
0.64952	-9.325348E-01	-1.036430E-13	-3.036686E-14	-3.163597E-01	 8.535788E-14	-2.970841E-14	-9.962322E-02	-1.063096E-14	-5.465772E-14	-3.279078E-02	 1.867384E-13	-2.593476E-15	-1.260864E-02	-1.227679E-13	-2.985442E-13	-5.243852E-03	-4.063892E-14	-1.894635E-13	-2.249880E-03	-2.144231E-13	-3.086510E-13	-1.023493E-03	-5.313277E-14	-2.384827E-13	-4.776907E-04	 3.871799E-14	-3.818786E-13	-2.300256E-04	 2.324237E-13	-3.704130E-13	-1.071873E-04	 2.200952E-13	-3.730584E-13	-4.115014E-05	 1.073192E-13	-3.035015E-13	-5.997271E-06	 1.721186E-13	-3.431758E-13	 1.085116E-05	 2.407861E-13	-2.234495E-13	 1.725938E-05	 2.612638E-13	-1.533471E-13	 1.549774E-05	 9.177276E-14	-1.450277E-13	 1.206193E-05	-8.552913E-14	-1.318653E-13	 9.979621E-06	-1.595421E-13	-6.801229E-14	 3.730353E-06	-1.256450E-13	 1.533954E-14	 1.190457E-06	-4.519422E-14
0.65749	-9.304608E-01	 2.102466E-13	 2.547329E-13	-3.195168E-01	 1.411485E-13	 3.057664E-13	-1.009374E-01	-1.225837E-13	 6.742516E-14	-3.335975E-02	-1.388582E-13	-1.440423E-13	-1.288369E-02	 9.661090E-14	 4.670641E-14	-5.380561E-03	 2.741164E-14	 1.199902E-13	-2.315892E-03	 1.573804E-13	 3.703935E-13	-1.058295E-03	-4.273829E-14	 4.156389E-13	-4.963199E-04	-4.656088E-14	 2.568822E-13	-2.409696E-04	-6.256479E-14	 3.259457E-15	-1.135358E-04	-9.398698E-15	-1.152110E-14	-4.431055E-05	 1.678089E-13	 6.067937E-14	-6.817828E-06	-1.099769E-13	-1.593325E-13	 1.155368E-05	 9.431406E-15	-8.911505E-14	 1.874423E-05	-1.659906E-14	-1.095270E-14	 1.711628E-05	 1.482194E-13	 1.080645E-13	 1.343977E-05	 2.763505E-13	 1.729351E-13	 1.100027E-05	 2.519997E-13	 1.127812E-13	 4.232659E-06	 1.268013E-13	-5.065400E-14	 1.390505E-06	 6.394482E-14
0.66536	-9.284047E-01	-2.011661E-14	-4.430304E-14	-3.225988E-01	 3.843280E-14	-3.020655E-14	-1.022491E-01	 8.931602E-14	 2.410899E-13	-3.394426E-02	-1.639667E-13	 1.845608E-13	-1.316839E-02	-2.649075E-13	 2.717885E-13	-5.521422E-03	-1.622943E-13	-2.185235E-14	-2.383843E-03	 2.330889E-14	-1.974638E-15	-1.094347E-03	 6.607654E-14	 1.169223E-13	-5.156580E-04	 1.031026E-15	-1.236258E-13	-2.523818E-04	 1.327111E-13	-1.748643E-14	-1.202653E-04	 4.922714E-14	-9.890298E-14	-4.779131E-05	-1.137104E-13	-8.926750E-14	-7.826940E-06	-1.763719E-13	 5.241546E-14	 1.221794E-05	-1.508704E-13	-1.874416E-13	 2.030983E-05	 1.306856E-13	-1.177761E-13	 1.883002E-05	 2.316450E-13	-6.865363E-14	 1.496927E-05	 1.588300E-13	-1.040848E-13	 1.212886E-05	 9.188846E-14	-1.443396E-13	 4.786322E-06	 5.548850E-14	-1.059656E-13	 1.627803E-06	-6.113482E-14
0.67315	-9.263493E-01	-1.589155E-13	-8.039424E-14	-3.255938E-01	-1.518089E-13	-1.518529E-13	-1.035625E-01	-1.422317E-13	 1.631575E-14	-3.455357E-02	 8.795976E-14	 2.173250E-14	-1.346832E-02	 7.960399E-15	 4.487958E-15	-5.668805E-03	-4.751194E-14	 1.385878E-13	-2.454807E-03	-1.262919E-13	-4.476034E-14	-1.132224E-03	 9.356796E-14	 1.412287E-14	-5.360167E-04	 1.800677E-13	-2.000088E-13	-2.644361E-04	 2.694004E-13	-6.969394E-14	-1.274797E-04	 1.340366E-13	 1.211161E-13	-5.166152E-05	 1.164137E-14	 1.632986E-13	-9.077680E-06	-1.016754E-13	 1.487014E-13	 1.280525E-05	-5.163658E-14	 3.221974E-13	 2.193796E-05	-1.630136E-13	 2.544582E-13	 2.063875E-05	-2.008488E-13	 7.452721E-14	 1.666713E-05	-8.005537E-14	-7.665288E-14	 1.338532E-05	-4.042674E-14	-1.016970E-13	 5.408318E-06	-8.786279E-14	-9.062353E-14	 1.909723E-06	-6.871517E-14
0.68084	-9.242831E-01	 8.519288E-14	-1.744353E-13	-3.284925E-01	 2.254921E-13	-8.245633E-15	-1.048809E-01	 4.510553E-13	-2.416993E-13	-3.519540E-02	 2.177889E-13	-2.306313E-13	-1.378807E-02	 1.954833E-13	-2.004646E-13	-5.824647E-03	 1.391637E-13	-1.127936E-13	-2.529657E-03	-3.119957E-14	 1.614778E-13	-1.172394E-03	 5.992083E-14	 1.516337E-13	-5.576575E-04	-1.717877E-13	 2.493107E-14	-2.772922E-04	 2.065072E-13	-5.290412E-14	-1.352759E-04	 9.759148E-14	-1.874857E-13	-5.597996E-05	 2.889940E-13	 1.599663E-13	-1.062060E-05	 5.806351E-14	 1.370160E-13	 1.326949E-05	 9.685705E-14	 1.086387E-14	 2.359983E-05	-1.057103E-13	-1.106120E-13	 2.254005E-05	-1.381697E-13	-1.331442E-13	 1.854770E-05	-4.158703E-14	-4.712870E-14	 1.479158E-05	 1.732668E-13	 4.939763E-14	 6.121629E-06	 3.634745E-13	 7.669710E-14	 2.245336E-06	 3.963629E-13
0.68845	-9.221930E-01	 1.018988E-13	 1.462943E-13	-3.312854E-01	 1.406211E-13	 1.212270E-13	-1.062072E-01	 3.332588E-13	 2.131694E-13	-3.587685E-02	 3.070945E-14	-3.168320E-15	-1.413204E-02	 1.652164E-13	-1.546553E-13	-5.990925E-03	 4.370298E-14	-8.314553E-14	-2.609328E-03	 2.068228E-14	-3.106379E-13	-1.215357E-03	 1.463563E-13	 7.126499E-14	-5.808492E-04	 1.188781E-13	 1.044197E-13	-2.911064E-04	 6.992497E-14	 1.066882E-13	-1.437525E-04	 2.082437E-13	 1.431030E-13	-6.081809E-05	 2.101581E-13	-8.847944E-14	-1.251889E-05	 2.279158E-13	-8.628656E-14	 1.355959E-05	-4.350116E-14	-2.439591E-13	 2.526522E-05	 8.670347E-14	-1.301973E-13	 2.452931E-05	-1.494227E-13	 4.357921E-14	 2.062341E-05	-3.812975E-13	 4.971062E-14	 1.637072E-05	-4.224954E-13	-2.436748E-14	 6.953181E-06	-3.522002E-13	-5.507954E-14	 2.648488E-06	-2.840147E-13
0.69597	-9.200688E-01	-1.871709E-13	 5.392459E-14	-3.339643E-01	-1.080290E-13	 1.659449E-13	-1.075435E-01	-2.255595E-13	-2.550484E-14	-3.660385E-02	 1.484334E-13	 1.618355E-13	-1.450406E-02	 8.502239E-14	 8.482783E-14	-6.169477E-03	 4.873491E-14	-1.357482E-13	-2.694719E-03	 1.879797E-14	 7.597031E-14	-1.261582E-03	-1.258297E-13	 2.300389E-13	-6.058392E-04	-2.166202E-13	 3.016044E-13	-3.060315E-04	-7.281059E-15	 1.834998E-13	-1.530094E-04	-6.166364E-14	 4.483734E-13	-6.624547E-05	-3.018604E-13	-8.875842E-14	-1.483582E-05	 1.294082E-14	-1.713220E-13	 1.361836E-05	 9.761006E-14	-1.394522E-13	 2.689447E-05	 5.383023E-14	 1.017385E-13	 2.659348E-05	 9.370939E-14	 9.062165E-14	 2.290437E-05	 1.548414E-13	-6.601881E-14	 1.814665E-05	 1.908614E-13	-2.238231E-13	 7.933294E-06	 1.302017E-13	-2.586303E-13	 3.137666E-06	 4.416342E-14
0.70341	-9.179009E-01	-2.836693E-14	-1.051562E-13	-3.365216E-01	 3.818334E-14	-2.927054E-14	-1.088911E-01	 7.377348E-14	-5.968562E-15	-3.738153E-02	 4.498657E-14	-1.338603E-13	-1.490765E-02	 3.128453E-13	-9.385611E-14	-6.362164E-03	 3.810246E-13	-4.219001E-14	-2.786776E-03	 5.215403E-13	-6.431715E-14	-1.311557E-03	 2.692070E-13	-2.157069E-14	-6.328750E-04	-4.395420E-14	-3.724448E-13	-3.222152E-04	-1.906883E-13	-3.739304E-13	-1.631455E-04	-2.780854E-13	-3.966682E-13	-7.234126E-05	-2.208179E-13	 1.720652E-13	-1.764552E-05	-2.340123E-13	 2.073401E-13	 1.338286E-05	 4.882294E-15	 2.472340E-13	 2.844444E-05	-1.751089E-14	-1.344245E-15	 2.871347E-05	 1.036071E-13	-2.547668E-13	 2.539704E-05	 3.010437E-13	-3.305473E-13	 2.014291E-05	 2.772192E-13	-2.363087E-13	 9.094830E-06	 9.778078E-14	-9.600235E-14	 3.737287E-06	-2.419791E-14
0.71078	-9.156799E-01	-6.400317E-14	 2.174360E-14	-3.389494E-01	-6.251607E-14	-1.578630E-13	-1.102509E-01	-6.826643E-14	 2.732005E-13	-3.821433E-02	-8.298614E-14	 2.922426E-13	-1.534615E-02	-1.869798E-13	 4.935103E-13	-6.570943E-03	-4.198121E-13	 5.328154E-13	-2.886536E-03	-6.170494E-13	 4.802609E-13	-1.365802E-03	-5.800524E-13	 1.194369E-13	-6.622162E-04	-4.739949E-13	 1.271293E-13	-3.398160E-04	-4.286054E-13	-1.226046E-13	-1.742668E-04	-1.000721E-13	-9.621745E-14	-7.918598E-05	 1.027651E-13	 3.274736E-14	-2.102527E-05	 1.379925E-13	 9.573071E-14	 1.278124E-05	 1.840536E-14	-1.711002E-13	 2.986013E-05	 2.207354E-13	-3.373036E-14	 3.085900E-05	 1.674690E-13	 1.858207E-13	 2.810303E-05	-6.346403E-14	 1.947535E-13	 2.238278E-05	-1.932928E-13	 1.135269E-13	 1.047377E-05	-1.614323E-13	 6.279424E-14	 4.477107E-06	-1.229420E-13
0.71807	-9.134002E-01	-6.538185E-15	-2.457626E-13	-3.412429E-01	-1.449242E-13	-2.050805E-13	-1.116228E-01	 1.381156E-13	-2.223771E-13	-3.910490E-02	-2.003528E-13	 1.779149E-13	-1.582195E-02	-3.289180E-13	 2.222630E-13	-6.797451E-03	-3.061862E-13	 2.583805E-13	-2.994917E-03	-2.945507E-13	-6.964189E-14	-1.424775E-03	-6.205198E-14	-4.149017E-15	-6.940831E-04	-3.868311E-13	-2.838557E-13	-3.589726E-04	-1.397105E-13	-1.592521E-13	-1.864668E-04	-4.122360E-13	-4.873503E-14	-8.685299E-05	-3.980756E-13	 7.830796E-15	-2.505034E-05	-1.156926E-13	 3.656634E-14	 1.173835E-05	-1.067712E-13	 1.930068E-14	 3.107880E-05	-1.307915E-13	 1.423592E-13	 3.298863E-05	-1.832267E-13	 7.962284E-14	 3.101599E-05	-1.650157E-13	-5.488464E-14	 2.488544E-05	-1.274655E-13	-9.568614E-14	 1.210639E-05	-1.632156E-13	-2.254682E-14	 5.391701E-06	-1.619085E-13
0.72529	-9.110575E-01	-9.100831E-14	 5.718965E-14	-3.433982E-01	 6.365532E-14	 5.620308E-14	-1.130057E-01	 3.497586E-15	 6.370269E-15	-4.005452E-02	-4.624685E-14	-2.118390E-13	-1.633678E-02	 6.272211E-14	-1.732631E-15	-7.043157E-03	 2.201355E-14	-1.113564E-13	-3.112797E-03	-9.047619E-14	 1.005133E-13	-1.488916E-03	-1.542733E-13	 7.356579E-14	-7.286806E-04	 2.707192E-13	 1.945144E-14	-3.798088E-04	 4.469223E-13	 1.318835E-13	-1.998296E-04	 5.064875E-13	 2.323167E-13	-9.541561E-05	 2.410764E-13	 1.415313E-13	-2.979875E-05	 5.793637E-14	 3.665974E-14	 1.017724E-05	-1.682153E-13	 7.248394E-14	 3.203337E-05	-3.232852E-13	 7.447274E-14	 3.504961E-05	-2.407047E-13	 1.275230E-13	 3.412052E-05	-1.667328E-13	 1.950407E-13	 2.766364E-05	-1.695606E-13	 1.654592E-13	 1.402696E-05	-2.002285E-13	 7.080348E-14	 6.520845E-06	-1.922824E-13
0.73243	-9.086489E-01	 2.509259E-13	 9.644107E-14	-3.454120E-01	 2.178972E-13	 1.768306E-13	-1.143981E-01	 4.483954E-14	 3.380844E-15	-4.106410E-02	-1.128942E-13	 7.348755E-14	-1.689232E-02	-1.021691E-13	 9.347183E-14	-7.309625E-03	-3.199376E-13	-1.383550E-13	-3.241141E-03	-1.622277E-14	-1.900316E-13	-1.558716E-03	 1.541506E-13	-1.668767E-13	-7.662338E-04	 4.595824E-13	-1.530138E-13	-4.024557E-04	 3.456686E-13	-2.091467E-13	-2.144410E-04	 1.623375E-13	-1.240565E-13	-1.049496E-04	 2.702406E-14	-1.830452E-13	-3.535184E-05	 1.097989E-13	 7.142051E-14	 8.016896E-06	-1.562913E-13	 3.749920E-15	 3.264967E-05	-1.312692E-13	-5.094868E-14	 3.697595E-05	-1.141589E-13	-4.057293E-14	 3.739151E-05	-3.082324E-14	-3.246673E-14	 3.072285E-05	-9.616700E-14	 4.216295E-14	 1.626668E-05	-1.142583E-13	 1.415366E-13	 7.908202E-06	-2.583050E-14
0.73951	-9.061718E-01	-5.489884E-14	 6.612902E-14	-3.472811E-01	-1.103607E-13	-1.857873E-14	-1.157978E-01	-5.377245E-14	 4.372532E-13	-4.213432E-02	-1.762645E-13	 2.595283E-13	-1.749028E-02	 2.540599E-14	 1.179859E-13	-7.598548E-03	 1.648778E-13	 1.732283E-13	-3.381020E-03	 7.859592E-14	 1.008995E-13	-1.634728E-03	 1.371615E-13	-6.669592E-15	-8.069964E-04	-6.044174E-14	-1.978058E-13	-4.270571E-04	 2.145482E-13	-1.180876E-13	-2.303917E-04	-7.783032E-14	-3.823207E-13	-1.155324E-04	 6.485227E-14	-2.046828E-13	-4.179285E-05	-2.858050E-13	-1.951771E-13	 5.171932E-06	 1.453938E-13	-6.322329E-14	 3.284464E-05	 8.006136E-14	 8.277692E-14	 3.868729E-05	 1.328844E-13	 2.038052E-13	 4.079235E-05	-2.307590E-14	 2.651494E-13	 3.405907E-05	-5.123679E-14	 1.609608E-13	 1.885235E-05	 5.070287E-15	 4.764066E-14	 9.599425E-06	 8.217174E-14
0.74652	-9.036246E-01	-2.204312E-13	-1.937042E-13	-3.490026E-01	-1.042835E-13	 5.122696E-14	-1.172026E-01	-2.829071E-13	-3.162470E-13	-4.326552E-02	 9.472563E-14	 5.670625E-14	-1.813230E-02	 1.707509E-14	-4.189641E-14	-7.911688E-03	 2.883363E-14	 1.149930E-13	-3.533593E-03	-1.054651E-13	-1.774840E-14	-1.717573E-03	-3.248991E-13	 2.729413E-15	-8.512523E-04	-5.803960E-14	-3.124835E-13	-4.537695E-04	-2.467019E-13	-3.293150E-13	-2.477756E-04	 1.909093E-13	-1.965500E-13	-1.272424E-04	 1.703276E-13	-1.915054E-14	-4.920682E-05	 3.893796E-13	-7.126887E-14	 1.553887E-06	 2.900259E-13	-2.818904E-13	 3.252759E-05	 3.034094E-13	-2.257568E-13	 4.008916E-05	 2.857323E-14	-1.546385E-13	 4.427299E-05	-1.089723E-13	-1.333446E-13	 3.765608E-05	-9.008066E-14	-1.856491E-14	 2.180375E-05	 2.234796E-14	 5.519547E-14	 1.163954E-05	 5.620159E-14
0.75346	-9.010056E-01	 2.735538E-13	-6.600211E-14	-3.505735E-01	 2.779052E-13	-1.235188E-13	-1.186096E-01	 4.695932E-13	 1.687714E-13	-4.445764E-02	 2.849185E-14	 7.880403E-14	-1.881988E-02	 3.514958E-14	 6.085144E-13	-8.250846E-03	-1.037636E-13	 4.144242E-13	-3.700105E-03	-1.472755E-13	 3.606246E-13	-1.807938E-03	 2.000546E-13	 2.933597E-13	-8.993201E-04	-3.885919E-14	 4.532740E-13	-4.827672E-04	 9.018923E-14	 2.922881E-13	-2.666926E-04	-1.661843E-13	 3.000879E-13	-1.401567E-04	-7.015596E-14	 1.928683E-13	-5.767707E-05	-1.343477E-13	 1.113640E-14	-2.927161E-06	-2.147093E-13	-3.812933E-14	 3.159956E-05	-3.833978E-13	-7.629904E-16	 4.107192E-05	-2.559973E-13	 1.159435E-13	 4.776814E-05	-1.879997E-14	 2.060064E-13	 4.148270E-05	 6.750164E-14	 1.345815E-13	 2.513076E-05	 6.056723E-14	 2.209801E-14	 1.406904E-05	 5.199437E-14
0.76035	-8.983149E-01	-8.311217E-14	 6.409100E-14	-3.519918E-01	 4.167601E-14	-9.702604E-14	-1.200155E-01	 1.265839E-14	-1.580583E-13	-4.571004E-02	 1.154569E-13	-7.346966E-14	-1.955418E-02	 2.013335E-13	 6.931423E-14	-8.617729E-03	 1.595057E-13	 3.171857E-13	-3.881817E-03	 1.292178E-13	 3.256435E-13	-1.906550E-03	 2.011966E-13	 2.116407E-13	-9.515417E-04	 1.064398E-14	 8.535753E-14	-5.142327E-04	 9.584158E-14	-2.406182E-14	-2.872394E-04	-8.242327E-14	-1.721874E-13	-1.543510E-04	-1.106604E-13	-1.706515E-13	-6.728741E-05	-3.545205E-14	 1.107229E-14	-8.359729E-06	-1.178000E-13	-6.207882E-14	 2.995922E-05	-1.110326E-13	-1.113976E-13	 4.151400E-05	-1.582945E-13	-8.169184E-14	 5.119671E-05	-2.571921E-13	-1.210151E-15	 4.548988E-05	-2.056756E-13	 8.896798E-14	 2.882883E-05	-1.210919E-13	 1.604420E-13	 1.691970E-05	-2.164977E-14
0.76716	-8.955508E-01	-3.055788E-13	-1.689612E-13	-3.532535E-01	-4.843553E-13	-1.028007E-13	-1.214171E-01	-5.136934E-13	 5.563096E-14	-4.702269E-02	-7.031245E-13	 1.376234E-13	-2.033695E-02	-6.061807E-13	 1.200852E-13	-9.014514E-03	-2.095403E-13	-8.000094E-14	-4.080324E-03	-1.817554E-13	-3.672516E-13	-2.014342E-03	 1.337324E-14	-2.135488E-13	-1.008367E-03	-9.564963E-14	-4.524978E-13	-5.484055E-04	 7.166351E-15	-6.433838E-14	-3.095385E-04	-3.090143E-13	-3.055252E-13	-1.699115E-04	-1.678862E-13	 3.030920E-14	-7.812766E-05	-1.496961E-13	-7.199432E-14	-1.483633E-05	-7.254152E-14	 1.171924E-13	 2.749663E-05	-4.882567E-14	 2.685055E-13	 4.127849E-05	 7.343542E-14	 1.728499E-13	 5.446112E-05	 1.921137E-13	-3.407003E-14	 4.961061E-05	 2.879080E-13	-1.464362E-13	 3.287861E-05	 3.569184E-13	-1.207656E-13	 2.021083E-05	 3.661539E-13
0.77392	-8.927136E-01	 5.949552E-14	 5.079232E-15	-3.543564E-01	 5.107809E-14	 2.342379E-14	-1.228107E-01	-3.795624E-13	-1.344629E-15	-4.839460E-02	-2.802152E-13	-1.339164E-13	-2.116932E-02	-1.555200E-13	-1.568933E-13	-9.443146E-03	-7.161522E-14	-1.711474E-13	-4.297188E-03	 1.953709E-13	-2.984284E-13	-2.132275E-03	 1.929176E-13	-2.715309E-13	-1.070268E-03	 2.714032E-13	-2.757324E-13	-5.855375E-04	 4.342012E-14	-3.879269E-13	-3.337113E-04	 3.139650E-13	-2.006032E-13	-1.869171E-04	 5.605739E-14	-4.217043E-13	-9.027973E-05	 2.866852E-13	-1.573111E-13	-2.244239E-05	 6.385817E-14	-1.484110E-13	 2.410088E-05	-4.740291E-14	-5.224509E-14	 4.021669E-05	-1.725701E-13	 3.903432E-14	 5.744689E-05	-6.242839E-14	 7.053114E-14	 5.375591E-05	 5.014646E-14	-5.736651E-15	 3.724031E-05	 8.830542E-14	-1.410570E-13	 2.394121E-05	 2.575460E-14
0.78062	-8.898032E-01	 1.906140E-13	 1.140098E-13	-3.552979E-01	 1.920538E-13	-2.184583E-13	-1.241921E-01	 2.663284E-13	-9.727465E-14	-4.982438E-02	-1.060121E-13	-1.215952E-13	-2.205222E-02	-1.576281E-13	 2.711666E-14	-9.905627E-03	-1.432980E-13	 1.741508E-13	-4.534124E-03	-2.379277E-13	 3.436245E-13	-2.261446E-03	-6.763304E-14	 9.141938E-14	-1.137797E-03	-2.618693E-13	 1.402021E-15	-6.259230E-04	 5.810129E-14	-1.373063E-13	-3.598925E-04	-4.378705E-14	-8.617649E-14	-2.054506E-04	 3.002463E-13	 1.713438E-13	-1.038251E-04	 2.546833E-13	 2.362905E-13	-3.125718E-05	 3.364499E-13	 9.583156E-14	 1.966201E-05	 1.437745E-13	-3.973996E-14	 3.817061E-05	 1.771844E-13	-1.495338E-13	 6.002467E-05	 1.646473E-13	-2.270758E-13	 5.781481E-05	 1.182812E-13	-2.761408E-13	 4.185141E-05	 3.044480E-14	-2.618932E-13	 2.808492E-05	 3.283454E-14
0.78727	-8.868224E-01	-5.709955E-14	-2.027022E-13	-3.560776E-01	 4.446267E-15	-1.163507E-13	-1.255570E-01	 3.205802E-13	-2.970950E-13	-5.130928E-02	 3.074096E-13	-1.740383E-13	-2.298550E-02	 1.530805E-13	-5.625667E-15	-1.040339E-02	 1.796346E-13	 2.142691E-13	-4.792640E-03	-3.714507E-13	 1.199242E-13	-2.402909E-03	-2.044963E-13	 1.785966E-13	-1.211504E-03	-1.935096E-13	 1.211096E-13	-6.698601E-04	-1.534089E-14	 3.967773E-14	-3.882103E-04	 1.156371E-13	-8.410350E-14	-2.255834E-04	 6.774794E-14	-8.486883E-14	-1.188314E-04	-2.358264E-16	 1.600931E-13	-4.134152E-05	-2.714212E-13	 2.597068E-13	 1.408076E-05	-2.793213E-13	 2.402879E-13	 3.497758E-05	-9.332476E-17	 1.748544E-13	 6.205432E-05	 3.073903E-13	 1.278602E-13	 6.165394E-05	 3.450559E-13	 6.496636E-14	 4.662251E-05	 2.395776E-13	-3.119228E-14	 3.258306E-05	 1.023838E-13
0.79386	-8.837720E-01	 4.790777E-14	-1.505478E-13	-3.566933E-01	 3.251706E-13	-2.860003E-13	-1.269011E-01	 2.550759E-13	-2.164082E-13	-5.284721E-02	 3.056292E-14	-2.435462E-13	-2.396950E-02	 2.883427E-13	-2.683058E-13	-1.093822E-02	 1.202765E-13	-2.441571E-13	-5.074526E-03	 3.973448E-13	-2.044940E-13	-2.557934E-03	 2.288957E-13	-3.018371E-15	-1.292082E-03	 2.476174E-13	-1.065433E-13	-7.177222E-04	 2.666354E-13	-1.138955E-13	-4.188195E-04	-4.588626E-14	-2.259117E-13	-2.474086E-04	-3.521085E-14	-1.206198E-13	-1.353831E-04	 7.525443E-14	-8.547581E-14	-5.275559E-05	 1.502334E-13	-2.296864E-13	 7.262437E-06	 4.817800E-14	-2.386973E-13	 3.047321E-05	-1.046036E-15	-1.679472E-13	 6.338851E-05	-1.971941E-13	-4.096147E-14	 6.512211E-05	-3.866341E-13	 1.367930E-13	 5.144109E-05	-5.412005E-13	 3.258743E-13	 3.734513E-05	-5.121807E-13
0.80039	-8.806499E-01	 2.317479E-14	-2.309790E-14	-3.571399E-01	-7.737038E-14	 1.608316E-13	-1.282201E-01	-2.093845E-14	 2.642596E-14	-5.443759E-02	 5.834802E-14	 9.341598E-14	-2.500584E-02	-1.330858E-13	-2.336528E-13	-1.151281E-02	-5.948864E-14	 5.130428E-14	-5.382210E-03	-2.470316E-13	-1.435817E-13	-2.728197E-03	 4.136574E-13	 1.560862E-13	-1.380462E-03	 1.914789E-14	 3.545325E-13	-7.700314E-04	-1.989967E-14	 3.130653E-13	-4.519518E-04	-5.698281E-14	 2.196155E-13	-2.710537E-04	-1.373291E-13	 1.586302E-13	-1.535793E-04	 1.070935E-14	 1.276607E-14	-6.556329E-05	-5.089877E-14	-7.952429E-14	-8.970233E-07	-2.731544E-14	-1.575472E-13	 2.447966E-05	-2.412136E-14	-1.379053E-13	 6.386667E-05	-1.932901E-14	-9.029634E-14	 6.805143E-05	-3.084527E-14	-5.321243E-14	 5.617935E-05	-1.311606E-14	-1.415803E-14	 4.224568E-05	-2.249146E-14
0.80687	-8.774569E-01	-1.627336E-13	-2.198757E-13	-3.574142E-01	 1.266361E-14	-2.028855E-13	-1.295093E-01	-2.453970E-13	-2.831510E-13	-5.607835E-02	-9.162354E-14	-2.839009E-13	-2.609501E-02	 2.518959E-14	 4.822564E-14	-1.212939E-02	 3.820383E-13	-2.314485E-14	-5.717999E-03	 3.557581E-13	-8.463569E-14	-2.915388E-03	 2.105453E-13	-1.371908E-13	-1.477624E-03	 1.673126E-13	-4.997560E-13	-8.273524E-04	 2.579401E-13	-2.270133E-13	-4.878498E-04	 8.861714E-14	-2.634543E-13	-2.966439E-04	 1.296370E-13	-5.724824E-14	-1.735097E-04	 5.523505E-14	-1.381187E-13	-7.981018E-05	-7.962587E-15	-6.151887E-14	-1.049136E-05	 8.138361E-14	-9.074768E-15	 1.682657E-05	-2.740143E-14	-3.481087E-14	 6.332144E-05	-3.078842E-14	-1.387089E-13	 7.025778E-05	-2.997226E-14	-2.853189E-13	 6.069423E-05	-2.048991E-14	-4.272773E-13	 4.712138E-05	-1.649092E-14
0.81330	-8.741944E-01	 8.760569E-14	-1.982723E-14	-3.575154E-01	-1.435988E-13	 1.635326E-14	-1.307637E-01	 1.350925E-13	-8.507763E-14	-5.776572E-02	 1.248709E-14	-6.509212E-14	-2.723627E-02	-5.414410E-15	-2.475114E-13	-1.278965E-02	-1.549649E-13	-3.825608E-13	-6.084110E-03	-1.240821E-13	-7.145187E-14	-3.121268E-03	-3.521791E-13	-3.433535E-13	-1.584631E-03	-3.679391E-13	 1.405729E-13	-8.903180E-04	-2.563719E-13	-1.839718E-13	-5.267830E-04	-4.975446E-14	 7.154074E-14	-3.243077E-04	 1.096955E-13	 7.100352E-14	-1.952486E-04	 2.223789E-13	 3.382706E-13	-9.551332E-05	 9.703134E-14	 3.744217E-13	-2.159555E-05	 2.369332E-14	 2.957879E-13	 7.356509E-06	 5.439935E-14	 1.438947E-13	 6.158553E-05	 5.429010E-14	-1.112317E-13	 7.154630E-05	 8.802276E-14	-2.507858E-13	 6.483372E-05	 1.078758E-13	-2.533998E-13	 5.177591E-05	 9.540897E-14
0.81968	-8.708719E-01	 1.085793E-13	 3.360033E-14	-3.574501E-01	 4.363950E-13	-1.196932E-13	-1.319784E-01	 2.556599E-13	-2.248422E-13	-5.949191E-02	 2.263552E-13	-2.381922E-13	-2.842518E-02	-1.286551E-13	-2.492481E-13	-1.349289E-02	-3.636683E-14	-4.102316E-14	-6.481457E-03	-3.594074E-13	-3.435771E-13	-3.346986E-03	 1.148710E-13	-1.403836E-13	-1.702283E-03	 5.325416E-14	-2.591434E-13	-9.594398E-04	 2.476706E-13	 2.342665E-13	-5.689418E-04	 5.860949E-14	-5.752737E-15	-3.541258E-04	-1.072951E-14	 4.233046E-13	-2.188247E-04	-1.105808E-14	 1.672810E-13	-1.126297E-04	 1.481149E-13	 9.036233E-14	-3.423096E-05	-2.045530E-13	-7.146258E-14	-4.042724E-06	-1.151860E-13	-1.606646E-13	 5.851986E-05	-1.535801E-14	-9.505056E-14	 7.172572E-05	 3.595860E-14	-5.017394E-14	 6.844074E-05	-1.346813E-14	-5.197767E-14	 5.598751E-05	-8.354474E-14
0.82601	-8.674948E-01	 2.389650E-13	-6.315253E-14	-3.572224E-01	 8.244147E-14	-3.121498E-13	-1.331489E-01	-1.322654E-13	-2.326237E-13	-6.125052E-02	-2.640715E-13	-3.031413E-13	-2.965820E-02	-1.255171E-13	-3.780125E-13	-1.423892E-02	-3.861139E-13	-2.136079E-13	-6.911319E-03	-2.150372E-13	 3.338719E-14	-3.593983E-03	-5.497763E-13	-2.005782E-13	-1.831608E-03	-1.378284E-13	 1.134162E-13	-1.035376E-03	-2.388500E-13	 1.407816E-13	-6.145840E-04	-9.593790E-14	 3.652611E-13	-3.862342E-04	 2.058695E-13	-8.043090E-15	-2.443017E-04	 3.055004E-13	 2.762471E-13	-1.311181E-04	 2.003667E-13	 9.699959E-14	-4.841049E-05	 2.180123E-13	-1.102468E-13	-1.746532E-05	 1.233380E-13	-1.472618E-13	 5.400475E-05	 6.570559E-14	-1.279419E-13	 7.061347E-05	 3.880702E-14	-1.532588E-14	 7.136917E-05	 4.447775E-14	 4.459691E-14	 5.953303E-05	 5.549718E-14
0.83229	-8.640647E-01	-3.241529E-14	 4.449568E-14	-3.568319E-01	-2.494100E-13	 9.766980E-14	-1.342714E-01	-2.390498E-13	-9.961038E-14	-6.303759E-02	-8.575932E-14	-1.484805E-13	-3.093360E-02	-4.734053E-14	 8.764428E-15	-1.502869E-02	-5.575588E-14	-8.468510E-14	-7.375727E-03	-4.937844E-15	-5.500518E-14	-3.864194E-03	 4.760883E-13	-5.322844E-14	-1.973976E-03	 3.197435E-13	 3.203980E-14	-1.119015E-03	 5.249918E-13	-2.250212E-13	-6.640983E-04	 4.808438E-13	-1.717282E-13	-4.208523E-04	 2.064039E-13	-1.117934E-13	-2.717885E-04	 9.244223E-14	-2.355939E-13	-1.509538E-04	 1.725105E-13	-1.085101E-13	-6.416262E-05	 1.020140E-13	-6.621559E-14	-3.300704E-05	 1.391329E-13	 3.803347E-14	 4.792015E-05	 3.371304E-14	 1.498490E-13	 6.803016E-05	 7.571782E-15	 1.792262E-13	 7.349759E-05	-3.251268E-14	 1.970827E-13	 6.219883E-05	-1.201168E-14
0.83853	-8.605808E-01	 4.673417E-15	 1.880997E-13	-3.562759E-01	 5.675758E-14	-5.074111E-14	-1.353419E-01	 1.245738E-15	 6.651921E-14	-6.484936E-02	-1.199366E-13	 2.066504E-13	-3.224990E-02	-5.237704E-14	 1.497956E-13	-1.586351E-02	-1.303879E-14	 3.261956E-13	-7.877076E-03	-7.966772E-14	 2.791722E-13	-4.159879E-03	-1.257536E-13	 4.472559E-13	-2.131039E-03	-3.128932E-14	 7.658136E-14	-1.211460E-03	 3.847249E-14	 2.698940E-13	-7.179919E-04	-2.679980E-13	 1.505258E-13	-4.582675E-04	-3.536509E-13	 4.061260E-13	-3.014182E-04	-1.944694E-13	 2.465744E-13	-1.721146E-04	-1.697928E-13	 1.488706E-13	-8.152272E-05	-7.163484E-14	-7.526402E-14	-5.075020E-05	-2.231258E-13	-1.811028E-13	 4.013930E-05	-1.997832E-13	-1.544450E-13	 6.379637E-05	-1.527806E-13	-5.124090E-14	 7.473727E-05	-7.484731E-14	 4.066150E-14	 6.379586E-05	-2.497176E-14
0.84471	-8.570497E-01	 4.500453E-14	 2.005605E-13	-3.555608E-01	 1.901913E-13	 7.374054E-14	-1.363577E-01	 4.669148E-13	 4.045822E-14	-6.667844E-02	 5.200350E-13	 6.987629E-14	-3.360193E-02	 5.110521E-13	 6.625548E-14	-1.674208E-02	 5.140348E-13	 1.509934E-15	-8.416237E-03	 2.977350E-13	-7.799186E-14	-4.482541E-03	 4.049503E-13	-7.793098E-14	-2.304134E-03	 1.249130E-13	-1.995979E-13	-1.313704E-03	 1.646604E-13	-1.240083E-13	-7.767214E-04	 3.752257E-13	-2.867841E-13	-4.987382E-04	 1.772690E-13	-1.200699E-14	-3.332737E-04	-3.624325E-14	 7.550162E-14	-1.945173E-04	-4.232202E-13	 4.011038E-14	-1.004735E-04	-6.845196E-13	 1.486438E-13	-7.071153E-05	-6.164285E-13	 1.100509E-13	 3.057030E-05	-3.912026E-13	-2.425749E-14	 5.775531E-05	-1.094968E-13	-2.569237E-13	 7.503881E-05	 1.407634E-13	-4.709548E-13	 6.417724E-05	 2.729406E-13
0.85086	-8.534820E-01	 7.972192E-14	-1.175251E-14	-3.546993E-01	-4.775809E-14	 1.477308E-13	-1.373167E-01	-2.711774E-13	 1.744891E-13	-6.851415E-02	-3.540825E-13	-1.470061E-13	-3.498102E-02	-2.991607E-13	 1.127408E-13	-1.766031E-02	-4.279987E-13	-1.265782E-13	-8.992277E-03	-3.157135E-13	-3.352900E-13	-4.832730E-03	-2.335483E-13	-2.783273E-13	-2.494183E-03	-1.979189E-13	 6.116054E-15	-1.426554E-03	-1.901401E-13	-5.667032E-14	-8.406388E-04	-5.132832E-13	 2.258603E-13	-5.424845E-04	-4.678235E-13	 3.548928E-13	-3.673982E-04	-4.469935E-13	 3.349412E-13	-2.180288E-04	-2.301935E-13	 8.506355E-14	-1.209429E-04	 1.737775E-13	 1.504295E-14	-9.283437E-05	 2.444413E-13	 9.695982E-14	 1.918253E-05	 2.387631E-13	 2.154684E-13	 4.979168E-05	 1.071280E-13	 3.049312E-13	 7.439131E-05	 9.827386E-14	 2.855012E-13	 6.325655E-05	 1.497696E-13
0.85696	-8.498874E-01	-5.302804E-14	 1.088975E-13	-3.537043E-01	-8.209044E-14	 1.145723E-13	-1.382188E-01	-1.744297E-13	-7.260002E-14	-7.034759E-02	 1.180513E-13	-3.453128E-14	-3.637908E-02	 5.489515E-14	-1.066669E-13	-1.861383E-02	 1.367210E-13	-4.407056E-13	-9.603910E-03	 1.054555E-13	-3.654104E-13	-5.210820E-03	 2.005053E-13	-4.698669E-13	-2.702116E-03	 4.258858E-13	-5.501684E-13	-1.550873E-03	 2.863554E-13	-6.031527E-13	-9.101439E-04	 4.088214E-13	-3.558158E-13	-5.897939E-04	 4.590923E-13	-3.917983E-13	-4.038691E-04	 3.319934E-13	 7.639755E-14	-2.425173E-04	 3.617975E-13	-4.565558E-14	-1.428542E-04	-3.098206E-14	 1.038969E-13	-1.170488E-04	-2.838729E-13	-5.969311E-14	 5.987191E-06	-3.223396E-13	-1.546815E-13	 3.982150E-05	-2.198869E-13	-2.587306E-13	 7.281837E-05	-6.743357E-14	-2.719205E-13	 6.100654E-05	 2.190978E-14
0.86301	-8.462688E-01	 1.150512E-13	-2.189220E-13	-3.525794E-01	 1.662818E-13	 1.152808E-14	-1.390633E-01	 1.876450E-13	 5.778615E-14	-7.217405E-02	-2.648729E-13	 2.349481E-14	-3.779119E-02	-8.260374E-14	 2.244877E-14	-1.959986E-02	-6.683140E-14	 9.950896E-14	-1.025059E-02	 8.459231E-14	 4.046088E-13	-5.617597E-03	 2.916374E-14	 2.193955E-13	-2.929194E-03	 7.527569E-14	 5.776092E-13	-1.687770E-03	-3.488477E-14	 4.786235E-13	-9.857957E-04	 3.792510E-14	 3.339987E-13	-6.411003E-04	-5.980827E-14	 3.899902E-13	-4.428557E-04	 1.155923E-13	-6.392731E-14	-2.679008E-04	-1.202116E-13	-3.159886E-14	-1.661853E-04	 5.401980E-14	-2.253208E-13	-1.433251E-04	-2.078754E-14	-9.221988E-14	-9.007866E-06	 2.426620E-14	-3.975646E-14	 2.775875E-05	 7.541846E-14	 1.271378E-14	 7.036808E-05	 1.587647E-13	 1.701870E-14	 5.744797E-05	 2.574941E-13
0.86903	-8.426171E-01	-6.642854E-14	 1.216073E-13	-3.513135E-01	-1.097741E-13	-1.835899E-14	-1.398486E-01	-2.140608E-13	 1.627633E-13	-7.399614E-02	 6.220443E-14	 2.234192E-13	-3.921927E-02	 2.250532E-14	 2.053884E-13	-2.062061E-02	 8.620394E-14	 3.430326E-13	-1.093510E-02	 1.547271E-13	 1.132162E-13	-6.055921E-03	 1.558190E-14	 5.503642E-13	-3.178043E-03	-3.107845E-14	 1.799316E-13	-1.839234E-03	 4.816890E-14	 1.913208E-13	-1.068688E-03	-1.309906E-14	-6.765685E-14	-6.971999E-04	-4.831820E-14	-1.843404E-13	-4.847335E-04	-1.499000E-13	-2.692068E-14	-2.942174E-04	 1.890617E-13	-1.503730E-14	-1.910424E-04	 1.533306E-13	 4.866220E-14	-1.717447E-04	 2.701757E-13	 4.580173E-14	-2.589205E-05	 1.976659E-13	 1.250482E-13	 1.343792E-05	 1.993189E-13	 2.138045E-13	 6.709013E-05	 1.401866E-13	 2.796374E-13	 5.263175E-05	 5.750038E-14
0.87500	-8.389213E-01	 1.805332E-13	 1.975170E-13	-3.498912E-01	 2.647059E-13	-1.626634E-14	-1.405711E-01	 3.193122E-13	 1.596835E-13	-7.581739E-02	 2.065881E-13	 3.579489E-13	-4.066618E-02	 9.550006E-14	 2.888472E-13	-2.167911E-02	 1.066133E-14	 4.800053E-13	-1.166088E-02	-2.563461E-13	 1.332209E-13	-6.529200E-03	 3.360033E-14	 6.188484E-14	-3.451799E-03	-3.390942E-13	-1.897874E-13	-2.007695E-03	-5.138106E-14	-1.745440E-13	-1.160240E-03	 8.161560E-15	-2.763252E-13	-7.591319E-04	 2.594162E-13	-1.113429E-13	-5.299747E-04	 1.187365E-13	-2.502147E-13	-3.215306E-04	 4.539219E-14	-1.099633E-13	-2.175781E-04	-1.253936E-13	-1.553976E-13	-2.024171E-04	-1.919676E-13	 4.164876E-14	-4.482338E-05	-2.548773E-13	 1.493323E-13	-3.382805E-06	-3.269934E-13	 2.514960E-13	 6.303566E-05	-3.738732E-13	 2.797800E-13	 4.664213E-05	-3.676579E-13
0.88093	-8.351764E-01	-1.551260E-13	-2.199285E-13	-3.483044E-01	-2.956297E-13	 1.592437E-14	-1.412284E-01	-2.255377E-13	-1.182103E-13	-7.763817E-02	-1.788793E-13	-1.177210E-13	-4.213128E-02	-1.816288E-13	-1.576385E-13	-2.277567E-02	-6.896635E-14	-1.978923E-13	-1.242957E-02	-2.065403E-13	 9.339298E-14	-7.039804E-03	-2.131520E-13	-1.375391E-13	-3.753180E-03	-1.052051E-14	-2.682733E-13	-2.195493E-03	-1.184913E-13	-1.207542E-13	-1.261908E-03	 4.265376E-14	-1.680644E-13	-8.280336E-04	-2.519900E-13	-6.189225E-14	-5.790499E-04	-6.921162E-14	-9.848995E-14	-3.498576E-04	-1.815514E-13	 1.512353E-15	-2.459172E-04	 1.488962E-13	-1.273737E-13	-2.353871E-04	 2.878984E-13	-1.258381E-13	-6.595429E-05	 4.482825E-13	-1.414930E-13	-2.298040E-05	 4.893981E-13	-8.025926E-14	 5.825287E-05	 4.276532E-13	-1.418010E-14	 3.959622E-05	 3.072660E-13
0.88682	-8.313818E-01	-1.929744E-13	-5.301484E-14	-3.465504E-01	-1.089164E-13	-1.289659E-13	-1.418190E-01	-2.507276E-13	-7.983225E-14	-7.945720E-02	-7.539366E-14	-1.483996E-13	-4.361176E-02	-1.177496E-13	-1.419465E-13	-2.390864E-02	 2.717249E-13	-3.527189E-13	-1.324142E-02	 2.122161E-13	-4.571497E-13	-7.589256E-03	 1.539226E-13	-4.502132E-13	-4.084584E-03	-1.702933E-13	-2.157427E-13	-2.404896E-03	-9.265971E-14	-3.133385E-13	-1.375209E-03	-3.562812E-13	-1.799053E-13	-9.051914E-04	-1.852357E-13	-4.851291E-14	-6.324661E-04	-3.484385E-13	-1.096761E-13	-3.791967E-04	-1.113583E-13	 4.327083E-14	-2.761780E-04	-3.974635E-13	 7.435619E-14	-2.706440E-04	-4.103139E-13	 2.531299E-13	-8.941995E-05	-4.497424E-13	 2.443513E-13	-4.567039E-05	-3.448030E-13	 2.091140E-13	 5.276215E-05	-2.409698E-13	 7.437961E-14	 3.160999E-05	-1.680237E-13
0.89268	-8.275319E-01	 1.458016E-13	-2.318385E-14	-3.446206E-01	 1.233743E-13	 1.339627E-14	-1.423400E-01	 1.022360E-13	 1.730612E-13	-8.127492E-02	-2.989740E-14	 1.206700E-13	-4.510637E-02	 8.906760E-14	-7.567433E-14	-2.507757E-02	 7.805067E-14	 3.579194E-13	-1.409742E-02	 1.318787E-13	 1.348934E-13	-8.179599E-03	-1.114064E-13	 1.868235E-13	-4.448939E-03	 4.494944E-14	 1.336533E-13	-2.638628E-03	-1.501596E-13	 1.434393E-13	-1.502056E-03	 1.102713E-13	-7.511158E-14	-9.922877E-04	-1.748255E-13	 1.869758E-15	-6.909135E-04	 3.908354E-14	-2.634730E-14	-4.096170E-04	-2.375589E-13	 5.955809E-14	-3.085515E-04	-2.006844E-13	-4.220997E-15	-3.081816E-04	-1.126307E-13	-7.530360E-14	-1.154071E-04	-7.247430E-15	-1.075294E-13	-7.187735E-05	 1.892398E-13	-1.338421E-13	 4.651260E-05	 2.647123E-13	-9.625676E-14	 2.274192E-05	 3.247536E-13
0.89849	-8.236166E-01	 5.237788E-14	-2.753722E-13	-3.424969E-01	 3.592831E-14	-1.072900E-13	-1.427866E-01	 2.036621E-13	-2.231915E-13	-8.309562E-02	 1.621680E-13	 6.992570E-14	-4.661749E-02	 1.658241E-13	 1.374478E-13	-2.628510E-02	 2.200653E-13	 6.720823E-14	-1.500076E-02	 1.886710E-13	 2.765103E-13	-8.814260E-03	 4.891893E-13	-4.523069E-14	-4.850270E-03	 7.228389E-14	-6.166402E-14	-2.900229E-03	 4.583522E-13	-4.526056E-13	-1.645017E-03	 5.381384E-14	-1.617104E-13	-1.091605E-03	 1.246896E-13	-2.915648E-13	-7.553660E-04	-3.070607E-14	-1.921517E-13	-4.413240E-04	 1.113852E-13	-1.550700E-13	-3.433570E-04	 2.536301E-13	-1.051436E-13	-3.479972E-04	 1.349166E-13	-2.438909E-14	-1.442160E-04	 1.104010E-13	-1.133629E-14	-1.022084E-04	-3.722952E-14	 1.019447E-14	 3.933313E-05	-4.155735E-14	-1.759389E-15	 1.293234E-05	-4.125757E-14
0.90427	-8.196151E-01	 2.459274E-13	 8.047182E-14	-3.401462E-01	 2.150448E-13	 1.641119E-13	-1.431490E-01	 1.533077E-13	 3.547681E-13	-8.492601E-02	 2.019892E-13	 2.472516E-13	-4.815158E-02	 6.244678E-14	 3.656045E-13	-2.753864E-02	 7.126710E-14	 3.674339E-13	-1.595858E-02	 4.877073E-14	 3.767744E-13	-9.499665E-03	-1.744206E-13	 4.013479E-14	-5.294982E-03	-2.315418E-14	 3.151355E-13	-3.194988E-03	-2.928928E-13	 4.114826E-13	-1.807993E-03	-2.338593E-13	 4.974839E-13	-1.206494E-03	-4.942418E-13	 2.612360E-13	-8.273315E-04	-3.768258E-13	 1.998829E-13	-4.748176E-04	-3.996083E-13	-2.796722E-13	-3.810956E-04	-3.735307E-13	-1.312285E-13	-3.900618E-04	-2.804418E-13	-2.867525E-13	-1.763454E-04	-1.606680E-13	-1.353305E-13	-1.375459E-04	-5.656463E-14	-1.095311E-13	 3.083220E-05	 5.986467E-14	-4.781790E-14	 1.911899E-06	 1.055159E-13
0.91001	-8.155180E-01	-1.218339E-14	-2.111698E-13	-3.375499E-01	-1.818164E-13	-4.451259E-13	-1.434201E-01	 2.024554E-13	-3.506628E-13	-8.676740E-02	 5.299008E-14	-5.276812E-13	-4.970854E-02	 2.602321E-13	-4.217817E-13	-2.884021E-02	 1.885373E-13	-2.348959E-13	-1.697404E-02	 2.106575E-14	-1.453386E-13	-1.023960E-02	-1.369636E-14	 1.620658E-13	-5.788125E-03	-2.731135E-13	-4.090746E-14	-3.527621E-03	-8.126403E-14	 1.525380E-13	-1.994973E-03	-1.589928E-13	-2.173766E-13	-1.340724E-03	 7.462388E-14	-1.621603E-13	-9.084560E-04	 1.239459E-13	-3.802754E-13	-5.106887E-04	-2.532600E-13	-1.628938E-13	-4.222291E-04	-1.587424E-13	-1.754698E-13	-4.340399E-04	-2.913344E-13	-6.994950E-14	-2.122208E-04	-6.906697E-14	-6.312528E-14	-1.787951E-04	 4.528865E-14	-6.646570E-14	 2.046259E-05	 1.693385E-13	-5.353590E-14	-1.083863E-05	 2.000425E-13
0.91572	-8.113299E-01	-2.162455E-13	-2.644983E-13	-3.347078E-01	 1.712043E-14	-1.680012E-13	-1.435974E-01	-7.658642E-14	-1.118304E-13	-8.861690E-02	 2.049052E-13	 4.508554E-14	-5.128151E-02	 1.538610E-13	 1.380704E-13	-3.018510E-02	 1.131150E-13	 1.626074E-14	-1.804453E-02	 3.059316E-13	-2.123450E-13	-1.103347E-02	 3.929978E-13	-2.198326E-13	-6.331964E-03	 5.969045E-13	-2.940133E-13	-3.901124E-03	 2.703114E-13	-1.172020E-13	-2.209320E-03	 7.571260E-14	 7.770632E-14	-1.498100E-03	-3.716830E-13	 3.684038E-13	-1.000314E-03	-3.420725E-13	 2.573858E-13	-5.496189E-04	-3.651990E-13	 4.270208E-13	-4.672022E-04	-3.518408E-13	 3.001261E-13	-4.792179E-04	-2.512541E-13	 3.812621E-13	-2.520658E-04	-2.545690E-13	 2.606817E-13	-2.267036E-04	-1.498865E-13	 2.078752E-13	 7.570316E-06	-1.306514E-13	 7.752332E-14	-2.617038E-05	-6.441374E-14
0.92139	-8.070392E-01	 2.343303E-13	 2.522392E-13	-3.315955E-01	 3.144105E-13	 4.499567E-14	-1.436713E-01	 9.509317E-14	 1.285671E-13	-9.047709E-02	 3.328750E-16	-1.198719E-13	-5.287104E-02	 1.402628E-14	-9.689214E-14	-3.157649E-02	-2.154727E-14	 1.036131E-14	-1.917359E-02	-9.636271E-14	-8.709638E-14	-1.188510E-02	-1.138273E-13	-1.035840E-14	-6.932144E-03	-2.276074E-13	-1.149403E-14	-4.320820E-03	-6.973897E-14	 5.938376E-14	-2.456434E-03	-2.619448E-13	-4.172392E-14	-1.684249E-03	 2.560726E-13	 2.137622E-13	-1.105483E-03	 1.250245E-13	 2.988665E-14	-5.931249E-04	 3.191855E-13	 1.590759E-13	-5.169052E-04	 5.971967E-14	 9.455983E-14	-5.247703E-04	 8.109719E-14	 1.597797E-13	-2.963092E-04	-6.060985E-14	 2.190238E-13	-2.821826E-04	-3.676147E-14	 2.484243E-13	-8.848323E-06	-8.620582E-14	 2.897693E-13	-4.549162E-05	-7.867205E-14
0.92702	-8.026250E-01	-1.088070E-13	 3.218745E-14	-3.281701E-01	 2.079985E-13	-1.046993E-13	-1.436249E-01	 6.055825E-14	-9.706966E-15	-9.235393E-02	 1.111833E-13	 1.375333E-13	-5.448210E-02	-8.594028E-14	 1.609937E-13	-3.302345E-02	-1.188447E-13	-4.160469E-14	-2.036937E-02	-2.658934E-13	 3.899593E-14	-1.280157E-02	-2.063308E-13	-6.367670E-14	-7.596915E-03	-2.922033E-13	-1.629232E-13	-4.793903E-03	-9.663647E-14	-5.044995E-13	-2.743797E-03	-2.551588E-13	-4.003948E-13	-1.906869E-03	 2.022602E-14	-6.295276E-13	-1.227698E-03	 1.798480E-13	-9.242833E-14	-6.438632E-04	 2.162536E-13	-2.228081E-13	-5.727307E-04	 3.640887E-13	 1.991236E-13	-5.695746E-04	 2.536603E-13	 8.199500E-14	-3.455899E-04	 2.330944E-13	 1.754185E-13	-3.461737E-04	 7.426578E-14	 3.254005E-14	-3.022166E-05	-2.816412E-14	-6.848610E-14	-7.092799E-05	-1.568139E-13
0.93263	-7.980676E-01	 2.632680E-13	 2.966607E-13	-3.243864E-01	-1.296091E-13	 2.934647E-13	-1.434384E-01	-5.661235E-14	 1.679585E-14	-9.425115E-02	-3.524874E-13	 3.437284E-13	-5.611763E-02	-1.372742E-13	 1.733381E-13	-3.453553E-02	-2.292773E-13	 1.521971E-13	-2.164048E-02	 4.022946E-15	 1.718801E-13	-1.379038E-02	-1.374033E-13	 1.540155E-13	-8.335262E-03	-1.990144E-14	 2.936334E-13	-5.328209E-03	-2.075729E-13	 2.050605E-13	-3.080574E-03	 1.200718E-13	 3.250834E-13	-2.175569E-03	-1.697429E-13	 1.661278E-13	-1.371865E-03	 1.308877E-13	-1.520363E-13	-7.061083E-04	-1.115031E-13	-1.303555E-13	-6.366406E-04	 1.121021E-13	-3.246817E-13	-6.120408E-04	-2.612341E-14	-1.464240E-13	-4.006161E-04	 1.046392E-13	-1.754157E-13	-4.191671E-04	 4.066491E-14	-5.621825E-14	-5.839520E-05	 1.228826E-13	-7.529984E-14	-1.054249E-04	 9.792478E-14
0.93819	-7.933575E-01	 2.675860E-15	 4.260508E-14	-3.202134E-01	 3.513871E-14	-1.059134E-13	-1.430956E-01	-9.288329E-16	 5.767516E-14	-9.616682E-02	 1.859139E-13	-1.488584E-13	-5.777280E-02	 1.404041E-13	-6.729967E-14	-3.611664E-02	 2.998558E-13	-1.938909E-13	-2.299059E-02	 1.093563E-13	 5.265935E-14	-1.485515E-02	 2.853072E-13	-9.763855E-14	-9.153466E-03	 4.043956E-13	 1.980499E-13	-5.929653E-03	 2.293472E-13	-1.531604E-13	-3.476349E-03	 4.655145E-13	-9.225139E-14	-2.501083E-03	 1.450722E-13	-1.761751E-13	-1.543871E-03	-7.043820E-14	-2.280311E-14	-7.863030E-04	-1.754347E-13	-5.239162E-14	-7.113254E-04	-3.502272E-13	 1.089226E-13	-6.502696E-04	-2.150856E-13	 4.681982E-14	-4.620386E-04	-1.821456E-13	 1.115247E-13	-5.004842E-04	-2.946410E-14	 2.631255E-14	-9.539249E-05	 3.601468E-15	 4.929897E-15	-1.525716E-04	 5.550689E-14
0.94373	-7.884934E-01	 1.709744E-13	 4.488906E-14	-3.156252E-01	 2.233637E-13	 2.142269E-13	-1.425825E-01	 2.568486E-13	 1.750179E-14	-9.810024E-02	 2.525906E-13	 1.994934E-13	-5.944044E-02	 1.723078E-13	 9.458210E-14	-3.777034E-02	-3.038852E-13	 1.535440E-13	-2.442107E-02	 1.228516E-14	 4.678527E-14	-1.599641E-02	-2.017687E-13	 8.598251E-14	-1.005444E-02	-2.229430E-13	-2.981295E-13	-6.600626E-03	 6.126343E-14	-2.650027E-13	-3.939789E-03	-2.053335E-13	-4.631767E-13	-2.893842E-03	-1.085902E-13	-3.898874E-13	-1.749677E-03	-2.185010E-13	-3.534212E-13	-8.932766E-04	-1.540029E-13	-2.130517E-13	-8.001415E-04	-2.793961E-14	-1.167947E-13	-6.823031E-04	 5.167604E-15	-5.187433E-14	-5.306777E-04	 1.382909E-13	-2.608571E-14	-5.877152E-04	 1.215675E-13	-4.573370E-14	-1.433717E-04	 2.095691E-13	-6.751526E-14	-2.163146E-04	 1.893696E-13
0.94923	-7.834064E-01	-1.185907E-13	 3.016236E-14	-3.104977E-01	-7.435319E-14	-1.157388E-13	-1.418443E-01	-1.640179E-13	 1.060991E-13	-1.000443E-01	-7.124611E-14	-3.436427E-13	-6.112729E-02	-1.249235E-13	-7.545409E-14	-3.952936E-02	 2.186980E-13	-2.205335E-13	-2.596310E-02	 2.472396E-14	-1.770828E-13	-1.724299E-02	 3.378135E-13	-5.138102E-14	-1.106451E-02	 2.600720E-13	-4.915463E-14	-7.361501E-03	 7.285773E-14	-1.259596E-15	-4.495356E-03	 1.785409E-14	 2.384766E-13	-3.375804E-03	 1.315004E-14	 3.337550E-13	-2.004468E-03	-1.342270E-13	 2.306813E-13	-1.044690E-03	 4.433863E-14	 3.264446E-13	-9.100568E-04	-7.100061E-14	-2.939338E-14	-7.085054E-04	 8.061820E-14	 4.536574E-14	-6.088746E-04	 1.126254E-14	-2.185494E-13	-6.774264E-04	 7.178632E-14	-1.744684E-13	-2.061149E-04	-9.939068E-15	-2.389992E-13	-3.015078E-04	-1.466239E-14
0.95470	-7.781698E-01	 3.257690E-13	-2.692016E-13	-3.049279E-01	 3.778812E-13	 2.198119E-13	-1.409180E-01	 3.267822E-13	-3.047751E-13	-1.019815E-01	 3.375793E-13	 1.202849E-13	-6.278752E-02	 2.488452E-13	-1.215132E-13	-4.135236E-02	-2.002156E-14	 1.526572E-14	-2.757582E-02	-3.170082E-14	-3.508412E-14	-1.856015E-02	 2.661967E-14	 1.099139E-13	-1.215708E-02	 2.452549E-14	-2.761338E-14	-8.192264E-03	 5.726332E-14	-1.462508E-14	-5.142057E-03	-1.242905E-13	-1.361044E-13	-3.950922E-03	-3.713688E-14	-3.374663E-13	-2.313958E-03	-1.041616E-13	-9.126482E-14	-1.256107E-03	-3.632679E-13	-3.394302E-13	-1.046768E-03	-2.167618E-14	 4.403839E-14	-7.313502E-04	-4.246248E-13	-1.666154E-13	-6.977595E-04	 2.408950E-14	 7.939592E-14	-7.613681E-04	-3.003358E-13	-3.393751E-14	-2.835998E-04	-3.083226E-14	 7.297728E-14	-4.084053E-04	-2.223157E-13
0.96014	-7.728018E-01	-3.481437E-13	-7.948729E-14	-2.988537E-01	-4.350817E-13	-8.763211E-14	-1.397904E-01	-3.096338E-13	 4.259671E-14	-1.039647E-01	-3.423015E-13	-5.553065E-14	-6.443256E-02	-1.183284E-13	-7.716584E-14	-4.327128E-02	 4.565401E-14	-7.618276E-14	-2.926478E-02	 7.501357E-14	-1.387247E-13	-1.993697E-02	 1.183581E-13	-1.041852E-13	-1.331246E-02	 5.292842E-14	 2.885229E-14	-9.066191E-03	 6.193651E-14	 2.003461E-14	-5.873857E-03	 1.205342E-13	 2.002475E-14	-4.615189E-03	 1.329516E-13	 1.023166E-13	-2.676605E-03	 2.423806E-13	 4.279119E-14	-1.545525E-03	 2.748048E-13	 1.282766E-13	-1.213624E-03	 2.206331E-13	 7.494082E-14	-7.537875E-04	 2.814349E-13	 7.806108E-14	-8.016188E-04	 1.277933E-13	 4.844004E-14	-8.281668E-04	 2.013403E-13	 2.147621E-15	-3.789367E-04	 7.075357E-14	-9.517475E-15	-5.359289E-04	 1.293544E-13
0.96555	-7.665732E-01	 1.242683E-13	 7.141993E-14	-2.910301E-01	 2.285236E-13	-1.541529E-14	-1.378748E-01	-1.508195E-14	-9.402372E-14	-1.058953E-01	 1.580715E-13	-1.972674E-13	-6.618173E-02	 1.470923E-13	-8.362302E-14	-4.563597E-02	-1.475084E-13	-1.965695E-13	-3.138645E-02	 1.663950E-13	-3.615864E-15	-2.172655E-02	-1.878705E-13	 1.696857E-13	-1.482877E-02	-1.353156E-13	-9.992149E-14	-1.021242E-02	-1.187450E-13	 4.473212E-14	-6.893031E-03	-1.476146E-13	-2.531904E-14	-5.524465E-03	-2.037604E-13	 2.795701E-14	-3.222496E-03	-1.563893E-13	 1.790158E-14	-2.034573E-03	-2.596957E-13	 5.694085E-14	-1.469326E-03	-3.907190E-14	-6.201421E-14	-8.182503E-04	-1.491929E-13	-1.747089E-14	-9.449475E-04	 1.306489E-13	-1.548786E-13	-8.743204E-04	 1.040546E-15	-1.345989E-13	-5.203873E-04	 2.141993E-13	-2.153404E-13	-6.967380E-04	 8.725063E-14
0.97093	-7.600849E-01	 7.392438E-14	 2.030915E-13	-2.826467E-01	-2.838680E-13	 3.422178E-13	-1.357058E-01	-1.461011E-13	 3.714834E-13	-1.075768E-01	-3.337122E-13	 4.753811E-13	-6.771467E-02	-3.148048E-13	 3.515669E-13	-4.801045E-02	-3.582945E-14	 4.967430E-13	-3.356413E-02	-3.696544E-13	 5.582270E-13	-2.364841E-02	-1.463946E-13	 4.882803E-13	-1.647204E-02	-3.326688E-13	 5.998378E-13	-1.146138E-02	-3.659467E-13	 3.785684E-13	-8.093142E-03	 5.648048E-14	 4.501356E-13	-6.600153E-03	-5.431797E-14	 3.202625E-13	-3.926367E-03	 3.211135E-13	 2.748309E-13	-2.712744E-03	 1.978973E-13	 8.706225E-14	-1.822325E-03	 2.025908E-13	 1.792660E-13	-9.639173E-04	 1.865800E-13	-4.058572E-14	-1.129845E-03	-1.134040E-14	 2.247743E-13	-8.993646E-04	 8.778540E-14	 8.206529E-14	-6.862148E-04	-8.828573E-14	 3.441511E-13	-8.562134E-04	 3.565943E-14
0.97628	-7.548687E-01	-6.921757E-14	-1.645472E-14	-2.762581E-01	 1.678039E-13	-2.353552E-13	-1.347117E-01	 8.188379E-14	-2.416992E-13	-1.095859E-01	 2.091482E-13	-1.983961E-13	-6.896898E-02	 1.194813E-13	-2.417247E-13	-4.978480E-02	 3.433246E-15	 3.659997E-14	-3.506857E-02	-8.855660E-14	 1.835106E-13	-2.490399E-02	-1.797475E-14	 2.800566E-13	-1.746723E-02	-2.516436E-13	 1.705248E-13	-1.214632E-02	 1.129416E-13	 2.733927E-13	-8.956656E-03	-1.106750E-13	 1.253130E-13	-7.407744E-03	-5.813515E-14	 2.812238E-13	-4.429637E-03	-1.906772E-13	 1.458811E-13	-3.302110E-03	-1.903289E-13	 2.540986E-13	-2.087061E-03	-2.183319E-13	 2.945999E-14	-1.081197E-03	-7.702671E-14	 1.271909E-13	-1.300333E-03	-4.071217E-14	-1.346005E-13	-8.770358E-04	 1.064575E-13	 1.261823E-15	-8.257293E-04	 1.412443E-13	-1.751809E-13	-9.648110E-04	 1.763778E-13
0.98160	-7.473000E-01	-2.673812E-13	-4.958985E-14	-2.644012E-01	-2.335198E-13	 3.186294E-14	-1.312557E-01	-3.480216E-13	 1.614977E-13	-1.119339E-01	-1.523829E-13	 1.775573E-13	-7.068059E-02	-2.632678E-13	 1.518597E-13	-5.298905E-02	-2.962105E-13	 3.262374E-15	-3.783421E-02	-2.335558E-13	-4.779936E-14	-2.735838E-02	-2.794217E-13	-1.605052E-13	-1.928508E-02	-2.095634E-13	-2.071769E-13	-1.340066E-02	-3.533172E-13	-1.583305E-13	-1.055107E-02	-3.579283E-13	-1.225072E-13	-8.668435E-03	-4.771825E-13	-5.383394E-14	-5.490861E-03	-5.837902E-13	 4.944644E-14	-4.595848E-03	-5.329857E-13	 7.034739E-14	-2.632992E-03	-5.955459E-13	 1.863571E-13	-1.583508E-03	-4.310500E-13	 1.726409E-13	-1.615705E-03	-3.819843E-13	 2.681986E-13	-8.027577E-04	-2.202447E-13	 2.421504E-13	-1.148959E-03	-1.191191E-13	 3.015258E-13	-1.004658E-03	-2.271466E-14
0.98689	-7.334072E-01	 2.702868E-13	 2.365152E-13	-2.384551E-01	 1.892435E-13	 1.699259E-13	-1.206494E-01	 3.026789E-13	 1.302740E-13	-1.122925E-01	-3.427293E-14	 1.944189E-13	-7.161656E-02	 1.694196E-13	 6.616472E-14	-5.907751E-02	-1.173638E-13	 3.149745E-13	-4.352998E-02	-1.073555E-13	 1.701380E-13	-3.354658E-02	-4.969025E-14	 1.875541E-13	-2.398426E-02	-1.061855E-13	 8.110594E-14	-1.723636E-02	 5.084011E-14	-6.625060E-16	-1.430247E-02	 5.724879E-14	-6.402131E-14	-1.109369E-02	 1.153675E-13	-1.853219E-13	-8.590714E-03	 1.765751E-13	-1.744926E-13	-7.587621E-03	 1.578532E-13	-2.868138E-13	-4.618936E-03	 1.694418E-13	-2.213261E-13	-4.060739E-03	 1.666289E-13	-2.747997E-13	-2.545864E-03	 1.151361E-13	-1.954795E-13	-1.620279E-03	 1.451564E-13	-1.793871E-13	-1.821533E-03	 8.932746E-14	-1.101487E-13	-8.648580E-04	 1.065541E-13
0.99216	-7.164465E-01	-1.856190E-14	-4.119058E-14	-2.051032E-01	-8.175029E-14	 1.868494E-13	-1.064700E-01	-1.475686E-13	-1.428664E-14	-1.081158E-01	-1.505594E-13	 2.399630E-13	-6.873464E-02	-1.779902E-13	-3.624329E-15	-6.438428E-02	-8.533289E-14	 2.892384E-14	-4.852220E-02	-2.913963E-14	 3.597904E-14	-4.146284E-02	 3.269975E-15	-1.503668E-13	-3.024439E-02	 1.464249E-13	-5.503779E-14	-2.386930E-02	 9.959077E-14	-2.111271E-13	-1.926715E-02	 1.316898E-13	-1.402396E-13	-1.463591E-02	 9.077296E-14	-1.176186E-13	-1.303512E-02	-1.041759E-14	-1.322087E-13	-1.048319E-02	-3.118755E-14	 3.276500E-14	-8.551364E-03	-1.104797E-13	-5.141899E-14	-7.716075E-03	-1.515303E-13	 1.290473E-13	-5.163846E-03	-1.001391E-13	 3.456936E-14	-5.022215E-03	-1.726689E-13	 1.316028E-13	-3.103040E-03	-3.026939E-14	 7.513262E-14	-2.723398E-03	-9.693385E-14
0.99739	-6.994084E-01	-3.232628E-14	-8.101645E-14	-1.734604E-01	-4.544519E-14	-1.304403E-13	-9.428885E-02	 3.508739E-14	-8.984223E-14	-1.003264E-01	 2.822460E-14	-2.023533E-13	-6.327473E-02	 8.435852E-15	-2.277374E-14	-6.609383E-02	 8.305059E-14	-8.624646E-14	-4.941667E-02	 3.587867E-14	 7.643674E-14	-4.727478E-02	 6.877269E-14	 3.880608E-14	-3.510092E-02	 3.573780E-14	 1.223894E-13	-3.105916E-02	 3.230778E-14	 1.447941E-13	-2.417889E-02	 2.312633E-14	 1.092209E-13	-1.992465E-02	 1.411306E-14	 2.007543E-13	-1.717736E-02	 3.035882E-14	 7.512273E-14	-1.358783E-02	 3.897547E-14	 1.832984E-13	-1.250666E-02	 6.361075E-14	 4.406276E-14	-1.013614E-02	 1.016579E-13	 9.761500E-14	-8.939153E-03	 1.092763E-13	 1.830227E-14	-7.877740E-03	 1.766043E-13	-2.265421E-14	-6.111914E-03	 1.494744E-13	-1.142917E-14	-5.938619E-03	 2.353065E-13
