r	   0/   0	   0/   1	   1/  -1	   1/   0	   1/   1	   2/  -1	   2/   0	   2/   1	   3/  -1	   3/   0	   3/   1	   4/  -1	   4/   0	   4/   1	   5/  -1	   5/   0	   5/   1	   6/  -1	   6/   0	   6/   1	   7/  -1	   7/   0	   7/   1	   8/  -1	   8/   0	   8/   1	   9/  -1	   9/   0	   9/   1	  10/  -1	  10/   0	  10/   1	  11/  -1	  11/   0	  11/   1	  12/  -1	  12/   0	  12/   1	  13/  -1	  13/   0	  13/   1	  14/  -1	  14/   0	  14/   1	  15/  -1	  15/   0	  15/   1	  16/  -1	  16/   0	  16/   1	  17/  -1	  17/   0	  17/   1	  18/  -1	  18/   0	  18/   1	  19/  -1	  19/   0	  19/   1
0.10206	 4.235642E-01	 1.368630E-14	 4.680223E-14	-2.808873E-02	-5.699510E-15	 2.168265E-14	-1.480725E-01	-5.609657E-14	 2.196714E-14	-1.976410E-02	-1.280887E-14	 9.514404E-15	-2.370738E-03	 2.048550E-14	-1.159421E-14	-8.197271E-04	 2.602210E-15	 8.539638E-15	 3.445191E-04	 1.022860E-14	 2.067904E-14	-2.895486E-04	 8.605361E-15	 5.839900E-15	-1.710137E-04	-1.321039E-15	 9.229382E-15	 2.077332E-04	-9.831674E-15	-1.103653E-14	-1.215685E-07	-6.330229E-16	-1.451473E-14	-2.855712E-05	-6.301053E-16	-4.560859E-16	 3.316944E-05	-5.736210E-15	 1.275774E-14	 1.468580E-05	-3.897988E-15	-1.025056E-14	-3.886470E-05	 2.022894E-15	-9.809888E-15	-2.145919E-05	-5.152114E-15	 1.815278E-14	 5.734942E-06	-1.158624E-14	 2.327188E-15	 3.585587E-06	 2.050160E-14	-1.083965E-15	-1.428550E-06	 5.721641E-15	-1.919166E-15	 2.444948E-07	-3.832688E-15
0.14434	 4.145572E-01	 1.100416E-14	-2.807294E-14	-3.561609E-02	 3.491166E-14	 6.450559E-14	-1.482893E-01	-9.170669E-14	 1.646802E-14	-3.248474E-02	-9.543215E-15	 1.078625E-14	-4.999441E-03	 2.853874E-14	-6.070774E-15	-1.471106E-03	-2.147402E-14	-2.590421E-14	 7.798061E-04	-2.328933E-14	 1.674993E-14	 1.736625E-04	-1.462892E-14	 4.195699E-15	-1.160761E-03	 8.566188E-14	 2.453654E-14	 3.729134E-04	-5.080303E-14	 2.859907E-14	 7.041413E-04	-2.789585E-14	 1.210684E-14	-4.459527E-04	 1.392435E-14	-1.282375E-14	-1.931603E-04	 1.024179E-14	-2.227869E-14	 1.775833E-04	 2.766607E-14	 3.863269E-14	 7.965686E-05	-4.107645E-14	-3.091144E-14	-4.340276E-05	 2.627614E-14	-6.988282E-15	-3.009099E-05	-1.755114E-14	 3.972483E-15	 1.464544E-06	-4.346646E-16	 1.657576E-14	-8.174186E-07	 2.618871E-14	-4.348124E-15	-3.400734E-06	 2.765548E-14
0.17678	 4.222590E-01	-2.041561E-14	-1.059101E-13	-4.240840E-02	 8.295800E-14	-4.988660E-14	-1.514397E-01	 3.618436E-14	-2.134834E-14	-4.240456E-02	 4.755770E-14	 1.250959E-15	-8.076211E-03	 8.426716E-15	 1.530102E-14	-1.934301E-03	-1.442117E-14	-2.874236E-14	 3.717082E-04	-5.146893E-14	-2.678764E-14	 8.588463E-04	 4.481911E-15	 2.394771E-14	-9.736881E-04	 2.037568E-14	 6.925323E-15	-3.331266E-04	-2.014531E-14	 1.842598E-15	 8.167662E-04	 1.144046E-14	 3.061054E-14	 6.989681E-06	 2.286052E-14	-4.259080E-15	-3.782191E-04	-2.413891E-15	-8.818691E-15	-8.025900E-05	 1.192674E-14	-3.168209E-14	 1.439383E-04	 2.237069E-15	 4.446699E-14	 7.067088E-05	-3.683620E-14	-8.524609E-15	-1.255692E-05	 1.239868E-14	-9.779176E-15	-8.294440E-06	 1.036362E-14	-2.233115E-14	-2.945281E-07	 5.752545E-15	 1.640571E-14	-6.159438E-06	 3.683507E-15
0.20412	 4.306659E-01	 4.458052E-14	 4.424914E-14	-4.796308E-02	 3.699515E-15	-1.330487E-13	-1.546953E-01	 7.833837E-14	-9.234007E-14	-4.965987E-02	 7.518909E-14	-4.262611E-14	-1.087592E-02	 7.094448E-15	 2.540080E-14	-2.493319E-03	 1.216882E-14	 8.647052E-15	-2.807757E-04	-2.335914E-14	-5.308991E-14	 1.004222E-03	 3.284679E-14	 1.005639E-14	-1.170816E-04	-3.838709E-14	 3.012108E-14	-7.094861E-04	-8.066776E-16	 9.686120E-15	 1.925937E-04	 5.765434E-14	-1.571674E-14	 4.428314E-04	-1.229881E-14	-3.297598E-14	-6.334697E-05	-7.689005E-15	 4.892665E-14	-2.496995E-04	-4.047201E-14	-1.241811E-14	-1.484433E-05	 4.964849E-14	-8.055278E-15	 6.976118E-05	 2.729529E-15	 6.612814E-15	 1.984141E-05	-3.305207E-14	 1.531010E-15	 1.520013E-06	-6.975306E-15	 8.012109E-15	 8.592108E-06	-1.019397E-14	-2.365789E-15	 1.947607E-06	-1.003685E-14
0.22822	 4.371674E-01	 7.352943E-14	-2.654999E-13	-5.379019E-02	 3.188782E-13	-2.302057E-13	-1.567630E-01	 2.189637E-13	-1.049339E-13	-5.429311E-02	 3.810395E-14	-6.831169E-14	-1.289867E-02	 1.047951E-14	-5.068905E-15	-2.778428E-03	 5.580435E-14	 2.891283E-15	-7.247974E-04	 3.342842E-14	-5.751671E-14	 7.924485E-04	-2.522206E-15	-1.589318E-14	 4.292115E-04	 1.207675E-15	 3.082347E-15	-6.222403E-04	-3.048526E-15	 1.233332E-14	-2.045252E-04	 2.712870E-14	-3.143906E-14	 4.347393E-04	 4.219404E-15	-2.232266E-14	 1.336735E-04	 1.156928E-14	 1.653800E-14	-1.906185E-04	-3.188066E-14	 3.561033E-14	-7.978598E-05	-1.170537E-14	 5.289702E-15	 3.021057E-05	 3.493431E-14	-1.107021E-14	 1.894707E-05	 2.058500E-14	-1.969183E-14	 3.125869E-07	-2.520632E-14	-6.625444E-15	 7.336426E-06	-3.327840E-14	-8.367903E-15	 6.681534E-06	 1.401564E-14
0.25000	 4.411121E-01	 2.025980E-14	 1.321118E-13	-6.029648E-02	-6.235449E-14	-6.381775E-14	-1.575319E-01	 6.063111E-14	-4.406391E-14	-5.634967E-02	-3.736822E-14	-2.351565E-15	-1.396804E-02	-2.021769E-14	-1.882603E-14	-2.799369E-03	 4.047064E-14	 2.213883E-14	-9.251996E-04	 1.235081E-14	 1.326323E-14	 4.657515E-04	-4.963490E-14	-2.511770E-14	 7.183539E-04	-3.116312E-14	-1.568132E-15	-3.603433E-04	 4.259922E-14	 3.288174E-14	-4.279574E-04	-2.765741E-14	-1.173999E-14	 2.815594E-04	-9.921927E-15	 2.102988E-14	 2.395689E-04	 1.883377E-14	-3.907918E-14	-9.082968E-05	 1.924001E-14	 5.111844E-15	-1.045741E-04	-3.033871E-14	 1.758070E-14	-3.614089E-06	-2.629543E-15	 1.503070E-14	 1.902000E-05	 1.911862E-14	 4.855229E-15	 2.093230E-06	 9.573946E-16	-2.060873E-14	 1.959781E-06	 9.155079E-15	-1.728677E-14	 5.196533E-06	-1.537444E-14
0.27003	 4.426897E-01	 4.371052E-14	 1.330319E-13	-6.729081E-02	-4.551699E-14	 1.205804E-13	-1.573151E-01	-1.328614E-13	-2.647675E-14	-5.628041E-02	-4.096988E-14	 1.031809E-14	-1.411658E-02	-1.494075E-14	-1.663876E-15	-2.581494E-03	 6.995960E-15	-1.247329E-14	-9.287774E-04	-5.171482E-15	 6.047145E-14	 1.428127E-04	-8.588364E-14	 3.142920E-14	 8.100487E-04	-6.157688E-14	-3.507424E-14	-6.950234E-05	 5.730415E-14	 2.459881E-15	-4.906080E-04	-3.711358E-14	 5.464618E-14	 1.024247E-04	-4.254440E-14	 5.440479E-14	 2.465061E-04	-2.603348E-14	-4.017190E-14	 1.026679E-06	 2.860636E-14	-1.115561E-14	-8.454035E-05	 3.763712E-14	-2.886302E-14	-2.654197E-05	 1.226637E-14	 5.151193E-15	 8.742020E-06	-1.829353E-15	-3.109738E-15	 2.611696E-06	 1.030603E-14	 2.620906E-15	 2.165662E-07	-1.626594E-14	-3.911655E-15	 3.713008E-06	-1.513681E-14
0.28868	 4.424943E-01	-7.962405E-14	 4.682247E-13	-7.428711E-02	-5.105335E-13	 6.206986E-13	-1.565219E-01	-5.340869E-13	 2.419629E-13	-5.473905E-02	-2.127397E-13	 8.546314E-14	-1.357781E-02	-1.189758E-14	 3.803524E-14	-2.213924E-03	-2.323666E-14	-2.284103E-14	-8.060137E-04	-2.359374E-14	 1.141645E-15	-1.124619E-04	-2.909884E-14	 1.901925E-14	 7.775996E-04	-2.813459E-14	 3.436029E-15	 1.683937E-04	 4.897114E-14	-5.814077E-14	-4.495531E-04	 6.577676E-14	 2.818730E-14	-3.524922E-05	-1.762915E-14	 5.355354E-14	 1.982257E-04	-5.618890E-14	-2.804486E-14	 5.615888E-05	-5.308091E-15	 1.597234E-14	-4.900889E-05	-4.048648E-15	-1.542114E-14	-3.168118E-05	 4.352733E-14	-1.072062E-14	-9.011954E-07	 3.089892E-14	 2.737160E-14	 1.771757E-07	-1.179474E-14	 1.428541E-14	-1.705498E-06	-3.141613E-14	-5.750606E-15	 1.983483E-06	-1.032360E-14
0.30619	 4.411380E-01	-1.275004E-13	-1.426955E-15	-8.084054E-02	-2.062398E-13	 1.848360E-13	-1.554847E-01	-1.577302E-13	 1.183534E-13	-5.231870E-02	-2.654437E-14	 9.917388E-14	-1.262111E-02	 5.114646E-15	 6.862693E-14	-1.793173E-03	-1.540239E-14	 6.293147E-14	-6.256104E-04	-4.159964E-14	-2.846010E-14	-2.819495E-04	-1.065419E-14	-2.404642E-14	 6.865994E-04	-6.620741E-15	-1.866010E-14	 3.303714E-04	 5.921665E-14	-3.132203E-14	-3.620644E-04	 6.382838E-14	 1.135581E-14	-1.173607E-04	 3.319423E-14	 3.192146E-14	 1.351147E-04	 1.541106E-15	 1.543686E-14	 7.779278E-05	-4.338062E-14	-4.167636E-14	-1.718808E-05	-1.910981E-14	-1.019635E-14	-2.647586E-05	 1.458415E-16	 6.045303E-15	-6.091922E-06	 1.999411E-14	-1.997647E-14	-2.353119E-06	-1.615989E-14	 7.873677E-16	-3.551245E-06	 2.200935E-14	 3.681178E-14	-6.287992E-09	 5.063396E-15
0.32275	 4.390554E-01	 1.211571E-16	-3.938275E-13	-8.674014E-02	 3.778888E-13	-2.789076E-13	-1.544192E-01	 2.640300E-13	-1.485002E-13	-4.940118E-02	 1.118368E-13	-2.998508E-14	-1.142870E-02	 1.503765E-14	 5.785855E-14	-1.373112E-03	-7.038655E-14	 3.553512E-14	-4.300222E-04	-5.675766E-15	 3.072250E-14	-3.709041E-04	 4.487472E-14	-4.715358E-15	 5.816800E-04	-4.817005E-14	-4.231255E-14	 4.245262E-04	 5.467292E-15	 3.344048E-15	-2.658406E-04	-3.992494E-14	 9.503309E-17	-1.544077E-04	 3.987843E-14	 1.583310E-14	 7.926778E-05	 1.086109E-14	 3.495700E-14	 7.887129E-05	 1.582600E-14	-1.396683E-14	 4.455091E-06	-3.686367E-15	-1.968467E-14	-1.843371E-05	-3.578122E-14	-2.477665E-14	-7.717359E-06	 2.373140E-15	-4.209480E-15	-3.728765E-06	 5.222991E-14	-2.678425E-14	-4.664408E-06	 3.410212E-14	-2.705270E-14	-1.737003E-06	 3.658745E-15
0.33850	 4.365760E-01	 2.468809E-14	-1.755580E-13	-9.186974E-02	 2.046007E-13	-3.308723E-13	-1.534676E-01	 3.294933E-13	-1.487562E-13	-4.627169E-02	 9.983337E-14	-1.913931E-14	-1.013656E-02	-2.098032E-14	-1.352912E-14	-9.822847E-04	-5.711122E-14	 2.703433E-14	-2.402420E-04	 6.128934E-15	 2.806557E-15	-3.916174E-04	 5.941102E-14	 2.144362E-14	 4.874864E-04	-7.338142E-14	 5.642156E-15	 4.671980E-04	-3.840128E-14	 1.735184E-15	-1.797555E-04	-1.012499E-14	 1.706661E-14	-1.614749E-04	-4.964803E-14	-3.271753E-14	 3.847086E-05	-7.789796E-15	 1.874897E-14	 7.054363E-05	 2.391133E-14	 1.318816E-14	 1.629546E-05	 7.680655E-15	 3.942597E-14	-1.173667E-05	-1.243200E-14	 7.457612E-15	-7.739197E-06	-4.386030E-14	-2.194147E-14	-4.026269E-06	 1.672947E-14	 7.483448E-16	-4.846361E-06	 1.527223E-14	 2.970077E-15	-2.836211E-06	 3.875517E-14
0.35355	 4.340403E-01	 3.929679E-14	-4.252191E-14	-9.604252E-02	 3.463132E-14	-7.534621E-14	-1.527463E-01	 9.945685E-14	-4.267690E-14	-4.326117E-02	 6.461145E-14	-3.822536E-14	-8.903296E-03	-1.784411E-14	-2.929522E-14	-6.546837E-04	-1.337940E-14	 1.231037E-14	-7.009255E-05	 1.366457E-14	 1.768441E-14	-3.580837E-04	 1.893324E-14	-5.122460E-14	 4.143272E-04	-6.126803E-15	 3.648845E-14	 4.728327E-04	-3.788949E-14	-2.614717E-14	-1.100005E-04	-1.024686E-14	-2.462359E-14	-1.498969E-04	-2.624914E-14	-1.041865E-14	 1.271880E-05	 2.208643E-14	-4.863238E-14	 5.887287E-05	-1.044713E-14	 1.021273E-14	 2.073655E-05	-1.963001E-14	 3.681197E-14	-7.420831E-06	-1.367592E-14	-1.857564E-14	-7.345834E-06	 1.695067E-15	 1.133153E-14	-3.810229E-06	-3.500343E-14	-5.299242E-15	-4.380561E-06	 1.864587E-14	 1.771069E-14	-3.249787E-06	-1.669212E-15
0.36799	 4.317222E-01	 1.193149E-13	 1.409210E-13	-9.909899E-02	-3.984560E-14	 1.378388E-13	-1.523206E-01	-5.565175E-14	 6.353313E-14	-4.066833E-02	-6.504080E-14	-6.311230E-14	-7.868829E-03	-6.630500E-14	-6.248782E-14	-4.183213E-04	-1.033692E-14	-3.189592E-14	 7.257686E-05	-3.301455E-15	-2.161864E-15	-2.846509E-04	 3.336475E-14	-4.531424E-14	 3.637346E-04	 2.962007E-14	-3.544445E-14	 4.530648E-04	-9.343782E-15	 1.278269E-14	-5.590165E-05	-4.395420E-15	-4.660251E-14	-1.268343E-04	 2.290737E-14	 3.491540E-15	-1.108033E-06	 1.794717E-14	 1.683053E-14	 4.619222E-05	-2.448382E-14	-9.599302E-15	 2.001117E-05	-1.474764E-14	-2.536785E-14	-4.966773E-06	 7.813195E-15	 8.379017E-15	-6.749254E-06	 2.485007E-15	-4.616159E-14	-3.470833E-06	 1.699676E-14	 1.560554E-14	-3.703965E-06	-9.560740E-15	 1.739647E-14	-3.187087E-06	-1.491929E-15
0.38188	 4.297298E-01	 7.491383E-14	 2.267845E-13	-1.010725E-01	-1.624116E-13	 1.902098E-13	-1.521888E-01	-1.580582E-13	 8.126460E-14	-3.861377E-02	-9.707119E-14	-1.112538E-14	-7.081079E-03	-5.207161E-14	-4.797599E-14	-2.712469E-04	-1.735171E-14	-3.998342E-14	 1.900653E-04	-8.064012E-15	-4.790505E-14	-1.847842E-04	 3.388056E-14	-1.066745E-14	 3.329519E-04	 2.177427E-14	-4.269034E-14	 4.181542E-04	 3.188104E-14	-1.237340E-14	-1.433696E-05	 3.852564E-14	-2.585029E-14	-9.747148E-05	 3.085318E-14	-2.987832E-15	-6.635396E-06	 2.547077E-14	 6.838909E-15	 3.357217E-05	-2.343717E-14	 4.626058E-14	 1.589263E-05	 4.522566E-15	 2.194668E-15	-3.745000E-06	-1.753982E-14	-1.697134E-14	-5.879500E-06	 1.493613E-14	 2.198883E-14	-3.092901E-06	-1.770781E-14	 5.651964E-15	-3.083933E-06	 5.613126E-14	-2.009365E-14	-2.918710E-06	-5.703867E-15
0.39528	 4.280269E-01	-4.713910E-14	-2.438735E-13	-1.021678E-01	 2.550626E-13	 7.767703E-14	-1.522998E-01	-1.008276E-13	-3.557954E-15	-3.704322E-02	 2.023593E-14	-1.783593E-14	-6.503719E-03	-4.919301E-15	-2.548499E-14	-1.871274E-04	 3.952315E-14	-2.438337E-14	 2.908813E-04	 4.729796E-14	 2.731062E-14	-7.066023E-05	-5.982615E-14	 5.141678E-14	 3.178412E-04	-1.150317E-14	 1.154333E-15	 3.771679E-04	-1.605023E-14	-2.587885E-14	 1.784416E-05	 1.227858E-14	-2.824333E-14	-6.619245E-05	 4.552317E-14	-7.629655E-15	-6.915932E-06	 6.193966E-15	-1.652964E-14	 2.201621E-05	 4.346627E-15	-4.551626E-15	 9.904304E-06	 3.403920E-14	 1.603416E-14	-3.492548E-06	 1.010078E-14	 3.285840E-14	-4.871464E-06	-1.868378E-14	 1.414778E-14	-2.651030E-06	 2.100481E-14	 1.642167E-15	-2.563860E-06	-3.764639E-14	-2.971037E-15	-2.620796E-06	 3.283872E-15
0.40825	 4.265029E-01	-1.338527E-14	 4.437909E-13	-1.026707E-01	-4.561917E-13	-1.227977E-14	-1.525898E-01	-3.017127E-14	-2.774682E-14	-3.579951E-02	-4.665265E-14	 8.935712E-14	-6.050366E-03	-8.576271E-14	 1.761103E-14	-1.272805E-04	 4.180688E-14	 3.599990E-15	 3.857235E-04	 4.393544E-14	 8.971235E-14	 4.789607E-05	-3.942328E-14	 2.801835E-14	 3.143922E-04	-3.551107E-14	 5.825924E-14	 3.371266E-04	-2.823099E-14	 7.274318E-14	 4.305087E-05	-8.397294E-14	-4.397057E-14	-3.644932E-05	 2.074983E-14	-1.667615E-14	-4.254224E-06	-5.515137E-14	 1.356779E-14	 1.234208E-05	 3.234523E-14	 1.602529E-15	 3.349421E-06	-6.659227E-15	-3.066277E-14	-4.075663E-06	 5.359698E-14	-8.881477E-15	-4.019218E-06	-9.890006E-15	 1.596903E-14	-2.195212E-06	-5.497600E-15	 4.007878E-15	-2.115113E-06	-2.084361E-14	-5.294770E-15	-2.361421E-06	 2.619562E-15
0.42081	 4.250667E-01	-8.945618E-14	-4.893542E-13	-1.028097E-01	 4.330364E-13	-4.313175E-13	-1.530084E-01	 3.431046E-13	-1.030502E-13	-3.474515E-02	 2.261567E-14	 1.199352E-13	-5.647030E-03	-3.077088E-15	 5.917514E-14	-6.182624E-05	 2.825955E-14	 8.595355E-14	 4.818401E-04	 6.226794E-14	 1.418279E-14	 1.635222E-04	 1.876757E-14	-4.658340E-14	 3.192778E-04	 6.749935E-14	 5.333332E-15	 3.025107E-04	-8.516048E-15	 2.993571E-14	 6.302198E-05	-7.241259E-14	 1.138952E-14	-1.041502E-05	-3.118016E-14	-2.896646E-14	-2.484695E-07	 8.302833E-15	 4.270965E-14	 4.956564E-06	-2.100425E-14	-8.427522E-15	-2.808304E-06	 5.510845E-15	 1.140508E-14	-5.327375E-06	-7.908612E-15	-7.751637E-15	-3.601079E-06	 2.209232E-14	-4.138303E-14	-1.854723E-06	-1.641113E-14	-1.000512E-14	-1.726967E-06	 1.002669E-14	 1.045205E-14	-2.145358E-06	-8.573862E-15
0.43301	 4.236856E-01	-1.388179E-13	-4.771665E-13	-1.026943E-01	 2.604378E-13	-2.430495E-13	-1.535179E-01	 2.158183E-13	-7.714610E-15	-3.381888E-02	 7.635300E-14	 6.586446E-14	-5.269360E-03	 8.134520E-14	 2.512306E-14	 1.644852E-05	 1.465825E-14	 2.986700E-16	 5.796278E-04	 7.701433E-14	-1.614657E-14	 2.707476E-04	 5.419754E-14	-7.747424E-14	 3.298808E-04	 7.981016E-14	-2.240716E-15	 2.755595E-04	 1.876692E-14	-1.460012E-14	 7.924029E-05	-4.435988E-14	 5.712293E-15	 1.118235E-05	-1.323918E-14	 3.369673E-15	 4.084802E-06	 6.020465E-15	-1.160989E-14	-2.685140E-07	 2.508094E-14	-2.278019E-14	-8.046624E-06	 3.176839E-14	-2.610464E-14	-6.988291E-06	 7.733594E-15	-3.509848E-14	-3.727597E-06	 1.454930E-14	 2.609276E-14	-1.760096E-06	-2.106765E-14	 1.607553E-14	-1.430338E-06	-4.481775E-14	 1.247235E-14	-1.963394E-06	-4.838415E-15
0.44488	 4.223525E-01	 1.628809E-14	-1.986464E-13	-1.023815E-01	 1.026765E-13	 2.521698E-13	-1.540868E-01	-1.884002E-13	 1.539148E-13	-3.298914E-02	 6.695163E-14	-2.551509E-14	-4.917402E-03	-3.787431E-14	-1.866946E-14	 1.023981E-04	-3.841055E-14	-7.936139E-14	 6.760853E-04	-5.472874E-14	-1.179560E-14	 3.660255E-04	 1.231399E-15	 3.333982E-14	 3.442766E-04	-4.122939E-14	 1.321423E-15	 2.570439E-04	-1.418201E-14	 2.886614E-14	 9.300984E-05	-9.589033E-15	 1.266792E-14	 2.859201E-05	-3.519943E-14	 6.113008E-14	 8.181026E-06	 4.998019E-15	-6.691695E-14	-3.786778E-06	 2.733250E-14	 2.719336E-15	-1.224257E-05	 4.380909E-15	-2.430772E-14	-8.797677E-06	-2.229717E-15	 4.871641E-15	-4.332391E-06	 1.016651E-14	 1.034807E-14	-1.961543E-06	-1.819054E-14	 1.482090E-14	-1.267763E-06	 3.760324E-15	-8.613365E-15	-1.824474E-06	-3.635904E-15
0.45644	 4.210417E-01	-1.784946E-14	 1.070510E-12	-1.019511E-01	-1.232149E-12	 3.099886E-13	-1.546897E-01	-2.890599E-13	 5.829489E-14	-3.219929E-02	 9.435326E-14	-1.215756E-14	-4.574887E-03	 1.844164E-14	 6.389721E-14	 1.965600E-04	-1.821628E-14	-3.327656E-15	 7.702267E-04	-1.195313E-14	 6.683159E-14	 4.479061E-04	-3.908033E-14	 6.616785E-14	 3.610570E-04	-7.123850E-14	 7.297893E-15	 2.468130E-04	-6.343890E-14	-1.966266E-14	 1.052682E-04	-1.258184E-14	 5.957281E-14	 4.232779E-05	-2.232053E-14	-4.381216E-15	 1.175572E-05	 9.309308E-15	 3.192599E-14	-6.042750E-06	 3.254389E-15	 2.333119E-16	-1.548408E-05	-4.064862E-14	 2.431649E-14	-1.061546E-05	-6.113713E-16	 1.570833E-14	-5.301598E-06	-3.117742E-15	-3.881231E-14	-2.425763E-06	-6.137783E-15	-6.421788E-15	-1.248101E-06	 1.475009E-14	-3.435753E-14	-1.745541E-06	 2.374184E-14
0.46771	 4.196885E-01	 2.233036E-14	-1.492528E-12	-1.015363E-01	 1.579374E-12	-4.716677E-13	-1.553053E-01	 4.395657E-13	-2.671724E-13	-3.134436E-02	 1.606464E-13	-8.847654E-14	-4.191606E-03	 8.917293E-14	-5.047275E-14	 3.132180E-04	 7.159852E-14	-4.080392E-14	 8.654909E-04	 6.442413E-14	-1.882874E-14	 5.169329E-04	 2.160305E-14	-1.730293E-14	 3.791226E-04	 6.204177E-15	 9.640533E-15	 2.439571E-04	-6.039249E-14	-6.010019E-14	 1.164041E-04	 1.082162E-14	 1.978201E-14	 5.276148E-05	-2.166275E-14	-4.484046E-14	 1.466734E-05	 1.792242E-14	 5.549940E-14	-7.328723E-06	 1.800949E-14	 5.468785E-14	-1.789779E-05	 1.109233E-14	 1.394259E-14	-1.241878E-05	-7.526713E-15	-2.701132E-14	-6.572111E-06	-9.076073E-15	 6.473936E-14	-3.100827E-06	 3.143348E-15	-2.757263E-14	-1.350768E-06	-4.199294E-14	 3.010921E-14	-1.733509E-06	-3.209940E-14
0.47871	 4.182459E-01	 2.085632E-14	 1.430555E-12	-1.012331E-01	-1.256413E-12	 5.225063E-13	-1.559217E-01	-4.280513E-13	 2.074635E-13	-3.034668E-02	-1.616408E-13	-1.103543E-15	-3.727755E-03	-6.076611E-14	-1.154155E-13	 4.644008E-04	-1.556109E-14	-4.736925E-14	 9.653288E-04	-2.553492E-14	-8.012261E-14	 5.746143E-04	 6.280426E-14	-5.068506E-14	 3.975796E-04	 4.946619E-14	-7.078280E-14	 2.470100E-04	 2.106260E-14	-5.346115E-15	 1.264795E-04	-2.037499E-14	-3.610987E-14	 6.022424E-05	 3.528912E-15	 6.474650E-15	 1.691887E-05	-4.469189E-14	 1.147334E-14	-7.795145E-06	-2.863880E-14	 2.719874E-15	-1.960296E-05	 5.418403E-15	 5.354139E-15	-1.425875E-05	 1.669596E-14	 4.934573E-14	-8.149445E-06	-4.514753E-15	-7.174432E-15	-3.959782E-06	 7.842025E-15	 2.641386E-16	-1.544942E-06	 1.957542E-14	-1.268927E-14	-1.777361E-06	-3.476031E-15
0.48947	 4.167328E-01	-8.504139E-14	-5.730016E-13	-1.010176E-01	 4.796252E-13	 1.608611E-13	-1.565381E-01	-1.684848E-13	 2.395540E-13	-2.922924E-02	-2.918474E-14	 5.412598E-14	-3.196613E-03	 1.110369E-14	-6.528841E-14	 6.449133E-04	-1.195707E-14	 2.380108E-14	 1.069452E-03	 7.165008E-15	-1.556007E-14	 6.228662E-04	 5.973585E-14	 8.148526E-15	 4.158645E-04	 9.178141E-14	-7.500637E-14	 2.542102E-04	 4.519147E-14	-4.376993E-15	 1.356493E-04	 7.646028E-15	-4.373837E-14	 6.540214E-05	 3.687973E-14	 4.192077E-14	 1.869965E-05	-4.347370E-14	-1.111914E-14	-7.623340E-06	-3.256986E-14	-1.584185E-14	-2.077740E-05	-1.253491E-14	 1.830442E-14	-1.617076E-05	-3.163420E-14	 6.274545E-15	-1.002867E-05	-1.494331E-14	-3.294261E-14	-5.003754E-06	 8.985800E-15	 2.964683E-14	-1.820167E-06	 3.788740E-14	 1.714872E-14	-1.858181E-06	 5.943379E-15
0.50000	 4.152402E-01	 1.099437E-13	 4.207897E-13	-1.007441E-01	-3.571299E-13	 2.559801E-14	-1.571699E-01	-9.106355E-14	-6.840532E-14	-2.812502E-02	-9.036225E-15	-1.261327E-13	-2.665121E-03	-1.730051E-14	 4.296029E-14	 8.337334E-04	-8.206093E-14	-6.301936E-15	 1.174635E-03	-6.549744E-14	 4.140865E-14	 6.641070E-04	-3.746732E-14	-9.261955E-15	 4.338451E-04	 6.110175E-14	 2.829174E-14	 2.637500E-04	-8.128967E-17	-2.058897E-14	 1.443706E-04	 6.590623E-14	 5.375804E-14	 6.948725E-05	 3.220908E-14	-5.408819E-14	 2.036037E-05	 3.606154E-14	 5.996433E-17	-7.123890E-06	 2.612815E-14	-1.104117E-14	-2.170047E-05	-3.311666E-16	 1.276543E-14	-1.813833E-05	-2.952212E-14	-4.797970E-14	-1.213682E-05	-2.375346E-14	 1.107444E-14	-6.236993E-06	 2.681538E-14	 2.766536E-14	-2.192363E-06	-1.332421E-15	 2.355535E-14	-1.961306E-06	 2.256453E-14
0.51031	 4.138810E-01	 1.668255E-13	-4.428048E-13	-1.002222E-01	 7.280293E-13	-4.105305E-13	-1.578329E-01	 4.454866E-13	-3.349979E-13	-2.721431E-02	 1.647466E-13	-1.796403E-13	-2.222068E-03	 2.950661E-14	 5.968694E-14	 1.004447E-03	-1.119068E-13	 1.216333E-14	 1.277134E-03	-8.860745E-14	 3.005626E-14	 7.011318E-04	-8.466291E-14	 5.098390E-14	 4.518140E-04	-8.372928E-14	 7.320343E-14	 2.741210E-04	-3.289462E-14	 5.099100E-14	 1.533804E-04	 1.707229E-14	-1.622557E-14	 7.397670E-05	-5.732045E-15	-5.592537E-15	 2.232074E-05	 3.600414E-14	-2.437370E-14	-6.681084E-06	 4.532363E-14	-4.180166E-14	-2.269707E-05	-1.126059E-15	-5.641557E-14	-2.010800E-05	 6.733971E-15	 6.172848E-14	-1.434804E-05	 8.746116E-15	 1.602126E-14	-7.653533E-06	-4.126674E-16	-4.184710E-14	-2.692299E-06	 3.883955E-14	-5.198028E-15	-2.081919E-06	-2.947709E-14
0.52042	 4.127375E-01	-1.449389E-13	 6.507247E-13	-9.931621E-02	-7.829214E-13	 2.187727E-13	-1.585384E-01	-2.261096E-13	 1.825423E-13	-2.663792E-02	-9.344742E-14	 1.821422E-13	-1.932099E-03	-5.010231E-14	 5.858369E-14	 1.139531E-03	 5.137517E-14	-1.798648E-14	 1.375296E-03	 1.057700E-13	-4.502068E-14	 7.365445E-04	-2.633766E-15	 4.217510E-14	 4.701949E-04	 1.220360E-14	-1.274563E-14	 2.842836E-04	 6.040600E-15	 3.132593E-14	 1.633740E-04	-2.487765E-14	 1.126548E-14	 8.015959E-05	-5.401663E-14	-1.673815E-14	 2.492513E-05	 4.963204E-14	-1.183103E-14	-6.599308E-06	-3.071020E-14	-4.559354E-14	-2.402595E-05	-2.135605E-14	-1.541093E-14	-2.203684E-05	 2.798021E-14	-1.463316E-14	-1.654524E-05	 3.862939E-15	 7.208004E-15	-9.234283E-06	 1.480036E-14	-1.968680E-14	-3.344632E-06	-4.134122E-14	-3.636503E-14	-2.225001E-06	 2.387774E-14
0.53033	 4.118159E-01	-7.235403E-14	-1.310994E-12	-9.802713E-02	 1.128811E-12	-2.358711E-13	-1.592878E-01	 2.272104E-13	 9.982736E-14	-2.642021E-02	 9.107345E-14	 7.544879E-14	-1.796943E-03	 2.700667E-14	 6.130335E-15	 1.241502E-03	 3.295925E-14	-4.536111E-14	 1.471344E-03	 3.064964E-14	-7.933795E-14	 7.721869E-04	 1.011743E-13	-2.782093E-14	 4.891459E-04	 9.734953E-14	-7.701308E-14	 2.935873E-04	 5.235446E-14	 2.719413E-15	 1.745884E-04	-1.427475E-14	-4.996349E-15	 8.859687E-05	-4.035615E-15	 1.263598E-14	 2.830309E-05	-1.916037E-15	 9.892175E-15	-6.980494E-06	-6.489877E-14	 1.077621E-14	-2.579074E-05	-6.899334E-15	 3.617290E-14	-2.393070E-05	 2.690160E-15	 2.064671E-14	-1.867847E-05	 3.186242E-14	-5.689014E-14	-1.095472E-05	-2.999944E-15	-1.963290E-14	-4.154027E-06	-2.443028E-15	 1.994716E-15	-2.401009E-06	-2.635666E-15
0.54006	 4.110676E-01	 3.000835E-14	 7.558505E-13	-9.647060E-02	-7.681535E-13	 8.214334E-14	-1.600746E-01	-5.720804E-14	 2.430513E-15	-2.647599E-02	-8.382756E-14	 1.966078E-14	-1.772468E-03	-3.260946E-14	-3.447185E-14	 1.323686E-03	-7.483903E-14	 3.861877E-14	 1.568609E-03	-3.160350E-14	 6.707452E-14	 8.086490E-04	-3.044460E-14	 8.915047E-14	 5.086031E-04	-7.813269E-14	 3.220330E-14	 3.018770E-04	 4.126509E-14	-9.755547E-15	 1.867890E-04	 1.300042E-14	-1.759734E-14	 9.903195E-05	 6.396128E-14	-1.211416E-14	 3.239116E-05	 2.157804E-14	-8.351050E-16	-7.667522E-06	-6.452288E-15	 7.806899E-15	-2.790993E-05	-1.183445E-14	 1.373479E-14	-2.585750E-05	-2.032082E-14	 4.325515E-14	-2.079854E-05	-4.350337E-14	 2.318424E-14	-1.280381E-05	-9.021982E-15	 2.345519E-15	-5.106399E-06	 1.372527E-14	-4.208578E-14	-2.620975E-06	 3.056968E-14
0.54962	 4.104568E-01	-2.911237E-14	 1.086766E-13	-9.474097E-02	-7.853784E-14	-7.405610E-13	-1.608793E-01	 6.245140E-13	-2.862851E-13	-2.671899E-02	 9.558421E-14	-2.142139E-14	-1.838213E-03	 4.323098E-14	 1.071734E-14	 1.384346E-03	 1.133987E-13	 8.777720E-14	 1.665016E-03	-2.301256E-15	 7.049139E-14	 8.449161E-04	-5.273920E-14	 4.500924E-14	 5.287886E-04	-9.009028E-14	 3.654183E-14	 3.099014E-04	-5.567822E-14	 1.434942E-14	 1.999206E-04	-1.308959E-14	 5.026318E-14	 1.109776E-04	 1.332955E-14	 5.531024E-14	 3.717831E-05	 3.802704E-14	-3.495291E-14	-8.277191E-06	 4.978726E-14	-3.228885E-14	-3.017565E-05	 1.817167E-14	-1.245016E-14	-2.793241E-05	-4.492795E-14	 1.816015E-14	-2.303473E-05	-7.629808E-15	 5.704521E-14	-1.479031E-05	-2.562669E-14	-1.209552E-14	-6.178390E-06	-1.058835E-14	 4.725377E-14	-2.894985E-06	-7.916673E-16
0.55902	 4.099150E-01	-1.158325E-13	-1.178926E-12	-9.298484E-02	 1.148996E-12	-4.354995E-13	-1.616814E-01	 3.524692E-13	-2.876990E-13	-2.701150E-02	 2.394100E-13	-1.058624E-13	-1.945370E-03	 2.007568E-13	 1.834860E-14	 1.430274E-03	 1.273982E-13	 2.330555E-14	 1.759577E-03	 2.455779E-14	-2.247261E-14	 8.793644E-04	 5.025539E-14	-4.710194E-14	 5.496119E-04	 7.552281E-15	-8.643938E-14	 3.183513E-04	 6.896416E-15	-5.454243E-14	 2.136994E-04	 3.246692E-14	 5.542332E-14	 1.236742E-04	-5.712737E-14	 2.019162E-14	 4.254793E-05	-2.713942E-15	 3.687549E-14	-8.489268E-06	-3.559749E-14	 2.440652E-14	-3.239688E-05	-5.699298E-16	 2.581906E-14	-3.023958E-05	 4.169661E-14	-5.033798E-15	-2.548550E-05	-6.542062E-15	-1.973581E-14	-1.691027E-05	-2.411197E-14	 1.327713E-14	-7.347770E-06	 1.879644E-15	 1.067901E-14	-3.236146E-06	-3.485085E-14
0.56826	 4.093175E-01	 2.250881E-13	 1.411111E-12	-9.143432E-02	-9.935231E-13	 8.515452E-13	-1.624702E-01	-7.764159E-13	 1.406743E-13	-2.714704E-02	-4.050214E-13	-5.574650E-14	-1.984818E-03	-1.754300E-13	-2.933716E-14	 1.493762E-03	-1.773399E-13	-3.224518E-14	 1.857596E-03	-1.724372E-14	-4.762054E-14	 9.106009E-04	 7.373825E-14	-3.924890E-14	 5.700999E-04	 5.801556E-14	-2.348548E-14	 3.270180E-04	 7.177283E-14	-2.996905E-14	 2.271490E-04	 1.648102E-14	-7.062830E-14	 1.358432E-04	 3.843487E-14	-3.985891E-14	 4.809150E-05	-4.409850E-14	 3.418059E-14	-8.124737E-06	-2.967580E-14	 4.908188E-15	-3.441511E-05	 3.811144E-14	 9.275430E-15	-3.283661E-05	-1.231635E-14	-1.466402E-14	-2.822930E-05	 3.276248E-14	 2.553995E-14	-1.914931E-05	 8.401148E-15	 4.502499E-14	-8.581595E-06	-2.106919E-14	-9.504979E-15	-3.646044E-06	-6.714450E-15
0.57735	 4.086006E-01	 2.975232E-13	 5.676002E-13	-9.019231E-02	-6.730802E-14	 6.304137E-13	-1.632365E-01	-5.144147E-13	 1.696984E-13	-2.702671E-02	-4.371386E-13	-3.181760E-14	-1.904610E-03	-3.108986E-13	 1.470076E-14	 1.590004E-03	-2.005649E-13	-5.878260E-14	 1.961235E-03	-1.727243E-14	 1.435881E-15	 9.376100E-04	-1.452498E-14	-2.281151E-14	 5.896542E-04	 6.443086E-14	 4.543691E-14	 3.357413E-04	-1.768740E-14	 3.190406E-14	 2.396466E-04	-7.626461E-14	-2.674555E-14	 1.465851E-04	-7.239253E-15	-1.000143E-14	 5.354314E-05	-1.443539E-14	-1.876227E-14	-6.985168E-06	 8.121769E-15	 1.242993E-15	-3.605180E-05	 2.249399E-14	-4.882079E-14	-3.577047E-05	 5.141862E-14	-3.762193E-14	-3.138484E-05	 8.195419E-15	-1.764481E-14	-2.154596E-05	 3.398643E-14	 3.376116E-14	-9.862666E-06	-2.592530E-14	 5.828224E-14	-4.111422E-06	-3.636205E-14
0.58630	 4.078140E-01	-1.049518E-13	 4.299576E-13	-8.915582E-02	-6.270518E-13	 1.910330E-13	-1.639783E-01	-1.702267E-13	 1.287879E-13	-2.672773E-02	 2.287023E-14	 6.617357E-14	-1.754821E-03	 4.123582E-14	 2.236982E-14	 1.701367E-03	 7.419852E-14	 6.288926E-14	 2.066560E-03	 3.723528E-15	 6.343830E-14	 9.603428E-04	-6.983051E-14	 5.168257E-15	 6.087721E-04	-4.837870E-14	 1.176107E-14	 3.448276E-04	-2.718657E-14	-3.813720E-14	 2.515036E-04	-4.414403E-16	 9.165079E-15	 1.560498E-04	 4.625392E-15	 2.954721E-15	 5.904614E-05	-2.516502E-14	 1.497198E-14	-4.938068E-06	 4.755511E-14	-4.113622E-15	-3.719362E-05	-3.430006E-14	-3.606438E-14	-3.901503E-05	-1.632899E-14	-4.278532E-14	-3.502256E-05	 3.956918E-14	-3.590232E-14	-2.418576E-05	 1.299247E-14	-3.062885E-14	-1.123123E-05	-2.569809E-15	 7.237813E-15	-4.632402E-06	 2.671943E-14
0.59512	 4.070326E-01	-2.951944E-13	-1.519612E-12	-8.817779E-02	 1.189807E-12	-5.945554E-13	-1.647088E-01	 6.236528E-13	-9.140164E-15	-2.637792E-02	 2.104976E-13	 5.683910E-14	-1.598297E-03	 1.453985E-13	-2.887461E-14	 1.811177E-03	 1.121335E-13	 1.618350E-14	 2.171480E-03	 1.886728E-14	 1.580156E-14	 9.799224E-04	-3.967368E-14	 4.103341E-14	 6.280255E-04	-3.610413E-14	 4.422363E-14	 3.541874E-04	 5.363429E-15	 4.601030E-14	 2.632255E-04	 3.198383E-14	-2.355492E-14	 1.648996E-04	 6.640616E-14	 1.888109E-15	 6.482996E-05	 4.290632E-14	-8.467312E-15	-2.088775E-06	 1.074081E-14	-2.884522E-14	-3.786737E-05	-1.752976E-14	 2.903838E-14	-4.245846E-05	-2.629735E-14	-1.431324E-14	-3.909443E-05	-6.959200E-14	-4.009020E-14	-2.713677E-05	 2.098550E-14	-2.547430E-14	-1.276295E-05	 2.040749E-14	-5.887839E-14	-5.229170E-06	 3.514299E-14
0.60381	 4.062998E-01	 1.507497E-13	 1.021090E-12	-8.715850E-02	-7.776919E-13	 5.084113E-13	-1.654412E-01	-4.543059E-13	 3.123165E-13	-2.607536E-02	-4.325698E-13	 1.749572E-13	-1.467651E-03	-3.366205E-13	 6.489148E-14	 1.916173E-03	-2.000084E-13	-1.838989E-14	 2.277426E-03	-1.098833E-13	-2.096337E-14	 9.978066E-04	-5.198974E-14	 4.873042E-15	 6.474921E-04	 2.121324E-15	 6.509166E-14	 3.631925E-04	-5.033046E-14	 3.078370E-14	 2.751183E-04	 5.986298E-15	 3.023408E-14	 1.737966E-04	 7.326190E-14	 2.711367E-14	 7.102396E-05	 1.928429E-14	-9.364292E-14	 1.339353E-06	 1.433324E-14	 5.063187E-14	-3.814898E-05	-3.262499E-14	 1.313883E-14	-4.596596E-05	-4.157374E-14	 2.873330E-14	-4.350333E-05	 1.224142E-14	-8.540022E-15	-3.043956E-05	-1.105000E-14	 1.534730E-14	-1.453146E-05	 1.957352E-14	 3.705613E-14	-5.929608E-06	-2.469684E-14
0.61237	 4.056457E-01	 2.885328E-13	 6.356365E-13	-8.602543E-02	-4.283114E-13	 3.751878E-13	-1.661849E-01	-3.617713E-13	 6.862176E-14	-2.589600E-02	-2.027920E-13	-3.798898E-14	-1.384625E-03	-2.173530E-13	-3.482574E-14	 2.015551E-03	-1.022014E-14	 5.018673E-15	 2.385846E-03	-1.952941E-14	 7.180037E-15	 1.015060E-03	-3.337637E-15	-6.359054E-14	 6.670231E-04	 1.514696E-14	-3.816313E-14	 3.711590E-04	-4.444733E-14	-3.716838E-14	 2.874155E-04	 1.215857E-14	 1.084634E-13	 1.833273E-04	 2.872385E-14	 1.700250E-14	 7.772944E-05	-7.652938E-15	 1.114196E-15	 5.189169E-06	 2.530051E-14	-1.103420E-14	-3.807022E-05	-2.086471E-14	 2.379359E-15	-4.942735E-05	-3.415635E-14	-1.713820E-14	-4.817365E-05	 9.909009E-15	 1.942422E-14	-3.412613E-05	 3.966683E-14	 1.096967E-14	-1.659928E-05	-1.935343E-14	 1.743081E-14	-6.766448E-06	 9.512139E-16
0.62082	 4.050744E-01	-1.300284E-13	-9.298961E-13	-8.476390E-02	 8.511737E-13	-6.018825E-13	-1.669410E-01	 7.066106E-13	-3.098154E-13	-2.586266E-02	 3.320207E-13	-1.715831E-13	-1.353282E-03	 2.795212E-13	-1.124269E-13	 2.112176E-03	 2.270771E-13	-9.723818E-14	 2.499048E-03	 5.300783E-14	-8.269242E-15	 1.032653E-03	-2.222427E-14	-6.603247E-14	 6.864522E-04	-6.302934E-15	-9.099203E-14	 3.774467E-04	-3.227471E-14	 2.867500E-16	 3.001293E-04	-2.481682E-14	 1.008483E-14	 1.938210E-04	-5.964953E-14	 8.613033E-14	 8.499719E-05	 1.028048E-14	 4.415263E-14	 9.385399E-06	 1.872188E-14	-3.229033E-15	-3.762851E-05	 5.473851E-14	-8.222618E-15	-5.276931E-05	 3.615991E-14	 1.912570E-14	-5.305390E-05	 8.103073E-15	-1.270017E-14	-3.821452E-05	-4.684970E-14	-6.780420E-14	-1.901453E-05	 4.893751E-14	-3.101592E-14	-7.776042E-06	-3.819340E-14
0.62915	 4.046050E-01	-1.983344E-13	-6.449470E-13	-8.335808E-02	 6.713255E-13	-1.307308E-12	-1.677155E-01	 1.232105E-12	-4.984292E-13	-2.599508E-02	 4.383737E-13	-6.377097E-14	-1.388074E-03	 2.694805E-13	-2.772473E-14	 2.204237E-03	 2.292521E-13	 5.690204E-14	 2.619303E-03	-3.597489E-14	-8.663556E-14	 1.051931E-03	 5.417815E-14	-1.450473E-14	 7.059241E-04	-2.026318E-14	 2.837322E-14	 3.816217E-04	-4.597195E-14	-5.445905E-14	 3.131463E-04	-5.361548E-15	-1.020572E-14	 2.054337E-04	-1.631967E-13	-3.227879E-14	 9.294231E-05	 2.779560E-14	 3.906204E-14	 1.401729E-05	-1.317234E-14	 4.104286E-14	-3.676708E-05	 3.762406E-14	 4.588947E-14	-5.596696E-05	 8.682034E-14	 3.127620E-14	-5.813507E-05	-1.335485E-14	 1.461471E-14	-4.272558E-05	-3.204761E-14	-4.698503E-14	-2.182236E-05	-4.480393E-14	-6.975082E-14	-9.003184E-06	 7.739775E-15
0.63738	 4.042863E-01	-5.576034E-14	 7.426748E-13	-8.175976E-02	-7.159698E-13	-6.875187E-14	-1.685117E-01	-5.976557E-14	-2.954078E-14	-2.633461E-02	-3.013445E-14	 6.463145E-14	-1.538842E-03	 5.861544E-14	 1.403336E-13	 2.277431E-03	 1.018030E-13	 1.046210E-13	 2.748860E-03	 1.858126E-14	-1.318351E-15	 1.075877E-03	 7.719486E-15	-7.364499E-15	 7.267195E-04	-3.500721E-14	-1.421888E-15	 3.837743E-04	 5.016018E-14	-1.192271E-14	 3.264707E-04	-2.755745E-14	-1.080646E-13	 2.184134E-04	-5.969387E-15	-9.303412E-14	 1.019142E-04	-5.177233E-14	-6.673961E-14	 1.938239E-05	-2.396675E-14	-3.973817E-14	-3.535477E-05	 3.839874E-14	 2.769742E-14	-5.900498E-05	 3.370817E-14	 2.675691E-14	-6.344116E-05	 2.063754E-14	 4.476057E-15	-4.771507E-05	-1.522309E-14	 4.401825E-14	-2.510286E-05	-1.347286E-14	-3.660097E-14	-1.051878E-05	-1.327772E-14
0.64550	 4.042541E-01	-8.975247E-14	-3.850792E-13	-7.982251E-02	-1.739843E-13	 5.321383E-13	-1.693514E-01	-5.866003E-13	 4.366513E-13	-2.699926E-02	 3.543347E-14	 1.159810E-13	-1.927527E-03	-1.448388E-14	 5.182384E-14	 2.292383E-03	-6.545152E-15	-6.358060E-14	 2.887738E-03	 9.609015E-14	 1.640498E-14	 1.109651E-03	 9.937283E-15	 1.831394E-14	 7.519453E-04	-7.506232E-15	 8.427719E-14	 3.848596E-04	 1.766658E-14	 6.969918E-14	 3.405246E-04	 2.718217E-14	-5.873335E-14	 2.334043E-04	 6.439088E-14	 1.453753E-14	 1.127094E-04	-4.059562E-14	-2.788149E-14	 2.607959E-05	 8.956970E-15	-4.442057E-14	-3.313464E-05	-8.126207E-14	-3.625322E-14	-6.183322E-05	 3.145862E-15	-3.772125E-14	-6.901671E-05	 4.203091E-14	 2.675588E-14	-5.330349E-05	 6.139278E-14	 2.351867E-14	-2.901568E-05	-4.770573E-14	 7.657072E-14	-1.245345E-05	 2.336540E-14
0.65352	 4.046978E-01	-1.478433E-13	-1.519902E-12	-7.731765E-02	 1.078166E-12	 3.055847E-13	-1.702543E-01	-2.577460E-13	 1.879909E-13	-2.817226E-02	 1.478303E-13	 1.022869E-13	-2.737496E-03	-9.064806E-14	 6.181228E-14	 2.188075E-03	-2.089564E-13	-4.309159E-14	 3.033871E-03	-5.300451E-14	 3.990114E-14	 1.160753E-03	-4.293573E-15	 3.652417E-14	 7.867695E-04	 6.386134E-14	 8.991991E-14	 3.867983E-04	 3.451444E-14	 1.050822E-13	 3.562490E-04	 6.397850E-14	 5.741498E-14	 2.515343E-04	 1.180528E-14	 2.701986E-14	 1.266132E-04	 2.330459E-14	 1.126885E-13	 3.502662E-05	-8.013998E-14	 3.658077E-14	-2.967385E-05	-6.423571E-14	-3.333385E-14	-6.428937E-05	-7.129048E-14	-4.294609E-14	-7.487528E-05	-6.281225E-15	-1.582958E-14	-5.967918E-05	-1.056413E-14	-1.075273E-14	-3.383408E-05	 1.192924E-13	-9.305968E-15	-1.503239E-05	 2.686383E-14
0.66144	 4.058721E-01	 2.540622E-13	 1.485255E-12	-7.396584E-02	-9.758124E-13	 8.141076E-13	-1.712780E-01	-7.552120E-13	-5.987093E-14	-3.007507E-02	-3.486319E-13	-1.339628E-13	-4.180780E-03	-9.811780E-14	-1.519405E-14	 1.889741E-03	-1.538320E-13	 1.178582E-13	 3.180335E-03	-1.935119E-13	 4.577315E-14	 1.236191E-03	-7.707499E-14	-2.682296E-14	 8.371080E-04	-1.521061E-14	-4.441282E-14	 3.918748E-04	 8.390605E-14	-7.050747E-14	 3.747061E-04	 1.384395E-14	-1.344243E-14	 2.740214E-04	 5.824465E-14	-4.510124E-14	 1.450894E-04	 1.881621E-14	 2.063285E-14	 4.731878E-05	 2.846693E-15	 3.246082E-14	-2.435984E-05	 1.230280E-14	 5.030999E-14	-6.605008E-05	-5.463372E-14	 4.815560E-14	-8.094528E-05	-6.773416E-14	 1.560956E-14	-6.704500E-05	 5.797383E-15	-1.127456E-14	-3.991238E-05	-2.785533E-14	 6.961160E-16	-1.857689E-05	 1.963417E-14
0.66927	 4.079978E-01	 1.877433E-13	 1.006070E-12	-6.949064E-02	-5.369740E-13	 2.331614E-13	-1.724474E-01	-2.189200E-13	-2.458131E-13	-3.291509E-02	-1.282717E-13	-2.461357E-13	-6.463693E-03	 2.221408E-13	-1.338971E-13	 1.312797E-03	 1.772172E-13	-2.124008E-14	 3.310061E-03	 7.630912E-14	-2.138062E-14	 1.339475E-03	-2.163253E-14	-2.836608E-14	 9.089307E-04	-8.229563E-14	-1.338851E-14	 4.029927E-04	-1.307230E-13	-5.660095E-14	 3.973757E-04	-1.566558E-14	-9.298805E-14	 3.022271E-04	 1.969417E-14	-4.745526E-14	 1.697349E-04	 6.034375E-14	-3.595161E-14	 6.428091E-05	 7.625921E-14	 1.056246E-14	-1.628397E-05	 8.185741E-14	 2.539353E-14	-6.654490E-05	 1.030582E-14	 1.888542E-14	-8.701239E-05	-4.671308E-14	 4.335045E-14	-7.557590E-05	-6.373834E-14	 2.321927E-14	-4.766571E-05	-4.088991E-14	-1.915279E-14	-2.351839E-05	-1.246542E-14
0.67700	 4.111431E-01	-6.311005E-13	-1.825561E-12	-6.389769E-02	 1.160714E-12	-7.017568E-13	-1.738327E-01	 4.880761E-13	-5.546399E-14	-3.667144E-02	 4.298768E-13	 1.272710E-13	-9.591690E-03	 5.268236E-13	 4.543782E-14	 4.399163E-04	 2.795859E-13	-6.411166E-14	 3.410887E-03	 2.959629E-13	-1.844757E-13	 1.467225E-03	 1.592002E-13	-7.579057E-14	 1.003090E-03	 4.802413E-14	-1.351382E-14	 4.200538E-04	-1.083210E-13	 6.231317E-14	 4.234959E-04	-1.155781E-13	 4.490733E-14	 3.354332E-04	-4.448670E-14	-1.486941E-14	 2.005757E-04	 3.089720E-14	-9.253068E-15	 8.641192E-05	 7.733581E-14	-2.321840E-14	-4.803084E-06	 1.088841E-13	-4.092974E-14	-6.516925E-05	 1.054971E-13	 2.039914E-14	-9.264884E-05	-2.556670E-14	-8.580446E-15	-8.514253E-05	-5.424969E-14	-5.873087E-15	-5.726174E-05	-7.036825E-14	-9.303492E-16	-3.018730E-05	-3.092530E-14
0.68465	 4.153673E-01	-2.206981E-13	-6.396587E-14	-5.713362E-02	-4.898434E-13	 3.131364E-13	-1.754424E-01	-6.443350E-13	 4.369176E-13	-4.135040E-02	-2.701674E-13	 4.211643E-13	-1.360890E-02	-1.578723E-13	 3.130863E-13	-7.743515E-04	 1.379769E-14	 1.664788E-13	 3.456215E-03	 8.875389E-14	-1.134671E-14	 1.612562E-03	 7.468701E-14	-1.486937E-13	 1.121433E-03	 5.084086E-14	-1.015071E-13	 4.444870E-04	 5.269404E-14	-4.448322E-14	 4.532528E-04	-3.612411E-14	 1.509607E-13	 3.732080E-04	-1.035315E-13	 8.469489E-14	 2.378471E-04	-1.490904E-14	 2.982511E-14	 1.146704E-04	-2.927829E-14	-1.582250E-14	 1.118543E-05	 1.540001E-14	 2.774943E-14	-6.110854E-05	-1.152068E-16	-4.272996E-14	-9.738321E-05	 1.189829E-13	-4.864209E-14	-9.559918E-05	 4.693955E-14	 2.510150E-14	-6.887152E-05	 2.516966E-14	-1.235568E-14	-3.898280E-05	-4.362342E-14
0.69222	 4.207540E-01	 5.229257E-13	 2.006031E-12	-4.912576E-02	-1.483738E-12	 8.009860E-13	-1.773004E-01	-8.680936E-13	 2.119789E-13	-4.696698E-02	-7.737316E-13	 1.141195E-13	-1.855965E-02	-7.243420E-13	 3.523288E-14	-2.381281E-03	-1.822242E-13	 1.036081E-13	 3.412933E-03	 9.397796E-15	 1.541658E-13	 1.765657E-03	 1.065431E-13	-2.415388E-14	 1.265267E-03	 1.949999E-13	-6.490048E-14	 4.777316E-04	 1.348110E-13	-4.189933E-14	 4.867256E-04	 4.936650E-14	-1.471723E-13	 4.147633E-04	 2.873909E-14	 3.124777E-14	 2.814557E-04	-1.219447E-13	 4.756156E-14	 1.499066E-04	-1.583601E-13	 6.298272E-14	 3.285778E-05	-1.527715E-13	-2.682202E-14	-5.338503E-05	-6.788718E-14	 1.879626E-14	-1.005522E-04	 7.020491E-15	-2.782276E-16	-1.066209E-04	 8.707176E-14	 4.044899E-14	-8.255679E-05	 6.573659E-14	 2.719904E-14	-5.030268E-05	 8.321843E-14
0.69970	 4.273893E-01	 3.457038E-13	-1.353839E-12	-3.977357E-02	 1.721616E-12	-1.666778E-12	-1.794033E-01	 1.797806E-12	-9.374599E-13	-5.354699E-02	 6.868673E-13	-6.426663E-13	-2.450877E-02	 1.528102E-13	-2.189506E-13	-4.446733E-03	-1.360488E-14	-9.925133E-15	 3.240050E-03	-1.504451E-13	 1.488811E-13	 1.914326E-03	-2.250159E-14	 2.272870E-13	 1.436165E-03	 8.451961E-14	 2.298185E-13	 5.218813E-04	 1.099704E-15	 4.087617E-14	 5.244062E-04	 2.406819E-14	-1.093793E-13	 4.593688E-04	 3.432248E-14	-1.386287E-13	 3.312412E-04	-5.232133E-14	-8.359367E-14	 1.929652E-04	-9.574055E-14	 3.578799E-15	 6.152224E-05	-4.296784E-14	 1.786530E-14	-4.077431E-05	-2.874936E-14	 1.852508E-14	-1.012283E-04	-6.282701E-14	 4.955318E-14	-1.176817E-04	-3.392033E-14	-3.671097E-14	-9.827897E-05	 3.884723E-14	 1.846055E-14	-6.455878E-05	 3.649225E-15
0.70711	 4.353799E-01	 3.768533E-13	 2.352383E-13	-2.893552E-02	 3.714474E-13	-7.163071E-13	-1.817302E-01	 1.069116E-12	-6.645099E-13	-6.113245E-02	 6.258965E-13	-6.737112E-13	-3.154531E-02	 4.028060E-13	-3.299740E-13	-7.056623E-03	-5.279055E-14	-2.869441E-14	 2.883938E-03	-2.985812E-13	 1.762655E-13	 2.041224E-03	-3.071988E-13	 3.004019E-13	 1.634845E-03	-2.961938E-13	 1.833517E-13	 5.796096E-04	-9.902070E-14	 1.180365E-13	 5.674336E-04	-1.304344E-13	 7.027598E-14	 5.065080E-04	-1.502505E-13	-4.465511E-14	 3.869923E-04	-5.457416E-14	-9.738249E-14	 2.446362E-04	 8.532152E-14	-5.972474E-14	 9.859219E-05	 1.314263E-14	-2.318274E-14	-2.178692E-05	 4.923344E-14	-4.897467E-14	-9.815468E-05	 7.337626E-14	-7.769200E-15	-1.279643E-04	 2.218417E-14	-1.621452E-14	-1.158163E-04	-1.134842E-14	-1.493595E-14	-8.213018E-05	-7.739260E-14
0.71443	 4.446732E-01	 7.704977E-14	 9.020622E-14	-1.670816E-02	 5.860900E-13	 2.509411E-14	-1.842552E-01	 2.638784E-13	-7.448575E-14	-6.958325E-02	-1.480338E-14	-1.412473E-13	-3.961020E-02	 1.501479E-13	-2.976820E-13	-1.023419E-02	-1.392063E-14	-2.244646E-13	 2.305591E-03	-2.062955E-14	-1.205855E-13	 2.127455E-03	-1.252064E-13	-8.764021E-14	 1.858661E-03	-8.841439E-14	-1.088154E-13	 6.517211E-04	 1.341976E-14	 1.039752E-14	 6.159284E-04	 5.695459E-14	 6.633306E-14	 5.545210E-04	 8.595376E-14	 3.799241E-14	 4.472296E-04	 7.352011E-14	 3.518278E-15	 3.046233E-04	 3.892326E-15	 2.355594E-14	 1.448101E-04	 2.284244E-14	-6.021814E-14	 4.886987E-06	 2.062306E-14	-5.587921E-14	-8.985045E-05	-4.637143E-14	 8.917832E-15	-1.361951E-04	-1.004045E-14	 9.143401E-14	-1.344639E-04	-4.792622E-14	 6.415836E-14	-1.030604E-04	-3.905762E-15
0.72169	 4.552237E-01	-8.600563E-13	-4.815520E-13	-3.162721E-03	-8.505145E-13	 1.189660E-14	-1.869304E-01	-2.085816E-13	 7.249613E-13	-7.877165E-02	 2.236380E-13	 9.114132E-13	-4.866679E-02	 1.751135E-14	 3.853660E-13	-1.401191E-02	 1.200214E-14	-1.999766E-14	 1.462027E-03	 2.450668E-14	-2.382949E-13	 2.151744E-03	 5.714061E-14	-3.280711E-13	 2.104254E-03	 6.538438E-14	-1.940635E-13	 7.394595E-04	 5.614463E-14	-1.424817E-13	 6.707194E-04	 2.826976E-13	-8.640409E-14	 6.019580E-04	 3.468079E-13	-1.566942E-14	 5.103953E-04	 1.955179E-13	 4.413854E-14	 3.725332E-04	 1.828545E-13	 3.968483E-14	 2.008601E-04	 2.968975E-14	-1.438860E-14	 4.055597E-05	-3.496465E-14	 1.810366E-14	-7.472165E-05	-6.105991E-14	 2.255952E-14	-1.408455E-04	-5.730511E-14	-9.585597E-15	-1.531969E-04	-2.772108E-14	 4.490750E-14	-1.271512E-04	 6.343973E-15
0.72887	 4.670883E-01	-6.702420E-13	-2.235256E-12	 1.176706E-02	 7.722889E-13	-3.427368E-13	-1.896967E-01	 7.385371E-14	 4.029380E-13	-8.865876E-02	 3.280267E-13	 5.358704E-13	-5.877646E-02	-5.231056E-14	 5.989848E-13	-1.846727E-02	-7.905341E-14	 4.514775E-13	 2.942308E-04	-1.294931E-13	 1.552697E-13	 2.088097E-03	-1.668751E-14	 8.340961E-14	 2.368085E-03	-1.348677E-14	 6.679124E-14	 8.452064E-04	 2.676839E-14	-3.410728E-14	 7.339938E-04	 5.268292E-14	-7.519404E-14	 6.481437E-04	 7.035635E-14	-4.061284E-14	 5.752951E-04	-1.232960E-14	-7.114858E-14	 4.481120E-04	 4.849542E-14	-8.242310E-14	 2.675271E-04	 4.134930E-14	 2.649224E-14	 8.669589E-05	-1.876764E-15	-1.592754E-14	-5.094089E-05	 7.334632E-15	-8.860273E-14	-1.400980E-04	 4.534954E-14	-4.199774E-14	-1.706795E-04	 3.379378E-14	-1.298219E-13	-1.539690E-04	 6.608436E-14
0.73598	 4.803418E-01	 1.070052E-12	 3.152483E-12	 2.816645E-02	-1.820472E-12	 2.524232E-12	-1.924838E-01	-2.590475E-12	 5.436687E-13	-9.920876E-02	-1.669061E-12	-1.745127E-13	-7.002043E-02	-1.009206E-12	-6.280148E-14	-2.368840E-02	-3.313855E-13	 1.111580E-13	-1.264229E-03	 2.278612E-14	 1.525683E-13	 1.905657E-03	 1.366181E-13	 2.570677E-13	 2.644715E-03	 5.719729E-14	 1.973454E-13	 9.712768E-04	-8.725409E-14	 7.195328E-14	 8.086598E-04	-8.287569E-14	 2.331526E-14	 6.927147E-04	-2.060536E-13	 9.396376E-15	 6.406206E-04	-1.098987E-13	-1.103375E-13	 5.307229E-04	-1.129314E-13	-5.160309E-14	 3.452866E-04	-4.014289E-15	-5.964412E-14	 1.447573E-04	 4.370707E-14	-9.159879E-14	-1.645228E-05	 7.859966E-14	-4.036590E-14	-1.317328E-04	 3.032811E-14	-5.468979E-14	-1.850816E-04	 6.947439E-14	-1.847279E-14	-1.826346E-04	 6.050804E-14
0.74302	 4.950673E-01	 3.032145E-13	 1.355092E-12	 4.612899E-02	-6.815090E-13	 7.430985E-13	-1.952216E-01	-7.505102E-13	-3.301687E-13	-1.103836E-01	-2.961261E-13	-4.907971E-13	-8.247756E-02	 8.971462E-14	-5.480441E-13	-2.976570E-02	 2.813792E-13	-4.010127E-13	-3.287717E-03	 3.435934E-13	-8.853155E-14	 1.566426E-03	 2.353563E-13	-1.544327E-14	 2.924969E-03	-5.078430E-14	 1.125896E-13	 1.119178E-03	-1.863717E-13	 1.487675E-13	 8.982152E-04	-2.502386E-13	 2.175888E-13	 7.356130E-04	-1.754740E-13	 2.292600E-13	 7.048929E-04	-3.033899E-15	 2.392618E-13	 6.192399E-04	-3.706195E-15	 1.308242E-13	 4.341626E-04	-3.295882E-14	-3.369126E-14	 2.159971E-04	 2.699084E-14	-3.587395E-14	 3.090495E-05	 3.963433E-14	-1.651987E-14	-1.131409E-04	 2.200566E-14	 2.880184E-14	-1.939732E-04	-2.028848E-14	 2.554029E-14	-2.116452E-04	-4.094393E-14
0.75000	 5.112964E-01	-1.344855E-12	-4.229146E-12	 6.568536E-02	 2.415034E-12	-2.940266E-12	-1.978302E-01	 2.704759E-12	-1.359585E-12	-1.220954E-01	 2.224147E-12	-8.432658E-13	-9.617965E-02	 1.765134E-12	-6.235274E-13	-3.676857E-02	 8.559267E-13	-4.040309E-13	-5.849879E-03	 5.369333E-13	-1.213370E-13	 1.026891E-03	 2.888872E-13	-2.716390E-14	 3.195077E-03	 1.913427E-13	 1.216333E-14	 1.288702E-03	 2.681335E-13	 2.357770E-13	 1.006325E-03	 2.798409E-14	 2.350022E-13	 7.769109E-04	-3.420788E-15	 1.981461E-13	 7.662923E-04	-1.507830E-14	 2.027434E-13	 7.118161E-04	-1.989656E-14	 1.184700E-13	 5.334478E-04	-1.296807E-14	 6.517508E-14	 3.011862E-04	-1.009432E-13	 2.128511E-14	 9.315335E-05	-1.161560E-13	-2.746013E-14	-8.143760E-05	-1.057580E-13	-3.414951E-14	-1.942684E-04	-9.366908E-14	 4.430057E-14	-2.386690E-04	-7.513513E-14
0.75691	 5.290840E-01	 1.024803E-12	 2.705968E-12	 8.687252E-02	-1.148871E-12	 1.176683E-12	-2.002418E-01	-5.630508E-13	 8.439193E-13	-1.342563E-01	-1.029060E-12	 3.781809E-13	-1.111609E-01	-1.110739E-12	 1.162629E-13	-4.476542E-02	-8.646224E-13	-6.298928E-14	-9.028566E-03	-4.532381E-13	-1.888476E-13	 2.379706E-04	-1.711987E-13	-1.590580E-13	 3.437434E-03	 1.859042E-13	-2.021208E-13	 1.478283E-03	 1.666682E-13	-1.513933E-13	 1.137121E-03	 1.496034E-13	-1.482978E-13	 8.170345E-04	 1.238361E-14	-1.549846E-13	 8.229188E-04	-9.774638E-14	-1.778886E-13	 8.060863E-04	-1.332258E-13	-1.294407E-13	 6.417676E-04	-9.994470E-14	 8.843855E-14	 4.005193E-04	-8.397662E-14	 1.088730E-13	 1.719811E-04	-9.278823E-14	 4.674653E-14	-3.366078E-05	-3.363553E-14	 3.722503E-14	-1.823286E-04	 1.646105E-14	-8.942046E-14	-2.605005E-04	 3.254656E-14
0.76376	 5.486556E-01	 2.530965E-12	 3.641888E-12	 1.099864E-01	 5.363056E-13	 2.101250E-12	-2.023295E-01	-6.786930E-13	 1.072781E-12	-1.469084E-01	-2.063951E-12	 9.484308E-13	-1.276244E-01	-2.434273E-12	 6.491879E-13	-5.393221E-02	-1.936965E-12	 4.204027E-13	-1.296081E-02	-1.375998E-12	 4.761809E-14	-8.748072E-04	-7.823775E-13	-2.567653E-13	 3.626930E-03	-4.317166E-13	-3.389627E-13	 1.686343E-03	-2.254593E-13	-5.185547E-13	 1.297383E-03	 3.837993E-14	-3.589315E-13	 8.585851E-04	 5.158971E-14	-3.552604E-13	 8.743122E-04	 4.835611E-14	-3.299970E-13	 9.003617E-04	 5.715643E-14	-1.443858E-13	 7.580813E-04	-3.618515E-14	-9.062301E-14	 5.144156E-04	-7.614043E-14	 8.990724E-14	 2.692368E-04	 1.142142E-14	 1.281915E-13	 3.340325E-05	 2.412512E-14	 7.056126E-14	-1.539935E-04	 3.623356E-14	 6.101772E-14	-2.731516E-04	 6.144557E-14
0.77055	 5.700239E-01	-3.599395E-13	-2.463723E-12	 1.349854E-01	 1.689710E-12	-1.359532E-12	-2.040171E-01	 1.305072E-12	-7.793001E-13	-1.598808E-01	 1.388907E-12	-3.345096E-13	-1.455422E-01	 8.037093E-13	-1.643899E-13	-6.431637E-02	 3.733821E-13	-1.075982E-14	-1.773854E-02	 7.602060E-14	 8.023805E-14	-2.381028E-03	-1.860831E-13	 6.063889E-14	 3.731159E-03	-3.353765E-13	 7.702969E-14	 1.905587E-03	-2.504121E-13	-5.680848E-14	 1.491977E-03	-1.347588E-13	-7.155051E-14	 9.034651E-04	 8.706127E-14	-2.313502E-14	 9.190656E-04	 2.082867E-13	 8.397735E-14	 9.911106E-04	 1.992846E-13	 5.539161E-14	 8.791463E-04	 2.199098E-13	-1.421773E-14	 6.413610E-04	 2.499208E-13	-2.734561E-14	 3.854407E-04	 1.614381E-13	 4.145499E-14	 1.224670E-04	 8.892090E-14	 8.480710E-15	-1.046586E-04	 7.831430E-15	 3.135182E-14	-2.713472E-04	-3.002873E-14
0.77728	 5.931943E-01	-2.425614E-12	-3.481954E-12	 1.618489E-01	-2.426440E-13	-2.889044E-12	-2.051959E-01	 1.849697E-12	-1.533108E-12	-1.729953E-01	 2.632529E-12	-1.379734E-12	-1.648812E-01	 3.253439E-12	-1.031169E-12	-7.597316E-02	 2.435870E-12	-7.315398E-13	-2.347211E-02	 1.478568E-12	-2.872156E-13	-4.367498E-03	 6.363325E-13	 2.021171E-13	 3.705504E-03	 3.741580E-14	 3.825964E-13	 2.123651E-03	-1.902519E-13	 4.576202E-13	 1.725787E-03	-2.951577E-13	 2.486169E-13	 9.550248E-04	-2.509243E-13	 2.504083E-13	 9.571152E-04	-1.124439E-13	 1.630374E-13	 1.075163E-03	 3.116418E-15	 1.920806E-13	 1.001322E-03	 2.921107E-14	 2.853842E-13	 7.789998E-04	 7.677204E-14	 1.434238E-13	 5.201238E-04	 7.585380E-14	 4.266195E-14	 2.355333E-04	 7.158791E-14	 1.023488E-14	-2.974953E-05	 7.545303E-14	-2.711783E-14	-2.489932E-04	 5.317840E-14
0.78395	 6.179602E-01	-1.221525E-12	 4.539111E-13	 1.902149E-01	-2.032529E-12	 1.798728E-13	-2.058427E-01	-1.069877E-12	-1.619872E-13	-1.859085E-01	 6.604295E-14	-2.356513E-13	-1.853827E-01	 1.171983E-12	-3.446661E-13	-8.879587E-02	 1.195336E-12	-4.201276E-13	-3.018862E-02	 1.015831E-12	-3.711881E-13	-6.894436E-03	 7.558691E-13	-1.852141E-13	 3.504001E-03	 5.134123E-13	-6.028142E-15	 2.321250E-03	 3.050351E-13	 1.796321E-13	 1.999395E-03	 1.819971E-13	 2.692311E-13	 1.014779E-03	 2.243257E-14	 1.362240E-13	 9.876185E-04	-4.015635E-14	-2.957848E-14	 1.148079E-03	-4.677619E-14	-1.189704E-13	 1.118957E-03	 1.512923E-14	-1.714905E-13	 9.224998E-04	-9.573096E-14	-8.889560E-14	 6.702821E-04	-1.105129E-13	-1.144500E-13	 3.725834E-04	-3.673322E-14	-1.454028E-13	 7.434999E-05	 3.459086E-14	-5.833508E-14	-1.995377E-04	-4.621392E-14
0.79057	 6.446817E-01	-1.546682E-13	-9.209171E-14	 2.205037E-01	-3.058432E-13	 9.597365E-13	-2.058204E-01	-1.220337E-12	 1.255457E-12	-1.986964E-01	-8.723761E-13	 1.418202E-12	-2.073088E-01	-1.042818E-12	 8.748710E-13	-1.029901E-01	-5.316957E-13	 2.443666E-13	-3.807039E-02	-1.687669E-13	-3.678186E-13	-1.008088E-02	 7.785184E-14	-5.504278E-13	 3.065631E-03	 3.779168E-13	-4.934365E-13	 2.478486E-03	 4.515276E-13	-1.880024E-13	 2.317325E-03	 3.566879E-13	 1.671370E-13	 1.087808E-03	 1.926661E-13	 2.712430E-13	 1.013434E-03	-2.067234E-15	 2.491998E-13	 1.208526E-03	 1.222838E-14	 3.442116E-14	 1.229008E-03	 8.996780E-14	-2.313994E-13	 1.068898E-03	 1.954588E-13	-3.765930E-13	 8.336563E-04	 1.397723E-13	-4.073282E-13	 5.333965E-04	 1.061517E-13	-3.027438E-13	 2.106993E-04	 4.114545E-14	-1.641212E-13	-1.166429E-04	 1.011466E-15
0.79713	 6.740092E-01	 9.288166E-13	 1.113849E-12	 2.535403E-01	 3.301398E-13	 7.292194E-13	-2.048709E-01	-6.677026E-14	 8.515614E-13	-2.115732E-01	-1.103966E-12	 9.213600E-13	-2.311799E-01	-1.664246E-12	 7.765575E-13	-1.189592E-01	-1.360797E-12	 4.742407E-13	-4.743370E-02	-1.032440E-12	 2.616351E-13	-1.411486E-02	-6.328966E-13	-3.393123E-14	 2.300760E-03	-1.704405E-13	-3.337981E-13	 2.567520E-03	 1.227678E-13	-3.272482E-13	 2.685741E-03	 1.478191E-13	-1.295518E-13	 1.182472E-03	 1.306933E-13	 2.992233E-14	 1.040683E-03	-5.802890E-14	 1.457933E-13	 1.256694E-03	-1.013952E-13	 2.600457E-13	 1.329228E-03	-1.693220E-13	 2.917761E-13	 1.215911E-03	-1.766674E-13	 2.225462E-13	 1.008353E-03	-4.741798E-14	 2.277928E-13	 7.176981E-04	-2.522168E-15	 1.359843E-13	 3.821842E-04	 4.404689E-14	 3.970337E-14	 6.346346E-06	 1.185481E-13
0.80364	 7.059035E-01	 1.749229E-12	 1.909962E-12	 2.891360E-01	 1.039356E-12	-5.458915E-14	-2.028995E-01	 8.866479E-13	-9.671074E-13	-2.241847E-01	-2.675960E-13	-8.945570E-13	-2.568241E-01	-5.138995E-13	-6.154174E-13	-1.366860E-01	-5.468974E-13	-1.913148E-13	-5.840952E-02	-3.512155E-13	 2.965950E-13	-1.913352E-02	-1.776320E-13	 1.544711E-13	 1.111644E-03	-1.344753E-13	 9.176986E-14	 2.543854E-03	-2.284736E-13	-3.164425E-13	 3.100835E-03	-1.357865E-13	-5.477016E-13	 1.303904E-03	-5.086524E-14	-5.960781E-13	 1.074914E-03	-2.954353E-14	-3.965452E-13	 1.290515E-03	-4.287528E-14	-7.124862E-14	 1.413382E-03	-9.581046E-14	 2.371302E-13	 1.356504E-03	-1.501649E-13	 5.179025E-13	 1.187840E-03	-7.394625E-14	 5.376943E-13	 9.211569E-04	-8.602152E-14	 4.665288E-13	 5.886718E-04	-1.762158E-14	 2.366560E-13	 1.749100E-04	 1.207828E-13
0.81009	 7.398132E-01	-8.312560E-13	-2.335375E-12	 3.264650E-01	 1.369405E-12	-2.022869E-12	-1.998856E-01	 2.503677E-12	-9.382349E-13	-2.358394E-01	 2.596219E-12	-8.377815E-13	-2.835820E-01	 2.441443E-12	-5.938112E-13	-1.558596E-01	 1.400346E-12	-3.659941E-13	-7.099739E-02	 6.491925E-13	-4.769029E-13	-2.524241E-02	 1.405429E-13	-3.242197E-13	-6.159446E-04	-3.568762E-13	-2.607627E-13	 2.342730E-03	-6.428339E-13	-2.976632E-13	 3.546812E-03	-6.344583E-13	-2.642948E-13	 1.454791E-03	-4.825555E-13	-2.751909E-13	 1.124017E-03	-8.306482E-14	-1.410888E-13	 1.309966E-03	 1.852059E-14	 1.479670E-14	 1.475455E-03	-1.207669E-14	 9.081774E-14	 1.481612E-03	 1.079453E-13	 1.712646E-13	 1.361959E-03	 6.449321E-14	 1.680266E-13	 1.134981E-03	 9.967912E-14	 1.209349E-13	 8.254961E-04	 9.190863E-14	 1.343662E-13	 3.911313E-04	-7.872497E-14
0.81650	 7.743170E-01	-1.410707E-13	-4.949627E-13	 3.633573E-01	-4.788671E-13	 1.261014E-12	-1.962649E-01	-6.131727E-13	 1.094181E-12	-2.453973E-01	 9.788197E-13	 2.317140E-13	-3.099585E-01	 7.088719E-13	 1.176581E-13	-1.754749E-01	 3.603019E-13	-2.570386E-13	-8.473534E-02	 3.859363E-14	-4.675691E-13	-3.231994E-02	-4.460975E-13	-5.266337E-13	-2.926298E-03	-6.361551E-13	-5.674513E-13	 1.901236E-03	-5.732951E-13	-2.613964E-13	 3.990515E-03	-3.559536E-13	 1.745431E-13	 1.624938E-03	-2.627144E-13	 5.027966E-13	 1.190743E-03	-1.610169E-13	 5.118725E-13	 1.313568E-03	-3.134138E-14	 3.105611E-13	 1.507701E-03	 6.889602E-14	 5.495596E-14	 1.578051E-03	 4.411908E-14	-2.385507E-13	 1.514146E-03	-1.757895E-14	-2.897911E-13	 1.342405E-03	-3.013664E-14	-1.972395E-13	 1.079255E-03	-3.911160E-14	-2.676421E-14	 6.491727E-04	-3.002055E-15
0.82285	 8.097389E-01	 2.039389E-12	 1.850309E-12	 4.001870E-01	 1.107085E-12	 1.822272E-12	-1.919538E-01	-9.909774E-13	 5.606522E-13	-2.529647E-01	-1.982889E-12	 2.833154E-13	-3.361036E-01	-2.622316E-12	 1.833623E-13	-1.956101E-01	-1.984165E-12	-2.682592E-14	-9.974523E-02	-1.372107E-12	 8.863259E-14	-4.048262E-02	-7.685785E-13	 2.980321E-13	-5.929245E-03	-2.385357E-13	 2.816651E-13	 1.151527E-03	 8.377923E-14	 1.711010E-13	 4.407438E-03	 4.539272E-13	 1.480477E-13	 1.810408E-03	 2.870088E-13	 1.341932E-13	 1.285093E-03	 5.498765E-14	 7.141216E-14	 1.308612E-03	-7.496597E-15	-1.698331E-13	 1.513772E-03	 6.886678E-14	-2.779081E-13	 1.644440E-03	 1.138744E-13	-3.694621E-13	 1.637453E-03	 1.482800E-13	-3.924994E-13	 1.532650E-03	 7.791478E-14	-2.629829E-13	 1.338252E-03	-1.051115E-14	-1.701273E-13	 9.411001E-04	 4.115196E-15
0.82916	 8.473673E-01	-5.129162E-13	 2.509341E-12	 4.386768E-01	-3.294081E-12	 1.964825E-12	-1.865488E-01	-3.107189E-12	 2.116106E-12	-2.591923E-01	-3.804344E-12	 1.394994E-12	-3.630055E-01	-2.661308E-12	 1.163522E-12	-2.169513E-01	-1.736817E-12	 1.035681E-12	-1.165360E-01	-1.029711E-12	 1.042549E-12	-5.003755E-02	-2.018119E-13	 1.177237E-12	-9.810389E-03	 2.541093E-13	 9.787114E-13	 3.959439E-06	 7.593078E-13	 8.997366E-13	 4.771726E-03	 7.187550E-13	 4.493017E-13	 2.009672E-03	 6.805802E-13	 4.475283E-14	 1.421121E-03	 3.190748E-13	-2.143454E-13	 1.304628E-03	 4.718671E-14	-2.026663E-13	 1.500562E-03	-9.094043E-14	-2.277816E-13	 1.684093E-03	-1.443784E-13	-1.452926E-13	 1.730280E-03	-8.970353E-14	-1.024246E-13	 1.699487E-03	-9.696740E-14	-1.093403E-13	 1.593103E-03	-6.919463E-14	-5.115312E-14	 1.258802E-03	-3.605447E-14
0.83541	 8.876169E-01	-4.741361E-12	-3.977701E-12	 4.793727E-01	-4.455972E-12	-2.226557E-12	-1.797977E-01	-1.897983E-12	 4.266051E-13	-2.640781E-01	 2.421879E-14	 3.661821E-13	-3.908087E-01	 2.174233E-12	 8.399215E-13	-2.396770E-01	 2.628256E-12	 1.087760E-12	-1.353860E-01	 2.643762E-12	 1.092618E-12	-6.122946E-02	 2.208704E-12	 8.038625E-13	-1.477617E-02	 1.348253E-12	 6.753657E-13	-1.664752E-03	 8.368636E-13	 4.293229E-13	 5.032089E-03	 4.857996E-13	 1.876247E-13	 2.211617E-03	 4.076025E-13	 2.058267E-13	 1.612638E-03	 3.409842E-13	 2.373829E-13	 1.311217E-03	 1.322515E-13	 3.524444E-13	 1.473975E-03	-4.401944E-14	 4.234313E-13	 1.697906E-03	-2.686227E-13	 4.328615E-13	 1.788522E-03	-4.232543E-13	 3.081482E-13	 1.833997E-03	-5.161359E-13	 1.436073E-13	 1.830666E-03	-4.809849E-13	-2.047978E-14	 1.589329E-03	-3.894198E-13
0.84163	 9.285053E-01	-1.911249E-12	-4.189909E-12	 5.193859E-01	 1.541209E-12	-4.213147E-12	-1.724661E-01	 2.818568E-12	-3.269640E-12	-2.663871E-01	 3.407776E-12	-1.170017E-12	-4.174657E-01	 3.170917E-12	-3.460240E-13	-2.622983E-01	 2.690456E-12	-2.416021E-14	-1.554746E-01	 2.356493E-12	-9.837221E-15	-7.374449E-02	 1.727515E-12	-3.149252E-13	-2.083460E-02	 1.004655E-12	-3.582656E-13	-3.945617E-03	 2.646386E-13	-5.954120E-13	 5.106701E-03	-1.043554E-13	-5.284815E-13	 2.377852E-03	-2.360330E-13	-4.702272E-13	 1.858999E-03	-2.060287E-13	-3.936019E-13	 1.333295E-03	-1.076236E-13	-1.721197E-13	 1.437222E-03	-1.145042E-13	 1.586074E-14	 1.680883E-03	-1.573251E-13	 8.913442E-14	 1.799824E-03	-2.240834E-13	 2.753256E-13	 1.917060E-03	-3.799759E-13	 4.029389E-13	 2.025258E-03	-4.688083E-13	 4.007241E-13	 1.904976E-03	-5.481838E-13
0.84779	 9.679381E-01	 4.658919E-12	 3.560270E-12	 5.557565E-01	 4.676559E-12	 6.083286E-13	-1.655890E-01	 3.837572E-12	-2.027796E-13	-2.652172E-01	 3.003312E-13	 4.609074E-13	-4.409124E-01	-2.002438E-12	 6.043996E-14	-2.831649E-01	-2.396978E-12	-1.679245E-13	-1.757142E-01	-2.604083E-12	-3.211677E-13	-8.705557E-02	-2.075472E-12	-7.590767E-13	-2.787307E-02	-1.309598E-12	-1.135640E-12	-6.882204E-03	-8.465556E-13	-1.017013E-12	 4.911699E-03	-3.825292E-13	-8.753638E-13	 2.455736E-03	-4.082844E-13	-8.647005E-13	 2.147588E-03	-4.161140E-13	-6.622934E-13	 1.374323E-03	-1.801260E-13	-6.512713E-13	 1.399764E-03	-1.728979E-13	-6.198886E-13	 1.635787E-03	-3.219301E-15	-5.555690E-13	 1.758610E-03	 7.414731E-16	-3.707512E-13	 1.933789E-03	 1.388776E-13	-1.483364E-13	 2.151342E-03	 8.664950E-14	 6.908187E-14	 2.172520E-03	 1.172563E-13
0.85391	 1.005825E+00	 1.357585E-12	 1.180944E-12	 5.883069E-01	 1.104611E-12	 2.375991E-13	-1.595226E-01	 8.907636E-13	-1.916187E-13	-2.608784E-01	-4.120473E-14	-3.416689E-13	-4.610092E-01	-7.867602E-13	-7.090954E-13	-3.019264E-01	-9.735971E-13	-5.188964E-13	-1.957351E-01	-1.323218E-12	-4.863566E-13	-1.009348E-01	-9.410988E-13	-1.755438E-13	-3.585124E-02	-7.466483E-13	 1.714757E-13	-1.051197E-02	-5.340142E-13	 4.612578E-13	 4.379891E-03	-1.045147E-13	 4.480420E-13	 2.395640E-03	 1.033582E-13	 2.786192E-13	 2.462195E-03	 4.290701E-13	 1.544071E-13	 1.435514E-03	 4.313790E-13	 7.565413E-14	 1.376575E-03	 4.761389E-13	 2.375746E-14	 1.577168E-03	 3.787893E-13	 2.452060E-14	 1.674367E-03	 3.295310E-13	-1.046115E-13	 1.884996E-03	 2.433221E-13	-2.514389E-13	 2.197288E-03	 3.328900E-13	-3.553155E-13	 2.368101E-03	 3.264434E-13
0.85999	 1.044501E+00	-1.640245E-12	-3.178912E-12	 6.199957E-01	 1.013697E-12	-2.464492E-12	-1.536217E-01	 4.592051E-13	-3.375415E-12	-2.546581E-01	 1.839007E-12	-2.628162E-12	-4.798138E-01	 1.834546E-12	-1.924643E-12	-3.198262E-01	 1.467799E-12	-1.290242E-12	-2.162318E-01	 1.104450E-12	-7.926225E-13	-1.157005E-01	 6.266991E-13	 2.259826E-13	-4.493855E-02	 3.962197E-13	 1.006416E-12	-1.492136E-02	-3.435616E-14	 1.499223E-12	 3.456353E-03	-4.710327E-13	 1.605203E-12	 2.157936E-03	-5.537168E-13	 1.481795E-12	 2.790799E-03	-5.526118E-13	 1.146869E-12	 1.512278E-03	-4.707773E-13	 8.844763E-13	 1.379261E-03	-1.159804E-13	 4.776301E-13	 1.522439E-03	 1.528360E-13	 2.761819E-13	 1.565607E-03	 4.047835E-13	 8.784504E-14	 1.785123E-03	 5.581819E-13	 6.597756E-15	 2.167235E-03	 5.695375E-13	 5.001700E-14	 2.483217E-03	 5.638327E-13
0.86603	 1.088837E+00	-1.785645E-12	-1.065696E-12	 6.573033E-01	-3.774943E-12	-1.380188E-12	-1.455774E-01	-1.098069E-12	 3.708947E-13	-2.482386E-01	-4.900971E-14	-3.927021E-13	-5.013857E-01	 5.375945E-13	 8.699840E-13	-3.399615E-01	 1.112274E-12	 1.342289E-12	-2.395070E-01	 9.224678E-13	 1.656420E-12	-1.327260E-01	 4.882881E-13	 1.732965E-12	-5.589349E-02	 2.393174E-13	 1.047572E-12	-2.045935E-02	-7.792863E-14	 7.885357E-13	 2.011400E-03	-4.991192E-13	 3.231938E-13	 1.698513E-03	-4.729225E-13	 8.269605E-14	 3.142099E-03	-5.266192E-13	-1.203090E-13	 1.608103E-03	-4.236295E-13	-2.602783E-13	 1.423144E-03	-2.902811E-13	-3.548597E-13	 1.491447E-03	 3.608981E-14	-3.724703E-13	 1.456784E-03	 2.970343E-13	-4.245605E-13	 1.659467E-03	 4.275798E-13	-3.035568E-13	 2.080215E-03	 4.003815E-13	-1.576378E-13	 2.527467E-03	 1.994469E-13
0.87202	 1.140697E+00	-1.675501E-13	 4.346842E-13	 7.022090E-01	-9.881341E-13	 3.183202E-12	-1.344305E-01	-3.145347E-12	 3.282425E-12	-2.415728E-01	-2.570592E-12	 2.427167E-12	-5.269010E-01	-1.618377E-12	 1.733117E-12	-3.632454E-01	-9.787914E-13	 1.761188E-12	-2.664851E-01	-4.542391E-13	 1.525942E-12	-1.527076E-01	-2.956031E-13	 1.036409E-12	-6.926357E-02	-2.330015E-13	 5.606743E-13	-2.746712E-02	 2.225325E-13	-1.270871E-13	-1.514584E-04	 2.309686E-13	-4.741226E-13	 9.232871E-04	 5.333150E-13	-7.342253E-13	 3.502231E-03	 6.855523E-13	-9.028989E-13	 1.715852E-03	 4.198169E-13	-1.048600E-12	 1.515803E-03	 2.047407E-13	-9.649927E-13	 1.490233E-03	-1.026142E-13	-8.027905E-13	 1.357136E-03	-2.891859E-13	-5.343469E-13	 1.518450E-03	-3.889686E-13	-4.473529E-13	 1.941107E-03	-3.752937E-13	-3.936213E-13	 2.496602E-03	-2.061658E-13
0.87797	 1.198278E+00	 6.242335E-12	 1.068950E-11	 7.514794E-01	 2.962406E-12	 9.954136E-12	-1.212237E-01	-2.906862E-12	 3.936209E-12	-2.333277E-01	-4.250397E-12	 3.257077E-12	-5.543640E-01	-4.632824E-12	 1.490492E-13	-3.879667E-01	-3.870263E-12	-1.113555E-12	-2.960873E-01	-2.607815E-12	-2.065855E-12	-1.751415E-01	-1.501513E-12	-2.478211E-12	-8.501826E-02	-5.510127E-13	-1.997306E-12	-3.607568E-02	-1.170746E-13	-2.057564E-12	-3.224078E-03	-1.828274E-13	-1.497101E-12	-3.018388E-04	-3.463092E-13	-1.220496E-12	 3.816416E-03	-3.759743E-13	-6.260222E-13	 1.808743E-03	-4.870574E-13	-2.619723E-13	 1.658456E-03	-5.363921E-13	 1.267650E-13	 1.518140E-03	-5.715305E-13	 3.125801E-13	 1.268798E-03	-4.547790E-13	 4.088968E-13	 1.363854E-03	-2.194905E-13	 3.394721E-13	 1.744889E-03	-2.683071E-14	 1.793703E-13	 2.373402E-03	 1.403603E-13
0.88388	 1.260602E+00	 1.103134E-12	 1.313412E-12	 8.030975E-01	-4.528657E-13	 4.315540E-12	-1.067555E-01	-3.190058E-12	 2.119039E-12	-2.227379E-01	-1.250317E-12	 1.520567E-12	-5.825095E-01	-1.898782E-12	 8.075084E-13	-4.129344E-01	-1.107386E-12	-3.833988E-13	-3.275145E-01	-6.781131E-13	-1.146287E-12	-1.996353E-01	 9.121003E-14	-1.213057E-12	-1.031568E-01	 6.421717E-13	-1.167006E-12	-4.641543E-02	 5.553839E-13	-8.253394E-13	-7.410486E-03	 5.037235E-13	-2.069418E-13	-2.126461E-03	 3.132897E-13	-5.972406E-14	 4.012212E-03	 1.839313E-13	 6.399698E-14	 1.848376E-03	 5.477734E-14	 2.504650E-14	 1.852800E-03	 6.079482E-14	 1.806417E-13	 1.578662E-03	 5.827951E-15	 3.777772E-13	 1.201727E-03	-8.745539E-14	 5.090392E-13	 1.207144E-03	-1.032969E-13	 5.864259E-13	 1.498499E-03	-1.349683E-13	 5.254728E-13	 2.153722E-03	-5.095275E-14
0.88976	 1.329821E+00	-5.385097E-12	-8.544249E-12	 8.591965E-01	-1.519975E-12	-5.673087E-12	-9.010614E-02	-4.375447E-13	-3.701516E-12	-2.098425E-01	 2.399276E-12	-2.584867E-12	-6.126490E-01	 2.673501E-12	-1.133745E-12	-4.390136E-01	 1.998179E-12	-2.338682E-13	-3.616027E-01	 1.892899E-12	 4.931630E-13	-2.268118E-01	 1.445706E-12	 1.426163E-12	-1.242398E-01	 1.432624E-12	 1.445004E-12	-5.887732E-02	 1.529480E-12	 1.503385E-12	-1.301741E-02	 1.322388E-12	 1.437981E-12	-4.737183E-03	 1.398314E-12	 1.139776E-12	 4.009324E-03	 1.099532E-12	 9.667000E-13	 1.784926E-03	 8.933417E-13	 7.583385E-13	 2.098922E-03	 7.200313E-13	 6.134632E-13	 1.675062E-03	 2.694134E-13	 2.749386E-13	 1.170724E-03	 1.278133E-13	-1.084296E-13	 1.068404E-03	-2.906120E-13	-4.161439E-13	 1.221768E-03	-4.114786E-13	-5.747209E-13	 1.851819E-03	-5.873946E-13
0.89559	 1.410836E+00	-1.412527E-12	-2.905042E-12	 9.248558E-01	 1.465131E-12	-7.357362E-12	-6.879041E-02	 5.084921E-12	-6.922884E-12	-1.946281E-01	 3.984701E-12	-5.158616E-12	-6.480573E-01	 4.112842E-12	-3.894048E-12	-4.685913E-01	 3.097977E-12	-1.640520E-12	-4.006975E-01	 2.232344E-12	-1.284983E-13	-2.583293E-01	 1.215331E-12	 7.758167E-13	-1.495116E-01	 7.166586E-13	 1.344434E-12	-7.422725E-02	 5.111012E-13	 1.425187E-12	-2.053673E-02	 1.185013E-13	 1.394580E-12	-8.396424E-03	 1.629747E-14	 1.219681E-12	 3.720905E-03	-2.572878E-13	 1.141853E-12	 1.559973E-03	-3.719154E-13	 7.321954E-13	 2.399905E-03	-5.196541E-13	 5.227764E-13	 1.804151E-03	-4.392006E-13	 1.475000E-13	 1.185873E-03	-3.350647E-13	-8.863885E-15	 9.649869E-04	-2.660987E-13	-2.212240E-13	 9.351611E-04	-2.185490E-13	-2.601055E-13	 1.488366E-03	-2.338464E-13
0.90139	 1.510561E+00	 5.404052E-13	-3.892589E-12	 1.008409E+00	 4.095217E-12	-1.022570E-11	-3.816105E-02	 1.137206E-11	-5.829667E-12	-1.764870E-01	 6.746548E-12	-6.371302E-12	-6.926381E-01	 7.402434E-12	-3.679255E-12	-5.052513E-01	 5.611974E-12	-3.291767E-12	-4.488218E-01	 3.814780E-12	-1.927555E-12	-2.973595E-01	 2.619439E-12	-1.363706E-12	-1.814914E-01	 9.076073E-13	-9.240502E-13	-9.411374E-02	-2.374764E-13	-5.358746E-13	-3.103374E-02	-7.674658E-13	-2.903242E-13	-1.365166E-02	-9.771365E-13	 4.195392E-13	 2.956097E-03	-7.749057E-13	 4.858536E-13	 1.088808E-03	-7.040789E-13	 6.612363E-13	 2.780651E-03	-7.041977E-13	 4.114486E-13	 1.974756E-03	-7.088914E-13	 3.305650E-13	 1.268103E-03	-7.599987E-13	 3.410055E-13	 9.167517E-04	-5.218348E-13	 4.378864E-13	 6.588972E-04	-3.149509E-13	 5.062124E-13	 1.085805E-03	-4.592239E-14
0.90715	 1.625679E+00	 1.776239E-12	 3.337286E-12	 1.103101E+00	 6.555294E-13	-3.533936E-12	-7.748991E-04	 5.969648E-12	-1.289742E-12	-1.529289E-01	 2.178242E-12	-3.276812E-12	-7.424025E-01	 3.115031E-12	-2.584137E-12	-5.451377E-01	 1.581313E-12	-3.282391E-12	-5.033196E-01	 1.746037E-12	-2.900219E-12	-3.424451E-01	 1.730628E-12	-2.894410E-12	-2.198997E-01	 1.657236E-12	-2.896598E-12	-1.187973E-01	 1.808579E-12	-2.508648E-12	-4.516496E-02	 1.515419E-12	-2.432241E-12	-2.102615E-02	 1.367287E-12	-1.728078E-12	 1.379082E-03	 1.212965E-12	-1.414843E-12	 1.847842E-04	 1.223138E-12	-6.924399E-13	 3.213811E-03	 1.017217E-12	-3.452680E-13	 2.166208E-03	 5.099545E-13	 2.074593E-13	 1.426207E-03	 1.979295E-13	 3.292088E-13	 9.266422E-04	-1.900445E-13	 3.687631E-13	 3.960526E-04	-2.263316E-13	 1.803960E-13	 6.437501E-04	-1.606892E-13
0.91287	 1.750683E+00	 2.134417E-12	 2.913098E-12	 1.197844E+00	-5.862818E-13	 2.833096E-12	 3.799020E-02	-1.368980E-12	 2.482820E-12	-1.219818E-01	-1.266707E-12	 1.825225E-12	-7.925917E-01	-3.098952E-12	 7.863339E-13	-5.827118E-01	-2.851678E-12	 7.110805E-13	-5.593323E-01	-2.710806E-12	 6.184351E-14	-3.901221E-01	-1.990084E-12	-2.564113E-13	-2.628411E-01	-9.854908E-13	-6.176078E-13	-1.474530E-01	-1.062181E-13	-1.052433E-12	-6.304125E-02	 6.423212E-13	-1.157092E-12	-3.082421E-02	 6.654926E-13	-1.405401E-12	-1.349082E-03	 7.874402E-13	-1.050302E-12	-1.395912E-03	 8.111505E-13	-7.487897E-13	 3.626622E-03	 8.046918E-13	-3.855015E-13	 2.328858E-03	 9.250624E-13	 5.415567E-14	 1.664887E-03	 7.799497E-13	 2.971957E-13	 9.972910E-04	 6.174510E-13	 5.807207E-13	 1.560467E-04	 2.266020E-13	 6.934291E-13	 1.731405E-04	-2.133403E-13
0.91856	 1.897799E+00	-2.297333E-12	-5.511301E-12	 1.306118E+00	-2.778717E-12	 1.258818E-12	 8.584479E-02	-3.114148E-12	 4.825506E-12	-8.232336E-02	-1.074321E-12	 4.888885E-12	-8.502288E-01	-1.760465E-12	 5.478582E-12	-6.237002E-01	-7.517856E-13	 4.405139E-12	-6.232701E-01	-1.213727E-12	 3.657980E-12	-4.453234E-01	-1.369612E-12	 3.165747E-12	-3.142817E-01	-2.226081E-12	 2.407811E-12	-1.827872E-01	-3.080576E-12	 1.835136E-12	-8.669207E-02	-3.102766E-12	 9.393192E-13	-4.423628E-02	-3.124341E-12	 4.722682E-14	-5.876196E-03	-2.736352E-12	-4.320087E-13	-4.018974E-03	-1.527704E-12	-8.174334E-13	 3.972734E-03	-6.975361E-13	-6.253353E-13	 2.438354E-03	 4.691603E-13	-6.454601E-13	 2.039420E-03	 9.300057E-13	-2.437483E-13	 1.167454E-03	 1.198582E-12	-8.809463E-14	-2.682403E-05	 1.115807E-12	 2.185477E-13	-2.905973E-04	 8.802186E-13
0.92421	 2.080005E+00	-2.055339E-12	 2.720037E-12	 1.438798E+00	-4.294988E-12	 4.415593E-12	 1.505753E-01	-6.508666E-12	 3.468482E-12	-3.019888E-02	-4.519692E-12	 4.909021E-12	-9.218745E-01	-3.478841E-12	 3.318739E-12	-6.723506E-01	-2.561330E-12	 3.885251E-12	-7.012714E-01	-1.670322E-12	 3.339266E-12	-5.129066E-01	-1.404014E-12	 2.974716E-12	-3.785731E-01	-1.492600E-12	 2.663305E-12	-2.280146E-01	-1.736630E-12	 2.819773E-12	-1.188521E-01	-1.834524E-12	 2.369888E-12	-6.298316E-02	-1.936638E-12	 1.807778E-12	-1.323780E-02	-1.778727E-12	 1.066896E-12	-8.297050E-03	-1.397384E-12	-3.199061E-14	 4.134519E-03	-9.149420E-13	-5.348726E-13	 2.417178E-03	-4.133831E-13	-1.102516E-12	 2.614152E-03	 2.589662E-13	-1.108526E-12	 1.470978E-03	 5.838940E-13	-1.074240E-12	-1.295135E-04	 9.339331E-13	-9.201521E-13	-7.398052E-04	 9.444424E-13
0.92983	 2.305530E+00	-1.501648E-12	 4.478226E-13	 1.598875E+00	 8.710251E-13	-1.097734E-12	 2.366831E-01	-1.138665E-12	 1.316918E-13	 3.999815E-02	-4.943731E-12	 5.267229E-13	-1.009304E+00	-3.554558E-12	-1.590027E-14	-7.283073E-01	-3.713205E-12	 9.532951E-13	-7.959741E-01	-2.551741E-12	 2.994898E-13	-5.954295E-01	-1.061631E-12	 4.789911E-13	-4.589386E-01	-4.762233E-14	 5.301880E-13	-2.860802E-01	 1.754248E-12	 7.358795E-13	-1.627757E-01	 2.444857E-12	 1.273080E-12	-8.936640E-02	 2.322947E-12	 1.264002E-12	-2.514231E-02	 2.437137E-12	 1.668553E-12	-1.527519E-02	 1.146292E-12	 1.294694E-12	 3.801056E-03	 5.557546E-13	 8.924988E-13	 2.098379E-03	-2.497521E-13	 5.149103E-13	 3.498168E-03	-5.583065E-13	 1.692755E-14	 1.979843E-03	-6.639908E-13	-1.219755E-13	-8.580468E-05	-5.459921E-13	-2.571730E-13	-1.152882E-03	-2.537301E-13
0.93541	 2.573420E+00	-2.224064E-12	 2.052964E-13	 1.774712E+00	-6.592162E-12	 7.265348E-12	 3.405699E-01	-9.474032E-12	 4.493560E-12	 1.339786E-01	-4.040311E-12	 4.607365E-12	-1.108335E+00	-3.990577E-12	 3.864417E-12	-7.843009E-01	-7.755881E-13	 1.968075E-12	-9.029000E-01	-2.122263E-14	 1.122278E-12	-6.897279E-01	 3.992317E-13	 1.839024E-13	-5.542405E-01	 1.152487E-12	-3.016223E-13	-3.572913E-01	 1.661293E-12	-7.969804E-13	-2.207024E-01	 1.940048E-12	-1.211732E-12	-1.254858E-01	 2.048773E-12	-1.242050E-12	-4.387858E-02	 1.978428E-12	-1.217097E-12	-2.657233E-02	 1.438631E-12	-7.671957E-13	 2.186701E-03	 6.459685E-13	-3.495322E-13	 1.014308E-03	 2.006146E-13	-8.139240E-14	 4.738258E-03	-3.066905E-13	 1.037971E-13	 2.776507E-03	-3.378566E-13	 5.532204E-14	 2.529627E-04	-4.436421E-13	-2.646189E-14	-1.433818E-03	-4.308105E-13
0.94097	 2.892026E+00	-1.334940E-12	-2.540417E-12	 1.957057E+00	-9.366155E-13	 1.392071E-11	 4.613027E-01	-1.414907E-11	 6.280676E-12	 2.576354E-01	-3.503504E-12	 9.236632E-12	-1.223494E+00	-6.942752E-12	 5.642939E-12	-8.359796E-01	-2.352998E-12	 3.538267E-12	-1.021922E+00	-1.660860E-12	 2.509622E-12	-7.939421E-01	-1.108122E-12	 9.761219E-13	-6.634109E-01	 3.302316E-13	-2.417768E-13	-4.409879E-01	-4.217225E-13	-7.262782E-13	-2.939406E-01	-1.560133E-13	-1.185147E-12	-1.724408E-01	-1.807699E-13	-1.029530E-12	-7.131951E-02	-5.523378E-13	-7.358422E-13	-4.368376E-02	-3.371666E-13	-4.113204E-13	-1.468338E-03	-5.019909E-13	-3.134571E-13	-1.477911E-03	-1.792446E-13	 1.546951E-15	 6.354533E-03	-3.868583E-13	-1.088309E-13	 3.866712E-03	-2.277515E-13	-6.444534E-15	 1.020108E-03	-3.355751E-13	-1.735456E-13	-1.506318E-03	-2.024582E-13
0.94648	 3.328787E+00	 2.693679E-12	 7.707903E-12	 2.240292E+00	 2.055788E-12	 8.170243E-12	 6.657350E-01	-3.905665E-12	 3.653946E-13	 4.337940E-01	-8.185665E-13	 2.956828E-12	-1.372955E+00	-2.965949E-12	-1.040937E-12	-9.086883E-01	-3.043446E-12	-1.170293E-12	-1.194775E+00	-2.598772E-12	-1.676865E-12	-9.466174E-01	-1.632811E-12	-1.716874E-12	-8.227097E-01	-1.384055E-12	-1.710212E-12	-5.666798E-01	-4.934280E-13	-9.906274E-13	-4.069230E-01	 2.691012E-13	-8.341692E-13	-2.468936E-01	 3.246890E-13	-1.356402E-13	-1.196987E-01	 5.077002E-13	 5.592813E-13	-7.382744E-02	 7.698278E-13	 8.841561E-13	-1.065936E-02	 4.121031E-13	 1.216912E-12	-7.024507E-03	 4.979904E-13	 9.962524E-13	 8.666746E-03	 3.604778E-13	 6.539744E-13	 5.785021E-03	 1.128488E-13	 1.988088E-13	 3.040301E-03	 1.904659E-13	-3.608001E-13	-8.374719E-04	-1.696728E-13
0.95197	 3.754171E+00	 2.890373E-12	 3.322268E-13	 2.413434E+00	 1.355731E-11	-8.890208E-12	 8.144273E-01	 1.377545E-11	-8.854221E-12	 6.383517E-01	 7.561796E-12	-8.604662E-12	-1.501042E+00	 9.089495E-12	-9.311348E-12	-9.239707E-01	 4.603655E-12	-6.202813E-12	-1.319248E+00	 4.063822E-12	-5.597240E-12	-1.060447E+00	 1.451856E-12	-3.949140E-12	-9.545330E-01	-2.040428E-13	-2.745758E-12	-6.793128E-01	-4.158994E-13	-1.522685E-12	-5.246679E-01	-7.122601E-13	-1.003296E-12	-3.292243E-01	-5.849927E-13	 1.110769E-13	-1.834998E-01	-3.462901E-13	-2.843287E-13	-1.166568E-01	 5.895874E-14	 8.036567E-14	-2.887034E-02	 8.120009E-14	 1.492675E-13	-1.898704E-02	 3.107070E-13	-7.985874E-14	 9.356956E-03	 2.019250E-13	 4.951794E-13	 7.358969E-03	 1.700255E-13	 1.396508E-13	 6.360883E-03	 2.599163E-13	 6.276167E-13	 1.224543E-03	-8.550898E-14
0.95743	 4.338432E+00	 1.661586E-12	 9.905537E-12	 2.497276E+00	-1.063115E-11	 1.521398E-12	 9.761106E-01	-1.076555E-12	 5.904034E-12	 9.160680E-01	-4.306188E-12	 8.316110E-14	-1.752001E+00	-8.578044E-13	 1.966467E-12	-9.172055E-01	-5.698367E-13	-3.848676E-13	-1.480142E+00	 6.911430E-13	 5.878248E-13	-1.174055E+00	-4.674969E-13	-7.661596E-13	-1.080255E+00	-2.764492E-13	-3.661557E-13	-7.822860E-01	-1.597871E-12	-5.644059E-13	-6.452995E-01	-2.170194E-12	-5.263917E-13	-4.092397E-01	-1.989848E-12	-2.697246E-13	-2.564355E-01	-1.232465E-12	-5.091631E-13	-1.674503E-01	-1.538397E-12	-2.224088E-13	-5.207960E-02	-4.356260E-13	-3.173014E-13	-3.781116E-02	-5.704859E-13	 1.775537E-14	 9.485575E-03	-2.878099E-13	 1.363681E-13	 7.727473E-03	-5.463701E-14	 6.738314E-13	 1.075427E-02	-3.568825E-13	 8.658936E-13	 4.419473E-03	 1.855282E-13
0.96285	 6.102220E+00	-3.229511E-12	-9.089476E-12	 3.932166E+00	-5.749560E-12	-8.431421E-12	 2.319529E+00	 1.115301E-12	 1.313090E-12	 1.717424E+00	-4.595742E-12	-2.296001E-12	-2.309530E+00	-1.804602E-12	 3.096592E-12	-1.189446E+00	-8.819869E-13	 2.333054E-12	-2.340022E+00	-1.660279E-12	 4.595953E-12	-1.880805E+00	-5.284224E-13	 3.918149E-12	-1.818364E+00	-1.659096E-12	 5.077641E-12	-1.387692E+00	-1.717188E-12	 5.149948E-12	-1.194536E+00	-2.342353E-12	 4.909643E-12	-7.959788E-01	-2.163507E-12	 4.510064E-12	-5.666269E-01	-1.279265E-12	 4.236236E-12	-3.709775E-01	-1.592993E-12	 3.167239E-12	-1.656117E-01	-1.140288E-13	 2.562826E-12	-1.116258E-01	-7.664027E-13	 1.896879E-12	-3.003880E-03	-5.841834E-14	 1.149060E-12	 4.218395E-03	-1.813942E-13	 1.161800E-12	 2.602757E-02	-1.673273E-13	 1.004656E-12	 1.714371E-02	 1.647814E-13
0.96825	 6.838295E+00	-7.444691E-12	-5.759315E-12	 4.414099E+00	-7.098121E-12	-1.669860E-11	 2.788409E+00	 5.188447E-12	-4.294832E-12	 2.197845E+00	-3.946562E-12	-1.080764E-11	-2.232920E+00	 5.236309E-12	-4.437614E-12	-1.034911E+00	-9.987740E-13	-1.973870E-12	-2.497085E+00	 2.494715E-13	-1.429738E-12	-2.056295E+00	-9.037128E-13	 1.963929E-12	-2.103270E+00	-2.470717E-12	 3.601702E-12	-1.686479E+00	-2.227975E-12	 4.524174E-12	-1.540537E+00	-3.317606E-12	 6.111045E-12	-1.085532E+00	-2.740740E-12	 6.421241E-12	-8.614586E-01	-2.638220E-12	 6.503005E-12	-5.898389E-01	-1.771721E-12	 6.399776E-12	-3.361176E-01	-1.059333E-12	 5.466041E-12	-2.300797E-01	-3.469811E-13	 4.564309E-12	-6.000056E-02	-1.031068E-14	 3.577031E-12	-2.635252E-02	 2.806690E-13	 2.411505E-12	 3.036304E-02	-1.220856E-13	 1.895511E-12	 2.953777E-02	-4.099077E-13
0.97361	 5.438625E+00	 7.899085E-12	 5.429279E-12	 1.539749E+00	 5.627185E-12	 1.387916E-11	 3.305576E-01	-1.887536E-12	 5.545888E-12	 1.499818E+00	 5.057647E-12	 6.182785E-12	-2.150370E+00	-4.618018E-13	 3.357077E-12	-4.434265E-01	 2.539402E-12	 1.317617E-12	-1.252204E+00	-6.483865E-14	-1.018888E-12	-9.669711E-01	 1.980052E-13	-2.214542E-12	-8.952857E-01	 8.729260E-13	-3.564732E-12	-7.157683E-01	-4.236148E-13	-4.645599E-12	-7.552618E-01	 4.875663E-13	-4.696884E-12	-4.819366E-01	-1.145870E-12	-4.974576E-12	-4.705657E-01	-1.922343E-12	-4.235150E-12	-3.224194E-01	-2.316045E-12	-3.351484E-12	-1.925217E-01	-3.508716E-12	-2.499636E-12	-1.530829E-01	-2.864035E-12	-1.277618E-12	-3.093980E-02	-3.447681E-12	-7.058930E-13	-1.834159E-02	-2.899767E-12	-7.367306E-15	 2.590141E-02	-2.826872E-12	 5.841940E-14	 2.674994E-02	-2.298248E-12
0.97895	 1.326149E+01	 1.040320E-11	 1.206925E-11	 4.566655E+00	 1.368213E-11	 2.039888E-11	 5.550110E+00	 3.732344E-14	 4.962049E-12	 5.398935E+00	 1.050094E-11	 1.265245E-11	-5.843731E+00	 7.913501E-13	 8.309640E-12	-5.205899E-01	 4.320158E-12	 8.577101E-12	-4.513804E+00	-1.236467E-12	 6.971200E-12	-3.121116E+00	 7.330023E-14	 5.347363E-12	-2.960482E+00	-6.844651E-13	 1.853489E-12	-2.597123E+00	-1.883224E-12	 1.499604E-13	-2.477414E+00	 1.505072E-12	-2.960233E-12	-1.684240E+00	-1.943691E-12	-5.508944E-12	-1.812879E+00	 9.887004E-13	-6.958333E-12	-1.191019E+00	-1.882806E-12	-8.952488E-12	-9.663225E-01	-1.290790E-12	-8.631631E-12	-7.527690E-01	-1.967268E-12	-8.628373E-12	-3.240631E-01	-2.794215E-12	-7.479660E-12	-2.584134E-01	-1.697255E-12	-6.481003E-12	 1.336643E-02	-2.518360E-12	-5.539570E-12	 6.315122E-02	-1.743874E-12
0.98425	 4.995032E+01	-3.080409E-11	-1.699508E-11	 2.659755E+01	-1.604727E-11	-2.074849E-11	 4.336547E+01	-2.646062E-11	-1.110900E-11	 2.708066E+01	-1.890730E-11	-1.522931E-11	-1.227526E+01	-2.901182E-12	-5.780679E-12	 5.154180E+00	-1.426562E-11	 4.014762E-12	-2.266458E+01	-2.968363E-12	 6.805250E-12	-1.251649E+01	-7.473112E-12	 1.543912E-11	-1.809589E+01	-6.167516E-12	 1.677709E-11	-1.576863E+01	-1.025222E-12	 1.859791E-11	-1.428402E+01	-3.436850E-12	 1.847123E-11	-1.173853E+01	 3.115328E-12	 1.747706E-11	-1.152267E+01	 5.601448E-12	 1.455654E-11	-8.027304E+00	 4.687825E-12	 1.294657E-11	-8.195809E+00	 1.323319E-11	 8.807642E-12	-5.951359E+00	 7.085749E-12	 6.150822E-12	-4.767506E+00	 1.542344E-11	 1.850135E-12	-3.970106E+00	 1.014346E-11	-9.649184E-13	-2.071224E+00	 1.439044E-11	-4.057010E-12	-1.659953E+00	 1.245172E-11
0.98953	 9.076899E+03	-2.302988E-10	-5.519296E-09	 9.277855E+02	 5.877911E-09	 3.367722E-09	-1.197102E+04	-3.272131E-09	 3.920203E-09	 4.721989E+02	-4.847067E-09	-4.185777E-09	 7.356159E+03	 4.348818E-09	-2.297745E-09	-8.368723E+02	 3.303952E-09	 3.597805E-09	-4.137950E+03	-3.831547E-09	 9.913735E-10	 8.140181E+02	-1.821379E-09	-2.555687E-09	 2.060421E+03	 2.773193E-09	-2.854933E-10	-6.196593E+02	 8.465392E-10	 1.525792E-09	-1.010030E+03	-1.810205E-09	-7.279422E-11	 3.438475E+02	-3.688676E-10	-8.422393E-10	 3.993367E+02	 1.014889E-09	 1.168389E-10	-2.202356E+02	 1.457499E-10	 3.745152E-10	-1.845455E+02	-5.181979E-10	-1.144718E-10	 8.613671E+01	 2.064394E-11	-1.527984E-10	 4.361355E+01	 2.862857E-10	 1.436866E-10	-5.531903E+01	-4.590092E-11	 9.039996E-11	-2.923167E+01	-1.211689E-10	-1.157191E-10	 9.059602E+00	-3.218191E-12
0.99478	 5.867259E+04	-1.312988E-10	-2.948393E-08	-5.949164E+03	 4.499012E-08	 6.280341E-08	-8.903292E+04	-5.198615E-08	 8.095340E-09	 1.813305E+04	-3.255219E-08	-6.475488E-08	 5.133143E+04	 5.139675E-08	 5.311655E-09	-1.566384E+04	 3.951735E-09	 1.382909E-08	-2.385954E+04	-2.259874E-09	 7.353789E-09	 5.488162E+03	 1.251213E-08	 4.829953E-08	 1.342418E+04	-5.963979E-08	-4.276777E-08	 3.128090E+03	-4.324776E-09	-8.411943E-08	-1.488084E+04	 9.880344E-08	 8.017844E-08	-5.419577E+03	-1.905205E-08	 8.238414E-08	 1.894192E+04	-1.022786E-07	-1.001217E-07	 2.443757E+03	 4.013826E-08	-5.599861E-08	-2.001732E+04	 7.907722E-08	 9.641321E-08	 1.902168E+03	-4.804875E-08	 2.475145E-08	 1.698674E+04	-4.716506E-08	-7.579106E-08	-4.879957E+03	 4.284658E-08	-1.977846E-09	-1.194912E+04	 2.069701E-08	 5.007787E-08	 5.541572E+03	-3.068985E-08
1.00000	 2.695025E+05	-5.032045E-09	-2.155167E-07	-2.147520E+04	 3.049058E-07	 3.579045E-07	-3.868571E+05	-2.913324E-07	 9.120638E-08	 8.341010E+04	-2.360113E-07	-3.636138E-07	 2.194330E+05	 2.887008E-07	 4.531080E-10	-7.515235E+04	 5.512263E-08	 7.136831E-08	-1.191072E+05	-1.010839E-08	 5.025876E-08	 3.303696E+04	 6.801587E-08	 2.835562E-07	 1.001007E+05	-3.454365E-07	-2.329964E-07	-1.533729E+03	-4.834598E-08	-4.888080E-07	-1.244022E+05	 5.759729E-07	 4.360318E-07	-3.927246E+02	-7.182327E-08	 4.810019E-07	 1.456717E+05	-6.045753E-07	-5.488409E-07	-1.818045E+04	 1.926536E-07	-3.315853E-07	-1.409743E+05	 4.773612E-07	 5.327369E-07	 3.810320E+04	-2.470829E-07	 1.523967E-07	 1.126422E+05	-2.945422E-07	-4.217143E-07	-4.711806E+04	 2.290988E-07	-1.994266E-08	-7.561827E+04	 1.388091E-07	 2.805213E-07	 4.361555E+04	-1.688902E-07
