r	   0/   0	   0/   1	   1/  -1	   1/   0	   1/   1	   2/  -1	   2/   0	   2/   1	   3/  -1	   3/   0	   3/   1	   4/  -1	   4/   0	   4/   1	   5/  -1	   5/   0	   5/   1	   6/  -1	   6/   0	   6/   1	   7/  -1	   7/   0	   7/   1	   8/  -1	   8/   0	   8/   1	   9/  -1	   9/   0	   9/   1	  10/  -1	  10/   0	  10/   1	  11/  -1	  11/   0	  11/   1	  12/  -1	  12/   0	  12/   1	  13/  -1	  13/   0	  13/   1	  14/  -1	  14/   0	  14/   1	  15/  -1	  15/   0	  15/   1	  16/  -1	  16/   0	  16/   1	  17/  -1	  17/   0	  17/   1	  18/  -1	  18/   0	  18/   1	  19/  -1	  19/   0	  19/   1
0.10206	 3.228135E-01	-1.919599E-14	-3.244151E-14	 7.218408E-02	-3.618102E-14	-1.169151E-16	 1.187943E-01	-1.881847E-14	-1.420537E-14	 1.438029E-02	-1.264695E-14	-1.577354E-14	 1.719090E-03	-2.373862E-14	-1.009243E-14	 7.003188E-04	 5.989158E-15	-1.184608E-14	-2.388047E-04	 3.903824E-16	-1.859902E-14	 1.007883E-04	-2.164359E-15	 6.989127E-15	 2.305205E-04	-2.740283E-14	-6.167362E-15	-2.885969E-04	 1.942270E-14	 1.464500E-15	-5.436743E-05	 2.037534E-14	-1.816666E-15	 5.605075E-05	 2.027023E-14	-9.224084E-15	-3.432336E-05	-5.451245E-15	-1.615160E-14	-2.496785E-05	 1.591231E-14	-8.985493E-15	-1.927444E-05	 1.145317E-14	 4.374171E-15	 2.797608E-05	 3.522712E-15	-3.083013E-14	-1.583062E-07	 4.580411E-14	-1.968995E-16	 4.660926E-06	-1.759769E-14	 5.204036E-15	 7.961866E-06	 1.985549E-14	 1.853224E-14	 1.287141E-06	-2.821452E-14
0.14434	 3.437366E-01	-6.240455E-15	 4.395209E-16	 1.056714E-01	-2.015197E-14	-4.924638E-15	 1.320650E-01	 8.211927E-15	 2.826884E-15	 2.364490E-02	 2.092993E-16	 2.872683E-16	 3.153937E-03	-1.804492E-14	-4.512316E-15	 9.734548E-04	 2.512354E-14	 6.161104E-15	-2.379266E-04	 9.172584E-15	-2.099609E-14	-1.984565E-04	 3.078640E-14	-1.326413E-15	 4.813859E-04	-4.139068E-14	-9.849793E-15	-3.921655E-04	 3.665826E-14	-7.105946E-15	-3.532075E-04	 1.686977E-14	-1.469151E-14	 2.924503E-04	-3.502596E-15	-1.408954E-14	 5.338223E-05	 5.341317E-15	-8.366962E-15	-9.578632E-05	-3.908987E-15	-2.659794E-14	-3.709270E-05	 3.986714E-14	-5.484989E-15	 4.347512E-05	-2.580837E-14	-8.378844E-15	-1.455706E-06	-9.948205E-15	-1.723878E-15	-1.511984E-05	-4.696240E-14	-2.234880E-15	-2.318588E-06	-3.069502E-14	 2.130711E-15	-2.855189E-07	-2.680340E-14
0.17678	 3.501208E-01	 3.121358E-14	 3.618838E-14	 1.315666E-01	 1.001312E-15	 2.670516E-14	 1.406592E-01	 5.299031E-15	 2.644223E-14	 3.185475E-02	-2.250778E-14	 2.963188E-14	 4.906719E-03	 6.228804E-15	 1.926440E-14	 1.130340E-03	 1.629081E-14	 1.812955E-14	 8.465254E-06	 3.814798E-14	 1.526205E-14	-4.115207E-04	-2.051245E-15	 3.322665E-15	 2.724787E-04	-1.434885E-14	 8.610006E-15	-2.049680E-04	-9.748023E-15	 1.791964E-14	-4.183525E-04	-3.388766E-14	-1.600815E-14	 2.240730E-04	-2.672971E-14	 1.018227E-14	 1.849902E-04	 4.248638E-15	-1.618248E-14	-1.051099E-04	 3.246777E-14	 8.421111E-15	-9.269164E-05	 1.465815E-14	-3.505295E-14	 4.165313E-05	 2.235879E-14	-1.901174E-14	 2.089496E-05	-2.542392E-14	-1.099411E-14	-1.194666E-05	-3.425184E-14	-9.723550E-15	-1.025078E-05	-5.398191E-15	-1.466120E-14	-7.240525E-06	 1.007604E-14
0.20412	 3.544036E-01	 8.770148E-15	 1.373648E-14	 1.527132E-01	-8.365312E-15	 1.599230E-14	 1.487526E-01	-8.161406E-16	 2.101253E-14	 3.896537E-02	-4.228207E-14	 2.757541E-14	 6.879532E-03	 2.755979E-16	-1.714012E-15	 1.219317E-03	-1.836561E-14	-1.325325E-14	 1.830673E-04	-7.713939E-15	 8.234097E-15	-3.908509E-04	-5.110183E-14	-1.959926E-14	-6.269369E-05	-1.597408E-14	 1.347316E-14	-9.454155E-05	-3.119782E-14	 2.632171E-14	-2.976998E-04	-4.217394E-14	 2.572099E-14	 5.155692E-05	 3.995056E-15	 3.334381E-14	 1.969407E-04	-2.019477E-16	-1.275048E-14	-5.991117E-05	 4.853310E-14	 1.838237E-14	-1.161939E-04	-1.004441E-14	-7.270924E-15	 1.639195E-05	 1.517662E-14	-1.532342E-14	 3.741371E-05	 3.014532E-16	-5.223615E-15	 9.683415E-06	-5.873990E-15	 8.629354E-15	-1.633323E-06	 3.495590E-15	 1.368586E-14	-5.046046E-06	 6.500602E-15
0.22822	 3.579455E-01	-6.772783E-15	-1.139034E-15	 1.702747E-01	-8.708072E-15	-2.094116E-14	 1.562117E-01	-1.434082E-14	-4.958651E-15	 4.532576E-02	-2.854722E-14	 1.131863E-14	 8.890430E-03	-2.641118E-14	 1.817587E-15	 1.350519E-03	-5.263355E-14	-1.367701E-15	 2.058378E-04	-6.657121E-14	 1.718750E-14	-3.287797E-04	-5.189559E-14	 5.387576E-15	-2.365987E-04	-4.413939E-14	 1.936598E-14	-1.021760E-04	-1.438595E-14	 3.078201E-14	-2.230515E-04	-2.677664E-16	 5.142955E-14	-2.370394E-05	 1.661169E-14	 1.822802E-14	 1.725901E-04	 8.306614E-15	-1.157210E-14	-1.948223E-05	 1.230557E-14	-2.697422E-14	-1.126748E-04	 1.264512E-14	-6.120373E-15	-2.121990E-05	-1.109315E-14	 9.346105E-16	 2.520672E-05	-4.070031E-15	 1.564182E-14	 1.795440E-05	-4.448551E-15	 2.887927E-14	 7.836539E-06	-1.382176E-14	 2.748355E-14	 3.538009E-06	-2.013926E-14
0.25000	 3.610182E-01	-6.674602E-15	 8.692467E-15	 1.847032E-01	-2.299434E-14	 6.184695E-15	 1.628189E-01	-2.387636E-14	 1.313015E-14	 5.084291E-02	-3.242450E-15	-2.109376E-14	 1.077748E-02	 2.993109E-14	-7.378165E-15	 1.537560E-03	 9.918203E-15	-3.714097E-14	 1.639614E-04	 2.953320E-14	-3.700177E-14	-2.775074E-04	 4.954111E-14	-2.362120E-14	-3.346114E-04	 4.309564E-14	-1.158123E-14	-1.466361E-04	 1.880619E-14	-5.372259E-15	-1.613482E-04	 6.360920E-14	 7.153357E-15	-5.307548E-05	 3.970988E-14	-2.840179E-14	 1.309599E-04	 2.799731E-14	-1.591915E-14	 7.113790E-06	 1.271048E-14	-3.439799E-14	-9.059778E-05	 2.906888E-14	-5.074318E-15	-4.297193E-05	 2.173887E-14	-4.799718E-15	 5.687436E-06	 9.094155E-15	 1.518439E-14	 1.418093E-05	-3.699265E-15	 2.930975E-14	 1.010509E-05	-1.414795E-14	 8.003472E-15	 7.761563E-06	-6.349117E-15
0.27003	 3.636921E-01	-2.478082E-14	-1.232010E-14	 1.963206E-01	-4.997526E-14	 2.852778E-14	 1.684597E-01	-3.961820E-14	 3.302645E-14	 5.546306E-02	-6.020426E-15	-9.131450E-15	 1.242490E-02	 3.142630E-14	-2.543242E-14	 1.742406E-03	 5.893062E-14	-2.323151E-14	 9.464907E-05	 6.342550E-14	-6.188660E-14	-2.468623E-04	 7.513231E-14	-3.938597E-14	-3.857187E-04	 5.339635E-14	-1.980120E-14	-1.984701E-04	-1.321749E-15	-2.284388E-14	-1.224495E-04	 4.341281E-14	-3.891228E-14	-5.485604E-05	 4.177510E-14	-4.722032E-14	 9.870480E-05	 2.637584E-14	-6.858602E-15	 1.832192E-05	-4.520838E-15	-1.477101E-14	-6.978724E-05	-1.847805E-14	 1.771464E-14	-5.021687E-05	-1.824994E-14	 1.314672E-14	-8.949866E-06	-2.461369E-14	 1.086450E-14	 7.830687E-06	-1.752767E-14	 1.962528E-14	 9.147245E-06	-1.199475E-14	 1.945386E-14	 8.565918E-06	-1.600149E-14
0.28868	 3.660037E-01	-4.540576E-14	-5.718173E-14	 2.054627E-01	-6.236363E-14	-3.733307E-14	 1.731332E-01	-8.400638E-14	-1.918285E-14	 5.920599E-02	-2.722386E-14	-5.168315E-15	 1.378093E-02	-4.304838E-14	 1.005474E-14	 1.936358E-03	 9.687137E-15	 3.097497E-14	 1.478848E-05	 9.875534E-15	 2.613489E-14	-2.417095E-04	-7.346033E-15	 2.027551E-14	-4.104329E-04	-3.197049E-14	 2.547150E-14	-2.417610E-04	-6.998246E-14	 4.011508E-14	-1.020164E-04	-5.179670E-14	-3.529354E-15	-4.709625E-05	-1.087589E-14	-2.045118E-14	 7.692325E-05	 1.733403E-14	 1.822347E-15	 2.232265E-05	-8.200909E-15	-2.881086E-14	-5.199103E-05	 5.522899E-15	-1.933637E-14	-4.887914E-05	-8.552326E-15	-2.569840E-14	-1.764847E-05	 5.410495E-15	-2.085482E-14	 1.763148E-06	 3.036948E-14	-7.111704E-15	 7.011243E-06	 3.645084E-14	-9.390272E-15	 7.977533E-06	 9.330115E-15
0.30619	 3.679937E-01	-4.324541E-14	-1.889828E-14	 2.124883E-01	-4.192683E-14	-3.124168E-14	 1.769256E-01	-5.232285E-14	-1.154129E-14	 6.215532E-02	-1.872319E-14	 3.503806E-16	 1.484484E-02	-3.926435E-15	 1.395134E-14	 2.105148E-03	 4.310579E-14	 2.350625E-15	-6.588316E-05	 6.256750E-14	 4.347825E-14	-2.610778E-04	 1.652255E-14	 4.179869E-14	-4.242897E-04	-1.957785E-15	 4.136435E-14	-2.730734E-04	-4.899331E-14	 4.303619E-14	-9.268312E-05	-3.177370E-14	 1.017251E-14	-3.801110E-05	-1.566438E-14	 3.646326E-15	 6.152759E-05	-9.398122E-16	 3.701530E-15	 2.245266E-05	 5.262522E-15	 1.697587E-14	-3.742509E-05	 4.866190E-15	 1.929418E-14	-4.231435E-05	 8.641140E-15	 1.738474E-14	-2.059814E-05	 1.569716E-14	 2.588044E-14	-2.496065E-06	 8.723255E-15	 1.965563E-14	 4.580959E-06	-2.927484E-15	-5.967756E-15	 6.612511E-06	-1.048850E-14
0.32275	 3.697031E-01	-1.319547E-14	 1.624323E-14	 2.177372E-01	-1.542855E-14	-3.666961E-15	 1.799571E-01	 9.765317E-15	 3.183323E-14	 6.442025E-02	 1.025943E-14	 1.131775E-14	 1.564237E-02	 4.588162E-14	-7.454503E-15	 2.243118E-03	 6.997016E-14	-1.686902E-14	-1.426496E-04	 5.072669E-14	-6.252337E-15	-3.009485E-04	 9.484652E-15	 4.166868E-15	-4.372577E-04	 4.090569E-14	 7.975390E-15	-2.950570E-04	 2.479179E-14	-1.392718E-14	-8.929757E-05	 6.581830E-14	-1.736113E-14	-3.010807E-05	 1.376671E-14	-6.987073E-16	 4.944117E-05	 8.127854E-15	 2.976929E-15	 1.995332E-05	-3.323799E-14	 2.914633E-14	-2.612902E-05	-4.647959E-14	 3.711752E-14	-3.318079E-05	-3.067703E-14	 5.120372E-14	-1.902928E-05	-3.691931E-14	 6.161060E-14	-4.370190E-06	-4.475143E-14	 5.537337E-14	 2.606652E-06	-4.591695E-14	 4.441510E-14	 4.993628E-06	-3.329515E-14
0.33850	 3.711701E-01	 5.374524E-16	 4.472281E-14	 2.215072E-01	-3.120310E-14	 3.921696E-14	 1.823485E-01	-1.236423E-14	 5.680209E-14	 6.610806E-02	-4.572434E-15	 2.426622E-14	 1.620675E-02	 1.909693E-14	 4.007761E-14	 2.347837E-03	 1.442321E-14	 2.588012E-14	-2.151264E-04	 4.335743E-15	 3.482244E-14	-3.573625E-04	-2.571134E-16	 2.170680E-14	-4.542787E-04	 6.716110E-14	 1.413699E-14	-3.111753E-04	 7.554260E-14	 4.434059E-15	-8.971906E-05	 7.244365E-14	 5.999888E-16	-2.422675E-05	 7.103393E-14	 2.047978E-14	 3.934314E-05	 3.441371E-14	 2.141080E-14	 1.601150E-05	 1.222435E-15	 1.097002E-14	-1.773010E-05	 1.567058E-16	-4.456785E-15	-2.343777E-05	 1.977353E-14	 5.451840E-15	-1.462228E-05	 1.290868E-14	 9.613564E-15	-4.130381E-06	 5.699394E-15	 4.008627E-16	 1.439080E-06	 4.222072E-16	-8.001418E-15	 3.526326E-06	-6.481176E-15
0.35355	 3.724334E-01	-2.220600E-15	 7.421889E-14	 2.240708E-01	-2.937699E-14	 9.428003E-14	 1.842206E-01	-4.484121E-14	 8.614331E-14	 6.732367E-02	-3.404432E-14	 7.347790E-14	 1.657538E-02	-1.482480E-14	 8.105367E-14	 2.419824E-03	-2.132567E-14	 8.660617E-14	-2.850458E-04	-1.687693E-14	 7.537027E-14	-4.274410E-04	-1.404430E-14	 1.057967E-13	-4.771031E-04	-2.194437E-15	 6.045959E-14	-3.235501E-04	 8.080270E-15	 8.512048E-14	-9.342412E-05	-1.236711E-14	 8.011879E-14	-2.124789E-05	 1.896861E-14	 6.952261E-14	 3.066300E-05	 2.323426E-15	 6.586110E-14	 1.208811E-05	 3.233611E-14	 3.561367E-14	-1.125420E-05	 2.802684E-14	 2.130741E-14	-1.423492E-05	 2.216979E-14	 3.011399E-14	-8.976562E-06	 5.236398E-15	 2.601911E-14	-2.495798E-06	-1.314012E-14	 1.287122E-15	 1.046628E-06	-2.322186E-14	-2.090250E-14	 2.410775E-06	-2.588889E-14
0.36799	 3.735361E-01	-6.376872E-15	 5.259499E-14	 2.256917E-01	 1.941040E-14	 6.602769E-14	 1.856991E-01	-3.862039E-14	 4.914532E-14	 6.817497E-02	-1.220691E-14	 5.951481E-14	 1.679123E-02	-4.713975E-15	 4.035797E-14	 2.463192E-03	-2.261674E-14	 4.831480E-14	-3.541547E-04	-1.604096E-14	 3.450442E-14	-5.085136E-04	-5.639862E-14	 4.876925E-14	-5.060312E-04	-5.516037E-14	 1.987061E-14	-3.336484E-04	-3.063930E-14	 3.828772E-15	-1.001535E-04	-8.445392E-15	 1.296412E-14	-2.167506E-05	 9.795376E-15	-6.872749E-15	 2.298899E-05	 1.196647E-14	-3.489141E-15	 9.213456E-06	 3.667371E-14	-5.531844E-15	-5.618591E-06	 1.693409E-14	 9.988475E-15	-5.986377E-06	-3.581352E-15	 2.137483E-14	-3.213968E-06	-1.667861E-14	 1.733936E-14	-1.963627E-07	-2.748844E-14	 1.675201E-15	 1.218684E-06	-3.020970E-14	-3.600297E-15	 1.687373E-06	-2.366602E-14
0.38188	 3.745194E-01	-1.499429E-14	 4.344573E-15	 2.266096E-01	-1.915730E-15	 2.890043E-14	 1.869008E-01	-2.736427E-14	-8.093150E-15	 6.876324E-02	-8.767384E-15	-2.126737E-14	 1.689692E-02	 2.562423E-14	-4.039818E-14	 2.483346E-03	 2.810918E-14	-4.934703E-14	-4.238190E-04	 3.149074E-14	-2.680709E-14	-5.973629E-04	 1.497634E-14	-3.862954E-14	-5.407472E-04	-9.721899E-15	-2.808822E-15	-3.433033E-04	-4.337624E-15	-2.565020E-14	-1.095339E-04	-5.786481E-15	-6.196749E-15	-2.509377E-05	 6.338003E-15	-5.605686E-15	 1.613349E-05	 2.831721E-15	-1.089664E-14	 7.652399E-06	 4.070146E-15	-1.072569E-14	-1.988085E-07	-1.646080E-14	-1.923183E-14	 1.299441E-06	-1.835874E-14	-1.945933E-14	 2.115572E-06	-7.915733E-15	-2.522934E-14	 2.294367E-06	-1.332206E-14	-2.978131E-14	 1.764164E-06	-1.257971E-14	-1.118515E-14	 1.336509E-06	-4.183548E-15
0.39528	 3.754165E-01	-5.230947E-16	-3.454828E-14	 2.270177E-01	 1.013791E-14	-4.520708E-14	 1.879174E-01	 3.300105E-14	-5.688968E-14	 6.916946E-02	 4.037592E-14	-8.092754E-14	 1.692680E-02	 9.454328E-14	-7.991521E-14	 2.484187E-03	 9.187287E-14	-5.384989E-14	-4.953623E-04	 7.632720E-14	-5.032009E-14	-6.904603E-04	 8.716955E-14	-2.854576E-14	-5.805820E-04	 2.513047E-14	 5.407366E-15	-3.546432E-04	 3.747348E-15	 1.518777E-14	-1.212081E-04	-1.489639E-14	 5.905795E-14	-3.048257E-05	-5.020982E-14	 3.833642E-14	 1.018862E-05	-1.946349E-14	 4.922325E-14	 7.218858E-06	-4.798795E-14	 1.017303E-14	 5.122643E-06	-3.677512E-14	-1.996430E-14	 7.713679E-06	-2.053815E-14	-4.509174E-14	 6.855466E-06	 7.650615E-15	-5.090488E-14	 4.772152E-06	 2.711046E-14	-4.556356E-14	 2.585994E-06	 3.788235E-14	-3.930474E-14	 1.341858E-06	 4.018965E-14
0.40825	 3.762498E-01	-1.261556E-14	-4.113159E-14	 2.270523E-01	 1.099505E-14	-6.366858E-14	 1.888081E-01	 3.774731E-14	-5.857918E-14	 6.944762E-02	 5.625159E-14	-5.087791E-14	 1.690282E-02	 8.934180E-14	 3.213831E-15	 2.466981E-03	 3.927155E-14	 1.631512E-14	-5.702456E-04	 2.615999E-14	-2.051475E-15	-7.846719E-04	 2.542248E-14	-8.338957E-16	-6.246388E-04	 1.037034E-15	-1.955563E-14	-3.694222E-04	-6.705851E-15	-3.472420E-14	-1.349340E-04	 4.241889E-14	 8.515914E-15	-3.684526E-05	 1.199878E-14	-8.192693E-15	 5.364734E-06	 4.593158E-14	-1.073745E-14	 7.681945E-06	 1.603892E-14	-3.530832E-15	 1.024544E-05	 2.027539E-15	-1.344103E-14	 1.334017E-05	-6.347888E-15	-2.116568E-14	 1.102793E-05	 1.584333E-15	-1.383731E-14	 7.188240E-06	 1.019685E-14	-4.315915E-15	 3.652151E-06	 1.018211E-14	-1.102570E-14	 1.694439E-06	 7.926866E-15
0.42081	 3.770328E-01	-2.874938E-14	-2.735646E-14	 2.268010E-01	-3.706245E-14	-2.039630E-14	 1.896037E-01	-2.787723E-14	 1.427184E-14	 6.962776E-02	 4.671939E-15	 4.475308E-15	 1.683580E-02	-1.356549E-15	 7.300342E-14	 2.430985E-03	-5.143592E-15	 6.482825E-14	-6.499304E-04	-4.345103E-14	 4.864408E-14	-8.777693E-04	-3.780112E-14	 4.869564E-14	-6.719219E-04	-6.765683E-14	 7.143471E-15	-3.885397E-04	-5.427802E-14	-1.684332E-14	-1.505429E-04	-3.381957E-15	-3.502733E-14	-4.358778E-05	 1.357255E-14	-9.693337E-15	 1.780538E-06	 6.201356E-15	-4.741839E-14	 8.932051E-06	 1.349570E-14	 1.111528E-15	 1.511616E-05	-2.237714E-14	 1.934230E-14	 1.828548E-05	-5.252142E-14	 4.693685E-14	 1.471852E-05	-5.906536E-14	 5.575936E-14	 9.547417E-06	-5.626078E-14	 4.670628E-14	 4.941347E-06	-4.880806E-14	 2.832364E-14	 2.370268E-06	-4.942210E-14
0.43301	 3.777744E-01	 2.535082E-14	 4.508335E-14	 2.263221E-01	 3.472806E-15	 4.543139E-14	 1.903206E-01	 1.997279E-14	 6.317407E-14	 6.972720E-02	 4.558744E-14	 4.251943E-14	 1.673129E-02	 3.239548E-14	 3.494709E-14	 2.375524E-03	 4.704681E-14	 3.810752E-14	-7.353700E-04	-1.036168E-14	 1.044832E-14	-9.684477E-04	-3.074761E-14	 2.123207E-14	-7.215200E-04	-7.007158E-14	-1.146060E-14	-4.120842E-04	-3.217555E-14	-1.813683E-14	-1.678561E-04	-5.195302E-15	-5.360204E-15	-5.052916E-05	-1.874231E-15	-2.869612E-17	-6.401642E-07	-2.018247E-14	 2.557388E-14	 1.094041E-05	-5.419445E-14	 5.062650E-14	 1.981478E-05	-6.145251E-14	 5.868511E-14	 2.271733E-05	-5.665951E-14	 4.010521E-14	 1.803817E-05	-2.563834E-14	 2.746957E-15	 1.185974E-05	 2.182458E-14	-2.153126E-14	 6.415603E-06	 4.347349E-14	-1.942295E-14	 3.321163E-06	 2.306876E-14
0.44488	 3.784812E-01	 5.810875E-14	 6.320392E-14	 2.256580E-01	 5.578997E-14	 5.957112E-14	 1.909708E-01	 5.952131E-14	-2.211434E-14	 6.975921E-02	 7.835159E-14	-1.076943E-14	 1.659427E-02	 8.569814E-14	-5.005010E-14	 2.301426E-03	 6.841294E-14	-2.705700E-14	-8.267157E-04	 5.203506E-14	-4.985995E-14	-1.056051E-03	 1.569359E-14	-3.974873E-14	-7.727409E-04	 1.379358E-14	-2.433091E-14	-4.397348E-04	 1.886007E-14	-2.878148E-14	-1.866723E-04	 3.207696E-14	-1.783209E-15	-5.768222E-05	 1.876089E-14	-2.661875E-14	-2.112221E-06	 1.330110E-14	 1.346971E-14	 1.364825E-05	-2.803762E-14	-1.088437E-15	 2.447794E-05	-1.699616E-15	-1.102319E-14	 2.684810E-05	 1.647380E-14	-2.528913E-14	 2.112063E-05	 3.511042E-14	-2.629937E-14	 1.414052E-05	 3.573308E-14	-8.731106E-15	 8.027411E-06	 1.665010E-14	-3.170547E-15	 4.486848E-06	 2.411952E-15
0.45644	 3.791584E-01	-2.122860E-14	 1.100534E-14	 2.248396E-01	-8.756001E-15	 8.977988E-15	 1.915642E-01	-3.585926E-14	-7.200518E-15	 6.973452E-02	-3.331648E-14	 2.019410E-14	 1.642958E-02	-1.803164E-14	 1.134783E-14	 2.210632E-03	-1.921465E-14	 3.716028E-14	-9.235811E-04	-3.582068E-14	 1.005343E-15	-1.140354E-03	-3.748884E-14	 8.431015E-15	-8.251129E-04	-3.368713E-15	 9.568725E-15	-4.710599E-04	 1.582644E-14	 1.195816E-14	-2.068058E-04	 1.579137E-14	-5.145519E-14	-6.507903E-05	 3.735705E-14	-2.549146E-14	-2.870838E-06	-1.250978E-15	-5.507336E-14	 1.693539E-05	 2.001586E-14	-3.948246E-14	 2.920606E-05	 3.342990E-14	-1.790263E-14	 3.088012E-05	 4.239131E-14	 1.062376E-14	 2.411050E-05	 3.724892E-14	 3.151400E-14	 1.642096E-05	 1.242801E-14	 4.046780E-14	 9.738718E-06	-1.765811E-14	 2.376361E-14	 5.812743E-06	-1.872119E-14
0.46771	 3.798080E-01	 6.739269E-17	 2.193975E-14	 2.238829E-01	-2.761041E-14	 4.512832E-14	 1.921039E-01	 2.806116E-15	 1.001465E-13	 6.965755E-02	-2.748481E-14	 1.124560E-13	 1.623934E-02	-1.103280E-14	 9.784852E-14	 2.104700E-03	-3.288304E-14	 6.763166E-14	-1.025600E-03	-8.024379E-14	 3.738033E-14	-1.221488E-03	-8.853505E-14	 1.369999E-14	-8.782778E-04	-7.910122E-14	-1.499302E-14	-5.055373E-04	-1.138627E-14	 1.014889E-14	-2.280960E-04	-1.779324E-14	-4.444796E-14	-7.274260E-05	 3.085405E-14	-3.332608E-15	-3.109506E-06	 2.356587E-14	-3.733770E-14	 2.067202E-05	 2.560277E-14	-1.379563E-14	 3.405422E-05	 4.588910E-14	 6.281782E-15	 3.497293E-05	 4.349203E-14	 1.510049E-15	 2.713975E-05	 3.297368E-14	-1.542899E-14	 1.874338E-05	 4.084625E-14	-2.879664E-14	 1.152659E-05	 5.514858E-14	-2.955990E-14	 7.255507E-06	 6.616244E-14
0.47871	 3.804298E-01	 8.870766E-15	-2.078808E-14	 2.227904E-01	-3.646035E-14	-7.968883E-16	 1.925852E-01	 7.004482E-15	-2.299509E-15	 6.952544E-02	-1.288686E-14	-7.462315E-15	 1.602192E-02	 1.243258E-14	-4.932277E-16	 1.984113E-03	-1.920471E-15	-2.760559E-14	-1.132690E-03	-2.776920E-15	 2.874760E-14	-1.299927E-03	-5.637265E-14	 7.524448E-15	-9.318926E-04	-4.262715E-14	 4.943663E-14	-5.424366E-04	-3.102039E-14	 1.094729E-14	-2.503859E-04	 1.304111E-14	 2.607575E-14	-8.075905E-05	 1.632738E-14	-1.154434E-14	-3.005248E-06	 5.878591E-14	-1.248469E-14	 2.478132E-05	 4.337711E-14	-5.613287E-15	 3.909246E-05	 2.323689E-14	-9.781383E-15	 3.925480E-05	 8.535377E-15	-2.765582E-14	 3.031253E-05	-5.146701E-15	-2.471786E-14	 2.114645E-05	-1.725936E-14	-7.271769E-15	 1.337449E-05	-1.064620E-14	 6.522368E-17	 8.775852E-06	 5.218778E-15
0.48947	 3.810228E-01	-1.981249E-14	-2.461950E-14	 2.215611E-01	-2.353347E-14	-1.351501E-14	 1.930016E-01	-1.958532E-14	-5.440640E-14	 6.933334E-02	-3.176319E-14	-3.013904E-14	 1.577472E-02	-5.812547E-15	-1.468669E-14	 1.849163E-03	 4.301577E-15	-2.184917E-14	-1.244832E-03	 1.264804E-14	 1.064186E-14	-1.376425E-03	-3.304994E-14	-1.643414E-15	-9.856364E-04	-7.108341E-14	 4.148149E-14	-5.808018E-04	-8.545161E-14	-7.740907E-15	-2.735165E-04	-7.401034E-14	 9.594254E-15	-8.934049E-05	-5.435966E-14	-4.226103E-16	-2.770685E-06	-2.486825E-14	 2.918069E-14	 2.925538E-05	 8.852819E-15	 4.276265E-14	 4.445396E-05	-1.386230E-14	 4.414048E-14	 4.384827E-05	 6.117955E-15	 4.712096E-14	 3.370527E-05	 2.635148E-15	 2.660147E-14	 2.365703E-05	-1.168011E-14	-2.792219E-15	 1.526468E-05	-1.725061E-14	-1.784864E-14	 1.033196E-05	-2.415509E-14
0.50000	 3.815878E-01	 1.458089E-15	-6.609033E-15	 2.202026E-01	-2.508924E-15	 5.152441E-15	 1.933535E-01	 2.005592E-14	-4.201833E-14	 6.908141E-02	 2.996692E-14	-7.335438E-15	 1.549787E-02	 3.932426E-14	-4.992101E-14	 1.701126E-03	 5.945799E-14	-7.546810E-15	-1.361782E-03	 4.440593E-14	-3.899998E-14	-1.451847E-03	 5.713906E-15	 2.335173E-15	-1.039275E-03	-8.681911E-14	-3.746799E-14	-6.196248E-04	-5.240652E-14	 3.947760E-15	-2.973520E-04	-1.078778E-13	-1.548011E-14	-9.878938E-05	-4.826578E-14	 4.689260E-14	-2.657865E-06	-4.378889E-14	 5.592725E-14	 3.411532E-05	-1.945013E-14	 5.920621E-14	 5.031428E-05	-4.989477E-16	 2.954234E-14	 4.887644E-05	 3.552326E-14	 7.966388E-15	 3.737882E-05	 3.461201E-14	-2.764388E-14	 2.629640E-05	 2.097867E-14	-5.138016E-14	 1.718074E-05	 1.899023E-14	-4.810348E-14	 1.188194E-05	 2.175135E-14
0.51031	 3.821291E-01	-2.359132E-14	-5.182327E-14	 2.187382E-01	-1.889241E-14	-7.180980E-14	 1.936524E-01	-1.369333E-15	-4.050312E-14	 6.877880E-02	-7.794000E-15	-1.137917E-14	 1.519628E-02	-1.046116E-14	-4.945068E-14	 1.542739E-03	 2.454499E-14	 2.013561E-14	-1.482980E-03	-1.213625E-15	-3.936455E-15	-1.526963E-03	 2.936302E-14	-4.693763E-15	-1.092719E-03	 1.548427E-14	-8.700413E-15	-6.581205E-04	 3.780730E-14	-1.116289E-15	-3.218182E-04	 2.835829E-14	 2.871831E-14	-1.093880E-04	 2.823168E-14	 5.765714E-14	-2.910010E-06	-2.739951E-15	 4.406351E-14	 3.935460E-05	-7.548614E-15	 5.318272E-14	 5.682270E-05	-6.741898E-15	 1.364590E-14	 5.444725E-05	-7.526694E-15	-3.368185E-14	 4.139116E-05	-7.606774E-15	-3.181797E-14	 2.909254E-05	-1.161235E-14	 1.727468E-15	 1.911659E-05	-2.693155E-15	 3.015591E-14	 1.339336E-05	 1.107016E-14
0.52042	 3.826537E-01	-2.986909E-14	-3.916339E-14	 2.172042E-01	-3.907565E-14	-3.323437E-14	 1.939187E-01	-1.082874E-14	 1.002466E-14	 6.844236E-02	-4.488668E-14	 3.254549E-14	 1.487892E-02	-4.535044E-14	 5.193823E-14	 1.377712E-03	-4.725648E-14	 3.986106E-14	-1.607679E-03	-7.357769E-14	 3.667815E-14	-1.602243E-03	 2.390684E-15	-6.452047E-14	-1.146017E-03	 7.399510E-15	-4.020560E-14	-6.959369E-04	 1.572401E-14	-7.623695E-14	-3.469203E-04	 7.837342E-15	-4.500950E-14	-1.212872E-04	 5.883702E-15	-3.146807E-14	-3.702649E-06	-1.577369E-14	-2.066639E-14	 4.490252E-05	 1.227226E-14	 6.124462E-15	 6.403793E-05	 1.286254E-14	 8.113151E-15	 6.063247E-05	-1.631321E-15	-5.285767E-15	 4.580341E-05	-7.104352E-15	 2.327476E-15	 3.208809E-05	-7.452238E-15	 7.607043E-15	 2.108398E-05	 5.379975E-15	-3.710705E-15	 1.485233E-05	 1.219537E-15
0.53033	 3.831695E-01	 1.898355E-14	 1.724614E-14	 2.156406E-01	 1.960496E-14	 1.499302E-14	 1.941747E-01	 3.572632E-14	-6.298750E-15	 6.809089E-02	 3.425804E-14	-2.011853E-14	 1.455548E-02	 1.601735E-14	-3.305712E-14	 1.209452E-03	 3.296395E-14	-5.490337E-14	-1.735233E-03	 1.500749E-14	-6.131445E-14	-1.677765E-03	 8.864509E-16	-7.381240E-14	-1.199287E-03	 5.989753E-15	-5.375253E-14	-7.331644E-04	-3.287251E-14	-5.026135E-14	-3.727079E-04	-2.698510E-15	-3.240607E-14	-1.344525E-04	-1.627636E-15	-3.387226E-14	-5.110165E-06	 1.482733E-14	-1.631258E-14	 5.062780E-05	 3.414183E-14	-3.827181E-14	 7.190830E-05	 1.969515E-14	-2.737769E-14	 6.745879E-05	-1.493375E-14	-7.250751E-15	 5.067824E-05	-2.256012E-14	 1.576879E-14	 3.533901E-05	-2.391488E-14	 2.508359E-14	 2.311237E-05	-2.494268E-14	 2.591925E-14	 1.626492E-05	-3.043094E-14
0.54006	 3.836823E-01	 4.030238E-14	 2.916147E-14	 2.140794E-01	 6.647493E-14	-4.256968E-15	 1.944365E-01	 3.038671E-14	-6.524729E-15	 6.773857E-02	 3.094923E-14	-7.131960E-14	 1.423299E-02	 1.123880E-14	-4.690758E-14	 1.039944E-03	 5.907106E-14	-9.642976E-14	-1.865358E-03	 5.630635E-14	-6.832210E-14	-1.753284E-03	 3.906478E-14	-7.236595E-14	-1.252621E-03	 6.484894E-14	-1.058798E-14	-7.701685E-04	-2.430231E-14	-5.469326E-15	-3.992190E-04	 3.563501E-16	 2.488842E-14	-1.486975E-04	-3.628896E-14	 6.649476E-15	-7.119589E-06	-1.273789E-14	 6.508740E-15	 5.637356E-05	 1.160989E-14	-1.857447E-14	 8.030578E-05	 2.698548E-15	-3.361830E-14	 7.492081E-05	 1.196864E-14	-3.990839E-14	 5.607690E-05	 1.273202E-14	-2.994767E-14	 3.890658E-05	 2.398612E-15	 1.532219E-15	 2.524084E-05	-1.559869E-14	 4.586384E-14	 1.764907E-05	-2.008941E-14
0.54962	 3.841960E-01	-1.774140E-14	 1.813088E-14	 2.125408E-01	-4.480255E-14	 2.490358E-14	 1.947146E-01	-5.316156E-14	 4.803912E-14	 6.739474E-02	-3.209481E-14	 1.663298E-14	 1.391602E-02	-9.340826E-15	 3.347219E-14	 8.702766E-04	-1.723615E-14	-7.022487E-15	-1.997949E-03	 2.289159E-14	 1.356298E-14	-1.828400E-03	-4.441257E-15	-1.949810E-14	-1.306124E-03	 3.320563E-14	-2.625603E-14	-8.074298E-04	 2.337805E-14	-2.306425E-14	-4.264832E-04	 2.739792E-14	-5.063060E-14	-1.637968E-04	 2.143604E-14	-3.019311E-14	-9.687974E-06	 2.611366E-15	 7.379989E-15	 6.199642E-05	-1.572879E-14	 2.706157E-14	 8.908468E-05	-2.004958E-14	 1.170667E-15	 8.300310E-05	-9.959798E-15	-2.222849E-14	 6.205575E-05	 2.214611E-15	-4.392473E-14	 4.284986E-05	 7.283401E-15	-5.217388E-14	 2.751181E-05	 1.542598E-14	-4.566199E-14	 1.902840E-05	 3.094392E-14
0.55902	 3.847124E-01	 2.542756E-14	 4.527936E-14	 2.110339E-01	-8.204498E-15	 6.973657E-14	 1.950153E-01	-1.215151E-14	 6.613549E-14	 6.706499E-02	 1.906958E-15	 7.301025E-14	 1.360765E-02	 7.464062E-16	 3.943733E-14	 7.012822E-04	-4.709294E-14	 3.266954E-14	-2.132895E-03	 1.294734E-14	 7.949093E-15	-1.902718E-03	-2.406602E-14	 2.377422E-14	-1.359933E-03	 2.298615E-14	-1.083778E-14	-8.454215E-04	 5.346509E-14	 2.988047E-14	-4.545497E-04	 3.203464E-14	-1.784087E-14	-1.795666E-04	 7.056736E-14	 7.831449E-17	-1.277011E-05	 2.534848E-14	-3.314776E-15	 6.738854E-05	 1.281816E-14	-1.771205E-14	 9.811172E-05	-2.076555E-14	-2.448341E-14	 9.168542E-05	-4.221589E-14	-2.160336E-14	 6.866041E-05	-1.854460E-14	-2.456111E-14	 4.722235E-05	 8.983036E-15	-3.913935E-14	 2.996970E-05	 2.952331E-14	-5.157813E-14	 2.043103E-05	 4.569673E-14
0.56826	 3.852303E-01	 2.281180E-14	-2.170089E-14	 2.095522E-01	 3.363745E-14	-4.217619E-15	 1.953351E-01	 4.086742E-14	-1.830033E-14	 6.674686E-02	 3.754468E-14	-1.048537E-14	 1.330682E-02	 2.273328E-15	-3.075888E-14	 5.325514E-04	-1.641994E-15	-2.137909E-14	-2.270315E-03	-1.880521E-14	-3.029707E-14	-1.975934E-03	 1.603259E-14	-3.389482E-15	-1.414075E-03	-1.219973E-14	 3.244193E-14	-8.843844E-04	 4.481662E-15	 2.887674E-14	-4.834298E-04	-2.064953E-14	 5.952991E-14	-1.958692E-04	-4.939894E-14	 4.731126E-14	-1.630533E-05	-5.157310E-14	-1.697077E-14	 7.249705E-05	-5.094306E-14	-1.758686E-14	 1.072825E-04	-4.763984E-14	-2.700458E-14	 1.009410E-04	-1.666350E-14	-3.684956E-14	 7.591986E-05	 1.721494E-14	-5.218461E-14	 5.206703E-05	 3.575118E-14	-5.937259E-14	 3.265377E-05	 3.364275E-14	-4.629077E-14	 2.188160E-05	 3.613336E-14
0.57735	 3.857461E-01	-4.608928E-14	-8.778035E-14	 2.080775E-01	-5.063561E-14	-6.180648E-14	 1.956619E-01	-2.604794E-14	-7.072731E-14	 6.643057E-02	 1.051808E-14	-3.838798E-14	 1.300847E-02	 1.096547E-14	-7.376390E-14	 3.624745E-04	 7.189262E-14	-1.802719E-14	-2.410556E-03	-4.384479E-15	-1.841312E-15	-2.047895E-03	 2.596260E-14	 1.125164E-14	-1.468424E-03	-2.678933E-14	 7.620787E-15	-9.241869E-04	-7.631824E-16	-3.919026E-15	-5.130581E-04	 3.917533E-14	 9.796298E-15	-2.126551E-04	-7.986542E-15	 1.810694E-14	-2.025295E-05	 2.667411E-14	 1.832363E-14	 7.733574E-05	-3.203855E-14	 1.439280E-14	 1.165599E-04	 4.170765E-15	 2.125154E-14	 1.107544E-04	 2.719797E-15	 8.273254E-15	 8.384780E-05	 1.177021E-16	-2.352930E-14	 5.741187E-05	 1.525098E-15	-4.664419E-14	 3.559028E-05	 1.334206E-15	-3.778288E-14	 2.339200E-05	-1.112601E-14
0.58630	 3.862565E-01	-6.977420E-14	-6.737846E-14	 2.065928E-01	-5.829281E-14	-5.695125E-14	 1.959848E-01	-4.054951E-14	-5.604265E-15	 6.610749E-02	-5.219872E-15	-7.609807E-15	 1.270833E-02	 1.549815E-14	 3.424681E-14	 1.899702E-04	-1.632370E-14	 6.793667E-15	-2.553811E-03	-5.184390E-14	 3.069667E-14	-2.118658E-03	-5.799537E-14	 3.831525E-14	-1.522856E-03	-3.856380E-14	 2.469786E-15	-9.644634E-04	-1.960304E-14	 4.275910E-14	-5.433613E-04	 2.870391E-14	-1.158068E-14	-2.300164E-04	 2.498424E-14	 1.750772E-14	-2.464731E-05	 3.683526E-14	 1.628168E-14	 8.195664E-05	 1.519314E-14	 3.810958E-14	 1.259825E-04	-1.552853E-17	 3.837746E-14	 1.211383E-04	-2.034551E-14	 4.290225E-14	 9.245444E-05	-3.200005E-14	 5.394079E-14	 6.327672E-05	-4.574875E-14	 6.323897E-14	 3.879714E-05	-5.012429E-14	 6.598489E-14	 2.496447E-05	-5.347250E-14
0.59512	 3.867604E-01	-4.494445E-15	-1.149829E-14	 2.050909E-01	 2.927094E-14	-1.638809E-14	 1.963008E-01	 5.670055E-14	 3.352067E-14	 6.577482E-02	 6.242981E-14	 2.003135E-14	 1.240532E-02	 2.174843E-14	 2.619771E-14	 1.518549E-05	-4.756924E-14	-7.666892E-15	-2.700033E-03	-6.101497E-14	-4.162908E-14	-2.188451E-03	-4.085170E-14	-3.658338E-14	-1.577353E-03	-3.462940E-15	-4.727617E-14	-1.004820E-03	-1.959033E-15	-3.427105E-14	-5.743176E-04	 6.657826E-15	-1.635608E-14	-2.481368E-04	 6.813456E-15	-2.004308E-14	-2.958077E-05	-5.413738E-15	 1.909875E-16	 8.640327E-05	 2.261868E-15	 7.596083E-15	 1.356160E-04	-5.469077E-15	 2.305747E-14	 1.321217E-04	 3.350766E-15	 4.729976E-14	 1.017568E-04	 9.986671E-15	 7.919723E-14	 6.968622E-05	 1.938092E-15	 8.906906E-14	 4.229466E-05	-2.277754E-14	 7.291643E-14	 2.660111E-05	-2.936987E-14
0.60381	 3.872584E-01	 3.090693E-14	 1.129527E-14	 2.035735E-01	 2.232616E-14	 2.051504E-14	 1.966113E-01	 4.655080E-14	 1.222048E-14	 6.543371E-02	 4.421425E-14	-9.947168E-15	 1.210032E-02	 7.473198E-15	-2.668284E-14	-1.612212E-04	-6.840483E-15	 1.492716E-15	-2.849106E-03	 1.204561E-14	-1.129166E-14	-2.257519E-03	 2.659769E-14	-1.277860E-14	-1.631941E-03	 4.053141E-14	-4.570781E-14	-1.044923E-03	 3.838030E-14	-2.748391E-14	-6.059373E-04	 2.019280E-14	-4.247137E-14	-2.671943E-04	-9.459891E-15	-3.752995E-14	-3.515130E-05	 3.394626E-15	 9.927897E-16	 9.068505E-05	-8.337153E-15	-3.971259E-14	 1.455038E-04	 2.373432E-14	-1.325843E-14	 1.437298E-04	 1.442117E-14	-1.370388E-15	 1.117799E-04	-3.686539E-16	-6.440215E-15	 7.667470E-05	-1.795283E-15	-2.941734E-14	 4.611014E-05	-5.758840E-15	-3.240932E-14	 2.830880E-05	-7.689197E-15
0.61237	 3.877518E-01	-4.556773E-14	 1.760947E-14	 2.020478E-01	-4.550350E-14	 2.331925E-14	 1.969196E-01	-8.910530E-14	 4.442990E-14	 6.508726E-02	-6.934255E-14	 5.185649E-14	 1.179491E-02	-5.962694E-14	 2.575990E-14	-3.385577E-04	-6.220689E-14	 2.974515E-14	-3.000897E-03	-1.491987E-15	-1.013405E-15	-2.325998E-03	 2.034276E-14	 6.851097E-15	-1.686642E-03	 1.771328E-14	-1.737084E-14	-1.084526E-03	 4.883169E-14	-2.196353E-14	-6.382312E-04	 6.086034E-15	-5.390160E-14	-2.873154E-04	-3.184275E-14	-3.125752E-14	-4.144486E-05	-1.817432E-14	 7.739909E-15	 9.477430E-05	-4.381502E-14	 2.678448E-14	 1.556535E-04	-1.422496E-14	 2.774680E-14	 1.559780E-04	-6.045111E-15	 1.230576E-14	 1.225540E-04	-1.059113E-14	-2.023034E-14	 8.428465E-05	-8.779995E-15	-4.229516E-14	 5.027858E-05	 9.716582E-15	-3.804978E-14	 3.010103E-05	 2.779366E-14
0.62082	 3.882427E-01	-3.949087E-14	-2.029700E-14	 2.005238E-01	-3.137825E-14	-2.000810E-14	 1.972297E-01	-5.832222E-14	-1.155747E-14	 6.473910E-02	-3.353144E-14	 3.892307E-16	 1.149074E-02	-2.093588E-15	 6.411096E-15	-5.162713E-04	-6.528783E-14	-8.610025E-15	-3.155256E-03	 1.218403E-14	-1.010130E-14	-2.393874E-03	 1.498241E-14	 1.628277E-14	-1.741471E-03	 1.757742E-14	 3.850397E-14	-1.123476E-03	 5.256307E-14	 2.800875E-15	-6.711919E-04	 1.854986E-14	 3.101764E-14	-3.085746E-04	 3.054384E-14	 1.693027E-14	-4.854130E-05	-2.047181E-14	 3.035510E-14	 9.861317E-05	-1.579874E-14	 5.700162E-14	 1.660448E-04	-4.723035E-14	 2.409493E-14	 1.688743E-04	-1.957484E-14	-1.141031E-15	 1.341119E-04	 7.269677E-15	 7.427016E-16	 9.256355E-05	 3.824233E-14	 2.229947E-14	 5.484218E-05	 5.468927E-14	 2.648149E-14	 3.199805E-05	 5.249871E-14
0.62915	 3.887328E-01	 1.953054E-14	-1.531302E-14	 1.990114E-01	-2.494336E-15	-3.127787E-14	 1.975457E-01	 4.870700E-14	-3.922026E-14	 6.439265E-02	-2.434811E-14	-7.031520E-14	 1.118912E-02	 4.265416E-14	-7.992243E-15	-6.940310E-04	-8.307463E-14	-2.031036E-14	-3.312073E-03	 5.244940E-15	 6.067323E-14	-2.461039E-03	-3.358087E-14	 6.315645E-14	-1.796444E-03	 1.453747E-14	 9.052345E-14	-1.161678E-03	 2.008694E-14	 9.816253E-14	-7.047817E-04	 4.869626E-15	 9.224990E-14	-3.310192E-04	 8.274371E-14	 8.857083E-14	-5.652933E-05	-2.670994E-14	 1.900858E-14	 1.021261E-04	 2.425601E-14	-6.768157E-15	 1.766465E-04	-2.701408E-14	-6.682251E-14	 1.824257E-04	-2.319880E-14	-6.558120E-14	 1.464871E-04	-6.246137E-15	-8.812606E-15	 1.015612E-04	 6.682894E-15	 4.682617E-14	 5.984924E-05	-1.762537E-15	 7.514031E-14	 3.402583E-05	-2.633361E-14
0.63738	 3.892244E-01	-1.497726E-15	 3.919314E-15	 1.975218E-01	-4.015621E-14	 2.850417E-14	 1.978748E-01	 1.385531E-14	 5.024489E-15	 6.405239E-02	-3.705734E-14	 1.708294E-14	 1.089173E-02	-3.167928E-14	-1.857766E-14	-8.714785E-04	-4.745906E-14	-8.548084E-15	-3.471327E-03	-2.419023E-14	 2.353448E-14	-2.527413E-03	-2.234188E-14	 4.365973E-14	-1.851639E-03	-8.538026E-15	 5.390630E-14	-1.199081E-03	-3.772967E-14	 8.728904E-14	-7.389499E-04	-1.920097E-14	 1.091869E-13	-3.547193E-04	 1.545233E-15	 8.684804E-14	-6.553532E-05	 1.355290E-14	 6.747578E-14	 1.052238E-04	-4.061220E-15	 2.193531E-14	 1.874329E-04	-1.024359E-14	 1.736958E-14	 1.966470E-04	-1.712688E-14	 1.778228E-14	 1.597169E-04	-6.972139E-15	 4.083492E-14	 1.113331E-04	-5.154475E-15	 6.174199E-14	 6.535714E-05	-9.227424E-15	 7.321291E-14	 3.621690E-05	-3.177564E-14
0.64550	 3.897210E-01	-3.748341E-14	-1.548155E-14	 1.960696E-01	-1.823785E-14	 1.533092E-14	 1.982319E-01	-2.266897E-14	-2.546877E-14	 6.372645E-02	 4.339669E-14	 5.257570E-15	 1.060207E-02	-4.262195E-14	-8.937220E-14	-1.047752E-03	 1.794423E-14	-5.189333E-14	-3.633197E-03	-3.626734E-14	-8.571805E-14	-2.593150E-03	 6.490275E-15	-3.970157E-14	-1.907318E-03	-1.391464E-14	-6.454043E-14	-1.235725E-03	-1.182414E-14	-4.163144E-14	-7.736922E-04	 1.756471E-14	-1.730670E-14	-3.798251E-04	-2.719271E-14	-2.912028E-14	-7.575734E-05	 5.856812E-14	-1.451354E-14	 1.077921E-04	 1.037458E-14	-7.614567E-15	 1.983883E-04	 1.283632E-14	 2.494174E-14	 2.115699E-04	-2.327071E-14	 1.399643E-14	 1.738532E-04	-4.618954E-14	 5.913761E-15	 1.219515E-04	-4.089986E-14	 1.379930E-14	 7.144163E-05	-1.966859E-14	 2.715536E-14	 3.861618E-05	-7.567425E-15
0.65352	 3.902287E-01	 3.455024E-14	 4.772063E-14	 1.946770E-01	 5.364942E-14	 3.748216E-14	 1.986453E-01	-1.586304E-14	-1.109611E-14	 6.343013E-02	 1.346744E-14	-3.135482E-14	 1.032750E-02	-1.492091E-14	-5.029088E-14	-1.220870E-03	-2.591461E-15	-2.264815E-14	-3.798173E-03	-2.270967E-15	-2.007711E-15	-2.658852E-03	-1.469685E-14	-1.532949E-15	-1.964078E-03	 9.386010E-15	-2.807937E-14	-1.271833E-03	 2.380874E-14	-5.976814E-14	-8.091468E-04	 2.759401E-14	-7.241743E-14	-4.066203E-04	 4.659764E-14	-5.908477E-14	-8.749382E-05	 3.336401E-14	-1.045475E-13	 1.096648E-04	 6.269184E-14	-5.632245E-14	 2.094879E-04	 3.812937E-14	-3.659427E-14	 2.272431E-04	 4.192209E-14	-1.155158E-14	 1.889785E-04	 3.439647E-14	 4.452025E-15	 1.335270E-04	 1.574519E-14	 6.549375E-15	 7.821473E-05	 1.587289E-15	-8.227321E-15	 4.129382E-05	 1.066847E-14
0.66144	 3.907559E-01	 5.303893E-14	 4.606955E-14	 1.933748E-01	 3.906152E-14	 3.841209E-14	 1.991585E-01	 1.924007E-14	 4.818456E-14	 6.318658E-02	-3.143595E-14	 7.874694E-15	 1.007972E-02	-1.441534E-14	 5.934336E-14	-1.387656E-03	-1.664678E-14	 1.898896E-14	-3.967195E-03	 3.589777E-14	 7.708399E-14	-2.725689E-03	-7.241364E-15	 7.713017E-14	-2.022918E-03	-5.447080E-16	 3.980518E-14	-1.307873E-03	-5.823757E-15	 2.272828E-14	-8.456524E-04	-2.241370E-14	-1.617156E-15	-4.355235E-04	-1.128301E-14	-1.103265E-14	-1.011394E-04	-3.544308E-14	-1.968057E-14	 1.105988E-04	-1.219364E-15	-3.295581E-14	 2.206637E-04	 1.455054E-14	-1.410258E-14	 2.437201E-04	 6.754419E-14	 3.362743E-15	 2.052139E-04	 8.327544E-14	 1.216376E-14	 1.462247E-04	 6.539352E-14	-4.479090E-15	 8.584137E-05	 3.676652E-14	-3.149680E-14	 4.435946E-05	 8.374410E-15
0.66927	 3.913138E-01	-4.275457E-14	-1.767832E-14	 1.922016E-01	-3.171167E-14	-3.349205E-14	 1.998278E-01	-2.163033E-14	 4.329993E-14	 6.302633E-02	-9.914403E-15	 3.172027E-14	 9.874765E-03	-3.575580E-14	 4.258291E-14	-1.543653E-03	-1.559625E-14	 1.125594E-14	-4.141579E-03	 3.805681E-15	-1.168391E-14	-2.795361E-03	 3.266616E-14	-5.135626E-15	-2.085258E-03	 4.824894E-14	-4.703591E-14	-1.344598E-03	 4.856734E-14	-6.666329E-15	-8.837933E-04	 2.077906E-14	 3.731877E-15	-4.670766E-04	-2.252002E-14	 1.519387E-14	-1.171762E-04	-3.478712E-14	 4.508742E-14	 1.102483E-04	-3.107569E-14	 3.323997E-14	 2.317639E-04	-1.164604E-14	 3.036020E-14	 2.610370E-04	 2.036657E-15	 5.993438E-15	 2.227199E-04	 6.953290E-15	-2.262367E-14	 1.602772E-04	-4.871104E-15	-3.980071E-14	 9.455635E-05	-2.110178E-14	-4.222397E-14	 4.798079E-05	-3.661513E-14
0.67700	 3.919139E-01	-7.781331E-15	-4.708493E-14	 1.911943E-01	 1.486424E-14	-4.126152E-14	 2.007103E-01	 4.639999E-14	-6.268006E-14	 6.297930E-02	 6.496716E-14	-4.842872E-14	 9.728600E-03	 4.074112E-14	-3.734250E-14	-1.684575E-03	 3.478647E-14	-8.636917E-15	-4.322952E-03	 1.867647E-15	 2.413033E-14	-2.869743E-03	 4.108979E-14	 6.374857E-15	-2.152620E-03	 2.003505E-14	-4.129534E-15	-1.382833E-03	 6.697607E-14	 8.034491E-15	-9.242430E-04	 2.809588E-14	-2.223728E-15	-5.018182E-04	 4.586306E-14	 7.329138E-14	-1.360921E-04	-1.725099E-14	 5.182010E-14	 1.081896E-04	 5.357824E-16	 7.399944E-14	 2.425352E-04	-5.076656E-14	 3.661502E-14	 2.791786E-04	-4.100844E-14	 5.710105E-15	 2.416611E-04	-8.592731E-15	-3.865204E-15	 1.759567E-04	 2.686989E-14	 4.446151E-15	 1.046487E-04	 5.339002E-14	 2.215398E-15	 5.237993E-05	 6.700405E-14
0.68465	 3.925659E-01	 7.679878E-14	 8.231928E-15	 1.903820E-01	 8.680374E-14	-2.190733E-15	 2.018545E-01	 1.511248E-13	-3.794471E-14	 6.306985E-02	 6.121076E-14	-6.578609E-14	 9.654485E-03	 6.574989E-14	-7.076987E-14	-1.807004E-03	 3.235200E-14	-3.922955E-14	-4.513059E-03	 1.442952E-14	-1.660991E-14	-2.950621E-03	 3.940153E-14	 1.840937E-14	-2.226444E-03	 1.401432E-14	 3.050505E-14	-1.423294E-03	 4.577050E-14	 2.845693E-14	-9.676295E-04	 4.522307E-14	-1.230478E-15	-5.402324E-04	 6.975185E-14	 8.263637E-15	-1.583633E-04	 4.080941E-14	-7.286722E-15	 1.039456E-04	 8.822914E-15	-3.966030E-14	 2.526433E-04	-9.518665E-15	-4.621351E-14	 2.980702E-04	-4.034407E-14	-2.328528E-14	 2.621798E-04	-5.967257E-14	 7.308200E-16	 1.935474E-04	-4.642636E-14	 1.683938E-14	 1.164446E-04	-1.628930E-14	 1.818232E-14	 5.782803E-05	 1.003270E-15
0.69222	 3.932788E-01	 6.433497E-16	 4.131358E-14	 1.897885E-01	 2.444817E-14	 3.227401E-14	 2.033030E-01	 1.358641E-14	 1.544431E-14	 6.331916E-02	 2.598893E-14	 8.444989E-15	 9.664728E-03	 1.458492E-14	-2.170154E-14	-1.907545E-03	-4.146618E-15	-1.595333E-14	-4.713494E-03	 1.760156E-15	-8.602002E-15	-3.039735E-03	-1.121617E-14	 5.250232E-14	-2.308204E-03	-1.110127E-15	 1.009345E-13	-1.466650E-03	-1.382076E-14	 6.228695E-14	-1.014553E-03	 1.747198E-14	 1.127727E-13	-5.828031E-04	-2.669754E-14	-3.442918E-14	-1.845077E-04	 3.938499E-14	-3.000742E-14	 9.697452E-05	 6.727560E-16	-6.015105E-14	 2.616880E-04	 2.386185E-14	-1.731942E-14	 3.175812E-04	-5.717437E-15	 4.200536E-15	 2.843882E-04	-3.879024E-14	-9.314049E-15	 2.133398E-04	-5.495312E-14	-3.708281E-14	 1.303106E-04	-6.839895E-14	-4.644087E-14	 6.465528E-05	-7.029478E-14
0.69970	 3.940607E-01	-4.402372E-14	-1.613689E-14	 1.894324E-01	-9.552678E-15	 8.944225E-15	 2.050920E-01	-2.872710E-14	-3.161709E-14	 6.374550E-02	 4.169897E-14	-1.718423E-14	 9.770927E-03	 6.882001E-14	-2.164052E-14	-1.982721E-03	 7.615011E-14	-2.612784E-14	-4.925649E-03	 9.496426E-14	 7.122683E-15	-3.138781E-03	 2.269922E-14	 1.244661E-14	-2.399438E-03	-2.748441E-14	 3.834723E-15	-1.513522E-03	-6.631784E-14	-1.830922E-14	-1.065561E-03	-8.646992E-14	 9.837739E-15	-6.299965E-04	-1.015692E-13	 1.676216E-14	-2.150808E-04	-5.406531E-14	 6.043997E-15	 8.666666E-05	 4.610382E-15	 2.626900E-14	 2.691960E-04	 1.997661E-14	 6.827334E-15	 3.375114E-04	 6.356846E-14	-4.088435E-14	 3.083506E-04	 9.715023E-14	-7.479529E-14	 2.356163E-04	 9.493777E-14	-8.952897E-14	 1.466491E-04	 5.785654E-14	-7.259027E-14	 7.325705E-05	 2.552707E-14
0.70711	 3.949193E-01	-2.215296E-14	 4.301903E-15	 1.893298E-01	-1.393650E-14	-1.498740E-14	 2.072538E-01	-9.974252E-15	 5.809547E-14	 6.436612E-02	-1.096704E-14	 3.120036E-14	 9.985220E-03	 2.117952E-14	 7.130736E-14	-2.028424E-03	-1.083999E-14	 8.022052E-14	-5.150569E-03	-2.616792E-14	 7.138872E-14	-3.249430E-03	-7.955967E-14	-7.292691E-15	-2.501843E-03	-8.484258E-14	-3.473489E-14	-1.564572E-03	-1.260099E-13	-6.615969E-14	-1.121195E-03	-7.508893E-14	-8.123038E-14	-6.822740E-04	-2.605496E-14	 2.071710E-14	-2.506853E-04	-9.126325E-15	 2.900337E-14	 7.232709E-05	 2.066211E-14	 1.670832E-14	 2.746006E-04	 5.988912E-14	-4.452083E-15	 3.575719E-04	 6.205893E-14	-1.436910E-14	 3.340697E-04	 5.421741E-14	-2.205728E-14	 2.606439E-04	 2.909427E-14	-1.840799E-14	 1.659005E-04	 7.960840E-15	-8.862685E-15	 8.410684E-05	-1.370003E-14
0.71443	 3.958610E-01	-2.292060E-14	-2.950105E-14	 1.894907E-01	-6.504561E-14	-1.879661E-14	 2.098134E-01	-3.092749E-14	 4.448718E-14	 6.519488E-02	-8.140516E-14	 1.054439E-13	 1.031894E-02	-1.174833E-13	 1.230222E-13	-2.040317E-03	-1.418549E-13	 1.382134E-13	-5.388859E-03	-1.908309E-13	 7.962606E-14	-3.373177E-03	-1.515400E-13	 1.335834E-14	-2.617172E-03	-1.765882E-13	-7.753019E-15	-1.620446E-03	-1.222518E-13	-3.544521E-14	-1.181936E-03	-9.754181E-14	-1.971160E-14	-7.400271E-04	-5.535203E-14	-1.596627E-14	-2.919154E-04	 1.154931E-14	 1.676936E-14	 5.320077E-05	-7.108019E-15	-2.487318E-14	 2.772345E-04	 3.393159E-14	 1.631757E-14	 3.773598E-04	 4.315032E-15	 3.024667E-14	 3.614495E-04	-2.912032E-14	 2.065274E-14	 2.886375E-04	-4.304638E-14	 1.229720E-14	 1.885166E-04	-4.422839E-14	 1.220825E-14	 9.774828E-05	-5.009331E-14
0.72169	 3.968908E-01	-1.882523E-14	-3.107204E-14	 1.899177E-01	-4.039638E-14	-8.652138E-15	 2.127865E-01	-1.595051E-14	-2.494696E-14	 6.624075E-02	-5.636532E-14	-6.453325E-15	 1.078163E-02	-5.788408E-14	 1.380400E-14	-2.014127E-03	-4.370841E-14	 8.573325E-15	-5.640611E-03	-5.394528E-14	-6.972274E-15	-3.511220E-03	-2.214526E-14	-7.318566E-16	-2.747148E-03	-6.775643E-15	-2.519878E-14	-1.681712E-03	 4.851989E-14	 8.799266E-15	-1.248160E-03	 2.572683E-14	 3.594322E-14	-8.035411E-04	-1.270770E-14	 3.044288E-14	-3.393219E-04	-8.821609E-15	 1.999075E-14	 2.850198E-05	-5.399296E-14	 2.561590E-14	 2.763436E-04	-7.418998E-14	 3.409312E-14	 3.963465E-04	-7.559882E-14	 2.387632E-14	 3.902658E-04	-6.747490E-14	 2.131313E-14	 3.197221E-04	-5.700895E-14	 1.277137E-14	 2.149283E-04	-6.008902E-14	 9.992468E-15	 1.147784E-04	-6.458864E-14
0.72887	 3.980132E-01	 4.833977E-14	 4.487616E-14	 1.906097E-01	 4.989132E-14	 4.518017E-14	 2.161853E-01	-8.312277E-15	-1.934137E-15	 6.751117E-02	-3.323333E-14	-3.979842E-14	 1.138304E-02	-2.380791E-14	-3.212660E-15	-1.944907E-03	-5.509369E-14	-6.045512E-14	-5.905351E-03	 1.249504E-14	-1.390514E-14	-3.664598E-03	 1.090568E-14	-3.175931E-14	-2.893641E-03	 1.554268E-13	 5.319185E-15	-1.748982E-03	 1.338556E-13	-4.303765E-15	-1.320225E-03	 1.509788E-13	 3.844092E-14	-8.730538E-04	 6.844803E-14	-2.753772E-15	-3.934491E-04	 4.299767E-14	 1.720828E-14	-2.599029E-06	-5.222233E-14	 1.246064E-14	 2.710887E-04	-6.421613E-14	 2.803448E-15	 4.138788E-04	-7.693423E-14	 1.547629E-14	 4.201598E-04	-5.696763E-14	 3.152158E-14	 3.539214E-04	-5.761850E-14	 4.472060E-14	 2.455344E-04	-5.124409E-14	 4.714908E-14	 1.358463E-04	-3.781248E-14
0.73598	 3.992327E-01	 5.091902E-14	 4.819034E-14	 1.915643E-01	 1.439038E-14	 3.951974E-14	 2.200218E-01	 5.007540E-15	 7.324752E-14	 6.901407E-02	-5.063490E-14	 4.853170E-14	 1.213437E-02	-1.487110E-14	 3.405980E-14	-1.826613E-03	-2.194990E-14	 8.418500E-15	-6.182039E-03	 2.485999E-14	-1.403311E-14	-3.834286E-03	 5.596317E-14	-3.910772E-14	-3.058786E-03	 6.242409E-14	-5.437183E-14	-1.823011E-03	 8.135161E-14	-5.471192E-14	-1.398554E-03	-9.798524E-16	-7.893816E-14	-9.487809E-04	 2.140717E-14	-7.396431E-14	-4.548390E-04	-4.886083E-14	-3.832187E-14	-4.098579E-05	-8.368901E-16	-1.021639E-14	 2.605302E-04	-1.740106E-14	 1.330415E-14	 4.291643E-04	-2.897732E-15	 3.881270E-14	 4.506229E-04	-1.532860E-14	 5.154638E-14	 3.911395E-04	-2.067796E-14	 5.251787E-14	 2.806834E-04	-7.945293E-15	 4.773339E-14	 1.616452E-04	 2.086350E-14
0.74302	 4.005543E-01	-7.008477E-14	-3.038788E-14	 1.927786E-01	-5.533262E-14	 7.759910E-15	 2.243087E-01	-7.575412E-14	 5.920019E-15	 7.075799E-02	-8.773737E-15	 5.446602E-14	 1.304832E-02	-8.560714E-15	-4.111223E-15	-1.652069E-03	 3.210345E-14	 4.589951E-14	-6.469001E-03	-2.751545E-15	-1.070764E-14	-4.021147E-03	-3.827089E-14	-1.482424E-14	-3.244975E-03	-2.480212E-14	-9.460607E-14	-1.904720E-03	-3.516537E-14	-7.408646E-14	-1.483667E-03	 3.627189E-15	-1.057557E-13	-1.030903E-03	 5.038038E-14	-6.207310E-14	-5.240034E-04	 2.686690E-14	-6.964175E-14	-8.758278E-05	 9.486265E-14	-4.530474E-14	 2.436219E-04	 6.652528E-14	-1.664745E-14	 4.412538E-04	 4.192240E-14	 4.426342E-15	 4.809712E-04	-7.264744E-15	 2.093674E-14	 4.311259E-04	-1.429817E-14	 3.308037E-14	 3.206351E-04	 6.592717E-15	 2.239332E-14	 1.928859E-04	 2.609867E-14
0.75000	 4.019830E-01	 1.725391E-14	-4.908959E-14	 1.942488E-01	 2.159299E-14	-5.401742E-15	 2.290584E-01	 2.818016E-14	-2.679684E-14	 7.275155E-02	 2.112506E-14	 2.659284E-14	 1.413875E-02	-1.418820E-14	 7.708629E-14	-1.413003E-03	-2.158457E-14	 7.831692E-14	-6.763775E-03	-4.811112E-14	 6.025962E-14	-4.225784E-03	-4.095947E-14	 4.421807E-14	-3.454790E-03	-1.436973E-14	 3.905421E-14	-1.995189E-03	-4.157367E-14	 1.872772E-15	-1.576207E-03	 1.010677E-14	 3.490968E-14	-1.119552E-03	 1.675377E-14	 1.593970E-14	-6.013948E-04	 3.953824E-14	-1.169395E-14	-1.433314E-04	 9.352880E-15	-2.570541E-14	 2.192177E-04	-1.147365E-15	-2.883411E-14	 4.490290E-04	-3.131902E-14	-1.863150E-14	 5.103162E-04	-1.527438E-14	-2.153188E-15	 4.734312E-04	-1.844076E-15	 1.630177E-14	 3.655083E-04	 2.348525E-14	 1.218731E-14	 2.302533E-04	 3.376736E-14
0.75691	 4.035242E-01	 5.266532E-14	 1.738108E-14	 1.959702E-01	 5.957792E-14	-2.986832E-14	 2.342824E-01	 9.538898E-14	 2.778742E-14	 7.500280E-02	 3.694814E-14	 1.529250E-14	 1.542027E-02	 5.040610E-14	 1.259957E-13	-1.100196E-03	 3.006343E-14	 1.277240E-13	-7.063038E-03	 1.549669E-14	 1.576677E-13	-4.448438E-03	 8.092290E-14	 1.040950E-13	-3.690943E-03	 1.038216E-14	 1.261874E-13	-2.095636E-03	 5.112696E-14	 5.502771E-14	-1.676935E-03	-3.412968E-14	 4.587452E-14	-1.214791E-03	-2.397579E-14	 2.890284E-15	-6.873746E-04	-6.100140E-14	-1.452964E-15	-2.091548E-04	-7.608698E-14	-4.333421E-15	 1.860985E-04	-9.364956E-14	-1.144720E-14	 4.512073E-04	-8.101265E-14	 4.950205E-15	 5.375447E-04	-6.775614E-14	 3.079873E-14	 5.173618E-04	-4.014698E-14	 4.548695E-14	 4.152171E-04	-1.572664E-14	 4.884453E-14	 2.743436E-04	 8.731355E-15
0.76376	 4.051840E-01	-1.174790E-13	-3.572135E-14	 1.979394E-01	-1.273740E-13	-3.082896E-14	 2.399946E-01	-1.388654E-13	 1.696814E-16	 7.752168E-02	-1.118378E-13	 2.622387E-14	 1.691008E-02	-8.242120E-14	 2.418612E-14	-7.026879E-04	-3.691895E-15	 4.073931E-14	-7.362401E-03	-3.246942E-15	-9.467319E-15	-4.689018E-03	 4.088586E-14	 1.011025E-15	-3.956423E-03	-9.000350E-15	-8.168729E-14	-2.207569E-03	 2.046978E-14	-1.801433E-14	-1.786874E-03	-6.051147E-14	-9.532568E-14	-1.316687E-03	-3.929520E-14	-1.745179E-14	-7.822520E-04	-4.912768E-14	-2.192447E-14	-2.859728E-04	-3.346891E-14	 1.328960E-14	 1.429694E-04	-1.773522E-14	 2.397592E-14	 4.463391E-04	 6.168993E-16	 1.043020E-14	 5.613119E-04	-5.346710E-15	-8.094455E-15	 5.619586E-04	 2.266068E-14	-1.952219E-15	 4.694312E-04	 5.224525E-14	 1.984098E-14	 3.256176E-04	 7.031927E-14
0.77055	 4.069694E-01	-9.624914E-14	-3.645987E-14	 2.001537E-01	-1.331561E-13	-3.472614E-15	 2.462104E-01	-1.965653E-13	 2.802290E-14	 8.031929E-02	-1.677098E-13	-1.011754E-16	 1.862758E-02	-1.403170E-13	-2.620516E-14	-2.078337E-04	-4.573132E-14	-5.647286E-14	-7.656245E-03	 1.523745E-14	-1.380129E-13	-4.946957E-03	 3.374986E-14	-9.947771E-14	-4.254426E-03	 5.758430E-14	-1.535045E-13	-2.332788E-03	 3.079065E-15	-9.684915E-14	-1.907356E-03	 2.100901E-14	-9.856189E-14	-1.425309E-03	-2.559056E-14	-7.261807E-14	-8.862502E-04	 1.280085E-14	-3.865058E-14	-3.746557E-04	-9.946746E-15	 2.821433E-15	 8.849214E-05	 1.992259E-15	 4.579555E-14	 4.328169E-04	 6.264622E-15	 3.763756E-14	 5.800279E-04	 3.940620E-14	 1.179514E-14	 6.059548E-04	 7.143625E-14	-1.734779E-14	 5.275031E-04	 9.667557E-14	-3.501093E-14	 3.843109E-04	 8.367114E-14
0.77728	 4.088873E-01	 4.501357E-14	 4.656831E-14	 2.026091E-01	 4.361247E-14	-2.144886E-14	 2.529433E-01	-8.264808E-15	 4.700789E-17	 8.340552E-02	-3.972040E-14	-4.551945E-14	 2.059294E-02	-4.515634E-14	-2.923827E-14	 3.982675E-04	-3.082136E-14	-1.492348E-14	-7.937473E-03	 7.744209E-15	 1.191474E-15	-5.220882E-03	 1.414886E-14	-4.567332E-14	-4.588123E-03	 3.036575E-14	-2.836852E-14	-2.473293E-03	 2.023715E-14	-9.453595E-14	-2.040022E-03	 6.510896E-14	-2.313124E-14	-1.540706E-03	 6.896888E-14	-5.763582E-14	-9.994607E-04	 9.586657E-14	 4.401313E-15	-4.759515E-04	 8.109707E-14	-1.104190E-14	 2.135089E-05	 4.860301E-14	-8.420842E-15	 4.089083E-04	 2.494800E-14	-2.481095E-14	 5.918556E-04	 1.991760E-14	-3.727507E-14	 6.477321E-04	 2.015990E-14	-5.342705E-14	 5.883802E-04	 1.479608E-14	-6.698816E-14	 4.503154E-04	 1.025350E-14
0.78395	 4.109441E-01	 4.551525E-14	-8.687821E-15	 2.052987E-01	 2.674184E-14	-4.373457E-14	 2.602022E-01	 8.609467E-14	-5.586673E-14	 8.678739E-02	 2.411988E-14	-3.340572E-14	 2.282567E-02	-3.623567E-14	 7.507423E-15	 1.130165E-03	-1.381790E-14	 6.911622E-14	-8.197458E-03	-1.374559E-13	 9.098061E-14	-5.508377E-03	-6.940667E-14	 5.508480E-14	-4.960399E-03	-1.095881E-13	 5.215910E-14	-2.631144E-03	-1.940468E-14	 1.071096E-14	-2.186775E-03	-1.510873E-14	 2.158723E-14	-1.662899E-03	 4.249359E-14	 4.642625E-14	-1.121820E-03	 1.160041E-14	 8.109561E-14	-5.904158E-04	 1.764065E-14	 8.716095E-14	-5.965687E-05	 1.034569E-14	 6.566935E-14	 3.728279E-04	 5.961621E-14	 2.796583E-14	 5.947484E-04	 9.268182E-14	-4.597732E-15	 6.853075E-04	 9.570428E-14	-3.587493E-14	 6.505308E-04	 7.985552E-14	-6.163275E-14	 5.230484E-04	 6.371411E-14
0.79057	 4.131469E-01	 5.815657E-15	-6.472214E-14	 2.082161E-01	 4.179009E-14	-7.742944E-14	 2.679962E-01	 8.019759E-14	-1.111123E-13	 9.047159E-02	 5.072566E-14	-8.921204E-14	 2.534632E-02	 6.918507E-14	-7.484857E-14	 2.003578E-03	 4.475892E-14	-1.958922E-14	-8.426037E-03	 2.958600E-14	-3.441926E-14	-5.806029E-03	 8.183019E-15	 1.089541E-14	-5.373924E-03	 1.774570E-14	-2.001062E-14	-2.808507E-03	 1.996087E-14	-1.946558E-14	-2.349883E-03	 1.477182E-14	-3.995636E-14	-1.791958E-03	-1.279540E-14	-3.642975E-14	-1.253181E-03	-1.752939E-14	 9.177345E-15	-7.184317E-04	-3.882698E-14	 7.541455E-15	-1.555930E-04	-3.386906E-14	 2.310642E-14	 3.227850E-04	-4.653877E-15	 2.489445E-14	 5.865053E-04	-4.214663E-15	 4.066505E-14	 7.163676E-04	-3.049303E-14	 5.799712E-14	 7.119292E-04	-5.516025E-14	 7.009552E-14	 6.013726E-04	-5.957485E-14
0.79713	 4.155056E-01	 2.130997E-14	-1.976604E-14	 2.113622E-01	 3.101830E-14	-2.471893E-14	 2.763459E-01	 2.771907E-14	-5.873842E-14	 9.447229E-02	 1.026803E-15	-3.686601E-14	 2.818256E-02	 1.956442E-14	-1.107001E-13	 3.038163E-03	 2.657842E-14	-2.768763E-14	-8.610873E-03	 4.795085E-14	-6.618609E-14	-6.109613E-03	 1.126661E-13	 2.647371E-14	-5.831666E-03	 5.115076E-14	 3.987100E-14	-3.008118E-03	 4.145856E-14	 4.605765E-14	-2.532416E-03	 5.884374E-15	 2.249737E-14	-1.928282E-03	-2.544357E-14	 1.854614E-15	-1.393525E-03	 6.565115E-15	-1.930304E-14	-8.603590E-04	 7.230212E-15	-6.271501E-14	-2.674811E-04	 4.694704E-15	-6.909328E-14	 2.569337E-04	-9.002500E-15	-6.125803E-14	 5.647846E-04	-5.670228E-14	-2.989185E-14	 7.383179E-04	-9.826522E-14	 2.082912E-14	 7.700965E-04	-1.176938E-13	 7.557440E-14	 6.835897E-04	-1.067984E-13
0.80364	 4.180316E-01	-5.233229E-14	-5.570930E-14	 2.147408E-01	-4.363071E-14	-1.188259E-14	 2.852764E-01	-9.244357E-14	-5.102657E-14	 9.880651E-02	-7.309947E-15	-1.808418E-14	 3.136648E-02	-4.401883E-14	-3.832202E-14	 4.256544E-03	 9.256012E-14	 1.357902E-14	-8.737191E-03	 3.225150E-14	-3.651190E-14	-6.413622E-03	 1.306893E-13	 2.367424E-14	-6.336443E-03	 5.123639E-14	-2.124566E-14	-3.233092E-03	 5.628550E-14	 2.814968E-14	-2.738255E-03	 3.048530E-14	-8.156953E-15	-2.072554E-03	 2.293213E-15	 1.056762E-14	-1.542882E-03	 1.732973E-14	-3.219881E-14	-1.016402E-03	-1.426019E-14	-3.132276E-14	-3.962018E-04	 1.554621E-14	-3.608156E-14	 1.734392E-04	-8.730146E-15	-4.565435E-14	 5.271413E-04	-1.094138E-15	-6.373918E-14	 7.482865E-04	-8.145129E-15	-8.265250E-14	 8.220501E-04	-1.999956E-15	-1.022451E-13	 7.673095E-04	 1.338928E-15
0.81009	 4.207353E-01	-3.412214E-14	-5.510810E-14	 2.183498E-01	-6.033822E-14	-2.877192E-14	 2.948037E-01	-5.296532E-14	-5.941327E-14	 1.034860E-01	-2.153819E-14	-6.577868E-14	 3.492864E-02	 8.133766E-16	-3.730367E-14	 5.682076E-03	 2.942985E-14	-1.071528E-13	-8.787510E-03	 5.440083E-14	-3.204631E-14	-6.710435E-03	-3.413498E-14	-1.265318E-13	-6.889998E-03	-8.257322E-15	-6.263992E-14	-3.486413E-03	-8.743390E-15	-9.742036E-14	-2.971905E-03	 1.309015E-14	-2.653713E-14	-2.225675E-03	 4.068436E-14	-1.125682E-14	-1.701258E-03	 5.944043E-14	 3.612555E-14	-1.186428E-03	 2.835917E-14	 5.401957E-14	-5.422828E-04	 3.994722E-14	 5.353452E-14	 7.065797E-05	 1.167538E-14	 2.059345E-14	 4.711545E-04	 1.142950E-14	-4.642371E-14	 7.431859E-04	 1.370697E-14	-9.789033E-14	 8.642874E-04	 2.145137E-14	-1.329990E-13	 8.493188E-04	 2.967795E-14
0.81650	 4.236222E-01	 7.377474E-14	 3.381138E-14	 2.221738E-01	 6.810017E-14	 1.344827E-14	 3.049219E-01	 6.565055E-14	-4.972705E-14	 1.085075E-01	 5.159090E-14	-4.681164E-14	 3.888959E-02	-3.813140E-14	-1.056445E-13	 7.334511E-03	-2.321608E-14	-9.854537E-14	-8.742746E-03	-9.227786E-14	-8.673059E-14	-6.989980E-03	-4.902631E-14	-9.475773E-14	-7.491923E-03	-6.051529E-14	-1.381278E-14	-3.770072E-03	-1.313061E-14	 1.904672E-14	-3.237908E-03	-1.886323E-15	 4.430347E-14	-2.388526E-03	 1.415385E-14	 1.188075E-13	-1.868530E-03	 1.875256E-14	 1.025609E-13	-1.369756E-03	 3.603735E-14	 9.986566E-14	-7.055949E-04	-2.586860E-14	 6.011397E-14	-5.253383E-05	-3.215366E-15	 1.561689E-14	 3.947191E-04	-6.167400E-15	-2.332144E-14	 7.199267E-04	 1.190691E-14	-4.706457E-14	 8.929003E-04	 1.949693E-14	-5.407464E-14	 9.255382E-04	 1.829789E-14
0.82285	 4.266958E-01	 6.570029E-14	 1.658463E-14	 2.261919E-01	 1.018959E-13	-7.317577E-14	 3.156146E-01	 3.350227E-14	-1.013173E-13	 1.138598E-01	 1.510349E-14	-1.104868E-13	 4.326415E-02	-6.498187E-14	-1.407807E-13	 9.231227E-03	-8.320429E-14	-7.084229E-14	-8.582532E-03	-9.947546E-14	-7.421977E-14	-7.240194E-03	-1.016453E-13	-2.849183E-14	-8.139930E-03	-2.730097E-14	 2.659929E-15	-4.085103E-03	-2.585445E-14	 8.730852E-14	-3.540874E-03	-2.284652E-15	 8.980777E-14	-2.562115E-03	 3.909058E-14	 9.849911E-14	-2.044726E-03	 4.115885E-14	 8.562227E-14	-1.565386E-03	 5.496733E-14	 3.613294E-14	-8.854470E-04	 9.504480E-15	-1.814963E-14	-1.967014E-04	 4.169268E-15	-4.373532E-14	 2.962085E-04	-7.291424E-15	-4.866529E-14	 6.756560E-04	-5.519348E-15	-3.064104E-14	 9.038495E-04	-5.482935E-15	-2.016606E-14	 9.912443E-04	-7.671173E-15
0.82916	 4.299639E-01	 9.001252E-15	-3.777687E-14	 2.303963E-01	-6.095007E-14	-4.334644E-14	 3.268827E-01	-6.310399E-14	-7.777264E-14	 1.195433E-01	-8.544683E-14	-9.543691E-14	 4.807697E-02	-4.702654E-14	-7.513511E-14	 1.139458E-02	-9.357186E-14	-9.237351E-14	-8.283383E-03	-1.491098E-14	 2.949769E-15	-7.447438E-03	-2.423532E-14	-7.172666E-14	-8.831169E-03	 5.458401E-14	 5.790510E-14	-4.432678E-03	 4.935183E-14	-4.702827E-14	-3.886401E-03	 1.049324E-13	 5.413562E-14	-2.748190E-03	 1.087489E-13	-5.452116E-14	-2.230622E-03	 1.182585E-13	-4.495156E-15	-1.772532E-03	 9.922818E-14	-1.561643E-14	-1.081061E-03	 7.497683E-14	-2.559517E-14	-3.621896E-04	 5.949765E-14	-1.399296E-17	 1.743405E-04	 1.564445E-14	 1.583227E-14	 6.078242E-04	 8.116778E-15	 4.659393E-14	 8.932090E-04	-3.543212E-15	 6.826495E-14	 1.041405E-03	-1.432119E-15
0.83541	 4.334383E-01	-2.456654E-14	 2.020871E-14	 2.347907E-01	-4.233307E-14	 1.935473E-14	 3.387420E-01	-6.600660E-14	 1.181292E-14	 1.255693E-01	-5.873771E-14	 3.193820E-14	 5.336323E-02	-3.939889E-14	 4.215072E-14	 1.385273E-02	-7.852045E-15	 6.176197E-14	-7.817670E-03	 1.096497E-14	 5.710310E-14	-7.595829E-03	 9.108622E-14	 8.105085E-14	-9.561804E-03	 6.458521E-14	 3.807474E-14	-4.814043E-03	 9.817988E-14	 4.244265E-14	-4.281264E-03	 4.931586E-14	 8.203385E-15	-2.949359E-03	 1.496651E-15	 3.956450E-14	-2.427875E-03	-5.778957E-16	-2.247783E-14	-1.990661E-03	-4.083966E-15	 9.371595E-15	-1.291651E-03	-1.442054E-14	-1.810414E-14	-5.491984E-04	-2.193055E-14	-2.845561E-15	 2.812623E-05	-3.780165E-14	 2.557411E-14	 5.141884E-04	-3.572692E-14	 4.986554E-14	 8.572533E-04	-3.264912E-14	 7.348074E-14	 1.070812E-03	-1.981259E-14
0.84163	 4.371274E-01	 4.974033E-14	 1.049328E-13	 2.393718E-01	 1.086184E-13	 2.561185E-14	 3.511939E-01	 1.181879E-13	 4.263953E-14	 1.319393E-01	 1.156770E-13	 6.230866E-14	 5.915082E-02	 1.153752E-13	 3.604090E-14	 1.663093E-02	 1.220152E-13	 7.819961E-14	-7.155846E-03	 9.310088E-14	 3.126278E-14	-7.666711E-03	 9.442767E-14	 8.425526E-14	-1.032494E-02	 5.893526E-14	-1.950691E-14	-5.228916E-03	 3.867125E-14	 6.998016E-14	-4.732248E-03	 2.305116E-14	-6.454131E-15	-3.168492E-03	-6.038333E-14	 7.212835E-14	-2.638668E-03	-7.722970E-14	 4.768592E-14	-2.219072E-03	-1.643885E-13	 4.378697E-14	-1.515997E-03	-1.896071E-13	 2.875862E-14	-7.573360E-04	-2.005576E-13	-1.336715E-14	-1.427589E-04	-1.374985E-13	-5.443582E-14	 3.931010E-04	-6.635729E-14	-1.007212E-13	 7.927085E-04	 1.418978E-14	-1.336534E-13	 1.074261E-03	 5.960867E-14
0.84779	 4.410312E-01	 7.027353E-14	 7.815519E-14	 2.441160E-01	 5.354081E-14	 6.719013E-14	 3.642034E-01	 4.644318E-14	 7.171705E-14	 1.386298E-01	 2.950374E-14	-1.468013E-14	 6.544505E-02	 3.073297E-14	 1.304466E-14	 1.974281E-02	 1.168197E-14	-6.017720E-14	-6.270123E-03	 1.325102E-14	-7.826819E-14	-7.639387E-03	 3.558457E-14	-8.737835E-14	-1.110927E-02	-1.408480E-14	-4.399796E-14	-5.673959E-03	-2.018278E-14	-3.217961E-14	-5.244620E-03	-5.305119E-14	 2.115975E-14	-3.407978E-03	-1.036641E-13	 5.414343E-14	-2.865404E-03	-1.220869E-13	 8.060323E-14	-2.456680E-03	-1.550442E-13	 5.909999E-14	-1.752165E-03	-1.197738E-13	 7.495637E-14	-9.851907E-04	-8.192262E-14	 5.832817E-14	-3.375052E-04	-9.762803E-15	 2.897085E-14	 2.439709E-04	 3.964147E-14	-9.516439E-15	 6.972402E-04	 1.074655E-13	-5.268884E-14	 1.047044E-03	 1.414047E-13
0.85391	 4.451452E-01	-2.172478E-15	 3.493548E-14	 2.489929E-01	-4.685869E-14	 7.653621E-14	 3.777205E-01	-1.351935E-13	 4.905489E-14	 1.456054E-01	-9.406487E-14	-3.778824E-14	 7.223730E-02	-1.102468E-13	-2.952518E-14	 2.319382E-02	-1.016155E-13	-1.662840E-13	-5.134694E-03	-3.834715E-14	-1.617892E-13	-7.492201E-03	-3.008226E-14	-2.181794E-13	-1.190008E-02	 2.569569E-14	-1.402965E-13	-6.143221E-03	 6.862691E-15	-1.760766E-13	-5.822091E-03	-3.997647E-15	-7.276779E-15	-3.669787E-03	 2.138060E-14	-5.209654E-14	-3.111042E-03	-2.490650E-15	 9.081219E-14	-2.702523E-03	 4.291640E-14	 1.402914E-14	-1.998018E-03	 3.660133E-14	 6.797062E-14	-1.230679E-03	 1.910603E-14	 2.302212E-14	-5.543012E-04	 1.465205E-14	 2.522450E-14	 6.733035E-05	-7.724803E-15	 1.792619E-14	 5.697705E-04	 1.460103E-14	 1.999077E-14	 9.855098E-04	 2.991193E-14
0.85999	 4.494694E-01	 2.739134E-14	-3.279554E-15	 2.539849E-01	-1.378980E-14	 5.851169E-14	 3.917163E-01	-9.283875E-15	-2.020629E-15	 1.528417E-01	-2.650247E-14	 1.013981E-15	 7.952564E-02	 1.666456E-14	-8.592865E-15	 2.699112E-02	 2.204891E-14	-8.391299E-14	-3.723348E-03	 9.363023E-14	 1.933203E-14	-7.203083E-03	 8.619463E-14	-9.374853E-14	-1.268132E-02	 1.698768E-13	 1.494089E-14	-6.629546E-03	 1.005368E-13	-4.701251E-14	-6.467844E-03	 1.758067E-13	 1.265142E-14	-3.955883E-03	 1.108021E-13	-1.955365E-14	-3.379539E-03	 1.150201E-13	-6.649380E-15	-2.956333E-03	 3.804460E-14	-2.682528E-14	-2.251946E-03	-5.245170E-15	-3.483064E-14	-1.491805E-03	-7.367146E-14	-5.182072E-14	-7.909520E-04	-7.733389E-14	-6.473030E-14	-1.355850E-04	-6.294166E-14	-7.424997E-14	 4.103427E-04	-1.345347E-14	-7.751576E-14	 8.872673E-04	 3.053943E-14
0.86603	 4.540194E-01	 2.030073E-15	 1.171615E-14	 2.591090E-01	-4.133953E-14	 4.364363E-14	 4.062225E-01	-4.352301E-14	 7.271032E-14	 1.603523E-01	-6.975625E-14	 9.047316E-14	 8.734319E-02	-1.048190E-14	 1.046183E-13	 3.116018E-02	-2.462277E-14	 1.612876E-13	-2.001310E-03	 5.366892E-14	 1.832988E-13	-6.746872E-03	 1.231221E-14	 2.218047E-13	-1.343665E-02	 3.399972E-14	 2.117792E-13	-7.126352E-03	-1.502577E-14	 1.975392E-13	-7.186802E-03	 5.401185E-15	 1.083797E-13	-4.269490E-03	-3.974151E-14	 7.233020E-14	-3.676865E-03	-2.097698E-14	-2.140540E-14	-3.219236E-03	-3.763683E-15	-9.585290E-15	-2.513708E-03	 2.419413E-14	-4.158858E-14	-1.767628E-03	 6.157893E-14	 2.320431E-15	-1.045856E-03	 7.080683E-14	 2.654447E-14	-3.637342E-04	 9.705411E-14	 5.722010E-14	 2.194343E-04	 1.000592E-13	 6.716788E-14	 7.507976E-04	 1.024072E-13
0.87202	 4.588249E-01	 4.714501E-14	 1.377273E-13	 2.644096E-01	 7.981360E-14	 7.039543E-14	 4.213227E-01	 3.141140E-14	 1.455333E-13	 1.681834E-01	 6.718224E-14	 1.773803E-13	 9.575827E-02	 1.981541E-14	 1.258765E-13	 3.574679E-02	 4.030916E-14	 2.296753E-13	 7.846493E-05	-2.807371E-14	 5.499051E-14	-6.092452E-03	 3.727501E-14	 1.594514E-13	-1.414755E-02	-6.984332E-14	-3.321832E-14	-7.626930E-03	 2.428617E-14	 2.744923E-15	-7.985944E-03	-2.390381E-14	-1.027499E-13	-4.615411E-03	 6.546024E-14	-9.926826E-14	-4.011413E-03	-2.050339E-14	-1.030531E-13	-3.493726E-03	 7.087503E-14	-5.569623E-14	-2.784444E-03	-2.396304E-14	-2.498566E-14	-2.058295E-03	 1.199774E-14	 4.226890E-14	-1.318210E-03	-4.872670E-14	 9.078599E-14	-6.166298E-04	-6.482766E-14	 1.359213E-13	-2.451081E-06	-1.036167E-13	 1.549227E-13	 5.750682E-04	-1.161547E-13
0.87797	 4.639164E-01	 2.760409E-14	 1.173266E-14	 2.699245E-01	-2.437577E-15	 3.819175E-14	 4.370960E-01	 2.552169E-14	 3.499199E-14	 1.763743E-01	 2.534472E-16	 7.588912E-14	 1.048368E-01	-4.040790E-14	 4.680174E-14	 4.079607E-02	-1.993518E-14	 6.073404E-14	 2.566885E-03	-1.174004E-13	 2.913898E-14	-5.204283E-03	-4.418956E-14	-9.918990E-15	-1.478982E-02	-8.464161E-14	-8.579544E-14	-8.120939E-03	-5.296608E-14	-4.975035E-14	-8.870948E-03	 1.404824E-15	-1.222884E-13	-4.998061E-03	-1.020614E-14	-5.125134E-14	-4.392831E-03	 3.604182E-14	-1.155269E-13	-3.782618E-03	 6.194714E-15	-2.588943E-14	-3.065732E-03	 5.158149E-14	-7.911679E-14	-2.363918E-03	 4.978302E-14	-9.402729E-15	-1.607057E-03	 7.034618E-14	-6.370807E-15	-8.936275E-04	 5.485753E-14	 4.197541E-14	-2.542955E-04	 2.821349E-14	 5.738594E-14	 3.598350E-04	-4.489032E-15
0.88388	 4.693189E-01	-1.474246E-13	-1.191781E-13	 2.756729E-01	-1.414323E-13	-8.220733E-14	 4.535950E-01	-1.562865E-13	-8.075099E-14	 1.849418E-01	-5.571961E-14	-1.064549E-13	 1.146259E-01	-8.411222E-14	-8.995114E-14	 4.634248E-02	 3.974890E-14	-1.800418E-13	 5.513571E-03	-6.485860E-15	-1.192444E-13	-4.044313E-03	 9.309366E-15	-1.887229E-13	-1.533260E-02	-2.167161E-14	-1.317806E-13	-8.592832E-03	-6.631748E-14	-1.193413E-13	-9.843999E-03	-8.579214E-14	-9.016044E-14	-5.420209E-03	-1.060843E-13	-3.001595E-14	-4.831424E-03	-1.234015E-13	-4.167475E-14	-4.088754E-03	-8.074297E-14	 3.949749E-14	-3.359462E-03	-6.407357E-14	-1.802270E-15	-2.684195E-03	-7.886154E-15	 5.459453E-14	-1.910850E-03	 2.496708E-14	 2.192798E-14	-1.193511E-03	 6.581196E-14	 3.410243E-14	-5.341777E-04	 7.214745E-14	 7.249465E-16	 1.060256E-04	 5.042647E-14
0.88976	 4.750595E-01	-2.881743E-14	 6.645867E-15	 2.816742E-01	 2.842893E-15	-3.354797E-14	 4.708770E-01	-3.795949E-15	 1.500444E-14	 1.939030E-01	 3.919916E-14	 1.522526E-16	 1.251755E-01	 4.048245E-14	-4.539108E-14	 5.242205E-02	 8.017707E-14	 2.885927E-15	 8.972656E-03	 7.445984E-14	-8.145513E-14	-2.570050E-03	 6.624177E-15	-4.791073E-14	-1.573871E-02	-5.036082E-15	-5.348595E-14	-9.022604E-03	-9.510319E-14	-3.647221E-14	-1.090454E-02	-9.099115E-14	-5.007950E-14	-5.883454E-03	-1.344470E-13	 4.735224E-15	-5.338928E-03	-1.711207E-13	-1.261819E-14	-4.415683E-03	-1.548694E-13	 5.032316E-14	-3.668715E-03	-2.144504E-13	 2.395452E-14	-3.019151E-03	-1.514908E-13	 6.005439E-14	-2.228076E-03	-1.526910E-13	 3.261514E-14	-1.515049E-03	-5.780185E-14	 1.964289E-14	-8.397298E-04	-2.205044E-14	-1.059457E-14	-1.846230E-04	 2.376353E-14
0.89559	 4.811802E-01	 8.683445E-14	-3.796333E-14	 2.879678E-01	 1.123571E-14	 3.574004E-14	 4.890445E-01	 1.318275E-13	-7.959209E-15	 2.032997E-01	 6.855120E-14	 8.925279E-14	 1.365686E-01	 1.248817E-13	 4.293323E-14	 5.908945E-02	 1.040952E-13	 1.137365E-13	 1.301270E-02	 1.024772E-13	 7.771546E-14	-7.303171E-04	 1.098555E-13	 3.023838E-14	-1.596428E-02	 6.040450E-14	 8.863818E-15	-9.386508E-03	 7.047897E-14	-7.860844E-14	-1.205101E-02	 4.994760E-14	-6.807613E-14	-6.389188E-03	 2.123693E-14	-1.100193E-13	-5.929831E-03	 2.685327E-14	-8.111473E-14	-4.768327E-03	 4.288256E-15	-6.566044E-14	-3.998666E-03	 3.583659E-14	-5.986739E-14	-3.369884E-03	 3.705746E-14	-3.445788E-14	-2.558001E-03	 6.093854E-14	-3.218818E-14	-1.857788E-03	 7.791194E-14	-2.376818E-14	-1.168925E-03	 8.865707E-14	-1.454035E-14	-5.104080E-04	 9.480372E-14
0.90139	 4.877463E-01	 1.547513E-13	 5.131499E-14	 2.946293E-01	 7.198030E-14	 1.459162E-13	 5.082732E-01	 1.324686E-13	 1.196458E-13	 2.132205E-01	 1.181098E-13	 1.582239E-13	 1.489514E-01	 1.032369E-13	 1.949694E-13	 6.643893E-02	 1.171862E-13	 1.137822E-13	 1.773397E-02	 8.159863E-14	 2.027136E-13	 1.545306E-03	 9.447011E-14	 1.941900E-14	-1.595313E-02	 1.601405E-14	 1.314088E-13	-9.655150E-03	 1.903038E-14	-3.177468E-14	-1.328188E-02	-6.527697E-14	 8.517710E-14	-6.940109E-03	-7.136438E-14	-8.419552E-14	-6.623911E-03	-1.176859E-13	 1.154179E-14	-5.154410E-03	-8.688463E-14	-1.322858E-13	-4.358149E-03	-7.483909E-14	-4.487263E-14	-3.739418E-03	-6.806734E-14	-1.003329E-13	-2.901460E-03	-3.461055E-14	-3.657812E-14	-2.222808E-03	-4.752146E-14	-3.313367E-14	-1.520896E-03	-1.235638E-14	-1.036189E-14	-8.706993E-04	-9.155232E-15
0.90715	 4.948309E-01	 8.717113E-14	 2.780214E-14	 3.017367E-01	-5.694193E-15	 2.039444E-14	 5.287501E-01	 7.962057E-14	 6.559061E-14	 2.237583E-01	 1.420955E-14	-4.879069E-15	 1.624875E-01	 5.003570E-14	 5.553169E-14	 7.457759E-02	-1.136808E-14	 5.485849E-14	 2.325596E-02	-2.147621E-14	 9.333041E-14	 4.343014E-03	-1.111880E-13	 1.263258E-13	-1.563194E-02	-1.139129E-13	 1.080776E-13	-9.788126E-03	-1.786655E-13	 1.548421E-13	-1.458916E-02	-1.615984E-13	 6.073542E-14	-7.536640E-03	-2.066558E-13	 6.598303E-15	-7.444452E-03	-1.622484E-13	-4.809853E-14	-5.583569E-03	-2.225740E-13	-1.384421E-13	-4.759655E-03	-1.424181E-13	-1.074387E-13	-4.131778E-03	-1.499358E-13	-1.553882E-13	-3.259917E-03	-4.845287E-14	-9.021188E-14	-2.611478E-03	-1.047491E-14	-8.934144E-14	-1.894835E-03	 6.060102E-14	-4.497659E-14	-1.265145E-03	 8.203930E-14
0.91287	 5.024898E-01	-1.254456E-13	-1.504256E-13	 3.093157E-01	-1.312365E-13	-1.290004E-13	 5.505891E-01	-7.705270E-14	-1.185158E-13	 2.349411E-01	-2.740347E-14	-1.321180E-13	 1.772793E-01	 5.846134E-14	-1.154390E-13	 8.357001E-02	 6.165396E-14	-9.564414E-14	 2.967879E-02	 1.206525E-13	-1.463290E-13	 7.743520E-03	 9.340726E-14	-3.270950E-14	-1.491543E-02	 9.521249E-14	-1.391410E-13	-9.732170E-03	 3.921375E-14	 1.662505E-14	-1.594977E-02	-2.355308E-15	-8.873396E-14	-8.169787E-03	-9.151919E-14	 5.598549E-14	-8.412105E-03	-9.659485E-14	-4.055331E-14	-6.063655E-03	-1.794967E-13	 1.043230E-13	-5.217433E-03	-1.335764E-13	 2.944026E-14	-4.549936E-03	-1.344875E-13	 1.126051E-13	-3.633672E-03	-7.940613E-14	 6.425197E-14	-3.023148E-03	-2.953354E-14	 6.738355E-14	-2.287749E-03	 4.431525E-15	 2.499203E-14	-1.691588E-03	 2.962334E-14
0.91856	 5.107911E-01	 7.170421E-15	 9.212928E-14	 3.173960E-01	 8.561939E-14	 6.680947E-14	 5.739337E-01	-4.029004E-14	 8.778563E-14	 2.468049E-01	 4.662703E-14	 3.922331E-14	 1.934541E-01	 3.130840E-14	 2.141130E-14	 9.349330E-02	 3.097445E-14	-3.591142E-15	 3.712017E-02	 9.671689E-14	-8.158366E-14	 1.184116E-02	 5.663827E-14	-3.048522E-14	-1.370020E-02	 9.535430E-14	-7.833929E-14	-9.420648E-03	 6.224021E-14	 5.799767E-14	-1.732853E-02	-2.867232E-15	 2.476534E-14	-8.823747E-03	 2.178187E-14	 2.082573E-13	-9.548703E-03	-8.929276E-14	 1.242356E-13	-6.603499E-03	-3.475896E-15	 2.750794E-13	-5.751425E-03	-1.256634E-13	 1.915920E-13	-4.998951E-03	-2.258555E-14	 2.681777E-13	-4.024920E-03	-1.120580E-13	 2.171192E-13	-3.457453E-03	-4.395239E-14	 2.188190E-13	-2.696312E-03	-8.347741E-14	 1.757683E-13	-2.147857E-03	-5.218467E-14
0.92421	 5.198494E-01	 6.529144E-14	 2.010671E-13	 3.260691E-01	 1.711387E-13	 8.280851E-14	 5.990657E-01	 1.042504E-15	 1.332693E-13	 2.594666E-01	 2.092736E-14	 3.835525E-14	 2.112628E-01	-9.013249E-14	 4.157900E-14	 1.045004E-01	-1.157066E-13	-3.138952E-14	 4.576542E-02	-1.887912E-13	-5.368067E-14	 1.677348E-02	-1.445007E-13	-1.042307E-13	-1.184932E-02	-2.200310E-13	-1.242843E-13	-8.767450E-03	-2.143721E-14	-1.644181E-13	-1.867896E-02	-1.232211E-13	-1.243159E-13	-9.477963E-03	 1.432673E-13	-1.467068E-13	-1.088274E-02	 6.782284E-14	-1.588068E-14	-7.216307E-03	 2.184675E-13	-3.827548E-14	-6.392549E-03	 1.436551E-13	 1.049589E-13	-5.489397E-03	 1.714247E-13	 7.097016E-14	-4.441344E-03	 8.214526E-14	 1.504201E-13	-3.916765E-03	 3.474196E-14	 1.048918E-13	-3.118857E-03	-4.908587E-14	 1.097263E-13	-2.633671E-03	-1.115538E-13
0.92983	 5.298185E-01	 8.359511E-14	 1.279853E-13	 3.354573E-01	 1.065499E-14	 1.891673E-13	 6.263612E-01	-4.167325E-14	 1.246465E-13	 2.730837E-01	-1.461196E-13	 2.018576E-13	 2.310477E-01	-1.410359E-13	 1.358717E-13	 1.167964E-01	-2.424016E-13	 9.423824E-14	 5.586028E-02	-1.805163E-13	 1.017812E-13	 2.272066E-02	-2.420640E-13	-1.153023E-14	-9.182819E-03	-1.508532E-13	 3.674581E-14	-7.657412E-03	-1.598393E-13	-1.182450E-13	-1.993104E-02	-2.699865E-14	-1.733756E-14	-1.009905E-02	-6.313871E-14	-1.715804E-13	-1.244513E-02	 1.192259E-13	-5.333639E-14	-7.917329E-03	 2.784387E-14	-1.375052E-13	-7.184660E-03	 1.772298E-13	-6.124596E-14	-6.037508E-03	 7.079745E-14	-8.849683E-14	-4.897415E-03	 1.346067E-13	-7.573564E-14	-4.405360E-03	 3.413794E-14	-8.768435E-14	-3.554145E-03	 3.510785E-14	-1.195500E-13	-3.148764E-03	-4.788946E-14
0.93541	 5.408632E-01	 9.518627E-14	 8.201619E-14	 3.456614E-01	-4.018570E-15	 1.149895E-13	 6.562003E-01	 2.622196E-14	 8.199646E-14	 2.877886E-01	-5.014488E-14	 7.947995E-14	 2.531662E-01	 1.051990E-14	 9.224775E-14	 1.305884E-01	-2.047310E-14	 2.429477E-14	 6.767959E-02	 7.161203E-14	 1.469374E-13	 2.989076E-02	-5.168564E-15	 1.559003E-14	-5.474114E-03	 1.728946E-13	 1.851538E-13	-5.937753E-03	-1.938138E-14	 3.551247E-14	-2.097171E-02	 1.920786E-13	 1.234067E-13	-1.062678E-02	-5.229350E-14	 2.921998E-14	-1.425651E-02	 6.047483E-14	 7.844386E-15	-8.717470E-03	-9.563043E-14	-1.271440E-14	-8.184685E-03	-6.426798E-14	-5.792700E-14	-6.665620E-03	-9.588864E-14	-4.410161E-14	-5.417682E-03	-6.568340E-14	-7.533727E-14	-4.929833E-03	-3.454694E-14	-6.244114E-14	-4.001230E-03	 8.624575E-16	-8.033189E-14	-3.690637E-03	 3.253510E-14
0.94097	 5.531594E-01	 1.424933E-13	 1.040353E-13	 3.567365E-01	 1.636542E-13	 7.332693E-14	 6.889599E-01	 1.754443E-13	 4.163482E-14	 3.036490E-01	 1.523988E-13	 1.103213E-14	 2.779678E-01	 1.533028E-13	 8.998027E-15	 1.460433E-01	 6.049491E-14	-5.130440E-14	 8.149376E-02	 1.024775E-13	-3.256236E-14	 3.848752E-02	 1.919434E-14	-1.153585E-13	-4.717400E-04	 5.616458E-14	-1.249344E-13	-3.431061E-03	 2.098214E-14	-1.891889E-13	-2.164302E-02	-9.303108E-15	-2.042200E-13	-1.096727E-02	-3.399716E-14	-2.202301E-13	-1.631606E-02	-1.138596E-13	-1.591210E-13	-9.612276E-03	-9.824103E-14	-1.577746E-13	-9.457945E-03	-1.461177E-13	-5.319880E-14	-7.397659E-03	-8.315970E-14	-7.041881E-14	-6.037542E-03	-6.333235E-14	-2.924470E-15	-5.497963E-03	 8.813067E-15	-4.157831E-14	-4.458945E-03	 5.572982E-14	-1.937723E-14	-4.251912E-03	 9.805903E-14
0.94648	 5.670084E-01	 4.648556E-14	 7.431285E-14	 3.689346E-01	 7.402247E-14	-2.229575E-14	 7.253465E-01	 7.075760E-14	 4.585390E-14	 3.209848E-01	 3.817555E-14	-6.447720E-14	 3.061832E-01	 1.815875E-14	-6.056244E-15	 1.635957E-01	-2.525969E-14	-6.082828E-14	 9.785947E-02	-3.492335E-14	-8.538678E-14	 4.891529E-02	-4.352731E-14	-4.112597E-14	 6.246819E-03	-8.780417E-14	-1.307679E-13	 1.481802E-04	-3.162773E-14	-3.645582E-14	-2.170225E-02	-1.340793E-13	-1.166336E-13	-1.098498E-02	-2.715981E-14	-1.256214E-14	-1.861503E-02	-1.186967E-13	-9.973669E-14	-1.060104E-02	 1.167166E-14	 1.144163E-14	-1.110951E-02	-3.236972E-14	-1.111173E-13	-8.283227E-03	 7.779896E-14	-2.691857E-14	-6.831368E-03	 6.167377E-14	-1.365577E-13	-6.137049E-03	 1.243495E-13	-9.117403E-14	-4.941595E-03	 1.077272E-13	-1.352156E-13	-4.829365E-03	 1.160703E-13
0.95197	 5.826154E-01	 1.078542E-13	-4.170496E-14	 3.822965E-01	 9.774097E-14	-7.692287E-15	 7.657295E-01	 1.481976E-13	-1.150397E-13	 3.398508E-01	 1.844731E-13	-9.558609E-14	 3.381905E-01	 1.066897E-13	-1.283740E-13	 1.834531E-01	 1.925675E-13	-9.845809E-14	 1.171541E-01	 6.854165E-14	-1.071005E-13	 6.149280E-02	 1.432596E-13	-3.723424E-14	 1.511688E-02	 4.644575E-14	-3.726998E-14	 5.128420E-03	 6.484701E-14	 1.806454E-15	-2.077818E-02	-2.783819E-14	 3.374372E-14	-1.044927E-02	-2.398493E-14	-9.700938E-15	-2.103752E-02	-5.930910E-14	 4.363015E-14	-1.162467E-02	-1.187818E-13	-3.555739E-14	-1.322819E-02	-3.884955E-14	 7.014521E-16	-9.372907E-03	-1.663578E-13	-6.542016E-14	-7.905848E-03	-3.495844E-14	-4.196608E-14	-6.893918E-03	-1.710200E-13	-6.835043E-14	-5.485565E-03	-7.853887E-14	-3.061240E-14	-5.421922E-03	-1.735768E-13
0.95743	 6.002149E-01	 2.436176E-14	-1.586518E-13	 3.964449E-01	-1.098073E-13	 4.940308E-14	 8.105185E-01	 1.089585E-14	-1.514039E-13	 3.597152E-01	-5.202113E-14	 5.696891E-14	 3.741158E-01	 5.166031E-15	-1.190473E-13	 2.052848E-01	-3.279688E-15	 2.344717E-14	 1.392912E-01	 1.302070E-14	-8.026863E-14	 7.611501E-02	 3.724107E-14	-1.448622E-14	 2.624839E-02	 2.750025E-14	-5.148210E-14	 1.161733E-02	 6.552684E-14	-4.814302E-14	-1.855811E-02	 4.409923E-14	-4.746384E-14	-9.117038E-03	 4.754787E-14	-1.048965E-13	-2.338632E-02	 1.024496E-13	-1.657595E-14	-1.250949E-02	-9.284451E-15	-1.174281E-13	-1.583110E-02	 1.313187E-13	 3.926270E-14	-1.063855E-02	-4.585467E-14	-6.620734E-14	-9.344127E-03	 8.822879E-14	 8.382203E-14	-7.790273E-03	-5.548950E-14	 8.081556E-15	-6.120016E-03	 2.179884E-14	 1.134582E-13	-6.011429E-03	-4.984345E-14
0.96285	 6.218063E-01	-2.143675E-13	-9.295212E-14	 4.138018E-01	-1.509481E-13	-1.859459E-13	 8.649794E-01	-2.059622E-13	-6.129065E-14	 3.835338E-01	-1.922160E-13	-1.631816E-13	 4.196434E-01	-1.211851E-13	-7.010840E-14	 2.325290E-01	-1.898989E-13	-1.156890E-13	 1.683564E-01	-3.447047E-14	-7.106882E-14	 9.556497E-02	-1.390213E-13	-3.044165E-14	 4.203074E-02	-1.499853E-14	-4.364743E-14	 2.119894E-02	-6.918835E-14	 5.558701E-14	-1.387951E-02	-5.026063E-15	-8.771453E-15	-6.317759E-03	-2.144335E-14	 1.124019E-13	-2.546815E-02	 5.765605E-14	 4.289331E-15	-1.313922E-02	 3.457669E-14	 1.135171E-13	-1.929958E-02	 1.372805E-13	-2.087189E-14	-1.227937E-02	 1.050266E-13	 4.344239E-14	-1.160930E-02	 1.892443E-13	-8.656346E-14	-9.083215E-03	 1.495997E-13	-8.559539E-14	-7.112670E-03	 2.070621E-13	-1.711415E-13	-6.724647E-03	 1.624094E-13
0.96825	 6.479687E-01	 1.074606E-13	 1.488759E-13	 4.356491E-01	 6.106303E-15	 2.344148E-13	 9.299934E-01	-6.660455E-14	 2.558652E-13	 4.128000E-01	-1.438948E-13	 2.959989E-13	 4.765628E-01	-2.047172E-13	 3.243566E-13	 2.668872E-01	-2.604911E-13	 3.323261E-13	 2.068562E-01	-2.673781E-13	 3.625376E-13	 1.218705E-01	-3.237380E-13	 3.472636E-13	 6.476495E-02	-2.428290E-13	 3.456560E-13	 3.566924E-02	-3.233179E-13	 3.048911E-13	-4.946605E-03	-1.458410E-13	 2.848406E-13	-8.734829E-04	-2.533947E-13	 2.226871E-13	-2.628492E-02	-2.391648E-14	 2.088431E-13	-1.301287E-02	-1.368044E-13	 1.186323E-13	-2.357150E-02	 6.503604E-14	 1.542872E-13	-1.435900E-02	-2.371332E-14	 3.338316E-14	-1.518104E-02	 1.002519E-13	 1.203845E-13	-1.110088E-02	 4.035937E-14	-1.025743E-14	-8.942075E-03	 8.953672E-14	 9.779890E-14	-7.810588E-03	 4.990299E-14
0.97361	 6.737685E-01	-3.816680E-16	 6.890554E-14	 4.536778E-01	-4.551661E-14	 1.611275E-13	 9.916391E-01	-1.457700E-13	 1.798062E-13	 4.372974E-01	-1.212370E-13	 3.276273E-13	 5.285338E-01	-2.790061E-13	 3.101837E-13	 2.970358E-01	-1.257574E-13	 4.601233E-13	 2.421323E-01	-3.518023E-13	 4.615142E-13	 1.460157E-01	-1.096017E-13	 5.141521E-13	 8.729759E-02	-2.830407E-13	 5.123638E-13	 5.011914E-02	-9.453265E-14	 4.945756E-13	 5.785700E-03	-1.247038E-13	 4.334675E-13	 5.796188E-03	-5.817730E-14	 4.091471E-13	-2.540090E-02	-8.145782E-15	 3.138587E-13	-1.170529E-02	 2.156443E-14	 2.826489E-13	-2.734367E-02	 2.214972E-14	 2.254179E-13	-1.600966E-02	 1.106454E-13	 1.877317E-13	-1.908252E-02	 2.278790E-14	 1.893012E-13	-1.319589E-02	 1.603945E-13	 1.734617E-13	-1.114566E-02	 3.162446E-14	 2.098966E-13	-8.896311E-03	 1.494029E-13
0.97895	 7.075533E-01	-3.066651E-13	-8.539726E-14	 4.731111E-01	-1.037515E-13	-1.876308E-13	 1.071513E+00	-3.623583E-13	-7.067591E-14	 4.635819E-01	-1.648647E-13	-7.724603E-14	 5.952530E-01	-3.560814E-13	-3.989947E-14	 3.323429E-01	-2.404672E-13	 3.320534E-15	 2.860757E-01	-3.879292E-13	-5.648087E-15	 1.759217E-01	-2.794743E-13	 7.363742E-14	 1.165858E-01	-4.654772E-13	 6.765604E-15	 6.904160E-02	-3.274828E-13	 1.469063E-13	 2.276221E-02	-5.475362E-13	 3.660266E-14	 1.619534E-02	-4.225007E-13	 2.082439E-13	-2.076325E-02	-5.877964E-13	 9.785034E-14	-7.532237E-03	-4.579884E-13	 2.541983E-13	-3.064998E-02	-5.237586E-13	 1.435043E-13	-1.669203E-02	-3.505264E-13	 2.826133E-13	-2.450207E-02	-3.303415E-13	 1.638523E-13	-1.605878E-02	-1.389610E-13	 2.855785E-13	-1.509234E-02	-8.319624E-14	 1.731007E-13	-1.095154E-02	 6.643188E-14
0.98425	 7.832540E-01	 9.293864E-14	 1.424319E-13	 5.264355E-01	-3.550948E-15	 1.975826E-13	 1.252714E+00	-1.744071E-14	 2.023962E-13	 5.289012E-01	-1.716361E-13	 2.393688E-13	 7.687094E-01	-1.263682E-13	 1.612401E-13	 4.209305E-01	-2.625214E-13	 1.830778E-13	 4.126199E-01	-2.290574E-13	 6.112922E-14	 2.612326E-01	-2.719601E-13	 4.739063E-14	 2.025184E-01	-3.157565E-13	-4.251709E-14	 1.294861E-01	-2.555211E-13	-8.181952E-14	 7.908249E-02	-3.446725E-13	-9.269379E-14	 5.244665E-02	-2.369084E-13	-1.648165E-13	 7.874356E-03	-3.297739E-13	-6.252974E-14	 1.272047E-02	-2.027843E-13	-1.531486E-13	-2.530720E-02	-2.499482E-13	 1.635813E-14	-8.930701E-03	-1.183198E-13	-5.486867E-14	-3.271373E-02	-1.308597E-13	 1.349809E-13	-1.879184E-02	-5.491458E-15	 8.670128E-14	-2.721400E-02	-6.417949E-16	 2.382094E-13	-1.873828E-02	 8.765073E-14
0.98953	 1.344987E+03	-7.260548E-11	-9.339496E-10	 4.550744E+01	 1.065925E-09	 6.162748E-10	-1.881862E+03	-4.397807E-10	 7.031357E-10	 6.558437E+01	-8.814976E-10	-6.396007E-10	 1.115433E+03	 6.587620E-10	-4.880738E-10	-1.533973E+02	 5.186222E-10	 6.397041E-10	-6.372902E+02	-6.698053E-10	 4.073975E-10	 1.204404E+02	-3.996533E-10	-3.185889E-10	 3.174783E+02	 3.859733E-10	-3.262828E-10	-8.436286E+01	 3.638131E-10	-2.776718E-11	-1.435545E+02	-1.143193E-11	 3.338419E-10	 4.104318E+01	-3.166647E-10	 2.048080E-10	 4.764247E+01	-2.267513E-10	-4.951814E-10	-1.171968E+01	 4.148075E-10	-4.494281E-10	-4.196987E+00	 4.558138E-10	 5.036226E-10	-9.722142E+00	-4.748616E-10	 4.835164E-10	-1.463394E+01	-5.678055E-10	-5.865467E-10	 1.971052E+01	 5.063822E-10	-4.583892E-10	 1.896545E+01	 5.601988E-10	 5.807292E-10	-2.366988E+01	-5.304795E-10
0.99478	-2.249384E+05	 1.690134E-04	-1.703393E-03	-8.348316E+04	 1.762657E-03	-7.657129E-04	 4.244464E+05	 4.484123E-04	 1.435263E-03	 2.395881E+05	-1.605794E-03	 1.268530E-03	-3.495966E+05	-1.010869E-03	-9.911403E-04	-3.645996E+05	 1.252041E-03	-1.615826E-03	 2.318135E+05	 1.449401E-03	 4.254768E-04	 4.428955E+05	-7.447722E-04	 1.765030E-03	-8.305247E+04	-1.710248E-03	 1.923709E-04	-4.655917E+05	 1.461835E-04	-1.697858E-03	-7.951447E+04	 1.761435E-03	-7.866422E-04	 4.309479E+05	 4.703274E-04	 1.422549E-03	 2.354005E+05	-1.596686E-03	 1.284465E-03	-3.439648E+05	-1.029163E-03	-9.728521E-04	-3.640008E+05	 1.236196E-03	-1.624794E-03	 2.154450E+05	 1.461800E-03	 4.038947E-04	 4.480153E+05	-7.241522E-04	 1.765899E-03	-6.076990E+04	-1.715188E-03	 2.145776E-04	-4.762039E+05	 1.233214E-04	-1.690479E-03	-1.016625E+05	 1.758264E-03
1.00000	-1.836240E+04	-1.338110E-06	 3.690080E-06	 2.930120E+03	-2.988100E-06	-2.653717E-07	 3.131844E+04	 2.301731E-06	-2.734557E-06	 2.040675E+03	 1.064479E-06	 1.822315E-06	-4.202221E+03	-2.319280E-06	 5.111579E-07	-2.971135E+04	 1.151768E-06	-2.718054E-06	-2.763263E+04	 1.672480E-06	 1.966040E-06	 7.285763E+04	-2.813123E-06	 2.801694E-06	 3.587066E+04	-1.010589E-06	-3.686548E-06	-1.060712E+05	 3.632997E-06	-2.452327E-06	-9.101553E+03	 8.621198E-07	 4.228191E-06	 1.006031E+05	-3.900511E-06	 2.205977E-06	-3.709312E+04	-1.236410E-06	-3.892656E-06	-5.156871E+04	 4.072596E-06	-2.268193E-06	 7.052934E+04	 1.611485E-06	 3.353195E-06	-1.576627E+04	-4.302287E-06	 2.364619E-06	-6.892590E+04	-1.367079E-06	-3.056570E-06	 6.306765E+04	 4.266838E-06	-1.983572E-06	 3.624415E+04	 3.265115E-07	 2.886283E-06	-6.692775E+04	-3.443098E-06
