r	   0/   0	   0/   1	   1/  -1	   1/   0	   1/   1	   2/  -1	   2/   0	   2/   1	   3/  -1	   3/   0	   3/   1	   4/  -1	   4/   0	   4/   1	   5/  -1	   5/   0	   5/   1	   6/  -1	   6/   0	   6/   1	   7/  -1	   7/   0	   7/   1	   8/  -1	   8/   0	   8/   1	   9/  -1	   9/   0	   9/   1	  10/  -1	  10/   0	  10/   1	  11/  -1	  11/   0	  11/   1	  12/  -1	  12/   0	  12/   1	  13/  -1	  13/   0	  13/   1	  14/  -1	  14/   0	  14/   1	  15/  -1	  15/   0	  15/   1	  16/  -1	  16/   0	  16/   1	  17/  -1	  17/   0	  17/   1	  18/  -1	  18/   0	  18/   1	  19/  -1	  19/   0	  19/   1
0.10206	 4.699200E-01	 3.082013E-14	 4.848085E-14	-1.086054E-02	 5.986229E-14	 3.421053E-14	-1.637729E-01	-9.124999E-14	 4.029720E-14	-2.624775E-02	-4.420576E-14	 1.348694E-14	-3.639174E-03	 2.149610E-14	-1.605470E-14	-1.060800E-03	-2.425881E-14	 2.385876E-14	 3.296685E-04	 3.715688E-14	 4.867424E-14	-3.216511E-04	-2.078518E-14	 5.362732E-14	-1.941763E-04	 1.687023E-14	 3.313568E-14	 2.268659E-04	 5.773524E-15	-1.542352E-14	 5.565558E-06	-3.612279E-14	-3.235947E-14	-3.183132E-05	 2.403788E-14	 1.499014E-14	 3.717601E-05	-8.086739E-15	 2.787765E-14	 1.576500E-05	-4.249972E-14	 6.583657E-15	-4.336146E-05	-3.235122E-14	-4.520159E-14	-2.472262E-05	 1.686464E-14	 2.032361E-14	 5.841091E-06	-1.653837E-15	 2.514782E-14	 3.960798E-06	 1.106305E-14	 3.949565E-15	-1.430331E-06	 8.693599E-15	-4.221650E-15	 4.230185E-07	 2.663115E-15
0.14434	 4.549247E-01	 2.994485E-14	-8.590381E-14	-1.107062E-02	 9.651815E-14	 6.427646E-14	-1.619206E-01	-1.173725E-13	 6.197112E-14	-4.191072E-02	-4.275449E-14	 3.105081E-14	-7.693922E-03	 2.139268E-14	-4.264577E-14	-2.058805E-03	-4.507457E-14	-4.212173E-14	 7.250662E-04	-1.125851E-14	 4.771750E-14	 1.537321E-04	-7.124290E-14	 7.254127E-14	-1.251035E-03	 9.489034E-14	 1.371713E-15	 3.939202E-04	-1.369277E-14	 1.988618E-14	 7.639788E-04	-4.800104E-14	 2.688642E-14	-4.696554E-04	 5.062918E-14	 2.847075E-14	-2.179470E-04	 1.803967E-14	 1.959398E-15	 1.884836E-04	-4.324860E-15	 3.557875E-14	 9.219173E-05	-9.354715E-14	-8.838832E-14	-4.470653E-05	 6.298136E-14	-2.146761E-14	-3.455610E-05	 1.523791E-14	 1.380919E-14	-2.311035E-07	 1.809854E-14	 2.724882E-14	-5.628063E-07	 3.057674E-14	 7.994105E-15	-4.290940E-06	 2.008102E-14
0.17678	 4.584081E-01	-4.180137E-14	-1.867349E-13	-1.179617E-02	 9.945925E-14	-1.008491E-13	-1.632625E-01	 7.845614E-14	 5.554839E-15	-5.385268E-02	 9.812767E-14	 3.599556E-14	-1.218951E-02	-1.401115E-14	-4.123168E-14	-2.991607E-03	-4.914228E-14	-7.641761E-14	 1.813083E-04	-8.346585E-14	 2.399648E-15	 8.539107E-04	-2.941001E-14	 8.094430E-14	-1.028355E-03	 2.696807E-14	-6.893907E-14	-3.653928E-04	 3.908079E-14	-2.695425E-14	 8.593413E-04	 4.294047E-14	 9.788296E-14	 2.771649E-05	 5.483402E-14	 6.471976E-14	-4.079366E-04	-3.261332E-14	-2.001014E-14	-9.975395E-05	 1.508533E-15	-8.066903E-14	 1.542061E-04	-2.510766E-14	 1.679011E-14	 8.356640E-05	-2.170745E-14	 2.223632E-15	-9.735229E-06	 5.178058E-14	-6.565441E-15	-9.264359E-06	 2.149932E-14	-1.974984E-14	-7.069498E-07	-1.113375E-14	 2.852943E-14	-7.835116E-06	-1.625997E-14
0.20412	 4.626458E-01	 4.924288E-14	 3.642104E-14	-1.206817E-02	-1.924644E-14	-1.599149E-13	-1.646426E-01	 9.340934E-14	-1.178269E-13	-6.247844E-02	 1.553735E-13	-4.871130E-14	-1.624761E-02	-1.302746E-15	 9.096765E-16	-4.090190E-03	-7.944525E-15	 5.529732E-15	-6.676802E-04	-2.079300E-14	-4.185581E-14	 9.671271E-04	 4.423091E-14	 4.879340E-14	-1.146854E-04	-6.146593E-15	-5.443135E-14	-7.526453E-04	 6.124786E-14	 3.897585E-15	 1.825267E-04	 9.648189E-14	 5.133854E-14	 4.800844E-04	-4.346126E-14	 9.864286E-15	-5.422687E-05	-6.644380E-14	-2.224567E-14	-2.713312E-04	-5.492291E-14	-5.247813E-14	-2.644645E-05	 9.790814E-14	 2.912063E-14	 7.413000E-05	 2.828069E-14	 2.560268E-14	 2.529442E-05	-2.919865E-14	-1.470831E-14	 3.880986E-06	-3.469505E-14	-3.696405E-15	 1.002745E-05	-2.986070E-14	-1.368642E-15	 1.537391E-06	-1.051875E-14
0.22822	 4.647984E-01	 6.853809E-14	-2.821799E-13	-1.334288E-02	 3.210702E-13	-1.979843E-13	-1.647624E-01	 2.483650E-13	-1.116090E-13	-6.792424E-02	 6.418611E-14	-1.152874E-13	-1.924443E-02	 1.869841E-14	-3.247923E-14	-4.854137E-03	 9.557884E-14	 3.890119E-14	-1.297380E-03	 9.391145E-14	-9.753666E-14	 6.901364E-04	 1.912373E-14	-2.168348E-14	 4.477323E-04	 4.212145E-14	-5.881848E-14	-6.441498E-04	 2.130609E-14	 1.189872E-14	-2.358756E-04	 2.973474E-14	-1.197801E-14	 4.549266E-04	-3.781778E-14	-1.975299E-14	 1.577120E-04	 1.044750E-14	-3.009610E-14	-1.972379E-04	-5.999118E-14	 5.220371E-14	-9.409294E-05	 4.400453E-14	 6.235630E-14	 2.718250E-05	 6.143036E-14	-1.196091E-14	 2.131462E-05	 7.719352E-16	-5.943369E-14	 2.118364E-06	-3.651146E-14	-3.230505E-14	 9.285486E-06	-1.979539E-14	-1.127512E-14	 6.570003E-06	 2.555141E-14
0.25000	 4.642369E-01	 1.240803E-14	 1.401766E-13	-1.594936E-02	-4.911714E-14	-1.290644E-14	-1.635876E-01	 7.311258E-14	-4.088916E-14	-7.034410E-02	-5.885339E-14	-5.145281E-15	-2.096733E-02	-6.912031E-14	-4.128150E-14	-5.239364E-03	 7.275220E-14	 8.504623E-14	-1.645140E-03	 3.290212E-14	 2.316258E-14	 3.008238E-04	-1.054617E-13	-3.028774E-14	 7.291359E-04	-3.407333E-14	-6.392977E-14	-3.606694E-04	 5.555490E-14	 4.468045E-14	-4.606663E-04	-8.389340E-14	 7.697086E-15	 2.821996E-04	-9.856665E-15	 4.437848E-14	 2.635550E-04	 4.802010E-14	-4.823026E-14	-8.494993E-05	 2.004336E-14	 7.176409E-15	-1.147970E-04	-8.486258E-15	 2.655934E-14	-1.007298E-05	-3.815609E-14	 8.647263E-15	 1.875326E-05	-1.438299E-15	-2.479876E-14	 3.194177E-06	 3.082172E-14	-4.550408E-14	 3.827154E-06	 4.152996E-14	-1.681951E-14	 4.823641E-06	-1.205661E-14
0.27003	 4.612620E-01	 5.758506E-14	 1.925808E-13	-1.957999E-02	-1.334022E-14	 1.381300E-13	-1.615059E-01	-1.257003E-13	-5.131123E-14	-7.032923E-02	-6.685040E-14	 2.538184E-14	-2.147908E-02	-5.955360E-14	 1.880181E-14	-5.252997E-03	-1.210038E-14	-1.755425E-14	-1.746484E-03	 2.821395E-15	 1.234072E-13	-6.752889E-05	-1.810269E-13	 4.001258E-14	 8.031938E-04	-4.443032E-14	-1.127482E-13	-5.589635E-05	 9.567961E-14	 1.650510E-14	-5.134485E-04	-9.869324E-14	 1.167627E-13	 8.979991E-05	-4.132168E-14	 1.202399E-13	 2.622613E-04	-4.872261E-14	-3.094603E-14	 1.320105E-05	 3.149166E-14	-5.978338E-14	-8.810823E-05	 8.088783E-14	-6.125389E-14	-3.281828E-05	 1.816913E-14	 1.663012E-15	 6.323664E-06	 7.428801E-15	-1.070494E-14	 2.422640E-06	 2.979440E-14	-1.326878E-14	 1.938682E-06	 1.067879E-15	-1.433051E-14	 3.427289E-06	-6.099931E-15
0.28868	 4.565969E-01	-1.137869E-13	 5.697657E-13	-2.360915E-02	-5.477918E-13	 7.448505E-13	-1.589654E-01	-5.417675E-13	 3.354072E-13	-6.867085E-02	-3.116839E-13	 1.358917E-13	-2.108852E-02	-2.337135E-14	 5.163082E-14	-5.002101E-03	-3.717748E-14	-7.232283E-14	-1.675395E-03	-2.775431E-14	-7.564796E-15	-3.477112E-04	-7.710292E-14	 7.115543E-15	 7.523380E-04	 1.430804E-14	-3.472414E-14	 1.873427E-04	 1.209021E-13	-8.604845E-14	-4.589956E-04	 9.575514E-14	 5.338545E-14	-5.299047E-05	-8.141636E-15	 1.019964E-13	 2.043972E-04	-9.769085E-14	-1.262247E-14	 6.883515E-05	-4.767289E-14	-1.700787E-15	-4.722382E-05	 7.122453E-15	-4.971914E-15	-3.560887E-05	 8.905822E-14	 1.735059E-14	-4.029781E-06	 3.988474E-14	 2.351953E-14	-1.231254E-06	-2.198495E-14	-1.254594E-14	-4.850867E-07	-3.613162E-14	-1.277432E-14	 1.748302E-06	-1.264407E-14
0.30619	 4.509493E-01	-1.409106E-13	-1.589264E-14	-2.747441E-02	-2.003383E-13	 2.075501E-13	-1.563045E-01	-1.135498E-13	 1.432017E-13	-6.606424E-02	-5.462134E-14	 1.140815E-13	-2.014237E-02	 8.613922E-15	 9.230462E-14	-4.614546E-03	-3.566284E-14	 9.656322E-14	-1.511823E-03	-1.032034E-13	-5.619143E-14	-5.249950E-04	-4.051947E-14	-9.711745E-14	 6.468425E-04	 1.075258E-14	-4.181512E-14	 3.486234E-04	 1.025551E-13	-4.193004E-14	-3.592042E-04	 1.003285E-13	 2.278896E-14	-1.342119E-04	 6.884433E-14	 6.204776E-14	 1.339619E-04	 1.561326E-14	 5.186147E-14	 8.787875E-05	-1.030923E-13	-5.920364E-14	-1.252993E-05	-3.751406E-14	-2.486312E-15	-2.773911E-05	 4.132778E-15	-3.399386E-15	-8.833788E-06	 1.726892E-14	-7.581174E-14	-4.448779E-06	 5.340798E-15	-4.275355E-14	-2.873060E-06	 4.497369E-14	 4.840091E-14	-2.803110E-07	 6.710227E-15
0.32275	 4.448048E-01	 2.459376E-14	-4.381738E-13	-3.089253E-02	 4.500298E-13	-3.375204E-13	-1.537310E-01	 3.316644E-13	-2.793331E-13	-6.295200E-02	 1.544225E-13	-7.007195E-14	-1.887580E-02	-6.033421E-15	 8.798339E-14	-4.168225E-03	-1.069132E-13	 7.582831E-14	-1.307271E-03	-2.245393E-14	 5.580164E-14	-6.088358E-04	 7.377445E-14	-7.523266E-14	 5.332582E-04	-5.810513E-14	-6.811809E-14	 4.392859E-04	-5.352828E-14	 5.302513E-14	-2.534590E-04	-9.965691E-14	 9.812728E-15	-1.671437E-04	 6.393462E-14	 1.918068E-14	 7.388853E-05	 4.254607E-14	 8.912394E-14	 8.556753E-05	 3.574784E-14	-1.781305E-14	 9.955980E-06	-7.692095E-15	-2.493117E-14	-1.767473E-05	-6.667246E-14	-5.764288E-14	-9.659386E-06	 1.302842E-14	-6.349126E-14	-6.020279E-06	 1.002432E-13	-6.644334E-14	-4.369202E-06	 7.119718E-14	-3.829129E-14	-2.056640E-06	 6.191163E-15
0.33850	 4.385201E-01	 4.793319E-14	-2.332971E-13	-3.369687E-02	 3.059556E-13	-3.935938E-13	-1.513730E-01	 3.803979E-13	-2.842730E-13	-5.965644E-02	 1.290321E-13	-3.023001E-14	-1.746413E-02	-4.797499E-14	-2.911644E-14	-3.711628E-03	-2.875744E-14	 1.155747E-14	-1.090197E-03	 5.183943E-14	 9.656771E-15	-6.153264E-04	 7.448391E-14	-1.863299E-14	 4.364447E-04	-1.589345E-13	-2.136513E-14	 4.782008E-04	-1.103763E-13	 7.386329E-14	-1.606611E-04	-2.525111E-14	 7.552108E-15	-1.689009E-04	-1.017565E-13	-6.338661E-14	 3.149306E-05	 2.633085E-14	 4.220995E-14	 7.428476E-05	 6.837500E-14	 2.427394E-14	 2.144168E-05	-2.430592E-14	 5.611895E-14	-9.812196E-06	-6.089439E-14	 8.485835E-15	-8.952968E-06	-5.237517E-14	-3.350973E-14	-6.244697E-06	 2.163841E-14	-8.702467E-15	-4.753154E-06	 1.817292E-14	-2.097139E-15	-3.154245E-06	 3.506742E-14
0.35355	 4.324571E-01	 8.222027E-14	-9.148038E-14	-3.564724E-02	 9.211907E-14	-1.361886E-13	-1.493243E-01	 1.269777E-13	-1.292732E-13	-5.653538E-02	 9.383795E-14	-6.049343E-14	-1.610896E-02	-1.178291E-14	-6.389376E-14	-3.304649E-03	 4.444944E-14	-2.254609E-14	-8.850887E-04	 3.831260E-14	 1.501989E-14	-5.633978E-04	-1.784845E-14	-1.257730E-13	 3.653970E-04	-5.398177E-14	 1.635036E-14	 4.812152E-04	-3.530882E-14	-7.503238E-15	-8.643558E-05	 4.641183E-14	-6.553919E-14	-1.519715E-04	-4.464972E-14	-2.984976E-14	 5.979186E-06	 4.865193E-14	-6.697376E-14	 6.049905E-05	-3.648219E-14	 5.172403E-15	 2.496862E-05	-8.614438E-14	 4.346974E-14	-5.052712E-06	-2.496144E-14	-2.287762E-14	-8.087912E-06	 1.798437E-14	-3.570565E-15	-5.860994E-06	-3.565728E-14	-1.564639E-15	-4.371180E-06	 2.323599E-15	 3.212955E-14	-3.528791E-06	 5.056313E-15
0.36799	 4.268954E-01	 1.731282E-13	 1.426020E-13	-3.654217E-02	-6.694889E-14	 1.434899E-13	-1.476244E-01	-3.491580E-14	 4.452695E-14	-5.389914E-02	-4.749238E-14	-1.072077E-13	-1.498755E-02	-6.641754E-14	-9.500167E-14	-3.000729E-03	 2.139986E-14	-4.743155E-14	-7.110186E-04	-2.469292E-14	-7.794518E-15	-4.724538E-04	 3.634823E-14	-1.069690E-13	 3.196889E-04	 6.639376E-14	-4.383903E-14	 4.605145E-04	 8.411168E-15	 2.519646E-14	-2.946167E-05	 2.605531E-14	-6.183295E-14	-1.240684E-04	 4.479316E-14	 5.525601E-14	-6.466177E-06	 4.891354E-15	 1.501033E-14	 4.652653E-05	-7.718401E-14	-9.803515E-15	 2.313147E-05	-4.385607E-14	-4.631156E-14	-2.669610E-06	 3.288694E-14	-1.922567E-14	-7.270582E-06	 3.702699E-14	-4.818752E-14	-5.328935E-06	 2.245297E-14	 2.180949E-14	-3.718073E-06	-1.453561E-14	 2.244553E-14	-3.426881E-06	-3.689802E-16
0.38188	 4.219238E-01	 1.026880E-13	 2.409904E-13	-3.640262E-02	-1.837301E-13	 1.933414E-13	-1.462529E-01	-1.592040E-13	 1.054350E-13	-5.186219E-02	-6.947570E-14	 8.313236E-16	-1.416294E-02	-7.168628E-14	-4.691483E-14	-2.810163E-03	-2.100707E-14	-1.325060E-14	-5.713462E-04	-4.241325E-14	-3.854948E-14	-3.585962E-04	-1.280615E-14	-1.991059E-14	 2.952056E-04	 3.993868E-14	-6.760565E-14	 4.265154E-04	 3.540753E-14	 3.938240E-15	 1.396813E-05	 9.077553E-14	-3.961786E-14	-9.057774E-05	 6.960382E-14	 3.798827E-14	-9.975779E-06	 8.596224E-15	-1.066843E-16	 3.328718E-05	-4.204177E-14	 4.107675E-14	 1.790174E-05	 2.105619E-14	 6.223257E-15	-1.856149E-06	 7.624318E-15	-7.080244E-15	-6.373021E-06	 1.444645E-14	 4.245094E-14	-4.754622E-06	-1.490037E-14	 3.101398E-14	-3.089878E-06	 5.691795E-14	-1.110089E-14	-3.140261E-06	 4.410449E-15
0.39528	 4.174701E-01	-6.445194E-14	-2.356373E-13	-3.544396E-02	 2.376703E-13	 7.337171E-14	-1.451503E-01	-7.734705E-14	 1.747499E-14	-5.035433E-02	 5.785377E-14	 2.915965E-14	-1.359292E-02	-4.640462E-14	-5.546681E-15	-2.705074E-03	 2.853592E-14	-2.545440E-14	-4.571218E-04	 2.888924E-14	 6.880914E-14	-2.339555E-04	-1.605328E-13	 5.482052E-14	 2.872918E-04	-3.957780E-14	 1.118726E-14	 3.882226E-04	-3.400012E-14	-7.698218E-15	 4.749700E-05	 6.022826E-14	-9.042590E-14	-5.587452E-05	 1.218621E-13	-2.450572E-15	-7.953165E-06	-1.098370E-14	-5.975522E-14	 2.161711E-05	 3.532720E-14	-1.527177E-14	 1.092404E-05	 6.659317E-14	 3.596434E-14	-2.207548E-06	 2.112291E-14	 7.789869E-14	-5.483776E-06	-2.962215E-14	 5.734454E-14	-4.138093E-06	-9.109952E-15	 1.783634E-14	-2.546297E-06	-5.136714E-14	-3.249475E-15	-2.842075E-06	-1.549859E-15
0.40825	 4.133824E-01	-2.577144E-14	 4.281882E-13	-3.397303E-02	-4.430229E-13	 7.607525E-14	-1.442523E-01	-8.501137E-14	 5.907638E-14	-4.920165E-02	-8.200657E-14	 1.351299E-13	-1.317304E-02	-1.710780E-13	-2.571450E-14	-2.636018E-03	 6.344149E-14	-2.926670E-14	-3.528129E-04	 6.067160E-14	 1.025613E-13	-1.063189E-04	-8.592857E-14	 2.281197E-14	 2.920946E-04	-5.541403E-14	 1.253255E-13	 3.524971E-04	-4.171333E-14	 1.416463E-13	 7.393407E-05	-9.957240E-14	-7.893903E-14	-2.328938E-05	 4.651067E-14	-2.285171E-14	-2.943717E-06	-1.059669E-13	 3.004840E-14	 1.217848E-05	 1.300036E-14	-3.885205E-15	 3.570651E-06	 2.128417E-14	-2.535096E-14	-3.474979E-06	 5.929794E-14	 9.262473E-15	-4.861293E-06	-1.519792E-14	 2.459207E-14	-3.563783E-06	-1.253765E-14	-1.088111E-15	-2.079718E-06	-7.392177E-15	-8.950329E-15	-2.590859E-06	 1.890629E-14
0.42081	 4.095374E-01	-9.736921E-14	-5.240038E-13	-3.223136E-02	 4.849118E-13	-4.674204E-13	-1.435102E-01	 4.024830E-13	-1.413247E-13	-4.825534E-02	 5.740594E-14	 1.056404E-13	-1.281386E-02	-9.406760E-15	-1.769957E-14	-2.563264E-03	 4.766053E-14	 6.292920E-14	-2.466199E-04	 1.028064E-13	 7.434444E-15	 1.900905E-05	 2.558225E-14	-9.850959E-14	 3.064800E-04	 1.025900E-13	 4.005965E-14	 3.235406E-04	 2.355007E-14	 8.672698E-14	 9.530012E-05	-7.135638E-14	 3.429347E-14	 5.171412E-06	-4.466404E-14	-4.870426E-14	 3.304560E-06	-3.481409E-14	 9.995455E-14	 5.243376E-06	-5.935743E-14	 1.654148E-14	-3.174428E-06	 2.284593E-14	-5.330568E-16	-5.406519E-06	 1.952795E-14	-4.977469E-14	-4.751893E-06	 3.973980E-14	-8.081928E-14	-3.189699E-06	 1.148378E-14	-2.952610E-14	-1.703329E-06	 2.998299E-14	 4.368240E-15	-2.387776E-06	 1.148586E-14
0.43301	 4.058833E-01	-1.560897E-13	-5.294420E-13	-3.032810E-02	 3.103152E-13	-3.046174E-13	-1.428847E-01	 2.396214E-13	-7.771586E-14	-4.744830E-02	 9.327611E-14	-1.320597E-17	-1.248517E-02	 7.863268E-14	 1.720980E-15	-2.476939E-03	-1.375302E-14	 5.453529E-15	-1.373222E-04	 9.805417E-14	-1.814708E-14	 1.370490E-04	 9.622374E-14	-1.279456E-13	 3.275320E-04	 1.634019E-13	 2.940970E-14	 3.031722E-04	 3.416692E-14	 2.538789E-14	 1.132374E-04	-3.916914E-14	 8.361645E-15	 2.895017E-05	-3.719854E-14	 1.896203E-14	 9.711816E-06	-4.156923E-14	 1.466381E-15	 5.809876E-07	 5.573586E-14	-5.213265E-14	-8.811675E-06	 1.076215E-13	-9.517009E-14	-7.694438E-06	 5.772613E-14	-7.321451E-14	-5.233512E-06	 1.679656E-14	 3.830851E-14	-3.154955E-06	-5.681703E-14	 5.247704E-14	-1.464897E-06	-8.914715E-14	 2.935052E-14	-2.227531E-06	-2.642832E-14
0.44488	 4.024000E-01	 1.400324E-14	-2.130841E-13	-2.831360E-02	 9.917889E-14	 1.824659E-13	-1.423411E-01	-1.680502E-13	 2.203446E-13	-4.674579E-02	 1.452365E-14	-3.862835E-14	-1.218493E-02	-9.710501E-14	-6.375625E-15	-2.382836E-03	-8.420130E-14	-7.344937E-14	-2.902420E-05	-6.292012E-14	 1.890729E-14	 2.438399E-04	 4.817090E-15	 2.630566E-14	 3.527973E-04	-2.825209E-14	 2.078050E-14	 2.917447E-04	-2.849317E-14	 4.801997E-14	 1.291355E-04	-1.341702E-14	 2.477248E-14	 4.844603E-05	-5.056598E-14	 9.543043E-14	 1.571043E-05	-3.935522E-14	-6.531083E-14	-2.328900E-06	 6.258303E-14	-2.350759E-14	-1.326158E-05	 6.090886E-14	-3.530761E-14	-1.006152E-05	-8.331759E-15	 1.747703E-14	-6.211208E-06	-5.186131E-14	 2.829130E-14	-3.499481E-06	-4.778850E-14	 5.645016E-15	-1.410910E-06	 2.690863E-14	-2.190013E-14	-2.124580E-06	 3.687486E-14
0.45644	 3.990471E-01	-7.006114E-15	 1.038724E-12	-2.626513E-02	-1.239959E-12	 4.147674E-13	-1.418539E-01	-3.787799E-13	 1.431396E-13	-4.608880E-02	 4.389554E-14	-1.411070E-14	-1.189143E-02	-2.253323E-14	 5.108483E-14	-2.277900E-03	-3.041940E-14	-2.134955E-14	 7.789850E-05	 4.110582E-14	 1.146970E-13	 3.381800E-04	-1.642449E-14	 6.324949E-14	 3.806652E-04	-9.124022E-14	-1.061267E-14	 2.888478E-04	-9.700556E-14	-2.845348E-14	 1.439824E-04	-2.393523E-14	 1.312836E-13	 6.428709E-05	-6.002880E-14	 7.943047E-15	 2.103316E-05	 3.655588E-14	 8.961820E-14	-3.975318E-06	-7.216258E-15	 3.935291E-14	-1.665618E-05	-4.590450E-14	 2.412551E-14	-1.236914E-05	-4.687502E-14	-6.527455E-15	-7.553922E-06	-5.158656E-14	-7.203169E-14	-4.174919E-06	 2.932091E-15	-4.422360E-14	-1.545206E-06	 6.653303E-14	-3.793500E-14	-2.097210E-06	 5.367886E-14
0.46771	 3.957418E-01	 5.314609E-14	-1.441954E-12	-2.432147E-02	 1.568277E-12	-6.489711E-13	-1.414058E-01	 6.122027E-13	-4.611791E-13	-4.537074E-02	 2.754080E-13	-2.385843E-13	-1.154260E-02	 1.048112E-13	-1.407356E-13	-2.139052E-03	 1.113703E-13	-7.089661E-14	 1.910896E-04	 1.764172E-13	-2.677252E-14	 4.223794E-04	 1.001250E-13	-3.501086E-14	 4.104601E-04	 5.262526E-14	 1.685522E-14	 2.935434E-04	-9.123824E-14	-5.958114E-14	 1.581942E-04	 9.315527E-15	 5.333614E-14	 7.690926E-05	-5.711048E-14	-5.345432E-14	 2.554515E-05	 2.263465E-14	 1.213213E-13	-4.686300E-06	 1.548181E-14	 8.149112E-14	-1.915835E-05	-2.982266E-14	-2.282675E-14	-1.460257E-05	-3.617592E-14	-4.881384E-14	-9.193235E-06	 8.915375E-15	 7.005304E-14	-5.120050E-06	 1.730180E-14	 2.640945E-14	-1.842153E-06	-6.583033E-14	 5.776882E-14	-2.150726E-06	-9.163536E-14
0.47871	 3.924238E-01	 3.167852E-14	 1.460775E-12	-2.258083E-02	-1.205235E-12	 6.935009E-13	-1.409886E-01	-5.897929E-13	 2.827942E-13	-4.451455E-02	-2.735722E-13	 3.499652E-14	-1.108983E-02	-1.449277E-13	-1.194794E-13	-1.946887E-03	-2.167188E-14	-1.357582E-14	 3.178442E-04	-5.536162E-15	-1.191226E-13	 4.996009E-04	 1.205656E-13	-8.723892E-14	 4.417554E-04	 9.710920E-14	-1.217040E-13	 3.043897E-04	 3.805685E-14	 6.478988E-15	 1.718050E-04	-3.405214E-14	-6.330266E-14	 8.666962E-05	 1.244663E-15	 3.200523E-14	 2.925372E-05	-9.658662E-14	 4.821994E-14	-4.638454E-06	-9.042736E-14	-1.977331E-14	-2.091514E-05	-1.140326E-14	-1.896975E-14	-1.682387E-05	 2.912099E-14	 7.339663E-14	-1.113911E-05	 1.912257E-14	 4.674507E-14	-6.305729E-06	 3.560390E-14	 1.929669E-14	-2.269682E-06	 3.182263E-14	-2.430254E-14	-2.273536E-06	-1.009969E-14
0.48947	 3.891114E-01	-7.943836E-14	-5.338026E-13	-2.100900E-02	 4.191669E-13	 9.128356E-14	-1.405996E-01	-1.122041E-13	 2.926803E-13	-4.354515E-02	-2.480999E-14	 9.835081E-14	-1.054955E-02	-1.164638E-14	-7.195080E-14	-1.708596E-03	-3.185653E-15	 4.403825E-14	 4.571466E-04	-3.587418E-15	-1.030252E-14	 5.715552E-04	 8.056255E-14	-1.489284E-14	 4.738968E-04	 1.584865E-13	-1.235800E-13	 3.195589E-04	 1.055870E-13	 1.608152E-14	 1.848829E-04	 5.319091E-14	-3.552815E-14	 9.426460E-05	 7.235957E-14	 6.577196E-14	 3.237868E-05	-6.132028E-14	-2.308778E-14	-4.014374E-06	-1.061295E-13	-5.268665E-14	-2.212568E-05	-8.747344E-15	-2.243418E-14	-1.908583E-05	-2.423400E-14	-1.976777E-14	-1.339598E-05	-2.289509E-14	-1.516664E-14	-7.729819E-06	 1.140286E-14	 6.284578E-14	-2.816924E-06	 4.428719E-14	 4.923872E-14	-2.450406E-06	 1.614017E-14
0.50000	 3.859056E-01	 1.252452E-13	 3.916775E-13	-1.943912E-02	-3.162105E-13	 3.413039E-14	-1.402453E-01	-1.289002E-13	-1.987324E-14	-4.259668E-02	-5.357646E-14	-1.215732E-13	-1.000499E-02	-6.581968E-14	 5.114381E-14	-1.457676E-03	-1.209994E-13	-9.739942E-15	 5.999932E-04	-1.088723E-13	 6.496816E-14	 6.384453E-04	-5.423509E-14	-3.842727E-14	 5.060663E-04	 1.487127E-13	 6.760780E-14	 3.371008E-04	 2.000964E-14	-3.835183E-15	 1.977680E-04	 1.411073E-13	 8.461032E-14	 1.008920E-04	 4.829754E-14	-7.889307E-14	 3.534097E-05	 4.206377E-14	-7.009648E-14	-3.092381E-06	 3.822490E-14	-4.732458E-14	-2.308463E-05	 2.534453E-15	-1.672707E-14	-2.139853E-05	-5.993874E-14	-5.429346E-14	-1.590231E-05	-5.047344E-14	 3.802978E-14	-9.386558E-06	 1.498037E-14	 8.455368E-14	-3.495947E-06	 4.638847E-15	 6.437587E-14	-2.673602E-06	 1.918396E-14
0.51031	 3.829326E-01	 1.843241E-13	-4.037325E-13	-1.765772E-02	 7.446579E-13	-4.160710E-13	-1.399301E-01	 5.388770E-13	-4.149039E-13	-4.184726E-02	 2.522584E-13	-2.516127E-13	-9.566732E-03	 5.018694E-14	 6.474299E-14	-1.237970E-03	-1.160012E-13	-3.451644E-14	 7.344396E-04	-5.334821E-14	 2.035587E-14	 6.999085E-04	-1.286887E-13	 6.524013E-14	 5.376347E-04	-8.018703E-14	 1.196746E-13	 3.553894E-04	-7.921180E-14	 8.930817E-14	 2.111035E-04	-1.519228E-14	-6.266157E-15	 1.080616E-04	-3.344672E-14	-6.003389E-14	 3.866688E-05	 6.279194E-14	-6.545778E-14	-2.192960E-06	 6.463533E-14	-9.198075E-14	-2.412297E-05	-5.148909E-15	-7.318366E-14	-2.373962E-05	 9.537937E-15	 1.029057E-13	-1.854342E-05	 1.507550E-14	 6.888479E-14	-1.125518E-05	 4.890567E-15	-4.166609E-14	-4.330358E-06	 3.642965E-14	-5.075856E-14	-2.945386E-06	-1.929997E-14
0.52042	 3.802810E-01	-1.517374E-13	 6.599892E-13	-1.551347E-02	-7.924727E-13	 3.656348E-13	-1.396556E-01	-3.576611E-13	 2.425843E-13	-4.143279E-02	-1.484469E-13	 1.954078E-13	-9.316531E-03	-7.538938E-14	 4.909481E-14	-1.080911E-03	 9.817122E-14	-5.580817E-14	 8.523985E-04	 2.214938E-13	-7.944594E-14	 7.561065E-04	-2.975131E-14	 1.033127E-13	 5.683660E-04	 4.897151E-16	 1.772228E-14	 3.733704E-04	-2.651274E-14	 8.538131E-14	 2.255354E-04	-4.809066E-14	 4.246632E-14	 1.170717E-04	-4.962749E-14	-1.541402E-14	 4.280770E-05	 7.128630E-14	-1.966774E-14	-1.549740E-06	-5.883050E-14	-6.607581E-14	-2.549630E-05	-5.696914E-14	-3.925448E-14	-2.609183E-05	 4.112336E-14	-6.388197E-15	-2.121129E-05	 3.272068E-14	 3.784298E-15	-1.330412E-05	 6.878565E-15	-4.049723E-14	-5.337705E-06	-6.120878E-14	-4.340246E-14	-3.274539E-06	-1.151549E-15
0.53033	 3.779490E-01	-8.021310E-14	-1.258408E-12	-1.300659E-02	 1.055667E-12	-3.943735E-13	-1.394205E-01	 3.454137E-13	 2.477492E-14	-4.137211E-02	 1.357197E-13	 6.184639E-14	-9.259401E-03	 6.805243E-14	 5.393373E-15	-9.864453E-04	 5.083564E-14	-3.640935E-14	 9.553186E-04	 7.037209E-14	-5.168660E-14	 8.086888E-04	 1.028483E-13	-2.134565E-14	 5.984649E-04	 1.311500E-13	-7.839290E-14	 3.905225E-04	 1.018922E-13	 2.264220E-14	 2.412879E-04	-1.339397E-14	 1.581536E-14	 1.284674E-04	 1.068048E-14	 2.294872E-14	 4.794927E-05	-2.483498E-14	-6.740113E-15	-1.223271E-06	-1.264733E-13	 4.390141E-14	-2.730204E-05	-3.740580E-14	 6.737205E-14	-2.847344E-05	 4.476986E-14	 1.971705E-14	-2.386187E-05	 5.004438E-14	-7.172062E-14	-1.550550E-05	-1.670540E-14	-4.398612E-14	-6.519444E-06	-1.192186E-14	-2.100370E-14	-3.670107E-06	 2.033019E-14
0.54006	 3.758697E-01	 1.478011E-14	 7.038731E-13	-1.026023E-02	-7.726747E-13	 1.683639E-13	-1.392213E-01	-1.553477E-13	 2.531228E-14	-4.157760E-02	-1.177083E-13	 7.131375E-14	-9.341827E-03	-3.941587E-14	-1.728788E-14	-9.339965E-04	-1.225709E-13	 9.707895E-14	 1.050029E-03	-7.207104E-14	 1.343735E-13	 8.596510E-04	-7.119555E-14	 1.286090E-13	 6.283678E-04	-1.071226E-13	 2.875391E-14	 4.068592E-04	 7.404750E-14	 1.146522E-14	 2.581350E-04	 2.022341E-14	-3.297193E-14	 1.419651E-04	 1.068814E-13	-1.150334E-14	 5.402502E-05	 1.520334E-14	-8.625055E-15	-1.054647E-06	-3.656225E-14	 1.019300E-14	-2.945123E-05	 3.565593E-15	 3.447916E-14	-3.094774E-05	-1.918753E-14	 8.328237E-14	-2.654873E-05	-7.534539E-14	 6.510243E-14	-1.785770E-05	-4.258865E-14	 7.727989E-15	-7.865425E-06	 2.256258E-14	-7.173430E-14	-4.138078E-06	 5.921310E-14
0.54962	 3.739928E-01	-2.027917E-14	-2.787335E-14	-7.370137E-03	 3.852276E-14	-7.428505E-13	-1.390400E-01	 6.392920E-13	-4.010769E-13	-4.196307E-02	 1.621741E-13	-8.403816E-14	-9.534062E-03	 7.239169E-14	-2.854816E-14	-9.206168E-04	 1.491110E-13	 1.027073E-13	 1.135360E-03	-2.617412E-15	 8.415494E-14	 9.080583E-04	-3.934316E-14	 5.566966E-14	 6.582624E-04	-9.891008E-14	 6.030891E-14	 4.231032E-04	-7.807666E-14	 4.586373E-14	 2.760553E-04	-4.648134E-14	 1.220185E-13	 1.571191E-04	-1.994576E-14	 9.711469E-14	 6.103304E-05	 2.387363E-14	-4.931870E-14	-6.575481E-07	 8.525998E-14	-9.370818E-14	-3.171483E-05	 6.589604E-14	-3.052152E-14	-3.360696E-05	-3.417892E-14	 4.776479E-14	-2.940043E-05	-3.793414E-14	 1.001540E-13	-2.038811E-05	-4.393834E-14	 3.624656E-14	-9.362555E-06	-2.073898E-14	 6.717550E-14	-4.683915E-06	-1.131579E-14
0.55902	 3.722311E-01	-1.141156E-13	-1.171729E-12	-4.489562E-03	 1.118724E-12	-6.308389E-13	-1.388615E-01	 5.241792E-13	-4.135066E-13	-4.239344E-02	 2.865226E-13	-2.211429E-13	-9.771473E-03	 2.387706E-13	-5.198660E-14	-9.288462E-04	 2.508158E-13	-7.068458E-16	 1.214192E-03	 6.596065E-14	 5.290278E-15	 9.534823E-04	 9.787555E-14	-8.266960E-14	 6.883146E-04	 2.724770E-14	-8.625936E-14	 4.399410E-04	-2.147719E-14	-7.790796E-14	 2.947999E-04	 8.608547E-15	 7.828875E-14	 1.731994E-04	-1.175265E-13	 3.645363E-14	 6.882072E-05	-3.981290E-14	 3.800383E-14	 2.627863E-07	-3.206170E-14	 3.648478E-14	-3.389023E-05	 4.977509E-14	 3.509451E-14	-3.651215E-05	 9.219629E-14	 4.226737E-15	-3.251151E-05	 3.696904E-16	-1.329100E-15	-2.310859E-05	-5.446302E-14	 3.102043E-14	-1.099695E-05	-3.669873E-14	 3.957544E-14	-5.315316E-06	-5.099968E-14
0.56826	 3.704343E-01	 2.700056E-13	 1.510343E-12	-1.868579E-03	-1.011352E-12	 1.038598E-12	-1.386874E-01	-9.625628E-13	 3.053391E-13	-4.266770E-02	-6.089650E-13	-1.276363E-14	-9.920258E-03	-2.962027E-13	-2.853816E-14	-9.046506E-04	-1.922181E-13	-3.200203E-14	 1.302579E-03	-6.563176E-15	 1.449851E-14	 9.987271E-04	 2.634240E-14	-5.016638E-14	 7.187654E-04	 9.390066E-14	-6.418415E-14	 4.573331E-04	 6.260136E-14	-3.603862E-14	 3.133722E-04	 6.288557E-15	-1.413473E-13	 1.888620E-04	 7.181721E-14	-8.017956E-14	 7.684094E-05	-2.868425E-14	 7.813306E-14	 1.790734E-06	-4.934465E-15	 2.235065E-14	-3.584003E-05	 8.758544E-14	-9.720210E-15	-3.970858E-05	 8.415026E-15	-3.752761E-15	-3.595713E-05	-4.824422E-15	 6.873317E-14	-2.601755E-05	-2.710566E-14	 9.223982E-14	-1.274170E-05	-2.950147E-14	 2.680569E-14	-6.026733E-06	-1.696770E-14
0.57735	 3.685284E-01	 3.458413E-13	 7.327559E-13	 3.836870E-04	-8.053728E-14	 7.504645E-13	-1.385151E-01	-5.360152E-13	 2.873133E-13	-4.269143E-02	-5.345594E-13	 1.155709E-14	-9.916379E-03	-4.241453E-13	 6.851642E-14	-8.216867E-04	-3.445335E-13	-4.442491E-14	 1.408290E-03	-4.670286E-14	 5.257340E-15	 1.044999E-03	-5.021130E-14	-5.077387E-14	 7.496142E-04	 1.237469E-13	 4.866729E-14	 4.751558E-04	-1.147142E-14	 6.267606E-14	 3.311072E-04	-1.497617E-13	-3.662740E-14	 2.031762E-04	 6.109682E-16	-1.605673E-14	 8.473529E-05	-3.725610E-14	-2.019994E-14	 4.054134E-06	 5.835779E-14	-1.899650E-14	-3.740138E-05	 2.040981E-14	-8.983825E-14	-4.323033E-05	 3.317707E-14	-6.751359E-14	-3.985451E-05	 2.980216E-14	 8.400880E-15	-2.916819E-05	 4.213200E-14	 8.973412E-14	-1.459119E-05	-3.845326E-14	 9.448247E-14	-6.804970E-06	-5.761071E-14
0.58630	 3.665735E-01	-1.136015E-13	 4.390553E-13	 2.383967E-03	-5.846873E-13	 3.000448E-13	-1.383376E-01	-2.022586E-13	 1.680666E-13	-4.254247E-02	-3.820559E-14	 8.766257E-14	-9.819009E-03	-2.816617E-14	 5.877138E-15	-7.062816E-04	 5.930443E-14	 9.195251E-14	 1.522620E-03	 5.900436E-14	 9.350997E-14	 1.090322E-03	-3.740858E-14	-1.918949E-14	 7.806914E-04	-2.073443E-14	 3.397985E-14	 4.935503E-04	-2.564763E-14	-5.483204E-14	 3.483065E-04	-5.238446E-14	 2.526828E-14	 2.163563E-04	-1.264478E-14	 2.449986E-14	 9.268518E-05	-4.170170E-14	 3.266655E-15	 7.207311E-06	 3.925080E-14	-3.547268E-14	-3.844598E-05	-4.627568E-14	-5.382415E-14	-4.703879E-05	-1.253443E-14	-5.461098E-14	-4.427327E-05	 6.322421E-14	-6.081940E-14	-3.265443E-05	 4.924705E-14	-6.705645E-14	-1.659889E-05	 1.677596E-14	-2.489347E-14	-7.661773E-06	 3.253092E-14
0.59512	 3.646582E-01	-3.003264E-13	-1.474999E-12	 4.293856E-03	 1.117049E-12	-7.439515E-13	-1.381601E-01	 7.290611E-13	-1.843022E-13	-4.234625E-02	 2.743047E-13	-3.105116E-14	-9.706202E-03	 1.898967E-13	-8.181261E-14	-5.879437E-04	 2.281595E-13	 1.056754E-14	 1.637374E-03	 1.283546E-13	 8.701066E-14	 1.133546E-03	-2.114215E-14	 4.941145E-14	 8.118791E-04	-5.955978E-14	 7.929465E-14	 5.123330E-04	 4.630152E-16	 7.804737E-14	 3.654649E-04	 2.024330E-14	-1.741687E-14	 2.291084E-04	 5.986812E-14	 1.451991E-14	 1.009891E-04	 6.361588E-14	-2.288758E-14	 1.119940E-05	 3.925427E-14	-1.893750E-14	-3.898457E-05	-1.819455E-14	 3.492978E-14	-5.102392E-05	-5.202387E-14	-2.330499E-14	-4.916600E-05	-8.335623E-14	-9.060422E-14	-3.653997E-05	 1.292051E-14	-9.979204E-14	-1.884623E-05	 4.837774E-14	-1.065898E-13	-8.632318E-06	 6.527966E-14
0.60381	 3.628337E-01	 1.782036E-13	 1.024004E-12	 6.219529E-03	-7.202826E-13	 6.506306E-13	-1.379907E-01	-6.243771E-13	 4.224182E-13	-4.219646E-02	-6.071347E-13	 2.686616E-13	-9.622148E-03	-4.293770E-13	 1.352607E-13	-4.781424E-04	-2.353759E-13	-1.586872E-14	 1.750958E-03	-1.512762E-13	-8.674116E-15	 1.175216E-03	-1.044274E-13	-2.080612E-15	 8.430378E-04	-5.190053E-14	 1.007462E-13	 5.309095E-04	-8.471322E-14	 7.137277E-14	 3.828530E-04	-2.576629E-14	 7.494288E-14	 2.420810E-04	 8.116750E-14	 4.114179E-14	 1.098276E-04	 4.932427E-14	-1.136702E-13	 1.585390E-05	 6.565176E-14	 8.127297E-14	-3.908754E-05	-6.719867E-14	 3.480173E-14	-5.506127E-05	-7.712084E-14	-2.354425E-16	-5.443687E-05	 1.460446E-14	-1.919644E-14	-4.085569E-05	 7.290829E-15	 3.804405E-14	-2.140801E-05	 1.392111E-14	 5.444391E-14	-9.757633E-06	-2.865683E-14
0.61237	 3.611352E-01	 3.141999E-13	 6.247114E-13	 8.237253E-03	-3.539953E-13	 4.411963E-13	-1.378350E-01	-3.433033E-13	 1.324477E-13	-4.216408E-02	-2.573319E-13	-4.518485E-14	-9.597790E-03	-2.318665E-13	-5.069468E-14	-3.839762E-04	-4.772788E-15	-7.491616E-15	 1.862658E-03	-4.738877E-14	 3.372056E-14	 1.215750E-03	-3.142516E-14	-9.592230E-14	 8.738539E-04	 4.543037E-15	-5.961645E-14	 5.486221E-04	-1.076432E-13	-1.643237E-14	 4.006477E-04	-2.236436E-14	 1.713484E-13	 2.558293E-04	 5.048838E-14	 7.950428E-14	 1.193541E-04	 1.987955E-14	-1.757649E-14	 2.106006E-05	 9.432284E-14	-3.821606E-14	-3.877945E-05	-2.570947E-14	-3.693871E-14	-5.904606E-05	-6.929117E-14	-3.426079E-14	-6.001033E-05	 1.598843E-14	 3.846024E-14	-4.562664E-05	 6.917688E-14	 5.660596E-14	-2.434910E-05	-9.831942E-15	 5.639184E-14	-1.108215E-05	-3.854647E-14
0.62082	 3.595656E-01	-1.345239E-13	-9.798609E-13	 1.036214E-02	 8.850064E-13	-7.444242E-13	-1.376931E-01	 9.146342E-13	-4.281526E-13	-4.226897E-02	 5.072416E-13	-2.947445E-13	-9.639886E-03	 3.650597E-13	-2.277750E-13	-3.044318E-04	 3.766646E-13	-1.064766E-13	 1.974469E-03	 1.011100E-13	 1.731886E-14	 1.256231E-03	-1.415301E-14	-1.250950E-13	 9.042588E-04	-1.311605E-15	-1.562991E-13	 5.649206E-04	-8.272806E-14	-3.068853E-15	 4.188208E-04	-6.150381E-14	 3.521700E-14	 2.706421E-04	-1.010207E-13	 1.078882E-13	 1.296509E-04	 2.846562E-14	 4.273655E-14	 2.677428E-05	 6.861325E-14	-5.167698E-14	-3.805086E-05	 1.044001E-13	-2.687276E-14	-6.290519E-05	 5.527403E-14	 5.362695E-14	-6.583467E-05	 3.673554E-15	 2.247223E-14	-5.086812E-05	-5.521354E-14	-9.175558E-14	-2.772081E-05	 5.220755E-15	-9.817285E-14	-1.265114E-05	-5.535391E-14
0.62915	 3.581421E-01	-2.053658E-13	-8.183069E-13	 1.261401E-02	 7.827914E-13	-1.379934E-12	-1.375685E-01	 1.280103E-12	-6.720280E-13	-4.252984E-02	 6.782921E-13	-1.646165E-13	-9.765283E-03	 3.789538E-13	-9.587888E-14	-2.444050E-04	 3.905093E-13	 4.382989E-14	 2.087226E-03	 4.811349E-14	-9.965035E-14	 1.297776E-03	 7.600045E-14	-6.504805E-14	 9.344427E-04	-2.625489E-14	-3.260482E-14	 5.794494E-04	-4.948186E-14	-8.450302E-14	 4.372340E-04	-4.222333E-14	-5.190807E-14	 2.866484E-04	-2.548091E-13	-9.907364E-14	 1.408588E-04	 4.507112E-14	 2.142448E-14	 3.311466E-05	-1.003499E-14	 6.285949E-14	-3.682648E-05	 6.705011E-14	 1.217962E-13	-6.660208E-05	 1.232646E-13	 1.170719E-13	-7.190129E-05	-1.516422E-15	 3.320362E-14	-5.660569E-05	-6.869076E-14	-9.989949E-14	-3.157503E-05	-6.255993E-14	-1.576948E-13	-1.451844E-05	 2.681668E-14
0.63738	 3.569137E-01	-3.328841E-14	 6.431900E-13	 1.505200E-02	-6.097745E-13	 3.407446E-14	-1.374587E-01	-2.357468E-13	 1.071244E-14	-4.298837E-02	-6.472017E-14	 5.524567E-14	-1.002804E-02	 9.383634E-14	 1.856591E-13	-2.266415E-04	 1.431219E-13	 1.590025E-13	 2.198121E-03	 5.063199E-14	 1.652137E-14	 1.341978E-03	 8.444883E-15	-3.390312E-14	 9.655685E-04	-2.775656E-14	-1.115074E-14	 5.924589E-04	 7.488079E-14	-5.892824E-14	 4.559780E-04	-8.886305E-15	-1.825562E-13	 3.041499E-04	-4.645103E-14	-1.782653E-13	 1.533987E-04	-7.616030E-14	-1.161557E-13	 4.044717E-05	-3.600767E-14	-1.832492E-14	-3.492059E-05	 4.737722E-14	 3.713309E-14	-7.009010E-05	 7.462932E-14	 2.983887E-14	-7.823318E-05	 3.934807E-14	 9.210283E-15	-6.290691E-05	-2.197424E-14	 2.462307E-14	-3.600565E-05	-2.688884E-14	-6.060374E-14	-1.677075E-05	 2.126776E-17
0.64550	 3.560235E-01	-1.164962E-13	-2.648260E-13	 1.784994E-02	-2.494858E-13	 4.836940E-13	-1.373688E-01	-6.110456E-13	 4.823637E-13	-4.376450E-02	-1.515318E-13	 1.518663E-13	-1.056328E-02	 6.844648E-15	 1.513371E-13	-3.120629E-04	-3.702471E-15	 7.158664E-15	 2.294034E-03	 1.269472E-13	 5.995236E-14	 1.389602E-03	 2.217115E-14	 6.443209E-15	 9.998936E-04	 2.031333E-14	 1.234030E-13	 6.050665E-04	 1.973730E-14	 9.615580E-14	 4.757083E-04	 1.793505E-14	-4.933150E-14	 3.239804E-04	 9.352580E-14	 1.495577E-14	 1.682399E-04	-7.536615E-14	-1.399782E-14	 4.952850E-05	-4.134603E-14	-4.986543E-14	-3.195416E-05	-9.830853E-14	-8.641738E-14	-7.325438E-05	 2.136395E-14	-4.857697E-14	-8.486806E-05	 9.811649E-14	 4.866071E-14	-6.991129E-05	 9.089607E-14	 4.796468E-14	-4.119841E-05	-3.483188E-14	 4.664345E-14	-1.956951E-05	-8.507381E-15
0.65352	 3.556742E-01	-2.065805E-13	-1.358802E-12	 2.127392E-02	 8.420189E-13	 3.472330E-14	-1.372949E-01	-4.597249E-14	 1.700252E-13	-4.504148E-02	 1.105672E-13	 1.626188E-13	-1.157420E-02	-9.776713E-14	 1.297854E-13	-5.946678E-04	-2.106050E-13	-2.067003E-15	 2.352511E-03	-7.193608E-14	 1.807668E-14	 1.440980E-03	 1.539731E-14	 8.382433E-16	 1.041092E-03	 7.222758E-14	 1.177550E-13	 6.194490E-04	 2.713870E-14	 1.856981E-13	 4.978072E-04	 3.760945E-14	 1.243461E-13	 3.476323E-04	-9.193842E-15	 6.157393E-14	 1.869732E-04	 3.046692E-14	 1.827586E-13	 6.155341E-05	-1.024277E-13	 8.370696E-14	-2.728214E-05	-1.085004E-13	-2.007244E-14	-7.582084E-05	-1.048334E-13	-5.335379E-14	-9.179726E-05	-3.721305E-14	-4.318163E-14	-7.782734E-05	 2.553388E-15	-3.704306E-14	-4.746596E-05	 1.293583E-13	-2.188756E-14	-2.319201E-05	 5.652425E-14
0.66144	 3.561334E-01	 2.903630E-13	 1.468270E-12	 2.565000E-02	-9.569538E-13	 9.366429E-13	-1.372592E-01	-8.745566E-13	 9.428905E-14	-4.704236E-02	-4.439532E-13	-4.142824E-14	-1.329844E-02	-1.975183E-13	-2.263292E-14	-1.189359E-03	-2.124427E-13	 1.337203E-13	 2.341331E-03	-2.830840E-13	 1.037720E-14	 1.493438E-03	-1.210456E-13	-1.160750E-13	 1.092575E-03	-7.319813E-15	-5.929742E-14	 6.379107E-04	 5.920763E-14	-4.962595E-14	 5.237638E-04	 1.126904E-14	-6.453229E-15	 3.767206E-04	 4.366621E-14	-5.243216E-14	 2.114021E-04	 9.446310E-14	 2.427597E-14	 7.794923E-05	 5.518857E-14	 9.263365E-14	-2.002486E-05	-7.293248E-15	 7.954486E-14	-7.731528E-05	-1.176789E-13	 3.171592E-14	-9.890332E-05	-1.345036E-13	-7.128950E-15	-8.686970E-05	-5.314467E-14	-1.266870E-14	-5.520875E-05	-3.878897E-14	 1.531067E-14	-2.802723E-05	 3.168199E-14
0.66927	 3.576361E-01	 2.679083E-13	 9.791368E-13	 3.129590E-02	-4.449161E-13	 3.655193E-13	-1.372523E-01	-2.838723E-13	-2.327727E-13	-4.997014E-02	-1.328170E-13	-2.997523E-13	-1.596592E-02	 2.412407E-13	-2.143406E-13	-2.220824E-03	 2.391346E-13	-6.600412E-14	 2.216285E-03	 1.169294E-13	-2.793328E-14	 1.538543E-03	-3.981875E-14	-7.064797E-14	 1.156476E-03	-1.200132E-13	 3.296594E-14	 6.629534E-04	-2.095128E-13	-5.229642E-14	 5.554399E-04	-6.770324E-14	-1.138929E-13	 4.130739E-04	 5.256827E-14	-7.755758E-14	 2.435410E-04	 1.341719E-13	-7.527303E-14	 1.004525E-04	 1.286088E-13	-1.457929E-14	-8.930231E-06	 8.396951E-14	 1.280605E-15	-7.694959E-05	 1.032379E-15	 2.189086E-14	-1.058781E-04	-6.924592E-14	 7.705004E-14	-9.720235E-05	-8.721665E-14	 6.485515E-14	-6.489017E-05	-5.116258E-14	 8.674894E-15	-3.459048E-05	-2.387114E-15
0.67700	 3.602321E-01	-6.723031E-13	-1.791085E-12	 3.821245E-02	 9.685449E-13	-9.455077E-13	-1.373230E-01	 6.229475E-13	-2.208001E-13	-5.380712E-02	 5.694882E-13	 6.968213E-14	-1.958111E-02	 6.298741E-13	 4.537416E-14	-3.710872E-03	 4.419084E-13	-1.032717E-13	 1.959061E-03	 4.392930E-13	-2.340383E-13	 1.568339E-03	 2.207738E-13	-1.438533E-13	 1.231140E-03	 8.811609E-14	 1.864361E-14	 6.937010E-04	-1.702500E-13	 1.013943E-13	 5.917973E-04	-1.551902E-13	 7.198245E-14	 4.558589E-04	-9.010475E-14	-6.142425E-14	 2.833518E-04	 4.808631E-14	-6.088087E-14	 1.296183E-04	 8.038227E-14	-8.066776E-14	 6.785987E-06	 1.759115E-13	-5.447882E-14	-7.397140E-05	 1.850357E-13	 3.775564E-14	-1.121892E-04	 1.296293E-14	 2.536405E-14	-1.086448E-04	-8.490219E-14	-6.438487E-16	-7.667895E-05	-1.225727E-13	-8.228041E-15	-4.325125E-05	-9.276365E-14
0.68465	 3.639744E-01	-2.985648E-13	-2.029752E-14	 4.646328E-02	-6.516754E-13	 3.285925E-13	-1.374596E-01	-8.639125E-13	 5.180156E-13	-5.855550E-02	-4.161579E-13	 5.694200E-13	-2.418903E-02	-2.540696E-13	 4.715557E-13	-5.715536E-03	-2.673558E-14	 2.592845E-13	 1.531003E-03	 1.106481E-13	 3.436870E-14	 1.567185E-03	 7.259823E-14	-1.936168E-13	 1.313855E-03	 1.055025E-13	-1.432574E-13	 7.302028E-04	 3.017340E-14	-3.260650E-14	 6.327282E-04	-7.868178E-14	 1.583216E-13	 5.046967E-04	-1.829381E-13	 7.964805E-14	 3.311607E-04	-7.541126E-14	 2.073376E-14	 1.665605E-04	-2.967446E-14	 4.316669E-14	 2.845557E-05	 1.196841E-14	 6.613176E-14	-6.732678E-05	 7.174776E-14	-3.448931E-14	-1.171964E-04	 2.002402E-13	-6.090021E-14	-1.209786E-04	 1.024940E-13	-3.494909E-15	-9.075301E-05	 5.006033E-15	-2.719981E-14	-5.446292E-05	-7.602574E-14
0.69222	 3.689397E-01	 5.948639E-13	 1.952730E-12	 5.613451E-02	-1.337867E-12	 1.051809E-12	-1.376599E-01	-1.153298E-12	 4.206287E-13	-6.422590E-02	-1.065754E-12	 2.018998E-13	-2.983661E-02	-9.275123E-13	 1.358880E-13	-8.297276E-03	-3.461784E-13	 2.180927E-13	 8.857088E-04	-4.862183E-14	 2.348632E-13	 1.514735E-03	 1.148523E-13	-5.417347E-14	 1.400060E-03	 2.416635E-13	-1.344636E-13	 7.718747E-04	 1.516342E-13	-1.199814E-13	 6.777324E-04	 4.910712E-14	-2.543748E-13	 5.587280E-04	 4.286389E-14	 5.660813E-14	 3.868823E-04	-1.763815E-13	 1.294483E-13	 2.122216E-04	-2.052656E-13	 1.437301E-13	 5.746433E-05	-2.137727E-13	-2.167421E-14	-5.577534E-05	-8.904356E-14	-4.634882E-14	-1.200249E-04	 4.094609E-14	-1.192217E-14	-1.337655E-04	 1.175531E-13	 8.374080E-14	-1.071533E-04	 1.052113E-13	 9.083871E-14	-6.866536E-05	 1.176018E-13
0.69970	 3.752118E-01	 4.266975E-13	-1.392861E-12	 6.734267E-02	 1.895854E-12	-1.929770E-12	-1.378941E-01	 2.092042E-12	-1.306448E-12	-7.083589E-02	 1.019943E-12	-8.933554E-13	-3.659080E-02	 3.065150E-13	-3.806687E-13	-1.153581E-02	-5.677071E-15	-2.396102E-14	-3.430372E-05	-2.083137E-13	 1.409783E-13	 1.385643E-03	-3.596956E-14	 1.960025E-13	 1.483905E-03	 1.375724E-13	 2.662839E-13	 8.181765E-04	 4.477975E-14	 1.154739E-13	 7.265544E-04	 7.774055E-14	-1.131514E-13	 6.171493E-04	 1.230557E-13	-1.706304E-13	 4.503827E-04	-2.934929E-14	-1.070337E-13	 2.675569E-04	-1.400168E-13	-4.837850E-14	 9.536272E-05	-6.221103E-14	-3.023095E-14	-3.777927E-05	-6.641045E-14	 3.619891E-14	-1.194753E-04	-1.498035E-13	 1.098272E-13	-1.463123E-04	-1.199865E-13	 5.442807E-14	-1.257868E-04	 8.439183E-15	 5.984141E-14	-8.630375E-05	 4.225411E-14
0.70711	 3.828991E-01	 4.803032E-13	 1.871873E-13	 8.025081E-02	 6.166669E-13	-6.774036E-13	-1.381103E-01	 1.178272E-12	-8.664508E-13	-7.841554E-02	 8.349812E-13	-8.200704E-13	-4.454362E-02	 4.653692E-13	-5.054565E-13	-1.553474E-02	-1.763385E-14	-1.797631E-13	-1.303688E-03	-3.235484E-13	 9.644439E-14	 1.145493E-03	-3.497470E-13	 3.098328E-13	 1.556217E-03	-2.787240E-13	 3.076116E-13	 8.680107E-04	-8.497117E-14	 2.956349E-13	 7.791911E-04	-1.399267E-13	 1.996508E-13	 6.793074E-04	-1.867358E-13	-1.067362E-13	 5.214905E-04	-6.654132E-14	-2.013190E-13	 3.334880E-04	 5.816352E-14	-1.015105E-13	 1.438378E-04	-9.340826E-15	-3.386434E-14	-1.148053E-05	 6.141641E-15	-3.841424E-14	-1.139466E-04	 3.213049E-14	 1.025712E-14	-1.575624E-04	 1.944108E-14	 7.634117E-15	-1.463254E-04	 9.300258E-15	-9.755106E-15	-1.077680E-04	-3.110216E-14
0.71443	 3.919277E-01	 1.949040E-13	 1.840831E-13	 9.475129E-02	 5.993264E-13	 1.451941E-13	-1.382734E-01	 2.760895E-13	-6.970634E-14	-8.681781E-02	 7.827251E-14	-2.798892E-13	-5.361447E-02	 2.009951E-13	-4.860425E-13	-2.030450E-02	 1.004094E-13	-4.441625E-13	-2.963102E-03	 7.910161E-14	-2.476851E-13	 7.667185E-04	-7.380738E-14	-1.216065E-13	 1.606858E-03	 3.534767E-15	-5.200469E-14	 9.185836E-04	 6.015090E-14	 8.022801E-14	 8.342628E-04	 1.162423E-13	 9.540171E-14	 7.430519E-04	 1.116695E-13	 1.727521E-14	 5.984383E-04	 3.853858E-14	-2.117410E-14	 4.095569E-04	 8.414575E-15	 5.703056E-14	 2.036911E-04	-2.124663E-14	-6.942336E-14	 2.469002E-05	-1.128034E-14	-1.118953E-13	-1.016227E-04	-1.065619E-14	-4.611360E-15	-1.659431E-04	 2.755075E-14	 1.150579E-13	-1.678678E-04	-3.348549E-15	 9.390352E-14	-1.330275E-04	 1.708239E-14
0.72169	 4.022355E-01	-9.873865E-13	-5.427383E-13	 1.107655E-01	-9.805055E-13	 7.702023E-14	-1.383274E-01	-4.162397E-13	 8.378266E-13	-9.590641E-02	 1.305910E-13	 9.961718E-13	-6.374399E-02	 6.538369E-14	 4.484639E-13	-2.586681E-02	 6.969672E-14	 1.935280E-15	-5.059117E-03	 1.157479E-13	-2.579492E-13	 2.178935E-04	 1.230629E-13	-3.689013E-13	 1.623812E-03	 1.045607E-13	-1.891812E-13	 9.668277E-04	 3.451505E-14	-1.749781E-13	 8.907774E-04	 2.953366E-13	-1.638048E-13	 8.064121E-04	 4.301238E-13	-6.191805E-14	 6.794001E-04	 2.744173E-13	 3.827415E-14	 4.951977E-04	 2.571979E-13	 3.988715E-14	 2.756524E-04	 1.410661E-13	-3.331977E-14	 7.231354E-05	 3.158714E-14	-1.328475E-14	-8.053535E-05	-4.459585E-14	 1.013201E-14	-1.695728E-04	-5.395265E-14	 7.712153E-15	-1.891358E-04	 4.743305E-16	 5.072995E-14	-1.617614E-04	 4.296049E-14
0.72887	 4.138744E-01	-8.884048E-13	-2.147626E-12	 1.283755E-01	 4.206252E-13	-6.510122E-13	-1.381914E-01	 1.598479E-13	 3.206695E-13	-1.056312E-01	 3.509317E-13	 6.564968E-13	-7.497899E-02	 2.577930E-14	 7.016353E-13	-3.230515E-02	 1.644312E-14	 6.211294E-13	-7.666824E-03	-4.331439E-14	 2.962498E-13	-5.442020E-04	-5.997968E-16	 1.602745E-13	 1.591227E-03	-1.612679E-13	 1.159752E-13	 1.009227E-03	-1.550767E-13	-1.294158E-14	 9.485381E-04	-7.197359E-14	-1.060489E-13	 8.681633E-04	 3.212884E-14	-5.846612E-14	 7.630091E-04	 2.604801E-15	-1.071344E-13	 5.900726E-04	 1.475098E-13	-9.712167E-14	 3.606175E-04	 1.631306E-13	 1.105192E-14	 1.331982E-04	 7.036983E-14	-3.322367E-14	-4.841281E-05	 2.321739E-14	-1.162384E-13	-1.662026E-04	 7.697063E-14	-1.066858E-13	-2.084694E-04	 1.061055E-13	-1.616165E-13	-1.933632E-04	 1.157293E-13
0.73598	 4.269147E-01	 1.130185E-12	 3.325251E-12	 1.476869E-01	-1.820592E-12	 2.904342E-12	-1.377715E-01	-2.850902E-12	 9.902232E-13	-1.159442E-01	-2.114968E-12	 7.061307E-14	-8.738330E-02	-1.371094E-12	 1.625343E-14	-3.971535E-02	-5.579220E-13	 1.649720E-13	-1.087100E-02	-1.213306E-13	 2.394548E-13	-1.569989E-03	 5.820647E-15	 3.338002E-13	 1.489275E-03	-7.783732E-14	 3.032540E-13	 1.040855E-03	-2.281111E-13	 1.740877E-13	 1.007348E-03	-1.412534E-13	 1.436259E-13	 9.271640E-04	-2.124380E-13	 7.085897E-14	 8.477056E-04	-9.595402E-14	-1.039332E-13	 6.934177E-04	-1.129590E-13	-8.634850E-14	 4.591331E-04	-1.860130E-14	-1.022591E-13	 2.091097E-04	 3.108342E-14	-1.466328E-13	-2.719354E-06	 9.485746E-14	-1.127592E-13	-1.530960E-04	 1.068733E-13	-9.467194E-14	-2.236094E-04	 1.314337E-13	-5.536397E-14	-2.266871E-04	 7.803037E-14
0.74302	 4.414342E-01	 4.415927E-13	 1.347578E-12	 1.688141E-01	-5.564886E-13	 7.926446E-13	-1.369713E-01	-7.072556E-13	-2.607263E-13	-1.267932E-01	-3.708449E-13	-6.278337E-13	-1.010159E-01	 1.723994E-15	-6.799588E-13	-4.819409E-02	 2.234086E-13	-5.756559E-13	-1.476419E-02	 3.768143E-13	-2.391220E-13	-2.918626E-03	 3.202311E-13	-4.652359E-14	 1.292210E-03	 2.214260E-14	 2.302725E-13	 1.054244E-03	-1.796994E-13	 3.081374E-13	 1.066554E-03	-2.979983E-13	 3.863976E-13	 9.821749E-04	-2.469432E-13	 3.139267E-13	 9.316002E-04	-6.549301E-14	 3.118620E-13	 8.038857E-04	-1.226276E-13	 2.310294E-13	 5.712085E-04	-1.264895E-13	 2.384389E-14	 3.015653E-04	 8.322747E-15	-5.729468E-14	 5.919680E-05	 1.153032E-13	-6.077166E-14	-1.270491E-04	 9.784566E-14	-1.302467E-14	-2.315808E-04	-9.668893E-15	 1.677800E-14	-2.598394E-04	-8.061499E-14
0.75000	 4.574533E-01	-1.513659E-12	-4.339834E-12	 1.917971E-01	 2.204548E-12	-3.606643E-12	-1.356931E-01	 3.105899E-12	-2.087405E-12	-1.380753E-01	 2.864372E-12	-1.399361E-12	-1.158799E-01	 2.326468E-12	-1.109075E-12	-5.780648E-02	 1.420496E-12	-7.472160E-13	-1.943105E-02	 9.542629E-13	-3.256665E-13	-4.652485E-03	 5.637089E-13	-1.147615E-13	 9.691957E-04	 3.799770E-13	 4.960915E-14	 1.038929E-03	 3.687133E-13	 3.036110E-13	 1.124592E-03	 9.132186E-14	 2.795065E-13	 1.031560E-03	-2.645884E-14	 2.198332E-13	 1.012201E-03	-9.826660E-14	 2.780935E-13	 9.192324E-04	-6.300433E-14	 2.748950E-13	 6.959571E-04	-7.544967E-15	 1.776079E-13	 4.114689E-04	-4.223096E-14	 4.700355E-14	 1.398042E-04	-9.504857E-14	-5.242440E-14	-8.453559E-05	-1.321619E-13	-7.331961E-14	-2.286370E-04	-1.495499E-13	 4.966329E-15	-2.899480E-04	-1.335336E-13
0.75691	 4.750123E-01	 1.193511E-12	 2.851025E-12	 2.166852E-01	-9.396012E-13	 1.873508E-12	-1.338479E-01	-9.587611E-13	 1.309239E-12	-1.496887E-01	-1.315647E-12	 6.936674E-13	-1.319786E-01	-1.409343E-12	 1.152083E-13	-6.861559E-02	-1.094577E-12	-1.983822E-13	-2.495937E-02	-6.434421E-13	-3.306365E-13	-6.840005E-03	-3.676596E-13	-2.992635E-13	 4.839897E-04	 8.828038E-14	-3.324804E-13	 9.814513E-04	 1.196797E-13	-2.344453E-13	 1.179112E-03	 1.907570E-13	-1.877371E-13	 1.073465E-03	 4.376286E-14	-1.759404E-13	 1.086675E-03	-1.019583E-13	-1.798595E-13	 1.036536E-03	-1.013317E-13	-7.510408E-14	 8.316685E-04	-3.047354E-14	 1.264972E-13	 5.390073E-04	-3.064982E-14	 1.169739E-13	 2.411639E-04	-6.708537E-14	 1.199052E-14	-2.193745E-05	-4.293151E-14	-2.681461E-14	-2.103856E-04	-8.990810E-17	-1.115398E-13	-3.131162E-04	 1.574885E-14
0.76376	 4.943464E-01	 3.099199E-12	 4.144066E-12	 2.438293E-01	 9.700487E-13	 2.950011E-12	-1.312590E-01	-7.085252E-13	 1.825349E-12	-1.616490E-01	-2.273954E-12	 1.360134E-12	-1.494956E-01	-2.901202E-12	 8.740021E-13	-8.082157E-02	-2.618464E-12	 4.904229E-13	-3.152227E-02	-2.005898E-12	 9.541113E-14	-9.593922E-03	-1.343914E-12	-2.589466E-13	-2.188368E-04	-7.716643E-13	-3.577393E-13	 8.621521E-04	-4.237434E-13	-5.690649E-13	 1.227514E-03	 2.425535E-14	-3.926649E-13	 1.107326E-03	 1.012485E-13	-4.412818E-13	 1.153535E-03	 7.916623E-14	-4.331829E-13	 1.153727E-03	 8.191211E-14	-2.787717E-13	 9.771354E-04	 8.509023E-16	-1.895707E-13	 6.847076E-04	-3.750981E-14	 3.500985E-14	 3.656092E-04	 3.470708E-14	 1.567689E-13	 6.474696E-05	 1.991453E-14	 1.328428E-13	-1.717643E-04	-1.399726E-14	 6.048209E-14	-3.245098E-04	-1.673801E-14
0.77055	 5.154417E-01	-4.714092E-13	-2.465281E-12	 2.731903E-01	 1.656458E-12	-1.851407E-12	-1.278344E-01	 1.906081E-12	-1.249697E-12	-1.737716E-01	 1.990994E-12	-6.994758E-13	-1.683562E-01	 1.328491E-12	-3.845804E-13	-9.445048E-02	 6.106439E-13	-7.000442E-14	-3.921108E-02	 6.384703E-14	 1.799205E-13	-1.300199E-02	-3.255623E-13	 1.722194E-13	-1.194155E-03	-4.647580E-13	 2.092606E-13	 6.569606E-04	-3.297983E-13	 3.819256E-14	 1.264289E-03	-1.338060E-13	 2.041429E-14	 1.130828E-03	 1.295486E-13	 5.271450E-14	 1.209545E-03	 2.234695E-13	 9.036016E-14	 1.266304E-03	 2.966397E-13	-2.381797E-15	 1.128397E-03	 3.803975E-13	-1.439783E-13	 8.466454E-04	 3.955648E-13	-1.489869E-13	 5.137597E-04	 2.243410E-13	-1.419560E-14	 1.788358E-04	 3.441938E-14	 5.938615E-14	-1.072368E-04	-1.156946E-13	 1.181977E-13	-3.178015E-04	-1.614750E-13
0.77728	 5.382821E-01	-2.986143E-12	-4.181871E-12	 3.047515E-01	-4.859036E-13	-3.647720E-12	-1.234502E-01	 2.094062E-12	-2.402935E-12	-1.858599E-01	 3.460931E-12	-1.931863E-12	-1.884785E-01	 4.100667E-12	-1.491011E-12	-1.095340E-01	 3.315324E-12	-1.098092E-12	-4.813448E-02	 2.140348E-12	-5.303313E-13	-1.717139E-02	 1.042746E-12	 1.279700E-13	-2.512711E-03	 3.020512E-13	 4.986615E-13	 3.329122E-04	-1.038863E-13	 6.818830E-13	 1.281047E-03	-3.426216E-13	 4.722100E-13	 1.141650E-03	-3.819975E-13	 3.716817E-13	 1.252239E-03	-3.069306E-13	 1.867758E-13	 1.369992E-03	-1.178391E-13	 2.159883E-13	 1.281013E-03	 6.412609E-14	 2.941256E-13	 1.021914E-03	 1.607147E-13	 1.756351E-13	 6.850940E-04	 1.267589E-13	 8.902039E-14	 3.228400E-04	 8.079039E-14	 9.058724E-14	-1.129082E-05	 7.643969E-14	 1.112317E-13	-2.857166E-04	 5.496373E-14
0.78395	 5.626046E-01	-1.463587E-12	 1.146618E-13	 3.380991E-01	-2.274774E-12	 2.382885E-13	-1.181085E-01	-1.506492E-12	 6.080285E-15	-1.975712E-01	-1.024438E-13	-1.798984E-13	-2.095352E-01	 1.192649E-12	-4.679178E-13	-1.258986E-01	 1.502219E-12	-7.090319E-13	-5.827583E-02	 1.574218E-12	-6.738193E-13	-2.215366E-02	 1.248855E-12	-3.640356E-13	-4.231194E-03	 9.207746E-13	-1.690351E-14	-1.444556E-04	 4.825340E-13	 3.111949E-13	 1.265565E-03	 1.975273E-13	 4.233730E-13	 1.134754E-03	-6.551097E-14	 1.698070E-13	 1.277376E-03	-1.006571E-13	-1.604119E-13	 1.458489E-03	 4.872879E-15	-2.987062E-13	 1.427851E-03	 1.085764E-13	-2.984994E-13	 1.204447E-03	-9.410669E-14	-1.695007E-13	 8.759226E-04	-2.450821E-13	-1.224967E-13	 4.967582E-04	-1.861278E-13	-8.639682E-14	 1.203662E-04	-3.654493E-14	 3.933164E-14	-2.205178E-04	-1.178872E-14
0.79057	 5.887769E-01	-2.020616E-13	 2.711934E-13	 3.737350E-01	-7.201318E-13	 1.328092E-12	-1.116025E-01	-1.597349E-12	 1.777054E-12	-2.089502E-01	-1.383197E-12	 1.836992E-12	-2.317606E-01	-1.388726E-12	 1.177199E-12	-1.437770E-01	-7.963669E-13	 3.371134E-13	-6.985382E-02	-2.210060E-13	-3.831006E-13	-2.811313E-02	 1.485674E-13	-7.179479E-13	-6.452201E-03	 4.385207E-13	-6.138703E-13	-8.256642E-04	 4.693565E-13	-2.093978E-13	 1.202253E-03	 4.169147E-13	 2.522746E-13	 1.106019E-03	 2.618790E-13	 3.619139E-13	 1.283711E-03	 7.407094E-14	 2.261135E-13	 1.528884E-03	 1.292075E-13	-3.768654E-15	 1.564925E-03	 2.116353E-13	-2.619152E-13	 1.390518E-03	 1.918851E-13	-4.242823E-13	 1.083645E-03	 9.306699E-14	-4.830808E-13	 7.005896E-04	 1.178879E-13	-4.237787E-13	 2.915675E-04	 1.755438E-13	-3.029686E-13	-1.146249E-04	 1.729845E-13
0.79713	 6.174857E-01	 1.057344E-12	 1.402668E-12	 4.126387E-01	 3.042245E-13	 1.180803E-12	-1.035493E-01	-3.277375E-13	 1.253671E-12	-2.201541E-01	-1.332601E-12	 1.306732E-12	-2.556511E-01	-1.942022E-12	 1.216115E-12	-1.636409E-01	-1.733745E-12	 8.091501E-13	-8.326454E-02	-1.445220E-12	 4.620996E-13	-3.532102E-02	-1.116328E-12	-8.834455E-14	-9.333869E-03	-4.824023E-13	-5.026502E-13	-1.785834E-03	-2.759464E-14	-4.987726E-13	 1.067671E-03	 2.106648E-13	-2.365758E-13	 1.050229E-03	 2.233006E-13	-1.488280E-14	 1.271425E-03	-7.292610E-14	 2.184616E-13	 1.579458E-03	-2.179091E-13	 4.767102E-13	 1.689144E-03	-2.967644E-13	 5.864409E-13	 1.577194E-03	-2.738565E-13	 5.122609E-13	 1.306130E-03	-6.383811E-14	 4.061496E-13	 9.344008E-04	 1.141748E-13	 1.885952E-13	 5.061343E-04	 2.460114E-13	-5.624061E-14	 4.006758E-05	 3.120677E-13
0.80364	 6.486352E-01	 2.086329E-12	 2.011131E-12	 4.546115E-01	 1.483648E-12	 1.890307E-13	-9.384699E-02	 1.128199E-12	-8.234392E-13	-2.308185E-01	-4.099360E-15	-9.391145E-13	-2.809515E-01	-4.692877E-13	-7.175200E-13	-1.854122E-01	-7.036073E-13	-3.079348E-13	-9.860345E-02	-5.822721E-13	 2.030112E-13	-4.392401E-02	-5.319935E-13	 1.088352E-13	-1.300456E-02	-3.538941E-13	-4.036142E-15	-3.103181E-03	-3.287586E-13	-4.531447E-13	 8.304353E-04	-1.610259E-13	-7.106972E-13	 9.572749E-04	-4.464065E-14	-7.719388E-13	 1.237936E-03	-4.528249E-14	-4.851554E-13	 1.604699E-03	-4.983831E-14	-8.610706E-14	 1.792136E-03	-1.354444E-13	 2.856262E-13	 1.755488E-03	-1.631461E-13	 5.964518E-13	 1.535298E-03	-1.037514E-13	 6.845153E-13	 1.193066E-03	-1.026601E-13	 6.655000E-13	 7.641089E-04	-4.149965E-14	 4.925976E-13	 2.501995E-04	 8.829955E-14
0.81009	 6.815810E-01	-8.073178E-13	-2.414889E-12	 4.987062E-01	 1.541187E-12	-2.370131E-12	-8.255617E-02	 2.975936E-12	-1.444845E-12	-2.402717E-01	 3.280419E-12	-1.186021E-12	-3.068996E-01	 2.993764E-12	-9.233667E-13	-2.086369E-01	 1.862545E-12	-6.305199E-13	-1.157551E-01	 9.540147E-13	-6.514840E-13	-5.398316E-02	 4.028101E-13	-3.831953E-13	-1.757951E-02	-1.711446E-13	-2.638556E-13	-4.866013E-03	-6.256503E-13	-2.579993E-13	 4.481007E-04	-7.471214E-13	-3.088996E-13	 8.124971E-04	-6.894721E-13	-4.228319E-13	 1.180941E-03	-3.350325E-13	-4.080923E-13	 1.600111E-03	-9.169623E-14	-3.173510E-13	 1.865171E-03	-1.795197E-14	-1.885666E-13	 1.913829E-03	 1.287525E-13	 3.722491E-14	 1.758644E-03	 1.167580E-13	 2.761927E-13	 1.466010E-03	 9.616255E-14	 4.437759E-13	 1.060057E-03	 2.640476E-14	 5.406816E-13	 5.183386E-04	-1.373579E-13
0.81650	 7.146941E-01	-3.653964E-13	-2.618546E-13	 5.424073E-01	-7.097919E-13	 1.216426E-12	-7.037110E-02	-6.879784E-13	 1.274356E-12	-2.474976E-01	 6.783829E-13	 5.788451E-13	-3.318813E-01	 8.132517E-13	 3.494619E-13	-2.320298E-01	 5.985805E-13	-7.333187E-14	-1.339824E-01	 2.942476E-13	-3.359139E-13	-6.519386E-02	-2.838818E-13	-4.205219E-13	-2.300761E-02	-5.933443E-13	-5.530593E-13	-7.107628E-03	-7.090903E-13	-3.226914E-13	-1.152016E-04	-5.954239E-13	 6.654245E-14	 5.959182E-04	-5.013207E-13	 2.346058E-13	 1.093684E-03	-3.998739E-13	 2.278526E-13	 1.558521E-03	-1.854571E-13	 8.417150E-14	 1.896281E-03	 1.068740E-13	-5.791589E-14	 2.034975E-03	 1.025764E-13	-1.878715E-13	 1.955430E-03	-1.928304E-14	-1.518108E-13	 1.732554E-03	-9.902143E-14	-2.260973E-14	 1.377683E-03	-1.189542E-13	 1.308656E-13	 8.373540E-04	-5.664329E-14
0.82285	 7.483095E-01	 1.877446E-12	 2.221159E-12	 5.861648E-01	 6.232620E-13	 2.325421E-12	-5.715609E-02	-1.327421E-12	 1.319625E-12	-2.525856E-01	-2.440263E-12	 8.993775E-13	-3.560387E-01	-2.946421E-12	 6.548934E-13	-2.556852E-01	-2.315642E-12	 2.961529E-13	-1.534064E-01	-1.555341E-12	 3.480976E-13	-7.768676E-02	-9.043074E-13	 5.180082E-13	-2.942054E-02	-4.277872E-13	 3.692982E-13	-9.926055E-03	-4.698732E-14	 2.346887E-14	-9.141521E-04	 3.112242E-13	-1.093692E-13	 2.832052E-04	 1.466826E-13	-1.829566E-13	 9.729706E-04	-9.016183E-14	-2.480898E-13	 1.481525E-03	-1.214210E-13	-2.898788E-13	 1.886436E-03	 8.859908E-14	-2.094599E-13	 2.115776E-03	 1.889327E-13	-2.287616E-13	 2.116914E-03	 1.927701E-13	-3.176225E-13	 1.979883E-03	 1.096820E-13	-3.296954E-13	 1.703478E-03	 3.513228E-14	-2.815973E-13	 1.198263E-03	 6.695370E-14
0.82916	 7.838149E-01	-9.888105E-13	 2.068164E-12	 6.319942E-01	-3.663818E-12	 2.445725E-12	-4.227104E-02	-3.989589E-12	 2.758034E-12	-2.560716E-01	-4.473301E-12	 2.298597E-12	-3.803713E-01	-3.468234E-12	 1.986976E-12	-2.804414E-01	-2.281345E-12	 1.714570E-12	-1.746766E-01	-1.356797E-12	 1.560818E-12	-9.190085E-02	-4.516523E-13	 1.588964E-12	-3.710600E-02	 1.157934E-13	 1.266531E-12	-1.348940E-02	 6.136256E-13	 1.074488E-12	-2.031669E-03	 6.610501E-13	 5.450245E-13	-1.610777E-04	 6.028035E-13	 1.622317E-13	 8.126892E-04	 2.825826E-13	-1.429857E-13	 1.370402E-03	 5.471111E-15	-1.662350E-13	 1.839163E-03	-1.412545E-13	-1.041847E-13	 2.158068E-03	-1.690158E-13	-6.451413E-14	 2.240452E-03	-7.027177E-14	-1.018164E-13	 2.200581E-03	-4.066156E-14	-1.813341E-13	 2.026986E-03	-2.494335E-14	-1.814373E-13	 1.592369E-03	-3.137532E-14
0.83541	 8.216344E-01	-5.763186E-12	-5.040907E-12	 6.805340E-01	-5.070906E-12	-2.978858E-12	-2.537666E-02	-2.405311E-12	-2.986433E-13	-2.578912E-01	 6.563172E-14	 3.054674E-13	-4.049806E-01	 2.396873E-12	 8.977808E-13	-3.064789E-01	 3.263531E-12	 1.213087E-12	-1.980740E-01	 3.339379E-12	 1.239240E-12	-1.081205E-01	 2.686862E-12	 9.799203E-13	-4.632131E-02	 1.738965E-12	 9.028645E-13	-1.798056E-02	 1.023077E-12	 7.054251E-13	-3.573266E-03	 7.431896E-13	 4.349742E-13	-7.860957E-04	 7.583478E-13	 3.042291E-13	 6.012306E-04	 5.990286E-13	 4.077384E-13	 1.223093E-03	 2.654424E-13	 5.690305E-13	 1.754820E-03	-3.318190E-14	 7.219615E-13	 2.159935E-03	-2.802292E-13	 7.223760E-13	 2.319696E-03	-4.460308E-13	 4.719211E-13	 2.383316E-03	-5.736265E-13	 1.471616E-13	 2.332846E-03	-6.024671E-13	-1.532964E-13	 2.005154E-03	-5.841777E-13
0.84163	 8.595436E-01	-2.030762E-12	-4.626727E-12	 7.284053E-01	 1.415811E-12	-4.887030E-12	-7.608939E-03	 3.147636E-12	-3.978628E-12	-2.569965E-01	 4.052613E-12	-2.107456E-12	-4.277572E-01	 3.985002E-12	-1.032370E-12	-3.319680E-01	 3.553954E-12	-5.339156E-13	-2.223982E-01	 3.153798E-12	-3.851714E-13	-1.257409E-01	 2.355189E-12	-5.304144E-13	-5.688859E-02	 1.447410E-12	-4.376330E-13	-2.341049E-02	 4.755362E-13	-6.489266E-13	-5.602373E-03	-5.921491E-14	-6.388368E-13	-1.639263E-03	-1.797317E-13	-8.080123E-13	 3.211221E-04	-9.365225E-14	-7.739827E-13	 1.033198E-03	 1.954652E-13	-4.692760E-13	 1.629069E-03	 3.500220E-13	-1.691821E-13	 2.111359E-03	 3.094336E-13	 9.338647E-14	 2.337272E-03	 2.289942E-14	 3.991831E-13	 2.503131E-03	-4.470614E-13	 6.412252E-13	 2.589317E-03	-8.431811E-13	 7.393950E-13	 2.403537E-03	-1.066204E-12
0.84779	 8.952362E-01	 5.640975E-12	 4.297874E-12	 7.721215E-01	 5.610681E-12	 1.502979E-12	 9.592693E-03	 4.263601E-12	 3.496294E-13	-2.527088E-01	 7.532115E-13	 5.609185E-13	-4.466744E-01	-1.928367E-12	 9.552783E-14	-3.549561E-01	-2.838012E-12	-8.602506E-14	-2.461820E-01	-3.189197E-12	-1.834017E-13	-1.438984E-01	-2.840654E-12	-6.640980E-13	-6.844826E-02	-2.032768E-12	-1.148976E-12	-2.969107E-02	-1.426567E-12	-1.222536E-12	-8.147936E-03	-8.230683E-13	-1.278088E-12	-2.763270E-03	-5.329103E-13	-1.470289E-12	-4.887787E-05	-2.553970E-13	-1.341759E-12	 7.950960E-04	 1.204534E-13	-1.154594E-12	 1.464218E-03	 1.804621E-13	-1.054270E-12	 2.010850E-03	 2.443264E-13	-9.315826E-13	 2.283527E-03	 1.541429E-13	-6.502488E-13	 2.539815E-03	 1.241071E-13	-2.366430E-13	 2.764377E-03	-5.776892E-14	 2.425368E-13	 2.747440E-03	-1.876933E-13
0.85391	 9.286129E-01	 1.425163E-12	 1.033189E-12	 8.114582E-01	 1.404833E-12	 1.383385E-14	 2.582972E-02	 1.220560E-12	-4.507755E-13	-2.453882E-01	 2.249512E-13	-5.837051E-13	-4.616820E-01	-6.411440E-13	-8.231093E-13	-3.751084E-01	-1.047604E-12	-3.757796E-13	-2.690012E-01	-1.478604E-12	-4.088879E-14	-1.622752E-01	-1.357904E-12	 3.239841E-13	-8.086646E-02	-1.240651E-12	 6.417691E-13	-3.680648E-02	-8.431488E-13	 8.133724E-13	-1.125656E-02	-2.337044E-13	 5.256973E-13	-4.209851E-03	 1.219787E-13	 1.425132E-13	-5.378607E-04	 5.022326E-13	-1.691934E-13	 4.995556E-04	 4.992333E-13	-1.427752E-13	 1.267733E-03	 5.603598E-13	-1.189716E-13	 1.869852E-03	 6.318799E-13	-8.330745E-14	 2.166402E-03	 6.713225E-13	-1.660945E-13	 2.492117E-03	 6.447663E-13	-3.104862E-13	 2.842992E-03	 6.239475E-13	-4.017921E-13	 3.008271E-03	 4.929188E-13
0.85999	 9.621575E-01	-2.021172E-12	-3.664461E-12	 8.499009E-01	 4.541734E-13	-3.661367E-12	 4.214841E-02	 8.654526E-13	-4.227903E-12	-2.361441E-01	 2.214943E-12	-3.562487E-12	-4.748499E-01	 2.401850E-12	-2.629515E-12	-3.939887E-01	 2.018210E-12	-1.676960E-12	-2.918474E-01	 1.505747E-12	-9.539384E-13	-1.814161E-01	 8.501624E-13	 2.640133E-13	-9.444900E-02	 3.192557E-13	 1.160237E-12	-4.493126E-02	-1.824337E-13	 1.788999E-12	-1.504148E-02	-7.424809E-13	 1.972868E-12	-6.057777E-03	-9.393498E-13	 1.826229E-12	-1.189050E-03	-8.992336E-13	 1.497411E-12	 1.239556E-04	-5.900177E-13	 1.190089E-12	 1.039745E-03	 5.030427E-14	 7.905315E-13	 1.701045E-03	 6.411745E-13	 5.313327E-13	 2.003221E-03	 9.811516E-13	 3.327126E-13	 2.374413E-03	 1.012638E-12	 2.423422E-13	 2.828950E-03	 8.079430E-13	 2.409471E-13	 3.176024E-03	 5.640743E-13
0.86603	 1.001078E+00	-2.379567E-12	-1.505283E-12	 8.951033E-01	-3.691250E-12	-1.332374E-12	 6.177498E-02	-1.564808E-12	 1.817195E-14	-2.261394E-01	-2.118117E-13	-7.468439E-14	-4.900475E-01	 5.469835E-13	 1.025797E-12	-4.152392E-01	 1.047813E-12	 1.525058E-12	-3.176586E-01	 8.657928E-13	 1.745791E-12	-2.033139E-01	 5.365838E-13	 1.607574E-12	-1.104325E-01	 2.733240E-13	 9.725609E-13	-5.475817E-02	-6.026212E-14	 7.165735E-13	-1.986190E-02	-4.087657E-13	 4.783590E-13	-8.489772E-03	-4.066571E-13	 3.398586E-13	-2.080784E-03	-4.777237E-13	 2.547611E-13	-3.715998E-04	-4.637392E-13	 9.918878E-14	 7.721828E-04	-3.854112E-13	-5.325574E-14	 1.514957E-03	-1.073739E-13	-2.539010E-13	 1.816256E-03	 1.604886E-13	-5.041357E-13	 2.213318E-03	 2.579156E-13	-5.726132E-13	 2.744160E-03	 1.764731E-13	-5.104157E-13	 3.263115E-03	-7.306111E-14
0.87202	 1.047199E+00	-7.229243E-14	 1.105062E-12	 9.494666E-01	-1.359588E-12	 3.654894E-12	 8.601229E-02	-3.338316E-12	 3.858343E-12	-2.151373E-01	-3.198125E-12	 3.011995E-12	-5.081947E-01	-2.335702E-12	 2.229218E-12	-4.398496E-01	-1.486619E-12	 1.912984E-12	-3.474753E-01	-7.535481E-13	 1.715576E-12	-2.288518E-01	-3.646624E-13	 1.151971E-12	-1.295396E-01	-4.069685E-15	 8.141195E-13	-6.680113E-02	 3.096172E-13	 2.643206E-13	-2.605932E-02	 3.028577E-13	-5.694040E-14	-1.171097E-02	 4.808687E-13	-3.635089E-13	-3.312960E-03	 5.897413E-13	-6.965868E-13	-1.044478E-03	 2.752847E-13	-9.776684E-13	 4.406123E-04	 5.443397E-14	-1.054348E-12	 1.301500E-03	-2.294413E-13	-1.079940E-12	 1.606006E-03	-3.749505E-13	-1.041302E-12	 2.014256E-03	-3.748621E-13	-1.091374E-12	 2.590350E-03	-2.507299E-13	-1.093212E-12	 3.262795E-03	 1.421279E-14
0.87797	 1.098339E+00	 7.981032E-12	 1.209946E-11	 1.009277E+00	 3.665775E-12	 1.147398E-11	 1.134472E-01	-2.236542E-12	 6.358359E-12	-2.020688E-01	-4.574542E-12	 4.160974E-12	-5.271827E-01	-5.336657E-12	 8.073535E-13	-4.657632E-01	-4.712445E-12	-1.220715E-12	-3.797959E-01	-3.276379E-12	-2.512576E-12	-2.571724E-01	-2.074520E-12	-2.847225E-12	-1.514753E-01	-9.774401E-13	-2.388736E-12	-8.106293E-02	-5.118853E-13	-2.290495E-12	-3.378088E-02	-5.894229E-13	-1.752794E-12	-1.586978E-02	-6.716349E-13	-1.407733E-12	-4.982684E-03	-6.846366E-13	-7.637543E-13	-1.957979E-03	-6.928862E-13	-3.166973E-13	 1.519645E-05	-8.026823E-13	 1.676498E-13	 1.041912E-03	-9.042194E-13	 3.525778E-13	 1.362355E-03	-8.288517E-13	 3.414928E-13	 1.769888E-03	-5.563961E-13	 1.542264E-13	 2.354178E-03	-1.905894E-13	-1.301940E-13	 3.149350E-03	 1.788857E-13
0.88388	 1.153242E+00	 1.287030E-12	 2.004590E-12	 1.072229E+00	-3.387719E-13	 4.051269E-12	 1.430745E-01	-2.605969E-12	 2.655676E-12	-1.863479E-01	-1.785564E-12	 1.874105E-12	-5.456854E-01	-2.234137E-12	 1.048731E-12	-4.915799E-01	-1.872576E-12	-4.204156E-14	-4.135362E-01	-1.266892E-12	-9.071148E-13	-2.876298E-01	-3.188053E-13	-1.033149E-12	-1.760296E-01	 4.322099E-13	-1.035574E-12	-9.757186E-02	 6.773517E-13	-7.585538E-13	-4.319180E-02	 8.148921E-13	-2.954322E-13	-2.113276E-02	 8.010226E-13	-1.892185E-13	-7.207199E-03	 6.559549E-13	-4.691196E-14	-3.190683E-03	 4.122637E-13	-9.999270E-14	-5.384802E-04	 2.354958E-13	 6.150162E-14	 7.188444E-04	-3.639008E-14	 2.087800E-13	 1.081962E-03	-3.484309E-13	 3.383352E-13	 1.483318E-03	-5.755304E-13	 4.455598E-13	 2.035624E-03	-6.885435E-13	 4.496118E-13	 2.911249E-03	-5.811692E-13
0.88976	 1.213979E+00	-6.602282E-12	-9.359125E-12	 1.140933E+00	-2.773262E-12	-7.434215E-12	 1.761922E-01	-6.503202E-13	-5.516890E-12	-1.678357E-01	 2.094789E-12	-3.853992E-12	-5.647466E-01	 2.709321E-12	-1.975251E-12	-5.182640E-01	 2.169330E-12	-6.707295E-13	-4.496411E-01	 2.036442E-12	 6.160268E-13	-3.210117E-01	 1.922089E-12	 1.700040E-12	-2.038966E-01	 2.068747E-12	 1.890471E-12	-1.168686E-01	 2.238128E-12	 2.109574E-12	-5.472712E-02	 2.123230E-12	 2.064207E-12	-2.780615E-02	 2.154885E-12	 1.679548E-12	-1.017523E-02	 1.852514E-12	 1.379244E-12	-4.867209E-03	 1.641203E-12	 9.335270E-13	-1.278750E-03	 1.491493E-12	 5.809367E-13	 3.027481E-04	 9.597715E-13	 1.180916E-13	 7.598920E-04	 4.783245E-13	-2.947748E-13	 1.164371E-03	-2.867280E-13	-5.216939E-13	 1.648637E-03	-8.006122E-13	-5.589557E-13	 2.558069E-03	-1.130478E-12
0.89559	 1.285360E+00	-1.558618E-12	-3.781228E-12	 1.221635E+00	 1.627206E-12	-7.723456E-12	 2.161350E-01	 4.979984E-12	-8.087977E-12	-1.460962E-01	 4.911855E-12	-6.822170E-12	-5.870030E-01	 4.917090E-12	-5.356986E-12	-5.484627E-01	 3.967310E-12	-3.244272E-12	-4.907762E-01	 2.917460E-12	-1.350328E-12	-3.594581E-01	 1.789532E-12	 2.081756E-13	-2.367465E-01	 1.213682E-12	 1.301341E-12	-1.401192E-01	 7.422563E-13	 1.975785E-12	-6.919472E-02	 3.975778E-13	 2.137555E-12	-3.640254E-02	 3.242398E-13	 2.008191E-12	-1.417465E-02	 3.907442E-14	 1.761442E-12	-7.174057E-03	-9.562858E-14	 1.189197E-12	-2.297319E-03	-3.567194E-13	 8.270722E-13	-2.623039E-04	-4.023559E-13	 4.156068E-13	 3.735975E-04	-4.169009E-13	 2.112287E-13	 8.127606E-04	-4.721811E-13	 3.217532E-14	 1.203934E-03	-5.237761E-13	-3.567795E-14	 2.104374E-03	-6.128973E-13
0.90139	 1.374374E+00	 7.890110E-13	-4.116981E-12	 1.324332E+00	 5.371861E-12	-9.754662E-12	 2.688710E-01	 1.135631E-11	-7.832448E-12	-1.196216E-01	 9.057896E-12	-8.053110E-12	-6.153707E-01	 9.112382E-12	-6.117173E-12	-5.859585E-01	 7.361208E-12	-5.254639E-12	-5.413512E-01	 5.289626E-12	-3.773166E-12	-4.068866E-01	 3.569061E-12	-2.503528E-12	-2.778426E-01	 1.733899E-12	-1.706083E-12	-1.697187E-01	 3.455757E-13	-1.027300E-12	-8.827674E-02	-2.124836E-13	-5.718661E-13	-4.797140E-02	-3.827217E-13	 2.874717E-13	-1.978747E-02	-3.567210E-13	 7.434520E-13	-1.044999E-02	-4.836582E-13	 1.181857E-12	-3.748746E-03	-6.920029E-13	 1.054178E-12	-1.066276E-03	-7.872021E-13	 9.135491E-13	-1.159029E-04	-8.610561E-13	 7.733135E-13	 4.169303E-04	-6.513868E-13	 6.668640E-13	 7.046432E-04	-4.681940E-13	 6.045142E-13	 1.562896E-03	-2.660206E-13
0.90715	 1.476828E+00	 2.203265E-12	 2.784598E-12	 1.441352E+00	 1.962041E-12	-2.118843E-12	 3.310939E-01	 5.295801E-12	-1.772097E-12	-8.657905E-02	 3.051137E-12	-3.277521E-12	-6.456940E-01	 3.296369E-12	-3.484308E-12	-6.262576E-01	 2.261968E-12	-4.394785E-12	-5.977999E-01	 2.466647E-12	-4.492524E-12	-4.610152E-01	 2.688136E-12	-4.626765E-12	-3.262146E-01	 2.813638E-12	-4.713550E-12	-2.055388E-01	 2.921938E-12	-4.472796E-12	-1.124159E-01	 2.721561E-12	-3.872972E-12	-6.303234E-02	 2.495484E-12	-2.753317E-12	-2.744914E-02	 2.296657E-12	-1.739594E-12	-1.500543E-02	 2.414893E-12	-5.858268E-13	-5.792435E-03	 2.106813E-12	-3.325614E-14	-2.216650E-03	 1.425225E-12	 4.996116E-13	-7.646377E-04	 6.259049E-13	 5.280139E-13	-5.898865E-05	-2.371342E-13	 4.001566E-13	 1.253554E-04	-7.017791E-13	 9.292901E-14	 9.095467E-04	-8.561545E-13
0.91287	 1.585999E+00	 2.595771E-12	 3.985257E-12	 1.560193E+00	-1.616587E-13	 4.269994E-12	 3.961228E-01	-1.764550E-12	 3.800290E-12	-4.633317E-02	-2.574808E-12	 2.984059E-12	-6.734421E-01	-4.308801E-12	 1.679579E-12	-6.632878E-01	-4.375870E-12	 1.154057E-12	-6.542360E-01	-4.163415E-12	 3.973333E-13	-5.171952E-01	-3.383942E-12	-2.372574E-13	-3.788177E-01	-2.110168E-12	-6.806336E-13	-2.458937E-01	-8.125639E-13	-1.282078E-12	-1.410741E-01	 5.057275E-13	-1.551965E-12	-8.155915E-02	 1.145613E-12	-1.839439E-12	-3.736659E-02	 1.587342E-12	-1.517891E-12	-2.107425E-02	 2.025905E-12	-1.334530E-12	-8.568220E-03	 2.038804E-12	-9.606770E-13	-3.821793E-03	 1.922902E-12	-5.020496E-13	-1.625699E-03	 1.390210E-12	-8.854782E-14	-6.479784E-04	 6.632953E-13	 4.418400E-13	-5.521753E-04	-1.123298E-13	 8.035844E-13	 1.320799E-04	-8.056788E-13
0.91856	 1.714039E+00	-3.049549E-12	-4.109169E-12	 1.697384E+00	-3.662165E-12	 1.439765E-12	 4.738629E-01	-3.737647E-12	 5.138648E-12	 3.742303E-03	-2.432750E-12	 6.117232E-12	-7.038494E-01	-2.691482E-12	 6.771676E-12	-7.031845E-01	-2.021834E-12	 6.224508E-12	-7.176760E-01	-2.535747E-12	 5.815870E-12	-5.815440E-01	-2.930606E-12	 5.239269E-12	-4.407622E-01	-3.797312E-12	 4.258420E-12	-2.946430E-01	-4.301255E-12	 3.154240E-12	-1.771980E-01	-4.019787E-12	 1.618232E-12	-1.055463E-01	-3.775298E-12	 5.433980E-14	-5.083471E-02	-3.134544E-12	-7.373225E-13	-2.949070E-02	-1.918469E-12	-1.394077E-12	-1.249772E-02	-7.336348E-13	-1.375772E-12	-6.136319E-03	 4.916352E-13	-1.363544E-12	-2.805458E-03	 1.190483E-12	-1.025194E-12	-1.399473E-03	 1.509601E-12	-6.739208E-13	-1.344673E-03	 1.451568E-12	-2.518852E-13	-7.604608E-04	 1.199106E-12
0.92421	 1.872993E+00	-2.690515E-12	 1.899595E-12	 1.867082E+00	-5.726246E-12	 4.380554E-12	 5.740638E-01	-7.565623E-12	 4.539969E-12	 6.830438E-02	-6.083418E-12	 5.702594E-12	-7.409416E-01	-4.779111E-12	 4.913632E-12	-7.503244E-01	-3.319456E-12	 5.213173E-12	-7.942747E-01	-2.098507E-12	 4.933631E-12	-6.597788E-01	-1.404259E-12	 4.640350E-12	-5.173069E-01	-1.337335E-12	 4.578558E-12	-3.561015E-01	-1.745111E-12	 4.758645E-12	-2.244408E-01	-2.036134E-12	 4.275795E-12	-1.376349E-01	-2.938283E-12	 3.288855E-12	-6.968834E-02	-3.281786E-12	 1.853901E-12	-4.149059E-02	-3.120274E-12	 2.335248E-13	-1.823400E-02	-2.580187E-12	-1.044375E-12	-9.580705E-03	-1.613256E-12	-1.953212E-12	-4.497360E-03	-4.911566E-13	-2.255665E-12	-2.429546E-03	 4.815542E-13	-2.189591E-12	-2.326477E-03	 1.340198E-12	-1.812325E-12	-1.818861E-03	 1.862383E-12
0.92983	 2.069486E+00	-1.922642E-12	-9.196083E-13	 2.074411E+00	-6.383547E-13	-1.522593E-12	 7.021694E-01	-2.115010E-12	-5.049514E-13	 1.530729E-01	-4.661123E-12	-4.630558E-13	-7.842189E-01	-3.862260E-12	-4.971330E-13	-8.039583E-01	-3.511786E-12	 3.913957E-13	-8.857570E-01	-2.254431E-12	 1.632415E-13	-7.543588E-01	-6.270226E-13	 5.067536E-13	-6.117305E-01	 7.819930E-13	 9.176700E-13	-4.337072E-01	 2.331896E-12	 1.603221E-12	-2.865117E-01	 2.980552E-12	 2.176727E-12	-1.808654E-01	 2.688161E-12	 2.527066E-12	-9.636795E-02	 2.103719E-12	 2.651966E-12	-5.880819E-02	 8.253261E-13	 2.114080E-12	-2.675035E-02	-2.276795E-13	 1.344836E-12	-1.478055E-02	-9.739403E-13	 5.563559E-13	-6.964473E-03	-1.237719E-12	-4.558134E-14	-3.887646E-03	-1.125144E-12	-2.326446E-13	-3.582252E-03	-6.919182E-13	-8.451481E-14	-3.111916E-03	-1.309874E-13
0.93541	 2.300068E+00	-2.960699E-12	 1.496708E-13	 2.307715E+00	-6.626757E-12	 5.964854E-12	 8.536015E-01	-8.760095E-12	 5.218870E-12	 2.621031E-01	-5.058011E-12	 5.178034E-12	-8.284153E-01	-4.251706E-12	 4.639346E-12	-8.561888E-01	-1.855858E-12	 2.903261E-12	-9.858520E-01	-6.914008E-13	 1.519354E-12	-8.606089E-01	-2.846738E-13	 3.069016E-13	-7.215045E-01	 4.719762E-13	-8.137006E-13	-5.268983E-01	 1.284202E-12	-1.181361E-12	-3.649003E-01	 1.486163E-12	-1.583955E-12	-2.372561E-01	 2.293810E-12	-1.407094E-12	-1.332848E-01	 2.641564E-12	-9.494814E-13	-8.346697E-02	 2.520369E-12	-5.297056E-13	-3.939503E-02	 2.000000E-12	-6.863505E-14	-2.267428E-02	 1.241202E-12	 2.915267E-14	-1.061253E-02	 4.176281E-13	 8.441164E-14	-5.980924E-03	-1.906815E-13	 2.317882E-14	-5.175803E-03	-6.622810E-13	 1.150159E-14	-4.667952E-03	-8.907192E-13
0.94097	 2.568974E+00	-1.659862E-12	-3.431127E-14	 2.560270E+00	-3.473063E-12	 1.177480E-11	 1.026791E+00	-1.264989E-11	 8.502745E-12	 3.991285E-01	-6.926431E-12	 9.935191E-12	-8.753483E-01	-7.986431E-12	 7.288212E-12	-9.032392E-01	-4.276330E-12	 5.039479E-12	-1.092750E+00	-3.116968E-12	 3.458528E-12	-9.759162E-01	-2.216479E-12	 1.935201E-12	-8.445958E-01	-1.072006E-12	 9.017071E-13	-6.344439E-01	-1.365707E-12	 6.511171E-13	-4.601161E-01	-8.590242E-13	 4.624381E-13	-3.077260E-01	-2.219712E-13	 3.373965E-13	-1.821869E-01	 2.822042E-13	 1.381844E-13	-1.171545E-01	 7.457321E-13	-1.783296E-13	-5.737844E-02	 7.669679E-13	-6.525290E-13	-3.429290E-02	 6.227921E-13	-7.235151E-13	-1.590217E-02	-3.516667E-14	-8.715481E-13	-9.021665E-03	-4.693268E-13	-6.327598E-13	-7.243934E-03	-1.007954E-12	-4.073251E-13	-6.578224E-03	-1.179933E-12
0.94648	 2.946179E+00	 3.317392E-12	 7.284969E-12	 2.942894E+00	 1.550050E-12	 7.408491E-12	 1.301560E+00	-2.930811E-12	 2.067600E-12	 5.999725E-01	-1.868174E-12	 3.014671E-12	-9.306202E-01	-3.332349E-12	-2.078896E-13	-9.679686E-01	-3.389037E-12	-7.946257E-13	-1.247161E+00	-3.255011E-12	-1.285730E-12	-1.143681E+00	-2.408410E-12	-1.599381E-12	-1.023770E+00	-1.825338E-12	-1.153035E-12	-7.940342E-01	-7.592600E-13	-6.234724E-13	-6.042634E-01	 5.462254E-13	-6.355241E-13	-4.166896E-01	 1.017811E-12	-1.585977E-13	-2.617051E-01	 1.529162E-12	 2.700349E-13	-1.726041E-01	 1.483918E-12	 4.723428E-13	-8.869327E-02	 8.894315E-13	 1.033820E-12	-5.455735E-02	 4.382549E-13	 1.043786E-12	-2.507148E-02	-2.055337E-13	 1.140346E-12	-1.410412E-02	-6.820740E-13	 1.019664E-12	-1.009536E-02	-9.430112E-13	 6.466673E-13	-8.965084E-03	-1.273095E-12
0.95197	 3.289677E+00	 3.982595E-12	 2.974903E-13	 3.212890E+00	 1.237373E-11	-7.800441E-12	 1.512673E+00	 1.369465E-11	-8.921387E-12	 8.119716E-01	 9.608714E-12	-9.181708E-12	-9.594989E-01	 9.894640E-12	-9.936493E-12	-9.737726E-01	 6.313400E-12	-7.652255E-12	-1.342681E+00	 4.943148E-12	-6.887837E-12	-1.260623E+00	 2.008051E-12	-5.801662E-12	-1.163949E+00	 1.682370E-13	-4.344255E-12	-9.310231E-01	-6.465446E-14	-3.223966E-12	-7.439791E-01	-6.015644E-14	-2.567064E-12	-5.293712E-01	-5.595997E-15	-1.306275E-12	-3.536972E-01	 6.421755E-13	-1.279577E-12	-2.410228E-01	 9.299221E-13	-4.762876E-13	-1.310364E-01	 6.663919E-13	 8.218321E-14	-8.365898E-02	 8.843051E-13	 5.106069E-13	-3.886992E-02	 2.361116E-13	 1.350405E-12	-2.177297E-02	 2.816513E-13	 1.445197E-12	-1.355095E-02	 2.022934E-13	 1.788416E-12	-1.116734E-02	 1.076429E-13
0.95743	 3.736162E+00	 1.653242E-12	 8.311720E-12	 3.444290E+00	-7.509060E-12	 3.200346E-12	 1.733910E+00	-2.294286E-12	 5.756434E-12	 1.069465E+00	-4.140642E-12	 1.757403E-12	-1.065458E+00	-2.127466E-12	 2.315864E-12	-9.735482E-01	-1.443992E-12	 6.710850E-13	-1.459713E+00	-5.993034E-13	 7.105577E-13	-1.377370E+00	-1.465147E-12	-4.339766E-13	-1.295942E+00	-1.338544E-12	-4.336473E-13	-1.058253E+00	-2.494182E-12	-5.444589E-13	-8.825560E-01	-2.639646E-12	-1.844300E-13	-6.400634E-01	-2.762535E-12	 1.875900E-13	-4.529023E-01	-2.072278E-12	-3.039761E-14	-3.176374E-01	-1.791134E-12	 3.293391E-13	-1.803084E-01	-1.213751E-12	-4.824435E-14	-1.208978E-01	-5.997628E-13	 4.182327E-13	-5.619232E-02	-4.814050E-13	 5.263827E-13	-3.248320E-02	 8.602318E-14	 1.146401E-12	-1.797881E-02	 1.530691E-13	 1.536894E-12	-1.360035E-02	 6.965124E-13
0.96285	 5.344231E+00	-4.410941E-12	-8.539735E-12	 5.333347E+00	-5.310533E-12	-7.426741E-12	 3.302174E+00	-6.741125E-13	-3.487886E-13	 2.033408E+00	-4.266054E-12	-6.492389E-13	-1.217515E+00	-3.159461E-12	 3.330890E-12	-1.211656E+00	-2.097534E-12	 4.155485E-12	-2.198563E+00	-3.182371E-12	 5.660361E-12	-2.144698E+00	-1.774438E-12	 5.073420E-12	-2.114664E+00	-2.011653E-12	 5.985104E-12	-1.806680E+00	-2.230993E-12	 5.587536E-12	-1.568422E+00	-2.189924E-12	 5.127963E-12	-1.185208E+00	-2.139141E-12	 4.394280E-12	-8.996272E-01	-1.706238E-12	 3.756078E-12	-6.466627E-01	-1.803676E-12	 2.663068E-12	-4.039360E-01	-1.167315E-12	 2.280705E-12	-2.773656E-01	-1.620485E-12	 1.846630E-12	-1.393981E-01	-1.359670E-12	 1.778174E-12	-8.326770E-02	-1.479209E-12	 2.261466E-12	-3.945025E-02	-1.479624E-12	 2.693949E-12	-2.451817E-02	-1.197351E-12
0.96825	 5.960762E+00	-9.451673E-12	-1.008368E-11	 5.966333E+00	-6.913691E-12	-1.728601E-11	 3.878672E+00	 2.358003E-12	-9.864073E-12	 2.586283E+00	-1.542991E-12	-1.276768E-11	-9.668692E-01	 4.560297E-12	-8.265989E-12	-9.941090E-01	 1.391280E-12	-5.505968E-12	-2.240618E+00	 2.266778E-12	-4.617082E-12	-2.281819E+00	 1.487704E-12	-1.593584E-12	-2.373621E+00	 6.972868E-13	 1.080912E-12	-2.125910E+00	-3.406122E-14	 2.950271E-12	-1.942226E+00	-2.019358E-12	 5.262755E-12	-1.538519E+00	-2.230758E-12	 6.616564E-12	-1.253566E+00	-3.592243E-12	 7.662381E-12	-9.408344E-01	-3.119950E-12	 8.238625E-12	-6.461924E-01	-3.077930E-12	 7.962653E-12	-4.625440E-01	-2.645263E-12	 7.362851E-12	-2.590572E-01	-2.217076E-12	 6.007137E-12	-1.625358E-01	-2.170995E-12	 4.658746E-12	-7.672242E-02	-2.194140E-12	 3.249019E-12	-4.133892E-02	-2.434095E-12
0.97361	 4.302512E+00	 9.774335E-12	 8.384303E-12	 2.704877E+00	 7.926051E-12	 1.382030E-11	 1.200944E+00	 2.257819E-12	 8.192429E-12	 1.431012E+00	 6.307451E-12	 6.847769E-12	-1.187584E+00	 2.584928E-12	 4.458515E-12	-5.299192E-01	 3.674979E-12	 6.204823E-13	-1.112300E+00	 2.803668E-12	-2.690225E-12	-1.079654E+00	 1.804849E-12	-4.440174E-12	-1.041261E+00	 2.804275E-12	-6.403929E-12	-9.387586E-01	 9.367020E-13	-7.071331E-12	-9.225202E-01	 7.115248E-14	-7.055490E-12	-7.071244E-01	-9.670542E-13	-7.068899E-12	-6.410476E-01	-3.101111E-12	-5.660719E-12	-4.889857E-01	-3.238347E-12	-4.353953E-12	-3.455167E-01	-4.324610E-12	-2.906341E-12	-2.656871E-01	-4.359305E-12	-1.251867E-12	-1.378608E-01	-4.317431E-12	-6.084447E-13	-8.999857E-02	-4.445205E-12	-1.016767E-14	-3.419912E-02	-3.997978E-12	-2.737433E-13	-1.312253E-02	-3.611392E-12
0.97895	 1.083379E+01	 1.536722E-11	 1.618230E-11	 8.009343E+00	 1.404916E-11	 2.177453E-11	 6.856504E+00	 5.771377E-12	 1.221952E-11	 5.445925E+00	 9.335956E-12	 1.473335E-11	-2.747197E+00	 2.866481E-12	 1.234717E-11	-7.606816E-01	 5.564283E-12	 1.063128E-11	-3.625010E+00	 8.197996E-13	 8.119480E-12	-3.351879E+00	 2.203186E-12	 6.159104E-12	-3.320372E+00	 2.420154E-12	 2.806238E-12	-3.191297E+00	 1.687213E-12	-4.978653E-13	-3.026730E+00	 5.473240E-12	-3.654801E-12	-2.430496E+00	 5.184780E-12	-7.764801E-12	-2.351426E+00	 7.944856E-12	-1.045050E-11	-1.799278E+00	 6.869978E-12	-1.281729E-11	-1.475007E+00	 6.669662E-12	-1.342582E-11	-1.171456E+00	 3.851419E-12	-1.346107E-11	-7.268927E-01	 1.176917E-12	-1.225896E-11	-5.406704E-01	-1.345377E-12	-1.158864E-11	-2.455444E-01	-4.376568E-12	-1.046088E-11	-1.183134E-01	-5.488856E-12
0.98425	 4.306783E+01	-4.668134E-11	-4.924577E-11	 4.117560E+01	-3.410236E-11	-5.004041E-11	 4.542725E+01	-3.205531E-11	-4.756888E-11	 3.052360E+01	-1.631618E-11	-4.760861E-11	 3.138142E-01	-3.211289E-12	-3.220211E-11	 5.031206E+00	 1.837892E-12	-1.993523E-11	-1.523782E+01	 1.074015E-11	-2.585541E-12	-1.289721E+01	 1.228176E-11	 1.316577E-11	-1.748919E+01	 1.666787E-11	 2.716617E-11	-1.750341E+01	 2.087111E-11	 3.662016E-11	-1.662076E+01	 2.194367E-11	 4.247126E-11	-1.504625E+01	 2.807565E-11	 4.507705E-11	-1.439914E+01	 3.024619E-11	 4.034793E-11	-1.165724E+01	 2.868732E-11	 3.790543E-11	-1.102092E+01	 3.236357E-11	 2.623150E-11	-8.890120E+00	 2.157872E-11	 1.892258E-11	-7.323455E+00	 2.208321E-11	 5.515886E-12	-6.072467E+00	 9.245956E-12	-4.627594E-12	-4.097206E+00	 5.467812E-12	-1.526187E-11	-3.163498E+00	-2.219478E-12
0.98953	 6.186887E+03	-4.767069E-10	-3.615105E-09	 1.184823E+03	 3.146997E-09	 1.774189E-09	-7.478867E+03	-2.256826E-09	 1.970532E-09	 4.713223E+02	-2.727932E-09	-3.108346E-09	 4.983982E+03	 2.776226E-09	-1.349627E-09	-3.264389E+02	 2.200222E-09	 1.827484E-09	-2.563480E+03	-2.064316E-09	-2.485659E-11	 5.950220E+02	-1.039342E-09	-1.636434E-09	 1.406893E+03	 1.540458E-09	 5.242097E-11	-3.455412E+02	 2.247691E-10	 1.220249E-09	-6.213056E+02	-1.433211E-09	 2.280155E-10	 2.422091E+02	-5.617648E-10	-3.840557E-11	 2.786820E+02	 3.317979E-10	 5.919664E-10	-1.266833E+02	-1.128763E-10	 6.331855E-10	-1.118416E+02	-3.969120E-10	 2.960591E-10	 6.061283E+01	-1.037858E-11	 1.775782E-10	 3.053822E+01	 1.696687E-10	 3.190878E-10	-3.497591E+01	-2.751392E-11	 1.648373E-10	-1.928933E+01	-1.437642E-10	-1.810414E-11	 4.600677E+00	-6.305655E-11
0.99478	 3.836955E+04	 2.629821E-09	-1.663790E-08	-2.293340E+03	 2.810614E-08	 4.008893E-08	-5.662145E+04	-3.500238E-08	 5.248091E-09	 1.163788E+04	-1.898312E-08	-4.176140E-08	 3.352698E+04	 3.537456E-08	 3.776117E-09	-9.323118E+03	 2.245619E-09	 9.581122E-09	-1.509087E+04	-1.524043E-09	 4.374993E-09	 3.697782E+03	 8.153690E-09	 3.111126E-08	 8.859510E+03	-3.919811E-08	-2.742240E-08	 2.111612E+03	-3.085997E-09	-5.398629E-08	-9.434890E+03	 6.329413E-08	 5.144966E-08	-3.338298E+03	-1.252467E-08	 5.320053E-08	 1.221860E+04	-6.550248E-08	-6.407048E-08	 1.625148E+03	 2.569121E-08	-3.714176E-08	-1.278599E+04	 5.094314E-08	 6.141291E-08	 1.223100E+03	-3.000043E-08	 1.577836E-08	 1.093916E+04	-2.998368E-08	-4.883646E-08	-3.051175E+03	 2.702695E-08	-2.099336E-09	-7.670107E+03	 1.293148E-08	 3.170066E-08	 3.523832E+03	-1.964471E-08
1.00000	 1.746260E+05	 1.136244E-08	-1.328181E-07	-6.420009E+03	 2.035663E-07	 2.280360E-07	-2.420111E+05	-2.049845E-07	 7.640491E-08	 5.472802E+04	-1.658120E-07	-1.938304E-07	 1.421687E+05	 1.941196E-07	-3.007329E-09	-4.403473E+04	 3.740945E-08	 3.261495E-08	-7.342666E+04	-2.308987E-08	 4.233142E-08	 2.295005E+04	 3.401314E-08	 1.848013E-07	 6.541637E+04	-2.092445E-07	-1.696497E-07	 2.943476E+02	-2.508300E-08	-3.314035E-07	-7.785002E+04	 3.631089E-07	 2.722935E-07	 1.102805E+03	-4.528136E-08	 2.961082E-07	 9.335716E+04	-3.810829E-07	-3.636286E-07	-1.115739E+04	 1.210502E-07	-2.266238E-07	-8.881463E+04	 2.920236E-07	 3.368897E-07	 2.489300E+04	-1.675197E-07	 1.003728E-07	 7.193539E+04	-1.936843E-07	-2.709110E-07	-2.958369E+04	 1.314379E-07	-1.512746E-08	-4.762360E+04	 7.185718E-08	 1.858396E-07	 2.807322E+04	-1.232278E-07
