r	   0/   0	   0/   1	   1/  -1	   1/   0	   1/   1	   2/  -1	   2/   0	   2/   1	   3/  -1	   3/   0	   3/   1	   4/  -1	   4/   0	   4/   1	   5/  -1	   5/   0	   5/   1	   6/  -1	   6/   0	   6/   1	   7/  -1	   7/   0	   7/   1	   8/  -1	   8/   0	   8/   1	   9/  -1	   9/   0	   9/   1	  10/  -1	  10/   0	  10/   1	  11/  -1	  11/   0	  11/   1	  12/  -1	  12/   0	  12/   1	  13/  -1	  13/   0	  13/   1	  14/  -1	  14/   0	  14/   1	  15/  -1	  15/   0	  15/   1	  16/  -1	  16/   0	  16/   1	  17/  -1	  17/   0	  17/   1	  18/  -1	  18/   0	  18/   1	  19/  -1	  19/   0	  19/   1
0.07217	 1.862819E+00	-4.646967E-15	 3.635788E-15	 3.616952E-02	-3.041827E-15	 8.078677E-16	 2.231066E-03	-5.896620E-17	 9.566652E-17	 1.391422E-04	 1.994716E-16	 3.147935E-17	 4.175449E-06	 2.839284E-16	 1.927151E-16	 2.656945E-06	-9.075267E-17	-2.570558E-16	-4.184474E-06	 2.641194E-17	 1.259174E-17	 2.232675E-06	-2.327937E-16	-3.266175E-16	-3.746371E-06	 5.538830E-16	 8.599238E-18	 5.572982E-07	-1.807376E-16	-9.597364E-17	-2.861488E-08	 2.251158E-16	-2.105278E-16	-1.796508E-06	 1.675316E-16	-3.378272E-18	 1.155827E-06	-1.233069E-16	-1.815053E-16	-5.205481E-07	 2.716438E-16	 3.075763E-16	 4.112453E-07	-5.064337E-16	-2.475352E-16	 2.017987E-07	 3.275388E-16	 3.799020E-16	 1.453787E-07	-5.538830E-16	 3.178647E-17	 8.896670E-08	-2.529097E-16	 2.630445E-16	 2.804934E-08	-6.148455E-16	 2.068424E-16	 1.756045E-08	 1.939435E-16
0.12500	 1.855932E+00	-3.062711E-15	 1.548323E-15	 6.216472E-02	-1.385552E-15	 4.502315E-16	 6.652579E-03	 9.677214E-16	 2.687262E-16	 6.914384E-04	 8.551635E-16	 6.228305E-16	 8.972968E-05	-9.505229E-17	 6.567668E-16	 2.994885E-05	 4.652802E-17	 2.358648E-16	-1.783650E-05	 1.300635E-16	 2.492243E-16	-1.408041E-06	 2.679584E-16	 1.484904E-16	-8.220578E-07	 3.639320E-17	 2.103742E-17	 1.419440E-06	-6.845608E-16	-2.846962E-16	-1.480244E-06	 3.425875E-16	-2.105278E-16	-1.993462E-06	 2.231195E-16	-1.074905E-18	 2.757614E-06	 1.156290E-16	-4.594450E-16	-1.501460E-06	-4.053926E-17	 3.677710E-16	-1.959297E-07	-6.862499E-16	 1.159362E-16	-2.433383E-07	 2.094529E-16	 2.900707E-16	-1.577121E-07	-3.264639E-16	 1.618499E-16	 7.964332E-08	-1.689136E-17	 1.263781E-16	 9.191201E-08	-3.292280E-16	 2.641194E-17	 6.015049E-08	-3.843552E-16
0.16137	 1.848969E+00	-1.083811E-15	-3.440770E-15	 7.964010E-02	 3.402073E-15	-1.969225E-15	 1.098207E-02	 1.405054E-15	-6.156133E-16	 1.456712E-03	 1.790023E-15	 1.159362E-15	 2.515091E-04	-6.592237E-16	 1.014557E-15	 8.122113E-05	-1.151684E-17	 2.997449E-16	-1.751463E-05	-3.562541E-17	-3.700743E-17	-1.055789E-05	 1.490279E-15	 1.255028E-15	 9.681021E-06	-1.471084E-15	 6.902424E-16	-6.318716E-07	-1.122508E-16	-1.378949E-16	-9.126052E-06	 1.558612E-16	-4.161417E-16	 2.467218E-06	-2.509135E-16	-1.756701E-16	 2.667111E-06	 5.001378E-16	 5.150329E-16	-1.964075E-06	-4.483888E-16	-3.716099E-17	 8.775649E-07	 2.154416E-16	 2.785539E-16	 3.988357E-07	-2.441569E-16	-4.295012E-16	-4.493201E-07	 4.433214E-16	 4.207484E-16	-4.144783E-07	 2.380146E-17	 1.607750E-16	-1.525221E-07	 1.530971E-16	 4.640517E-16	-4.864700E-08	 2.991306E-16
0.19094	 1.842061E+00	-4.187522E-16	-3.723009E-15	 9.352819E-02	 3.391324E-15	-1.435151E-15	 1.514826E-02	 6.894746E-17	-1.329504E-15	 2.402322E-03	 1.337489E-15	 5.597182E-16	 4.641089E-04	-1.474155E-17	 9.433057E-16	 1.394114E-04	-1.521758E-16	-1.369736E-16	-5.741996E-06	 2.569022E-16	-3.206287E-16	-1.231601E-05	 6.071676E-16	 9.431521E-16	 1.919259E-05	-1.712016E-15	 3.238534E-16	-3.877362E-06	 1.633241E-15	-3.147935E-17	-1.567081E-05	 3.287673E-16	-4.376398E-16	 7.077671E-06	-2.886887E-16	 7.057517E-16	 2.819425E-06	 2.524491E-16	 1.474155E-16	-3.994977E-06	-7.662535E-16	 7.969651E-17	-1.266027E-07	 1.543256E-16	 1.557076E-16	 1.196995E-06	-1.805840E-16	 1.271459E-16	 5.303732E-07	 3.352167E-16	-1.061085E-16	-9.169982E-08	 3.045052E-16	 2.030034E-16	-1.184404E-07	-2.472281E-17	 7.539689E-17	-6.919852E-08	 6.142313E-18
0.21651	 1.835277E+00	-2.065813E-15	 1.505634E-15	 1.052935E-01	-3.189857E-15	 1.670863E-15	 1.912619E-02	-1.295107E-15	 3.992503E-17	 3.449424E-03	 5.804486E-17	 7.960437E-16	 7.344732E-04	-5.144187E-17	 2.025428E-16	 2.125314E-04	-6.234447E-17	-3.777522E-17	 1.336960E-05	 7.837591E-16	 7.197255E-16	-1.193066E-05	-1.673780E-16	 5.082764E-16	 2.401648E-05	-8.780436E-16	-2.364790E-17	-1.175784E-06	 2.087004E-15	-4.270443E-16	-1.884792E-05	 3.349096E-16	-4.494637E-16	 5.724805E-06	 4.709618E-16	 1.618192E-15	 4.246965E-06	 2.165165E-16	-4.422465E-16	-3.153730E-06	-3.553328E-16	-2.704153E-16	-1.566531E-06	-5.649392E-16	-3.507261E-16	 4.219635E-07	 1.500260E-16	 5.406771E-16	 7.348604E-07	 9.167402E-17	 4.029357E-16	 2.194709E-07	-2.228124E-16	 7.555045E-17	 5.802637E-08	 1.199287E-16	-9.044555E-17	 9.180420E-08	 2.687262E-16
0.23936	 1.828683E+00	-4.280885E-15	 7.867688E-15	 1.156374E-01	-1.072448E-14	 3.822054E-15	 2.288756E-02	-2.176375E-15	 1.696814E-15	 4.539401E-03	 1.630784E-16	 1.792941E-15	 1.045113E-03	-1.560147E-16	-2.805501E-16	 3.000737E-04	-1.874941E-16	 1.713705E-16	 3.984993E-05	 1.038512E-15	 1.503331E-15	-7.817251E-06	 4.981416E-16	 1.355916E-16	 2.621538E-05	-6.392612E-16	 1.208500E-16	 2.501114E-06	 1.634162E-15	-5.730778E-16	-1.940515E-05	-2.096064E-16	-4.182915E-16	 3.424716E-06	 4.834000E-16	 9.839985E-16	 5.044277E-06	 2.536775E-16	-8.324369E-16	-1.907939E-06	 1.876477E-16	 2.076102E-16	-2.184554E-06	-4.322653E-16	-1.111759E-16	-2.905175E-07	 3.584039E-16	-7.723958E-17	 5.717301E-07	-3.086512E-17	-1.423481E-16	 2.608536E-07	-3.679245E-16	-1.501795E-16	 7.389117E-08	 1.804304E-16	 9.904479E-17	 1.569801E-07	-5.159543E-17
0.26021	 1.822331E+00	-5.604400E-15	 1.377275E-14	 1.249652E-01	-1.699317E-14	 6.478144E-15	 2.641452E-02	-3.409751E-15	 2.653633E-15	 5.628290E-03	-9.674143E-18	 1.802462E-15	 1.378787E-03	-1.228463E-16	 4.904637E-16	 3.984988E-04	-1.115751E-15	 2.060746E-16	 7.180404E-05	 7.579614E-16	 1.300328E-15	 2.419405E-07	 5.747669E-16	 6.166882E-16	 2.772089E-05	-4.703476E-16	 1.449586E-16	 5.795058E-06	 1.315223E-15	-6.553848E-16	-1.832562E-05	-8.459500E-16	 1.253032E-16	 1.205739E-06	 1.973218E-16	 4.907708E-16	 5.108453E-06	 4.095387E-16	-1.947113E-16	-5.792441E-07	 1.176253E-16	 3.659283E-16	-2.126639E-06	-8.599238E-18	 6.403361E-17	-8.654324E-07	-1.707563E-16	 1.767450E-16	 2.500383E-07	-3.413590E-16	-2.572093E-16	 2.169480E-07	-1.620035E-16	-3.134115E-16	 5.794129E-08	-3.915724E-17	-1.443443E-17	 1.543092E-07	-7.524333E-18
0.27951	 1.816255E+00	-6.714008E-15	 9.171701E-15	 1.335344E-01	-1.335462E-14	 5.555415E-15	 2.970419E-02	-1.718005E-15	 2.760662E-15	 6.685863E-03	 1.633855E-16	 1.579189E-15	 1.720517E-03	-4.281192E-16	 1.106384E-15	 5.038183E-04	-1.619881E-15	 6.458642E-16	 1.076832E-04	 4.447034E-16	 7.690176E-16	 1.167782E-05	 8.370437E-16	 4.678907E-16	 2.938620E-05	-1.999323E-16	 4.852427E-16	 8.407928E-06	 9.195042E-16	-1.779735E-16	-1.625116E-05	-2.725651E-16	 2.728722E-16	-4.710653E-07	 5.558793E-17	 1.124043E-16	 4.606249E-06	 4.764899E-16	 3.287673E-16	 4.399286E-07	 1.151684E-17	 2.635052E-16	-1.669962E-06	-1.609286E-16	-1.996252E-17	-1.121889E-06	 5.236322E-17	-7.985007E-18	-6.439992E-08	-2.037712E-16	 2.034641E-16	 9.673211E-08	-5.746134E-16	-2.598198E-16	 8.020207E-09	 3.931080E-17	-3.703815E-16	 1.234672E-07	 2.936025E-16
0.29756	 1.810469E+00	-4.933198E-15	-4.108900E-15	 1.415156E-01	 9.700247E-16	-7.178828E-16	 3.276618E-02	 3.703047E-15	 4.666622E-16	 7.694878E-03	 2.614475E-15	 6.712012E-16	 2.059548E-03	-3.654676E-16	 4.222840E-16	 6.126291E-04	-8.361223E-16	 6.681301E-16	 1.463492E-04	 6.030216E-16	 6.137706E-16	 2.576381E-05	 1.020852E-15	-1.871870E-16	 3.153498E-05	 3.633178E-16	-1.689136E-16	 1.038062E-05	 7.522798E-16	 3.731455E-16	-1.366428E-05	-7.631824E-17	 1.177788E-16	-1.473665E-06	 2.793217E-16	-2.624303E-16	 3.832219E-06	 5.715422E-16	 5.052052E-16	 1.024701E-06	-1.784342E-16	-2.045390E-16	-1.118701E-06	-1.102545E-16	 4.992165E-16	-1.112401E-06	-8.906353E-17	 5.087371E-16	-2.646971E-07	-1.951720E-16	 1.136328E-16	-2.911942E-08	-4.347222E-16	-6.787256E-17	-6.022329E-08	 1.768986E-16	 4.146061E-18	 7.358187E-08	 2.002394E-16
0.31458	 1.804969E+00	-2.157027E-15	-6.699728E-15	 1.490249E-01	 7.248543E-15	-2.349281E-15	 3.561715E-02	 4.988326E-15	-1.014403E-15	 8.647804E-03	 2.806576E-15	-1.209728E-15	 2.389371E-03	-2.393966E-16	-6.799540E-16	 7.225302E-04	-5.669355E-16	-2.120633E-16	 1.869884E-04	 7.390738E-16	 8.812683E-16	 4.184023E-05	 4.723438E-16	-5.064337E-16	 3.426441E-05	 4.783326E-16	-5.624823E-16	 1.185002E-05	 2.120633E-16	 5.317707E-16	-1.091484E-05	-5.572613E-16	 1.765915E-17	-1.856345E-06	 5.343812E-16	-1.847301E-16	 3.033799E-06	 6.409503E-16	 5.104262E-16	 1.231831E-06	 1.398912E-16	 1.110223E-16	-6.581058E-07	-4.791004E-17	 4.322653E-16	-9.610142E-07	-3.157149E-16	 3.226250E-16	-3.419331E-07	-3.293815E-16	 2.410858E-16	-1.162326E-07	 1.867263E-16	-2.088386E-16	-1.216437E-07	-2.288011E-17	-3.769844E-16	 1.934629E-08	-2.785539E-16
0.33072	 1.799746E+00	-2.365098E-15	-2.607258E-15	 1.561445E-01	 3.815605E-15	 2.111420E-16	 3.827557E-02	 3.489294E-15	-1.495653E-16	 9.542426E-03	 1.963083E-15	-1.760080E-15	 2.706272E-03	-5.110404E-16	-1.020545E-15	 8.318611E-04	-2.415464E-16	-5.466658E-16	 2.289431E-04	 8.917102E-16	 4.841678E-16	 5.931256E-05	-7.063660E-17	-2.998984E-16	 3.755811E-05	 5.630965E-16	-3.817447E-16	 1.298252E-05	-5.915047E-16	 4.265836E-16	-8.223582E-06	-2.765576E-16	 3.339883E-16	-1.765837E-06	 7.754670E-17	-4.594450E-16	 2.348953E-06	 5.508119E-16	 1.532507E-16	 1.184397E-06	 3.762167E-16	 3.940294E-16	-3.507632E-07	 3.098797E-16	 3.485762E-16	-7.708935E-07	 4.422465E-17	 7.508977E-17	-3.337549E-07	-3.346025E-16	-7.677891E-17	-1.562736E-07	-1.730597E-16	 2.288011E-17	-1.621893E-07	-1.397376E-17	-1.386627E-16	-2.687902E-08	-2.073031E-17
0.34611	 1.794786E+00	-2.744232E-15	 5.125606E-15	 1.629345E-01	-4.141608E-15	 3.658208E-15	 4.076047E-02	-2.490708E-16	 1.433462E-15	 1.038002E-02	 2.458461E-16	-1.738735E-15	 3.008494E-03	-3.967934E-16	-9.178151E-16	 9.395230E-04	 4.769506E-16	-1.004115E-15	 2.716798E-04	 1.559226E-15	 1.147077E-16	 7.764304E-05	-2.894565E-16	-4.956846E-16	 4.130987E-05	 1.954791E-16	-6.160740E-16	 1.394829E-05	-1.383402E-15	-8.599238E-18	-5.679187E-06	-2.172843E-16	 1.947113E-16	-1.367294E-06	 4.150668E-16	-3.240070E-17	 1.805323E-06	 5.165685E-16	 3.808234E-17	 9.914869E-07	 3.894226E-16	 3.639320E-16	-1.812533E-07	 1.435766E-16	-1.781271E-16	-5.941841E-07	-2.086851E-16	-2.323330E-16	-2.821501E-07	 1.213107E-16	 1.736739E-16	-1.620246E-07	-1.649211E-16	 1.497189E-16	-1.814575E-07	-3.163291E-17	-5.958043E-17	-5.971632E-08	-3.800556E-16
0.36084	 1.790069E+00	-2.138446E-15	 5.589658E-15	 1.694378E-01	-5.048674E-15	 3.355085E-15	 4.309256E-02	-2.296918E-15	 2.513281E-15	 1.116550E-02	-1.118822E-15	-1.075826E-15	 3.296241E-03	 9.320960E-17	-1.497803E-15	 1.045079E-03	 1.268388E-15	-1.573814E-15	 3.148606E-04	 1.771904E-15	-3.971005E-16	 9.640713E-05	-6.397219E-16	-7.561187E-16	 4.538948E-05	-1.213107E-17	-1.141242E-15	 1.489945E-05	-9.803131E-16	-1.285279E-16	-3.287147E-06	-1.438837E-16	-4.855498E-16	-7.968234E-07	 1.201436E-15	 8.338190E-17	 1.374009E-06	 4.592914E-16	 6.148455E-16	 7.228423E-07	-1.725990E-16	 2.349435E-17	-1.099897E-07	-5.865909E-17	-5.832126E-16	-4.454831E-07	-7.370775E-17	-1.874941E-16	-2.146943E-07	 2.350970E-16	-2.625839E-16	-1.496401E-07	 4.694262E-16	 2.062281E-16	-1.862488E-07	 2.687262E-17	 2.103742E-17	-8.021078E-08	-6.833323E-17
0.37500	 1.785570E+00	-3.187553E-15	 1.517765E-15	 1.756843E-01	-2.751756E-15	 5.838268E-16	 4.529380E-02	-1.701881E-15	 1.907649E-15	 1.190662E-02	-3.118759E-16	 9.689498E-17	 3.571390E-03	 9.945940E-16	-1.146156E-15	 1.148732E-03	 1.582567E-15	-1.650747E-15	 3.583355E-04	 1.981049E-15	-4.721903E-16	 1.153316E-04	-6.824109E-16	-6.487818E-16	 4.972859E-05	 2.283405E-16	-7.519726E-16	 1.595971E-05	-9.033806E-16	-8.353545E-17	-1.039527E-06	-6.928529E-16	-4.915386E-16	-1.519287E-07	 1.056171E-15	 2.856175E-17	 1.026088E-06	 6.388005E-16	 7.825306E-16	 4.224181E-07	-1.830409E-16	 2.807037E-16	-1.041360E-07	-1.922544E-16	-2.238873E-16	-3.273504E-07	-9.535941E-17	-4.333402E-16	-1.461650E-07	 2.842355E-16	 5.988755E-18	-1.297137E-07	 4.139919E-16	-2.854640E-16	-1.833817E-07	 4.024750E-16	-4.236660E-16	-9.222262E-08	 1.196215E-16
0.38864	 1.781263E+00	-4.925981E-15	-2.128004E-15	 1.816968E-01	-1.504867E-16	-1.808911E-15	 4.738480E-02	 3.068085E-16	 7.754670E-16	 1.261169E-02	 7.227966E-16	 7.633359E-16	 3.836442E-03	 1.667484E-15	 6.710477E-17	 1.250959E-03	 1.608979E-15	-7.981935E-16	 4.020097E-04	 2.019285E-15	 3.986361E-16	 1.342592E-04	-1.026380E-15	-1.093332E-16	 5.434165E-05	-1.824267E-16	-4.528420E-16	 1.722013E-05	-1.509166E-15	-3.071156E-19	 1.052788E-06	-1.232301E-15	-6.142313E-18	 4.995020E-07	 6.071676E-16	-6.111601E-17	 7.511712E-07	 2.040783E-16	 6.420252E-16	 1.235888E-07	 1.848836E-16	-1.802769E-16	-1.421557E-07	 1.689136E-17	-2.195877E-16	-2.427821E-07	 1.778200E-16	-1.124043E-16	-8.577743E-08	 1.980896E-17	 4.499244E-17	-1.076991E-07	 4.775648E-16	 3.101868E-17	-1.769504E-07	-2.966737E-16	-2.917599E-18	-9.927152E-08	 2.813179E-16
0.40182	 1.777126E+00	-4.202724E-15	-8.541193E-15	 1.874937E-01	 6.638304E-15	-4.700098E-15	 4.938271E-02	 3.563309E-15	 4.617484E-16	 1.328773E-02	 1.068916E-15	 1.538342E-15	 4.093627E-03	 1.285279E-15	 8.216879E-16	 1.352181E-03	 6.435608E-16	-3.141793E-16	 4.457570E-04	 1.253800E-15	 1.438837E-16	 1.531030E-04	-5.692388E-16	-6.300477E-16	 5.928748E-05	-2.332543E-16	-3.900369E-16	 1.873668E-05	-1.619114E-15	 2.271120E-16	 2.970615E-06	-1.424709E-15	 1.768986E-16	 1.112265E-06	 3.169433E-16	-4.053926E-16	 5.466653E-07	 2.604341E-16	 3.926473E-16	-1.488688E-07	 2.994377E-16	 7.063660E-17	-2.079863E-07	-7.232573E-17	-5.604860E-17	-1.939916E-07	 1.749024E-16	-5.359168E-17	-4.050308E-08	-8.368901E-17	 1.841158E-16	-8.737538E-08	-1.827338E-16	 1.271459E-16	-1.693344E-07	-1.240747E-16	 1.610822E-16	-1.035603E-07	 1.897975E-16
0.41458	 1.773141E+00	-5.005678E-15	-1.997787E-15	 1.930926E-01	 5.606396E-16	-3.780593E-16	 5.130038E-02	 9.956689E-16	 2.281716E-15	 1.393942E-02	 2.203555E-16	 1.532507E-15	 4.344329E-03	 8.614594E-16	 2.266513E-16	 1.452539E-03	-2.245015E-16	-6.234447E-16	 4.893758E-04	 7.604183E-16	-7.714745E-16	 1.717987E-04	-3.071156E-17	-1.280672E-15	 6.461508E-05	 5.134973E-16	-8.725155E-16	 2.053090E-05	-1.203893E-15	-3.012804E-16	 4.704231E-06	-5.505048E-16	 6.231376E-16	 1.659654E-06	 1.893368E-16	-1.871870E-16	 4.061277E-07	 8.534744E-16	 2.218910E-16	-3.811843E-07	-2.730258E-16	 3.301493E-17	-2.883255E-07	-8.599238E-17	 4.126099E-16	-1.797032E-07	-3.883477E-16	 2.817786E-16	-1.474008E-08	-2.030034E-16	 1.796626E-17	-7.207284E-08	-2.698011E-16	-3.071156E-18	-1.623962E-07	 1.638462E-16	 3.693066E-16	-1.064181E-07	 2.992842E-16
0.42696	 1.769296E+00	-4.841678E-15	 2.590520E-15	 1.985099E-01	-2.042473E-15	 2.419918E-15	 5.314735E-02	 1.031448E-15	 2.590674E-15	 1.456958E-02	 4.004788E-16	-4.425536E-16	 4.589177E-03	 1.116365E-15	-1.698349E-15	 1.551931E-03	-3.453515E-16	-2.020821E-15	 5.326330E-04	 1.016553E-16	-1.059703E-15	 1.902919E-04	-1.188538E-16	-1.238597E-15	 7.033549E-05	 1.867263E-16	-1.072755E-15	 2.259615E-05	-8.281373E-16	-5.116546E-16	 6.263702E-06	 2.421607E-16	 5.397557E-16	 2.131737E-06	 4.416323E-16	 1.738275E-16	 3.151648E-07	 4.339544E-16	 1.848836E-16	-5.720668E-07	-3.645463E-16	 5.455909E-16	-3.730630E-07	 4.698869E-17	 3.284602E-16	-1.945358E-07	 2.545989E-16	 1.182395E-17	-9.390879E-09	 1.015017E-16	 1.543256E-16	-6.437266E-08	 1.503331E-16	-1.168575E-16	-1.579383E-07	 2.108349E-16	-6.633698E-17	-1.089083E-07	 5.575684E-16
0.43899	 1.765578E+00	-1.674702E-15	 4.767970E-15	 2.037602E-01	-9.947475E-16	 1.604526E-15	 5.493112E-02	 6.785720E-16	 1.683147E-15	 1.518026E-02	-2.581307E-16	-1.618346E-15	 4.828579E-03	-1.673780E-17	-2.444026E-15	 1.650240E-03	-1.136635E-15	-1.895671E-15	 5.753555E-04	-1.122354E-15	-9.135155E-16	 2.085599E-04	-4.248945E-16	-3.911118E-16	 7.643304E-05	-2.263442E-16	-8.176954E-16	 2.490889E-05	-9.224218E-16	-2.595127E-16	 7.673981E-06	 3.700743E-16	 4.413252E-16	 2.531934E-06	 4.738794E-16	 1.736739E-16	 2.567026E-07	 5.351490E-16	 3.083441E-16	-7.290949E-07	-3.823590E-16	 5.936545E-16	-4.570243E-07	-3.132579E-17	 1.007339E-16	-2.315580E-07	 6.573810E-16	-6.910102E-17	-2.224266E-08	 3.194003E-16	-1.979360E-16	-6.538483E-08	 1.690672E-16	-1.675316E-16	-1.574945E-07	 2.225053E-16	-1.320597E-16	-1.121292E-07	 4.376398E-16
0.45069	 1.761978E+00	 1.850372E-16	-2.625532E-15	 2.088563E-01	 5.134206E-15	-2.307053E-15	 5.665780E-02	 7.085158E-16	-2.608947E-16	 1.577321E-02	 2.409322E-16	-1.478455E-15	 5.062995E-03	 2.435427E-16	-1.669634E-15	 1.747448E-03	-9.744779E-16	-9.839985E-16	 6.174620E-04	-4.023215E-16	-7.206468E-16	 2.266160E-04	-4.299619E-18	-1.151684E-16	 8.288273E-05	 1.552470E-16	-7.211075E-16	 2.743879E-05	-8.160062E-16	-7.734707E-16	 8.963756E-06	 3.425875E-16	 5.243999E-16	 2.870408E-06	 2.940632E-16	-1.716776E-16	 2.171308E-07	 5.994897E-16	 7.088229E-16	-8.623126E-07	-1.197751E-16	 3.253890E-16	-5.398023E-07	 3.608609E-17	 2.582842E-16	-2.854610E-07	 5.884336E-16	 7.816093E-17	-4.987837E-08	-1.305241E-16	-1.374342E-16	-7.475502E-08	-1.765915E-17	-2.228124E-16	-1.619286E-07	 4.560667E-17	 1.140935E-16	-1.170742E-07	 3.974076E-16
0.46211	 1.758489E+00	 1.248732E-15	 6.966150E-15	 2.138098E-01	-3.460118E-15	 5.219430E-15	 5.833198E-02	-6.575806E-15	 2.566719E-15	 1.634965E-02	-3.440463E-15	-8.301336E-16	 5.292744E-03	-1.645526E-15	-1.483829E-15	 1.843543E-03	-1.569054E-15	-1.316912E-15	 6.589100E-04	 2.731794E-16	-1.609900E-15	 2.444824E-04	 9.993543E-16	-8.464107E-16	 8.964979E-05	 9.603506E-16	-1.370964E-15	 3.015182E-05	-9.766277E-17	-9.907550E-16	 1.015915E-05	 4.600592E-16	 1.464942E-16	 3.158524E-06	 1.612357E-16	-8.153920E-17	 1.869187E-07	 4.778719E-16	 5.322314E-16	-9.806905E-07	 2.492243E-16	 6.642911E-16	-6.234733E-07	 3.283066E-16	 2.771719E-16	-3.531994E-07	-2.211233E-17	-1.348238E-16	-8.928749E-08	-4.228982E-16	-8.722084E-17	-9.151021E-08	 2.955988E-16	-5.202539E-16	-1.714829E-07	 2.721045E-16	 2.016214E-16	-1.244275E-07	 3.700743E-16
0.47324	 1.755105E+00	-4.923064E-16	-3.216729E-15	 2.186320E-01	 7.027420E-15	 7.888265E-16	 5.995654E-02	 8.715942E-16	 3.118759E-16	 1.690970E-02	-1.709713E-15	-2.323023E-15	 5.517656E-03	-2.270967E-15	-1.906267E-15	 1.938343E-03	-1.973372E-15	-1.262859E-15	 6.996137E-04	 4.780255E-16	-1.396148E-15	 2.621498E-04	 1.427320E-15	-8.184632E-16	 9.667543E-05	 1.380945E-15	-1.370350E-15	 3.300895E-05	 5.366846E-16	-2.470745E-16	 1.128334E-05	 3.312242E-16	 2.764041E-17	 3.406143E-06	 3.447373E-16	 1.365129E-16	 1.575898E-07	 2.615090E-16	 2.733329E-16	-1.092451E-06	-6.142313E-19	 3.478085E-16	-7.107347E-07	-7.017592E-17	 9.259536E-17	-4.328507E-07	-2.747149E-16	-1.842694E-18	-1.381181E-07	-2.955988E-16	-5.374524E-16	-1.146480E-07	 9.182758E-17	 1.380485E-16	-1.860172E-07	 4.744937E-17	 2.605876E-16	-1.345289E-07	 1.096403E-16
0.48412	 1.751822E+00	-1.660267E-15	 2.719048E-15	 2.233341E-01	-1.678233E-15	 2.208008E-15	 6.153318E-02	-2.465985E-15	 1.110069E-15	 1.745272E-02	-3.281838E-15	 1.996252E-18	 5.737160E-03	-3.217497E-15	 2.619696E-16	 2.031514E-03	-2.284173E-15	-1.153219E-16	 7.394467E-04	 4.514600E-16	-1.881083E-16	 2.795759E-04	 9.740172E-16	-1.441908E-16	 1.038734E-04	 1.281901E-15	-7.083622E-16	 3.596797E-05	 4.397896E-16	-2.945239E-16	 1.236145E-05	 3.783665E-16	 2.013143E-16	 3.622850E-06	 1.951720E-16	 3.309171E-16	 1.183407E-07	 6.443286E-16	 6.234447E-16	-1.207577E-06	-3.084977E-16	 1.463406E-16	-8.041563E-07	-6.526207E-16	-3.815912E-16	-5.219799E-07	-5.204074E-16	-6.383398E-16	-1.940613E-07	-1.415803E-16	-3.659283E-16	-1.433156E-07	 2.840820E-16	 2.493779E-16	-2.052416E-07	 2.243480E-16	 3.714564E-16	-1.474533E-07	 3.358309E-16
0.49476	 1.748637E+00	 2.065199E-15	-7.060281E-15	 2.279257E-01	 1.044285E-14	-6.054785E-15	 6.306372E-02	 3.578051E-15	-2.823775E-15	 1.797833E-02	-6.466320E-16	-1.021467E-15	 5.950780E-03	-1.833327E-15	 9.013844E-17	 2.122770E-03	-2.232424E-15	-8.210737E-16	 7.783249E-04	-2.764041E-18	-2.805501E-16	 2.967207E-04	 2.607412E-16	-4.104600E-16	 1.111486E-04	 8.249126E-16	-2.008536E-16	 3.899176E-05	 5.182576E-16	-8.000362E-17	 1.342355E-05	 4.970667E-16	 5.660141E-16	 3.819518E-06	 2.458461E-16	 2.502992E-16	 5.649443E-08	 9.529798E-16	 5.056659E-16	-1.338180E-06	-1.236140E-16	 1.274530E-17	-9.065009E-07	-1.911795E-16	-4.135312E-16	-6.176109E-07	 6.480140E-17	-7.894407E-16	-2.546053E-07	 1.217713E-16	-2.690333E-16	-1.766070E-07	 1.431159E-16	-1.213107E-16	-2.287031E-07	-2.690333E-16	 1.633855E-16	-1.631073E-07	 1.730597E-16
0.50518	 1.745546E+00	 1.673780E-17	-4.039646E-15	 2.324143E-01	 5.221734E-15	-1.585945E-15	 6.455126E-02	 5.635572E-17	 1.839623E-16	 1.848736E-02	-1.668866E-15	 2.691869E-16	 6.158573E-03	-1.753630E-15	 3.037374E-16	 2.212055E-03	-2.456618E-15	-2.502992E-17	 8.162705E-04	-7.140439E-17	-5.901227E-16	 3.135808E-04	 7.238716E-16	-3.740668E-16	 1.184238E-04	 7.324708E-16	-1.114830E-16	 4.205749E-05	 1.006879E-15	 3.035838E-16	 1.450184E-05	 4.264301E-16	 3.304564E-16	 4.007793E-06	 1.474155E-17	 7.473659E-16	-3.890681E-08	 2.079173E-16	-2.169772E-16	-1.495966E-06	-4.176773E-17	-4.086174E-16	-1.021079E-06	 4.913850E-17	-6.291264E-16	-7.175592E-07	 4.422465E-17	-3.815912E-16	-3.175621E-07	 1.117901E-16	-3.920331E-16	-2.134170E-07	-6.526207E-17	-2.556738E-16	-2.556859E-07	-2.730258E-16	 2.839284E-16	-1.812878E-07	-2.542917E-16
0.51539	 1.742540E+00	-2.623689E-15	-3.723316E-15	 2.368046E-01	 2.013911E-15	 1.965847E-15	 6.600051E-02	-1.836859E-15	 3.114153E-15	 1.898215E-02	-2.329626E-15	 1.555694E-15	 6.361327E-03	-1.820889E-15	 3.501118E-17	 2.299632E-03	-1.573507E-15	-3.012804E-16	 8.534359E-04	 1.243051E-15	-1.496267E-15	 3.302087E-04	 2.028806E-15	-9.697176E-16	 1.256638E-04	 1.520837E-15	-6.007182E-16	 4.516269E-05	 1.513466E-15	-3.370594E-16	 1.562408E-05	 1.139399E-16	 4.857034E-16	 4.198111E-06	-3.063478E-16	 5.899691E-16	-1.728088E-07	-8.077141E-17	-1.171646E-16	-1.688672E-06	-4.603663E-16	 3.071156E-19	-1.151797E-06	-3.249283E-16	 3.777522E-17	-8.219615E-07	-2.823928E-16	-3.240070E-16	-3.818656E-07	 2.303367E-18	-1.085654E-16	-2.525007E-07	 9.566652E-17	-4.560667E-17	-2.852071E-07	-4.142990E-16	-1.300635E-16	-2.017218E-07	 3.332205E-17
0.52540	 1.739611E+00	-1.430698E-15	 2.624917E-15	 2.410991E-01	-2.031877E-15	 3.380422E-15	 6.741730E-02	-2.614629E-15	 2.149809E-15	 1.946608E-02	-3.044591E-15	 4.425536E-16	 6.560348E-03	-2.389667E-15	-8.760474E-16	 2.385992E-03	-1.589784E-15	-6.506245E-16	 8.900526E-04	 5.971864E-16	-1.223395E-15	 3.466984E-04	 1.467552E-15	-8.855679E-16	 1.328808E-04	 9.471446E-16	-4.448570E-16	 4.832272E-05	 1.489972E-15	-6.535421E-16	 1.680713E-05	 2.349435E-16	 4.155275E-16	 4.397741E-06	 3.172505E-16	 8.484069E-16	-3.421133E-07	 1.016553E-16	 2.438498E-16	-1.917995E-06	-2.963666E-16	 2.635052E-16	-1.302798E-06	-3.783665E-16	 1.770522E-16	-9.338382E-07	-4.115350E-16	 3.194003E-17	-4.480550E-07	 7.877516E-17	-1.171646E-16	-2.927495E-07	-2.014679E-16	 7.032948E-17	-3.161752E-07	-4.301154E-16	 1.939435E-16	-2.240755E-07	-3.527223E-16
0.53522	 1.736749E+00	 2.013450E-15	-7.702767E-15	 2.453000E-01	 1.035072E-14	-4.890202E-15	 6.880731E-02	 3.095111E-15	-2.497464E-15	 1.994243E-02	-5.875122E-16	-1.924079E-15	 6.756910E-03	-8.596167E-16	-1.539571E-15	 2.471617E-03	-8.454893E-16	-1.016553E-16	 9.263238E-04	-4.293477E-16	 2.579771E-16	 3.631427E-04	-1.818125E-16	 2.773254E-16	 1.401151E-04	-5.313101E-17	 4.420930E-16	 5.155993E-05	 1.153066E-15	-2.605876E-16	 1.805400E-05	 5.111940E-16	 6.188380E-16	 4.609918E-06	 5.098120E-16	 4.878532E-16	-5.372116E-07	 7.570400E-17	 1.415803E-16	-2.180214E-06	-2.463067E-16	 3.809769E-16	-1.477930E-06	-3.172505E-16	 1.074905E-18	-1.058370E-06	 7.524333E-18	-1.546327E-16	-5.180981E-07	 1.480297E-16	 2.992842E-16	-3.334442E-07	-7.017592E-17	 9.121334E-17	-3.475792E-07	-3.226250E-16	 1.065691E-16	-2.479351E-07	-2.469210E-16
0.54486	 1.733947E+00	 6.431001E-16	-4.189057E-16	 2.494101E-01	 1.463252E-15	-1.231841E-15	 7.017492E-02	-3.498047E-16	-2.383217E-16	 2.041351E-02	-1.316912E-15	-6.429466E-16	 6.951872E-03	-1.394459E-15	-3.367523E-16	 2.556814E-03	-5.458980E-16	-3.014340E-16	 9.623522E-04	-4.463926E-16	-1.689136E-18	 3.795965E-04	-1.489511E-17	-5.876658E-16	 1.474090E-04	 6.501638E-16	 4.698869E-17	 5.489186E-05	 7.637966E-16	-1.368200E-16	 1.935654E-05	 6.575346E-16	 7.106656E-16	 4.834837E-06	 2.421607E-16	 5.197932E-16	-7.460767E-07	-4.228982E-16	 1.719848E-16	-2.469215E-06	-4.801753E-16	 4.113814E-16	-1.680458E-06	-1.520222E-17	-9.044555E-17	-1.201321E-06	 2.955988E-16	-3.567148E-16	-5.946290E-07	 3.967934E-16	 2.177450E-16	-3.743330E-07	 1.412732E-17	-3.224714E-17	-3.786054E-07	-2.555202E-16	 1.534043E-16	-2.727678E-07	-2.449247E-16
0.55434	 1.731199E+00	-3.402841E-16	 1.278154E-14	 2.534324E-01	-1.024522E-14	 6.101006E-15	 7.152319E-02	-3.975151E-15	 2.963359E-15	 2.088108E-02	-2.958445E-15	 8.193845E-16	 7.146007E-03	-3.889620E-15	-2.203555E-16	 2.641889E-03	-2.573629E-15	-1.343631E-15	 9.982263E-04	-5.558793E-16	-7.700925E-16	 3.961120E-04	 2.969808E-16	-1.077362E-15	 1.548075E-04	 1.554619E-15	-4.364113E-16	 5.833251E-05	 1.104234E-15	-5.422127E-16	 2.070427E-05	 9.373169E-16	 3.808234E-16	 5.072737E-06	-8.706728E-17	 4.185986E-16	-9.577257E-07	-1.084886E-15	 2.653479E-16	-2.779292E-06	-7.637966E-16	 3.491905E-16	-1.912763E-06	-2.020821E-16	-1.861121E-16	-1.367575E-06	 4.201342E-16	-5.611003E-16	-6.803603E-07	 2.625839E-16	-7.063660E-17	-4.158359E-07	 2.992842E-16	 4.645124E-16	-4.088466E-07	-1.013482E-17	 1.597001E-16	-2.979586E-07	-2.288011E-16
0.56366	 1.728501E+00	 6.518529E-16	 5.856235E-15	 2.573704E-01	-1.359447E-15	 4.517825E-15	 7.285354E-02	-1.812596E-15	 2.600348E-15	 2.134588E-02	-3.727155E-15	 6.853285E-16	 7.339773E-03	-4.731577E-15	-8.920174E-16	 2.727043E-03	-3.653601E-15	-1.743342E-15	 1.033987E-03	-5.368381E-16	-5.830590E-16	 4.127180E-04	-1.228463E-17	-2.487637E-17	 1.623406E-04	 8.640698E-16	 4.141454E-16	 6.188765E-05	 8.175418E-16	-1.173182E-16	 2.208658E-05	 3.419733E-16	-9.720210E-17	 5.322969E-06	 2.671906E-17	-1.111759E-16	-1.164300E-06	-9.107514E-16	-5.604860E-17	-3.105617E-06	-4.448570E-16	 3.356774E-16	-2.176041E-06	 2.380146E-17	-1.597001E-16	-1.560889E-06	 5.962650E-16	-4.167559E-16	-7.780348E-07	 6.096245E-16	 1.073369E-16	-4.590113E-07	 3.926473E-16	 3.782129E-16	-4.382614E-07	-2.650408E-16	 1.534043E-16	-3.228586E-07	-1.002733E-16
0.57282	 1.725853E+00	-3.447373E-15	 5.913204E-15	 2.612297E-01	-6.130182E-15	 7.210614E-15	 7.416539E-02	-4.566195E-15	 4.734188E-15	 2.180689E-02	-3.647152E-15	 1.643069E-15	 7.532730E-03	-2.574550E-15	-4.867783E-17	 2.812092E-03	-2.288165E-15	-5.087371E-16	 1.069513E-03	-9.909086E-16	 2.940632E-16	 4.293638E-04	-9.689498E-16	 5.125760E-16	 1.699890E-04	-2.392431E-16	 5.892013E-16	 6.554441E-05	 4.758757E-16	 3.253890E-16	 2.349341E-05	-8.092497E-17	 2.139060E-16	 5.583087E-06	-7.862160E-17	 3.025089E-17	-1.363727E-06	 6.372649E-17	 8.461036E-17	-3.445812E-06	 1.285279E-16	 4.001717E-16	-2.470319E-06	 5.911976E-17	-4.138383E-16	-1.783302E-06	 4.884674E-16	-3.789807E-16	-8.899645E-07	-8.752796E-17	 1.216178E-16	-5.052592E-07	 1.306777E-16	 4.737259E-16	-4.669901E-07	 8.445680E-18	 6.702799E-16	-3.467751E-07	-6.142313E-17
0.58184	 1.723257E+00	-8.416965E-15	-3.500658E-15	 2.650163E-01	-3.181104E-15	 2.321487E-15	 7.545737E-02	 1.183624E-15	 2.910996E-15	 2.226233E-02	 1.986270E-15	 1.325204E-15	 7.724057E-03	 1.320597E-15	-7.923583E-17	 2.896688E-03	 1.664567E-16	-2.466139E-16	 1.104624E-03	-5.437482E-16	 2.713367E-16	 4.459653E-04	-2.882280E-16	 1.790484E-16	 1.776995E-04	 1.001197E-16	 2.671906E-16	 6.927946E-05	 7.060588E-16	 3.562541E-16	 2.492232E-05	 4.876996E-16	 2.028499E-16	 5.852717E-06	 1.028837E-17	 2.877674E-16	-1.560111E-06	-1.535578E-17	 3.166362E-16	-3.802078E-06	 3.442766E-16	 3.897297E-16	-2.795267E-06	-3.106475E-16	-2.764041E-18	-2.034554E-06	-6.652125E-16	-1.762844E-16	-1.017354E-06	-2.466139E-16	 2.132918E-16	-5.560441E-07	 1.550934E-17	 2.679584E-16	-4.953314E-07	 6.894746E-17	 2.920670E-16	-3.690316E-07	-2.764041E-17
0.59073	 1.720711E+00	-5.373295E-15	 7.473659E-16	 2.687351E-01	-4.330945E-15	 3.348482E-15	 7.672881E-02	-1.980896E-17	 3.544268E-15	 2.271127E-02	-1.077976E-16	 1.531432E-15	 7.913373E-03	-1.414882E-15	-3.384414E-16	 2.980684E-03	-1.096403E-15	-1.472927E-15	 1.139248E-03	-1.174717E-16	-5.710815E-16	 4.624811E-04	 7.504371E-16	-6.495496E-17	 1.854242E-04	 8.824968E-16	-1.781271E-16	 7.307583E-05	 6.202200E-16	 3.518010E-16	 2.638184E-05	 7.367704E-16	 3.279995E-16	 6.135723E-06	 2.717973E-17	 4.769506E-16	-1.760162E-06	-4.391754E-17	 1.203893E-16	-4.179640E-06	 8.077141E-17	 2.209697E-16	-3.150996E-06	 1.658424E-16	 3.081905E-16	-2.313273E-06	-2.108349E-16	 3.025089E-16	-1.160676E-06	-4.015537E-16	 4.147597E-16	-6.127379E-07	 9.658787E-17	 1.965540E-16	-5.236707E-07	 3.459658E-16	-1.163968E-16	-3.890478E-07	-5.359168E-17
0.59948	 1.718214E+00	-1.395841E-15	-5.854852E-15	 2.723894E-01	 6.957398E-15	-3.412669E-15	 7.798013E-02	 5.074625E-15	-7.702460E-16	 2.315372E-02	 4.681978E-16	-1.017781E-15	 8.100726E-03	-1.110684E-15	-1.174257E-15	 3.064117E-03	-4.801753E-16	-1.353305E-15	 1.173404E-03	 4.628233E-16	-8.929387E-16	 4.789099E-04	 1.270230E-15	-3.703815E-16	 1.931308E-04	 9.058376E-16	-4.784862E-16	 7.692664E-05	 3.215501E-16	-1.102545E-16	 2.788561E-05	 4.244338E-16	 7.727029E-16	 6.437764E-06	-8.763545E-16	 6.831787E-16	-1.969308E-06	-6.629091E-16	 1.382020E-16	-4.583228E-06	 8.276766E-17	 3.895762E-16	-3.538177E-06	 5.346883E-16	 3.547186E-17	-2.618720E-06	 4.084638E-17	 2.779397E-17	-1.320557E-06	 1.934829E-17	 1.589323E-16	-6.765459E-07	-1.492582E-16	-1.842694E-18	-5.523362E-07	 2.916063E-16	 2.641194E-16	-4.063613E-07	-1.421945E-16
0.60810	 1.715765E+00	-3.278613E-15	-3.241452E-15	 2.759816E-01	 5.936545E-16	-4.210709E-15	 7.921265E-02	 3.668803E-15	-1.954177E-15	 2.359026E-02	 3.215194E-15	-1.348391E-15	 8.286340E-03	 2.535700E-15	-1.500260E-15	 3.147081E-03	 2.106967E-15	-1.256257E-15	 1.207141E-03	 1.514848E-15	-8.961634E-16	 4.952698E-04	 1.498878E-15	-7.598041E-16	 2.008014E-04	 1.156290E-15	-9.059911E-16	 8.083279E-05	 6.621413E-16	-4.889281E-16	 2.944666E-05	 1.119436E-16	 1.871870E-16	 6.764384E-06	-1.332575E-15	 3.831268E-16	-2.189860E-06	-8.875642E-16	 6.673623E-16	-5.015427E-06	-2.338686E-16	 2.324865E-16	-3.957970E-06	 6.527743E-16	 1.830409E-16	-2.951438E-06	 1.991645E-16	-2.226588E-16	-1.498135E-06	 1.627713E-17	 2.788610E-16	-7.485386E-07	 5.082764E-17	 8.276766E-17	-5.815815E-07	 8.092497E-17	 1.472619E-16	-4.206057E-07	-5.313101E-17
0.61661	 1.713359E+00	-5.556950E-15	-4.043484E-15	 2.795136E-01	-2.395041E-15	-5.094895E-15	 8.042830E-02	 3.787657E-15	-1.515769E-15	 2.402182E-02	 5.841954E-15	-5.325385E-16	 8.470530E-03	 4.447956E-15	-2.065353E-15	 3.229703E-03	 2.785232E-15	-2.401337E-15	 1.240529E-03	 2.366172E-15	-6.811825E-16	 5.115944E-04	 1.787874E-15	 5.297745E-17	 2.084333E-04	 1.440372E-15	-6.802611E-16	 8.480122E-05	 8.990810E-16	-2.955988E-16	 3.107540E-05	-1.842694E-17	-3.542579E-16	 7.121129E-06	-1.142317E-15	 6.305084E-16	-2.420695E-06	-6.325047E-16	 7.421449E-16	-5.476842E-06	-2.939097E-16	 3.126437E-16	-4.411974E-06	 7.025270E-16	-4.990629E-17	-3.313016E-06	 3.941829E-16	-4.056998E-16	-1.694993E-06	 6.756544E-18	-7.662535E-17	-8.297974E-07	 6.280515E-17	 4.560667E-17	-6.117052E-07	 5.629430E-16	 1.268388E-16	-4.314795E-07	-7.969651E-17
0.62500	 1.710993E+00	-5.006753E-15	-5.413067E-15	 2.829868E-01	 1.073523E-15	-4.566963E-15	 8.162918E-02	 4.186907E-15	-3.405912E-16	 2.444941E-02	 3.324066E-15	 9.436128E-16	 8.653618E-03	 1.506709E-15	-1.285279E-16	 3.312093E-03	 1.398912E-16	-4.740330E-16	 1.273628E-03	 1.218481E-15	 3.292280E-16	 5.279217E-04	 1.420410E-15	 9.611184E-16	 2.160341E-04	 8.898676E-16	 2.281869E-16	 8.884111E-05	 6.716619E-16	-5.916583E-16	 3.277880E-05	 3.465800E-16	-4.037035E-16	 7.513514E-06	-8.926316E-16	-2.914527E-16	-2.658149E-06	-7.691711E-16	-2.948310E-16	-5.966863E-06	-2.281869E-16	-2.668835E-16	-4.902143E-06	 2.240409E-16	-4.169095E-16	-3.705662E-06	 3.855837E-16	-4.307297E-16	-1.912983E-06	 1.173182E-16	 4.121492E-16	-9.214986E-07	 5.896620E-17	 7.392273E-16	-6.431038E-07	-3.832803E-16	 1.896439E-16	-4.386985E-07	 5.512726E-17
0.63328	 1.708663E+00	-5.400628E-15	 7.195719E-15	 2.864025E-01	-9.018911E-15	 4.875000E-15	 8.281739E-02	-2.395809E-15	 3.713949E-15	 2.487420E-02	-3.191392E-15	 1.609439E-15	 8.835962E-03	-1.043425E-15	 8.077141E-16	 3.394341E-03	-1.514080E-15	 2.834677E-16	 1.306482E-03	 7.849876E-16	 6.146919E-16	 5.442919E-04	 9.509836E-16	 5.744598E-16	 2.236175E-04	 1.007493E-15	 1.210036E-16	 9.296240E-05	 1.047725E-15	-4.791004E-17	 3.456281E-05	 4.519207E-16	-2.596663E-16	 7.948266E-06	 5.328456E-17	-5.316172E-16	-2.897408E-06	-6.417181E-16	-1.200515E-15	-6.484894E-06	-8.507103E-17	-7.138903E-16	-5.430581E-06	-3.881942E-16	-1.503331E-16	-4.131556E-06	-2.266513E-16	-2.288011E-17	-2.154024E-06	 1.901046E-16	 3.049658E-16	-1.025052E-06	 1.882619E-16	 7.530475E-16	-6.763371E-07	-4.729581E-17	 5.271640E-16	-4.419485E-07	 5.098120E-17
0.64145	 1.706366E+00	-5.981231E-15	 1.890097E-14	 2.897610E-01	-1.963114E-14	 1.289256E-14	 8.399512E-02	-7.499457E-15	 6.505938E-15	 2.529795E-02	-6.356372E-15	 1.851907E-15	 9.018270E-03	-3.114306E-15	 1.001197E-16	 3.476637E-03	-2.944010E-15	 4.529956E-16	 1.339166E-03	-5.693924E-16	 8.996953E-16	 5.607666E-04	 2.346363E-16	 5.369917E-16	 2.312106E-04	 1.016553E-15	-1.374342E-16	 9.717999E-05	 1.017935E-15	 1.884154E-16	 3.643672E-05	 5.110404E-16	 8.768151E-17	 8.435109E-06	 1.782806E-16	-2.641194E-17	-3.133071E-06	-5.374524E-18	-1.105616E-16	-7.031076E-06	 2.103742E-17	 4.959918E-17	-5.999625E-06	-6.323511E-16	-2.699546E-16	-4.592687E-06	-4.021679E-16	-4.399431E-16	-2.420109E-06	 1.881083E-16	-7.570400E-17	-1.142196E-06	 4.393289E-16	 1.286815E-16	-7.121533E-07	 2.421607E-16	 5.670890E-16	-4.408666E-07	 4.227447E-16
0.64952	 1.704097E+00	 3.493440E-16	 1.292005E-14	 2.930609E-01	-1.051441E-14	 5.921804E-15	 8.516491E-02	-5.590272E-15	 1.442369E-15	 2.572371E-02	-3.432017E-15	 1.380485E-16	 9.201992E-03	-2.288626E-15	-2.475352E-16	 3.559419E-03	-2.977640E-15	 5.670890E-16	 1.371840E-03	-5.686246E-16	 3.020482E-16	 5.774524E-04	 4.944562E-16	-5.758418E-17	 2.388635E-04	 1.210189E-15	-9.710996E-16	 1.015200E-04	 9.677214E-16	-4.161417E-16	 3.841734E-05	 3.318384E-16	 3.961792E-16	 8.988208E-06	-4.078496E-16	 9.965902E-17	-3.358966E-06	-1.692207E-16	 5.211752E-16	-7.606171E-06	-6.940813E-17	 4.915386E-16	-6.611856E-06	 1.380485E-16	-1.326740E-16	-5.091118E-06	-3.502654E-16	 1.145541E-16	-2.713619E-06	-1.835016E-16	 2.231195E-16	-1.275196E-06	-2.099135E-16	-1.704492E-17	-7.515585E-07	 2.122169E-16	-3.556399E-16	-4.350638E-07	-1.306777E-16
0.65749	 1.701847E+00	 5.015505E-15	-6.195751E-15	 2.962978E-01	 1.100994E-14	-7.301367E-15	 8.633011E-02	 3.273238E-15	-5.759647E-15	 2.615666E-02	 2.700161E-15	-2.756516E-15	 9.389822E-03	 2.392124E-15	-1.089032E-15	 3.643599E-03	 2.764041E-17	-3.410519E-16	 1.404846E-03	 1.280212E-15	-5.723100E-16	 5.945429E-04	 5.334599E-16	-9.219611E-16	 2.466701E-04	 4.878532E-16	-2.064585E-15	 1.060316E-04	 6.930064E-16	-1.654278E-15	 4.053416E-05	 1.286815E-16	 1.412732E-17	 9.627599E-06	-7.482872E-16	 1.451121E-16	-3.566619E-06	-7.547367E-16	-3.118759E-16	-8.210035E-06	 6.550777E-16	 4.390218E-16	-7.269968E-06	 7.286318E-16	 5.302351E-16	-5.629917E-06	-2.871531E-17	 2.902243E-16	-3.038183E-06	-1.288350E-16	-3.290744E-16	-1.427209E-06	 7.094371E-17	-5.128831E-16	-7.959400E-07	-5.259355E-16	-5.316172E-16	-4.241972E-07	-2.426214E-16
0.66536	 1.699608E+00	-3.818983E-16	-4.080492E-15	 2.994649E-01	 4.139919E-15	-1.699271E-15	 8.749459E-02	 3.034302E-16	-9.250323E-16	 2.660372E-02	 5.611003E-16	-9.334780E-16	 9.585491E-03	 2.230734E-15	-6.506245E-16	 3.730480E-03	 1.292957E-15	-1.717544E-15	 1.438670E-03	 2.799513E-15	-1.101317E-15	 6.122953E-04	 1.212493E-15	-1.152759E-15	 2.547579E-04	 8.841859E-16	-1.810754E-15	 1.107842E-04	 2.545989E-16	-5.448231E-16	 4.282668E-05	-5.337670E-16	-1.228463E-17	 1.037734E-05	-1.218788E-15	 8.645305E-17	-3.744246E-06	-7.025270E-16	-5.683175E-16	-8.839795E-06	 7.208004E-16	 1.500260E-16	-7.976330E-06	 7.931261E-16	-1.280672E-16	-6.213791E-06	 2.963666E-16	-2.605876E-16	-3.399278E-06	 1.159362E-16	-1.597001E-17	-1.602562E-06	-2.059210E-16	 3.550257E-16	-8.472599E-07	-4.159881E-16	-4.007859E-17	-4.081200E-07	-5.412913E-16
0.67315	 1.697369E+00	-4.500933E-15	 7.994220E-16	 3.025526E-01	-3.232239E-15	 4.030432E-15	 8.866299E-02	-2.687415E-15	 3.894380E-15	 2.707365E-02	-2.472742E-15	 1.530818E-15	 9.793912E-03	-5.999504E-16	 9.620397E-16	 3.821920E-03	-9.414630E-16	-3.886548E-16	 1.474038E-03	 1.429163E-15	-5.578756E-16	 6.310721E-04	 1.284050E-15	-6.005646E-16	 2.633058E-04	 1.496574E-15	-1.378028E-15	 1.158764E-04	 8.094033E-16	 7.614932E-16	 4.534667E-05	-9.846127E-16	 8.152385E-16	 1.126631E-05	-8.477927E-16	 2.799359E-16	-3.874828E-06	-5.807557E-16	-2.149809E-17	-9.487998E-06	-1.398912E-16	 1.597001E-17	-8.732575E-06	-2.862318E-16	-6.334260E-16	-6.849722E-06	 2.407787E-16	-5.188719E-16	-3.805054E-06	 3.874264E-16	-4.844749E-16	-1.807392E-06	 1.858050E-16	-7.508977E-17	-9.085328E-07	 4.975273E-17	 8.921709E-17	-3.871410E-07	-8.230699E-17
0.68084	 1.695119E+00	 1.545867E-15	-6.588859E-15	 3.055528E-01	 1.276910E-14	-1.488743E-15	 8.983884E-02	 2.552899E-15	-6.142313E-17	 2.757377E-02	-3.351399E-15	-5.394486E-16	 1.001919E-02	-2.112802E-15	 2.415464E-16	 3.919430E-03	-3.455204E-15	 5.649392E-16	 1.511523E-03	-1.090721E-15	 7.935868E-16	 6.511583E-04	-1.913330E-16	 1.280672E-16	 2.724581E-04	 6.137706E-16	-1.230766E-15	 1.213968E-04	 1.243051E-15	 7.585756E-17	 4.814120E-05	-4.837071E-17	 6.182238E-16	 1.232099E-05	-6.065534E-16	 5.009056E-16	-3.938940E-06	-1.296642E-15	-4.038571E-16	-1.014297E-05	-8.169276E-16	-2.483030E-16	-9.538450E-06	-1.012253E-15	-2.331008E-16	-7.545275E-06	-4.648195E-16	-4.708083E-16	-4.265041E-06	 7.532011E-16	-3.504189E-16	-2.049130E-06	 7.656393E-16	-2.502992E-17	-9.838459E-07	 5.299280E-16	 1.171646E-16	-3.622330E-07	-6.341938E-17
0.68845	 1.692850E+00	 4.646813E-15	-8.951807E-15	 3.084576E-01	 1.844414E-14	-5.850706E-15	 9.102523E-02	 7.094678E-15	-3.872575E-15	 2.811090E-02	-6.817967E-17	-3.925706E-15	 1.026528E-02	-4.164488E-16	-3.057336E-15	 4.024590E-03	-3.245905E-15	-1.511470E-15	 1.551754E-03	-1.111759E-15	 7.006843E-16	 6.728527E-04	-5.293138E-16	 1.198826E-15	 2.823578E-04	 1.196215E-16	-8.204594E-16	 1.274375E-04	 1.023924E-15	-2.226588E-17	 5.126193E-05	 6.357294E-17	-4.424001E-16	 1.357174E-05	-1.165504E-16	-3.071156E-16	-3.914431E-06	-1.299099E-15	-6.756544E-16	-1.079120E-05	-8.275231E-16	 3.174040E-16	-1.039257E-05	-1.036822E-15	 1.296028E-16	-8.307710E-06	-6.604522E-16	-6.602986E-18	-4.789663E-06	-7.278641E-17	-2.226588E-17	-2.336868E-06	 4.585236E-16	-2.401644E-16	-1.078887E-06	 3.028160E-16	 1.844229E-16	-3.352789E-07	 1.451121E-16
0.69597	 1.690555E+00	 1.577039E-16	 1.462485E-15	 3.112603E-01	 2.205244E-15	 8.579275E-16	 9.222447E-02	 2.540921E-15	-4.774113E-16	 2.869081E-02	 2.156873E-15	-1.930529E-15	 1.053571E-02	 9.698712E-16	-2.709681E-15	 4.138903E-03	-2.242405E-15	-1.726758E-15	 1.595352E-03	-1.592548E-15	 4.834000E-16	 6.964341E-04	-1.926229E-15	 9.142832E-16	 2.931291E-04	-7.748527E-16	-7.370775E-16	 1.340851E-04	 3.341418E-16	-2.288011E-17	 5.476226E-05	-7.436805E-16	-1.368200E-16	 1.505288E-05	-3.213965E-16	-7.525869E-16	-3.776479E-06	 1.626177E-16	-6.378792E-16	-1.141762E-05	 1.352844E-16	 3.869657E-17	-1.129195E-05	-1.342095E-16	 1.544792E-16	-9.143022E-06	 3.103404E-16	-4.430143E-16	-5.389559E-06	 3.238534E-16	-1.878012E-16	-2.681298E-06	 2.261907E-16	-4.298083E-16	-1.201257E-06	 1.153219E-16	 2.346363E-16	-3.094447E-07	-2.526026E-16
0.70341	 1.688225E+00	-1.911334E-15	 1.952181E-15	 3.139543E-01	-9.138226E-16	 4.250327E-15	 9.343834E-02	-3.561006E-16	 2.818861E-15	 2.931859E-02	 2.997449E-16	 6.245196E-16	 1.083376E-02	 1.810447E-16	-5.600254E-16	 4.263922E-03	-1.995791E-15	-1.185927E-15	 1.642989E-03	-1.400601E-15	-5.274711E-16	 7.221888E-04	-2.615243E-15	-8.523994E-16	 3.048888E-04	-1.627252E-15	-2.034948E-15	 1.414249E-04	 3.255426E-17	-2.191270E-16	 5.869900E-05	-3.682316E-16	 9.777026E-16	 1.680396E-05	-2.378611E-16	 7.739314E-16	-3.496410E-06	 5.423662E-16	-1.842694E-18	-1.200483E-05	 8.178489E-16	-2.507599E-16	-1.223174E-05	 1.191609E-16	-3.886548E-16	-1.005583E-05	 5.233250E-16	-4.964524E-16	-6.075517E-06	 2.461532E-16	-2.410858E-17	-3.094782E-06	-1.865727E-16	 3.356774E-16	-1.360773E-06	-4.192128E-16	 3.648534E-16	-2.896002E-07	-1.874941E-16
0.71078	 1.685856E+00	-4.918457E-15	 7.622610E-15	 3.165336E-01	-1.070237E-14	 9.239267E-15	 9.466818E-02	-7.492086E-15	 8.927237E-15	 2.999874E-02	-6.159818E-15	 5.000303E-15	 1.116261E-02	-3.178033E-15	 1.811368E-15	 4.401335E-03	-2.398880E-15	-1.500260E-15	 1.695439E-03	 8.327440E-16	-2.561959E-15	 7.504340E-04	 2.331008E-16	-2.468442E-15	 3.177568E-04	 6.489353E-16	-2.922512E-15	 1.495440E-04	 1.509166E-15	-9.170473E-16	 6.313236E-05	 1.508091E-15	 9.370098E-16	 1.887020E-05	 1.211571E-15	 6.635233E-16	-3.040520E-06	 7.379989E-16	-1.251496E-16	-1.253204E-05	 2.859247E-16	 1.056478E-16	-1.320453E-05	 2.074566E-16	 2.211233E-17	-1.104902E-05	-1.228463E-16	-5.359168E-17	-6.858291E-06	-6.070141E-16	-3.531830E-17	-3.591430E-06	-4.956846E-16	 4.381005E-16	-1.569878E-06	-2.208161E-16	 4.817109E-16	-2.828910E-07	 6.191451E-16
0.71807	 1.683442E+00	-7.519573E-15	 4.110436E-15	 3.189937E-01	-9.737715E-15	 6.606364E-15	 9.591414E-02	-6.051406E-15	 8.083591E-15	 3.073404E-02	-5.828748E-15	 6.273451E-15	 1.152461E-02	-2.510670E-15	 2.598505E-15	 4.552597E-03	-1.981510E-15	-8.614594E-16	 1.753406E-03	 1.414575E-15	-1.861581E-15	 7.814482E-04	 1.441601E-15	-1.933600E-15	 3.318241E-04	 1.263013E-15	-1.901046E-15	 1.585153E-04	 1.421024E-15	-3.155613E-16	 6.811707E-05	 9.161259E-16	 5.205610E-16	 2.129787E-05	 7.647179E-16	 4.830929E-16	-2.371739E-06	 3.955649E-16	 2.014679E-16	-1.297484E-05	 1.537114E-16	 1.345166E-16	-1.419933E-05	-1.606215E-16	 2.717973E-16	-1.212249E-05	-2.042319E-16	-2.487637E-17	-7.747359E-06	 1.897975E-16	-3.387485E-16	-4.186266E-06	 1.154755E-16	-2.671906E-16	-1.843462E-06	 4.124563E-16	 2.502992E-17	-2.991426E-07	 7.019128E-16
0.72529	 1.680980E+00	 8.034145E-16	 1.378166E-14	 3.213317E-01	-1.093009E-14	 7.594048E-15	 9.717552E-02	-9.268443E-15	 3.509717E-15	 3.152613E-02	-6.505323E-15	 2.387056E-15	 1.192159E-02	-2.590520E-15	 1.102545E-15	 4.719078E-03	-2.511899E-15	-2.535240E-16	 1.817605E-03	 9.523656E-16	-3.316849E-17	 8.155101E-04	 1.536192E-15	-3.888084E-16	 3.471692E-04	 1.441447E-15	-7.145045E-16	 1.684025E-04	 6.966918E-16	 3.627036E-16	 7.370534E-05	-9.757064E-16	 3.891155E-16	 2.413648E-05	-1.380638E-15	 4.551454E-16	-1.449501E-06	-7.662535E-16	 7.186506E-17	-1.330599E-05	-1.198058E-15	-3.152542E-16	-1.520162E-05	-3.121830E-16	 1.808911E-16	-1.327229E-05	 6.633698E-17	-1.534043E-16	-8.750030E-06	 2.068424E-16	-3.530294E-16	-4.894768E-06	 1.081047E-16	-4.238196E-17	-2.198890E-06	 4.916921E-16	-1.725990E-16	-3.512820E-07	 7.605719E-16
0.73243	 1.678468E+00	 6.052021E-15	-1.876323E-15	 3.235445E-01	 9.531180E-15	-2.811029E-15	 9.845108E-02	 5.108869E-16	-3.077759E-15	 3.237619E-02	-1.522219E-15	-3.676942E-15	 1.235534E-02	 5.591040E-16	-3.279074E-15	 4.902249E-03	-2.241944E-17	-3.047355E-15	 1.888838E-03	 3.034302E-15	-1.318140E-15	 8.529415E-04	 1.880008E-15	-9.136690E-16	 3.638781E-04	 1.196523E-15	-1.214796E-15	 1.792680E-04	-6.771900E-17	 1.475691E-16	 7.994966E-05	-1.427166E-15	 9.110585E-16	 2.744030E-05	-1.766222E-15	 8.536279E-16	-2.285249E-07	-7.820700E-16	 4.193664E-16	-1.349475E-05	-1.235987E-15	 1.234605E-16	-1.619308E-05	-1.154755E-16	 3.685388E-17	-1.449041E-05	 3.533365E-16	 8.292122E-17	-9.871021E-06	 3.049658E-16	 2.286476E-16	-5.732473E-06	 4.883139E-17	 4.606735E-18	-2.656022E-06	 6.040965E-16	 4.595985E-16	-4.558343E-07	 6.466320E-16
0.73951	 1.675905E+00	-4.396360E-16	-2.493472E-15	 3.256292E-01	 2.857557E-15	 1.487975E-16	 9.973912E-02	 9.099836E-16	 1.188538E-15	 3.328523E-02	 1.078437E-15	-1.943428E-15	 1.282767E-02	 2.635513E-15	-2.709988E-15	 5.103716E-03	 5.941152E-16	-3.201834E-15	 1.968018E-03	 2.139982E-15	-2.362180E-15	 8.941218E-04	 8.726691E-16	-2.099596E-15	 3.820521E-04	 6.630627E-16	-2.094375E-15	 1.911767E-04	 2.154416E-16	-5.052052E-16	 8.690250E-05	-1.100242E-15	 9.932120E-16	 3.126758E-05	-5.449767E-16	 1.259942E-15	 1.341889E-06	-5.374524E-18	 8.705193E-16	-1.350544E-05	-7.785381E-17	 3.562541E-16	-1.715075E-05	-1.412732E-16	 5.196397E-16	-1.576446E-05	-1.945578E-16	 5.388344E-16	-1.111192E-05	-1.796626E-17	 1.259174E-16	-6.714257E-06	 1.246889E-16	-7.524333E-18	-3.236909E-06	 1.351309E-16	 2.515277E-16	-6.333388E-07	 7.370775E-17
0.74652	 1.673287E+00	-3.784740E-15	 1.360522E-15	 3.275830E-01	-3.212583E-15	 4.296701E-15	 1.010375E-01	-2.189274E-15	 4.674761E-15	 3.425393E-02	-7.829913E-16	 2.891801E-15	 1.334034E-02	 3.232392E-16	 4.857034E-16	 5.325172E-03	-1.876477E-15	-1.378028E-15	 2.056157E-03	 1.423481E-16	-1.938514E-15	 9.394905E-04	 1.449586E-16	-1.683454E-15	 4.018109E-04	 1.065231E-15	-2.156259E-15	 2.041964E-04	 1.431927E-15	-7.856018E-16	 9.461463E-05	 2.010072E-16	 3.834339E-16	 3.567915E-05	-1.535578E-18	 2.796288E-16	 3.317858E-06	 5.497370E-17	-5.572613E-16	-1.329667E-05	-3.568684E-16	-2.037712E-16	-1.804626E-05	-4.281192E-16	 1.020545E-15	-1.707688E-05	-5.139580E-16	 7.181899E-16	-1.247016E-05	-1.011946E-16	 6.065534E-17	-7.853242E-06	 1.205429E-16	-2.374004E-16	-3.965197E-06	 2.198948E-16	 2.229660E-16	-9.085720E-07	 1.643069E-16
0.75346	 1.670615E+00	 4.397128E-15	-1.041444E-14	 3.294029E-01	 1.787044E-14	-3.318999E-15	 1.023439E-01	 4.239578E-15	 1.345320E-15	 3.528265E-02	-2.408554E-15	 2.702157E-15	 1.389503E-02	-2.095604E-15	 1.818278E-15	 5.568368E-03	-3.440616E-15	-1.337796E-15	 2.154369E-03	-5.409842E-16	-1.926076E-15	 9.895576E-04	-1.158287E-15	-1.601454E-15	 4.232998E-04	-2.380146E-16	-2.248854E-15	 2.184002E-04	 2.747149E-16	-1.901967E-15	 1.031344E-04	-2.992842E-16	-8.327440E-16	 4.073762E-05	 6.572275E-17	-9.193507E-16	 5.760887E-06	-1.383556E-16	-1.236294E-15	-1.282093E-05	-7.596505E-16	-6.054785E-16	-1.884524E-05	-1.950184E-16	 5.781452E-16	-1.840410E-05	 5.216359E-16	 4.474675E-16	-1.393779E-05	 6.435608E-16	 2.871531E-17	-9.159401E-06	 5.159543E-16	-3.163291E-16	-4.865175E-06	 4.924599E-16	-2.519884E-16	-1.310489E-06	 3.722242E-16
0.76035	 1.667888E+00	 4.834000E-16	 3.766927E-15	 3.310869E-01	-2.970422E-15	 3.935994E-15	 1.036552E-01	-5.215438E-15	 4.762596E-15	 3.637121E-02	-4.650499E-15	 3.832957E-15	 1.449311E-02	-8.548564E-16	 2.801970E-15	 5.835017E-03	-1.836398E-15	-5.816770E-16	 2.263820E-03	 6.418717E-17	-1.271152E-15	 1.044887E-03	-1.027302E-15	-1.101624E-15	 4.466840E-04	-1.381713E-15	-1.640305E-15	 2.338636E-04	-4.221304E-16	-1.422713E-15	 1.125046E-04	-8.923245E-16	-4.850891E-16	 4.650553E-05	 3.696137E-16	-7.247929E-17	 8.736921E-06	 1.013482E-16	-7.002237E-17	-1.202505E-05	-1.154755E-16	 1.584717E-16	-1.950719E-05	 2.504528E-16	 2.423142E-16	-1.971572E-05	 7.828378E-16	 2.045390E-16	-1.549994E-05	 1.117133E-15	-7.355419E-17	-1.063765E-05	 6.513923E-16	-6.583024E-16	-5.960183E-06	 3.954114E-16	 2.088386E-16	-1.871592E-06	 3.743740E-16
0.76716	 1.665104E+00	-1.365344E-14	 6.776814E-15	 3.326312E-01	-2.284096E-14	 7.029416E-15	 1.049688E-01	-9.670304E-15	 4.881910E-15	 3.752001E-02	 3.236999E-16	 2.206012E-15	 1.513649E-02	 6.069833E-15	 9.919835E-17	 6.127234E-03	 4.478667E-15	-1.990416E-15	 2.385968E-03	 4.537173E-15	-1.380485E-15	 1.106210E-03	 2.339914E-15	-1.051871E-16	 4.722022E-04	 9.024593E-16	-2.779397E-16	 2.506888E-04	 6.936207E-16	 8.530137E-16	 1.227717E-04	-3.726848E-16	 8.923245E-16	 5.304961E-05	 7.455232E-16	 1.339178E-15	 1.231915E-05	 3.811305E-16	 1.300942E-15	-1.084845E-05	-4.238196E-17	 6.940813E-16	-1.998489E-05	 4.807895E-16	 4.916921E-16	-2.097459E-05	 1.274530E-15	-1.087189E-16	-1.713474E-05	 1.147691E-15	-2.754827E-16	-1.228712E-05	 5.377595E-16	-6.595308E-16	-7.271740E-06	 2.048461E-16	-2.684191E-16	-2.627606E-06	-5.743062E-17
0.77392	 1.662263E+00	-9.748004E-15	-5.367230E-15	 3.340334E-01	-7.326858E-15	-4.419394E-16	 1.062813E-01	-3.639935E-15	 9.710229E-16	 3.872857E-02	 2.945162E-15	 9.827700E-18	 1.582654E-02	 6.578724E-15	-8.450287E-16	 6.446986E-03	 4.536175E-15	-2.102437E-15	 2.522294E-03	 4.790390E-15	-1.547863E-15	 1.174318E-03	 2.549290E-15	-1.302938E-16	 5.001224E-04	 1.775052E-15	-4.915386E-16	 2.689848E-04	 1.692054E-15	 1.043118E-15	 1.339727E-04	-9.904479E-18	 1.428241E-15	 6.043155E-05	-3.877335E-17	 1.663031E-15	 1.658302E-05	-3.573290E-16	 1.042043E-15	-9.224545E-06	-8.078677E-16	 3.821286E-16	-2.022392E-05	-3.817447E-16	 7.036787E-16	-2.213550E-05	 1.187770E-16	 1.037283E-16	-1.881100E-05	 4.484656E-16	-5.055123E-16	-1.409795E-05	 1.210036E-16	-5.306190E-16	-8.816230E-06	 3.186325E-17	-3.373665E-16	-3.615248E-06	-9.781633E-17
0.78062	 1.659365E+00	 7.086693E-17	-3.439311E-15	 3.352909E-01	 3.739363E-15	-4.690424E-16	 1.075891E-01	-2.396730E-15	 3.061559E-15	 3.999605E-02	-4.127711E-15	 2.944701E-15	 1.656446E-02	-1.702956E-15	 2.652865E-15	 6.796306E-03	-2.408170E-15	 4.581398E-16	 2.674447E-03	 5.884336E-16	-7.829145E-16	 1.250136E-03	 7.952759E-16	-9.549761E-16	 5.307835E-04	 1.314148E-15	-1.427320E-15	 2.888862E-04	 2.241100E-15	-3.858140E-16	 1.461411E-04	 7.581149E-16	 8.907121E-16	 6.870986E-05	 6.171489E-16	 9.906015E-16	 2.160599E-05	-3.506493E-16	 3.679245E-16	-7.081629E-06	-1.262629E-15	-6.566132E-16	-2.016315E-05	-6.136938E-16	-6.596844E-16	-2.314532E-05	 7.823771E-17	-5.541134E-16	-2.048778E-05	 1.613125E-16	-6.209110E-16	-1.604975E-05	-2.049997E-17	-5.418288E-16	-1.060261E-05	-1.788181E-16	-4.629768E-17	-4.870107E-06	-3.913421E-16
0.78727	 1.656410E+00	 2.300296E-15	 8.388326E-15	 3.364028E-01	-2.084624E-15	 7.968269E-15	 1.088882E-01	-6.730286E-15	 8.412972E-15	 4.132032E-02	-1.056954E-14	 6.637767E-15	 1.735049E-02	-7.814557E-15	 5.065412E-15	 7.176781E-03	-7.198330E-15	 2.164014E-15	 2.843959E-03	-3.585421E-15	 6.329653E-16	 1.334609E-03	-1.186925E-15	-2.721812E-16	 5.645515E-04	-2.618161E-17	-1.437148E-15	 3.105365E-04	 5.566471E-16	-7.571936E-16	 1.592981E-04	-3.093422E-16	 1.483369E-16	 7.793390E-05	 4.377933E-16	 6.983810E-16	 2.746237E-05	-5.856695E-16	 6.982274E-16	-4.346637E-06	-1.055249E-15	-2.539846E-16	-1.973652E-05	-6.165346E-16	-3.617822E-16	-2.394291E-05	 5.474336E-16	-6.142313E-16	-2.211265E-05	 6.162275E-16	-4.385611E-16	-1.810835E-05	-9.044555E-17	 2.502992E-17	-1.262798E-05	-5.352258E-16	 2.096832E-16	-6.422354E-06	-1.435766E-16
0.79386	 1.653400E+00	 3.130660E-15	 2.208776E-15	 3.373671E-01	 4.895116E-15	 2.768417E-15	 1.101750E-01	-1.099935E-15	 2.885966E-15	 4.269997E-02	-5.283387E-15	 1.567058E-15	 1.818534E-02	-4.813730E-15	 1.899050E-15	 7.590318E-03	-5.168065E-15	 1.750559E-15	 3.032634E-03	-2.291390E-15	 1.613125E-15	 1.428876E-03	-1.472927E-15	 1.309618E-15	 6.019050E-04	-9.085248E-16	-4.158346E-16	 3.341319E-04	-1.093332E-15	-2.876906E-16	 1.734738E-04	-1.640996E-15	 1.758237E-17	 8.815579E-05	-1.346702E-16	-8.330512E-17	 3.422977E-05	-3.969470E-16	-6.748866E-17	-9.422879E-07	-1.078820E-15	-5.021341E-17	-1.887281E-05	-1.028530E-15	 6.037126E-16	-2.446092E-05	-6.649821E-16	 9.145904E-16	-2.362368E-05	-2.306438E-16	 1.049568E-15	-2.022633E-05	-5.032090E-16	 8.596934E-16	-1.487641E-05	-5.931171E-16	 4.966060E-16	-8.294414E-06	-3.838945E-18
0.80039	 1.650333E+00	-9.132851E-16	 2.986623E-15	 3.381789E-01	-6.511619E-16	 2.177373E-15	 1.114458E-01	-3.693833E-16	 3.217036E-17	 4.413498E-02	-1.257869E-15	-5.969560E-16	 1.907082E-02	-1.099090E-15	 3.866586E-16	 8.039593E-03	-1.745568E-15	 7.143510E-16	 3.242803E-03	 9.213469E-16	 4.428607E-16	 1.534404E-03	 2.546756E-16	 1.292419E-15	 6.435054E-04	-1.068225E-15	 3.951810E-16	 3.599587E-04	-7.769258E-16	 3.478085E-16	 1.887209E-04	-1.463022E-15	 6.526207E-17	 9.943491E-05	-2.797056E-16	-4.554525E-16	 4.199245E-05	-7.578078E-17	-6.169953E-16	 3.217708E-06	-5.316939E-16	-7.171150E-16	-1.749244E-05	-4.198271E-16	-3.805163E-16	-2.462574E-05	-1.195448E-16	 4.237428E-16	-2.495067E-05	 1.161665E-16	 2.293386E-16	-2.234320E-05	-1.686833E-16	 3.021250E-16	-1.731725E-05	-2.959827E-16	 1.989342E-16	-1.049830E-05	-1.739042E-16
0.80687	 1.647208E+00	-6.766832E-15	 1.062551E-14	 3.388348E-01	-1.525804E-14	 1.016392E-14	 1.126966E-01	-8.326289E-15	 6.205195E-15	 4.562402E-02	-4.464924E-15	 4.355821E-15	 2.000784E-02	-1.652052E-15	 3.039293E-15	 8.526944E-03	-1.416264E-15	 1.372577E-15	 3.476780E-03	-5.904298E-17	 7.063660E-18	 1.652740E-03	-2.452318E-16	 7.742385E-16	 6.900949E-04	-1.036899E-15	 1.734436E-16	 3.883526E-04	-3.835107E-16	 1.292496E-15	 2.050898E-04	-1.076056E-15	 1.348161E-15	 1.118171E-04	-4.789468E-16	 1.293878E-15	 5.082595E-05	-9.796989E-17	 7.375382E-16	 8.221047E-06	-1.938667E-16	-3.496512E-16	-1.550943E-05	-1.696046E-16	-7.541224E-16	-2.435770E-05	 1.965540E-16	-8.940904E-16	-2.601440E-05	 1.322133E-16	-9.130548E-16	-2.438267E-05	 1.392769E-16	-7.109727E-16	-1.989959E-05	-1.697582E-16	-6.411039E-17	-1.302800E-05	-7.113566E-16
0.81330	 1.644027E+00	-3.778674E-15	 4.307143E-15	 3.393338E-01	-6.187536E-15	 5.328226E-15	 1.139229E-01	-6.354760E-15	 4.024750E-15	 4.716398E-02	-6.871328E-15	 3.154769E-15	 2.099604E-02	-4.370409E-15	 2.628526E-15	 9.054257E-03	-3.260877E-15	 1.973602E-15	 3.736853E-03	-8.950885E-16	 1.297026E-15	 1.785546E-03	-4.409413E-16	 1.726297E-15	 7.425329E-04	 1.729829E-16	 1.121970E-15	 4.197188E-04	 1.594928E-15	 1.962469E-15	 2.226356E-04	 6.936974E-16	 2.143130E-15	 1.253335E-04	 5.766864E-16	 2.056753E-15	 6.078989E-05	 6.057856E-17	 1.137019E-15	 1.414915E-05	-5.507351E-16	-5.576452E-16	-1.283638E-05	-6.802611E-17	-1.081738E-15	-2.357400E-05	 1.850372E-17	-1.610284E-15	-2.672892E-05	-1.395841E-16	-1.245431E-15	-2.625374E-05	-2.930651E-16	-4.932277E-16	-2.255042E-05	-7.041394E-16	-1.626945E-16	-1.585403E-05	-1.983199E-16
0.81968	 1.640796E+00	 1.153526E-15	-9.142065E-16	 3.396807E-01	 1.755934E-16	 5.878193E-16	 1.151196E-01	-7.415998E-15	 1.748256E-15	 4.874785E-02	-8.079982E-15	 1.951797E-15	 2.203181E-02	-5.814927E-15	 2.856943E-15	 9.621399E-03	-3.977762E-15	 2.904162E-15	 4.024323E-03	-6.798772E-16	 1.769984E-15	 1.934106E-03	 1.176560E-15	 2.666762E-15	 8.015775E-04	 1.661956E-15	 2.907694E-15	 4.544415E-04	 2.650408E-15	 2.812181E-15	 2.413820E-04	 8.752028E-16	 1.290346E-15	 1.399827E-04	 7.117405E-16	 7.889033E-16	 7.190909E-05	 4.377166E-16	 6.341938E-17	 2.105873E-05	-7.530475E-16	-1.317833E-15	-9.397335E-06	-3.501118E-16	-1.474078E-15	-2.219563E-05	 2.595127E-16	-8.444144E-16	-2.700490E-05	 1.074905E-17	-5.837500E-16	-2.785161E-05	-1.247657E-16	-2.216607E-16	-2.517124E-05	-5.299280E-16	-1.868031E-16	-1.891457E-05	-2.550595E-16
0.82601	 1.637519E+00	-6.178552E-15	-1.028277E-14	 3.398788E-01	 4.156810E-16	-3.588032E-15	 1.162827E-01	-2.916140E-15	-4.314975E-16	 5.036992E-02	-9.461465E-16	 5.260123E-16	 2.311221E-02	 2.828535E-16	 2.324712E-15	 1.022862E-02	 8.199987E-16	 2.866771E-15	 4.340783E-03	 2.564876E-15	 1.775282E-15	 2.099948E-03	 2.940632E-15	 1.866956E-15	 8.681813E-04	 3.100256E-15	 2.005158E-15	 4.930278E-04	 2.724269E-15	 2.478654E-15	 2.613993E-04	 4.248945E-16	 8.586185E-16	 1.557816E-04	 4.886210E-16	 2.312581E-16	 8.420536E-05	 4.797146E-16	-6.181470E-16	 2.899930E-05	-1.769754E-16	-1.061085E-15	-5.121300E-06	-6.269766E-16	-4.355668E-16	-2.014908E-05	-2.492243E-16	 1.253800E-16	-2.675644E-05	-4.625161E-16	 6.513923E-16	-2.906718E-05	-5.628662E-16	 3.289976E-16	-2.764745E-05	-4.368720E-16	 2.187431E-16	-2.212138E-05	-2.774022E-16
0.83229	 1.634198E+00	-6.101236E-15	-2.250159E-15	 3.399271E-01	-6.163043E-15	-5.418288E-16	 1.174087E-01	-1.812520E-15	 1.796166E-15	 5.202689E-02	 9.744779E-16	 1.674548E-15	 2.423600E-02	 2.855868E-15	 1.488513E-15	 1.087716E-02	 3.028621E-15	 1.072294E-15	 4.688457E-03	 4.108977E-15	 5.673961E-16	 2.285002E-03	 3.054188E-15	-1.418106E-16	 9.435786E-04	 2.401721E-15	-5.541134E-16	 5.361618E-04	 1.085961E-15	-1.198519E-16	 2.828315E-04	-1.542181E-15	 4.592914E-16	 1.727805E-04	-1.268695E-15	 1.768986E-16	 9.770771E-05	-3.789039E-16	-1.668406E-16	 3.802571E-05	-1.935596E-16	-6.307387E-16	 6.811054E-08	-5.163382E-16	-7.915906E-17	-1.736222E-05	-4.691959E-16	 2.434659E-16	-2.590212E-05	-2.795520E-16	 4.592914E-16	-2.979116E-05	-3.399002E-16	 4.871622E-16	-2.985290E-05	-2.162862E-16	 2.760202E-16	-2.536224E-05	-1.262245E-16
0.83853	 1.630831E+00	 6.891368E-15	 9.428450E-16	 3.398235E-01	 7.193186E-15	-3.112847E-15	 1.184945E-01	 3.874878E-15	 7.295532E-16	 5.371584E-02	 5.665516E-16	 6.508548E-16	 2.540219E-02	 1.053407E-16	-4.689656E-16	 1.156860E-02	-1.609363E-15	-1.105693E-15	 5.069919E-03	-1.088571E-15	-1.374957E-15	 2.491504E-03	-4.750311E-16	-1.911564E-15	 1.029276E-03	-2.088386E-16	-2.103742E-15	 5.847175E-04	-4.033196E-16	-9.509068E-16	 3.059001E-04	-2.579771E-15	-1.346702E-16	 1.910529E-04	-1.594928E-15	-2.526794E-16	 1.124390E-04	-1.114369E-15	-1.183086E-15	 4.819190E-05	-7.010682E-16	-1.194449E-15	 6.252250E-06	-2.511438E-16	-1.264933E-15	-1.376371E-05	 1.927151E-17	-6.827948E-16	-2.436619E-05	 5.321546E-16	-1.798930E-16	-2.991765E-05	 8.064089E-16	 1.275298E-16	-3.165331E-05	 7.110495E-16	 3.527223E-16	-2.850120E-05	 6.208343E-16
0.84471	 1.627424E+00	 1.100464E-14	 6.276906E-15	 3.395726E-01	 9.926361E-15	 1.958093E-15	 1.195371E-01	 1.943658E-15	 1.688291E-15	 5.542988E-02	-2.683730E-15	 7.878284E-16	 2.660625E-02	-3.770843E-15	-8.445680E-16	 1.230220E-02	-6.227461E-15	-1.806301E-15	 5.486469E-03	-5.574226E-15	-1.593930E-15	 2.721151E-03	-3.983290E-15	-1.011101E-15	 1.126657E-03	-2.762735E-15	-1.146386E-15	 6.395833E-04	-1.327277E-15	 3.378272E-16	 3.308306E-04	-2.327860E-15	 7.040626E-16	 2.106544E-04	-1.911641E-15	 1.147154E-15	 1.283765E-04	-1.346702E-15	-3.672335E-16	 5.951512E-05	-6.733510E-16	-1.183854E-15	 1.349217E-05	 1.719848E-17	-1.161281E-15	-9.296409E-06	 6.416413E-16	-6.732743E-16	-2.208574E-05	 9.559742E-16	-3.123366E-16	-2.935065E-05	 1.602760E-15	-5.866676E-16	-3.291125E-05	 1.525290E-15	-4.176005E-16	-3.137788E-05	 1.808067E-15
0.85086	 1.623984E+00	-1.789870E-15	 8.245901E-15	 3.391856E-01	-9.436051E-15	 5.288531E-15	 1.205345E-01	-6.525286E-15	 2.172536E-15	 5.715904E-02	-2.926351E-15	 7.465213E-16	 2.784045E-02	-1.009412E-15	-3.905743E-16	 1.307475E-02	-2.150808E-15	-1.672475E-15	 5.937939E-03	-1.224470E-15	-8.883320E-16	 2.974958E-03	-9.029200E-17	 1.009796E-15	 1.236901E-03	 6.142313E-18	 1.333573E-15	 7.016200E-04	-3.132579E-17	 2.046004E-15	 3.578522E-04	-1.029298E-15	 2.200023E-15	 2.316378E-04	-5.325385E-16	 2.289701E-15	 1.454584E-04	 3.541043E-16	 8.180793E-16	 7.196920E-05	 4.566042E-16	-1.682994E-16	 2.181629E-05	 5.852088E-16	 2.664228E-16	-3.927159E-06	 8.092497E-16	 1.507170E-16	-1.901857E-05	 1.465940E-15	 6.349616E-17	-2.801489E-05	 1.308543E-15	-5.123457E-16	-3.350037E-05	 1.460872E-15	-7.064427E-16	-3.382084E-05	 1.201590E-15
0.85696	 1.620520E+00	-3.459043E-15	 1.105877E-14	 3.386729E-01	-1.488183E-14	 8.185169E-15	 1.214857E-01	-1.041375E-14	 4.426458E-15	 5.889462E-02	-4.550225E-15	 2.046158E-15	 2.909736E-02	-6.527743E-16	 7.589595E-16	 1.388265E-02	-7.248697E-16	-7.424521E-17	 6.423730E-03	-2.172843E-17	 5.718493E-16	 3.253746E-03	 9.565116E-16	 1.164199E-15	 1.361214E-03	 8.706728E-16	 1.332498E-15	 7.717705E-04	 3.732223E-16	 1.414805E-15	 3.872661E-04	-9.387757E-16	 1.755627E-15	 2.541115E-04	-9.777026E-16	 1.786261E-15	 1.636258E-04	-7.647947E-16	 1.247888E-15	 8.551288E-05	-1.121049E-15	 6.940813E-17	 3.123488E-05	-1.003654E-15	 2.864621E-16	 2.359410E-06	-1.262245E-16	-1.043425E-16	-1.514155E-05	 5.300816E-16	-8.199987E-17	-2.586033E-05	 1.064386E-15	-1.665335E-16	-3.331769E-05	 8.937065E-16	 2.307206E-16	-3.566606E-05	 8.537815E-16
0.86301	 1.617034E+00	-2.473893E-15	 6.706407E-15	 3.380384E-01	-6.497953E-15	 1.024469E-14	 1.223908E-01	-8.129888E-15	 7.017055E-15	 6.063259E-02	-5.412529E-15	 3.811305E-15	 3.037263E-02	-1.302554E-15	 2.888883E-15	 1.472369E-02	-9.509068E-16	 2.271504E-15	 6.943867E-03	-9.234967E-16	 2.244708E-15	 3.558644E-03	-4.602896E-16	 6.893978E-16	 1.501057E-03	 5.720797E-16	-4.989861E-16	 8.511792E-04	 4.437053E-16	-1.529359E-15	 4.195082E-04	-5.435179E-16	-1.183086E-15	 2.782875E-04	 1.663799E-16	-1.033060E-15	 1.828618E-04	 4.046249E-17	-9.092926E-16	 1.001274E-04	-3.373665E-16	-1.571741E-15	 4.176996E-05	-3.731455E-16	-7.274034E-16	 9.580744E-06	-2.152113E-16	-4.601360E-16	-1.043819E-05	 2.849265E-16	-2.555970E-16	-2.285666E-05	 1.540953E-16	 2.734097E-16	-3.228618E-05	 5.535759E-17	 5.766096E-17	-3.676826E-05	 2.817786E-17
0.86903	 1.613518E+00	 4.152818E-15	 1.729622E-14	 3.372717E-01	-1.089024E-14	 1.500068E-14	 1.232489E-01	-1.149795E-14	 1.215441E-14	 6.237612E-02	-9.039258E-15	 6.847297E-15	 3.166822E-02	-5.722946E-15	 3.639397E-15	 1.560000E-02	-4.521203E-15	 5.377595E-16	 7.501111E-03	-2.908999E-15	-6.465552E-16	 3.892386E-03	-1.998939E-15	-1.789870E-15	 1.658896E-03	 2.794752E-17	-2.444640E-15	 9.416035E-04	 3.593253E-16	-2.432049E-15	 4.553446E-04	 1.426552E-16	-1.708024E-15	 3.045743E-04	 8.514013E-16	-8.252197E-16	 2.032374E-04	 8.783507E-16	-6.362668E-16	 1.158619E-04	 4.227447E-16	-1.001581E-15	 5.349774E-05	-5.443625E-17	-2.975951E-16	 1.779039E-05	-3.873496E-16	-6.364972E-17	-4.873362E-06	-5.216359E-16	 7.591899E-16	-1.897660E-05	-5.150329E-16	 5.389879E-16	-3.034694E-05	-8.396541E-16	 7.985007E-17	-3.700361E-05	-8.312085E-16
0.87500	 1.609964E+00	 5.681255E-15	 6.374953E-16	 3.363593E-01	 6.887529E-15	-4.483120E-16	 1.240583E-01	 2.234266E-15	 1.237676E-15	 6.412967E-02	 9.362420E-16	-2.631981E-16	 3.298716E-02	 4.238196E-17	-1.875632E-15	 1.651456E-02	-1.538726E-15	-3.471328E-15	 8.098892E-03	-7.557348E-16	-4.657409E-15	 4.258200E-03	-5.720029E-17	-4.332327E-15	 1.837683E-03	 6.946188E-16	-3.674178E-15	 1.045209E-03	 1.107536E-15	-2.121785E-15	 4.957969E-04	 1.273762E-16	-1.284127E-15	 3.335296E-04	-1.481833E-16	-8.422646E-17	 2.248584E-04	-3.220875E-16	 4.589075E-16	 1.327884E-04	-1.261477E-16	 7.245626E-16	 6.651975E-05	-4.039338E-16	 1.494118E-15	 2.706742E-05	-4.437053E-16	 1.275221E-15	 1.607862E-06	-1.843462E-16	 9.467607E-16	-1.419179E-05	 2.827767E-16	 8.677552E-16	-2.745532E-05	 2.459996E-16	 5.051284E-16	-3.626661E-05	 6.679765E-18
0.88093	 1.606367E+00	-1.163001E-14	-2.131613E-15	 3.352938E-01	-1.041444E-14	 1.933293E-15	 1.248172E-01	-4.322422E-15	 2.930497E-15	 6.589442E-02	-1.111605E-15	 2.592210E-15	 3.432919E-02	 1.091259E-15	 1.088034E-15	 1.746791E-02	 4.381005E-16	 7.540457E-16	 8.739110E-03	 4.239731E-16	-1.603144E-16	 4.658521E-03	 8.098639E-16	-6.772668E-16	 2.040174E-03	 8.835717E-16	-4.305761E-16	 1.164237E-03	 1.101393E-15	 9.297926E-16	 5.420206E-04	 3.304564E-16	 1.292035E-15	 3.658140E-04	 8.942440E-16	 1.922006E-15	 2.478251E-04	 7.305513E-16	 1.461179E-15	 1.509549E-04	 6.624484E-16	 1.330118E-15	 8.091477E-05	 6.734278E-16	 1.208423E-15	 3.748508E-05	 5.775310E-16	 1.184315E-15	 9.065634E-06	 6.038661E-16	 5.362239E-16	-8.480278E-06	 2.026195E-16	 5.017502E-16	-2.358799E-05	 2.211233E-16	 2.332543E-16	-3.447951E-05	-5.267033E-17
0.88682	 1.602727E+00	-1.117479E-14	-5.975165E-15	 3.340718E-01	-7.775093E-15	 2.538311E-16	 1.255246E-01	-4.355284E-15	 1.263013E-15	 6.766973E-02	-4.285031E-16	 8.696747E-16	 3.569192E-02	 2.058289E-15	 1.339101E-15	 1.845883E-02	 1.674394E-15	 1.575196E-15	 9.422435E-03	 1.945578E-16	 1.629709E-15	 5.095092E-03	-4.018608E-16	 1.733437E-15	 2.268960E-03	-1.946345E-16	 1.501872E-15	 1.301003E-03	-2.077637E-16	 1.953255E-15	 5.953287E-04	-7.792291E-16	 1.716393E-15	 4.022354E-04	 4.106904E-16	 1.793325E-15	 2.722644E-04	 7.761580E-16	 1.409200E-15	 1.703999E-04	 3.504189E-16	 2.045697E-15	 9.673392E-05	 5.564935E-16	 1.058781E-15	 4.910432E-05	 8.289819E-16	 6.180702E-16	 1.756536E-05	 5.925796E-16	-2.461532E-16	-1.822354E-06	 4.153739E-16	-5.938081E-16	-1.874133E-05	 6.504709E-16	-6.496263E-16	-3.160026E-05	-5.205610E-17
0.89268	 1.599038E+00	-5.399861E-16	-1.099819E-14	 3.326854E-01	 1.164744E-14	-3.868736E-15	 1.261786E-01	 4.462160E-15	-2.418305E-15	 6.945711E-02	 4.637369E-15	-2.508981E-15	 3.707461E-02	 4.385381E-15	-7.811486E-16	 1.948723E-02	 2.760662E-15	 4.129170E-16	 1.015027E-02	 1.124427E-15	-7.271730E-16	 5.570100E-03	-4.097690E-16	-9.559742E-16	 2.527117E-03	-1.120742E-15	-1.203663E-15	 1.458259E-03	-1.474001E-15	-4.574487E-16	 6.573994E-04	-2.317187E-15	-6.155365E-16	 4.438898E-04	-9.611184E-16	 3.792878E-17	 2.984161E-04	-9.172776E-16	 1.401983E-16	 1.912179E-04	-3.083441E-16	 7.206468E-16	 1.140394E-04	-1.848068E-16	-2.290315E-16	 6.199878E-05	 5.578756E-16	 1.397376E-17	 2.719935E-05	 5.177202E-16	 2.628142E-16	 5.821629E-06	 6.976132E-16	 3.484227E-16	-1.291128E-05	 7.394577E-16	 2.904546E-16	-2.761280E-05	 5.013663E-16
0.89849	 1.595291E+00	-9.669536E-16	 6.523136E-16	 3.311174E-01	 2.303751E-15	 7.923123E-15	 1.267758E-01	-2.394043E-15	 7.599807E-15	 7.126195E-02	-2.264824E-15	 6.191221E-15	 3.847992E-02	-1.939742E-15	 3.973309E-15	 2.055581E-02	-2.104203E-15	 2.711294E-15	 1.092588E-02	-1.748793E-15	-2.833910E-16	 6.086841E-03	-1.965463E-15	-1.791482E-15	 2.818630E-03	-2.512974E-15	-2.192729E-15	 1.639456E-03	-2.414543E-15	-1.676928E-15	 7.304314E-04	-2.949999E-15	-1.457724E-15	 4.922704E-04	-1.538189E-15	-1.123813E-15	 3.266815E-04	-1.148843E-15	-9.387757E-16	 2.136010E-04	 2.810108E-17	-1.571664E-16	 1.329300E-04	-8.146242E-17	-4.996771E-16	 7.627555E-05	 5.944991E-16	-2.472281E-17	 3.810837E-05	 4.470068E-16	 2.431588E-16	 1.453534E-05	 7.756973E-16	 8.421879E-16	-6.067117E-06	 8.332815E-16	 6.570739E-16	-2.250580E-05	 5.422127E-16
0.90427	 1.591470E+00	 1.392002E-16	 6.104998E-15	 3.293374E-01	-3.121830E-15	 1.144958E-14	 1.273090E-01	-6.041272E-15	 1.026150E-14	 7.309292E-02	-6.635003E-15	 7.792061E-15	 3.991474E-02	-6.223007E-15	 5.725941E-15	 2.167189E-02	-5.988755E-15	 3.540890E-15	 1.175621E-02	-5.230026E-15	 8.247590E-16	 6.651207E-03	-4.320963E-15	-1.121126E-15	 3.149554E-03	-3.297884E-15	-9.303300E-16	 1.849559E-03	-2.062896E-15	-1.120665E-15	 8.176843E-04	-1.551548E-15	-1.526441E-15	 5.495824E-04	-2.881512E-16	-1.820889E-15	 3.577647E-04	-4.222840E-18	-1.948342E-15	 2.379131E-04	 6.093942E-16	-1.361751E-15	 1.535654E-04	 1.097631E-15	-7.138903E-16	 9.209208E-05	 1.584640E-15	-2.955220E-16	 5.050306E-05	 1.809525E-15	-1.335185E-16	 2.447430E-05	 1.779965E-15	 4.092316E-17	 1.882866E-06	 1.335646E-15	-2.284940E-16	-1.624078E-05	 7.043697E-16
0.91001	 1.587565E+00	-4.287027E-15	 2.027823E-14	 3.273274E-01	-2.367416E-14	 2.170716E-14	 1.277723E-01	-1.944165E-14	 2.134223E-14	 7.495288E-02	-1.826056E-14	 1.677757E-14	 4.137967E-02	-1.447413E-14	 1.331761E-14	 2.283792E-02	-1.217675E-14	 9.848507E-15	 1.264475E-02	-9.286946E-15	 6.794012E-15	 7.266902E-03	-7.983087E-15	 3.597553E-15	 3.525090E-03	-6.858814E-15	 3.121907E-15	 2.093414E-03	-5.121460E-15	 2.429822E-15	 9.227682E-04	-3.510332E-15	 1.624181E-15	 6.184614E-04	-1.989879E-15	 7.813022E-16	 3.925557E-04	-1.547479E-15	 2.049997E-17	 2.645896E-04	-1.201052E-15	 2.829303E-16	 1.760314E-04	-2.824696E-16	 1.270691E-16	 1.095343E-04	 8.381953E-16	-1.512545E-17	 6.456914E-05	 1.397530E-15	-2.139828E-16	 3.580398E-05	 1.613278E-15	 8.092497E-17	 1.105841E-05	 1.556078E-15	-1.669173E-16	-8.769228E-06	 6.388773E-16
0.91572	 1.583580E+00	-3.405912E-15	 2.353895E-14	 3.250848E-01	-2.861043E-14	 2.282652E-14	 1.281632E-01	-2.304381E-14	 2.300956E-14	 7.683989E-02	-1.922882E-14	 1.792734E-14	 4.286862E-02	-1.428272E-14	 1.378627E-14	 2.405012E-02	-1.079742E-14	 1.032730E-14	 1.358975E-02	-7.575314E-15	 7.148807E-15	 7.933804E-03	-6.842306E-15	 4.515982E-15	 3.948260E-03	-6.946956E-15	 3.537281E-15	 2.374790E-03	-6.281283E-15	 3.734449E-15	 1.049130E-03	-4.997155E-15	 3.263027E-15	 7.017797E-04	-3.313701E-15	 2.388515E-15	 4.321044E-04	-2.723194E-15	 1.373421E-15	 2.941615E-04	-1.893061E-15	 1.176483E-15	 2.003182E-04	-1.180015E-15	 1.567058E-16	 1.285692E-04	-4.361042E-17	-2.567487E-16	 8.040849E-05	 8.817290E-16	-7.558884E-16	 4.865662E-05	 8.884088E-16	-7.128154E-16	 2.158976E-05	 1.111912E-15	-1.085961E-15	-3.306638E-08	 1.441754E-15
0.92139	 1.579503E+00	 3.872805E-15	 1.159838E-14	 3.225855E-01	-1.142923E-14	 8.926239E-15	 1.284735E-01	-1.254368E-14	 9.021982E-15	 7.875843E-02	-8.955799E-15	 5.072322E-15	 4.438284E-02	-6.325047E-15	 4.065904E-15	 2.531217E-02	-5.304501E-15	 3.585191E-15	 1.459508E-02	-3.526916E-15	 2.015446E-15	 8.655481E-03	-3.173119E-15	 7.941243E-16	 4.424944E-03	-2.622998E-15	 4.386379E-16	 2.699462E-03	-1.785263E-15	 1.082736E-15	 1.201851E-03	-4.948401E-16	 1.400140E-15	 8.037118E-04	 7.715513E-16	 2.230427E-15	 4.782134E-04	 6.969989E-16	 1.571127E-15	 3.276849E-04	 4.932277E-16	 1.587788E-15	 2.265842E-04	-5.149561E-16	 6.235215E-16	 1.492204E-04	-5.930403E-16	 2.927580E-16	 9.814576E-05	-4.261229E-16	-4.458551E-16	 6.321057E-05	-3.938758E-17	-8.751260E-16	 3.370267E-05	 7.938939E-17	-1.088725E-15	 1.013159E-05	 2.089922E-16
0.92702	 1.575317E+00	 5.344810E-15	 1.571726E-14	 3.197882E-01	-1.169373E-14	 1.056278E-14	 1.286887E-01	-1.311507E-14	 1.030603E-14	 8.071713E-02	-1.026365E-14	 5.765252E-15	 4.592811E-02	-7.394961E-15	 2.959597E-15	 2.663347E-02	-6.181700E-15	 1.891679E-15	 1.566881E-02	-4.614259E-15	 3.428946E-16	 9.438192E-03	-3.429560E-15	-1.162049E-15	 4.963390E-03	-2.122937E-15	-1.715548E-15	 3.075037E-03	 8.906353E-18	-1.069223E-15	 1.387785E-03	 9.136690E-16	-9.535941E-16	 9.299888E-04	 2.645341E-15	 1.826570E-16	 5.336311E-04	 2.048538E-15	 6.599147E-16	 3.669236E-04	 1.691823E-15	 1.444672E-15	 2.552112E-04	 3.373665E-16	 1.595005E-15	 1.715851E-04	-1.206964E-16	 1.147154E-15	 1.179020E-04	-7.335457E-16	 5.623287E-16	 7.965772E-05	-9.368562E-16	 5.666283E-17	 4.770868E-05	-8.395006E-16	-6.406432E-16	 2.201715E-05	-5.041303E-16
0.93263	 1.571004E+00	 6.275140E-16	 7.769181E-15	 3.166480E-01	-4.979189E-15	 4.542471E-15	 1.287915E-01	-2.116871E-15	 4.291557E-15	 8.272268E-02	-2.479959E-17	 1.639921E-15	 4.750841E-02	 1.416033E-15	-6.834091E-16	 2.802428E-02	 6.789559E-16	-8.764312E-16	 1.681957E-02	 1.307852E-15	-1.540108E-15	 1.028847E-02	-2.337918E-16	-2.414850E-15	 5.572772E-03	-1.325588E-15	-2.761737E-15	 3.510131E-03	-4.546847E-16	-2.353734E-15	 1.615429E-03	-6.816432E-16	-2.169235E-15	 1.088041E-03	 2.703385E-16	-1.792557E-15	 6.023151E-04	 3.970237E-16	-1.150762E-15	 4.146033E-04	 6.700495E-16	-7.516655E-17	 2.868690E-04	 6.692818E-16	 4.109975E-16	 1.958270E-04	 3.689227E-16	 8.346635E-16	 1.396982E-04	 1.771289E-16	 4.566810E-16	 9.809230E-05	-1.650747E-17	 3.362148E-16	 6.392079E-05	 2.610483E-18	-1.118669E-16	 3.600493E-05	-2.307206E-16
0.93819	 1.566553E+00	 5.070172E-15	 1.016138E-14	 3.131323E-01	-1.831945E-15	 6.114596E-15	 1.287666E-01	-4.731116E-16	 4.920837E-15	 8.477574E-02	-1.195371E-15	 1.677158E-15	 4.912021E-02	-2.159023E-15	 4.550686E-16	 2.948998E-02	-2.580386E-15	 4.056998E-16	 1.805153E-02	-1.597616E-15	-7.601112E-17	 1.120922E-02	-2.974722E-15	-1.308543E-15	 6.260325E-03	-3.422497E-15	-1.301710E-15	 4.012306E-03	-3.085207E-15	-1.541337E-15	 1.893988E-03	-3.117224E-15	-8.463339E-16	 1.286704E-03	-2.869535E-15	-4.130705E-17	 6.896576E-04	-1.908417E-15	 3.689227E-16	 4.748028E-04	-9.753993E-16	 6.544634E-16	 3.227550E-04	-2.501457E-16	 5.727707E-16	 2.223083E-04	 2.612018E-16	 7.914370E-16	 1.633917E-04	 3.465800E-16	 4.720367E-16	 1.183655E-04	 1.074137E-16	 8.476392E-17	 8.248772E-05	-2.301832E-16	-2.678816E-16	 5.243504E-05	 1.659960E-16
0.94373	 1.561962E+00	 8.771914E-15	-7.430970E-15	 3.092118E-01	 1.881083E-14	-8.511556E-15	 1.286000E-01	 1.218497E-14	-1.074905E-14	 8.687770E-02	 1.106553E-14	-9.482963E-15	 5.075731E-02	 5.564091E-15	-6.777351E-15	 3.103588E-02	 2.774867E-15	-5.024719E-15	 1.936662E-02	 2.183515E-15	-4.191437E-15	 1.220013E-02	-8.533208E-16	-4.150514E-15	 7.030596E-03	-1.533735E-15	-3.030924E-15	 4.586443E-03	-1.411427E-15	-1.144774E-15	 2.231923E-03	-2.046542E-15	-4.185986E-16	 1.535139E-03	-1.407357E-15	-3.224714E-18	 8.019265E-04	-6.830252E-16	 5.005985E-16	 5.529444E-04	 2.042319E-17	 7.997291E-16	 3.646821E-04	 7.611093E-16	 7.083622E-16	 2.518063E-04	 1.028914E-15	 7.875980E-16	 1.887519E-04	 5.981845E-16	 5.482782E-16	 1.400834E-04	 6.148455E-16	 2.687262E-16	 1.033256E-04	 5.296209E-16	 1.417339E-16	 7.153173E-05	 2.147506E-16
0.94923	 1.557169E+00	 3.938528E-15	-1.298715E-15	 3.047690E-01	 7.471509E-15	-8.131654E-16	 1.282455E-01	 2.286246E-15	-3.280532E-15	 8.902880E-02	 3.046434E-15	-1.796780E-15	 5.242963E-02	 3.098029E-16	 3.277692E-16	 3.269699E-02	-1.047648E-15	 8.109388E-16	 2.079482E-02	-4.063140E-16	 6.819503E-16	 1.328628E-02	-2.683576E-15	-2.408554E-16	 7.909403E-03	-3.552790E-15	-1.950184E-16	 5.253269E-03	-3.184866E-15	 7.839894E-16	 2.650795E-03	-3.276617E-15	 7.997291E-16	 1.852112E-03	-2.513588E-15	 8.766616E-16	 9.525177E-04	-2.006233E-15	-1.512545E-17	 6.598094E-04	-5.716958E-16	 1.231534E-16	 4.173642E-04	-4.265836E-16	-3.435856E-16	 2.869141E-04	 4.325724E-16	 5.466658E-17	 2.160535E-04	 2.791681E-16	-1.993948E-16	 1.628807E-04	 2.638891E-16	 2.416232E-16	 1.262182E-04	 1.340560E-16	 3.386718E-16	 9.349031E-05	 3.078834E-17
0.95470	 1.552235E+00	-3.627650E-15	-1.280772E-14	 2.998845E-01	 1.180714E-14	-6.978819E-15	 1.277307E-01	 7.759891E-15	-9.196731E-15	 9.120813E-02	 9.853114E-15	-4.844826E-15	 5.409174E-02	 5.725634E-15	-2.684651E-15	 3.443661E-02	 3.127435E-15	-1.490663E-15	 2.229803E-02	 3.284525E-15	-1.095098E-15	 1.443460E-02	 1.063158E-15	-1.138094E-15	 8.876728E-03	-2.111420E-16	-9.239574E-16	 5.999570E-03	-5.136509E-16	 1.462638E-16	 3.151457E-03	-2.063817E-15	 1.149380E-16	 2.244690E-03	-1.020392E-15	 4.777952E-16	 1.150949E-03	-1.500721E-15	 1.712170E-17	 8.059665E-04	-6.430234E-16	 1.868031E-16	 4.864213E-04	-7.478266E-17	-2.561344E-16	 3.312938E-04	 1.707563E-16	 1.190841E-16	 2.454779E-04	 5.477407E-16	-4.545311E-17	 1.856237E-04	 6.163811E-16	 3.287673E-16	 1.495689E-04	 9.643431E-17	 9.720210E-17	 1.170018E-04	-7.524333E-18
0.96014	 1.547174E+00	-3.015031E-15	 6.832709E-15	 2.944868E-01	-8.658665E-15	 7.115025E-15	 1.270391E-01	-6.627479E-15	 7.371543E-15	 9.347060E-02	-6.205425E-15	 8.003971E-15	 5.575304E-02	-6.795241E-15	 7.674129E-15	 3.628854E-02	-7.171918E-15	 6.875475E-15	 2.388018E-02	-5.609390E-15	 5.568314E-15	 1.563035E-02	-6.161354E-15	 3.594865E-15	 9.918949E-03	-3.506186E-15	 3.164827E-15	 6.804642E-03	-2.304365E-15	 2.523953E-15	 3.726250E-03	-2.397268E-15	 1.760771E-15	 2.712431E-03	-1.395917E-15	 1.504713E-15	 1.400721E-03	-1.193605E-15	 9.741708E-16	 1.001259E-03	-1.070759E-15	 5.070479E-16	 5.770862E-04	-3.444302E-16	 1.709099E-16	 3.905311E-04	 9.958225E-17	-1.217713E-16	 2.783325E-04	 1.609286E-16	 2.811644E-16	 2.080502E-04	 2.142132E-17	 1.352844E-16	 1.719536E-04	 1.854211E-16	-5.032857E-16	 1.405455E-04	 1.954023E-16
0.96555	 1.541356E+00	 1.181320E-15	 5.378363E-16	 2.874330E-01	 1.899741E-15	-1.005036E-15	 1.256782E-01	 3.847621E-15	-1.477226E-15	 9.578778E-02	 4.724974E-15	-7.370007E-16	 5.756462E-02	 1.739733E-15	 1.501028E-16	 3.861733E-02	-3.322223E-16	 3.573290E-16	 2.588425E-02	-8.078677E-16	 4.180612E-16	 1.719649E-02	-2.814484E-15	-9.686427E-16	 1.131428E-02	-1.946345E-16	-1.179324E-15	 7.878100E-03	 1.046804E-15	-1.245584E-15	 4.550381E-03	 5.201771E-16	-1.611513E-15	 3.386332E-03	 8.034913E-16	-1.400294E-15	 1.799489E-03	 4.173701E-16	-1.173873E-15	 1.323467E-03	-1.345934E-16	-1.557691E-15	 7.365181E-04	 3.157917E-16	-1.548170E-15	 4.999403E-04	 1.335953E-16	-8.104782E-16	 3.311527E-04	 1.098937E-15	-6.397986E-16	 2.389006E-04	 6.205271E-16	-8.570062E-16	 1.958320E-04	 6.841001E-16	-1.148382E-15	 1.646136E-04	 2.161326E-16
0.97093	 1.535271E+00	 4.824787E-15	 7.133912E-15	 2.798128E-01	 1.862119E-15	 3.153847E-15	 1.241074E-01	 4.313516E-15	 3.947895E-15	 9.790181E-02	 2.670217E-15	 2.026656E-15	 5.919839E-02	 1.861044E-15	 1.642608E-15	 4.100510E-02	 4.245874E-16	 1.247734E-15	 2.795068E-02	 1.033444E-16	-3.501118E-16	 1.887605E-02	-1.016783E-15	-2.226435E-15	 1.286104E-02	 1.952257E-15	-3.053728E-15	 9.083598E-03	 3.168435E-15	-4.020220E-15	 5.543731E-03	 3.103250E-15	-4.260231E-15	 4.215240E-03	 3.062020E-15	-4.789545E-15	 2.342096E-03	 1.908033E-15	-4.736337E-15	 1.778901E-03	 9.330941E-16	-4.574948E-15	 9.838912E-04	 9.136690E-16	-4.026363E-15	 6.801207E-04	 2.040783E-16	-2.910535E-15	 4.166115E-04	 5.125760E-16	-2.421376E-15	 2.859929E-04	 3.596324E-16	-1.845842E-15	 2.199433E-04	 3.178647E-16	-1.612280E-15	 1.832449E-04	 5.901995E-16
0.97628	 1.530263E+00	 1.907342E-15	 2.789455E-15	 2.739513E-01	-1.162049E-15	 3.723009E-16	 1.235492E-01	-2.559041E-16	 2.478807E-15	 1.002332E-01	-2.323407E-15	 1.477610E-15	 6.050763E-02	-3.088585E-15	 2.088617E-15	 4.280904E-02	-2.643651E-15	 2.724576E-15	 2.934420E-02	-2.722350E-15	 1.824651E-15	 1.989434E-02	-2.764425E-15	 5.425966E-16	 1.385906E-02	-3.377504E-16	 5.391415E-16	 9.828628E-03	 6.027912E-16	-1.236140E-16	 6.221876E-03	 1.754475E-15	-6.592237E-16	 4.823000E-03	 2.333925E-15	-1.123506E-15	 2.757439E-03	 2.441646E-15	-1.935059E-15	 2.170158E-03	 2.328781E-15	-2.270199E-15	 1.195541E-03	 2.545682E-15	-2.628526E-15	 8.494644E-04	 2.120864E-15	-2.411395E-15	 4.887184E-04	 2.336229E-15	-2.120019E-15	 3.226267E-04	 2.089922E-15	-2.057444E-15	 2.284274E-04	 2.606414E-15	-1.751097E-15	 1.856981E-04	 2.262598E-15
0.98160	 1.523206E+00	-4.221228E-15	 4.550302E-15	 2.628497E-01	-1.191593E-14	 4.277046E-15	 1.208235E-01	-1.087320E-14	 6.633084E-15	 1.032125E-01	-1.254283E-14	 4.155505E-15	 6.242304E-02	-1.093731E-14	 3.547723E-15	 4.618561E-02	-8.407598E-15	 3.087280E-15	 3.189114E-02	-6.720842E-15	 1.918628E-15	 2.192170E-02	-5.059577E-15	 1.427857E-15	 1.576335E-02	-2.587449E-15	 1.576501E-15	 1.116442E-02	-1.403595E-15	 1.547940E-15	 7.506912E-03	 3.961792E-16	 1.677773E-15	 5.897319E-03	 8.327440E-16	 1.359524E-15	 3.587500E-03	 2.037559E-15	 1.720922E-15	 2.971863E-03	 2.442567E-15	 1.732593E-15	 1.697930E-03	 3.168819E-15	 1.229154E-15	 1.303597E-03	 3.074151E-15	 7.783846E-16	 7.258546E-04	 3.228630E-15	 4.305761E-16	 4.807829E-04	 3.573214E-15	 1.702188E-16	 2.812251E-04	 2.994147E-15	 2.197412E-16	 1.952178E-04	 2.827537E-15
0.98689	 1.510548E+00	-3.977147E-16	-1.784035E-15	 2.382729E-01	 2.455390E-15	-2.710295E-15	 1.117571E-01	 1.136635E-15	-4.233743E-15	 1.049808E-01	 2.387056E-15	-5.723100E-15	 6.414249E-02	 2.678970E-15	-7.638734E-15	 5.303474E-02	 3.913421E-15	-7.291847E-15	 3.714215E-02	 4.009088E-15	-8.504800E-15	 2.741905E-02	 4.878685E-15	-7.558576E-15	 2.066820E-02	 5.170676E-15	-6.821192E-15	 1.479873E-02	 4.981185E-15	-6.051714E-15	 1.102789E-02	 5.200312E-15	-4.849509E-15	 8.499173E-03	 4.682976E-15	-3.826507E-15	 5.901129E-03	 4.279426E-15	-2.984396E-15	 5.035543E-03	 3.419502E-15	-1.962853E-15	 3.271099E-03	 3.458276E-15	-1.431850E-15	 2.862276E-03	 2.912992E-15	-9.426147E-16	 1.788847E-03	 2.501303E-15	-4.615180E-16	 1.444376E-03	 2.009918E-15	 2.010840E-16	 8.633299E-04	 1.826954E-15	 5.214056E-16	 6.065137E-04	 9.891427E-16
0.99216	 1.494932E+00	 5.524243E-16	 2.722734E-15	 2.062867E-01	-6.504325E-16	 1.243703E-15	 9.948372E-02	-1.488359E-15	 1.612856E-15	 1.024641E-01	-2.642385E-15	 7.638350E-16	 6.273384E-02	-2.482224E-15	 6.773435E-16	 5.985119E-02	-3.298575E-15	 3.768309E-16	 4.161585E-02	-3.315851E-15	-1.402904E-15	 3.510085E-02	-1.461870E-15	-1.851408E-15	 2.689604E-02	-7.413004E-16	-2.619965E-15	 2.061514E-02	 7.884426E-16	-2.303290E-15	 1.657437E-02	 1.514003E-15	-2.186279E-15	 1.248215E-02	 2.011761E-15	-2.240946E-15	 9.900170E-03	 2.564108E-15	-1.165734E-15	 7.973537E-03	 1.897207E-15	-1.168345E-15	 5.982657E-03	 2.316573E-15	-9.128628E-16	 5.312230E-03	 2.333541E-15	-4.682362E-16	 3.787590E-03	 2.310661E-15	-6.536189E-16	 3.536577E-03	 1.706642E-15	 2.342908E-16	 2.463464E-03	 2.688644E-15	-2.737168E-16	 2.234737E-03	 1.983199E-15
0.99739	 1.478748E+00	-2.098905E-15	-1.762076E-15	 1.755850E-01	-2.215878E-15	-1.106499E-15	 8.913928E-02	-1.286815E-15	-1.685835E-15	 9.602269E-02	-1.507784E-15	-8.829575E-17	 5.894297E-02	-2.027270E-15	 1.266238E-15	 6.313551E-02	-3.838715E-15	 1.421254E-15	 4.272417E-02	-4.323267E-15	 1.765877E-15	 4.169935E-02	-3.479697E-15	 1.121279E-15	 3.102189E-02	-3.276502E-15	 1.270691E-15	 2.708272E-02	-1.540722E-15	 3.713028E-16	 2.184632E-02	-1.263666E-15	 6.860196E-17	 1.749043E-02	 9.934807E-16	-4.806744E-16	 1.480375E-02	 9.988168E-16	-5.517716E-16	 1.151903E-02	 2.594513E-15	-8.681007E-16	 9.760301E-03	 3.274083E-15	-4.858569E-16	 7.918811E-03	 3.094958E-15	-9.618862E-16	 6.441670E-03	 3.480964E-15	-1.294300E-15	 5.704203E-03	 2.955220E-15	-1.384784E-15	 4.405465E-03	 4.275434E-15	-1.515577E-15	 4.219972E-03	 3.399386E-15
