@R IP 1 []
  5.845844614e+05
@R BCENTR 1 []
  1.792385008e+00
@R RMAJOR 1 []
  1.765979106e+00
@R AMINOR 1 []
  4.602607189e-01
@R KAPPA 1 []
  1.656876353e+00
@R DELTA 1 []
  7.594075333e-01
@I NRHO 1 []
              101
@R RHOB 1 []
  5.812917213e-01
@R RHO 101 []
  0.000000000e+00  1.000000000e-02  2.000000000e-02  3.000000000e-02
  4.000000000e-02  5.000000000e-02  6.000000000e-02  7.000000000e-02
  8.000000000e-02  9.000000000e-02  1.000000000e-01  1.100000000e-01
  1.200000000e-01  1.300000000e-01  1.400000000e-01  1.500000000e-01
  1.600000000e-01  1.700000000e-01  1.800000000e-01  1.900000000e-01
  2.000000000e-01  2.100000000e-01  2.200000000e-01  2.300000000e-01
  2.400000000e-01  2.500000000e-01  2.600000000e-01  2.700000000e-01
  2.800000000e-01  2.900000000e-01  3.000000000e-01  3.100000000e-01
  3.200000000e-01  3.300000000e-01  3.400000000e-01  3.500000000e-01
  3.600000000e-01  3.700000000e-01  3.800000000e-01  3.900000000e-01
  4.000000000e-01  4.100000000e-01  4.200000000e-01  4.300000000e-01
  4.400000000e-01  4.500000000e-01  4.600000000e-01  4.700000000e-01
  4.800000000e-01  4.900000000e-01  5.000000000e-01  5.100000000e-01
  5.200000000e-01  5.300000000e-01  5.400000000e-01  5.500000000e-01
  5.600000000e-01  5.700000000e-01  5.800000000e-01  5.900000000e-01
  6.000000000e-01  6.100000000e-01  6.200000000e-01  6.300000000e-01
  6.400000000e-01  6.500000000e-01  6.600000000e-01  6.700000000e-01
  6.800000000e-01  6.900000000e-01  7.000000000e-01  7.100000000e-01
  7.200000000e-01  7.300000000e-01  7.400000000e-01  7.500000000e-01
  7.600000000e-01  7.700000000e-01  7.800000000e-01  7.900000000e-01
  8.000000000e-01  8.100000000e-01  8.200000000e-01  8.300000000e-01
  8.400000000e-01  8.500000000e-01  8.600000000e-01  8.700000000e-01
  8.800000000e-01  8.900000000e-01  9.000000000e-01  9.100000000e-01
  9.200000000e-01  9.300000000e-01  9.400000000e-01  9.500000000e-01
  9.600000000e-01  9.700000000e-01  9.800000000e-01  9.900000000e-01
  1.000000000e+00
@R VOLP 101 []
  0.000000000e+00  4.351677663e-01  8.702247885e-01  1.305060569e+00
  1.739565936e+00  2.173632683e+00  2.607154280e+00  3.040027215e+00
  3.472149407e+00  3.903422171e+00  4.333750840e+00  4.763042563e+00
  5.191209925e+00  5.618169140e+00  6.043839167e+00  6.468145619e+00
  6.891016475e+00  7.312383856e+00  7.732186341e+00  8.150364147e+00
  8.566862085e+00  8.981629842e+00  9.394617812e+00  9.805780639e+00
  1.021507983e+01  1.062248033e+01  1.102794886e+01  1.143144715e+01
  1.183293045e+01  1.223235564e+01  1.262968224e+01  1.302486822e+01
  1.341787426e+01  1.380866343e+01  1.419719600e+01  1.458343410e+01
  1.496734195e+01  1.534888193e+01  1.572801675e+01  1.610471174e+01
  1.647892998e+01  1.685063461e+01  1.721979172e+01  1.758636397e+01
  1.795031356e+01  1.831160584e+01  1.867020446e+01  1.902607013e+01
  1.937916567e+01  1.972945404e+01  2.007689421e+01  2.042144538e+01
  2.076306816e+01  2.110172009e+01  2.143735618e+01  2.176993375e+01
  2.209940623e+01  2.242572319e+01  2.274883588e+01  2.306869348e+01
  2.338524029e+01  2.369841932e+01  2.400817125e+01  2.431443255e+01
  2.461713547e+01  2.491621252e+01  2.521158961e+01  2.550318272e+01
  2.579090576e+01  2.607466767e+01  2.635437048e+01  2.662990409e+01
  2.690115001e+01  2.716798524e+01  2.743027032e+01  2.768784769e+01
  2.794053816e+01  2.818813352e+01  2.843039468e+01  2.866704238e+01
  2.889775259e+01  2.912214911e+01  2.933977182e+01  2.955006119e+01
  2.975232532e+01  2.994570034e+01  3.012915617e+01  3.030145819e+01
  3.046101930e+01  3.060583828e+01  3.073344504e+01  3.084074836e+01
  3.092433960e+01  3.098023034e+01  3.100427027e+01  3.099040277e+01
  3.093390257e+01  3.081065023e+01  3.060824109e+01  3.016462932e+01
  2.928435029e+01
@R IPOL 101 []
  9.950360959e-01  9.950417804e-01  9.950587953e-01  9.950870250e-01
  9.951262779e-01  9.951762885e-01  9.952367197e-01  9.953071663e-01
  9.953871586e-01  9.954761667e-01  9.955736061e-01  9.956788420e-01
  9.957911950e-01  9.959099493e-01  9.960343585e-01  9.961636529e-01
  9.962970483e-01  9.964337519e-01  9.965729709e-01  9.967139201e-01
  9.968558268e-01  9.969979464e-01  9.971395487e-01  9.972799582e-01
  9.974185515e-01  9.975545677e-01  9.976872699e-01  9.978163465e-01
  9.979416320e-01  9.980629223e-01  9.981800494e-01  9.982928571e-01
  9.984012076e-01  9.985049795e-01  9.986040653e-01  9.986983822e-01
  9.987878554e-01  9.988724270e-01  9.989520615e-01  9.990267281e-01
  9.990964227e-01  9.991611443e-01  9.992209150e-01  9.992757632e-01
  9.993257353e-01  9.993708925e-01  9.994112990e-01  9.994470410e-01
  9.994782072e-01  9.995049026e-01  9.995272438e-01  9.995453495e-01
  9.995593530e-01  9.995693927e-01  9.995756191e-01  9.995781846e-01
  9.995772523e-01  9.995729891e-01  9.995655684e-01  9.995551632e-01
  9.995419608e-01  9.995261421e-01  9.995078967e-01  9.994874138e-01
  9.994648850e-01  9.994405044e-01  9.994144664e-01  9.993869688e-01
  9.993582033e-01  9.993283697e-01  9.992976633e-01  9.992662861e-01
  9.992344392e-01  9.992023300e-01  9.991701721e-01  9.991381968e-01
  9.991066484e-01  9.990758033e-01  9.990459805e-01  9.990175591e-01
  9.989910050e-01  9.989669020e-01  9.989459888e-01  9.989291979e-01
  9.989176938e-01  9.989128705e-01  9.989163408e-01  9.989298595e-01
  9.989552153e-01  9.989941405e-01  9.990482276e-01  9.991188011e-01
  9.992065106e-01  9.993105277e-01  9.994274256e-01  9.995507569e-01
  9.996718132e-01  9.997819745e-01  9.998765688e-01  9.999501109e-01
  9.999968955e-01
@R G11 101 []
  0.000000000e+00  4.308125779e-01  8.616112486e-01  1.292616877e+00
  1.723962299e+00  2.155654911e+00  2.587683314e+00  3.020161043e+00
  3.453293815e+00  3.887114827e+00  4.321592786e+00  4.756881619e+00
  5.193051821e+00  5.630093754e+00  6.068095484e+00  6.507120486e+00
  6.947206135e+00  7.388419885e+00  7.830759983e+00  8.274288864e+00
  8.719051908e+00  9.165052536e+00  9.612347204e+00  1.006096635e+01
  1.051091724e+01  1.096223137e+01  1.141493208e+01  1.186905018e+01
  1.232464101e+01  1.278176271e+01  1.324048022e+01  1.370085024e+01
  1.416289933e+01  1.462668963e+01  1.509234270e+01  1.555985160e+01
  1.602928437e+01  1.650078469e+01  1.697432004e+01  1.745005116e+01
  1.792800362e+01  1.840829310e+01  1.889100062e+01  1.937618294e+01
  1.986402685e+01  2.035450634e+01  2.084788142e+01  2.134416836e+01
  2.184347189e+01  2.234608851e+01  2.285198633e+01  2.336134383e+01
  2.387447895e+01  2.439142716e+01  2.491235189e+01  2.543756902e+01
  2.596732767e+01  2.650176125e+01  2.704110124e+01  2.758574296e+01
  2.813602119e+01  2.869221911e+01  2.925459118e+01  2.982361692e+01
  3.039981816e+01  3.098369120e+01  3.157563486e+01  3.217614346e+01
  3.278601047e+01  3.340600419e+01  3.403697674e+01  3.467954202e+01
  3.533463891e+01  3.600363950e+01  3.668796096e+01  3.738856462e+01
  3.810686810e+01  3.884547376e+01  3.960658092e+01  4.039169165e+01
  4.120441278e+01  4.204927371e+01  4.292813866e+01  4.384852521e+01
  4.481582934e+01  4.583755321e+01  4.692525458e+01  4.808973787e+01
  4.934716109e+01  5.072199161e+01  5.223589863e+01  5.393620921e+01
  5.587680653e+01  5.810515773e+01  6.076369988e+01  6.395978787e+01
  6.813171988e+01  7.303195551e+01  8.346939544e+01  1.168937394e+02
  2.607155848e+02
@R G22 101 []
  0.000000000e+00  5.783273375e-03  1.156649903e-02  1.735278345e-02
  2.314405748e-02  2.894056378e-02  3.474230064e-02  4.055095988e-02
  4.636945997e-02  5.219842334e-02  5.803762133e-02  6.388929858e-02
  6.975462112e-02  7.563367548e-02  8.152785282e-02  8.743826922e-02
  9.336566725e-02  9.931120281e-02  1.052751470e-01  1.112586067e-01
  1.172624836e-01  1.232871376e-01  1.293335966e-01  1.354025810e-01
  1.414945667e-01  1.476103149e-01  1.537504683e-01  1.599157425e-01
  1.661070772e-01  1.723254548e-01  1.785719894e-01  1.848476563e-01
  1.911530602e-01  1.974893019e-01  2.038582304e-01  2.102600066e-01
  2.166958257e-01  2.231678447e-01  2.296758629e-01  2.362223500e-01
  2.428078845e-01  2.494342614e-01  2.561028747e-01  2.628147380e-01
  2.695726087e-01  2.763764189e-01  2.832299647e-01  2.901336940e-01
  2.970893000e-01  3.041010814e-01  3.111688284e-01  3.182952255e-01
  3.254848831e-01  3.327385022e-01  3.400585421e-01  3.474496084e-01
  3.549153232e-01  3.624576835e-01  3.700801266e-01  3.777883143e-01
  3.855870005e-01  3.934802666e-01  4.014718449e-01  4.095684907e-01
  4.177775030e-01  4.261059362e-01  4.345594620e-01  4.431449404e-01
  4.518733960e-01  4.607555490e-01  4.698032557e-01  4.790249787e-01
  4.884336867e-01  4.980484217e-01  5.078886922e-01  5.179675662e-01
  5.283043181e-01  5.389343881e-01  5.498874683e-01  5.611833192e-01
  5.728706006e-01  5.850103230e-01  5.976252363e-01  6.108152966e-01
  6.246488021e-01  6.392211570e-01  6.546831117e-01  6.711740215e-01
  6.889031905e-01  7.081899485e-01  7.293061608e-01  7.528701557e-01
  7.795910192e-01  8.100887231e-01  8.463238589e-01  8.897843028e-01
  9.466529578e-01  1.013389493e+00  1.157016790e+00  1.617993638e+00
  3.612299997e+00
@R G33 101 []
  9.358988427e-01  9.359331024e-01  9.360361881e-01  9.362080019e-01
  9.364480986e-01  9.367562943e-01  9.371322755e-01  9.375753449e-01
  9.380851464e-01  9.386610458e-01  9.393021722e-01  9.400079876e-01
  9.407775170e-01  9.416098305e-01  9.425041746e-01  9.434593541e-01
  9.444744549e-01  9.455485302e-01  9.466803219e-01  9.478688936e-01
  9.491132179e-01  9.504121452e-01  9.517648626e-01  9.531704335e-01
  9.546275719e-01  9.561351810e-01  9.576923301e-01  9.592984055e-01
  9.609533746e-01  9.626572063e-01  9.644097429e-01  9.662110305e-01
  9.680609871e-01  9.699594396e-01  9.719064904e-01  9.739021595e-01
  9.759463933e-01  9.780393182e-01  9.801810732e-01  9.823716878e-01
  9.846113592e-01  9.869003250e-01  9.892386708e-01  9.916267255e-01
  9.940648528e-01  9.965532634e-01  9.990922951e-01  1.001682451e+00
  1.004324136e+00  1.007017767e+00  1.009763968e+00  1.012563370e+00
  1.015416530e+00  1.018324168e+00  1.021287127e+00  1.024306146e+00
  1.027382142e+00  1.030516221e+00  1.033709399e+00  1.036962796e+00
  1.040277740e+00  1.043655615e+00  1.047097903e+00  1.050606266e+00
  1.054182540e+00  1.057828543e+00  1.061546367e+00  1.065338516e+00
  1.069207568e+00  1.073156296e+00  1.077187749e+00  1.081305455e+00
  1.085513271e+00  1.089815222e+00  1.094215974e+00  1.098720890e+00
  1.103336165e+00  1.108069091e+00  1.112928110e+00  1.117923163e+00
  1.123065825e+00  1.128369574e+00  1.133850974e+00  1.139530251e+00
  1.145432543e+00  1.151589468e+00  1.158039026e+00  1.164827311e+00
  1.172014600e+00  1.179678238e+00  1.187915565e+00  1.196851022e+00
  1.206626507e+00  1.217414728e+00  1.229407269e+00  1.242888682e+00
  1.258113392e+00  1.276163445e+00  1.297723198e+00  1.330147050e+00
  1.383905923e+00
@R GRADRHO 101 []
  9.984941507e-01  9.915545012e-01  9.915797120e-01  9.917160649e-01
  9.919400036e-01  9.922125270e-01  9.925163646e-01  9.928696058e-01
  9.932929978e-01  9.937741598e-01  9.942981964e-01  9.948761104e-01
  9.955077545e-01  9.961843774e-01  9.969071883e-01  9.976769309e-01
  9.984917447e-01  9.993509322e-01  1.000250037e+00  1.001189809e+00
  1.002169688e+00  1.003186382e+00  1.004239462e+00  1.005328285e+00
  1.006451177e+00  1.007606555e+00  1.008793021e+00  1.010010455e+00
  1.011259094e+00  1.012538805e+00  1.013850023e+00  1.015193049e+00
  1.016566961e+00  1.017971825e+00  1.019409680e+00  1.020878574e+00
  1.022378929e+00  1.023912941e+00  1.025477559e+00  1.027076084e+00
  1.028707107e+00  1.030371621e+00  1.032069962e+00  1.033801771e+00
  1.035569768e+00  1.037370915e+00  1.039209730e+00  1.041084359e+00
  1.042994976e+00  1.044946060e+00  1.046934290e+00  1.048961355e+00
  1.051031575e+00  1.053142586e+00  1.055295101e+00  1.057492873e+00
  1.059737559e+00  1.062028193e+00  1.064365994e+00  1.066754984e+00
  1.069197248e+00  1.071693689e+00  1.074244593e+00  1.076853773e+00
  1.079525090e+00  1.082261636e+00  1.085064266e+00  1.087934682e+00
  1.090878929e+00  1.093901947e+00  1.097009049e+00  1.100200510e+00
  1.103480942e+00  1.106860546e+00  1.110348365e+00  1.113944656e+00
  1.117654856e+00  1.121499415e+00  1.125489704e+00  1.129624291e+00
  1.133927854e+00  1.138432180e+00  1.143126817e+00  1.148069530e+00
  1.153277934e+00  1.158786410e+00  1.164664626e+00  1.170951469e+00
  1.177724288e+00  1.185119273e+00  1.193173689e+00  1.202143882e+00
  1.212242959e+00  1.223445579e+00  1.236521513e+00  1.251336455e+00
  1.270673324e+00  1.288409561e+00  1.340859134e+00  1.510986618e+00
  2.041854250e+00
@R AREA 101 []
  0.000000000e+00  4.314347879e-01  8.628829362e-01  1.294280274e+00
  1.725567901e+00  2.156701109e+00  2.587659751e+00  3.018418891e+00
  3.448941420e+00  3.879187000e+00  4.309128481e+00  4.738737479e+00
  5.167981675e+00  5.596831468e+00  6.025261746e+00  6.453245893e+00
  6.880757948e+00  7.307772412e+00  7.734267206e+00  8.160221281e+00
  8.585613019e+00  9.010422671e+00  9.434632645e+00  9.858225881e+00
  1.028118565e+01  1.070349690e+01  1.112514666e+01  1.154612247e+01
  1.196641167e+01  1.238600229e+01  1.280488313e+01  1.322304306e+01
  1.364047116e+01  1.405715755e+01  1.447309262e+01  1.488826681e+01
  1.530267178e+01  1.571629876e+01  1.612914025e+01  1.654118955e+01
  1.695243874e+01  1.736288269e+01  1.777251483e+01  1.818133110e+01
  1.858932584e+01  1.899649563e+01  1.940283742e+01  1.980834764e+01
  2.021302513e+01  2.061686790e+01  2.101987516e+01  2.142204781e+01
  2.182338609e+01  2.222389139e+01  2.262356723e+01  2.302241702e+01
  2.342044488e+01  2.381765634e+01  2.421405918e+01  2.460966136e+01
  2.500447210e+01  2.539850217e+01  2.579176467e+01  2.618427451e+01
  2.657604790e+01  2.696710313e+01  2.735746086e+01  2.774714539e+01
  2.813618366e+01  2.852460518e+01  2.891244283e+01  2.929973372e+01
  2.968652149e+01  3.007285332e+01  3.045878148e+01  3.084436468e+01
  3.122967272e+01  3.161478144e+01  3.199977456e+01  3.238474979e+01
  3.276982149e+01  3.315511256e+01  3.354076818e+01  3.392696105e+01
  3.431387607e+01  3.470174939e+01  3.509084186e+01  3.548148094e+01
  3.587406407e+01  3.626908742e+01  3.666717627e+01  3.706918296e+01
  3.747616530e+01  3.788968409e+01  3.831194941e+01  3.874616516e+01
  3.919752220e+01  3.967464424e+01  4.019417361e+01  4.077088448e+01
  4.150708621e+01
@R A 101 []
  0.000000000e+00  5.261399443e-03  1.052270977e-02  1.578332217e-02
  2.104298406e-02  2.630148782e-02  3.155840961e-02  3.681352793e-02
  4.206651678e-02  4.731701177e-02  5.256476922e-02  5.780943386e-02
  6.305069237e-02  6.828830835e-02  7.352194014e-02  7.875128767e-02
  8.397610284e-02  8.919604891e-02  9.441085621e-02  9.962023737e-02
  1.048238545e-01  1.100214800e-01  1.152128030e-01  1.203974980e-01
  1.255753271e-01  1.307459744e-01  1.359091179e-01  1.410645039e-01
  1.462118461e-01  1.513508466e-01  1.564812251e-01  1.616026695e-01
  1.667148783e-01  1.718175774e-01  1.769104464e-01  1.819931599e-01
  1.870654399e-01  1.921269598e-01  1.971773778e-01  2.022163901e-01
  2.072436574e-01  2.122588351e-01  2.172615753e-01  2.222515412e-01
  2.272283502e-01  2.321916461e-01  2.371410543e-01  2.420761661e-01
  2.469966002e-01  2.519019499e-01  2.567917779e-01  2.616656571e-01
  2.665231512e-01  2.713637888e-01  2.761870905e-01  2.809925750e-01
  2.857797330e-01  2.905480224e-01  2.952969047e-01  3.000258240e-01
  3.047341814e-01  3.094213477e-01  3.140866977e-01  3.187295735e-01
  3.233492661e-01  3.279450421e-01  3.325161423e-01  3.370617740e-01
  3.415810894e-01  3.460732067e-01  3.505371950e-01  3.549720620e-01
  3.593767831e-01  3.637502646e-01  3.680913338e-01  3.723987344e-01
  3.766711581e-01  3.809071831e-01  3.851052607e-01  3.892637537e-01
  3.933809559e-01  3.974549343e-01  4.014836297e-01  4.054648683e-01
  4.093959597e-01  4.132739725e-01  4.170955523e-01  4.208570126e-01
  4.245541757e-01  4.281823750e-01  4.317361099e-01  4.352092440e-01
  4.385940953e-01  4.418816291e-01  4.450594646e-01  4.481111396e-01
  4.510164722e-01  4.537489305e-01  4.562673446e-01  4.584040798e-01
  4.598886225e-01
@R RTOR 101 []
  1.825454892e+00  1.825443488e+00  1.825409041e+00  1.825351540e+00
  1.825271217e+00  1.825168202e+00  1.825042574e+00  1.824894627e+00
  1.824724575e+00  1.824532639e+00  1.824319208e+00  1.824084556e+00
  1.823829051e+00  1.823553138e+00  1.823257165e+00  1.822941617e+00
  1.822606974e+00  1.822253666e+00  1.821882241e+00  1.821493208e+00
  1.821087059e+00  1.820664365e+00  1.820225657e+00  1.819771444e+00
  1.819302305e+00  1.818818795e+00  1.818321438e+00  1.817810811e+00
  1.817287426e+00  1.816751745e+00  1.816204223e+00  1.815645256e+00
  1.815075217e+00  1.814494501e+00  1.813903463e+00  1.813302433e+00
  1.812691769e+00  1.812071794e+00  1.811442813e+00  1.810805158e+00
  1.810159138e+00  1.809505036e+00  1.808843170e+00  1.808173836e+00
  1.807497313e+00  1.806813899e+00  1.806123890e+00  1.805427561e+00
  1.804725193e+00  1.804017084e+00  1.803303511e+00  1.802584746e+00
  1.801861085e+00  1.801132810e+00  1.800400188e+00  1.799663513e+00
  1.798923074e+00  1.798179147e+00  1.797432017e+00  1.796681981e+00
  1.795929327e+00  1.795174339e+00  1.794417321e+00  1.793658575e+00
  1.792898394e+00  1.792137087e+00  1.791374974e+00  1.790612367e+00
  1.789849579e+00  1.789086945e+00  1.788324803e+00  1.787563490e+00
  1.786803347e+00  1.786044744e+00  1.785288052e+00  1.784533647e+00
  1.783781906e+00  1.783033215e+00  1.782287973e+00  1.781546583e+00
  1.780809446e+00  1.780077007e+00  1.779349717e+00  1.778627995e+00
  1.777912236e+00  1.777202627e+00  1.776499324e+00  1.775802584e+00
  1.775112752e+00  1.774430128e+00  1.773755227e+00  1.773088755e+00
  1.772431594e+00  1.771784659e+00  1.771148714e+00  1.770526018e+00
  1.769920610e+00  1.769338671e+00  1.768790489e+00  1.768316565e+00
  1.767983272e+00
@R SHIFT 101 []
  5.947578629e-02  5.946438245e-02  5.942993500e-02  5.937243423e-02
  5.929211128e-02  5.918909614e-02  5.906346751e-02  5.891552105e-02
  5.874546854e-02  5.855353307e-02  5.834010212e-02  5.810545018e-02
  5.784994524e-02  5.757403212e-02  5.727805859e-02  5.696251115e-02
  5.662786787e-02  5.627455986e-02  5.590313487e-02  5.551410166e-02
  5.510795315e-02  5.468525879e-02  5.424655137e-02  5.379233776e-02
  5.332319920e-02  5.283968899e-02  5.234233158e-02  5.183170453e-02
  5.130831974e-02  5.077263906e-02  5.022511662e-02  4.966614984e-02
  4.909611092e-02  4.851539539e-02  4.792435655e-02  4.732332703e-02
  4.671266291e-02  4.609268778e-02  4.546370723e-02  4.482605234e-02
  4.418003160e-02  4.352593045e-02  4.286406390e-02  4.219473049e-02
  4.151820722e-02  4.083479277e-02  4.014478448e-02  3.944845464e-02
  3.874608674e-02  3.803797793e-02  3.732440469e-02  3.660564004e-02
  3.588197915e-02  3.515370410e-02  3.442108229e-02  3.368440706e-02
  3.294396846e-02  3.220004092e-02  3.145291080e-02  3.070287540e-02
  2.995022137e-02  2.919523309e-02  2.843821508e-02  2.767946929e-02
  2.691928839e-02  2.615798057e-02  2.539586774e-02  2.463326083e-02
  2.387047306e-02  2.310783854e-02  2.234569660e-02  2.158438447e-02
  2.082424148e-02  2.006563768e-02  1.930894642e-02  1.855454105e-02
  1.780279976e-02  1.705410905e-02  1.630886673e-02  1.556747720e-02
  1.483033977e-02  1.409790057e-02  1.337061069e-02  1.264888891e-02
  1.193313019e-02  1.122352140e-02  1.052021849e-02  9.823477765e-03
  9.133645806e-03  8.451022157e-03  7.776121225e-03  7.109648959e-03
  6.452487795e-03  5.805553011e-03  5.169607747e-03  4.546912315e-03
  3.941504451e-03  3.359565177e-03  2.811382683e-03  2.337458919e-03
  2.004166089e-03
@R ELONG 101 []
  1.267780471e+00  1.267817339e+00  1.267927944e+00  1.268033177e+00
  1.268111439e+00  1.268176741e+00  1.268272321e+00  1.268392273e+00
  1.268526925e+00  1.268676268e+00  1.268846988e+00  1.269040505e+00
  1.269253514e+00  1.269485206e+00  1.269740381e+00  1.270018989e+00
  1.270318667e+00  1.270641103e+00  1.270988596e+00  1.271361532e+00
  1.271759860e+00  1.272184041e+00  1.272636326e+00  1.273117630e+00
  1.273627115e+00  1.274166456e+00  1.274737740e+00  1.275341223e+00
  1.275976930e+00  1.276646125e+00  1.277349897e+00  1.278088859e+00
  1.278863285e+00  1.279674177e+00  1.280522742e+00  1.281409661e+00
  1.282335212e+00  1.283300684e+00  1.284307344e+00  1.285355824e+00
  1.286446844e+00  1.287581920e+00  1.288762210e+00  1.289988653e+00
  1.291262380e+00  1.292584931e+00  1.293957708e+00  1.295382013e+00
  1.296859264e+00  1.298391222e+00  1.299979649e+00  1.301626172e+00
  1.303332568e+00  1.305101014e+00  1.306933657e+00  1.308832500e+00
  1.310799904e+00  1.312838536e+00  1.314951014e+00  1.317139966e+00
  1.319408484e+00  1.321759864e+00  1.324197404e+00  1.326724643e+00
  1.329345581e+00  1.332064397e+00  1.334885451e+00  1.337813507e+00
  1.340853820e+00  1.344011916e+00  1.347293728e+00  1.350705787e+00
  1.354255189e+00  1.357949538e+00  1.361797129e+00  1.365807093e+00
  1.369989517e+00  1.374355422e+00  1.378916843e+00  1.383687084e+00
  1.388680969e+00  1.393915022e+00  1.399407798e+00  1.405180190e+00
  1.411255909e+00  1.417662370e+00  1.424431020e+00  1.431599454e+00
  1.439210348e+00  1.447313715e+00  1.455972366e+00  1.465267683e+00
  1.475302191e+00  1.486211193e+00  1.498174042e+00  1.511462575e+00
  1.526504169e+00  1.543942949e+00  1.565004869e+00  1.591384027e+00
  1.631173529e+00
@R TRIAG 101 []
  0.000000000e+00  3.178030402e-03  5.729043188e-03  8.275297314e-03
  1.082944116e-02  1.338913941e-02  1.594878738e-02  1.851185615e-02
  2.107864379e-02  2.364899242e-02  2.622437338e-02  2.880389508e-02
  3.138869690e-02  3.398022275e-02  3.657746307e-02  3.918154899e-02
  4.179343084e-02  4.441302679e-02  4.704105918e-02  4.967795782e-02
  5.232426038e-02  5.498129358e-02  5.765005720e-02  6.033133727e-02
  6.302646624e-02  6.573628620e-02  6.846131455e-02  7.120247889e-02
  7.396040626e-02  7.673647843e-02  7.953240383e-02  8.234952152e-02
  8.518910761e-02  8.805285397e-02  9.094219180e-02  9.385851711e-02
  9.680340150e-02  9.977841267e-02  1.027851003e-01  1.058251672e-01
  1.089002384e-01  1.120119066e-01  1.151619847e-01  1.183522126e-01
  1.215844177e-01  1.248611570e-01  1.281846430e-01  1.315568929e-01
  1.349800279e-01  1.384564545e-01  1.419883383e-01  1.455781635e-01
  1.492285015e-01  1.529421623e-01  1.567217764e-01  1.605703888e-01
  1.644912154e-01  1.684874543e-01  1.725625928e-01  1.767204859e-01
  1.809652193e-01  1.853008247e-01  1.897318725e-01  1.942632032e-01
  1.988999644e-01  2.036476227e-01  2.085121482e-01  2.134999658e-01
  2.186180625e-01  2.238740970e-01  2.292763078e-01  2.348335402e-01
  2.405556578e-01  2.464536874e-01  2.525399293e-01  2.588281117e-01
  2.653320455e-01  2.720663875e-01  2.791020384e-01  2.864237635e-01
  2.940410808e-01  3.019802530e-01  3.102685581e-01  3.189354550e-01
  3.280174071e-01  3.375685809e-01  3.476561286e-01  3.583501202e-01
  3.697298666e-01  3.819010226e-01  3.950202273e-01  4.092927836e-01
  4.249237916e-01  4.421935487e-01  4.616154839e-01  4.840029404e-01
  5.103694754e-01  5.421745115e-01  5.825190322e-01  6.359291377e-01
  7.185809593e-01
@R PMHD 101 []
  7.371607824e+04  7.368382025e+04  7.358716624e+04  7.342647518e+04
  7.320234235e+04  7.291559486e+04  7.256728540e+04  7.215868439e+04
  7.169127042e+04  7.116671913e+04  7.058689087e+04  6.995381542e+04
  6.926967280e+04  6.853677480e+04  6.775755373e+04  6.693454630e+04
  6.607036781e+04  6.516769636e+04  6.422925975e+04  6.325781167e+04
  6.225610709e+04  6.122688042e+04  6.017286438e+04  5.909669355e+04
  5.800091867e+04  5.688845850e+04  5.576219712e+04  5.462401273e+04
  5.347544565e+04  5.231814894e+04  5.115371440e+04  4.998371847e+04
  4.880970709e+04  4.763319920e+04  4.645568375e+04  4.527861933e+04
  4.410342966e+04  4.293150661e+04  4.176420666e+04  4.060284834e+04
  3.944871548e+04  3.830304968e+04  3.716705741e+04  3.604190066e+04
  3.492870390e+04  3.382854732e+04  3.274246954e+04  3.167146617e+04
  3.061648787e+04  2.957844262e+04  2.855819321e+04  2.755655659e+04
  2.657430537e+04  2.561216672e+04  2.467082134e+04  2.375090452e+04
  2.285300570e+04  2.197766860e+04  2.112539035e+04  2.029662305e+04
  1.949177247e+04  1.871119923e+04  1.795521812e+04  1.722409812e+04
  1.651806355e+04  1.583729232e+04  1.518191718e+04  1.455202427e+04
  1.394765221e+04  1.336879220e+04  1.281538381e+04  1.228731361e+04
  1.178440970e+04  1.130643468e+04  1.085307667e+04  1.042393411e+04
  1.001849375e+04  9.636104245e+03  9.275931125e+03  8.936900106e+03
  8.617622593e+03  8.316294262e+03  8.030576620e+03  7.757473020e+03
  7.493224973e+03  7.233243378e+03  6.972182625e+03  6.704121080e+03
  6.422840742e+03  6.122102489e+03  5.795875548e+03  5.438692523e+03
  5.046919695e+03  4.621256973e+03  4.170402332e+03  3.712678483e+03
  3.273957529e+03  2.880295171e+03  2.545586891e+03  2.287514842e+03
  2.124370958e+03
@R QMHD 101 []
  1.170775170e+00  1.170928554e+00  1.171388745e+00  1.172155862e+00
  1.173230102e+00  1.174611749e+00  1.176301174e+00  1.178298845e+00
  1.180605330e+00  1.183221309e+00  1.186147346e+00  1.189379197e+00
  1.192905312e+00  1.196719661e+00  1.200829807e+00  1.205233997e+00
  1.209922361e+00  1.214901114e+00  1.220175622e+00  1.225742052e+00
  1.231593412e+00  1.237739535e+00  1.244182723e+00  1.250921680e+00
  1.257957065e+00  1.265292688e+00  1.272933864e+00  1.280881916e+00
  1.289139340e+00  1.297716559e+00  1.306620863e+00  1.315854556e+00
  1.325423491e+00  1.335339269e+00  1.345609284e+00  1.356239432e+00
  1.367238543e+00  1.378618517e+00  1.390389131e+00  1.402559489e+00
  1.415139618e+00  1.428144681e+00  1.441586595e+00  1.455476784e+00
  1.469828879e+00  1.484660802e+00  1.499987599e+00  1.515823862e+00
  1.532188466e+00  1.549101982e+00  1.566583245e+00  1.584651591e+00
  1.603331160e+00  1.622646879e+00  1.642623134e+00  1.663286223e+00
  1.684666529e+00  1.706794548e+00  1.729702693e+00  1.753425789e+00
  1.778002550e+00  1.803473731e+00  1.829881589e+00  1.857272856e+00
  1.885698327e+00  1.915212524e+00  1.945873733e+00  1.977746100e+00
  2.010898838e+00  2.045406748e+00  2.081350547e+00  2.118821204e+00
  2.157918825e+00  2.198752605e+00  2.241443299e+00  2.286126308e+00
  2.332952003e+00  2.382088939e+00  2.433724989e+00  2.488074013e+00
  2.545388433e+00  2.605956548e+00  2.670117839e+00  2.738289174e+00
  2.810956949e+00  2.888718889e+00  2.972324821e+00  3.062667907e+00
  3.160851959e+00  3.268279922e+00  3.386767607e+00  3.518788614e+00
  3.667761371e+00  3.838561077e+00  4.037991718e+00  4.279794485e+00
  4.563064745e+00  5.000571177e+00  5.352212443e+00  7.027669140e+00
  1.044299734e+01
@R ER 101 []
  0.000000000e+00  0.000000000e+00  0.000000000e+00  0.000000000e+00
  0.000000000e+00  0.000000000e+00  0.000000000e+00  0.000000000e+00
  0.000000000e+00  0.000000000e+00  0.000000000e+00  0.000000000e+00
  0.000000000e+00  0.000000000e+00  0.000000000e+00  0.000000000e+00
  0.000000000e+00  0.000000000e+00  0.000000000e+00  0.000000000e+00
  0.000000000e+00  0.000000000e+00  0.000000000e+00  0.000000000e+00
  0.000000000e+00  0.000000000e+00  0.000000000e+00  0.000000000e+00
  0.000000000e+00  0.000000000e+00  0.000000000e+00  0.000000000e+00
  0.000000000e+00  0.000000000e+00  0.000000000e+00  0.000000000e+00
  0.000000000e+00  0.000000000e+00  0.000000000e+00  0.000000000e+00
  0.000000000e+00  0.000000000e+00  0.000000000e+00  0.000000000e+00
  0.000000000e+00  0.000000000e+00  0.000000000e+00  0.000000000e+00
  0.000000000e+00  0.000000000e+00  0.000000000e+00  0.000000000e+00
  0.000000000e+00  0.000000000e+00  0.000000000e+00  0.000000000e+00
  0.000000000e+00  0.000000000e+00  0.000000000e+00  0.000000000e+00
  0.000000000e+00  0.000000000e+00  0.000000000e+00  0.000000000e+00
  0.000000000e+00  0.000000000e+00  0.000000000e+00  0.000000000e+00
  0.000000000e+00  0.000000000e+00  0.000000000e+00  0.000000000e+00
  0.000000000e+00  0.000000000e+00  0.000000000e+00  0.000000000e+00
  0.000000000e+00  0.000000000e+00  0.000000000e+00  0.000000000e+00
  0.000000000e+00  0.000000000e+00  0.000000000e+00  0.000000000e+00
  0.000000000e+00  0.000000000e+00  0.000000000e+00  0.000000000e+00
  0.000000000e+00  0.000000000e+00  0.000000000e+00  0.000000000e+00
  0.000000000e+00  0.000000000e+00  0.000000000e+00  0.000000000e+00
  0.000000000e+00  0.000000000e+00  0.000000000e+00  0.000000000e+00
  0.000000000e+00
@R NC1 101 []
  9.985000576e-01  9.329266321e-01  9.080806529e-01  8.900702388e-01
  8.755593918e-01  8.632624165e-01  8.525223410e-01  8.429506893e-01
  8.342961085e-01  8.263837476e-01  8.190864205e-01  8.123093489e-01
  8.059786189e-01  8.000354668e-01  7.944324721e-01  7.891305792e-01
  7.840975575e-01  7.793058554e-01  7.747318082e-01  7.703555326e-01
  7.661597422e-01  7.621290056e-01  7.582500521e-01  7.545113314e-01
  7.509020460e-01  7.474126206e-01  7.440347329e-01  7.407612640e-01
  7.375862500e-01  7.345041554e-01  7.315098192e-01  7.285987551e-01
  7.257666600e-01  7.230093843e-01  7.203233777e-01  7.177053695e-01
  7.151522008e-01  7.126609691e-01  7.102290372e-01  7.078539859e-01
  7.055335621e-01  7.032656152e-01  7.010481376e-01  6.988794042e-01
  6.967577626e-01  6.946815127e-01  6.926492356e-01  6.906596943e-01
  6.887115822e-01  6.868036599e-01  6.849349318e-01  6.831045005e-01
  6.813113853e-01  6.795547417e-01  6.778338824e-01  6.761480933e-01
  6.744967551e-01  6.728793455e-01  6.712953915e-01  6.697444718e-01
  6.682262126e-01  6.667403335e-01  6.652866063e-01  6.638648720e-01
  6.624750302e-01  6.611169867e-01  6.597907996e-01  6.584966042e-01
  6.572345589e-01  6.560049371e-01  6.548080496e-01  6.536443734e-01
  6.525144264e-01  6.514187664e-01  6.503581928e-01  6.493335745e-01
  6.483460574e-01  6.473971290e-01  6.464884382e-01  6.456222305e-01
  6.448009716e-01  6.440273942e-01  6.433054695e-01  6.426394976e-01
  6.420347703e-01  6.414993547e-01  6.410416858e-01  6.406711229e-01
  6.404021983e-01  6.402523492e-01  6.402408860e-01  6.403960045e-01
  6.407466303e-01  6.413220135e-01  6.421513536e-01  6.432693601e-01
  6.447221801e-01  6.466822510e-01  6.493080517e-01  6.538083847e-01
  6.625473159e-01
@R HFAC1 101 []
  1.000000000e+00  9.971268162e-01  9.942718146e-01  9.914352410e-01
  9.886170832e-01  9.858173710e-01  9.830361330e-01  9.802731936e-01
  9.775285564e-01  9.748020796e-01  9.720935036e-01  9.694027347e-01
  9.667294538e-01  9.640733584e-01  9.614342151e-01  9.588116078e-01
  9.562052342e-01  9.536147586e-01  9.510397191e-01  9.484797956e-01
  9.459346378e-01  9.434038062e-01  9.408870405e-01  9.383840352e-01
  9.358942588e-01  9.334173166e-01  9.309529128e-01  9.285008876e-01
  9.260613753e-01  9.236344898e-01  9.212202600e-01  9.188188082e-01
  9.164301612e-01  9.140542828e-01  9.116912917e-01  9.093412534e-01
  9.070041770e-01  9.046801676e-01  9.023693301e-01  9.000717191e-01
  8.977874735e-01  8.955167351e-01  8.932595954e-01  8.910162515e-01
  8.887869289e-01  8.865717627e-01  8.843709785e-01  8.821848876e-01
  8.800137318e-01  8.778577817e-01  8.757174182e-01  8.735930272e-01
  8.714849599e-01  8.693936651e-01  8.673196482e-01  8.652633722e-01
  8.632254065e-01  8.612064085e-01  8.592070036e-01  8.572278797e-01
  8.552698268e-01  8.533336851e-01  8.514203331e-01  8.495307507e-01
  8.476660192e-01  8.458272146e-01  8.440155624e-01  8.422324629e-01
  8.404793769e-01  8.387578808e-01  8.370696722e-01  8.354166857e-01
  8.338009826e-01  8.322247294e-01  8.306904229e-01  8.292008341e-01
  8.277590980e-01  8.263688567e-01  8.250341909e-01  8.237598660e-01
  8.225512349e-01  8.214143895e-01  8.203568397e-01  8.193873229e-01
  8.185165159e-01  8.177579292e-01  8.171271224e-01  8.166421665e-01
  8.163271626e-01  8.162121248e-01  8.163338560e-01  8.167401819e-01
  8.174850161e-01  8.186316797e-01  8.202496329e-01  8.224418848e-01
  8.253022322e-01  8.292183905e-01  8.344301064e-01  8.435789738e-01
  8.601988707e-01
@R HFAC2 101 []
  1.000000000e+00  9.942660172e-01  9.885928633e-01  9.829805682e-01
  9.774286492e-01  9.719367044e-01  9.665043260e-01  9.611307145e-01
  9.558154253e-01  9.505577276e-01  9.453566654e-01  9.402116164e-01
  9.351215302e-01  9.300853925e-01  9.251023265e-01  9.201711240e-01
  9.152908056e-01  9.104603280e-01  9.056784209e-01  9.009441023e-01
  8.962563421e-01  8.916139481e-01  8.870160709e-01  8.824617992e-01
  8.779498104e-01  8.734790334e-01  8.690485970e-01  8.646579057e-01
  8.603069033e-01  8.559954883e-01  8.517234085e-01  8.474905916e-01
  8.432967898e-01  8.391416341e-01  8.350250408e-01  8.309468424e-01
  8.269067669e-01  8.229047025e-01  8.189405479e-01  8.150141238e-01
  8.111253886e-01  8.072742989e-01  8.034607340e-01  7.996847639e-01
  7.959464957e-01  7.922458734e-01  7.885830074e-01  7.849581563e-01
  7.813714479e-01  7.778230519e-01  7.743133329e-01  7.708426642e-01
  7.674113436e-01  7.640198242e-01  7.606686639e-01  7.573583407e-01
  7.540894926e-01  7.508628974e-01  7.476792821e-01  7.445394651e-01
  7.414444106e-01  7.383951611e-01  7.353928198e-01  7.324386331e-01
  7.295339927e-01  7.266802736e-01  7.238790847e-01  7.211322920e-01
  7.184418339e-01  7.158098271e-01  7.132385567e-01  7.107306617e-01
  7.082889622e-01  7.059164174e-01  7.036164853e-01  7.013930191e-01
  6.992504254e-01  6.971938889e-01  6.952292482e-01  6.933634078e-01
  6.916041533e-01  6.899603579e-01  6.884430928e-01  6.870652530e-01
  6.858426367e-01  6.847955691e-01  6.839475223e-01  6.833258214e-01
  6.829673593e-01  6.829181866e-01  6.832343206e-01  6.839890754e-01
  6.852649402e-01  6.871583482e-01  6.897752660e-01  6.932713533e-01
  6.977944740e-01  7.039405733e-01  7.121043648e-01  7.263616212e-01
  7.525306917e-01
