&INSTATE
  DENSITY_MODEL = 0 
  MODEL_SHAPE = 2 
  NBDRY = 61 
  USE_INPED = 0 
  R0 = 1.76597910596 
  A0 = 0.460260718934 
  KAPPA = 1.6568763532 
  DELTA = 0.759407533276 
  IP = 0.584584461385 
  B0 = 1.79238500846 
  N_ION = 1 
  Z_ION = 1 
  A_ION = 2 
  F_ION = 1.0 
  N_IMP = 1 
  Z_IMP = 6 
  A_IMP = 12 
  F_IMP = 1.0 
  N_MIN = 0 
  Z_MIN = 1 
  A_MIN = 1 
  N_BEAM = 1 
  Z_BEAM = 1 
  A_BEAM = 2 
  N_FUSION = 1 
  Z_FUSION = 2 
  A_FUSION = 4 
  NRHO = 101 
  NE_AXIS = 4.5106154 
  NE_PED = 1.92 
  NE_SEP = 1.7 
  NE_ALPHA = 1.8 
  NE_BETA = 1.3 
  NE_FIT = 1 
  NE_XMID = 0.96 
  NE_XWID = 0.08 
  TE_AXIS = 5.3181793 
  TE_PED = 0.85 
  TE_SEP = 0.5 
  TE_ALPHA = 1.6 
  TE_BETA = 1.8 
  TE_FIT = 1 
  TE_XMID = 0.9 
  TE_XWID = 0.2 
  TI_AXIS = 5.8919967 
  TI_PED = 1.3 
  TI_SEP = 0.3 
  TI_ALPHA = 1.5 
  TI_BETA = 1.7 
  TI_FIT = 1 
  TI_XMID = 0.95 
  TI_XWID = 0.1 
  ZEFF_AXIS = 1.7 
  OMEGA_AXIS = 173800.0 
  OMEGA_SEP = 11000.0 
  OMEGA_ALPHA = 1.0 
  OMEGA_BETA = 0.65 
  JPAR_AXIS = 1.1805549 
  JPAR_SEP = 0.0 
  JPAR_ALPHA = 1.9 
  JPAR_BETA = 1.2 
  NBEAM_AXIS = 0.0 
  NBEAM_SEP = 0.0 
  NBEAM_ALPHA = 1.5 
  NBEAM_BETA = 1.5 
  TBEAMI = 20.0 20.0 20.0 20.0 20.0 20.0 20.0 20.0 20.0 20.0 20.0 20.0  
    20.0 20.0 20.0 20.0 20.0 20.0 20.0 20.0 20.0 20.0 20.0 20.0 20.0  
    20.0 20.0 20.0 20.0 20.0 20.0 20.0 20.0 20.0 20.0 20.0 20.0 20.0  
    20.0 20.0 20.0 20.0 20.0 20.0 20.0 20.0 20.0 20.0 20.0 20.0 20.0  
    20.0 20.0 20.0 20.0 20.0 20.0 20.0 20.0 20.0 20.0 20.0 20.0 20.0  
    20.0 20.0 20.0 20.0 20.0 20.0 20.0 20.0 20.0 20.0 20.0 20.0 20.0  
    20.0 20.0 20.0 20.0 20.0 20.0 20.0 20.0 20.0 20.0 20.0 20.0 20.0  
    20.0 20.0 20.0 20.0 20.0 20.0 20.0 20.0 20.0 20.0 20.0 
  BETAN_PED = -1.0 
  XMID = -1.0 
  XWID = -1.0 
  PRESSURE_MODEL = 'full' 
  PTOT_AXIS = 108071.38 
  PTOT_ALPHA = 1.8 
  PTOT_BETA = 2.3 
  PTOT_PED = 900.0 
  PTOT_SEP = 0.0 
  PTOT_XMID = 0.95 
  PTOT_XWID = 0.1 
  CURRENT_MODEL = 'broad' 
  RHO_JBDRY = 0.85 
  RHO_JPEAK = 0.65 
  JAXIS = 0.6 
  JAXIS_PRIME = 1.0 
  JBDRY_PRIME = -1.0 
  NE = 4.495969983 4.496684509 4.49623257 4.494631992 4.491900599  
    4.488056218 4.483116674 4.477099792 4.470023398 4.461905317  
    4.452763374 4.442615396 4.431479206 4.419372632 4.406313497  
    4.392319629 4.377408851 4.36159899 4.344907871 4.327353319  
    4.30895316 4.289725219 4.269687321 4.248857293 4.227252959  
    4.204892145 4.181792676 4.157972378 4.133449076 4.108240595  
    4.082364762 4.0558394 4.028682337 4.000911397 3.972544406  
    3.943599188 3.91409357 3.884045377 3.853472435 3.822392568  
    3.790823602 3.758783363 3.726289676 3.693360367 3.66001326  
    3.626266182 3.592136957 3.557643411 3.52280337 3.487634659  
    3.452155104 3.416382529 3.380334761 3.344029624 3.307484944  
    3.270718547 3.233748258 3.1965919019999998 3.159267305 3.121792292  
    3.084184689 3.04646232 3.008643013 2.970744591 2.93278488  
    2.894781707 2.856752895 2.818716271 2.78068966 2.7426908869999997  
    2.7047377789999993 2.666848159 2.629039854 2.59133069 2.553738491  
    2.516281083 2.478976291 2.441841941 2.404895858 2.368155868  
    2.331639796 2.295365468 2.259350708 2.2236133429999994 2.188171197  
    2.153042097 2.118243867 2.083794334 2.049711321 2.016012656  
    1.982716163 1.949839668 1.917400996 1.885417972 1.8539084219999995  
    1.8228901719999997 1.792381047 1.762398872 1.732951026 1.709191844  
    1.709240399 
  TE = 5.339826716 5.321253317 5.299717599 5.275297073 5.24806925  
    5.218111639 5.18550175 5.150317093 5.112635179 5.072533517  
    5.030089618 4.985380991 4.938485147 4.889479595 4.838441847  
    4.785449411 4.730579797 4.673910517 4.61551908 4.555482995  
    4.493879774 4.430786926 4.366281961 4.300442389 4.23334572  
    4.165069465 4.095691133 4.025288234 3.953938278 3.881718776  
    3.808707236 3.73498117 3.660618087 3.585695496 3.510290907  
    3.4344818309999994 3.358345775 3.281960249 3.205402762 3.128750821  
    3.052081935 2.9754736089999994 2.899003349 2.822748659 2.746787039  
    2.67119599 2.596053004 2.5214355709999996 2.447421174 2.374087286  
    2.301511368 2.229770863 2.158943194 2.089105756 2.020335905  
    1.952710948 1.886308127 1.8212045959999994 1.7574774 1.695203433  
    1.6344594 1.57532175 1.517866603 1.46216965 1.408306015 1.356350087  
    1.306375284 1.258453753 1.212655964 1.1690501619999996  
    1.1277016299999996 1.088671685 1.052016286 1.017784116 0.9860138932  
    0.9567306019 0.9299402088 0.9056222698 0.8837197059 0.8641249423  
    0.8466617553 0.8310628409 0.8169448074999998 0.8037856398999998  
    0.7909151247 0.7775354071 0.7627928896 0.7459159051 0.7264059372  
    0.7042257854 0.6798932438 0.6544063801 0.6290081952 0.6048901374  
    0.5829593599999998 0.5637391691999999 0.5473928211 0.533815997  
    0.5227434338 0.513837556 0.5067489416 
  TI = 5.924751309 5.901174168 5.875612383 5.84811332 5.818724345  
    5.787492823 5.754466121 5.719691605 5.68321664 5.645088592  
    5.605354827 5.564062712 5.521259611 5.47699289 5.431309917  
    5.384258056 5.335884673 5.286237134 5.235362805 5.183309052  
    5.130123241 5.075852738 5.020544908 4.964247117 4.907006732  
    4.848871118 4.78988764 4.730103666 4.66956656 4.608323689  
    4.546422418 4.483910114 4.420834142 4.357241867 4.293180657  
    4.228697876 4.163840892 4.098657068 4.033193772 3.967498369  
    3.901618226 3.8356007069999998 3.769493179 3.703343008 3.637197559  
    3.571104198 3.505110292 3.4392632049999996 3.373610304 3.308198954  
    3.24307652 3.178290369 3.113887864 3.04991637 2.986423251  
    2.92345587 2.861061587 2.799287761999999 2.738181749 2.677790899  
    2.618162554 2.559344043 2.501382678 2.444325744 2.388220487  
    2.333114092 2.279053653 2.22608613 2.174258281 2.1236165599999994  
    2.0742069679999995 2.026074823 1.979264419 1.933818515 1.88977756  
    1.847178533 1.80605319 1.766425429 1.728307306 1.691693047  
    1.656550011 1.622805122 1.5903245449999996 1.5588834579999995  
    1.528121617 1.497479257 1.466107599 1.432750743 1.395605515  
    1.352190913 1.2993101 1.233268413 1.150583091 1.049352168  
    0.9310341393999986 0.8016437323999985 0.6710162166 0.5498480094  
    0.4461666326 0.3634545055 0.3010815102 
  OMEGA = 173800.0 172739.9398 171676.1251 170608.5043 169537.0242  
    168461.6304 167382.2673 166298.8777 165211.403 164119.7832  
    163023.9567 161923.8603 160819.429 159710.5962 158597.2935  
    157479.4506 156356.9951 155229.8529 154097.9475 152961.2003  
    151819.5305 150672.8548 149521.0875 148364.1401 147201.9218  
    146034.3387 144861.2938 143682.6875 142498.4165 141308.3745  
    140112.4513 138910.5333 137702.5028 136488.2383 135267.6137  
    134040.49859999996 132806.7578 131566.2513 130318.8335 129064.3535  
    127802.6546 126533.5739 125256.942 123972.5825 122680.3119  
    121379.9387 120071.2636 118754.0781 117428.1649 116093.2965  
    114749.2351 113395.7314 112032.5245 110659.3403 109275.8913  
    107881.8748 106476.9727 105060.84949999998 103633.1514 102193.5049  
    100741.5146 99276.76206 97798.80346 96307.16733 94801.35214  
    93280.82345 91745.01074 90193.30383 88625.04884 87039.54360999998  
    85436.03237999999 83813.69984 82171.66419 80508.96907 78824.57432  
    77117.34506 75386.0389 73629.29081 71845.5951 70033.28381  
    68190.50056 66315.16869 64404.951979999976 62457.20576999998  
    60468.91548 58436.61806 56356.30048 54223.266 52031.95507  
    49775.69993 47446.38014 45033.92455 42525.56597 39904.67739  
    37148.85719999996 34226.56055999996 31090.62257 27664.15192  
    23803.35825 19159.32816 11000.0 
  ZEFF = 1.7 1.7 1.7 1.7 1.7 1.7 1.7 1.7 1.7 1.7 1.7 1.7 1.7 1.7 1.7  
    1.7 1.7 1.7 1.7 1.7 1.7 1.7 1.7 1.7 1.7 1.7 1.7 1.7 1.7 1.7 1.7 1.7  
    1.7 1.7 1.7 1.7 1.7 1.7 1.7 1.7 1.7 1.7 1.7 1.7 1.7 1.7 1.7 1.7 1.7  
    1.7 1.7 1.7 1.7 1.7 1.7 1.7 1.7 1.7 1.7 1.7 1.7 1.7 1.7 1.7 1.7 1.7  
    1.7 1.7 1.7 1.7 1.7 1.7 1.7 1.7 1.7 1.7 1.7 1.7 1.7 1.7 1.7 1.7 1.7  
    1.7 1.7 1.7 1.7 1.7 1.7 1.7 1.7 1.7 1.7 1.7 1.7 1.7 1.7 1.7 1.7 1.7  
    1.7 
  J_OH = 0.0 0.0 0.0 0.0 0.0 0.0 0.0 0.0 0.0 0.0 0.0 0.0 0.0 0.0 0.0  
    0.0 0.0 0.0 0.0 0.0 0.0 0.0 0.0 0.0 0.0 0.0 0.0 0.0 0.0 0.0 0.0 0.0  
    0.0 0.0 0.0 0.0 0.0 0.0 0.0 0.0 0.0 0.0 0.0 0.0 0.0 0.0 0.0 0.0 0.0  
    0.0 0.0 0.0 0.0 0.0 0.0 0.0 0.0 0.0 0.0 0.0 0.0 0.0 0.0 0.0 0.0 0.0  
    0.0 0.0 0.0 0.0 0.0 0.0 0.0 0.0 0.0 0.0 0.0 0.0 0.0 0.0 0.0 0.0 0.0  
    0.0 0.0 0.0 0.0 0.0 0.0 0.0 0.0 0.0 0.0 0.0 0.0 0.0 0.0 0.0 0.0 0.0  
    0.0 
  J_BS = 0.14216459103294388 0.21324688654941582 0.28971560038740946  
    0.3000497601749849 0.3106886775144083 0.3224432640438425  
    0.33460114721352896 0.3466116295235664 0.35814859295689516  
    0.36903570782137074 0.3791855345025593 0.3885602860986668  
    0.3971505084378103 0.4049652879486885 0.4120256322711708  
    0.4183569810149975 0.4239862727450903 0.42894323414968727  
    0.43325789987186203 0.43695716746775126 0.4400668613175934  
    0.44261358576282184 0.4446221491229656 0.4461150293006863  
    0.4471140583385882 0.4476404586302225 0.4477139827525818  
    0.447352297232913 0.44657212101991817 0.44539041450339983  
    0.4438231738429539 0.44188483234783976 0.43958993118434053  
    0.43695329138917743 0.43398857174893263 0.4307084741623619  
    0.4271257705440025 0.4232531283343525 0.4191024862828774  
    0.4146850805925648 0.4100120734889624 0.4050947158215623  
    0.39994362429094005 0.3945687352444694 0.38898008853046995  
    0.3831878578195089 0.37720157622709755 0.3710303018711294  
    0.3646833304530974 0.35816986311617516 0.3514985246395572  
    0.34467776203738076 0.33771623012124796 0.3306224156902443  
    0.32340443329640817 0.3160703800336234 0.3086283960507439  
    0.3010864516861144 0.2934524189927518 0.28573422985416363  
    0.27793990538531954 0.2700774590258579 0.26215492460577355  
    0.254180552072679 0.24616289215904075 0.2381108358982959  
    0.23003369059373444 0.22194137402349712 0.21384463946256843  
    0.2057553085210772 0.197686719717937 0.18965435195645405  
    0.18167654359537805 0.17377550513222223 0.1659788803584577  
    0.15832199664369476 0.15085098578973677 0.1436271657086997  
    0.13673303583434743 0.1302801328472932 0.12441822873565656  
    0.1193442820005287 0.1153082763250009 0.11260953167223492  
    0.11157442705378087 0.11250833525158224 0.11562255869108595  
    0.12095783384774647 0.12835052859516252 0.1374802482445213  
    0.14796839716957666 0.159395089230461 0.17108548568438806  
    0.1817146831727347 0.18917071099534197 0.19093421119154463  
    0.18602565307152222 0.17382692388647192 0.15873584050035247  
    0.14088088225620105 0.11904681702412806 
  J_NB = 0.0 0.0 0.0 0.0 0.0 0.0 0.0 0.0 0.0 0.0 0.0 0.0 0.0 0.0 0.0  
    0.0 0.0 0.0 0.0 0.0 0.0 0.0 0.0 0.0 0.0 0.0 0.0 0.0 0.0 0.0 0.0 0.0  
    0.0 0.0 0.0 0.0 0.0 0.0 0.0 0.0 0.0 0.0 0.0 0.0 0.0 0.0 0.0 0.0 0.0  
    0.0 0.0 0.0 0.0 0.0 0.0 0.0 0.0 0.0 0.0 0.0 0.0 0.0 0.0 0.0 0.0 0.0  
    0.0 0.0 0.0 0.0 0.0 0.0 0.0 0.0 0.0 0.0 0.0 0.0 0.0 0.0 0.0 0.0 0.0  
    0.0 0.0 0.0 0.0 0.0 0.0 0.0 0.0 0.0 0.0 0.0 0.0 0.0 0.0 0.0 0.0 0.0  
    0.0 
  J_EC = 0.0 0.0 0.0 0.0 0.0 0.0 0.0 0.0 0.0 0.0 0.0 0.0 0.0 0.0 0.0  
    0.0 0.0 0.0 0.0 0.0 0.0 0.0 0.0 0.0 0.0 0.0 0.0 0.0 0.0 0.0 0.0 0.0  
    0.0 0.0 0.0 0.0 0.0 0.0 0.0 0.0 0.0 0.0 0.0 0.0 0.0 0.0 0.0 0.0 0.0  
    0.0 0.0 0.0 0.0 0.0 0.0 0.0 0.0 0.0 0.0 0.0 0.0 0.0 0.0 0.0 0.0 0.0  
    0.0 0.0 0.0 0.0 0.0 0.0 0.0 0.0 0.0 0.0 0.0 0.0 0.0 0.0 0.0 0.0 0.0  
    0.0 0.0 0.0 0.0 0.0 0.0 0.0 0.0 0.0 0.0 0.0 0.0 0.0 0.0 0.0 0.0 0.0  
    0.0 
  J_IC = 0.0 0.0 0.0 0.0 0.0 0.0 0.0 0.0 0.0 0.0 0.0 0.0 0.0 0.0 0.0  
    0.0 0.0 0.0 0.0 0.0 0.0 0.0 0.0 0.0 0.0 0.0 0.0 0.0 0.0 0.0 0.0 0.0  
    0.0 0.0 0.0 0.0 0.0 0.0 0.0 0.0 0.0 0.0 0.0 0.0 0.0 0.0 0.0 0.0 0.0  
    0.0 0.0 0.0 0.0 0.0 0.0 0.0 0.0 0.0 0.0 0.0 0.0 0.0 0.0 0.0 0.0 0.0  
    0.0 0.0 0.0 0.0 0.0 0.0 0.0 0.0 0.0 0.0 0.0 0.0 0.0 0.0 0.0 0.0 0.0  
    0.0 0.0 0.0 0.0 0.0 0.0 0.0 0.0 0.0 0.0 0.0 0.0 0.0 0.0 0.0 0.0 0.0  
    0.0 
  J_LH = 0.0 0.0 0.0 0.0 0.0 0.0 0.0 0.0 0.0 0.0 0.0 0.0 0.0 0.0 0.0  
    0.0 0.0 0.0 0.0 0.0 0.0 0.0 0.0 0.0 0.0 0.0 0.0 0.0 0.0 0.0 0.0 0.0  
    0.0 0.0 0.0 0.0 0.0 0.0 0.0 0.0 0.0 0.0 0.0 0.0 0.0 0.0 0.0 0.0 0.0  
    0.0 0.0 0.0 0.0 0.0 0.0 0.0 0.0 0.0 0.0 0.0 0.0 0.0 0.0 0.0 0.0 0.0  
    0.0 0.0 0.0 0.0 0.0 0.0 0.0 0.0 0.0 0.0 0.0 0.0 0.0 0.0 0.0 0.0 0.0  
    0.0 0.0 0.0 0.0 0.0 0.0 0.0 0.0 0.0 0.0 0.0 0.0 0.0 0.0 0.0 0.0 0.0  
    0.0 
  PE_NB = 0.0 0.0 0.0 0.0 0.0 0.0 0.0 0.0 0.0 0.0 0.0 0.0 0.0 0.0 0.0  
    0.0 0.0 0.0 0.0 0.0 0.0 0.0 0.0 0.0 0.0 0.0 0.0 0.0 0.0 0.0 0.0 0.0  
    0.0 0.0 0.0 0.0 0.0 0.0 0.0 0.0 0.0 0.0 0.0 0.0 0.0 0.0 0.0 0.0 0.0  
    0.0 0.0 0.0 0.0 0.0 0.0 0.0 0.0 0.0 0.0 0.0 0.0 0.0 0.0 0.0 0.0 0.0  
    0.0 0.0 0.0 0.0 0.0 0.0 0.0 0.0 0.0 0.0 0.0 0.0 0.0 0.0 0.0 0.0 0.0  
    0.0 0.0 0.0 0.0 0.0 0.0 0.0 0.0 0.0 0.0 0.0 0.0 0.0 0.0 0.0 0.0 0.0  
    0.0 
  PE_EC = 0.0 0.0 0.0 0.0 0.0 0.0 0.0 0.0 0.0 0.0 0.0 0.0 0.0 0.0 0.0  
    0.0 0.0 0.0 0.0 0.0 0.0 0.0 0.0 0.0 0.0 0.0 0.0 0.0 0.0 0.0 0.0 0.0  
    0.0 0.0 0.0 0.0 0.0 0.0 0.0 0.0 0.0 0.0 0.0 0.0 0.0 0.0 0.0 0.0 0.0  
    0.0 0.0 0.0 0.0 0.0 0.0 0.0 0.0 0.0 0.0 0.0 0.0 0.0 0.0 0.0 0.0 0.0  
    0.0 0.0 0.0 0.0 0.0 0.0 0.0 0.0 0.0 0.0 0.0 0.0 0.0 0.0 0.0 0.0 0.0  
    0.0 0.0 0.0 0.0 0.0 0.0 0.0 0.0 0.0 0.0 0.0 0.0 0.0 0.0 0.0 0.0 0.0  
    0.0 
  PE_IC = 0.0 0.0 0.0 0.0 0.0 0.0 0.0 0.0 0.0 0.0 0.0 0.0 0.0 0.0 0.0  
    0.0 0.0 0.0 0.0 0.0 0.0 0.0 0.0 0.0 0.0 0.0 0.0 0.0 0.0 0.0 0.0 0.0  
    0.0 0.0 0.0 0.0 0.0 0.0 0.0 0.0 0.0 0.0 0.0 0.0 0.0 0.0 0.0 0.0 0.0  
    0.0 0.0 0.0 0.0 0.0 0.0 0.0 0.0 0.0 0.0 0.0 0.0 0.0 0.0 0.0 0.0 0.0  
    0.0 0.0 0.0 0.0 0.0 0.0 0.0 0.0 0.0 0.0 0.0 0.0 0.0 0.0 0.0 0.0 0.0  
    0.0 0.0 0.0 0.0 0.0 0.0 0.0 0.0 0.0 0.0 0.0 0.0 0.0 0.0 0.0 0.0 0.0  
    0.0 
  PE_LH = 0.0 0.0 0.0 0.0 0.0 0.0 0.0 0.0 0.0 0.0 0.0 0.0 0.0 0.0 0.0  
    0.0 0.0 0.0 0.0 0.0 0.0 0.0 0.0 0.0 0.0 0.0 0.0 0.0 0.0 0.0 0.0 0.0  
    0.0 0.0 0.0 0.0 0.0 0.0 0.0 0.0 0.0 0.0 0.0 0.0 0.0 0.0 0.0 0.0 0.0  
    0.0 0.0 0.0 0.0 0.0 0.0 0.0 0.0 0.0 0.0 0.0 0.0 0.0 0.0 0.0 0.0 0.0  
    0.0 0.0 0.0 0.0 0.0 0.0 0.0 0.0 0.0 0.0 0.0 0.0 0.0 0.0 0.0 0.0 0.0  
    0.0 0.0 0.0 0.0 0.0 0.0 0.0 0.0 0.0 0.0 0.0 0.0 0.0 0.0 0.0 0.0 0.0  
    0.0 
  PE_FUS = 0.0 0.0 0.0 0.0 0.0 0.0 0.0 0.0 0.0 0.0 0.0 0.0 0.0 0.0 0.0  
    0.0 0.0 0.0 0.0 0.0 0.0 0.0 0.0 0.0 0.0 0.0 0.0 0.0 0.0 0.0 0.0 0.0  
    0.0 0.0 0.0 0.0 0.0 0.0 0.0 0.0 0.0 0.0 0.0 0.0 0.0 0.0 0.0 0.0 0.0  
    0.0 0.0 0.0 0.0 0.0 0.0 0.0 0.0 0.0 0.0 0.0 0.0 0.0 0.0 0.0 0.0 0.0  
    0.0 0.0 0.0 0.0 0.0 0.0 0.0 0.0 0.0 0.0 0.0 0.0 0.0 0.0 0.0 0.0 0.0  
    0.0 0.0 0.0 0.0 0.0 0.0 0.0 0.0 0.0 0.0 0.0 0.0 0.0 0.0 0.0 0.0 0.0  
    0.0 
  PE_IONIZATION = 0.0 0.0 0.0 0.0 0.0 0.0 0.0 0.0 0.0 0.0 0.0 0.0 0.0  
    0.0 0.0 0.0 0.0 0.0 0.0 0.0 0.0 0.0 0.0 0.0 0.0 0.0 0.0 0.0 0.0 0.0  
    0.0 0.0 0.0 0.0 0.0 0.0 0.0 0.0 0.0 0.0 0.0 0.0 0.0 0.0 0.0 0.0 0.0  
    0.0 0.0 0.0 0.0 0.0 0.0 0.0 0.0 0.0 0.0 0.0 0.0 0.0 0.0 0.0 0.0 0.0  
    0.0 0.0 0.0 0.0 0.0 0.0 0.0 0.0 0.0 0.0 0.0 0.0 0.0 0.0 0.0 0.0 0.0  
    0.0 0.0 0.0 0.0 0.0 0.0 0.0 0.0 0.0 0.0 0.0 0.0 0.0 0.0 0.0 0.0 0.0  
    0.0 0.0 0.0 
  P_RAD = 0.0 0.0 0.0 0.0 0.0 0.0 0.0 0.0 0.0 0.0 0.0 0.0 0.0 0.0 0.0  
    0.0 0.0 0.0 0.0 0.0 0.0 0.0 0.0 0.0 0.0 0.0 0.0 0.0 0.0 0.0 0.0 0.0  
    0.0 0.0 0.0 0.0 0.0 0.0 0.0 0.0 0.0 0.0 0.0 0.0 0.0 0.0 0.0 0.0 0.0  
    0.0 0.0 0.0 0.0 0.0 0.0 0.0 0.0 0.0 0.0 0.0 0.0 0.0 0.0 0.0 0.0 0.0  
    0.0 0.0 0.0 0.0 0.0 0.0 0.0 0.0 0.0 0.0 0.0 0.0 0.0 0.0 0.0 0.0 0.0  
    0.0 0.0 0.0 0.0 0.0 0.0 0.0 0.0 0.0 0.0 0.0 0.0 0.0 0.0 0.0 0.0 0.0  
    0.0 
  PI_NB = 0.0 0.0 0.0 0.0 0.0 0.0 0.0 0.0 0.0 0.0 0.0 0.0 0.0 0.0 0.0  
    0.0 0.0 0.0 0.0 0.0 0.0 0.0 0.0 0.0 0.0 0.0 0.0 0.0 0.0 0.0 0.0 0.0  
    0.0 0.0 0.0 0.0 0.0 0.0 0.0 0.0 0.0 0.0 0.0 0.0 0.0 0.0 0.0 0.0 0.0  
    0.0 0.0 0.0 0.0 0.0 0.0 0.0 0.0 0.0 0.0 0.0 0.0 0.0 0.0 0.0 0.0 0.0  
    0.0 0.0 0.0 0.0 0.0 0.0 0.0 0.0 0.0 0.0 0.0 0.0 0.0 0.0 0.0 0.0 0.0  
    0.0 0.0 0.0 0.0 0.0 0.0 0.0 0.0 0.0 0.0 0.0 0.0 0.0 0.0 0.0 0.0 0.0  
    0.0 
  PI_IC = 0.0 0.0 0.0 0.0 0.0 0.0 0.0 0.0 0.0 0.0 0.0 0.0 0.0 0.0 0.0  
    0.0 0.0 0.0 0.0 0.0 0.0 0.0 0.0 0.0 0.0 0.0 0.0 0.0 0.0 0.0 0.0 0.0  
    0.0 0.0 0.0 0.0 0.0 0.0 0.0 0.0 0.0 0.0 0.0 0.0 0.0 0.0 0.0 0.0 0.0  
    0.0 0.0 0.0 0.0 0.0 0.0 0.0 0.0 0.0 0.0 0.0 0.0 0.0 0.0 0.0 0.0 0.0  
    0.0 0.0 0.0 0.0 0.0 0.0 0.0 0.0 0.0 0.0 0.0 0.0 0.0 0.0 0.0 0.0 0.0  
    0.0 0.0 0.0 0.0 0.0 0.0 0.0 0.0 0.0 0.0 0.0 0.0 0.0 0.0 0.0 0.0 0.0  
    0.0 
  PI_LH = 0.0 0.0 0.0 0.0 0.0 0.0 0.0 0.0 0.0 0.0 0.0 0.0 0.0 0.0 0.0  
    0.0 0.0 0.0 0.0 0.0 0.0 0.0 0.0 0.0 0.0 0.0 0.0 0.0 0.0 0.0 0.0 0.0  
    0.0 0.0 0.0 0.0 0.0 0.0 0.0 0.0 0.0 0.0 0.0 0.0 0.0 0.0 0.0 0.0 0.0  
    0.0 0.0 0.0 0.0 0.0 0.0 0.0 0.0 0.0 0.0 0.0 0.0 0.0 0.0 0.0 0.0 0.0  
    0.0 0.0 0.0 0.0 0.0 0.0 0.0 0.0 0.0 0.0 0.0 0.0 0.0 0.0 0.0 0.0 0.0  
    0.0 0.0 0.0 0.0 0.0 0.0 0.0 0.0 0.0 0.0 0.0 0.0 0.0 0.0 0.0 0.0 0.0  
    0.0 
  PI_FUS = 0.0 0.0 0.0 0.0 0.0 0.0 0.0 0.0 0.0 0.0 0.0 0.0 0.0 0.0 0.0  
    0.0 0.0 0.0 0.0 0.0 0.0 0.0 0.0 0.0 0.0 0.0 0.0 0.0 0.0 0.0 0.0 0.0  
    0.0 0.0 0.0 0.0 0.0 0.0 0.0 0.0 0.0 0.0 0.0 0.0 0.0 0.0 0.0 0.0 0.0  
    0.0 0.0 0.0 0.0 0.0 0.0 0.0 0.0 0.0 0.0 0.0 0.0 0.0 0.0 0.0 0.0 0.0  
    0.0 0.0 0.0 0.0 0.0 0.0 0.0 0.0 0.0 0.0 0.0 0.0 0.0 0.0 0.0 0.0 0.0  
    0.0 0.0 0.0 0.0 0.0 0.0 0.0 0.0 0.0 0.0 0.0 0.0 0.0 0.0 0.0 0.0 0.0  
    0.0 
  PI_IONIZATION = 0.0 0.0 0.0 0.0 0.0 0.0 0.0 0.0 0.0 0.0 0.0 0.0 0.0  
    0.0 0.0 0.0 0.0 0.0 0.0 0.0 0.0 0.0 0.0 0.0 0.0 0.0 0.0 0.0 0.0 0.0  
    0.0 0.0 0.0 0.0 0.0 0.0 0.0 0.0 0.0 0.0 0.0 0.0 0.0 0.0 0.0 0.0 0.0  
    0.0 0.0 0.0 0.0 0.0 0.0 0.0 0.0 0.0 0.0 0.0 0.0 0.0 0.0 0.0 0.0 0.0  
    0.0 0.0 0.0 0.0 0.0 0.0 0.0 0.0 0.0 0.0 0.0 0.0 0.0 0.0 0.0 0.0 0.0  
    0.0 0.0 0.0 0.0 0.0 0.0 0.0 0.0 0.0 0.0 0.0 0.0 0.0 0.0 0.0 0.0 0.0  
    0.0 0.0 0.0 
  PI_CX = 0.0 0.0 0.0 0.0 0.0 0.0 0.0 0.0 0.0 0.0 0.0 0.0 0.0 0.0 0.0  
    0.0 0.0 0.0 0.0 0.0 0.0 0.0 0.0 0.0 0.0 0.0 0.0 0.0 0.0 0.0 0.0 0.0  
    0.0 0.0 0.0 0.0 0.0 0.0 0.0 0.0 0.0 0.0 0.0 0.0 0.0 0.0 0.0 0.0 0.0  
    0.0 0.0 0.0 0.0 0.0 0.0 0.0 0.0 0.0 0.0 0.0 0.0 0.0 0.0 0.0 0.0 0.0  
    0.0 0.0 0.0 0.0 0.0 0.0 0.0 0.0 0.0 0.0 0.0 0.0 0.0 0.0 0.0 0.0 0.0  
    0.0 0.0 0.0 0.0 0.0 0.0 0.0 0.0 0.0 0.0 0.0 0.0 0.0 0.0 0.0 0.0 0.0  
    0.0 
  P_OHM = 0.0 0.0 0.0 0.0 0.0 0.0 0.0 0.0 0.0 0.0 0.0 0.0 0.0 0.0 0.0  
    0.0 0.0 0.0 0.0 0.0 0.0 0.0 0.0 0.0 0.0 0.0 0.0 0.0 0.0 0.0 0.0 0.0  
    0.0 0.0 0.0 0.0 0.0 0.0 0.0 0.0 0.0 0.0 0.0 0.0 0.0 0.0 0.0 0.0 0.0  
    0.0 0.0 0.0 0.0 0.0 0.0 0.0 0.0 0.0 0.0 0.0 0.0 0.0 0.0 0.0 0.0 0.0  
    0.0 0.0 0.0 0.0 0.0 0.0 0.0 0.0 0.0 0.0 0.0 0.0 0.0 0.0 0.0 0.0 0.0  
    0.0 0.0 0.0 0.0 0.0 0.0 0.0 0.0 0.0 0.0 0.0 0.0 0.0 0.0 0.0 0.0 0.0  
    0.0 
  P_EI = 0.0 0.0 0.0 0.0 0.0 0.0 0.0 0.0 0.0 0.0 0.0 0.0 0.0 0.0 0.0  
    0.0 0.0 0.0 0.0 0.0 0.0 0.0 0.0 0.0 0.0 0.0 0.0 0.0 0.0 0.0 0.0 0.0  
    0.0 0.0 0.0 0.0 0.0 0.0 0.0 0.0 0.0 0.0 0.0 0.0 0.0 0.0 0.0 0.0 0.0  
    0.0 0.0 0.0 0.0 0.0 0.0 0.0 0.0 0.0 0.0 0.0 0.0 0.0 0.0 0.0 0.0 0.0  
    0.0 0.0 0.0 0.0 0.0 0.0 0.0 0.0 0.0 0.0 0.0 0.0 0.0 0.0 0.0 0.0 0.0  
    0.0 0.0 0.0 0.0 0.0 0.0 0.0 0.0 0.0 0.0 0.0 0.0 0.0 0.0 0.0 0.0 0.0  
    0.0 
  TORQUE_NB = 0.0 0.0 0.0 0.0 0.0 0.0 0.0 0.0 0.0 0.0 0.0 0.0 0.0 0.0  
    0.0 0.0 0.0 0.0 0.0 0.0 0.0 0.0 0.0 0.0 0.0 0.0 0.0 0.0 0.0 0.0 0.0  
    0.0 0.0 0.0 0.0 0.0 0.0 0.0 0.0 0.0 0.0 0.0 0.0 0.0 0.0 0.0 0.0 0.0  
    0.0 0.0 0.0 0.0 0.0 0.0 0.0 0.0 0.0 0.0 0.0 0.0 0.0 0.0 0.0 0.0 0.0  
    0.0 0.0 0.0 0.0 0.0 0.0 0.0 0.0 0.0 0.0 0.0 0.0 0.0 0.0 0.0 0.0 0.0  
    0.0 0.0 0.0 0.0 0.0 0.0 0.0 0.0 0.0 0.0 0.0 0.0 0.0 0.0 0.0 0.0 0.0  
    0.0 0.0 
  TORQUE_IN = 0.0 0.0 0.0 0.0 0.0 0.0 0.0 0.0 0.0 0.0 0.0 0.0 0.0 0.0  
    0.0 0.0 0.0 0.0 0.0 0.0 0.0 0.0 0.0 0.0 0.0 0.0 0.0 0.0 0.0 0.0 0.0  
    0.0 0.0 0.0 0.0 0.0 0.0 0.0 0.0 0.0 0.0 0.0 0.0 0.0 0.0 0.0 0.0 0.0  
    0.0 0.0 0.0 0.0 0.0 0.0 0.0 0.0 0.0 0.0 0.0 0.0 0.0 0.0 0.0 0.0 0.0  
    0.0 0.0 0.0 0.0 0.0 0.0 0.0 0.0 0.0 0.0 0.0 0.0 0.0 0.0 0.0 0.0 0.0  
    0.0 0.0 0.0 0.0 0.0 0.0 0.0 0.0 0.0 0.0 0.0 0.0 0.0 0.0 0.0 0.0 0.0  
    0.0 0.0 
  SE_NB = 0.0 0.0 0.0 0.0 0.0 0.0 0.0 0.0 0.0 0.0 0.0 0.0 0.0 0.0 0.0  
    0.0 0.0 0.0 0.0 0.0 0.0 0.0 0.0 0.0 0.0 0.0 0.0 0.0 0.0 0.0 0.0 0.0  
    0.0 0.0 0.0 0.0 0.0 0.0 0.0 0.0 0.0 0.0 0.0 0.0 0.0 0.0 0.0 0.0 0.0  
    0.0 0.0 0.0 0.0 0.0 0.0 0.0 0.0 0.0 0.0 0.0 0.0 0.0 0.0 0.0 0.0 0.0  
    0.0 0.0 0.0 0.0 0.0 0.0 0.0 0.0 0.0 0.0 0.0 0.0 0.0 0.0 0.0 0.0 0.0  
    0.0 0.0 0.0 0.0 0.0 0.0 0.0 0.0 0.0 0.0 0.0 0.0 0.0 0.0 0.0 0.0 0.0  
    0.0 
  SE_IONIZATION = 0.0 0.0 0.0 0.0 0.0 0.0 0.0 0.0 0.0 0.0 0.0 0.0 0.0  
    0.0 0.0 0.0 0.0 0.0 0.0 0.0 0.0 0.0 0.0 0.0 0.0 0.0 0.0 0.0 0.0 0.0  
    0.0 0.0 0.0 0.0 0.0 0.0 0.0 0.0 0.0 0.0 0.0 0.0 0.0 0.0 0.0 0.0 0.0  
    0.0 0.0 0.0 0.0 0.0 0.0 0.0 0.0 0.0 0.0 0.0 0.0 0.0 0.0 0.0 0.0 0.0  
    0.0 0.0 0.0 0.0 0.0 0.0 0.0 0.0 0.0 0.0 0.0 0.0 0.0 0.0 0.0 0.0 0.0  
    0.0 0.0 0.0 0.0 0.0 0.0 0.0 0.0 0.0 0.0 0.0 0.0 0.0 0.0 0.0 0.0 0.0  
    0.0 0.0 0.0 
  SI_NB = 0.0 0.0 0.0 0.0 0.0 0.0 0.0 0.0 0.0 0.0 0.0 0.0 0.0 0.0 0.0  
    0.0 0.0 0.0 0.0 0.0 0.0 0.0 0.0 0.0 0.0 0.0 0.0 0.0 0.0 0.0 0.0 0.0  
    0.0 0.0 0.0 0.0 0.0 0.0 0.0 0.0 0.0 0.0 0.0 0.0 0.0 0.0 0.0 0.0 0.0  
    0.0 0.0 0.0 0.0 0.0 0.0 0.0 0.0 0.0 0.0 0.0 0.0 0.0 0.0 0.0 0.0 0.0  
    0.0 0.0 0.0 0.0 0.0 0.0 0.0 0.0 0.0 0.0 0.0 0.0 0.0 0.0 0.0 0.0 0.0  
    0.0 0.0 0.0 0.0 0.0 0.0 0.0 0.0 0.0 0.0 0.0 0.0 0.0 0.0 0.0 0.0 0.0  
    0.0 
  SI_IONIZATION = 0.0 0.0 0.0 0.0 0.0 0.0 0.0 0.0 0.0 0.0 0.0 0.0 0.0  
    0.0 0.0 0.0 0.0 0.0 0.0 0.0 0.0 0.0 0.0 0.0 0.0 0.0 0.0 0.0 0.0 0.0  
    0.0 0.0 0.0 0.0 0.0 0.0 0.0 0.0 0.0 0.0 0.0 0.0 0.0 0.0 0.0 0.0 0.0  
    0.0 0.0 0.0 0.0 0.0 0.0 0.0 0.0 0.0 0.0 0.0 0.0 0.0 0.0 0.0 0.0 0.0  
    0.0 0.0 0.0 0.0 0.0 0.0 0.0 0.0 0.0 0.0 0.0 0.0 0.0 0.0 0.0 0.0 0.0  
    0.0 0.0 0.0 0.0 0.0 0.0 0.0 0.0 0.0 0.0 0.0 0.0 0.0 0.0 0.0 0.0 0.0  
    0.0 0.0 0.0 
  SE_PELLET = 0.0 0.0 0.0 0.0 0.0 0.0 0.0 0.0 0.0 0.0 0.0 0.0 0.0 0.0  
    0.0 0.0 0.0 0.0 0.0 0.0 0.0 0.0 0.0 0.0 0.0 0.0 0.0 0.0 0.0 0.0 0.0  
    0.0 0.0 0.0 0.0 0.0 0.0 0.0 0.0 0.0 0.0 0.0 0.0 0.0 0.0 0.0 0.0 0.0  
    0.0 0.0 0.0 0.0 0.0 0.0 0.0 0.0 0.0 0.0 0.0 0.0 0.0 0.0 0.0 0.0 0.0  
    0.0 0.0 0.0 0.0 0.0 0.0 0.0 0.0 0.0 0.0 0.0 0.0 0.0 0.0 0.0 0.0 0.0  
    0.0 0.0 0.0 0.0 0.0 0.0 0.0 0.0 0.0 0.0 0.0 0.0 0.0 0.0 0.0 0.0 0.0  
    0.0 0.0 
  Q = 0.0 0.0 0.0 0.0 0.0 0.0 0.0 0.0 0.0 0.0 0.0 0.0 0.0 0.0 0.0 0.0  
    0.0 0.0 0.0 0.0 0.0 0.0 0.0 0.0 0.0 0.0 0.0 0.0 0.0 0.0 0.0 0.0 0.0  
    0.0 0.0 0.0 0.0 0.0 0.0 0.0 0.0 0.0 0.0 0.0 0.0 0.0 0.0 0.0 0.0 0.0  
    0.0 0.0 0.0 0.0 0.0 0.0 0.0 0.0 0.0 0.0 0.0 0.0 0.0 0.0 0.0 0.0 0.0  
    0.0 0.0 0.0 0.0 0.0 0.0 0.0 0.0 0.0 0.0 0.0 0.0 0.0 0.0 0.0 0.0 0.0  
    0.0 0.0 0.0 0.0 0.0 0.0 0.0 0.0 0.0 0.0 0.0 0.0 0.0 0.0 0.0 0.0 0.0 
  PSIPOL = 0.0 0.0 0.0 0.0 0.0 0.0 0.0 0.0 0.0 0.0 0.0 0.0 0.0 0.0 0.0  
    0.0 0.0 0.0 0.0 0.0 0.0 0.0 0.0 0.0 0.0 0.0 0.0 0.0 0.0 0.0 0.0 0.0  
    0.0 0.0 0.0 0.0 0.0 0.0 0.0 0.0 0.0 0.0 0.0 0.0 0.0 0.0 0.0 0.0 0.0  
    0.0 0.0 0.0 0.0 0.0 0.0 0.0 0.0 0.0 0.0 0.0 0.0 0.0 0.0 0.0 0.0 0.0  
    0.0 0.0 0.0 0.0 0.0 0.0 0.0 0.0 0.0 0.0 0.0 0.0 0.0 0.0 0.0 0.0 0.0  
    0.0 0.0 0.0 0.0 0.0 0.0 0.0 0.0 0.0 0.0 0.0 0.0 0.0 0.0 0.0 0.0 0.0  
    0.0 
  PSI = 0.0 0.0 0.0 0.0 0.0 0.0 0.0 0.0 0.0 0.0 0.0 0.0 0.0 0.0 0.0 0.0  
    0.0 0.0 0.0 0.0 0.0 0.0 0.0 0.0 0.0 0.0 0.0 0.0 0.0 0.0 0.0 0.0 0.0  
    0.0 0.0 0.0 0.0 0.0 0.0 0.0 0.0 0.0 0.0 0.0 0.0 0.0 0.0 0.0 0.0 0.0  
    0.0 0.0 0.0 0.0 0.0 0.0 0.0 0.0 0.0 0.0 0.0 0.0 0.0 0.0 0.0 0.0 0.0  
    0.0 0.0 0.0 0.0 0.0 0.0 0.0 0.0 0.0 0.0 0.0 0.0 0.0 0.0 0.0 0.0 0.0  
    0.0 0.0 0.0 0.0 0.0 0.0 0.0 0.0 0.0 0.0 0.0 0.0 0.0 0.0 0.0 0.0 0.0 
  DENSITY_BEAM = 0.0 0.0 0.0 0.0 0.0 0.0 0.0 0.0 0.0 0.0 0.0 0.0 0.0  
    0.0 0.0 0.0 0.0 0.0 0.0 0.0 0.0 0.0 0.0 0.0 0.0 0.0 0.0 0.0 0.0 0.0  
    0.0 0.0 0.0 0.0 0.0 0.0 0.0 0.0 0.0 0.0 0.0 0.0 0.0 0.0 0.0 0.0 0.0  
    0.0 0.0 0.0 0.0 0.0 0.0 0.0 0.0 0.0 0.0 0.0 0.0 0.0 0.0 0.0 0.0 0.0  
    0.0 0.0 0.0 0.0 0.0 0.0 0.0 0.0 0.0 0.0 0.0 0.0 0.0 0.0 0.0 0.0 0.0  
    0.0 0.0 0.0 0.0 0.0 0.0 0.0 0.0 0.0 0.0 0.0 0.0 0.0 0.0 0.0 0.0 0.0  
    0.0 0.0 0.0 
  WBEAM = 0.0 0.0 0.0 0.0 0.0 0.0 0.0 0.0 0.0 0.0 0.0 0.0 0.0 0.0 0.0  
    0.0 0.0 0.0 0.0 0.0 0.0 0.0 0.0 0.0 0.0 0.0 0.0 0.0 0.0 0.0 0.0 0.0  
    0.0 0.0 0.0 0.0 0.0 0.0 0.0 0.0 0.0 0.0 0.0 0.0 0.0 0.0 0.0 0.0 0.0  
    0.0 0.0 0.0 0.0 0.0 0.0 0.0 0.0 0.0 0.0 0.0 0.0 0.0 0.0 0.0 0.0 0.0  
    0.0 0.0 0.0 0.0 0.0 0.0 0.0 0.0 0.0 0.0 0.0 0.0 0.0 0.0 0.0 0.0 0.0  
    0.0 0.0 0.0 0.0 0.0 0.0 0.0 0.0 0.0 0.0 0.0 0.0 0.0 0.0 0.0 0.0 0.0  
    0.0 
  TBEAM = 0.0 0.0 0.0 0.0 0.0 0.0 0.0 0.0 0.0 0.0 0.0 0.0 0.0 0.0 0.0  
    0.0 0.0 0.0 0.0 0.0 0.0 0.0 0.0 0.0 0.0 0.0 0.0 0.0 0.0 0.0 0.0 0.0  
    0.0 0.0 0.0 0.0 0.0 0.0 0.0 0.0 0.0 0.0 0.0 0.0 0.0 0.0 0.0 0.0 0.0  
    0.0 0.0 0.0 0.0 0.0 0.0 0.0 0.0 0.0 0.0 0.0 0.0 0.0 0.0 0.0 0.0 0.0  
    0.0 0.0 0.0 0.0 0.0 0.0 0.0 0.0 0.0 0.0 0.0 0.0 0.0 0.0 0.0 0.0 0.0  
    0.0 0.0 0.0 0.0 0.0 0.0 0.0 0.0 0.0 0.0 0.0 0.0 0.0 0.0 0.0 0.0 0.0  
    0.0 
  DENSITY_ALPHA = 0.0 0.0 0.0 0.0 0.0 0.0 0.0 0.0 0.0 0.0 0.0 0.0 0.0  
    0.0 0.0 0.0 0.0 0.0 0.0 0.0 0.0 0.0 0.0 0.0 0.0 0.0 0.0 0.0 0.0 0.0  
    0.0 0.0 0.0 0.0 0.0 0.0 0.0 0.0 0.0 0.0 0.0 0.0 0.0 0.0 0.0 0.0 0.0  
    0.0 0.0 0.0 0.0 0.0 0.0 0.0 0.0 0.0 0.0 0.0 0.0 0.0 0.0 0.0 0.0 0.0  
    0.0 0.0 0.0 0.0 0.0 0.0 0.0 0.0 0.0 0.0 0.0 0.0 0.0 0.0 0.0 0.0 0.0  
    0.0 0.0 0.0 0.0 0.0 0.0 0.0 0.0 0.0 0.0 0.0 0.0 0.0 0.0 0.0 0.0 0.0  
    0.0 0.0 0.0 
  WALPHA = 0.0 0.0 0.0 0.0 0.0 0.0 0.0 0.0 0.0 0.0 0.0 0.0 0.0 0.0 0.0  
    0.0 0.0 0.0 0.0 0.0 0.0 0.0 0.0 0.0 0.0 0.0 0.0 0.0 0.0 0.0 0.0 0.0  
    0.0 0.0 0.0 0.0 0.0 0.0 0.0 0.0 0.0 0.0 0.0 0.0 0.0 0.0 0.0 0.0 0.0  
    0.0 0.0 0.0 0.0 0.0 0.0 0.0 0.0 0.0 0.0 0.0 0.0 0.0 0.0 0.0 0.0 0.0  
    0.0 0.0 0.0 0.0 0.0 0.0 0.0 0.0 0.0 0.0 0.0 0.0 0.0 0.0 0.0 0.0 0.0  
    0.0 0.0 0.0 0.0 0.0 0.0 0.0 0.0 0.0 0.0 0.0 0.0 0.0 0.0 0.0 0.0 0.0  
    0.0 
  TALPHA = 0.0 0.0 0.0 0.0 0.0 0.0 0.0 0.0 0.0 0.0 0.0 0.0 0.0 0.0 0.0  
    0.0 0.0 0.0 0.0 0.0 0.0 0.0 0.0 0.0 0.0 0.0 0.0 0.0 0.0 0.0 0.0 0.0  
    0.0 0.0 0.0 0.0 0.0 0.0 0.0 0.0 0.0 0.0 0.0 0.0 0.0 0.0 0.0 0.0 0.0  
    0.0 0.0 0.0 0.0 0.0 0.0 0.0 0.0 0.0 0.0 0.0 0.0 0.0 0.0 0.0 0.0 0.0  
    0.0 0.0 0.0 0.0 0.0 0.0 0.0 0.0 0.0 0.0 0.0 0.0 0.0 0.0 0.0 0.0 0.0  
    0.0 0.0 0.0 0.0 0.0 0.0 0.0 0.0 0.0 0.0 0.0 0.0 0.0 0.0 0.0 0.0 0.0  
    0.0 
  CHIE = 0.0 0.0 0.0 0.0 0.0 0.0 0.0 0.0 0.0 0.0 0.0 0.0 0.0 0.0 0.0  
    0.0 0.0 0.0 0.0 0.0 0.0 0.0 0.0 0.0 0.0 0.0 0.0 0.0 0.0 0.0 0.0 0.0  
    0.0 0.0 0.0 0.0 0.0 0.0 0.0 0.0 0.0 0.0 0.0 0.0 0.0 0.0 0.0 0.0 0.0  
    0.0 0.0 0.0 0.0 0.0 0.0 0.0 0.0 0.0 0.0 0.0 0.0 0.0 0.0 0.0 0.0 0.0  
    0.0 0.0 0.0 0.0 0.0 0.0 0.0 0.0 0.0 0.0 0.0 0.0 0.0 0.0 0.0 0.0 0.0  
    0.0 0.0 0.0 0.0 0.0 0.0 0.0 0.0 0.0 0.0 0.0 0.0 0.0 0.0 0.0 0.0 0.0  
    0.0 
  CHII = 0.0 0.0 0.0 0.0 0.0 0.0 0.0 0.0 0.0 0.0 0.0 0.0 0.0 0.0 0.0  
    0.0 0.0 0.0 0.0 0.0 0.0 0.0 0.0 0.0 0.0 0.0 0.0 0.0 0.0 0.0 0.0 0.0  
    0.0 0.0 0.0 0.0 0.0 0.0 0.0 0.0 0.0 0.0 0.0 0.0 0.0 0.0 0.0 0.0 0.0  
    0.0 0.0 0.0 0.0 0.0 0.0 0.0 0.0 0.0 0.0 0.0 0.0 0.0 0.0 0.0 0.0 0.0  
    0.0 0.0 0.0 0.0 0.0 0.0 0.0 0.0 0.0 0.0 0.0 0.0 0.0 0.0 0.0 0.0 0.0  
    0.0 0.0 0.0 0.0 0.0 0.0 0.0 0.0 0.0 0.0 0.0 0.0 0.0 0.0 0.0 0.0 0.0  
    0.0 
  P_EQ = 0.0 0.0 0.0 0.0 0.0 0.0 0.0 0.0 0.0 0.0 0.0 0.0 0.0 0.0 0.0  
    0.0 0.0 0.0 0.0 0.0 0.0 0.0 0.0 0.0 0.0 0.0 0.0 0.0 0.0 0.0 0.0 0.0  
    0.0 0.0 0.0 0.0 0.0 0.0 0.0 0.0 0.0 0.0 0.0 0.0 0.0 0.0 0.0 0.0 0.0  
    0.0 0.0 0.0 0.0 0.0 0.0 0.0 0.0 0.0 0.0 0.0 0.0 0.0 0.0 0.0 0.0 0.0  
    0.0 0.0 0.0 0.0 0.0 0.0 0.0 0.0 0.0 0.0 0.0 0.0 0.0 0.0 0.0 0.0 0.0  
    0.0 0.0 0.0 0.0 0.0 0.0 0.0 0.0 0.0 0.0 0.0 0.0 0.0 0.0 0.0 0.0 0.0  
    0.0 
  J_TOT = 1.2711044561989575 1.2711044561989575 1.270834584766455  
    1.270041641711685 1.2687677243979978 1.2670625825504485  
    1.2649679997779137 1.2625116834841545 1.2597093931488201  
    1.2565698866495223 1.253098772567994 1.24930042471797  
    1.245178672905272 1.2407370174308983 1.2359787130922613  
    1.2309068189339536 1.2255242359982574 1.2198337365755807  
    1.213837986954744 1.207539565923307 1.2009409802678745  
    1.1940446782740748 1.186853059976872 1.1793684866607035  
    1.1715932896094965 1.1635297766069461 1.1551802384364036  
    1.146546954881041 1.1376321999741104 1.1284382462486486  
    1.118967369237739 1.1092218524747697 1.099203990493205  
    1.0889160918266265 1.078360483258893 1.0675395135743324  
    1.0564555560575655 1.0451110122433782 1.0335083154174243  
    1.021649932365593 1.00953836677411 0.9971761635054986  
    0.9845659117723262 0.9717102477379569 0.9586118578415783  
    0.9452734825229098 0.931697919773008 0.9178880289335842  
    0.9038467346220966 0.8895770308069757 0.87508198508325  
    0.8603647432467055 0.8454285342193912 0.8302766751246551  
    0.8149125767368639 0.7993397494574114 0.7835618096143143  
    0.7675824861868326 0.7514056280555022 0.7350352119785236  
    0.7184753512160549 0.7017303048050305 0.6848044878098779  
    0.6677024823974105 0.6504290500116843 0.632989144949851  
    0.6153879291876015 0.5976307887035264 0.579723351829061  
    0.5616715097752792 0.5434814393573412 0.5251596286442316  
    0.5067129060360624 0.48814847308799303 0.46947394203536585  
    0.4506973787455797 0.43182735219392254 0.412872991888449  
    0.39384405479651496 0.3747510041203772 0.35560510269865286  
    0.33641852468407346 0.317204490494776 0.2979774315407028  
    0.27875319395278764 0.25954929466120896 0.24038524827524282  
    0.22128299266467757 0.2022674573927054 0.18336734622755743  
    0.16461625993423895 0.1460544072734875 0.12773138899318986  
    0.10971069310863557 0.09207548268586299 0.07493097000176599  
    0.05839164052873526 0.04254017275844718 0.027361554056282524  
    0.012687558701473393 -0.001797658076582968 
  RBDRY = 2.226239824894 2.221803731491651 2.20854405405223  
    2.1866060683765314 2.156230131626436 2.1177490489215507  
    2.071584427056675 2.018242055289529 1.9583063638078015  
    1.892434020589717 1.8213467368122465 1.7458233596324264  
    1.6666913389749214 1.5848176618174956 1.5010993533002537  
    1.4164536487304928 1.404878661994981 1.3934304932363648  
    1.3822345709872472 1.3714135601146873 1.3610860178782465  
    1.3513650949918445 1.3423572959208587 1.334161311996914  
    1.3268669401350008 1.320554098999684 1.315291953399489  
    1.311138156502786 1.3081382181776133 1.306325006376039  
    1.305718387026 1.306325006376039 1.308138218177613  
    1.3111381565027858 1.315291953399489 1.320554098999684  
    1.3268669401350008 1.334161311996914 1.3423572959208587  
    1.3513650949918445 1.3610860178782465 1.3714135601146873  
    1.3822345709872472 1.3934304932363646 1.4048786619949807  
    1.416453648730493 1.501099353300253 1.5848176618174947  
    1.6666913389749212 1.7458233596324257 1.8213467368122458  
    1.8924340205897168 1.958306363807801 2.0182420552895284  
    2.071584427056675 2.1177490489215507 2.156230131626436  
    2.1866060683765314 2.20854405405223 2.221803731491651  
    2.226239824894 
  ZBDRY = 0.0 0.07063382025355233 0.13956229569639775  
    0.2069600917772117 0.2724515942818661 0.33560578230243954  
    0.3959925789710507 0.4532043058314712 0.5068680334075645  
    0.5566544550142968 0.6022850186580593 0.6435379576537817  
    0.6802534760142823 0.7123381845096289 0.7397688037725323  
    0.7625951015085768 0.7133935426809742 0.6623510106446683  
    0.6097306675386777 0.5558156562499412 0.5009104732265385  
    0.4453430925549142 0.38946832877452814 0.33367328033216354  
    0.27838639348546074 0.22409317939808135 0.1713651667739547  
    0.12091840597485598 0.07375072909473912 0.03156537583468305  
    -8.939383969681655e-10 -0.03156537583468305 -0.07375072909473346  
    -0.12091840597485178 -0.17136516677395455 -0.2240931793980811  
    -0.27838639348546046 -0.33367328033216315 -0.38946832877452764  
    -0.4453430925549136 -0.5009104732265396 -0.555815656249942  
    -0.6097306675386776 -0.6623510106446673 -0.7133935426809731  
    -0.762595101508576 -0.7397688037725325 -0.7123381845096293  
    -0.6802534760142824 -0.6435379576537822 -0.6022850186580597  
    -0.5566544550142969 -0.5068680334075649 -0.45320430583147164  
    -0.3959925789710507 -0.33560578230243954 -0.2724515942818663  
    -0.2069600917772117 -0.13956229569639775 -0.07063382025355233 0.0 
  NLIM = 5 
  RLIM = 2.2762398248939997 1.255718387026 1.255718387026  
    2.2762398248939997 2.2762398248939997 
  ZLIM = 0.8125951015085768 0.8125951015085768 -0.8125951015085761  
    -0.8125951015085761 0.8125951015085768 
  RHO = 0.0 0.01 0.02 0.03 0.04 0.05 0.06 0.07 0.08 0.09 0.1 0.11 0.12  
    0.13 0.14 0.15 0.16 0.17 0.18 0.19 0.2 0.21 0.22 0.23 0.24 0.25  
    0.26 0.27 0.28 0.29 0.3 0.31 0.32 0.33 0.34 0.35 0.36 0.37 0.38  
    0.39 0.4 0.41 0.42 0.43 0.44 0.45 0.46 0.47 0.48 0.49 0.5 0.51 0.52  
    0.53 0.54 0.55 0.56 0.57 0.58 0.59 0.6 0.61 0.62 0.63 0.64 0.65  
    0.66 0.67 0.68 0.69 0.7 0.71 0.72 0.73 0.74 0.75 0.76 0.77 0.78  
    0.79 0.8 0.81 0.82 0.83 0.84 0.85 0.86 0.87 0.88 0.89 0.9 0.91 0.92  
    0.93 0.94 0.95 0.96 0.97 0.98 0.99 1.0 
  MODEL_PROFILE_NE = 'ped' 
  MODEL_PROFILE_TE = 'ped' 
  MODEL_PROFILE_TI = 'ped' 
  MODEL_PROFILE_DENSITY_BEAM = 'parab' 
  MODEL_PROFILE_J_TOT = 'parab' 
  MODEL_PROFILE_OMEGA = 'parab' 
  MODEL_PROFILE_ZEFF = 'const' 
  MODEL_PROFILE_TBEAMI = 'const' 
  MODEL_PROFILE_DENSITY_ALPHA = 'zero' 
  MODEL_PROFILE_WALPHA = 'zero' 
  MODEL_PROFILE_WBEAM = 'derived' 
  J_TOT_AXIS = 1.1805549 
  J_TOT_SEP = 0.0 
  J_TOT_ALPHA = 1.9 
  J_TOT_BETA = 1.2 
  DENSITY_BEAM_AXIS = 0.0 
  DENSITY_BEAM_SEP = 0.0 
  DENSITY_BEAM_ALPHA = 1.5 
  DENSITY_BEAM_BETA = 1.5 
  TBEAMI_AXIS = 20.0 
  DENSITY_ION_0 = 3.8665341856526756 3.867148677903588  
    3.8667600103791333 3.8653835129423717 3.8630345154563637  
    3.859728347784169 3.855480339788851 3.8503058213334698  
    3.844220122281086 3.8372385724947624 3.829376501837558  
    3.8206492401725343 3.8110721173627513 3.8006604632712735  
    3.789429607761158 3.7773948806954682 3.764571611937263  
    3.750975131349608 3.736620768795558 3.721523854138178  
    3.705699717240528 3.689163687965669 3.6719310961766625  
    3.654017271736568 3.6354375445084477 3.6162072443553632  
    3.596341701140375 3.5758562447265434 3.554766204976929  
    3.5330869117545958 3.5108336949226024 3.4880218843440094  
    3.4646668098818783 3.44078380139927 3.416388188759248  
    3.39149530182487 3.366120470459199 3.340279024525294  
    3.3139862938862183 3.287257608405032 3.2601082979447953  
    3.2325536923685703 3.2046091215394177 3.176289915320399  
    3.147611403574574 3.118588916165004 3.089237782954752  
    3.0595733338068767 3.0296108985844397 2.9993658071505025  
    2.968853389368126 2.93808897510037 2.907087894210297  
    2.8758654765609677 2.844437052015443 2.812817950436784  
    2.7810235016880513 2.749069035632307 2.71696988213261  
    2.684741371052024 2.6523988322536076 2.619957595600423  
    2.587432990955531 2.5548403481819935 2.52219499714287  
    2.4895122677012225 2.4568074897201124 2.4240959930625996  
    2.391393107591745 2.358714163170611 2.326074489662258  
    2.293489416929746 2.260974274836138 2.2285443932444924  
    2.196215102017873 2.1640017310193382 2.1319196101119515  
    2.0999840691587717 2.0682104380228616 2.0366140465672813  
    2.0052102246550927 1.9740143021493557 1.9430416089131315  
    1.9123074748094813 1.8818272297014664 1.8516162034521466  
    1.8216897259245848 1.792063126981841 1.7627517364869763  
    1.733770884303052 1.7051359002931286 1.6768621143202673  
    1.6489648562475285 1.621459455937975 1.5943612432546665  
    1.5676855480606642 1.5414477002190285 1.5156630295084204  
    1.4903378822207576 1.4699049855719983 1.4699467434797382 
  DENSITY_IMP_0 = 0.10490596627739815 0.10492263854777176  
    0.10491209330486019 0.10487474647518062 0.10481101398525014  
    0.10472131176158597 0.10460605573070524 0.10446566181912514  
    0.1043005459533628 0.1041111240599354 0.10389781206536007  
    0.10366102589615402 0.10340118147883433 0.10311869473991825  
    0.10281398160592288 0.1024874580033654 0.10213953985876296  
    0.10177064309863276 0.10138118364949188 0.10097157743785753  
    0.10054224039024688 0.10009358843317706 0.09962603749316523  
    0.09914000349672855 0.09863590237038423 0.09811415004064937  
    0.09757516243404117 0.09701935547707675 0.09644714509627329  
    0.09585894721814793 0.09525517776921788 0.09463625267600025  
    0.09400258786501219 0.09335459926277091 0.09269270279579353  
    0.09201731439059722 0.0913288499736992 0.09062772547161652  
    0.0899143568108664 0.08918915991796598 0.08845255071943242  
    0.08770494514178291 0.08694675911153459 0.08617840855520464  
    0.08540030939931015 0.08461287757036834 0.08381652899489636  
    0.08301167959941139 0.08219874531043052 0.08137814205447101  
    0.08055028575804991 0.07971559234768444 0.07887447774989177  
    0.07802735789118904 0.0771746486980934 0.07631676609712204  
    0.0754541260147921 0.0745871443776207 0.07371623711212508  
    0.07284182014482234 0.07196430940222966 0.07108412081086417  
    0.07020167029724309 0.06931737378788355 0.06843164720930268  
    0.06754490648801766 0.06665756755054568 0.06577004632340384  
    0.06488275873310938 0.06399612070617937 0.06311054816913103  
    0.06222645704848149 0.061344263270747934 0.060464382762447484  
    0.059587231450097325 0.058713225260214615 0.057842780119316504  
    0.05697631195392017 0.056114236690542746 0.05525697025570144  
    0.054404928575913364 0.053558527577695685 0.05271818318756559  
    0.05188431133204019 0.05105732793763669 0.050237648930872195  
    0.04942569023826393 0.04862186778632903 0.04782659750158462  
    0.04704029531054791 0.04626337713973604 0.04549625891566615  
    0.044739356564855434 0.04399308601382103 0.043257863189080106  
    0.04253410401714981 0.041822224424547284 0.04112264033549976  
    0.04043552393622211 0.0398811430193953 0.03988227598588437 
  DENSITY_TH = 3.9714401519300737 3.97207131645136 3.9716721036839937  
    3.970258259417552 3.9678455294416137 3.964449659545755  
    3.960086395519556 3.954771483152595 3.948520668234449  
    3.9413496965546977 3.9332743139029183 3.924310266068688  
    3.914473298841586 3.903779158011192 3.892243589367081  
    3.8798823386988337 3.866711151796026 3.8527457744482407  
    3.83800195244505 3.8224954315760353 3.8062419576307747  
    3.789257276398846 3.7715571336698277 3.7531572752332965  
    3.734073446878832 3.7143213943960127 3.693916863574416  
    3.67287560020362 3.6512133500732022 3.628945858972744  
    3.6060888726918203 3.5826581370200095 3.5586693977468906  
    3.5341384006620413 3.5090808915550418 3.4835126162154673  
    3.4574493204328984 3.4309067499969106 3.403900650697085  
    3.376446768322998 3.3485608486642278 3.3202586375103533  
    3.2915558806509524 3.262468323875604 3.2330117129738842  
    3.2032017937353725 3.1730543119496484 3.142585013406288  
    3.1118096438948704 3.0807439492049733 3.0494036751261757  
    3.0178045674480543 2.985962371960189 2.953892834452157  
    2.9216117007135365 2.889134716533906 2.8564776277028434  
    2.8236561800099276 2.790686119244735 2.7575831911968463  
    2.724363141655837 2.6910417164112874 2.657634661252774  
    2.624157721969877 2.5906266443521724 2.5570571741892403  
    2.5234650572706583 2.4898660393860035 2.4562758663248547  
    2.42271028387679 2.389185037831389 2.3557158739782276  
    2.322318538106886 2.28900877600694 2.25580233346797  
    2.2227149562795527 2.189762390231268 2.156960381112692  
    2.1243246747134044 2.091871016822983 2.059615153231006  
    2.027572829727051 1.995759792100697 1.9641917861415215  
    1.9328845576391032 1.9018538523830189 1.8711154161628487  
    1.84068499476817 1.8105783339885608 1.7808111796136  
    1.7513992774328646 1.7223583732359335 1.693704212812384  
    1.665452541951796 1.6376191064437466 1.610219652077814  
    1.5832699246435757 1.5567856698439202 1.5307734061569798  
    1.5097861285913936 1.5098290194656225 
  NI = 3.8665341856526756 3.867148677903588 3.8667600103791333  
    3.8653835129423717 3.8630345154563637 3.859728347784169  
    3.855480339788851 3.8503058213334698 3.844220122281086  
    3.8372385724947624 3.829376501837558 3.8206492401725343  
    3.8110721173627513 3.8006604632712735 3.789429607761158  
    3.7773948806954682 3.764571611937263 3.750975131349608  
    3.736620768795558 3.721523854138178 3.705699717240528  
    3.689163687965669 3.6719310961766625 3.654017271736568  
    3.6354375445084477 3.6162072443553632 3.596341701140375  
    3.5758562447265434 3.554766204976929 3.5330869117545958  
    3.5108336949226024 3.4880218843440094 3.4646668098818783  
    3.44078380139927 3.416388188759248 3.39149530182487  
    3.366120470459199 3.340279024525294 3.3139862938862183  
    3.287257608405032 3.2601082979447953 3.2325536923685703  
    3.2046091215394177 3.176289915320399 3.147611403574574  
    3.118588916165004 3.089237782954752 3.0595733338068767  
    3.0296108985844397 2.9993658071505025 2.968853389368126  
    2.93808897510037 2.907087894210297 2.8758654765609677  
    2.844437052015443 2.812817950436784 2.7810235016880513  
    2.749069035632307 2.71696988213261 2.684741371052024  
    2.6523988322536076 2.619957595600423 2.587432990955531  
    2.5548403481819935 2.52219499714287 2.4895122677012225  
    2.4568074897201124 2.4240959930625996 2.391393107591745  
    2.358714163170611 2.326074489662258 2.293489416929746  
    2.260974274836138 2.2285443932444924 2.196215102017873  
    2.1640017310193382 2.1319196101119515 2.0999840691587717  
    2.0682104380228616 2.0366140465672813 2.0052102246550927  
    1.9740143021493557 1.9430416089131315 1.9123074748094813  
    1.8818272297014664 1.8516162034521466 1.8216897259245848  
    1.792063126981841 1.7627517364869763 1.733770884303052  
    1.7051359002931286 1.6768621143202673 1.6489648562475285  
    1.621459455937975 1.5943612432546665 1.5676855480606642  
    1.5414477002190285 1.5156630295084204 1.4903378822207576  
    1.4699049855719983 1.4699467434797382 
  NZ = 0.10490596627739815 0.10492263854777176 0.10491209330486019  
    0.10487474647518062 0.10481101398525014 0.10472131176158597  
    0.10460605573070524 0.10446566181912514 0.1043005459533628  
    0.1041111240599354 0.10389781206536007 0.10366102589615402  
    0.10340118147883433 0.10311869473991825 0.10281398160592288  
    0.1024874580033654 0.10213953985876296 0.10177064309863276  
    0.10138118364949188 0.10097157743785753 0.10054224039024688  
    0.10009358843317706 0.09962603749316523 0.09914000349672855  
    0.09863590237038423 0.09811415004064937 0.09757516243404117  
    0.09701935547707675 0.09644714509627329 0.09585894721814793  
    0.09525517776921788 0.09463625267600025 0.09400258786501219  
    0.09335459926277091 0.09269270279579353 0.09201731439059722  
    0.0913288499736992 0.09062772547161652 0.0899143568108664  
    0.08918915991796598 0.08845255071943242 0.08770494514178291  
    0.08694675911153459 0.08617840855520464 0.08540030939931015  
    0.08461287757036834 0.08381652899489636 0.08301167959941139  
    0.08219874531043052 0.08137814205447101 0.08055028575804991  
    0.07971559234768444 0.07887447774989177 0.07802735789118904  
    0.0771746486980934 0.07631676609712204 0.0754541260147921  
    0.0745871443776207 0.07371623711212508 0.07284182014482234  
    0.07196430940222966 0.07108412081086417 0.07020167029724309  
    0.06931737378788355 0.06843164720930268 0.06754490648801766  
    0.06665756755054568 0.06577004632340384 0.06488275873310938  
    0.06399612070617937 0.06311054816913103 0.06222645704848149  
    0.061344263270747934 0.060464382762447484 0.059587231450097325  
    0.058713225260214615 0.057842780119316504 0.05697631195392017  
    0.056114236690542746 0.05525697025570144 0.054404928575913364  
    0.053558527577695685 0.05271818318756559 0.05188431133204019  
    0.05105732793763669 0.050237648930872195 0.04942569023826393  
    0.04862186778632903 0.04782659750158462 0.04704029531054791  
    0.04626337713973604 0.04549625891566615 0.044739356564855434  
    0.04399308601382103 0.043257863189080106 0.04253410401714981  
    0.041822224424547284 0.04112264033549976 0.04043552393622211  
    0.0398811430193953 0.03988227598588437 
  DENSITY_HE = 0.0 0.0 0.0 0.0 0.0 0.0 0.0 0.0 0.0 0.0 0.0 0.0 0.0 0.0  
    0.0 0.0 0.0 0.0 0.0 0.0 0.0 0.0 0.0 0.0 0.0 0.0 0.0 0.0 0.0 0.0 0.0  
    0.0 0.0 0.0 0.0 0.0 0.0 0.0 0.0 0.0 0.0 0.0 0.0 0.0 0.0 0.0 0.0 0.0  
    0.0 0.0 0.0 0.0 0.0 0.0 0.0 0.0 0.0 0.0 0.0 0.0 0.0 0.0 0.0 0.0 0.0  
    0.0 0.0 0.0 0.0 0.0 0.0 0.0 0.0 0.0 0.0 0.0 0.0 0.0 0.0 0.0 0.0 0.0  
    0.0 0.0 0.0 0.0 0.0 0.0 0.0 0.0 0.0 0.0 0.0 0.0 0.0 0.0 0.0 0.0 0.0  
    0.0 0.0 
  N0 = 0.0 0.0 0.0 0.0 0.0 0.0 0.0 0.0 0.0 0.0 0.0 0.0 0.0 0.0 0.0 0.0  
    0.0 0.0 0.0 0.0 0.0 0.0 0.0 0.0 0.0 0.0 0.0 0.0 0.0 0.0 0.0 0.0 0.0  
    0.0 0.0 0.0 0.0 0.0 0.0 0.0 0.0 0.0 0.0 0.0 0.0 0.0 0.0 0.0 0.0 0.0  
    0.0 0.0 0.0 0.0 0.0 0.0 0.0 0.0 0.0 0.0 0.0 0.0 0.0 0.0 0.0 0.0 0.0  
    0.0 0.0 0.0 0.0 0.0 0.0 0.0 0.0 0.0 0.0 0.0 0.0 0.0 0.0 0.0 0.0 0.0  
    0.0 0.0 0.0 0.0 0.0 0.0 0.0 0.0 0.0 0.0 0.0 0.0 0.0 0.0 0.0 0.0 0.0 
/

&INMETRIC
  IP = 584584.4615 
  BCENTR = 1.792385008 
  RMAJOR = 1.8254792548609875 1.8254678344012278 1.8254333592249412  
    1.8253758214890148 1.8252954483621506 1.8251923719190346  
    1.8250666755303446 1.8249186573537433 1.8247485278591364  
    1.8245565118001768 1.8243429947044816 1.8241082487074767  
    1.8238526427471933 1.8235766217258955 1.8232805329016133  
    1.8229648627117019 1.822630088339217 1.8222766411967493  
    1.8219050703061468 1.8215158842209567 1.821109576200667  
    1.8206867161092222 1.820247836567471 1.8197934451927784  
    1.8193241227709338 1.8188404211474993 1.8183428646696553  
    1.8178320322756627 1.817308437481561 1.8167725428912287  
    1.8162248011688713 1.8156656082771518 1.8150953368265588  
    1.8145143833236448 1.8139231013520576 1.8133218235403068  
    1.8127109057619841 1.8120906716997949 1.8114614273844818  
    1.8108235037723817 1.8101772086605858 1.809522827408216  
    1.8088606758523422 1.8081910529866239 1.807514235381678  
    1.806830521152689 1.8061402075750221 1.8054435679540535  
    1.8047408866524288 1.8040324602221935 1.803318564153627  
    1.8025994713373552 1.8018754775612864 1.8011468654013512  
    1.8004139024872385 1.7996768821249338 1.798936094151591  
    1.7981918128741459 1.797444324831336 1.796693927608839  
    1.7959409081367654 1.7951855511286752 1.7944281612705886  
    1.7936690405269697 1.792908481308337 1.792146791643332  
    1.7913842936212263 1.7906212990185313 1.7898581219245389  
    1.789095096488666 1.7883325615639483 1.7875708541784343  
    1.78681031418783 1.7860513122714765 1.7852942221483044  
    1.7845394173520583 1.7837872763117089 1.7830381858960684  
    1.782292544347279 1.7815507565223252 1.7808132223845783  
    1.7800803887277148 1.7793527073105144 1.7786305978247023  
    1.7779144555649018 1.7772044677607584 1.776500790975615  
    1.7758036820315173 1.775113488470282 1.774430511941338  
    1.773755269672298 1.7730884691446884 1.7724309926057886  
    1.771783752462068 1.7711475059292878 1.7705245135704728  
    1.769918813190548 1.7693365755970314 1.7687880784518413  
    1.768313888157114 1.7679805079177027 
  AMINOR = 0.4598946133755587 
  KAPPA = 1.2678803649666581 1.2679137363421658 1.2680138504686886  
    1.2681087264559412 1.268178141713072 1.2682366878893474  
    1.2683266838465415 1.2684412828485585 1.2685703847433027  
    1.2687142012456611 1.268879981097232 1.2690693513471398  
    1.269279142571988 1.2695085090438922 1.269761927555256  
    1.2700390828887669 1.2703374602929143 1.270658688827005  
    1.2710050715662982 1.271377003309863 1.271774428074881  
    1.2721977914386495 1.272649331434361 1.273129947111132  
    1.2736387934129045 1.2741775423216406 1.2747482677996398  
    1.2753512213262057 1.2759864329353043 1.276655160836529  
    1.2773584866157945 1.2780970203471391 1.278871036894642  
    1.2796815414352252 1.2805297446039137 1.2814163215144094  
    1.2823415474632176 1.283306711727004 1.2843130823454287  
    1.285361286924947 1.2864520435981814 1.28758686818756  
    1.2887669239162178 1.2899931555997772 1.2912666917641127  
    1.2925890644138678 1.2939616756136216 1.295385829463272  
    1.2968629472042996 1.2983947911274432 1.2999831193499498  
    1.301629559193207 1.3033358903439394 1.3051042917145854  
    1.3069369101555215 1.308835749120672 1.3108031720577704  
    1.3128418476578827 1.3149543928393814 1.3171434379708726  
    1.319412076497255 1.321763605686194 1.3242013253336882  
    1.3267287758354616 1.3293499599457048 1.3320690566682762  
    1.334890426116611 1.3378188399748865 1.340859558183965  
    1.3440181082636335 1.3473004261199624 1.350713045928827  
    1.3542630665048874 1.3579580974243197 1.3618064406643982  
    1.3658172345258852 1.3700005720335215 1.3743674831445822  
    1.3789300100576691 1.383701464149845 1.3886966814151642  
    1.393932198533579 1.3994265843305957 1.4052007476320074  
    1.4112784165243593 1.4176870306368756 1.4244580694858973  
    1.4316291718400738 1.4392430245914176 1.4473496567508817  
    1.456011935235581 1.4653113714253658 1.4753506103135443  
    1.4862650102614068 1.4982340062682358 1.5115299889557674  
    1.526580682341494 1.5440290468376607 1.565099850469996  
    1.591486835044904 1.631290229846162 
  DELTA = 0.0 0.0031766498119996465 0.0057292454222456  
    0.008276842380041447 0.010831731907458286 0.013391772723734827  
    0.015951572539235223 0.018514706013084515 0.021081523200613628  
    0.023652009367756514 0.026227589572372215 0.028807295844432385  
    0.031392245019259184 0.033983871520896575 0.03658118260463961  
    0.0391853199111264 0.04179722335881336 0.04441683115128934  
    0.047044918469933625 0.04968194424015337 0.052328467793353484  
    0.0549857868580598 0.05765484360266111 0.06033639862261014  
    0.06303177892295457 0.06574184188608397 0.06846711929632454  
    0.07120853573733045 0.0739666963258221 0.07674297517609563  
    0.07953908248657729 0.08235637402631407 0.08519616121578734  
    0.08806015508937479 0.09094978661585944 0.09386643724833771  
    0.09681165916685605 0.09978700792653847 0.1027940306054196  
    0.10583443622430928 0.108909858813701 0.11202190042490962  
    0.11517238257075019 0.11836304595064046 0.12159571380927199  
    0.12487293981186927 0.1281969335718508 0.13156972564820762  
    0.13499344803411029 0.13847050142680936 0.14200303945565737  
    0.14559354502124638 0.14924460215750757 0.15295902644921913  
    0.15673944715041468 0.16058891336670397 0.16451065448021995  
    0.16850787380626356 0.17258404471359287 0.17674299388450074  
    0.18098880765751654 0.1853255534947524 0.18975785012538013  
    0.19429056896318975 0.19892882387301047 0.203678039174485  
    0.20854416939653786 0.21353367524367667 0.2186535952892969  
    0.2239116067843466 0.2293159421285959 0.23487543455657164  
    0.24059995223524075 0.2465005396540961 0.2525895208315987  
    0.25888064594070703 0.265387734972181 0.272125452972204  
    0.27917466822363907 0.2865005436522111 0.29412235173706214  
    0.30206637516361273 0.310359879127094 0.3190323261879004  
    0.32812023466033374 0.3376779427371696 0.34777272304951046  
    0.3584746217345116 0.36986290450155423 0.38204348695245116  
    0.3951736784960327 0.4094585224564279 0.42510229747777334  
    0.44238512228089916 0.4618227677061113 0.4842296687897846  
    0.5106141443771949 0.5424309288025987 0.5827781496641604  
    0.6361885730748059 0.7187396082684158 
  NRHO = 101 
  RHOB = 0.5812999724022847 
  RHO = 0.0 0.01 0.02 0.03 0.04 0.05 0.06 0.07 0.08 0.09 0.1 0.11 0.12  
    0.13 0.14 0.15 0.16 0.17 0.18 0.19 0.2 0.21 0.22 0.23 0.24 0.25  
    0.26 0.27 0.28 0.29 0.3 0.31 0.32 0.33 0.34 0.35 0.36 0.37 0.38  
    0.39 0.4 0.41 0.42 0.43 0.44 0.45 0.46 0.47 0.48 0.49 0.5 0.51 0.52  
    0.53 0.54 0.55 0.56 0.57 0.58 0.59 0.6 0.61 0.62 0.63 0.64 0.65  
    0.66 0.67 0.68 0.69 0.7 0.71 0.72 0.73 0.74 0.75 0.76 0.77 0.78  
    0.79 0.8 0.81 0.82 0.83 0.84 0.85 0.86 0.87 0.88 0.89 0.9 0.91 0.92  
    0.93 0.94 0.95 0.96 0.97 0.98 0.99 1.0 
  VOLP = 0.0 0.43518811998640206 0.8702654298946476 1.3051213878918053  
    1.7396467783858227 2.1737333726328143 2.6072746439068983  
    3.040167078636627 3.472308571587317 3.9036004123789567  
    4.333947832364994 4.763257904506487 5.1914432229136  
    5.618420004823914 6.0441072050613736 6.468430385900567  
    6.891317434114358 7.31270047713013 7.732518123560779  
    8.150710549229963 8.567222489442631 8.982003653714166  
    9.395004408315817 9.80617939333435 10.215490021837121  
    10.622901224498174 11.02837977692794 11.431887360852816  
    11.833379273358995 12.23281237939447 12.63014601719284  
    13.02533823288368 13.41834968199559 13.809143498036738  
    14.197679790772744 14.583920822754957 14.967830702361896  
    15.349371785784085 15.728506874518967 16.105201244557854  
    16.4794180306874 16.851120149853443 17.220273876250825  
    17.586841734855412 17.95078599813792 18.312072064209737  
    18.670663550495426 19.02652111882429 19.379607650396522  
    19.729886080137344 20.077315423726674 20.421854787407874  
    20.763464802471184 21.102102973170933 21.43772449782345  
    21.770286697669185 22.09974281522974 22.426042530824997  
    22.74913709242015 23.068975843386028 23.38550298635002  
    23.698661612711366 24.008392312906803 24.314631654565027  
    24.61731177813261 24.91636543900282 25.211718511677  
    25.503286891070267 25.790984527708844 26.074720523183817  
    26.35439687948372 26.629903497472533 26.90112203504743  
    27.167929559453704 27.430186465373826 27.68773526154411  
    27.9403968015896 28.18796304536042 28.430194944286356  
    28.666813198981984 28.897494030510217 29.121860926193964  
    29.339453894558837 29.549713483919103 29.75194753918025  
    29.94529277177782 30.128719982606132 30.30099506607068  
    30.460531148339715 30.605326835586464 30.732910325266317  
    30.840187523199063 30.923748023959188 30.979604644713945  
    31.003616528610653 30.98974893851734 30.93332691963889  
    30.81029456296148 30.60815784629593 30.16481186649019  
    29.2842908886318 
  IPOL = 0.9950250311099216 0.995030722322346 0.9950477570847358  
    0.9950760191688661 0.9951153161577211 0.9951653813973362  
    0.9952258767106351 0.9952963958646772 0.9953764688013441  
    0.9954655665929342 0.9955631067957609 0.9956684554242397  
    0.9957809318947879 0.9958998188736614 0.9960243684721273  
    0.9961538108344192 0.9962873627345842 0.9964242320871238  
    0.996563623664726 0.996704749028956 0.9968468385089939  
    0.9969891452202685 0.9971309398361949 0.9972715462163062  
    0.9974103398474582 0.9975465583566718 0.9976794660052557  
    0.9978087515029506 0.9979342464032854 0.9980557472127533  
    0.9981730894189138 0.9982861125346034 0.9983946800935934  
    0.9984986681663892 0.9985979748619276 0.9986925101668986  
    0.9987822011820471 0.9988669925942811 0.9989468458117275  
    0.9990217332360001 0.9990916441419498 0.9991565838574447  
    0.9992165704697795 0.9992716364909271 0.9993218234782689  
    0.9993671926323443 0.9994078110868525 0.9994437627484972  
    0.9994751383007918 0.9995020410506263 0.9995245846176626  
    0.9995428923067933 0.9995570937084148 0.9995673308086376  
    0.999573750850794 0.9995765074910354 0.9995757632290752  
    0.9995716819014697 0.9995644424510116 0.9995542152038313  
    0.999541185078797 0.9995255347982038 0.9995074537293054  
    0.9994871299928217 0.9994647582720553 0.9994405290088947  
    0.9994146370368151 0.9993872793816767 0.9993586511722684  
    0.9993289456592451 0.9992983643994817 0.9992671062671352  
    0.9992353717847622 0.999203368071882 0.999171310184045  
    0.9991394269599687 0.9991079635901574 0.9990771966589023  
    0.9990474452811587 0.9990190894195594 0.9989925902156345  
    0.9989685343015178 0.9989476619167073 0.998930902034024  
    0.9989194220925773 0.9989146140972258 0.9989180912636753  
    0.9989316061330653 0.99895694818533 0.9989958478769125  
    0.9990498944596734 0.9991204089949564 0.9992080414608697  
    0.9993119521639282 0.9994287102394558 0.9995518567381709  
    0.9996726737947454 0.9997825563119214 0.9998768866842984  
    0.9999502349507914 0.9999969118171654 
  G11 = 0.0 0.4308211957483397 0.8616412237445146 1.2926689329500953  
    1.724034391685839 2.155746201594905 2.5877901369805607  
    3.0202794687024213 3.453424622946075 3.887255099813639  
    4.321737138125569 4.757036623560063 5.193222022477374  
    5.630277725424839 6.068294978169148 6.5073349154776565  
    6.947434156111041 7.388662626690221 7.831018473906506  
    8.274563246725137 8.719342657962981 9.165360593627378  
    9.612673306299591 10.061310882225417 10.511280792089678  
    10.96261465601214 11.415335682419357 11.869474743279905  
    12.325087165904975 12.782230979619088 13.24097126887252  
    13.70136496206174 14.163438483124061 14.627253977792119  
    15.09293312675719 15.56046907893156 16.0299295290813  
    16.501458616715446 16.975023640710923 17.450785203794762  
    17.928769365150444 18.40909157988101 18.891833057569663  
    19.37705052973618 19.864930747514116 20.35544763677258  
    20.848861503077398 21.345188411630357 21.84453333440012  
    22.347192817743018 22.853134949823396 23.362538264649075  
    23.875720968425384 24.39271854322412 24.91369429455646  
    25.43896432213454 25.96877800743806 26.50326879601364  
    27.0426680417773 27.58737121753537 28.137713219930788  
    28.69397749197237 29.25641866503018 29.825516620692515  
    30.401792957437927 30.985744269961607 31.57776989940976  
    32.17836457275738 32.78832178594254 33.40841017799677  
    34.039482385221994 34.6821526151286 35.337359664782184  
    36.00647638349609 36.69092090097712 37.39165527056562  
    38.11009801735848 38.84885269759087 39.61011791045117  
    40.39539673288378 41.20830037191249 42.05335666214888  
    42.93243270576478 43.85305273887304 44.820606562761846  
    45.84260819088826 46.930601556567005 48.095406067842255  
    49.35316788031049 50.7283707740076 52.242707812662815  
    53.94349417926576 55.88467901513278 58.11363708868233  
    60.772682840516644 63.96879735862631 68.13956458468748  
    73.03483319318767 83.46867626544473 116.92866339275704  
    261.1627636192676 
  G22 = 0.0 0.005783234713675336 0.011566592784154986  
    0.017353019332130418 0.023144407932672487 0.028941017652102965  
    0.03474280914147753 0.04055147064961612 0.04636998369223806  
    0.05219892087793798 0.05803801944394599 0.06388968436454001  
    0.06975505516226609 0.07563413856580546 0.08152836844806739  
    0.08743882910256597 0.0933662525365693 0.09931182840510366  
    0.10527582677146488 0.11125934207957844 0.11726328074906037  
    0.12328800872625079 0.1293345514646934 0.13540362490141125  
    0.14149570659101815 0.14761155940201628 0.1537518251013814  
    0.15991722052147775 0.16610868531753187 0.17232720028802104  
    0.1785738802684348 0.1848497031585601 0.19115527279080663  
    0.1974916908577395 0.20386080707946114 0.21026278342343863  
    0.21669880990540008 0.22317104978581692 0.229679301200401  
    0.23622603203074805 0.24281182613488123 0.249438475162259  
    0.25610737587586124 0.2628195414843564 0.26957772934925484  
    0.2763818705128101 0.2832357655219284 0.29013985933859965  
    0.2970958482001645 0.30410803136849957 0.3111761990963319  
    0.31830303619123396 0.3254931554670729 0.3327472586642306  
    0.34006780568812695 0.34745940486731797 0.3549256789850511  
    0.3624686257930581 0.3700916830912638 0.37780051571957723  
    0.3855998785839514 0.3934938564183116 0.40148618292167826  
    0.4095836184589571 0.4177934603844634 0.4261227685745762  
    0.43457722104823865 0.4431636816916894 0.4518931769941293  
    0.4607764344919287 0.46982531816585577 0.4790482953967411  
    0.4884583353001843 0.4980744913922405 0.5079162845571057  
    0.5179967948847858 0.5283353130261554 0.5389672990648822  
    0.5499224375444085 0.5612205080483957 0.5729102352976687  
    0.5850526094853379 0.5976704275196161 0.6108637411441228  
    0.6247007657758429 0.639277092955866 0.6547433126138812  
    0.6712390197239215 0.6889733911820759 0.7082660090197196  
    0.7293890462068935 0.7529606051949356 0.7796906743535796  
    0.8101980486491637 0.8464420336990213 0.8899061410252843  
    0.9467644119841364 1.0134410414808983 1.1570298326524195  
    1.6185209893672339 3.618592358553113 
  G33 = 0.9358738621769777 0.9359081515400387 0.9360112941367656  
    0.936183187227295 0.9364233872789597 0.9367317008927204  
    0.937107803106085 0.9375509945369122 0.9380609221516252  
    0.9386369544679479 0.9392782364362124 0.9399842350534704  
    0.9407539639708116 0.9415864877029662 0.9424810536434938  
    0.9434364702524246 0.9444518274179967 0.9455261731080754  
    0.9466582457819035 0.9478471128999388 0.9490917466823289  
    0.950390996538263 0.9517440493024442 0.953149967450147  
    0.9546074689746357 0.9561154583314997 0.9576730006728161  
    0.9592794796442915 0.9609348609826969 0.9626391151797443  
    0.9643920904654054 0.966193834634746 0.9680442605423261  
    0.9699431932598644 0.9718907374603077 0.9738869147177921  
    0.9759316734825141 0.9780251389902467 0.9801674455470977  
    0.9823586224095214 0.984598871567876 0.9868884324590331  
    0.9892273891316851 0.9916160703239949 0.9940548396398206  
    0.996543906292872 0.9990836077875997 1.001674446991426  
    1.0043168303149277 1.007011174206044 1.0097581017892279  
    1.0125582457650968 1.0154121659725304 1.0183205820193129  
    1.0212843294275156 1.0243041476514658 1.027380961497668  
    1.0305158766450382 1.0337099041671123 1.0369641609477078  
    1.0402799766969117 1.0436587372487485 1.0471019265214379  
    1.050611206328617 1.0541884107490946 1.0578353531534275  
    1.0615541287619117 1.0653472460185553 1.069217281011221  
    1.0731670017499708 1.077199458379306 1.0813181799288625  
    1.0855270218321693 1.089830005487106 1.0942318035084586  
    1.0987377804036509 1.1033541278853618 1.1080881344736482  
    1.1129482427613115 1.11794439347407 1.123088162360824  
    1.1283930351229514 1.13387557705369 1.1395560147403871  
    1.1454594949135308 1.151617621961754 1.1580683648471672  
    1.1648578045608196 1.1720462105707312 1.1797109460890745  
    1.187949425314966 1.1968862081723637 1.2066632740903969  
    1.2174533044933835 1.2294475287995477 1.2429296453186074  
    1.2581520175129417 1.2761939333171133 1.297743041138492  
    1.330155904090894 1.3839263916905054 
  GRADRHO = 0.9984700684996662 0.9915392950004787 0.991572313093255  
    0.991711824598337 0.9919367912614955 0.9922097116473901  
    0.9925131877654937 0.992865649355685 0.9932886727659224  
    0.9937691690986666 0.9942919773637652 0.9948695034653368  
    0.9955011812665924 0.996177675749916 0.9969005559600468  
    0.9976703568563092 0.9984851576032524 0.9993444239672242  
    1.0002436655700857 1.0011835685536272 1.002163602674323  
    1.0031804975457672 1.004233809069809 1.0053228766781293  
    1.0064460364699774 1.0076017046577512 1.008788474956623  
    1.0100062293856298 1.0112552010862341 1.012535256237014  
    1.0138468379371157 1.015190248930713 1.0165645602438829  
    1.017969834503943 1.01940811573861 1.0208774545096793  
    1.0223782629433942 1.0239127497586513 1.0254778546868106  
    1.0270768754388264 1.028708409020118 1.0303734501884652  
    1.0320723350687386 1.033804703187785 1.0355732715319796  
    1.0373750004877715 1.03921441364774 1.0410896519076953  
    1.0430008922954315 1.0449526115308183 1.0469414887469817  
    1.0489692143524478 1.0510401118340846 1.0531518164515878  
    1.0553050328198883 1.0575035155622996 1.0597489275353251  
    1.0620403031592454 1.064378858775938 1.0667686136116867  
    1.0692116542580372 1.0717088841243303 1.0742605911120289  
    1.0768705899221134 1.0795427381420932 1.082280126360372  
    1.0850836138287487 1.0879549053133735 1.0909000444566184  
    1.0939239737845867 1.0970320061739698 1.1002244171359157  
    1.1035058143052354 1.106886401335248 1.1103752284743267  
    1.1139725520759225 1.1176838201256203 1.1215294897959471  
    1.125520914580882 1.1296566682081803 1.1339614699216005  
    1.1384670666728671 1.1431630332507488 1.148107204129704  
    1.1533170906596277 1.1588272162877433 1.1647070661326062  
    1.1709957160049886 1.1777703648074154 1.1851673549273265  
    1.1932241140363649 1.2021968318998912 1.2122993749296738  
    1.2235058208285712 1.2365856007179061 1.2514028003863833  
    1.2707403190186233 1.2884667266364738 1.3409428313554381  
    1.5114032896200644 2.043917792877349 
  AREA = 0.0 0.43146129506654407 0.8629303500604424 1.2943453326407768  
    1.725649031498282 2.1567975220816105 2.5877710608233566  
    3.0185449507824664 3.4490819766385448 3.879341646281839  
    4.3092973037284015 4.738920632456642 5.16817905833892  
    5.597043129230777 6.02548768544913 6.453486004779617  
    6.881012115414745 7.308040483209902 7.734548997887228  
    8.160516617357084 8.585921724370133 9.010744556869787  
    9.434967505200987 9.858573497909704 10.281545787964928  
    10.703869326626428 11.125531105816705 11.546518688111165  
    11.966819394581314 12.386421268818511 12.805313087951253  
    13.223483719220587 13.640922216461972 14.057618720082875  
    14.473563618251362 14.888747335465835 15.303161525638995  
    15.716797426114018 16.129647504898696 16.54170508601942  
    16.95296224917475 17.363413845312838 17.773053323089158  
    18.1818765972552 18.589878025630416 18.997054173197704  
    19.403402006723354 19.808917950499854 20.2136008353992  
    20.617448701750384 21.020460735982784 21.42263786503652  
    21.823980327885128 22.2244895010935 22.62416894044854  
    23.023022043426288 23.421052965090418 23.818267240591215  
    24.214672642905644 24.61027717556891 25.005090063093323  
    25.3991220974219 25.792386404832214 26.184897915245273  
    26.57667286158782 26.967729588665218 27.358088764025045  
    27.747774756066832 28.136814523554403 28.52523764088067  
    28.91307702926481 29.300369876902334 29.687159885576328  
    30.07349430396608 30.459425515719442 30.845012314669482  
    31.230324616580873 31.61543838637089 32.00043748536581  
    32.38541980174332 32.77049987333564 33.155800820449485  
    33.541468097724255 33.92767468453317 34.3146058324236  
    34.70249812054482 35.09161285193187 35.4822781757465  
    35.874892177530675 36.26995205037975 36.668084148668754  
    37.07014247588777 37.47718665616295 37.89077992317062  
    38.313135811353646 38.747462979810116 39.19895721348181  
    39.676241088478406 40.195950660031684 40.77281757838342  
    41.50900744385508 
  RMINOR = 0.0 0.005261411602392241 0.010522712264556588  
    0.015783329588560657 0.021043017999342495 0.026301559883123327  
    0.0315585335603118 0.036813725983791956 0.04206680829723408  
    0.04731741128708855 0.052565295836497716 0.05781009914741786  
    0.06305149438596425 0.06828923843631673 0.07352299067327195  
    0.07875245514174556 0.08397738694305512 0.0891974506222395  
    0.09441237573937533 0.09962187391333743 0.10482560738177626  
    0.11002334869210428 0.11521478672422047 0.12039959607067885  
    0.12557753826844642 0.1307482973526598 0.1359115520795512  
    0.14106704904872958 0.1462145013214271 0.151353611181403  
    0.15648409856515777 0.16160565119258197 0.16671796733393673  
    0.1718207722534254 0.17691374538985705 0.18199656202942815  
    0.18706894420357112 0.19213056485126556 0.1971810819055786  
    0.20222019210800657 0.2072475563350593 0.21226283035773552  
    0.21726566513793344 0.22225572286361073 0.22723262120273846  
    0.23219600486572545 0.23714549974724353 0.24208069651651354  
    0.24700121330972746 0.2519066432816647 0.2567965497861028  
    0.261670505732695 0.26652807447938887 0.27136878410738297  
    0.2761921554321546 0.2809977072691402 0.28578493024867213  
    0.290553281908278 0.29530222385326865 0.30003120005508477  
    0.30473961161352636 0.30942682902618346 0.3140922271906075  
    0.31873514794069013 0.32335488241392685 0.327950697639697  
    0.3325218344290165 0.33706749933130875 0.34158684375102033  
    0.3460789860987895 0.3505429957614127 0.35497788078553427  
    0.35938261631799484 0.3637561081319214 0.3680971832194062  
    0.3724045853195731 0.3766770059796424 0.38091302321136866  
    0.3851110882310753 0.3892695638159329 0.3933867437234839  
    0.397460694806815 0.4014893580069425 0.4054705594232004  
    0.4094016078342815 0.41327957186757025 0.4171010970481783  
    0.42086249763138983 0.42455959562806034 0.4281877257182033  
    0.43174138721075317 0.4352144468645799 0.4385992277307448  
    0.4418867004081666 0.44506449603032394 0.44811616777470764  
    0.4510215678120004 0.4537542390779631 0.4562730788270466  
    0.4584102120035566 0.4598946133755587 
  SHIFT = 0.05950014886098742 0.059488728401227764 0.059454253224941134  
    0.059396715489014706 0.059316342362150554 0.05921326591903453  
    0.05908756953034455 0.05893955135374318 0.05876942185913636  
    0.058577405800176674 0.058363888704481504 0.0581291427074766  
    0.0578735367471932 0.05759751572589544 0.05730142690161322  
    0.05698575671170181 0.05665098233921695 0.05629753519674918  
    0.055925964306146714 0.055536778220956595 0.05513047020066697  
    0.05470761010922209 0.054268730567470946 0.05381433919277834  
    0.05334501677093373 0.052861315147499255 0.05236375866965526  
    0.051852926275662625 0.051329331481560825 0.050793436891228616  
    0.05024569516887123 0.04968650227715177 0.04911623082655869  
    0.04853527732364471 0.04794399535205751 0.04734271754030672  
    0.04673179976198405 0.0461115656997948 0.045482321384481716  
    0.04484439777238158 0.04419810266058577 0.04354372140821594  
    0.04288156985234215 0.04221194698662378 0.041535129381677915  
    0.040851415152688864 0.04016110157502206 0.0394644619540534  
    0.038761780652428746 0.03805335422219347 0.037339458153626826  
    0.03662036533735513 0.03589637156128633 0.035167759401351084  
    0.03443479648723846 0.03369777612493374 0.03295698815159098  
    0.03221270687414579 0.03146521883133602 0.03071482160883887  
    0.02996180213676536 0.029206445128675096 0.028449055270588497  
    0.02768993452696966 0.026929375308336834 0.02616768564333194  
    0.025405187621226233 0.02464219301853121 0.023879015924538782  
    0.02311599048866597 0.022353455563948188 0.021591748178434234  
    0.020831208187829908 0.020072206271476434 0.01931511614830428  
    0.018560311352058267 0.017808170311708782 0.017059079896068363  
    0.01631343834727894 0.01557165052232512 0.014834116384578211  
    0.014101282727714715 0.01337360131051435 0.012651491824702266  
    0.01193534956490172 0.011225361760758279 0.010521684975614898  
    0.009824576031517207 0.009134382470281865 0.008451405941337864  
    0.007776163672297942 0.007109363144688352 0.006451886605788548  
    0.005804646462068019 0.005168399929287748 0.004545407570472726  
    0.003939707190547814 0.003357469597031315 0.0028089724518411963  
    0.0023347821571140237 0.0020014019177025943 
  PMHD = 73704.77809 73672.54061515731 73575.9470367595  
    73415.35308478631 73191.3490855344 72904.75604211303  
    72556.62017440241 72148.20588141546 71680.98694671868  
    71156.63606728803 70577.01311502521 69944.1491856884  
    69260.22593684848 68527.55519636895 67748.56850242501  
    66925.8014891514 66061.86823295313 65159.44600417179  
    64221.26187845843 63250.06873106628 62248.62081492382  
    61219.65175768431 60165.89340670858 59089.979594192715  
    57994.46032135864 56882.25330894187 55756.24227553454  
    54618.30514424715 53469.981849875185 52312.92493448413  
    51148.72571967189 49978.96028980266 48805.17425502957  
    47628.88627080849 46451.58511334614 45274.72893080348  
    44099.741352736775 42928.014060931746 41760.90336817222  
    40599.72767545707 39445.7707036756 38300.27408184652  
    37164.44400732427 36039.44261180845 34926.39421519416  
    33826.37915679868 32740.435999876234 31669.56041066321  
    30614.70309844155 29576.77209406143 28556.63016979963  
    27555.094593921473 26572.937920100874 25610.887459896316  
    24669.624103170278 23749.783256445633 22851.954497335515  
    21976.68174348667 21124.462163700868 20295.748165062505  
    19490.94577819181 18710.4155442527 17954.472631700544  
    17223.386171554346 16517.380685628585 15836.63437725577  
    15181.280142709444 14551.404216935676 13947.045755055604  
    13368.195880943042 12814.794541793517 12286.72863767815  
    11783.826338842891 11305.850676014827 10852.490048233505  
    10423.34323115002 10017.897311533994 9635.501568064443  
    9275.321915709 8936.284999480968 8617.002873041489 8315.67236427498  
    8029.956070070362 7756.859013832026 7492.624111013411  
    7232.6636267170215 6971.63314217542 6703.611398999929  
    6422.380378594695 6121.70008038625 5795.538619725586  
    5438.426058731598 5046.723760305722 4621.122826006897  
    4170.309442683234 3712.5968498364314 3273.856433391237  
    2880.158690945162 2545.395008796688 2287.267991659748  
    2124.1235152117424 
  QMHD = 1.1715671999708601 1.1717145442464358 1.1721570253126894  
    1.172895966969104 1.1739335053980988 1.1752724850674283  
    1.176916314367625 1.1788687826747493 1.18113384169612  
    1.183715353255239 1.1866164879762493 1.1898330134824988  
    1.1933495206865392 1.1971562624905931 1.2012599739392296  
    1.2056585672956266 1.2103421744709155 1.2153170569097758  
    1.2205885347382435 1.2261526366122708 1.2320022895453768  
    1.2381471561491124 1.2445894731074343 1.251327951270892  
    1.2583632512106482 1.2656991288801325 1.2733408665907247  
    1.2812897587398953 1.289548272787458 1.2981268464019065  
    1.3070327854726522 1.3162683606978467 1.3258394023488111  
    1.3357574971635502 1.346030076867939 1.3566630530746715  
    1.3676652557032387 1.3790485539138593 1.3908226966471964  
    1.4029967916578843 1.4155808879150775 1.4285901855875123  
    1.4420365622944031 1.455931456538106 1.47028852156031  
    1.4851256795913717 1.5004579515603655 1.5162999350974895  
    1.5326705123571887 1.5495902610904577 1.5670780143149878  
    1.585153155066982 1.6038398520057673 1.6231630156644485  
    1.6431469914950303 1.6638180932353814 1.6852067645488058  
    1.707343495887252 1.7302606967334562 1.7539931849207133  
    1.7785797022340404 1.8040610377504451 1.8304794755114682  
    1.8578817552911786 1.8863186746931522 1.9158447281291495  
    1.9465182489809467 1.978403442563186 2.011569546655815  
    2.0460913528062368 2.082049621826637 2.119535342754579  
    2.15864859413115 2.1994986083410093 2.2422062311412696  
    2.286906943249624 2.333751127042288 2.3829073436691552  
    2.434563478661464 2.4889334488485817 2.546269703381007  
    2.6068606391871687 2.671045726207989 2.739241849117538  
    2.811935553840875 2.8897247565050455 2.9733593779794645  
    3.063732765448232 3.16194862147994 3.2694097289070214  
    3.3879317445772097 3.519987827754586 3.668994838500552  
    3.8398231233153344 4.039265850228086 4.281041741180116  
    4.564172569074964 5.001393409242305 5.352164103639856  
    7.028461880454087 10.447187338100912 
  ER = 0.0 0.0 0.0 0.0 0.0 0.0 0.0 0.0 0.0 0.0 0.0 0.0 0.0 0.0 0.0 0.0  
    0.0 0.0 0.0 0.0 0.0 0.0 0.0 0.0 0.0 0.0 0.0 0.0 0.0 0.0 0.0 0.0 0.0  
    0.0 0.0 0.0 0.0 0.0 0.0 0.0 0.0 0.0 0.0 0.0 0.0 0.0 0.0 0.0 0.0 0.0  
    0.0 0.0 0.0 0.0 0.0 0.0 0.0 0.0 0.0 0.0 0.0 0.0 0.0 0.0 0.0 0.0 0.0  
    0.0 0.0 0.0 0.0 0.0 0.0 0.0 0.0 0.0 0.0 0.0 0.0 0.0 0.0 0.0 0.0 0.0  
    0.0 0.0 0.0 0.0 0.0 0.0 0.0 0.0 0.0 0.0 0.0 0.0 0.0 0.0 0.0 0.0 0.0 
  NC1 = 0.9985000575701648 0.9329271470001327 0.9080815977566538  
    0.8900715014300696 0.8755608765686984 0.8632640564793653  
    0.8525240859400035 0.842952496048002 0.8342979569176722  
    0.8263856287194429 0.8190883277141441 0.8123112794458135  
    0.8059805657682116 0.8000374385018951 0.7944344964365095  
    0.7891326829304779 0.7840997605938711 0.7793081593973353  
    0.7747342078655832 0.7703580301443328 0.7661623405611456  
    0.762131707578543 0.7582528588991547 0.7545142438880552  
    0.7509050724636487 0.7474157695068557 0.7440380019495194  
    0.7407646434377619 0.7375897324666464 0.7345077453463865  
    0.7315135280598654 0.728602585615722 0.7257706045286978  
    0.7230134374332965 0.7203275417721186 0.7177096492428571  
    0.7151565973461391 0.7126654790396296 0.7102336610260284  
    0.7078587276996139 0.7055384262035912 0.7032705955918473  
    0.701053222418796 0.6988845934854867 0.696763068225479  
    0.6946869418132754 0.6926547807142898 0.6906653421453742  
    0.6887173317123139 0.6868095191794006 0.6849409051173231  
    0.6831105817460411 0.6813175669325526 0.6795610217423208  
    0.6778402608999019 0.6761545688925941 0.6745033257413918  
    0.6728860083312465 0.6713021422391557 0.6697513052981577  
    0.6682331241576398 0.6667473177087595 0.6652936582558949  
    0.6638719913878192 0.6624822203846883 0.6611242453718834  
    0.6597981123620581 0.6585039524648211 0.6572419355261198  
    0.6560123461902571 0.6548154945083547 0.6536518461671573  
    0.6525219112756244 0.6514262503024693 0.6503656682318595  
    0.6493410363022947 0.6483534977667714 0.6474045371677349  
    0.6464958036210863 0.6456295419735179 0.6448082176152767  
    0.6440345658572487 0.6433125555055277 0.6426464859630592  
    0.6420416540539554 0.6415061247759661 0.6410483260523326  
    0.6406776153451719 0.640408514944339 0.6402584620613415  
    0.6402467971151667 0.6404017822310356 0.6407523909795402  
    0.6413279214797375 0.6421575003582535 0.643275645001072  
    0.6447283234640659 0.6466878831488639 0.6493131074862779  
    0.6538136582549611 0.6625575175587394 
  HFAC1 = 0.9999999999994764 0.9971268563105131 0.9942719180866396  
    0.9914354093222714 0.9886173122177326 0.9858176570864818  
    0.9830364676388592 0.9802735639619914 0.9775289513130748  
    0.9748024934357378 0.9720939360479757 0.9694031895321826  
    0.9667299356675061 0.9640738730776534 0.9614347694079903  
    0.9588122083413319 0.9562058867947508 0.953615465139299  
    0.9510404801901027 0.9484806146423564 0.9459355180105706  
    0.9434047502991937 0.9408880509788242 0.9383851141160583  
    0.9358954108539014 0.9334185470921817 0.9309542231825928  
    0.9285022772603259 0.9260628437014404 0.9236360395515198  
    0.9212218967399063 0.9188205360658531 0.9164319804833574  
    0.9140561938609689 0.9116932975821236 0.909343357911986  
    0.9070063835831322 0.9046824785723637 0.9023717468171207  
    0.9000742438662673 0.897790110331639 0.8955194859131971  
    0.893262460354107 0.8910192336867676 0.8887900340427629  
    0.8865749948124302 0.884374337802391 0.8821883727887699  
    0.8800173452652791 0.8778615286152511 0.8757213021860532  
    0.8735970494508288 0.8714891222257827 0.8693979699854087  
    0.8673240968254218 0.8652679661640221 0.8632301494566548  
    0.8612113042446153 0.8592120531293493 0.8572330828824108  
    0.8552751844493915 0.8533391989369296 0.851426005729325  
    0.8495365859547311 0.847672020637282 0.8458333835509136  
    0.8440218983465253 0.8422389655989573 0.8404860485450204  
    0.8387647256187659 0.8370766947891692 0.8354238881908389  
    0.833808364433859 0.8322322906225792 0.8306981669362226  
    0.8292087659040509 0.8277672212689259 0.8263771737104016  
    0.8250427044096638 0.8237685784343755 0.822560149519906  
    0.8214235135389698 0.8203661797566152 0.8193968861533119  
    0.8185263141440323 0.8177679685800571 0.81713739811507  
    0.8166526684076182 0.8163378735509352 0.8162230313086325  
    0.8163449774432042 0.8167515864396377 0.8174967991915222  
    0.8186439206486573 0.8202622497819689 0.8224544411601328  
    0.825313529460504 0.8292261784745231 0.8344332811744617  
    0.8435773650777982 0.8602007981966319 
  HFAC2 = 0.9999999999999953 0.9942660970502151 0.98859306870243  
    0.9829809014628755 0.9774291010953732 0.9719372671780945  
    0.9665049826867189 0.9611314394690432 0.9558161969002497  
    0.9505585351306204 0.9453575084444295 0.9402125019976969  
    0.9351224669287496 0.9300863911694505 0.925103400048548  
    0.9201722848880701 0.915292065065837 0.9104616892558458  
    0.9056798849401733 0.9009456749462144 0.8962580291736078  
    0.8916157544446343 0.8870180006815077 0.8824638558517605  
    0.8779520025078191 0.8734813701942387 0.8690510808582651  
    0.8646605347625659 0.8603096759730274 0.855998408907833  
    0.8517264871302014 0.8474938352559982 0.8433001982407222  
    0.8391452074589445 0.8350287836877385 0.830950761131185  
    0.826910867178541 0.8229089879377866 0.8189450198757989  
    0.8150187858346949 0.811130246872425 0.8072793561067735  
    0.8034659895689031 0.79969022228125 0.7959521661408117  
    0.792251762174915 0.7885891138794875 0.7849644771044447  
    0.7813779861033541 0.777829815491088 0.774320326824952  
    0.7708498896327737 0.7674188025045444 0.7640275196953354  
    0.7606765965314466 0.7573665116561475 0.7540979068752873  
    0.7508715599713557 0.7476881933296774 0.7445486232645833  
    0.741453815322817 0.738404813523866 0.735402722828927  
    0.7324487915286533 0.7295444106686324 0.7266909515622948  
    0.7238900195435194 0.7211434809169196 0.7184532785562623  
    0.7158215325129776 0.71325052833802 0.710742900696809  
    0.7083014650313064 0.7059291817165131 0.7036295137719043  
    0.7014063173045 0.6992639967087539 0.6972077341498958  
    0.6952433690469655 0.6933778056401276 0.6916188306416088  
    0.6899753234076259 0.6884583543506696 0.6870808195450943  
    0.685858524783058 0.6848117869112147 0.6839640614127749  
    0.6833426663279069 0.6829844853400183 0.682935575547898  
    0.6832520066363024 0.6840071762539801 0.6852836247007775  
    0.687177778700659 0.6897953729317899 0.6932915364801002  
    0.6978130200262737 0.7039542718370158 0.712111636144432  
    0.7263624037547532 0.7525378815613835 
  PSI = 0.0 2.5847917509592843e-05 0.00010337209575195294  
    0.00023251379732148537 0.0004131749773191014 0.0006452181324418408  
    0.0009284660900804644 0.0012627017870060799 0.0016476682095896721  
    0.0020830684813827327 0.002568565832417999 0.0031037859528047686  
    0.0036883224769848916 0.004321741619414722 0.005003577747166994  
    0.005733332588377485 0.006510482691853307 0.007334477379956274  
    0.008204734478672895 0.009120646159816696 0.010081583744083727  
    0.011086895075718445 0.012135900475836493 0.013227899575714627  
    0.014362172455560259 0.01553797959758904 0.016754559998247827  
    0.018011133853035766 0.019306905272549406 0.020641059086480132  
    0.02201275738815788 0.023421146104616312 0.02486535855000179  
    0.02634451004762623 0.027857695807920933 0.02940399681687205  
    0.03098248478778035 0.0325922107396626 0.03423221249424624  
    0.03590151751877664 0.03759913654986055 0.03932407411008003  
    0.04107531218406636 0.04285183179798106 0.04465259660437179  
    0.046476563348133326 0.04832267524431426 0.050189863817801994  
    0.05207706042602482 0.053983176943279504 0.05590711755842315  
    0.05784778633435138 0.05980407202014691 0.06177485375618181  
    0.06375900982911589 0.0657554081916672 0.06776290709162741  
    0.06978035797616305 0.07180661152393752 0.07384050802453357  
    0.07588087941340502 0.07792655019774869 0.07997634257224993  
    0.08202907398843431 0.08408355048191987 0.08613857085170079  
    0.08819292664564775 0.09024540802376119 0.09229479480631601  
    0.09433985503502373 0.09637934805877615 0.09841202430662768  
    0.10043663204255651 0.10245189788976153 0.1044565312170952  
    0.10644922405579035 0.10842866778727309 0.1103935195985298  
    0.11234240289331934 0.11427392717241161 0.11618668260861778  
    0.11807917831016965 0.11994989147001574 0.12179725589742132  
    0.12361954833633573 0.12541503261854187 0.12718175522838865  
    0.1289176474701573 0.13062044106459042 0.1322876495770169  
    0.13391646866050294 0.13550385042065585 0.13704597990913345  
    0.13853863974050468 0.13997665586454666 0.14135327856422777  
    0.14266023557466528 0.14388640549277623 0.14501411950662407  
    0.1459691873759556 0.1466315697852485 
  VOL = 0.0 0.0012646880586828068 0.005058885567642955  
    0.011381875228539043 0.020231868223226437 0.03160635047515888  
    0.04550258457528325 0.061917372524637 0.080846636460295  
    0.1022854228620349 0.1262286483777979 0.1526706339176181  
    0.18160494922233467 0.213024797178764 0.24692303507334684  
    0.283291907797668 0.32212329870360046 0.36340859309749773  
    0.40713888665277076 0.4533049682464436 0.5018971667305174  
    0.5529055746915779 0.6063200177395085 0.6621300056747159  
    0.7203248011763199 0.7808934605927329 0.8438248547048033  
    0.9091076589714311 0.9767302740500998 1.0466808678396022  
    1.118947355839753 1.1935173909440264 1.2703784087108951  
    1.3495176957230384 1.4309222181513501 1.514578671677792  
    1.6004737501104596 1.6885936892650764 1.7789246164685304  
    1.87145258017507 1.9661630747089378 2.0630418297585003  
    2.1620738868561222 2.263244582184794 2.3665385614615575  
    2.471940597030631 2.5794351799140216 2.6890063273950275  
    2.8006383298654214 2.9143147937792255 3.0300192021193384  
    3.147735147605569 3.2674455651211325 3.3891331669661406  
    3.5127808081903806 3.638370806791039 3.765885112728072  
    3.8953054417862867 4.026613577337306 4.1597907220550745  
    4.294817678000979 4.431674910614195 4.570342804827908  
    4.710801434294586 4.853030220819457 4.997008146739838  
    5.142713771950198 5.29012563366755 5.439221626430352  
    5.58997886738846 5.742373818494025 5.8963823885581785  
    6.051980590120744 6.209143086763149 6.367843473171392  
    6.5280543732959515 6.689748895555573 6.852897952334858  
    7.01747028251954 7.18343413067425 7.350757351172642  
    7.519402561621613 7.689331508171767 7.860505494259046  
    8.032875660267933 8.206396806917038 8.381010684780408  
    8.556656935788528 8.733265146633318 8.910754722698087  
    9.089027400875608 9.267982753046914 9.447468701057947  
    9.627344917330333 9.807436219276 9.987489200937732  
    10.167229655175564 10.346246376826773 10.523751232092069  
    10.690617632720736 10.8304121785856 
  GR2I = 0.3000871378229726 0.30009813084911036 0.30013120018878897  
    0.30018631364431 0.30026332927066957 0.3003621846167794  
    0.3004827757053331 0.3006248790266778 0.3007883817805612  
    0.30097308084809093 0.30117870066607616 0.3014050699210499  
    0.3016518733043986 0.3019188118141154 0.30220564412128936  
    0.3025119873983628 0.3028375493724135 0.30318202546351514  
    0.3035450115431363 0.30392620807431514 0.3043252854859063  
    0.3047418753630246 0.3051757167941969 0.3056265084602964  
    0.30609383917018207 0.3065773584103416 0.30707676697517483  
    0.30759186698332625 0.3081226471799996 0.3086690980677199  
    0.30923117080510487 0.30980888053238465 0.31040219938359104  
    0.31101107147456586 0.311635530503453 0.3122755834457999  
    0.31293121369334936 0.3136024612950473 0.31428936946367314  
    0.314991947752827 0.3157102606937137 0.31644438465491814  
    0.3171943466751497 0.31796025253869087 0.31874221884084597  
    0.31954031229199464 0.3203546411103224 0.3211853671777376  
    0.3220326209398621 0.3228965353419206 0.32377730987365405  
    0.3246751478017379 0.32559022873282095 0.3265227829468458  
    0.32747307869083864 0.3284413537229893 0.3294279042317322  
    0.33043308373994407 0.3314572163595788 0.3325006613239494  
    0.33356384571012165 0.3346472133697022 0.33575123906761645  
    0.3368764553519028 0.33802345109618814 0.3391928084312722  
    0.340385199064269 0.3416014268264401 0.34284231751753225  
    0.3441087587627366 0.3454017285787421 0.34672235851623967  
    0.3480718849819299 0.3494515977711874 0.35086299520226777  
    0.35230779716756977 0.35378798868726435 0.35530590657159394  
    0.3568642578931974 0.3584662304083982 0.360115536054612  
    0.361816498398729 0.3635744286115844 0.3653958123895227  
    0.3672887129818243 0.36926326432427586 0.37133164132181007  
    0.373508619765719 0.37581352450610006 0.3782711602570128  
    0.3809127601784875 0.3837782621557113 0.3869131922362993  
    0.3903729252209932 0.3942187972608031 0.39854179812952667  
    0.40342289688433347 0.409208141058247 0.4161179785327477  
    0.42651125951205826 0.44375229454859777 
  BP2 = 2.1733725930062064e-12 2.3490317023089347e-05  
    9.390329913250284e-05 0.0002110991171018206 0.0003748493145336873  
    0.0005848024116841266 0.0008404816007518967 0.001141334238859315  
    0.0014867533068563255 0.0018759659443703391 0.0023080561298081115  
    0.0027821382208821355 0.0032972656610441575 0.0038523627859050613  
    0.00444627923090124 0.005077826930893536 0.005745784537063869  
    0.006448804424810106 0.007185406760974455 0.0079542089525928  
    0.008753782284495859 0.009582493306553364 0.010438727831510342  
    0.011320891702506053 0.012227312654318201 0.01315626087710342  
    0.014105941084659346 0.01507461612725125 0.016060542550026202  
    0.017061809413217333 0.018076513523589632 0.01910290166944506  
    0.020139107804376444 0.021183128756836478 0.02223306406311254  
    0.023287068344711948 0.024343209131711063 0.025399519424923245  
    0.026454066950896138 0.027504989446526018 0.02855041174445505  
    0.029588352166896037 0.030616916214980527 0.031634323193936  
    0.03263874243395781 0.033628237063461075 0.03460101839937835  
    0.03555541086981728 0.036489626730219715 0.03740186519896671  
    0.038290502778098645 0.03915396468816246 0.039990573400758844  
    0.04079872110261906 0.041576946656218805 0.04232377490032091  
    0.04303772566931263 0.0437174247452381 0.04436155838047595  
    0.044968842433306566 0.04553801546644953 0.046067873861994624  
    0.04655732717652139 0.047005313099522716 0.04741080054565394  
    0.04777281742124195 0.04809043083751874 0.04836279643028396  
    0.048589116141394495 0.04876868651105326 0.04890086708374408  
    0.04898499109587329 0.049020403510096955 0.04900652363166058  
    0.04894282352517809 0.04882877881842118 0.04866394321603229  
    0.0484479295224407 0.04818045249130298 0.04786120469105182  
    0.04748961744744751 0.04706515716924109 0.046587033263320254  
    0.04605396746055401 0.04546481969581295 0.04481787445333474  
    0.04411042377640362 0.043340234940399736 0.04250502670754175  
    0.04160242105551326 0.04062882470018092 0.039579006255396454  
    0.03844150134379154 0.037198522420196056 0.03582917141838049  
    0.034289908246806444 0.032552578780129515 0.030487867206873354  
    0.028017579185632968 0.024457112028694716 0.018487973391548174 
/























