@R RHO 101 []
0.000000e+00 1.000000e-02 2.000000e-02 3.000000e-02 4.000000e-02 
5.000000e-02 6.000000e-02 7.000000e-02 8.000000e-02 9.000000e-02 
1.000000e-01 1.100000e-01 1.200000e-01 1.300000e-01 1.400000e-01 
1.500000e-01 1.600000e-01 1.700000e-01 1.800000e-01 1.900000e-01 
2.000000e-01 2.100000e-01 2.200000e-01 2.300000e-01 2.400000e-01 
2.500000e-01 2.600000e-01 2.700000e-01 2.800000e-01 2.900000e-01 
3.000000e-01 3.100000e-01 3.200000e-01 3.300000e-01 3.400000e-01 
3.500000e-01 3.600000e-01 3.700000e-01 3.800000e-01 3.900000e-01 
4.000000e-01 4.100000e-01 4.200000e-01 4.300000e-01 4.400000e-01 
4.500000e-01 4.600000e-01 4.700000e-01 4.800000e-01 4.900000e-01 
5.000000e-01 5.100000e-01 5.200000e-01 5.300000e-01 5.400000e-01 
5.500000e-01 5.600000e-01 5.700000e-01 5.800000e-01 5.900000e-01 
6.000000e-01 6.100000e-01 6.200000e-01 6.300000e-01 6.400000e-01 
6.500000e-01 6.600000e-01 6.700000e-01 6.800000e-01 6.900000e-01 
7.000000e-01 7.100000e-01 7.200000e-01 7.300000e-01 7.400000e-01 
7.500000e-01 7.600000e-01 7.700000e-01 7.800000e-01 7.900000e-01 
8.000000e-01 8.100000e-01 8.200000e-01 8.300000e-01 8.400000e-01 
8.500000e-01 8.600000e-01 8.700000e-01 8.800000e-01 8.900000e-01 
9.000000e-01 9.100000e-01 9.200000e-01 9.300000e-01 9.400000e-01 
9.500000e-01 9.600000e-01 9.700000e-01 9.800000e-01 9.900000e-01 
1.000000e+00 
@R ENE 101 []
4.495970e+00 4.496685e+00 4.496233e+00 4.494632e+00 4.491901e+00 
4.488056e+00 4.483117e+00 4.477100e+00 4.470023e+00 4.461905e+00 
4.452763e+00 4.442615e+00 4.431479e+00 4.419373e+00 4.406313e+00 
4.392320e+00 4.377409e+00 4.361599e+00 4.344908e+00 4.327353e+00 
4.308953e+00 4.289725e+00 4.269687e+00 4.248857e+00 4.227253e+00 
4.204892e+00 4.181793e+00 4.157972e+00 4.133449e+00 4.108241e+00 
4.082365e+00 4.055839e+00 4.028682e+00 4.000911e+00 3.972544e+00 
3.943599e+00 3.914094e+00 3.884045e+00 3.853472e+00 3.822393e+00 
3.790824e+00 3.758783e+00 3.726290e+00 3.693360e+00 3.660013e+00 
3.626266e+00 3.592137e+00 3.557643e+00 3.522803e+00 3.487635e+00 
3.452155e+00 3.416383e+00 3.380335e+00 3.344030e+00 3.307485e+00 
3.270719e+00 3.233748e+00 3.196592e+00 3.159267e+00 3.121792e+00 
3.084185e+00 3.046462e+00 3.008643e+00 2.970745e+00 2.932785e+00 
2.894782e+00 2.856753e+00 2.818716e+00 2.780690e+00 2.742691e+00 
2.704738e+00 2.666848e+00 2.629040e+00 2.591331e+00 2.553738e+00 
2.516281e+00 2.478976e+00 2.441842e+00 2.404896e+00 2.368156e+00 
2.331640e+00 2.295365e+00 2.259351e+00 2.223613e+00 2.188171e+00 
2.153042e+00 2.118244e+00 2.083794e+00 2.049711e+00 2.016013e+00 
1.982716e+00 1.949840e+00 1.917401e+00 1.885418e+00 1.853908e+00 
1.822890e+00 1.792381e+00 1.762399e+00 1.732951e+00 1.709192e+00 
1.709240e+00 
@R TE 101 []
5.339827e+00 5.321253e+00 5.299718e+00 5.275297e+00 5.248069e+00 
5.218112e+00 5.185502e+00 5.150317e+00 5.112635e+00 5.072534e+00 
5.030090e+00 4.985381e+00 4.938485e+00 4.889480e+00 4.838442e+00 
4.785449e+00 4.730580e+00 4.673911e+00 4.615519e+00 4.555483e+00 
4.493880e+00 4.430787e+00 4.366282e+00 4.300442e+00 4.233346e+00 
4.165069e+00 4.095691e+00 4.025288e+00 3.953938e+00 3.881719e+00 
3.808707e+00 3.734981e+00 3.660618e+00 3.585695e+00 3.510291e+00 
3.434482e+00 3.358346e+00 3.281960e+00 3.205403e+00 3.128751e+00 
3.052082e+00 2.975474e+00 2.899003e+00 2.822749e+00 2.746787e+00 
2.671196e+00 2.596053e+00 2.521436e+00 2.447421e+00 2.374087e+00 
2.301511e+00 2.229771e+00 2.158943e+00 2.089106e+00 2.020336e+00 
1.952711e+00 1.886308e+00 1.821205e+00 1.757477e+00 1.695203e+00 
1.634459e+00 1.575322e+00 1.517867e+00 1.462170e+00 1.408306e+00 
1.356350e+00 1.306375e+00 1.258454e+00 1.212656e+00 1.169050e+00 
1.127702e+00 1.088672e+00 1.052016e+00 1.017784e+00 9.860139e-01 
9.567306e-01 9.299402e-01 9.056223e-01 8.837197e-01 8.641249e-01 
8.466618e-01 8.310628e-01 8.169448e-01 8.037856e-01 7.909151e-01 
7.775354e-01 7.627929e-01 7.459159e-01 7.264059e-01 7.042258e-01 
6.798932e-01 6.544064e-01 6.290082e-01 6.048901e-01 5.829594e-01 
5.637392e-01 5.473928e-01 5.338160e-01 5.227434e-01 5.138376e-01 
5.067489e-01 
@R TI 101 []
5.924751e+00 5.901174e+00 5.875612e+00 5.848113e+00 5.818724e+00 
5.787493e+00 5.754466e+00 5.719692e+00 5.683217e+00 5.645089e+00 
5.605355e+00 5.564063e+00 5.521260e+00 5.476993e+00 5.431310e+00 
5.384258e+00 5.335885e+00 5.286237e+00 5.235363e+00 5.183309e+00 
5.130123e+00 5.075853e+00 5.020545e+00 4.964247e+00 4.907007e+00 
4.848871e+00 4.789888e+00 4.730104e+00 4.669567e+00 4.608324e+00 
4.546422e+00 4.483910e+00 4.420834e+00 4.357242e+00 4.293181e+00 
4.228698e+00 4.163841e+00 4.098657e+00 4.033194e+00 3.967498e+00 
3.901618e+00 3.835601e+00 3.769493e+00 3.703343e+00 3.637198e+00 
3.571104e+00 3.505110e+00 3.439263e+00 3.373610e+00 3.308199e+00 
3.243077e+00 3.178290e+00 3.113888e+00 3.049916e+00 2.986423e+00 
2.923456e+00 2.861062e+00 2.799288e+00 2.738182e+00 2.677791e+00 
2.618163e+00 2.559344e+00 2.501383e+00 2.444326e+00 2.388220e+00 
2.333114e+00 2.279054e+00 2.226086e+00 2.174258e+00 2.123617e+00 
2.074207e+00 2.026075e+00 1.979264e+00 1.933819e+00 1.889778e+00 
1.847179e+00 1.806053e+00 1.766425e+00 1.728307e+00 1.691693e+00 
1.656550e+00 1.622805e+00 1.590325e+00 1.558883e+00 1.528122e+00 
1.497479e+00 1.466108e+00 1.432751e+00 1.395606e+00 1.352191e+00 
1.299310e+00 1.233268e+00 1.150583e+00 1.049352e+00 9.310341e-01 
8.016437e-01 6.710162e-01 5.498480e-01 4.461666e-01 3.634545e-01 
3.010815e-01 
@R FP 102 []
-4.027489e-06 -4.027489e-06 3.264854e-04 9.813582e-04 1.961435e-03 
3.266195e-03 4.894676e-03 6.845655e-03 9.117598e-03 1.170862e-02 
1.461662e-02 1.783936e-02 2.137429e-02 2.521865e-02 2.936954e-02 
3.382383e-02 3.857820e-02 4.362914e-02 4.897297e-02 5.460587e-02 
6.052386e-02 6.672278e-02 7.319836e-02 7.994619e-02 8.696171e-02 
9.424026e-02 1.017771e-01 1.095672e-01 1.176057e-01 1.258875e-01 
1.344073e-01 1.431597e-01 1.521394e-01 1.613408e-01 1.707582e-01 
1.803860e-01 1.902183e-01 2.002493e-01 2.104728e-01 2.208830e-01 
2.314735e-01 2.422382e-01 2.531708e-01 2.642649e-01 2.755141e-01 
2.869118e-01 2.984516e-01 3.101268e-01 3.219306e-01 3.338564e-01 
3.458974e-01 3.580466e-01 3.702973e-01 3.826423e-01 3.950748e-01 
4.075877e-01 4.201738e-01 4.328261e-01 4.455372e-01 4.583002e-01 
4.711075e-01 4.839520e-01 4.968262e-01 5.097227e-01 5.226342e-01 
5.355531e-01 5.484718e-01 5.613828e-01 5.742784e-01 5.871511e-01 
5.999929e-01 6.127961e-01 6.255527e-01 6.382550e-01 6.508948e-01 
6.634638e-01 6.759540e-01 6.883571e-01 7.006644e-01 7.128671e-01 
7.249566e-01 7.369236e-01 7.487584e-01 7.604516e-01 7.719927e-01 
7.833708e-01 7.945747e-01 8.055915e-01 8.164080e-01 8.270092e-01 
8.373780e-01 8.474961e-01 8.573403e-01 8.668838e-01 8.760986e-01 
8.849438e-01 8.933766e-01 9.013177e-01 9.087467e-01 9.152600e-01 
9.199187e-01 9.209607e-01 
@R CURPAR 102 []
1.271104e+00 1.271104e+00 1.271104e+00 1.270565e+00 1.269519e+00 
1.268017e+00 1.266108e+00 1.263828e+00 1.261196e+00 1.258223e+00 
1.254917e+00 1.251281e+00 1.247320e+00 1.243037e+00 1.238437e+00 
1.233521e+00 1.228293e+00 1.222756e+00 1.216912e+00 1.210764e+00 
1.204315e+00 1.197567e+00 1.190522e+00 1.183184e+00 1.175553e+00 
1.167633e+00 1.159426e+00 1.150934e+00 1.142160e+00 1.133105e+00 
1.123772e+00 1.114163e+00 1.104281e+00 1.094127e+00 1.083705e+00 
1.073016e+00 1.062063e+00 1.050848e+00 1.039374e+00 1.027643e+00 
1.015657e+00 1.003420e+00 9.909327e-01 9.781991e-01 9.652214e-01 
9.520023e-01 9.385446e-01 9.248512e-01 9.109249e-01 8.967686e-01 
8.823855e-01 8.677785e-01 8.529510e-01 8.379061e-01 8.226473e-01 
8.071779e-01 7.915016e-01 7.756220e-01 7.595430e-01 7.432683e-01 
7.268021e-01 7.101486e-01 6.933120e-01 6.762969e-01 6.591080e-01 
6.417501e-01 6.242282e-01 6.065477e-01 5.887139e-01 5.707328e-01 
5.526102e-01 5.343526e-01 5.159666e-01 4.974592e-01 4.788378e-01 
4.601101e-01 4.412846e-01 4.223701e-01 4.033759e-01 3.843122e-01 
3.651898e-01 3.460204e-01 3.268166e-01 3.075923e-01 2.883625e-01 
2.691439e-01 2.499547e-01 2.308158e-01 2.117502e-01 1.927847e-01 
1.739500e-01 1.552825e-01 1.368263e-01 1.186365e-01 1.007849e-01 
8.336606e-02 6.649588e-02 5.028740e-02 3.479294e-02 1.993017e-02 
5.444950e-03 5.444950e-03 
