&INSTATE
  DENSITY_MODEL = 0 
  MODEL_SHAPE = 2 
  NBDRY = 61 
  USE_INPED = 0 
  R0 = 1.76597910596 
  A0 = 0.460260718934 
  KAPPA = 1.6568763532 
  DELTA = 0.759407533276 
  IP = 0.584584461385 
  B0 = 1.79238500846 
  N_ION = 1 
  Z_ION = 1 
  A_ION = 2 
  F_ION = 1.0 
  N_IMP = 1 
  Z_IMP = 6 
  A_IMP = 12 
  F_IMP = 1.0 
  N_MIN = 0 
  Z_MIN = 1 
  A_MIN = 1 
  N_BEAM = 1 
  Z_BEAM = 1 
  A_BEAM = 2 
  N_FUSION = 1 
  Z_FUSION = 2 
  A_FUSION = 4 
  NRHO = 101 
  NE_AXIS = 4.5106154 
  NE_PED = 1.92 
  NE_SEP = 1.7 
  NE_ALPHA = 1.8 
  NE_BETA = 1.3 
  NE_FIT = 1 
  NE_XMID = 0.96 
  NE_XWID = 0.08 
  TE_AXIS = 5.3181793 
  TE_PED = 0.85 
  TE_SEP = 0.5 
  TE_ALPHA = 1.6 
  TE_BETA = 1.8 
  TE_FIT = 1 
  TE_XMID = 0.9 
  TE_XWID = 0.2 
  TI_AXIS = 5.8919967 
  TI_PED = 1.3 
  TI_SEP = 0.3 
  TI_ALPHA = 1.5 
  TI_BETA = 1.7 
  TI_FIT = 1 
  TI_XMID = 0.95 
  TI_XWID = 0.1 
  ZEFF_AXIS = 1.7 
  OMEGA_AXIS = 173800.0 
  OMEGA_SEP = 11000.0 
  OMEGA_ALPHA = 1.0 
  OMEGA_BETA = 0.65 
  JPAR_AXIS = 1.1805549 
  JPAR_SEP = 0.0 
  JPAR_ALPHA = 1.9 
  JPAR_BETA = 1.2 
  NBEAM_AXIS = 0.0 
  NBEAM_SEP = 0.0 
  NBEAM_ALPHA = 1.5 
  NBEAM_BETA = 1.5 
  TBEAMI = 20.0 20.0 20.0 20.0 20.0 20.0 20.0 20.0 20.0 20.0 20.0 20.0  
    20.0 20.0 20.0 20.0 20.0 20.0 20.0 20.0 20.0 20.0 20.0 20.0 20.0  
    20.0 20.0 20.0 20.0 20.0 20.0 20.0 20.0 20.0 20.0 20.0 20.0 20.0  
    20.0 20.0 20.0 20.0 20.0 20.0 20.0 20.0 20.0 20.0 20.0 20.0 20.0  
    20.0 20.0 20.0 20.0 20.0 20.0 20.0 20.0 20.0 20.0 20.0 20.0 20.0  
    20.0 20.0 20.0 20.0 20.0 20.0 20.0 20.0 20.0 20.0 20.0 20.0 20.0  
    20.0 20.0 20.0 20.0 20.0 20.0 20.0 20.0 20.0 20.0 20.0 20.0 20.0  
    20.0 20.0 20.0 20.0 20.0 20.0 20.0 20.0 20.0 20.0 20.0 
  BETAN_PED = -1.0 
  XMID = -1.0 
  XWID = -1.0 
  PRESSURE_MODEL = 'full' 
  PTOT_AXIS = 108071.38 
  PTOT_ALPHA = 1.8 
  PTOT_BETA = 2.3 
  PTOT_PED = 900.0 
  PTOT_SEP = 0.0 
  PTOT_XMID = 0.95 
  PTOT_XWID = 0.1 
  CURRENT_MODEL = 'broad' 
  RHO_JBDRY = 0.85 
  RHO_JPEAK = 0.65 
  JAXIS = 0.6 
  JAXIS_PRIME = 1.0 
  JBDRY_PRIME = -1.0 
  NE = 4.495969983 4.496684509 4.49623257 4.494631992 4.491900599  
    4.488056218 4.483116674 4.477099792 4.470023398 4.461905317  
    4.452763374 4.442615396 4.431479206 4.419372632 4.406313497  
    4.392319629 4.377408851 4.36159899 4.344907871 4.327353319  
    4.30895316 4.289725219 4.269687321 4.248857293 4.227252959  
    4.204892145 4.181792676 4.157972378 4.133449076 4.108240595  
    4.082364762 4.0558394 4.028682337 4.000911397 3.972544406  
    3.943599188 3.91409357 3.884045377 3.853472435 3.822392568  
    3.790823602 3.758783363 3.726289676 3.693360367 3.66001326  
    3.626266182 3.592136957 3.557643411 3.52280337 3.487634659  
    3.452155104 3.416382529 3.380334761 3.344029624 3.307484944  
    3.270718547 3.233748258 3.1965919019999998 3.159267305 3.121792292  
    3.084184689 3.04646232 3.008643013 2.970744591 2.93278488  
    2.894781707 2.856752895 2.818716271 2.78068966 2.7426908869999997  
    2.7047377789999993 2.666848159 2.629039854 2.59133069 2.553738491  
    2.516281083 2.478976291 2.441841941 2.404895858 2.368155868  
    2.331639796 2.295365468 2.259350708 2.2236133429999994 2.188171197  
    2.153042097 2.118243867 2.083794334 2.049711321 2.016012656  
    1.982716163 1.949839668 1.917400996 1.885417972 1.8539084219999995  
    1.8228901719999997 1.792381047 1.762398872 1.732951026 1.709191844  
    1.709240399 
  TE = 5.339826716 5.321253317 5.299717599 5.275297073 5.24806925  
    5.218111639 5.18550175 5.150317093 5.112635179 5.072533517  
    5.030089618 4.985380991 4.938485147 4.889479595 4.838441847  
    4.785449411 4.730579797 4.673910517 4.61551908 4.555482995  
    4.493879774 4.430786926 4.366281961 4.300442389 4.23334572  
    4.165069465 4.095691133 4.025288234 3.953938278 3.881718776  
    3.808707236 3.73498117 3.660618087 3.585695496 3.510290907  
    3.4344818309999994 3.358345775 3.281960249 3.205402762 3.128750821  
    3.052081935 2.9754736089999994 2.899003349 2.822748659 2.746787039  
    2.67119599 2.596053004 2.5214355709999996 2.447421174 2.374087286  
    2.301511368 2.229770863 2.158943194 2.089105756 2.020335905  
    1.952710948 1.886308127 1.8212045959999994 1.7574774 1.695203433  
    1.6344594 1.57532175 1.517866603 1.46216965 1.408306015 1.356350087  
    1.306375284 1.258453753 1.212655964 1.1690501619999996  
    1.1277016299999996 1.088671685 1.052016286 1.017784116 0.9860138932  
    0.9567306019 0.9299402088 0.9056222698 0.8837197059 0.8641249423  
    0.8466617553 0.8310628409 0.8169448074999998 0.8037856398999998  
    0.7909151247 0.7775354071 0.7627928896 0.7459159051 0.7264059372  
    0.7042257854 0.6798932438 0.6544063801 0.6290081952 0.6048901374  
    0.5829593599999998 0.5637391691999999 0.5473928211 0.533815997  
    0.5227434338 0.513837556 0.5067489416 
  TI = 5.924751309 5.901174168 5.875612383 5.84811332 5.818724345  
    5.787492823 5.754466121 5.719691605 5.68321664 5.645088592  
    5.605354827 5.564062712 5.521259611 5.47699289 5.431309917  
    5.384258056 5.335884673 5.286237134 5.235362805 5.183309052  
    5.130123241 5.075852738 5.020544908 4.964247117 4.907006732  
    4.848871118 4.78988764 4.730103666 4.66956656 4.608323689  
    4.546422418 4.483910114 4.420834142 4.357241867 4.293180657  
    4.228697876 4.163840892 4.098657068 4.033193772 3.967498369  
    3.901618226 3.8356007069999998 3.769493179 3.703343008 3.637197559  
    3.571104198 3.505110292 3.4392632049999996 3.373610304 3.308198954  
    3.24307652 3.178290369 3.113887864 3.04991637 2.986423251  
    2.92345587 2.861061587 2.799287761999999 2.738181749 2.677790899  
    2.618162554 2.559344043 2.501382678 2.444325744 2.388220487  
    2.333114092 2.279053653 2.22608613 2.174258281 2.1236165599999994  
    2.0742069679999995 2.026074823 1.979264419 1.933818515 1.88977756  
    1.847178533 1.80605319 1.766425429 1.728307306 1.691693047  
    1.656550011 1.622805122 1.5903245449999996 1.5588834579999995  
    1.528121617 1.497479257 1.466107599 1.432750743 1.395605515  
    1.352190913 1.2993101 1.233268413 1.150583091 1.049352168  
    0.9310341393999986 0.8016437323999985 0.6710162166 0.5498480094  
    0.4461666326 0.3634545055 0.3010815102 
  OMEGA = 173800.0 172739.9398 171676.1251 170608.5043 169537.0242  
    168461.6304 167382.2673 166298.8777 165211.403 164119.7832  
    163023.9567 161923.8603 160819.429 159710.5962 158597.2935  
    157479.4506 156356.9951 155229.8529 154097.9475 152961.2003  
    151819.5305 150672.8548 149521.0875 148364.1401 147201.9218  
    146034.3387 144861.2938 143682.6875 142498.4165 141308.3745  
    140112.4513 138910.5333 137702.5028 136488.2383 135267.6137  
    134040.49859999996 132806.7578 131566.2513 130318.8335 129064.3535  
    127802.6546 126533.5739 125256.942 123972.5825 122680.3119  
    121379.9387 120071.2636 118754.0781 117428.1649 116093.2965  
    114749.2351 113395.7314 112032.5245 110659.3403 109275.8913  
    107881.8748 106476.9727 105060.84949999998 103633.1514 102193.5049  
    100741.5146 99276.76206 97798.80346 96307.16733 94801.35214  
    93280.82345 91745.01074 90193.30383 88625.04884 87039.54360999998  
    85436.03237999999 83813.69984 82171.66419 80508.96907 78824.57432  
    77117.34506 75386.0389 73629.29081 71845.5951 70033.28381  
    68190.50056 66315.16869 64404.951979999976 62457.20576999998  
    60468.91548 58436.61806 56356.30048 54223.266 52031.95507  
    49775.69993 47446.38014 45033.92455 42525.56597 39904.67739  
    37148.85719999996 34226.56055999996 31090.62257 27664.15192  
    23803.35825 19159.32816 11000.0 
  ZEFF = 1.7 1.7 1.7 1.7 1.7 1.7 1.7 1.7 1.7 1.7 1.7 1.7 1.7 1.7 1.7  
    1.7 1.7 1.7 1.7 1.7 1.7 1.7 1.7 1.7 1.7 1.7 1.7 1.7 1.7 1.7 1.7 1.7  
    1.7 1.7 1.7 1.7 1.7 1.7 1.7 1.7 1.7 1.7 1.7 1.7 1.7 1.7 1.7 1.7 1.7  
    1.7 1.7 1.7 1.7 1.7 1.7 1.7 1.7 1.7 1.7 1.7 1.7 1.7 1.7 1.7 1.7 1.7  
    1.7 1.7 1.7 1.7 1.7 1.7 1.7 1.7 1.7 1.7 1.7 1.7 1.7 1.7 1.7 1.7 1.7  
    1.7 1.7 1.7 1.7 1.7 1.7 1.7 1.7 1.7 1.7 1.7 1.7 1.7 1.7 1.7 1.7 1.7  
    1.7 
  J_OH = 0.0 0.0 0.0 0.0 0.0 0.0 0.0 0.0 0.0 0.0 0.0 0.0 0.0 0.0 0.0  
    0.0 0.0 0.0 0.0 0.0 0.0 0.0 0.0 0.0 0.0 0.0 0.0 0.0 0.0 0.0 0.0 0.0  
    0.0 0.0 0.0 0.0 0.0 0.0 0.0 0.0 0.0 0.0 0.0 0.0 0.0 0.0 0.0 0.0 0.0  
    0.0 0.0 0.0 0.0 0.0 0.0 0.0 0.0 0.0 0.0 0.0 0.0 0.0 0.0 0.0 0.0 0.0  
    0.0 0.0 0.0 0.0 0.0 0.0 0.0 0.0 0.0 0.0 0.0 0.0 0.0 0.0 0.0 0.0 0.0  
    0.0 0.0 0.0 0.0 0.0 0.0 0.0 0.0 0.0 0.0 0.0 0.0 0.0 0.0 0.0 0.0 0.0  
    0.0 
  J_BS = 0.14212311820649495 0.21318467730974244 0.28962666723359376  
    0.29995372448274993 0.31059235537116203 0.3223495955519844  
    0.334511633202174 0.34652692455585726 0.35806867782658963  
    0.36895992214774365 0.37911268921342567 0.3884890935209878  
    0.3970801185352212 0.40489539090055415 0.41195617509223187  
    0.4182879584861017 0.4239176633296018 0.42887498641320254  
    0.4331899605305253 0.4368895041995052 0.43999946008116353  
    0.4425464449865836 0.4445552704451927 0.4460484106331589  
    0.44704770122820364 0.44757437360022645 0.44764818200767625  
    0.44728679267314103 0.44650692989267116 0.4453255585839231  
    0.44375867609905434 0.4418207131048626 0.43952620870293346  
    0.43688998667353973 0.43392570686297843 0.4306460682797053  
    0.42706384039714174 0.4231916917875215 0.41904156696264594  
    0.4146247090939932 0.4099522791415716 0.4050355189141732  
    0.3998850417358547 0.39451078881677165 0.38892280370242094  
    0.3831312590932746 0.3771456869789195 0.3709751480850827  
    0.3646289408344954 0.35811626519085893 0.35144574234225606  
    0.34462581665464376 0.3376651440832654 0.3305722139959897  
    0.3233551410789288 0.3160220203468459 0.30858099153264795  
    0.3010400262649135 0.29340699765650813 0.28568983879737886  
    0.27789656931855894 0.27003519955339816 0.2621137615393163  
    0.25414050423399936 0.24612397970576155 0.23807308111829356  
    0.2299971140405051 0.2219059924205972 0.21381046726012248  
    0.20572235866773086 0.19765500286757823 0.18962387599902167  
    0.18164731453931765 0.17374752666036547 0.16595215058770227  
    0.15829650556676605 0.15082671441726112 0.14360408348981615  
    0.13671109510120388 0.13025926427073925 0.1243983386046974  
    0.11932524883677502 0.11528994726808593 0.11259171439529898  
    0.11155687916566623 0.11249076277273574 0.11560462721320341  
    0.1209392017623146 0.12833088842470322 0.13745936942632864  
    0.14794623507948135 0.15937195483566163 0.17106213728230224  
    0.1816922797655754 0.1891512421742338 0.1909201682229323  
    0.18601905604327365 0.1738313035302672 0.15877218535555826  
    0.14094063073348373 0.11910309812364667 
  J_NB = 0.0 0.0 0.0 0.0 0.0 0.0 0.0 0.0 0.0 0.0 0.0 0.0 0.0 0.0 0.0  
    0.0 0.0 0.0 0.0 0.0 0.0 0.0 0.0 0.0 0.0 0.0 0.0 0.0 0.0 0.0 0.0 0.0  
    0.0 0.0 0.0 0.0 0.0 0.0 0.0 0.0 0.0 0.0 0.0 0.0 0.0 0.0 0.0 0.0 0.0  
    0.0 0.0 0.0 0.0 0.0 0.0 0.0 0.0 0.0 0.0 0.0 0.0 0.0 0.0 0.0 0.0 0.0  
    0.0 0.0 0.0 0.0 0.0 0.0 0.0 0.0 0.0 0.0 0.0 0.0 0.0 0.0 0.0 0.0 0.0  
    0.0 0.0 0.0 0.0 0.0 0.0 0.0 0.0 0.0 0.0 0.0 0.0 0.0 0.0 0.0 0.0 0.0  
    0.0 
  J_EC = 0.0 0.0 0.0 0.0 0.0 0.0 0.0 0.0 0.0 0.0 0.0 0.0 0.0 0.0 0.0  
    0.0 0.0 0.0 0.0 0.0 0.0 0.0 0.0 0.0 0.0 0.0 0.0 0.0 0.0 0.0 0.0 0.0  
    0.0 0.0 0.0 0.0 0.0 0.0 0.0 0.0 0.0 0.0 0.0 0.0 0.0 0.0 0.0 0.0 0.0  
    0.0 0.0 0.0 0.0 0.0 0.0 0.0 0.0 0.0 0.0 0.0 0.0 0.0 0.0 0.0 0.0 0.0  
    0.0 0.0 0.0 0.0 0.0 0.0 0.0 0.0 0.0 0.0 0.0 0.0 0.0 0.0 0.0 0.0 0.0  
    0.0 0.0 0.0 0.0 0.0 0.0 0.0 0.0 0.0 0.0 0.0 0.0 0.0 0.0 0.0 0.0 0.0  
    0.0 
  J_IC = 0.0 0.0 0.0 0.0 0.0 0.0 0.0 0.0 0.0 0.0 0.0 0.0 0.0 0.0 0.0  
    0.0 0.0 0.0 0.0 0.0 0.0 0.0 0.0 0.0 0.0 0.0 0.0 0.0 0.0 0.0 0.0 0.0  
    0.0 0.0 0.0 0.0 0.0 0.0 0.0 0.0 0.0 0.0 0.0 0.0 0.0 0.0 0.0 0.0 0.0  
    0.0 0.0 0.0 0.0 0.0 0.0 0.0 0.0 0.0 0.0 0.0 0.0 0.0 0.0 0.0 0.0 0.0  
    0.0 0.0 0.0 0.0 0.0 0.0 0.0 0.0 0.0 0.0 0.0 0.0 0.0 0.0 0.0 0.0 0.0  
    0.0 0.0 0.0 0.0 0.0 0.0 0.0 0.0 0.0 0.0 0.0 0.0 0.0 0.0 0.0 0.0 0.0  
    0.0 
  J_LH = 0.0 0.0 0.0 0.0 0.0 0.0 0.0 0.0 0.0 0.0 0.0 0.0 0.0 0.0 0.0  
    0.0 0.0 0.0 0.0 0.0 0.0 0.0 0.0 0.0 0.0 0.0 0.0 0.0 0.0 0.0 0.0 0.0  
    0.0 0.0 0.0 0.0 0.0 0.0 0.0 0.0 0.0 0.0 0.0 0.0 0.0 0.0 0.0 0.0 0.0  
    0.0 0.0 0.0 0.0 0.0 0.0 0.0 0.0 0.0 0.0 0.0 0.0 0.0 0.0 0.0 0.0 0.0  
    0.0 0.0 0.0 0.0 0.0 0.0 0.0 0.0 0.0 0.0 0.0 0.0 0.0 0.0 0.0 0.0 0.0  
    0.0 0.0 0.0 0.0 0.0 0.0 0.0 0.0 0.0 0.0 0.0 0.0 0.0 0.0 0.0 0.0 0.0  
    0.0 
  PE_NB = 0.0 0.0 0.0 0.0 0.0 0.0 0.0 0.0 0.0 0.0 0.0 0.0 0.0 0.0 0.0  
    0.0 0.0 0.0 0.0 0.0 0.0 0.0 0.0 0.0 0.0 0.0 0.0 0.0 0.0 0.0 0.0 0.0  
    0.0 0.0 0.0 0.0 0.0 0.0 0.0 0.0 0.0 0.0 0.0 0.0 0.0 0.0 0.0 0.0 0.0  
    0.0 0.0 0.0 0.0 0.0 0.0 0.0 0.0 0.0 0.0 0.0 0.0 0.0 0.0 0.0 0.0 0.0  
    0.0 0.0 0.0 0.0 0.0 0.0 0.0 0.0 0.0 0.0 0.0 0.0 0.0 0.0 0.0 0.0 0.0  
    0.0 0.0 0.0 0.0 0.0 0.0 0.0 0.0 0.0 0.0 0.0 0.0 0.0 0.0 0.0 0.0 0.0  
    0.0 
  PE_EC = 0.0 0.0 0.0 0.0 0.0 0.0 0.0 0.0 0.0 0.0 0.0 0.0 0.0 0.0 0.0  
    0.0 0.0 0.0 0.0 0.0 0.0 0.0 0.0 0.0 0.0 0.0 0.0 0.0 0.0 0.0 0.0 0.0  
    0.0 0.0 0.0 0.0 0.0 0.0 0.0 0.0 0.0 0.0 0.0 0.0 0.0 0.0 0.0 0.0 0.0  
    0.0 0.0 0.0 0.0 0.0 0.0 0.0 0.0 0.0 0.0 0.0 0.0 0.0 0.0 0.0 0.0 0.0  
    0.0 0.0 0.0 0.0 0.0 0.0 0.0 0.0 0.0 0.0 0.0 0.0 0.0 0.0 0.0 0.0 0.0  
    0.0 0.0 0.0 0.0 0.0 0.0 0.0 0.0 0.0 0.0 0.0 0.0 0.0 0.0 0.0 0.0 0.0  
    0.0 
  PE_IC = 0.0 0.0 0.0 0.0 0.0 0.0 0.0 0.0 0.0 0.0 0.0 0.0 0.0 0.0 0.0  
    0.0 0.0 0.0 0.0 0.0 0.0 0.0 0.0 0.0 0.0 0.0 0.0 0.0 0.0 0.0 0.0 0.0  
    0.0 0.0 0.0 0.0 0.0 0.0 0.0 0.0 0.0 0.0 0.0 0.0 0.0 0.0 0.0 0.0 0.0  
    0.0 0.0 0.0 0.0 0.0 0.0 0.0 0.0 0.0 0.0 0.0 0.0 0.0 0.0 0.0 0.0 0.0  
    0.0 0.0 0.0 0.0 0.0 0.0 0.0 0.0 0.0 0.0 0.0 0.0 0.0 0.0 0.0 0.0 0.0  
    0.0 0.0 0.0 0.0 0.0 0.0 0.0 0.0 0.0 0.0 0.0 0.0 0.0 0.0 0.0 0.0 0.0  
    0.0 
  PE_LH = 0.0 0.0 0.0 0.0 0.0 0.0 0.0 0.0 0.0 0.0 0.0 0.0 0.0 0.0 0.0  
    0.0 0.0 0.0 0.0 0.0 0.0 0.0 0.0 0.0 0.0 0.0 0.0 0.0 0.0 0.0 0.0 0.0  
    0.0 0.0 0.0 0.0 0.0 0.0 0.0 0.0 0.0 0.0 0.0 0.0 0.0 0.0 0.0 0.0 0.0  
    0.0 0.0 0.0 0.0 0.0 0.0 0.0 0.0 0.0 0.0 0.0 0.0 0.0 0.0 0.0 0.0 0.0  
    0.0 0.0 0.0 0.0 0.0 0.0 0.0 0.0 0.0 0.0 0.0 0.0 0.0 0.0 0.0 0.0 0.0  
    0.0 0.0 0.0 0.0 0.0 0.0 0.0 0.0 0.0 0.0 0.0 0.0 0.0 0.0 0.0 0.0 0.0  
    0.0 
  PE_FUS = 0.0 0.0 0.0 0.0 0.0 0.0 0.0 0.0 0.0 0.0 0.0 0.0 0.0 0.0 0.0  
    0.0 0.0 0.0 0.0 0.0 0.0 0.0 0.0 0.0 0.0 0.0 0.0 0.0 0.0 0.0 0.0 0.0  
    0.0 0.0 0.0 0.0 0.0 0.0 0.0 0.0 0.0 0.0 0.0 0.0 0.0 0.0 0.0 0.0 0.0  
    0.0 0.0 0.0 0.0 0.0 0.0 0.0 0.0 0.0 0.0 0.0 0.0 0.0 0.0 0.0 0.0 0.0  
    0.0 0.0 0.0 0.0 0.0 0.0 0.0 0.0 0.0 0.0 0.0 0.0 0.0 0.0 0.0 0.0 0.0  
    0.0 0.0 0.0 0.0 0.0 0.0 0.0 0.0 0.0 0.0 0.0 0.0 0.0 0.0 0.0 0.0 0.0  
    0.0 
  PE_IONIZATION = 0.0 0.0 0.0 0.0 0.0 0.0 0.0 0.0 0.0 0.0 0.0 0.0 0.0  
    0.0 0.0 0.0 0.0 0.0 0.0 0.0 0.0 0.0 0.0 0.0 0.0 0.0 0.0 0.0 0.0 0.0  
    0.0 0.0 0.0 0.0 0.0 0.0 0.0 0.0 0.0 0.0 0.0 0.0 0.0 0.0 0.0 0.0 0.0  
    0.0 0.0 0.0 0.0 0.0 0.0 0.0 0.0 0.0 0.0 0.0 0.0 0.0 0.0 0.0 0.0 0.0  
    0.0 0.0 0.0 0.0 0.0 0.0 0.0 0.0 0.0 0.0 0.0 0.0 0.0 0.0 0.0 0.0 0.0  
    0.0 0.0 0.0 0.0 0.0 0.0 0.0 0.0 0.0 0.0 0.0 0.0 0.0 0.0 0.0 0.0 0.0  
    0.0 0.0 0.0 
  P_RAD = 0.0 0.0 0.0 0.0 0.0 0.0 0.0 0.0 0.0 0.0 0.0 0.0 0.0 0.0 0.0  
    0.0 0.0 0.0 0.0 0.0 0.0 0.0 0.0 0.0 0.0 0.0 0.0 0.0 0.0 0.0 0.0 0.0  
    0.0 0.0 0.0 0.0 0.0 0.0 0.0 0.0 0.0 0.0 0.0 0.0 0.0 0.0 0.0 0.0 0.0  
    0.0 0.0 0.0 0.0 0.0 0.0 0.0 0.0 0.0 0.0 0.0 0.0 0.0 0.0 0.0 0.0 0.0  
    0.0 0.0 0.0 0.0 0.0 0.0 0.0 0.0 0.0 0.0 0.0 0.0 0.0 0.0 0.0 0.0 0.0  
    0.0 0.0 0.0 0.0 0.0 0.0 0.0 0.0 0.0 0.0 0.0 0.0 0.0 0.0 0.0 0.0 0.0  
    0.0 
  PI_NB = 0.0 0.0 0.0 0.0 0.0 0.0 0.0 0.0 0.0 0.0 0.0 0.0 0.0 0.0 0.0  
    0.0 0.0 0.0 0.0 0.0 0.0 0.0 0.0 0.0 0.0 0.0 0.0 0.0 0.0 0.0 0.0 0.0  
    0.0 0.0 0.0 0.0 0.0 0.0 0.0 0.0 0.0 0.0 0.0 0.0 0.0 0.0 0.0 0.0 0.0  
    0.0 0.0 0.0 0.0 0.0 0.0 0.0 0.0 0.0 0.0 0.0 0.0 0.0 0.0 0.0 0.0 0.0  
    0.0 0.0 0.0 0.0 0.0 0.0 0.0 0.0 0.0 0.0 0.0 0.0 0.0 0.0 0.0 0.0 0.0  
    0.0 0.0 0.0 0.0 0.0 0.0 0.0 0.0 0.0 0.0 0.0 0.0 0.0 0.0 0.0 0.0 0.0  
    0.0 
  PI_IC = 0.0 0.0 0.0 0.0 0.0 0.0 0.0 0.0 0.0 0.0 0.0 0.0 0.0 0.0 0.0  
    0.0 0.0 0.0 0.0 0.0 0.0 0.0 0.0 0.0 0.0 0.0 0.0 0.0 0.0 0.0 0.0 0.0  
    0.0 0.0 0.0 0.0 0.0 0.0 0.0 0.0 0.0 0.0 0.0 0.0 0.0 0.0 0.0 0.0 0.0  
    0.0 0.0 0.0 0.0 0.0 0.0 0.0 0.0 0.0 0.0 0.0 0.0 0.0 0.0 0.0 0.0 0.0  
    0.0 0.0 0.0 0.0 0.0 0.0 0.0 0.0 0.0 0.0 0.0 0.0 0.0 0.0 0.0 0.0 0.0  
    0.0 0.0 0.0 0.0 0.0 0.0 0.0 0.0 0.0 0.0 0.0 0.0 0.0 0.0 0.0 0.0 0.0  
    0.0 
  PI_LH = 0.0 0.0 0.0 0.0 0.0 0.0 0.0 0.0 0.0 0.0 0.0 0.0 0.0 0.0 0.0  
    0.0 0.0 0.0 0.0 0.0 0.0 0.0 0.0 0.0 0.0 0.0 0.0 0.0 0.0 0.0 0.0 0.0  
    0.0 0.0 0.0 0.0 0.0 0.0 0.0 0.0 0.0 0.0 0.0 0.0 0.0 0.0 0.0 0.0 0.0  
    0.0 0.0 0.0 0.0 0.0 0.0 0.0 0.0 0.0 0.0 0.0 0.0 0.0 0.0 0.0 0.0 0.0  
    0.0 0.0 0.0 0.0 0.0 0.0 0.0 0.0 0.0 0.0 0.0 0.0 0.0 0.0 0.0 0.0 0.0  
    0.0 0.0 0.0 0.0 0.0 0.0 0.0 0.0 0.0 0.0 0.0 0.0 0.0 0.0 0.0 0.0 0.0  
    0.0 
  PI_FUS = 0.0 0.0 0.0 0.0 0.0 0.0 0.0 0.0 0.0 0.0 0.0 0.0 0.0 0.0 0.0  
    0.0 0.0 0.0 0.0 0.0 0.0 0.0 0.0 0.0 0.0 0.0 0.0 0.0 0.0 0.0 0.0 0.0  
    0.0 0.0 0.0 0.0 0.0 0.0 0.0 0.0 0.0 0.0 0.0 0.0 0.0 0.0 0.0 0.0 0.0  
    0.0 0.0 0.0 0.0 0.0 0.0 0.0 0.0 0.0 0.0 0.0 0.0 0.0 0.0 0.0 0.0 0.0  
    0.0 0.0 0.0 0.0 0.0 0.0 0.0 0.0 0.0 0.0 0.0 0.0 0.0 0.0 0.0 0.0 0.0  
    0.0 0.0 0.0 0.0 0.0 0.0 0.0 0.0 0.0 0.0 0.0 0.0 0.0 0.0 0.0 0.0 0.0  
    0.0 
  PI_IONIZATION = 0.0 0.0 0.0 0.0 0.0 0.0 0.0 0.0 0.0 0.0 0.0 0.0 0.0  
    0.0 0.0 0.0 0.0 0.0 0.0 0.0 0.0 0.0 0.0 0.0 0.0 0.0 0.0 0.0 0.0 0.0  
    0.0 0.0 0.0 0.0 0.0 0.0 0.0 0.0 0.0 0.0 0.0 0.0 0.0 0.0 0.0 0.0 0.0  
    0.0 0.0 0.0 0.0 0.0 0.0 0.0 0.0 0.0 0.0 0.0 0.0 0.0 0.0 0.0 0.0 0.0  
    0.0 0.0 0.0 0.0 0.0 0.0 0.0 0.0 0.0 0.0 0.0 0.0 0.0 0.0 0.0 0.0 0.0  
    0.0 0.0 0.0 0.0 0.0 0.0 0.0 0.0 0.0 0.0 0.0 0.0 0.0 0.0 0.0 0.0 0.0  
    0.0 0.0 0.0 
  PI_CX = 0.0 0.0 0.0 0.0 0.0 0.0 0.0 0.0 0.0 0.0 0.0 0.0 0.0 0.0 0.0  
    0.0 0.0 0.0 0.0 0.0 0.0 0.0 0.0 0.0 0.0 0.0 0.0 0.0 0.0 0.0 0.0 0.0  
    0.0 0.0 0.0 0.0 0.0 0.0 0.0 0.0 0.0 0.0 0.0 0.0 0.0 0.0 0.0 0.0 0.0  
    0.0 0.0 0.0 0.0 0.0 0.0 0.0 0.0 0.0 0.0 0.0 0.0 0.0 0.0 0.0 0.0 0.0  
    0.0 0.0 0.0 0.0 0.0 0.0 0.0 0.0 0.0 0.0 0.0 0.0 0.0 0.0 0.0 0.0 0.0  
    0.0 0.0 0.0 0.0 0.0 0.0 0.0 0.0 0.0 0.0 0.0 0.0 0.0 0.0 0.0 0.0 0.0  
    0.0 
  P_OHM = 0.0 0.0 0.0 0.0 0.0 0.0 0.0 0.0 0.0 0.0 0.0 0.0 0.0 0.0 0.0  
    0.0 0.0 0.0 0.0 0.0 0.0 0.0 0.0 0.0 0.0 0.0 0.0 0.0 0.0 0.0 0.0 0.0  
    0.0 0.0 0.0 0.0 0.0 0.0 0.0 0.0 0.0 0.0 0.0 0.0 0.0 0.0 0.0 0.0 0.0  
    0.0 0.0 0.0 0.0 0.0 0.0 0.0 0.0 0.0 0.0 0.0 0.0 0.0 0.0 0.0 0.0 0.0  
    0.0 0.0 0.0 0.0 0.0 0.0 0.0 0.0 0.0 0.0 0.0 0.0 0.0 0.0 0.0 0.0 0.0  
    0.0 0.0 0.0 0.0 0.0 0.0 0.0 0.0 0.0 0.0 0.0 0.0 0.0 0.0 0.0 0.0 0.0  
    0.0 
  P_EI = 0.0 0.0 0.0 0.0 0.0 0.0 0.0 0.0 0.0 0.0 0.0 0.0 0.0 0.0 0.0  
    0.0 0.0 0.0 0.0 0.0 0.0 0.0 0.0 0.0 0.0 0.0 0.0 0.0 0.0 0.0 0.0 0.0  
    0.0 0.0 0.0 0.0 0.0 0.0 0.0 0.0 0.0 0.0 0.0 0.0 0.0 0.0 0.0 0.0 0.0  
    0.0 0.0 0.0 0.0 0.0 0.0 0.0 0.0 0.0 0.0 0.0 0.0 0.0 0.0 0.0 0.0 0.0  
    0.0 0.0 0.0 0.0 0.0 0.0 0.0 0.0 0.0 0.0 0.0 0.0 0.0 0.0 0.0 0.0 0.0  
    0.0 0.0 0.0 0.0 0.0 0.0 0.0 0.0 0.0 0.0 0.0 0.0 0.0 0.0 0.0 0.0 0.0  
    0.0 
  TORQUE_NB = 0.0 0.0 0.0 0.0 0.0 0.0 0.0 0.0 0.0 0.0 0.0 0.0 0.0 0.0  
    0.0 0.0 0.0 0.0 0.0 0.0 0.0 0.0 0.0 0.0 0.0 0.0 0.0 0.0 0.0 0.0 0.0  
    0.0 0.0 0.0 0.0 0.0 0.0 0.0 0.0 0.0 0.0 0.0 0.0 0.0 0.0 0.0 0.0 0.0  
    0.0 0.0 0.0 0.0 0.0 0.0 0.0 0.0 0.0 0.0 0.0 0.0 0.0 0.0 0.0 0.0 0.0  
    0.0 0.0 0.0 0.0 0.0 0.0 0.0 0.0 0.0 0.0 0.0 0.0 0.0 0.0 0.0 0.0 0.0  
    0.0 0.0 0.0 0.0 0.0 0.0 0.0 0.0 0.0 0.0 0.0 0.0 0.0 0.0 0.0 0.0 0.0  
    0.0 0.0 
  TORQUE_IN = 0.0 0.0 0.0 0.0 0.0 0.0 0.0 0.0 0.0 0.0 0.0 0.0 0.0 0.0  
    0.0 0.0 0.0 0.0 0.0 0.0 0.0 0.0 0.0 0.0 0.0 0.0 0.0 0.0 0.0 0.0 0.0  
    0.0 0.0 0.0 0.0 0.0 0.0 0.0 0.0 0.0 0.0 0.0 0.0 0.0 0.0 0.0 0.0 0.0  
    0.0 0.0 0.0 0.0 0.0 0.0 0.0 0.0 0.0 0.0 0.0 0.0 0.0 0.0 0.0 0.0 0.0  
    0.0 0.0 0.0 0.0 0.0 0.0 0.0 0.0 0.0 0.0 0.0 0.0 0.0 0.0 0.0 0.0 0.0  
    0.0 0.0 0.0 0.0 0.0 0.0 0.0 0.0 0.0 0.0 0.0 0.0 0.0 0.0 0.0 0.0 0.0  
    0.0 0.0 
  SE_NB = 0.0 0.0 0.0 0.0 0.0 0.0 0.0 0.0 0.0 0.0 0.0 0.0 0.0 0.0 0.0  
    0.0 0.0 0.0 0.0 0.0 0.0 0.0 0.0 0.0 0.0 0.0 0.0 0.0 0.0 0.0 0.0 0.0  
    0.0 0.0 0.0 0.0 0.0 0.0 0.0 0.0 0.0 0.0 0.0 0.0 0.0 0.0 0.0 0.0 0.0  
    0.0 0.0 0.0 0.0 0.0 0.0 0.0 0.0 0.0 0.0 0.0 0.0 0.0 0.0 0.0 0.0 0.0  
    0.0 0.0 0.0 0.0 0.0 0.0 0.0 0.0 0.0 0.0 0.0 0.0 0.0 0.0 0.0 0.0 0.0  
    0.0 0.0 0.0 0.0 0.0 0.0 0.0 0.0 0.0 0.0 0.0 0.0 0.0 0.0 0.0 0.0 0.0  
    0.0 
  SE_IONIZATION = 0.0 0.0 0.0 0.0 0.0 0.0 0.0 0.0 0.0 0.0 0.0 0.0 0.0  
    0.0 0.0 0.0 0.0 0.0 0.0 0.0 0.0 0.0 0.0 0.0 0.0 0.0 0.0 0.0 0.0 0.0  
    0.0 0.0 0.0 0.0 0.0 0.0 0.0 0.0 0.0 0.0 0.0 0.0 0.0 0.0 0.0 0.0 0.0  
    0.0 0.0 0.0 0.0 0.0 0.0 0.0 0.0 0.0 0.0 0.0 0.0 0.0 0.0 0.0 0.0 0.0  
    0.0 0.0 0.0 0.0 0.0 0.0 0.0 0.0 0.0 0.0 0.0 0.0 0.0 0.0 0.0 0.0 0.0  
    0.0 0.0 0.0 0.0 0.0 0.0 0.0 0.0 0.0 0.0 0.0 0.0 0.0 0.0 0.0 0.0 0.0  
    0.0 0.0 0.0 
  SI_NB = 0.0 0.0 0.0 0.0 0.0 0.0 0.0 0.0 0.0 0.0 0.0 0.0 0.0 0.0 0.0  
    0.0 0.0 0.0 0.0 0.0 0.0 0.0 0.0 0.0 0.0 0.0 0.0 0.0 0.0 0.0 0.0 0.0  
    0.0 0.0 0.0 0.0 0.0 0.0 0.0 0.0 0.0 0.0 0.0 0.0 0.0 0.0 0.0 0.0 0.0  
    0.0 0.0 0.0 0.0 0.0 0.0 0.0 0.0 0.0 0.0 0.0 0.0 0.0 0.0 0.0 0.0 0.0  
    0.0 0.0 0.0 0.0 0.0 0.0 0.0 0.0 0.0 0.0 0.0 0.0 0.0 0.0 0.0 0.0 0.0  
    0.0 0.0 0.0 0.0 0.0 0.0 0.0 0.0 0.0 0.0 0.0 0.0 0.0 0.0 0.0 0.0 0.0  
    0.0 
  SI_IONIZATION = 0.0 0.0 0.0 0.0 0.0 0.0 0.0 0.0 0.0 0.0 0.0 0.0 0.0  
    0.0 0.0 0.0 0.0 0.0 0.0 0.0 0.0 0.0 0.0 0.0 0.0 0.0 0.0 0.0 0.0 0.0  
    0.0 0.0 0.0 0.0 0.0 0.0 0.0 0.0 0.0 0.0 0.0 0.0 0.0 0.0 0.0 0.0 0.0  
    0.0 0.0 0.0 0.0 0.0 0.0 0.0 0.0 0.0 0.0 0.0 0.0 0.0 0.0 0.0 0.0 0.0  
    0.0 0.0 0.0 0.0 0.0 0.0 0.0 0.0 0.0 0.0 0.0 0.0 0.0 0.0 0.0 0.0 0.0  
    0.0 0.0 0.0 0.0 0.0 0.0 0.0 0.0 0.0 0.0 0.0 0.0 0.0 0.0 0.0 0.0 0.0  
    0.0 0.0 0.0 
  SE_PELLET = 0.0 0.0 0.0 0.0 0.0 0.0 0.0 0.0 0.0 0.0 0.0 0.0 0.0 0.0  
    0.0 0.0 0.0 0.0 0.0 0.0 0.0 0.0 0.0 0.0 0.0 0.0 0.0 0.0 0.0 0.0 0.0  
    0.0 0.0 0.0 0.0 0.0 0.0 0.0 0.0 0.0 0.0 0.0 0.0 0.0 0.0 0.0 0.0 0.0  
    0.0 0.0 0.0 0.0 0.0 0.0 0.0 0.0 0.0 0.0 0.0 0.0 0.0 0.0 0.0 0.0 0.0  
    0.0 0.0 0.0 0.0 0.0 0.0 0.0 0.0 0.0 0.0 0.0 0.0 0.0 0.0 0.0 0.0 0.0  
    0.0 0.0 0.0 0.0 0.0 0.0 0.0 0.0 0.0 0.0 0.0 0.0 0.0 0.0 0.0 0.0 0.0  
    0.0 0.0 
  Q = 0.0 0.0 0.0 0.0 0.0 0.0 0.0 0.0 0.0 0.0 0.0 0.0 0.0 0.0 0.0 0.0  
    0.0 0.0 0.0 0.0 0.0 0.0 0.0 0.0 0.0 0.0 0.0 0.0 0.0 0.0 0.0 0.0 0.0  
    0.0 0.0 0.0 0.0 0.0 0.0 0.0 0.0 0.0 0.0 0.0 0.0 0.0 0.0 0.0 0.0 0.0  
    0.0 0.0 0.0 0.0 0.0 0.0 0.0 0.0 0.0 0.0 0.0 0.0 0.0 0.0 0.0 0.0 0.0  
    0.0 0.0 0.0 0.0 0.0 0.0 0.0 0.0 0.0 0.0 0.0 0.0 0.0 0.0 0.0 0.0 0.0  
    0.0 0.0 0.0 0.0 0.0 0.0 0.0 0.0 0.0 0.0 0.0 0.0 0.0 0.0 0.0 0.0 0.0 
  PSIPOL = 0.0 0.0 0.0 0.0 0.0 0.0 0.0 0.0 0.0 0.0 0.0 0.0 0.0 0.0 0.0  
    0.0 0.0 0.0 0.0 0.0 0.0 0.0 0.0 0.0 0.0 0.0 0.0 0.0 0.0 0.0 0.0 0.0  
    0.0 0.0 0.0 0.0 0.0 0.0 0.0 0.0 0.0 0.0 0.0 0.0 0.0 0.0 0.0 0.0 0.0  
    0.0 0.0 0.0 0.0 0.0 0.0 0.0 0.0 0.0 0.0 0.0 0.0 0.0 0.0 0.0 0.0 0.0  
    0.0 0.0 0.0 0.0 0.0 0.0 0.0 0.0 0.0 0.0 0.0 0.0 0.0 0.0 0.0 0.0 0.0  
    0.0 0.0 0.0 0.0 0.0 0.0 0.0 0.0 0.0 0.0 0.0 0.0 0.0 0.0 0.0 0.0 0.0  
    0.0 
  PSI = 0.0 0.0 0.0 0.0 0.0 0.0 0.0 0.0 0.0 0.0 0.0 0.0 0.0 0.0 0.0 0.0  
    0.0 0.0 0.0 0.0 0.0 0.0 0.0 0.0 0.0 0.0 0.0 0.0 0.0 0.0 0.0 0.0 0.0  
    0.0 0.0 0.0 0.0 0.0 0.0 0.0 0.0 0.0 0.0 0.0 0.0 0.0 0.0 0.0 0.0 0.0  
    0.0 0.0 0.0 0.0 0.0 0.0 0.0 0.0 0.0 0.0 0.0 0.0 0.0 0.0 0.0 0.0 0.0  
    0.0 0.0 0.0 0.0 0.0 0.0 0.0 0.0 0.0 0.0 0.0 0.0 0.0 0.0 0.0 0.0 0.0  
    0.0 0.0 0.0 0.0 0.0 0.0 0.0 0.0 0.0 0.0 0.0 0.0 0.0 0.0 0.0 0.0 0.0 
  DENSITY_BEAM = 0.0 0.0 0.0 0.0 0.0 0.0 0.0 0.0 0.0 0.0 0.0 0.0 0.0  
    0.0 0.0 0.0 0.0 0.0 0.0 0.0 0.0 0.0 0.0 0.0 0.0 0.0 0.0 0.0 0.0 0.0  
    0.0 0.0 0.0 0.0 0.0 0.0 0.0 0.0 0.0 0.0 0.0 0.0 0.0 0.0 0.0 0.0 0.0  
    0.0 0.0 0.0 0.0 0.0 0.0 0.0 0.0 0.0 0.0 0.0 0.0 0.0 0.0 0.0 0.0 0.0  
    0.0 0.0 0.0 0.0 0.0 0.0 0.0 0.0 0.0 0.0 0.0 0.0 0.0 0.0 0.0 0.0 0.0  
    0.0 0.0 0.0 0.0 0.0 0.0 0.0 0.0 0.0 0.0 0.0 0.0 0.0 0.0 0.0 0.0 0.0  
    0.0 0.0 0.0 
  WBEAM = 0.0 0.0 0.0 0.0 0.0 0.0 0.0 0.0 0.0 0.0 0.0 0.0 0.0 0.0 0.0  
    0.0 0.0 0.0 0.0 0.0 0.0 0.0 0.0 0.0 0.0 0.0 0.0 0.0 0.0 0.0 0.0 0.0  
    0.0 0.0 0.0 0.0 0.0 0.0 0.0 0.0 0.0 0.0 0.0 0.0 0.0 0.0 0.0 0.0 0.0  
    0.0 0.0 0.0 0.0 0.0 0.0 0.0 0.0 0.0 0.0 0.0 0.0 0.0 0.0 0.0 0.0 0.0  
    0.0 0.0 0.0 0.0 0.0 0.0 0.0 0.0 0.0 0.0 0.0 0.0 0.0 0.0 0.0 0.0 0.0  
    0.0 0.0 0.0 0.0 0.0 0.0 0.0 0.0 0.0 0.0 0.0 0.0 0.0 0.0 0.0 0.0 0.0  
    0.0 
  TBEAM = 0.0 0.0 0.0 0.0 0.0 0.0 0.0 0.0 0.0 0.0 0.0 0.0 0.0 0.0 0.0  
    0.0 0.0 0.0 0.0 0.0 0.0 0.0 0.0 0.0 0.0 0.0 0.0 0.0 0.0 0.0 0.0 0.0  
    0.0 0.0 0.0 0.0 0.0 0.0 0.0 0.0 0.0 0.0 0.0 0.0 0.0 0.0 0.0 0.0 0.0  
    0.0 0.0 0.0 0.0 0.0 0.0 0.0 0.0 0.0 0.0 0.0 0.0 0.0 0.0 0.0 0.0 0.0  
    0.0 0.0 0.0 0.0 0.0 0.0 0.0 0.0 0.0 0.0 0.0 0.0 0.0 0.0 0.0 0.0 0.0  
    0.0 0.0 0.0 0.0 0.0 0.0 0.0 0.0 0.0 0.0 0.0 0.0 0.0 0.0 0.0 0.0 0.0  
    0.0 
  DENSITY_ALPHA = 0.0 0.0 0.0 0.0 0.0 0.0 0.0 0.0 0.0 0.0 0.0 0.0 0.0  
    0.0 0.0 0.0 0.0 0.0 0.0 0.0 0.0 0.0 0.0 0.0 0.0 0.0 0.0 0.0 0.0 0.0  
    0.0 0.0 0.0 0.0 0.0 0.0 0.0 0.0 0.0 0.0 0.0 0.0 0.0 0.0 0.0 0.0 0.0  
    0.0 0.0 0.0 0.0 0.0 0.0 0.0 0.0 0.0 0.0 0.0 0.0 0.0 0.0 0.0 0.0 0.0  
    0.0 0.0 0.0 0.0 0.0 0.0 0.0 0.0 0.0 0.0 0.0 0.0 0.0 0.0 0.0 0.0 0.0  
    0.0 0.0 0.0 0.0 0.0 0.0 0.0 0.0 0.0 0.0 0.0 0.0 0.0 0.0 0.0 0.0 0.0  
    0.0 0.0 0.0 
  WALPHA = 0.0 0.0 0.0 0.0 0.0 0.0 0.0 0.0 0.0 0.0 0.0 0.0 0.0 0.0 0.0  
    0.0 0.0 0.0 0.0 0.0 0.0 0.0 0.0 0.0 0.0 0.0 0.0 0.0 0.0 0.0 0.0 0.0  
    0.0 0.0 0.0 0.0 0.0 0.0 0.0 0.0 0.0 0.0 0.0 0.0 0.0 0.0 0.0 0.0 0.0  
    0.0 0.0 0.0 0.0 0.0 0.0 0.0 0.0 0.0 0.0 0.0 0.0 0.0 0.0 0.0 0.0 0.0  
    0.0 0.0 0.0 0.0 0.0 0.0 0.0 0.0 0.0 0.0 0.0 0.0 0.0 0.0 0.0 0.0 0.0  
    0.0 0.0 0.0 0.0 0.0 0.0 0.0 0.0 0.0 0.0 0.0 0.0 0.0 0.0 0.0 0.0 0.0  
    0.0 
  TALPHA = 0.0 0.0 0.0 0.0 0.0 0.0 0.0 0.0 0.0 0.0 0.0 0.0 0.0 0.0 0.0  
    0.0 0.0 0.0 0.0 0.0 0.0 0.0 0.0 0.0 0.0 0.0 0.0 0.0 0.0 0.0 0.0 0.0  
    0.0 0.0 0.0 0.0 0.0 0.0 0.0 0.0 0.0 0.0 0.0 0.0 0.0 0.0 0.0 0.0 0.0  
    0.0 0.0 0.0 0.0 0.0 0.0 0.0 0.0 0.0 0.0 0.0 0.0 0.0 0.0 0.0 0.0 0.0  
    0.0 0.0 0.0 0.0 0.0 0.0 0.0 0.0 0.0 0.0 0.0 0.0 0.0 0.0 0.0 0.0 0.0  
    0.0 0.0 0.0 0.0 0.0 0.0 0.0 0.0 0.0 0.0 0.0 0.0 0.0 0.0 0.0 0.0 0.0  
    0.0 
  CHIE = 0.0 0.0 0.0 0.0 0.0 0.0 0.0 0.0 0.0 0.0 0.0 0.0 0.0 0.0 0.0  
    0.0 0.0 0.0 0.0 0.0 0.0 0.0 0.0 0.0 0.0 0.0 0.0 0.0 0.0 0.0 0.0 0.0  
    0.0 0.0 0.0 0.0 0.0 0.0 0.0 0.0 0.0 0.0 0.0 0.0 0.0 0.0 0.0 0.0 0.0  
    0.0 0.0 0.0 0.0 0.0 0.0 0.0 0.0 0.0 0.0 0.0 0.0 0.0 0.0 0.0 0.0 0.0  
    0.0 0.0 0.0 0.0 0.0 0.0 0.0 0.0 0.0 0.0 0.0 0.0 0.0 0.0 0.0 0.0 0.0  
    0.0 0.0 0.0 0.0 0.0 0.0 0.0 0.0 0.0 0.0 0.0 0.0 0.0 0.0 0.0 0.0 0.0  
    0.0 
  CHII = 0.0 0.0 0.0 0.0 0.0 0.0 0.0 0.0 0.0 0.0 0.0 0.0 0.0 0.0 0.0  
    0.0 0.0 0.0 0.0 0.0 0.0 0.0 0.0 0.0 0.0 0.0 0.0 0.0 0.0 0.0 0.0 0.0  
    0.0 0.0 0.0 0.0 0.0 0.0 0.0 0.0 0.0 0.0 0.0 0.0 0.0 0.0 0.0 0.0 0.0  
    0.0 0.0 0.0 0.0 0.0 0.0 0.0 0.0 0.0 0.0 0.0 0.0 0.0 0.0 0.0 0.0 0.0  
    0.0 0.0 0.0 0.0 0.0 0.0 0.0 0.0 0.0 0.0 0.0 0.0 0.0 0.0 0.0 0.0 0.0  
    0.0 0.0 0.0 0.0 0.0 0.0 0.0 0.0 0.0 0.0 0.0 0.0 0.0 0.0 0.0 0.0 0.0  
    0.0 
  P_EQ = 0.0 0.0 0.0 0.0 0.0 0.0 0.0 0.0 0.0 0.0 0.0 0.0 0.0 0.0 0.0  
    0.0 0.0 0.0 0.0 0.0 0.0 0.0 0.0 0.0 0.0 0.0 0.0 0.0 0.0 0.0 0.0 0.0  
    0.0 0.0 0.0 0.0 0.0 0.0 0.0 0.0 0.0 0.0 0.0 0.0 0.0 0.0 0.0 0.0 0.0  
    0.0 0.0 0.0 0.0 0.0 0.0 0.0 0.0 0.0 0.0 0.0 0.0 0.0 0.0 0.0 0.0 0.0  
    0.0 0.0 0.0 0.0 0.0 0.0 0.0 0.0 0.0 0.0 0.0 0.0 0.0 0.0 0.0 0.0 0.0  
    0.0 0.0 0.0 0.0 0.0 0.0 0.0 0.0 0.0 0.0 0.0 0.0 0.0 0.0 0.0 0.0 0.0  
    0.0 
  J_TOT = 1.2715836335463526 1.2715836335463526 1.2712886304812898  
    1.270436089960318 1.2690999978115003 1.2673512588704714  
    1.2652332460365585 1.2627655782642244 1.2599569397833148  
    1.2568128133310976 1.253337783146935 1.2495359442213285  
    1.245411021545623 1.2409664523618398 1.2362054451625375  
    1.2311310236906992 1.2257460609396578 1.2200533064030235  
    1.2140554080746564 1.2077549296985906 1.2011543657690562  
    1.1942561537803948 1.1870626842270364 1.1795763098535412  
    1.1717993544045053 1.163734119874634 1.1553828915085704  
    1.1467479433010148 1.137831543996733 1.1286359620904438  
    1.1191634695768506 1.1094163454507355 1.0993968799567657  
    1.0891073783394924 1.0785501640937534 1.0677275824639256  
    1.05664200344449 1.045295825279966 1.0336914777145996  
    1.0218314242427986 1.0097181655586995 0.9973542433314184  
    0.9847422430800066 0.9718847971730924 0.9587845884547159  
    0.9454443536686277 0.9318668868831517 0.9180550433666766  
    0.9040117434372861 0.8897399765131684 0.8752428054372969  
    0.8605233709773293 0.845584896675899 0.8304306939751984  
    0.8150641675921643 0.7994888213938109 0.7837082647218394  
    0.7677262189926419 0.7515465249219043 0.7351731505008834  
    0.7186101994699238 0.7018619204440169 0.6849327170631739  
    0.6678271590416143 0.650549994168332 0.6331061616567596  
    0.6155008067952619 0.5977392970963646 0.5798272403218097  
    0.5617705046580912 0.5435752411159682 0.5252479086551596  
    0.5067953027352912 0.4882245874648122 0.4695433322007351  
    0.4507595535741078 0.4318817636657068 0.41291902562978233  
    0.3938810186436274 0.374778114083361 0.355621465297946  
    0.3364231146339231 0.3171961221610847 0.29795472192204986  
    0.27871451390521174 0.25949270299588634 0.240308400824109  
    0.22118301386547123 0.20214075226426337 0.18320931298071913  
    0.1644208245401502 0.1458132021550866 0.12743218741920173  
    0.10933463838510588 0.09159459681838246 0.074315025543143  
    0.0576413487747384 0.041744725147812065 0.02672315121896148  
    0.012439299855491547 -0.0015501634873096217 
  RBDRY = 2.226239824894 2.221803731491651 2.20854405405223  
    2.1866060683765314 2.156230131626436 2.1177490489215507  
    2.071584427056675 2.018242055289529 1.9583063638078015  
    1.892434020589717 1.8213467368122465 1.7458233596324264  
    1.6666913389749214 1.5848176618174956 1.5010993533002537  
    1.4164536487304928 1.404878661994981 1.3934304932363648  
    1.3822345709872472 1.3714135601146873 1.3610860178782465  
    1.3513650949918445 1.3423572959208587 1.334161311996914  
    1.3268669401350008 1.320554098999684 1.315291953399489  
    1.311138156502786 1.3081382181776133 1.306325006376039  
    1.305718387026 1.306325006376039 1.308138218177613  
    1.3111381565027858 1.315291953399489 1.320554098999684  
    1.3268669401350008 1.334161311996914 1.3423572959208587  
    1.3513650949918445 1.3610860178782465 1.3714135601146873  
    1.3822345709872472 1.3934304932363646 1.4048786619949807  
    1.416453648730493 1.501099353300253 1.5848176618174947  
    1.6666913389749212 1.7458233596324257 1.8213467368122458  
    1.8924340205897168 1.958306363807801 2.0182420552895284  
    2.071584427056675 2.1177490489215507 2.156230131626436  
    2.1866060683765314 2.20854405405223 2.221803731491651  
    2.226239824894 
  ZBDRY = 0.0 0.07063382025355233 0.13956229569639775  
    0.2069600917772117 0.2724515942818661 0.33560578230243954  
    0.3959925789710507 0.4532043058314712 0.5068680334075645  
    0.5566544550142968 0.6022850186580593 0.6435379576537817  
    0.6802534760142823 0.7123381845096289 0.7397688037725323  
    0.7625951015085768 0.7133935426809742 0.6623510106446683  
    0.6097306675386777 0.5558156562499412 0.5009104732265385  
    0.4453430925549142 0.38946832877452814 0.33367328033216354  
    0.27838639348546074 0.22409317939808135 0.1713651667739547  
    0.12091840597485598 0.07375072909473912 0.03156537583468305  
    -8.939383969681655e-10 -0.03156537583468305 -0.07375072909473346  
    -0.12091840597485178 -0.17136516677395455 -0.2240931793980811  
    -0.27838639348546046 -0.33367328033216315 -0.38946832877452764  
    -0.4453430925549136 -0.5009104732265396 -0.555815656249942  
    -0.6097306675386776 -0.6623510106446673 -0.7133935426809731  
    -0.762595101508576 -0.7397688037725325 -0.7123381845096293  
    -0.6802534760142824 -0.6435379576537822 -0.6022850186580597  
    -0.5566544550142969 -0.5068680334075649 -0.45320430583147164  
    -0.3959925789710507 -0.33560578230243954 -0.2724515942818663  
    -0.2069600917772117 -0.13956229569639775 -0.07063382025355233 0.0 
  NLIM = 5 
  RLIM = 2.2762398248939997 1.255718387026 1.255718387026  
    2.2762398248939997 2.2762398248939997 
  ZLIM = 0.8125951015085768 0.8125951015085768 -0.8125951015085761  
    -0.8125951015085761 0.8125951015085768 
  RHO = 0.0 0.01 0.02 0.03 0.04 0.05 0.06 0.07 0.08 0.09 0.1 0.11 0.12  
    0.13 0.14 0.15 0.16 0.17 0.18 0.19 0.2 0.21 0.22 0.23 0.24 0.25  
    0.26 0.27 0.28 0.29 0.3 0.31 0.32 0.33 0.34 0.35 0.36 0.37 0.38  
    0.39 0.4 0.41 0.42 0.43 0.44 0.45 0.46 0.47 0.48 0.49 0.5 0.51 0.52  
    0.53 0.54 0.55 0.56 0.57 0.58 0.59 0.6 0.61 0.62 0.63 0.64 0.65  
    0.66 0.67 0.68 0.69 0.7 0.71 0.72 0.73 0.74 0.75 0.76 0.77 0.78  
    0.79 0.8 0.81 0.82 0.83 0.84 0.85 0.86 0.87 0.88 0.89 0.9 0.91 0.92  
    0.93 0.94 0.95 0.96 0.97 0.98 0.99 1.0 
  MODEL_PROFILE_NE = 'ped' 
  MODEL_PROFILE_TE = 'ped' 
  MODEL_PROFILE_TI = 'ped' 
  MODEL_PROFILE_DENSITY_BEAM = 'parab' 
  MODEL_PROFILE_J_TOT = 'parab' 
  MODEL_PROFILE_OMEGA = 'parab' 
  MODEL_PROFILE_ZEFF = 'const' 
  MODEL_PROFILE_TBEAMI = 'const' 
  MODEL_PROFILE_DENSITY_ALPHA = 'zero' 
  MODEL_PROFILE_WALPHA = 'zero' 
  MODEL_PROFILE_WBEAM = 'derived' 
  J_TOT_AXIS = 1.1805549 
  J_TOT_SEP = 0.0 
  J_TOT_ALPHA = 1.9 
  J_TOT_BETA = 1.2 
  DENSITY_BEAM_AXIS = 0.0 
  DENSITY_BEAM_SEP = 0.0 
  DENSITY_BEAM_ALPHA = 1.5 
  DENSITY_BEAM_BETA = 1.5 
  TBEAMI_AXIS = 20.0 
  DENSITY_ION_0 = 3.8665341856526756 3.867148677903588  
    3.8667600103791333 3.8653835129423717 3.8630345154563637  
    3.859728347784169 3.855480339788851 3.8503058213334698  
    3.844220122281086 3.8372385724947624 3.829376501837558  
    3.8206492401725343 3.8110721173627513 3.8006604632712735  
    3.789429607761158 3.7773948806954682 3.764571611937263  
    3.750975131349608 3.736620768795558 3.721523854138178  
    3.705699717240528 3.689163687965669 3.6719310961766625  
    3.654017271736568 3.6354375445084477 3.6162072443553632  
    3.596341701140375 3.5758562447265434 3.554766204976929  
    3.5330869117545958 3.5108336949226024 3.4880218843440094  
    3.4646668098818783 3.44078380139927 3.416388188759248  
    3.39149530182487 3.366120470459199 3.340279024525294  
    3.3139862938862183 3.287257608405032 3.2601082979447953  
    3.2325536923685703 3.2046091215394177 3.176289915320399  
    3.147611403574574 3.118588916165004 3.089237782954752  
    3.0595733338068767 3.0296108985844397 2.9993658071505025  
    2.968853389368126 2.93808897510037 2.907087894210297  
    2.8758654765609677 2.844437052015443 2.812817950436784  
    2.7810235016880513 2.749069035632307 2.71696988213261  
    2.684741371052024 2.6523988322536076 2.619957595600423  
    2.587432990955531 2.5548403481819935 2.52219499714287  
    2.4895122677012225 2.4568074897201124 2.4240959930625996  
    2.391393107591745 2.358714163170611 2.326074489662258  
    2.293489416929746 2.260974274836138 2.2285443932444924  
    2.196215102017873 2.1640017310193382 2.1319196101119515  
    2.0999840691587717 2.0682104380228616 2.0366140465672813  
    2.0052102246550927 1.9740143021493557 1.9430416089131315  
    1.9123074748094813 1.8818272297014664 1.8516162034521466  
    1.8216897259245848 1.792063126981841 1.7627517364869763  
    1.733770884303052 1.7051359002931286 1.6768621143202673  
    1.6489648562475285 1.621459455937975 1.5943612432546665  
    1.5676855480606642 1.5414477002190285 1.5156630295084204  
    1.4903378822207576 1.4699049855719983 1.4699467434797382 
  DENSITY_IMP_0 = 0.10490596627739815 0.10492263854777176  
    0.10491209330486019 0.10487474647518062 0.10481101398525014  
    0.10472131176158597 0.10460605573070524 0.10446566181912514  
    0.1043005459533628 0.1041111240599354 0.10389781206536007  
    0.10366102589615402 0.10340118147883433 0.10311869473991825  
    0.10281398160592288 0.1024874580033654 0.10213953985876296  
    0.10177064309863276 0.10138118364949188 0.10097157743785753  
    0.10054224039024688 0.10009358843317706 0.09962603749316523  
    0.09914000349672855 0.09863590237038423 0.09811415004064937  
    0.09757516243404117 0.09701935547707675 0.09644714509627329  
    0.09585894721814793 0.09525517776921788 0.09463625267600025  
    0.09400258786501219 0.09335459926277091 0.09269270279579353  
    0.09201731439059722 0.0913288499736992 0.09062772547161652  
    0.0899143568108664 0.08918915991796598 0.08845255071943242  
    0.08770494514178291 0.08694675911153459 0.08617840855520464  
    0.08540030939931015 0.08461287757036834 0.08381652899489636  
    0.08301167959941139 0.08219874531043052 0.08137814205447101  
    0.08055028575804991 0.07971559234768444 0.07887447774989177  
    0.07802735789118904 0.0771746486980934 0.07631676609712204  
    0.0754541260147921 0.0745871443776207 0.07371623711212508  
    0.07284182014482234 0.07196430940222966 0.07108412081086417  
    0.07020167029724309 0.06931737378788355 0.06843164720930268  
    0.06754490648801766 0.06665756755054568 0.06577004632340384  
    0.06488275873310938 0.06399612070617937 0.06311054816913103  
    0.06222645704848149 0.061344263270747934 0.060464382762447484  
    0.059587231450097325 0.058713225260214615 0.057842780119316504  
    0.05697631195392017 0.056114236690542746 0.05525697025570144  
    0.054404928575913364 0.053558527577695685 0.05271818318756559  
    0.05188431133204019 0.05105732793763669 0.050237648930872195  
    0.04942569023826393 0.04862186778632903 0.04782659750158462  
    0.04704029531054791 0.04626337713973604 0.04549625891566615  
    0.044739356564855434 0.04399308601382103 0.043257863189080106  
    0.04253410401714981 0.041822224424547284 0.04112264033549976  
    0.04043552393622211 0.0398811430193953 0.03988227598588437 
  DENSITY_TH = 3.9714401519300737 3.97207131645136 3.9716721036839937  
    3.970258259417552 3.9678455294416137 3.964449659545755  
    3.960086395519556 3.954771483152595 3.948520668234449  
    3.9413496965546977 3.9332743139029183 3.924310266068688  
    3.914473298841586 3.903779158011192 3.892243589367081  
    3.8798823386988337 3.866711151796026 3.8527457744482407  
    3.83800195244505 3.8224954315760353 3.8062419576307747  
    3.789257276398846 3.7715571336698277 3.7531572752332965  
    3.734073446878832 3.7143213943960127 3.693916863574416  
    3.67287560020362 3.6512133500732022 3.628945858972744  
    3.6060888726918203 3.5826581370200095 3.5586693977468906  
    3.5341384006620413 3.5090808915550418 3.4835126162154673  
    3.4574493204328984 3.4309067499969106 3.403900650697085  
    3.376446768322998 3.3485608486642278 3.3202586375103533  
    3.2915558806509524 3.262468323875604 3.2330117129738842  
    3.2032017937353725 3.1730543119496484 3.142585013406288  
    3.1118096438948704 3.0807439492049733 3.0494036751261757  
    3.0178045674480543 2.985962371960189 2.953892834452157  
    2.9216117007135365 2.889134716533906 2.8564776277028434  
    2.8236561800099276 2.790686119244735 2.7575831911968463  
    2.724363141655837 2.6910417164112874 2.657634661252774  
    2.624157721969877 2.5906266443521724 2.5570571741892403  
    2.5234650572706583 2.4898660393860035 2.4562758663248547  
    2.42271028387679 2.389185037831389 2.3557158739782276  
    2.322318538106886 2.28900877600694 2.25580233346797  
    2.2227149562795527 2.189762390231268 2.156960381112692  
    2.1243246747134044 2.091871016822983 2.059615153231006  
    2.027572829727051 1.995759792100697 1.9641917861415215  
    1.9328845576391032 1.9018538523830189 1.8711154161628487  
    1.84068499476817 1.8105783339885608 1.7808111796136  
    1.7513992774328646 1.7223583732359335 1.693704212812384  
    1.665452541951796 1.6376191064437466 1.610219652077814  
    1.5832699246435757 1.5567856698439202 1.5307734061569798  
    1.5097861285913936 1.5098290194656225 
  NI = 3.8665341856526756 3.867148677903588 3.8667600103791333  
    3.8653835129423717 3.8630345154563637 3.859728347784169  
    3.855480339788851 3.8503058213334698 3.844220122281086  
    3.8372385724947624 3.829376501837558 3.8206492401725343  
    3.8110721173627513 3.8006604632712735 3.789429607761158  
    3.7773948806954682 3.764571611937263 3.750975131349608  
    3.736620768795558 3.721523854138178 3.705699717240528  
    3.689163687965669 3.6719310961766625 3.654017271736568  
    3.6354375445084477 3.6162072443553632 3.596341701140375  
    3.5758562447265434 3.554766204976929 3.5330869117545958  
    3.5108336949226024 3.4880218843440094 3.4646668098818783  
    3.44078380139927 3.416388188759248 3.39149530182487  
    3.366120470459199 3.340279024525294 3.3139862938862183  
    3.287257608405032 3.2601082979447953 3.2325536923685703  
    3.2046091215394177 3.176289915320399 3.147611403574574  
    3.118588916165004 3.089237782954752 3.0595733338068767  
    3.0296108985844397 2.9993658071505025 2.968853389368126  
    2.93808897510037 2.907087894210297 2.8758654765609677  
    2.844437052015443 2.812817950436784 2.7810235016880513  
    2.749069035632307 2.71696988213261 2.684741371052024  
    2.6523988322536076 2.619957595600423 2.587432990955531  
    2.5548403481819935 2.52219499714287 2.4895122677012225  
    2.4568074897201124 2.4240959930625996 2.391393107591745  
    2.358714163170611 2.326074489662258 2.293489416929746  
    2.260974274836138 2.2285443932444924 2.196215102017873  
    2.1640017310193382 2.1319196101119515 2.0999840691587717  
    2.0682104380228616 2.0366140465672813 2.0052102246550927  
    1.9740143021493557 1.9430416089131315 1.9123074748094813  
    1.8818272297014664 1.8516162034521466 1.8216897259245848  
    1.792063126981841 1.7627517364869763 1.733770884303052  
    1.7051359002931286 1.6768621143202673 1.6489648562475285  
    1.621459455937975 1.5943612432546665 1.5676855480606642  
    1.5414477002190285 1.5156630295084204 1.4903378822207576  
    1.4699049855719983 1.4699467434797382 
  NZ = 0.10490596627739815 0.10492263854777176 0.10491209330486019  
    0.10487474647518062 0.10481101398525014 0.10472131176158597  
    0.10460605573070524 0.10446566181912514 0.1043005459533628  
    0.1041111240599354 0.10389781206536007 0.10366102589615402  
    0.10340118147883433 0.10311869473991825 0.10281398160592288  
    0.1024874580033654 0.10213953985876296 0.10177064309863276  
    0.10138118364949188 0.10097157743785753 0.10054224039024688  
    0.10009358843317706 0.09962603749316523 0.09914000349672855  
    0.09863590237038423 0.09811415004064937 0.09757516243404117  
    0.09701935547707675 0.09644714509627329 0.09585894721814793  
    0.09525517776921788 0.09463625267600025 0.09400258786501219  
    0.09335459926277091 0.09269270279579353 0.09201731439059722  
    0.0913288499736992 0.09062772547161652 0.0899143568108664  
    0.08918915991796598 0.08845255071943242 0.08770494514178291  
    0.08694675911153459 0.08617840855520464 0.08540030939931015  
    0.08461287757036834 0.08381652899489636 0.08301167959941139  
    0.08219874531043052 0.08137814205447101 0.08055028575804991  
    0.07971559234768444 0.07887447774989177 0.07802735789118904  
    0.0771746486980934 0.07631676609712204 0.0754541260147921  
    0.0745871443776207 0.07371623711212508 0.07284182014482234  
    0.07196430940222966 0.07108412081086417 0.07020167029724309  
    0.06931737378788355 0.06843164720930268 0.06754490648801766  
    0.06665756755054568 0.06577004632340384 0.06488275873310938  
    0.06399612070617937 0.06311054816913103 0.06222645704848149  
    0.061344263270747934 0.060464382762447484 0.059587231450097325  
    0.058713225260214615 0.057842780119316504 0.05697631195392017  
    0.056114236690542746 0.05525697025570144 0.054404928575913364  
    0.053558527577695685 0.05271818318756559 0.05188431133204019  
    0.05105732793763669 0.050237648930872195 0.04942569023826393  
    0.04862186778632903 0.04782659750158462 0.04704029531054791  
    0.04626337713973604 0.04549625891566615 0.044739356564855434  
    0.04399308601382103 0.043257863189080106 0.04253410401714981  
    0.041822224424547284 0.04112264033549976 0.04043552393622211  
    0.0398811430193953 0.03988227598588437 
  DENSITY_HE = 0.0 0.0 0.0 0.0 0.0 0.0 0.0 0.0 0.0 0.0 0.0 0.0 0.0 0.0  
    0.0 0.0 0.0 0.0 0.0 0.0 0.0 0.0 0.0 0.0 0.0 0.0 0.0 0.0 0.0 0.0 0.0  
    0.0 0.0 0.0 0.0 0.0 0.0 0.0 0.0 0.0 0.0 0.0 0.0 0.0 0.0 0.0 0.0 0.0  
    0.0 0.0 0.0 0.0 0.0 0.0 0.0 0.0 0.0 0.0 0.0 0.0 0.0 0.0 0.0 0.0 0.0  
    0.0 0.0 0.0 0.0 0.0 0.0 0.0 0.0 0.0 0.0 0.0 0.0 0.0 0.0 0.0 0.0 0.0  
    0.0 0.0 0.0 0.0 0.0 0.0 0.0 0.0 0.0 0.0 0.0 0.0 0.0 0.0 0.0 0.0 0.0  
    0.0 0.0 
/

&INMETRIC
  IP = 584584.4615 
  BCENTR = 1.792385008 
  RMAJOR = 1.8254606183999873 1.825449206989422 1.8254147468844488  
    1.8253572293808888 1.8252768872187286 1.8251738553214172  
    1.8250482149621576 1.8249002588490744 1.8247301948647963  
    1.8245382455427674 1.8243247990832452 1.8240901303882509  
    1.8238346082160053 1.8235586774737063 1.8232626856863932  
    1.8229471186679989 1.8226124535334725 1.8222591214037585  
    1.8218876709561447 1.821498611329127 1.8210924353876403  
    1.8206697122742987 1.820230974497464 1.8197767290451434  
    1.8193075569709984 1.8188240111852507 1.818326616240457  
    1.8178159499553044 1.8172925243752918 1.816756801390409  
    1.8162092346869887 1.8156502212280363 1.8150801332648  
    1.8144993668962361 1.8139082757150131 1.8133071922928354  
    1.81269647224954 1.8120764389187018 1.8114473978794585  
    1.8108096803721743 1.8101635949313108 1.8095094271696806  
    1.8088474922899165 1.808178088788845 1.807501493214162  
    1.8068180038193835 1.8061279178986527 1.8054315083805506  
    1.8047290592993124 1.804020867527415 1.8033072090304216  
    1.802588356794164 1.8018646064607995 1.8011362404765645  
    1.8004035261013112 1.7996667563369204 1.798926221014303  
    1.7981821945864818 1.797434963554164 1.7966848252846517  
    1.7959320664775613 1.79517697179116 1.794419846207349  
    1.7936609919062487 1.7929007009759008 1.7921392809708725  
    1.7913770538643314 1.790614331648941 1.7898514284768945  
    1.789088678070561 1.7883264187202808 1.7875649870022758  
    1.7868047227762798 1.786045997458468 1.7852891854038733  
    1.7845346605081165 1.7837828002085496 1.7830339887032425  
    1.782288621798219 1.781547102225686 1.78080983168261  
    1.780077264413766 1.7793498598660469 1.7786280446775955  
    1.7779122097765927 1.7772025168844254 1.7764990958110778  
    1.775802180407421 1.7751121077821947 1.7744292406678253  
    1.7737541724507628 1.773087678501141 1.7724306966508263  
    1.7717841282560107 1.7711485456061564 1.7705260259985083  
    1.7699204795123222 1.769338013917174 1.7687889340575351  
    1.7683141608282829 1.7679801993678068 
  AMINOR = 0.45988819595539043 
  KAPPA = 1.2678214073078093 1.2678569244216393 1.2679634757631295  
    1.2680647125247761 1.2681394602701752 1.2682019770426307  
    1.268295223950616 1.2684130052097267 1.268545487690886  
    1.268692731266065 1.2688616060279674 1.269053591876969  
    1.2692654296883674 1.269496286256949 1.2697508312993788  
    1.270028913327849 1.2703281134065116 1.270650105063516  
    1.2709971947425445 1.2713697718421122 1.2717677828579401  
    1.2721916815003693 1.2726437119586285 1.2731247808786432  
    1.273634047920649 1.2741731902975004 1.27474429263749  
    1.2753476046362855 1.275983147151171 1.2766521790665917  
    1.2773557934660886 1.2780946097430819 1.2788689043523802  
    1.2796796767765175 1.2805281320329762 1.281414944687489  
    1.2823403912145261 1.283305762470467 1.2843123292220262  
    1.2853607210206097 1.2864516571986784 1.28758665325447  
    1.28876686987731 1.2899932491508492 1.2912669208072232  
    1.292589420091011 1.2939621495131803 1.2953864110688171  
    1.2968636240945115 1.2983955504977878 1.2999839492636895  
    1.3016304495625926 1.3033368320730858 1.3051052749635215  
    1.3069379231052112 1.308836777498576 1.310804200719456  
    1.312842862389588 1.3149553800361518 1.3171443820279671  
    1.3194129586865637 1.3217644066161347 1.3242020270608492  
    1.326729361612258 1.3293504113175256 1.332069352152115  
    1.334890541606193 1.3378187503977774 1.3408592382113993  
    1.3440175312863658 1.3472995627626414 1.3507118643360867  
    1.3542615325092398 1.3579561720446158 1.3618040798504387  
    1.3658143889732965 1.3699971913758804 1.3743635222615198  
    1.3789254285616694 1.383696223564153 1.388690727186633  
    1.3939254391217313 1.3994188945972237 1.405191976939825  
    1.4112684226453056 1.4176757379713132 1.424445470362172  
    1.4316153142389503 1.4392280046310217 1.4473333487977518  
    1.4559939190185485 1.465290943748218 1.4753269017390405  
    1.4862371257443745 1.498201511918868 1.5114932327447197  
    1.5265405814633681 1.5439868913751345 1.5650590828121804  
    1.5914352841385384 1.6311917961510807 
  DELTA = 0.0 0.0031774222893794974 0.005729079245167907  
    0.008275721076371156 0.010829991713159877 0.01338974376180203  
    0.015949498269462622 0.018512657438076625 0.021079475183365566  
    0.02364984085731112 0.02622526378030016 0.028804884187050434  
    0.03138988756482562 0.03398171202948377 0.03657926934147045  
    0.03918360168513782 0.04179557743008957 0.044415133747327626  
    0.04704310101102979 0.04967998986962003 0.052326378266050605  
    0.05498356654515853 0.057652502052678224 0.060333941983627376  
    0.06302921222112277 0.06573915869943969 0.06846429702627783  
    0.07120554289549841 0.07396350893913853 0.07673960119027608  
    0.0795355754180494 0.08235281435749324 0.0851926151689336  
    0.08805662404838346 0.09094621071102177 0.09386273451945425  
    0.09680776658293362 0.09978290828194272 0.10278973465842889  
    0.10582995759482398 0.1089052018216192 0.11201706274900877  
    0.11516735305467021 0.11835780653393344 0.12159023934233595  
    0.12486720047081751 0.12819090283734172 0.1315633790433879  
    0.13498676748724575 0.13846347743211848 0.14199566611483325  
    0.1455858093178653 0.14923647451370842 0.15295046532529272  
    0.15673040704087715 0.16057935446709504 0.16450055018623008  
    0.16849721059073905 0.17257281201218586 0.1767311673519055  
    0.18097634150725078 0.18531238858171048 0.18974392394564668  
    0.19427582502253005 0.1989132232565892 0.20366155745245235  
    0.208526785820289 0.21351534515126833 0.21863423651570596  
    0.22389111739546336 0.22929422000246816 0.23485238519741167  
    0.24057547520954226 0.24647452911656395 0.25256188245476485  
    0.25885129354301983 0.2653565580424135 0.2720922942496543  
    0.2791331411733182 0.28645657201471486 0.29407571672927213  
    0.3020168731090064 0.31030734737647203 0.3189766221326709  
    0.32806117413473695 0.33761516436675093 0.3477057278210008  
    0.35840288721694147 0.36978604807389753 0.3819612411716887  
    0.3950852640180909 0.40936319279653766 0.42500043719413333  
    0.44227748077440676 0.4617083610703547 0.4841060680754799  
    0.51048139341407 0.5422986291916273 0.5826586104677894  
    0.6360491475872575 0.7185752658453639 
  NRHO = 101 
  RHOB = 0.5812969438158333 
  RHO = 0.0 0.01 0.02 0.03 0.04 0.05 0.06 0.07 0.08 0.09 0.1 0.11 0.12  
    0.13 0.14 0.15 0.16 0.17 0.18 0.19 0.2 0.21 0.22 0.23 0.24 0.25  
    0.26 0.27 0.28 0.29 0.3 0.31000000000000005 0.32 0.33 0.34 0.35  
    0.36 0.37 0.38 0.39 0.4 0.41 0.42 0.43 0.44 0.45 0.46 0.47 0.48  
    0.49 0.5 0.51 0.52 0.53 0.54 0.55 0.56 0.57 0.58 0.59 0.6 0.61  
    0.6200000000000001 0.63 0.64 0.65 0.66 0.67 0.68 0.69 0.7 0.71 0.72  
    0.73 0.74 0.75 0.76 0.77 0.78 0.79 0.8 0.81 0.82 0.83 0.84 0.85  
    0.86 0.87 0.88 0.89 0.9 0.91 0.92 0.93 0.94 0.95 0.96 0.97 0.98  
    0.99 1.0 
  VOLP = 0.0 0.43517648877992726 0.8702422077143653 1.3050866497908413  
    1.7396006509066029 2.173676019629714 2.607206218998269  
    3.040087719757052 3.47221844459501 3.903499731140556  
    4.333836879607757 4.7631369946131406 5.191312671949362  
    5.618280149664603 6.043958383038099 6.468272950712407  
    6.8911517984479564 7.312527050117955 7.732337294472353  
    8.150522747583226 8.567028216654718 8.981803391255747  
    9.394798596895589 9.805968452388365 10.215274502817662  
    10.622681676997408 11.02815667066962 11.431661237978334  
    11.833150559889113 12.232581601613548 12.62991372319995  
    13.02510497703079 13.418116055967 13.808910041504326  
    14.19744710833122 14.583689398091375 14.96760108462442  
    15.349144566612575 15.728282650526259 16.10498056199885  
    16.47920143293053 16.85090828221596 17.220067378010555  
    17.586641132447443 17.95059183833247 18.31188490698204  
    18.670484029144188 19.02634981689395 19.379445025593277  
    19.729732709534648 20.077171898244842 20.421721774315884  
    20.763342831029437 21.101992531417736 21.437625992987858  
    21.770200631247693 22.099669827961712 22.42598311576927  
    22.74909181590542 23.068944994652828 23.385486975012437  
    23.698660882533996 24.008407379461854 24.314662984177875  
    24.617359757547586 24.916430269661856 25.21180043874626  
    25.503386381148893 25.79110186494835 26.07485600581144  
    26.354550571519418 26.630075681001955 26.901312879024946  
    27.1681390005617 27.430414600663894 27.687982467659776  
    27.94066326042725 28.18824883448112 28.430499648462597  
    28.66713594171565 28.897833631017605 29.12221681368849  
    29.339826742491915 29.550105017958625 29.752359924737895  
    29.94572688406097 30.129172826392328 30.30145888718896  
    30.46099599026687 30.605781254952383 30.73334870159771  
    30.84062012824447 30.924197069911795 30.98008708671743  
    31.004139277296307 30.990281478595115 30.933807145712823  
    30.810561338926995 30.608164091089517 30.164856077791065  
    29.285725375684994 
  IPOL = 0.995032079698674 0.9950377673560957 0.9950547915702332  
    0.995083036448206 0.9951223100923692 0.995172346482334  
    0.9952328080867663 0.9953032891865612 0.9953833198999013  
    0.9954723708693244 0.9955698583909771 0.9956751476029198  
    0.995787557868741 0.9959063725072772 0.9960308457335442  
    0.9961602082933665 0.99629367551502 0.996430453210885  
    0.996569748588163 0.996710776907077 0.9968527639987572  
    0.9969949630316733 0.9971366473751831 0.9972771423682818  
    0.9974158198377412 0.9975519203393073 0.9976847074666813  
    0.99781386837511 0.9979392387949375 0.9980606124559178  
    0.9981778241863468 0.9982907151637204 0.9983991495436941  
    0.9985030030444846 0.9986021732382334 0.998696571558165  
    0.9987861248722465 0.9988707776900123 0.9989504893364103  
    0.9990252356034135 0.9990950052792023 0.9991598044219108  
    0.9992196480836009 0.9992745710772499 0.9993246157411895  
    0.9993698435452905 0.9994103190609593 0.9994461292139689  
    0.9994773644657765 0.9995041256411141 0.9995265308036658  
    0.9995446992523951 0.9995587641120075 0.9995688645449703  
    0.9995751504831588 0.9995777733910927 0.9995768971777054  
    0.9995726892168294 0.9995653208629258 0.9995549688361128  
    0.9995418164553491 0.9995260464019056 0.9995078493919239  
    0.9994874109737482 0.9994649264838102 0.9994405889359371  
    0.9994145936615635 0.9993871335650586 0.9993584073040893  
    0.9993286091460175 0.9992979395661168 0.9992665953302603  
    0.9992347775726051 0.9992026976899306 0.999170568915865  
    0.9991386181110606 0.999107095100668 0.999076271692874  
    0.9990464705060741 0.9990180679732243 0.9989915316390663  
    0.998967444211255 0.9989465473267706 0.9989297724150217  
    0.9989182826268863 0.9989134754644884 0.9989169632174274  
    0.9989304996660305 0.9989558723444589 0.9989948173189422  
    0.9990489215823876 0.9991195099181955 0.9992072278672414  
    0.9993112443692644 0.9994281217482315 0.9995514051949947  
    0.9996723763971049 0.999782421627489 0.9998768873227055  
    0.9999502962636528 0.9999969902416312 
  G11 = 0.0 0.4308185598017771 0.8616281388512689 1.2926449338522974  
    1.7240007720948398 2.1557034147203167 2.587740284269245  
    3.0202248733458625 3.4533648466964273 3.8871920021378443  
    4.321673855466778 4.75696903867069 5.193147348103218  
    5.6301967372935815 6.068206515050906 6.5072392198397235  
    6.947332016114547 7.388553335880301 7.8309013443438955  
    8.274438110681949 8.71920910948781 9.16521798924713  
    9.612521145547092 10.061148946266211 10.511108684497813  
    10.962431904724783 11.415141873631804 11.869269437775332  
    12.324869956541518 12.782001695829324 13.240729513258021  
    13.7011101230897 14.163169977257375 14.626971337070373  
    15.09263584642112 15.560156445323038 16.029601523043205  
    16.501114576144193 16.97466295330196 17.4504072961461  
    17.928373417720863 18.408676869503083 18.89139905554745  
    19.3765965273754 19.8644563536518 20.354952161388514  
    20.848343745026696 21.344648131081968 21.843969283872  
    22.346604296904037 22.85252129597894 23.36189801007627  
    23.8750531470273 24.39202300675511 24.91296995740081  
    25.438209513592415 25.967991665653294 26.50245005169419  
    27.041815365005213 27.586483058397274 28.1367881722106  
    28.693015305802618 29.255417697028783 29.824473521680762  
    30.40070639426566 30.984612217278745 31.576592423778422  
    32.17713917062189 32.78704406911761 33.40707762669242  
    34.038093103939985 34.680706247037584 35.33585177146917  
    36.00490128922241 36.68927568324828 37.38993954495987  
    38.10830451969311 38.84696678798601 39.60814699983177  
    40.393343699833935 41.20614187333907 42.051107508896635  
    42.930085736812096 43.85055794860413 44.817980955945586  
    45.839784592231915 46.92762584644124 48.092262270335674  
    49.34993794750938 50.725111386462196 52.23939449821749  
    53.94018082629053 55.88097293877687 58.10952511103078  
    60.76856083372619 63.964433718393046 68.1379701516469  
    73.03092486118621 83.51784124281474 117.08614736877966  
    261.0460396302371 
  G22 = 0.0 0.005783317404232178 0.011566653259345137  
    0.017353051429411404 0.02314442929614969 0.02894103455569856  
    0.034742849474714066 0.04055156508796533 0.046370126219121  
    0.05219913677088749 0.05803835161676377 0.06389007817175082  
    0.0697554734256437 0.07563459201024711 0.08152884177316727  
    0.0874393258179424 0.0933667836110299 0.0993123843890575  
    0.10527639841289946 0.11125992778128707 0.11726387569967726  
    0.12328860449727781 0.12933514114252245 0.13540420520325128  
    0.14149627275813378 0.14761210610739053 0.15375234697358814  
    0.1599177112122568 0.16610913881957912 0.1723276140454682  
    0.17857424934426205 0.18485002007548645 0.19115553021130538  
    0.1974918828869803 0.2038609271713611 0.21026282182414488  
    0.21669876633424776 0.2231709158004439 0.22967906911810657  
    0.23622569457372924 0.2428113729418661 0.2494378974788654  
    0.256106667253807 0.262818692343567 0.2695767343545321  
    0.2763807210963235 0.2832344467458888 0.29013836848806257  
    0.2970941683804125 0.30410615379456274 0.3111741162559523  
    0.31830072976965446 0.32549061343774344 0.3327444789341542  
    0.34006477247799993 0.34745609592335336 0.3549220826292245  
    0.3624647327042669 0.3700874724040485 0.3777959649516673  
    0.38559496813942595 0.3934885842052582 0.4014805289142192  
    0.409577538396776 0.41778693524521476 0.42611576861324035  
    0.4345697464140342 0.44315569916101927 0.45188462718758826  
    0.46076728150481155 0.4698155333775244 0.47903787115189045  
    0.48844720689230964 0.49806257535944076 0.507903537165511  
    0.5179832112127936 0.5283207932296763 0.5389516364152007  
    0.5499057164161258 0.5612027324696974 0.5728910394861808  
    0.5850321684337888 0.5976486497695213 0.6108399835238806  
    0.6246753369947389 0.6392490895782273 0.6547132567463463  
    0.6712063651780252 0.6889388512675879 0.7082298906318467  
    0.7293507658606031 0.7529213290038117 0.7796458964702759  
    0.8101484200944915 0.8463937548390342 0.8898556919067847  
    0.9467522521944978 1.01339253725453 1.157711530543792  
    1.620687979578652 3.616912482093809 
  G33 = 0.9358929712889997 0.935927245183074 0.9360303575425762  
    0.9362022037245421 0.9364423306585817 0.9367505485648124  
    0.9371265502918906 0.9375696455275422 0.9380794741094276  
    0.9386553962634488 0.9392965484024957 0.9400023996626042  
    0.9407719703223083 0.9416043247890005 0.942498710102517  
    0.9434539353685678 0.9444690893273725 0.9455432232809616  
    0.9466750768758136 0.9478637126702826 0.9491081025597303  
    0.9504070988332992 0.9517598912705334 0.9531655436665109  
    0.9546227691184243 0.9561304698491115 0.9576877153089114  
    0.9592938922569919 0.9609489670430625 0.9626529092020542  
    0.9644055640619307 0.9662069777279793 0.9680570640692115  
    0.9699556489909488 0.9719028378260964 0.973898653381981  
    0.9759430440658713 0.978036133703461 0.9801780562490152  
    0.9823688415024654 0.9846086905522973 0.9868978414098791  
    0.989236379013166 0.9916246346516305 0.9940629724361785  
    0.9965515990654262 0.999090850847741 1.0016812332923815  
    1.0043231544799338 1.0070170288869096 1.009763476517904  
    1.0125631292315336 1.015416549089432 1.0183244596723338  
    1.0212876991463675 1.0243070031085133 1.0273832904331799  
    1.0305176672248766 1.03371115062148 1.0369648611800477  
    1.040280126633792 1.0436583286693515 1.0471009478695368  
    1.0506096479119418 1.0541862686853702 1.057832626531766  
    1.0615508141158987 1.0653433350447363 1.0692127652210441  
    1.0731618766856235 1.077193721556647 1.0813118284857224  
    1.0855200537340493 1.089822421289128 1.094223599841973  
    1.0987289460329066 1.1033446505739266 1.1080780092446876  
    1.1129374828550287 1.1179330302505939 1.1230762301169535  
    1.1283805485379692 1.133862498832616 1.13954226236566  
    1.1454449720513546 1.151602272719366 1.158052281107935  
    1.1648412561578019 1.172029552000929 1.1796945795832767  
    1.1879335306457108 1.1968703510932373 1.2066465428961817  
    1.2174349744919999 1.229427253560329 1.242908555555233  
    1.2581325701196202 1.276182786554196 1.2977425414228585  
    1.3301537036334068 1.3838583723774363 
  GRADRHO = 0.9984869473957271 0.9915506461233281 0.9915788697492095  
    0.9917164320700695 0.9919407838651231 0.9922134654907658  
    0.9925171332873949 0.9928700243980438 0.9932932334905676  
    0.9937741117711918 0.9942976326084976 0.9948753509059924  
    0.9955069645448551 0.9961834891514445 0.9969062768099387  
    0.9976759878052628 0.9984907441304915 0.999349911357143  
    1.0002490162622608 1.001188782255012 1.0021686592959276  
    1.0031853675510827 1.0042384762768508 1.0053273382545103  
    1.006450276520173 1.0076057084078784 1.008792234611913  
    1.0100097341563838 1.0112584456744125 1.0125382374932543  
    1.0138495452293392 1.015192669111954 1.0165666826859685  
    1.0179716556240146 1.0194096270594817 1.0208786420186606  
    1.0223791325011498 1.0239132873240193 1.025478051193117  
    1.027076728178884 1.02870790929877 1.030372587053441  
    1.0320711015461745 1.0338030909382476 1.0355712809544115  
    1.0373726254781133 1.0392116357629535 1.0410864776972568  
    1.042997306584157 1.0449486118906792 1.0469370750141158  
    1.0489643651446725 1.0510348190992682 1.0531460903526642  
    1.0552988662558693 1.0574968916098335 1.0597418429243708  
    1.0620327611511147 1.0643708446667353 1.0667601180177904  
    1.0692026695611996 1.0716994268838833 1.0742506533235112  
    1.0768601352035778 1.0795317669084188 1.0822686302331732  
    1.0850716235690023 1.0879424059803444 1.0908869950283617  
    1.0939103653028692 1.0970178471760894 1.1002097371251214  
    1.1034905802125288 1.1068705682661069 1.110358799985102  
    1.1139555742397145 1.1176662443189893 1.1215111633250854  
    1.1255019962561372 1.1296372314299339 1.1339412271785267  
    1.1384462748578468 1.1431416930170895 1.1480848198160294  
    1.153294102325877 1.158802952109292 1.1646821222891433  
    1.170969638538168 1.1777437966379254 1.18514065313249  
    1.1931969744223643 1.2021701559687246 1.2122694563966914  
    1.2234731031288453 1.2365542013390807 1.251366375039179  
    1.270721153661006 1.2883967830037055 1.3412587700965002  
    1.5122886153147015 2.0435270382520767 
  AREA = 0.0 0.43144680662859664 0.8629047990943969 1.2943107270429748  
    1.725606332049265 2.1567471958253575 2.587713343007699  
    3.0184799494009025 3.449009876083334 3.8792627241011104  
    4.309211536879813 4.738827960758624 5.168079574871148  
    5.596936839596385 6.025374626432061 6.453366278462023  
    6.880885828695656 7.3079077600868745 7.73440998327142  
    8.160371455443073 8.585770565729957 9.010587563758392  
    9.434804847658429 9.858405345113116 10.281372315161061  
    10.703690723159085 11.125347567925989 11.54633041296556  
    11.966626577292795 12.386224104403457 12.805111777189635  
    13.22327847105693 13.640713243178034 14.0574062334633  
    14.473347827390043 14.888528454032956 15.302939770320284  
    15.716573013437834 16.129420660475514 16.541476029094387  
    16.952731198740118 17.363181017407694 17.772818940983008  
    18.18164088130811 18.58964119847501 18.996816448663875  
    19.40316360632615 19.808679091006415 20.21336172944795  
    20.61720956034336 21.020221760802393 21.422399257950083  
    21.823742293474837 22.22425223786535 22.62393263533322  
    23.022786878002503 23.42081911345903 23.81803486790783  
    24.21444190392417 24.61004821837972 25.00486302108213  
    25.398897092796652 25.79216353583664 26.184677278541695  
    26.576454536647976 26.967513634022 27.357875211131333  
    27.74756359952729 28.136605749028718 28.525031206616703  
    28.91287286042172 29.300167845287625 29.686959817801835  
    30.073295994684216 30.459228710820042 30.84481668878202  
    31.230129767513468 31.615243875698763 32.00024280066698  
    32.385224250092385 32.7703027057253 33.155601185164606  
    33.541264868930305 33.927466706693075 34.31439178421535  
    34.70227634066328 35.091381669404264 35.48203515529841  
    35.874634973694285 36.269677013465206 36.66778752111042  
    37.069819196719706 37.47683163384405 37.89038780971986  
    38.31269851319579 38.74697155735711 39.19840422150321  
    39.67562224192343 40.19525828972474 40.771796462016646  
    41.507285256595935 
  RMINOR = 0.0 0.0052614304512736965 0.010522762233727057  
    0.015783400979303974 0.021043098840028085 0.026301645485056313  
    0.03155861750437372 0.0368137947836642 0.04206684918789261  
    0.04731741403742251 0.05256524788617711 0.05780999283605759  
    0.0630513305203404 0.06828902253287727 0.07352272806344784  
    0.07875214857186896 0.08397703708853477 0.0891970569466275  
    0.09441193791541991 0.09962139227032563 0.1048250824724255  
    0.11002278105417262 0.11521417704788361 0.12039894491646241  
    0.12557684629334265 0.1307475651704516 0.13591077960520126  
    0.14106623665386286 0.14621365060917313 0.1513527238469471  
    0.1564831752721243 0.16160469185500204 0.16671697198665536  
    0.1718197416073678 0.17691268059563325 0.18199546412629986  
    0.18706781402216577 0.1921294032917531 0.19717988997384317  
    0.20221897071188688 0.20724630623095375 0.21226155223707344  
    0.21726436020687734 0.2222543928290618 0.22723126768607638  
    0.23219462886755848 0.23714410225768667 0.24207927872566481  
    0.24699977656572192 0.25190518906937664 0.2567950795443307  
    0.26166902084278687 0.2665265762433796 0.2713672736814471  
    0.27619063392542376 0.2809961760533528 0.28578339099344807  
    0.29055173634877607 0.2953006736195044 0.3000296469712823  
    0.30473805764565887 0.3094252760556423 0.31409067658211287  
    0.31873360098043635 0.3233533406269071 0.32794916287454656  
    0.3325203087348291 0.3370659846229591 0.34158534207120494  
    0.34607749937944343 0.35054152588684284 0.35497642937090945  
    0.35938118486212167 0.3637546988564505 0.3680957991549535  
    0.3724032302576332 0.3766756831232988 0.3809117335876211  
    0.38510983020703893 0.3892683325265417 0.3933855377100949  
    0.39745952149533814 0.4014882315198387 0.40546950174939966  
    0.40940063567501606 0.4132786744551984 0.4171002402663506  
    0.42086162032845376 0.42455863312214615 0.4281866682609995  
    0.43174031024788573 0.435213484481772 0.43859856405008546  
    0.4418865019804328 0.4450647175419369 0.448116558734698  
    0.451021718537037 0.45375362598443403 0.4562710414074388  
    0.45840553204224277 0.45988819595539043 
  SHIFT = 0.059481512399987224 0.05947010098942185 0.05943564088444875  
    0.05937812338088877 0.05929778121872853 0.059194749321417106  
    0.05906910896215756 0.05892115284907429 0.058751088864796186  
    0.05855913954276737 0.05834569308324511 0.058111024388250776  
    0.05785550221600522 0.05757957147370618 0.05728357968639308  
    0.05696801266799878 0.05663334753347238 0.05628001540375838  
    0.0559085649561446 0.05551950532912686 0.05511332938764024  
    0.05469060627429867 0.054251868497463995 0.05379762304514335  
    0.053328450970998365 0.052844905185250646 0.05234751024045692  
    0.0518368439553043 0.051313418375291686 0.05077769539040888  
    0.05023012868698862 0.049671115228036244 0.049101027264800035  
    0.04852026089623607 0.04792916971501304 0.04732808629283536  
    0.04671736624953993 0.04609733291870177 0.045468291879458445  
    0.04483057437217419 0.04418448893131077 0.043530321169680475  
    0.042868386289916405 0.04219898278884493 0.041522387214161904  
    0.040838897819383435 0.0401488118986526 0.03945240238055048  
    0.0387499532993123 0.0380417615274149 0.037328103030421556  
    0.036609250794163994 0.03588550046079941 0.03515713447656443  
    0.03442442010131108 0.03368765033692034 0.03294711501430303  
    0.03220308858648169 0.03145585755416391 0.0307057192846516  
    0.02995296047756124 0.029197865791160016 0.02844074020734899  
    0.02768188590624865 0.026921594975900742 0.02616017497087242  
    0.02539794786433136 0.02463522564894083 0.023872322476894414  
    0.02310957207056097 0.022347312720280677 0.021585881002275764  
    0.0208256167762797 0.02006689145846785 0.019310079403873193  
    0.018555554508116412 0.017803694208549548 0.017054882703242402  
    0.016309515798218932 0.015567996225685832 0.014830725682609902  
    0.014098158413765827 0.013370753866046803 0.012648938677595423  
    0.011933103776592624 0.011223410884425356 0.010519989811077712  
    0.009823074407421029 0.009133001782194672 0.008450134667825182  
    0.007775066450762758 0.007108572501140831 0.006451590650826233  
    0.00580502225601065 0.005169439606156345 0.004546919998508203  
    0.003941373512322155 0.003358907917173859 0.0028098280575350465  
    0.0023350548282827788 0.002001093367806739 
  PMHD = 73706.7309 73674.48424867727 73577.86379357212  
    73417.22716012308 73193.16756657707 72906.50956246229  
    72558.30311358368 72149.81605410845 71682.52484226607  
    71158.10372133454 70578.41258265401 69945.48143209566  
    69261.49060967607 68528.75154875194 67749.69591832948  
    66926.85959914293 66062.85697521255 65160.365431816244  
    64222.11208969697 63250.849945395224 62249.333243294735  
    61220.29568929362 60166.469352573295 59090.48806338892  
    57994.9019395017 56882.6292231656 55756.553187957754  
    54618.551522950795 53470.16443919115 52313.04458984205  
    51148.78337709417 49978.9571629867 48805.11170207009  
    47628.76552547036 46451.40768456225 45274.496503428636  
    44099.45569570976 42927.677042702984 41760.5167746162  
    40599.293658655246 39445.29121983593 38299.751238924844  
    37163.88008260773 36038.83983421252 34925.754874233404  
    33825.70565183312 32739.73063379284 31668.82559053407  
    30613.94117212257 29575.985648796777 28555.82175686864  
    27554.266502234226 26572.09279624933 25610.027750338162  
    24668.75212879363 23748.901555519322 22851.065579686758  
    21975.787826002048 21123.565775459974 20294.851634362825  
    19490.05124823935 18709.525408011 17953.589127580337  
    17222.511397750426 16516.516748277056 15835.783188950058  
    15180.443793268554 14550.584635505402 13946.244690489952  
    13367.41501225111 12814.035594192941 12285.993000267174  
    11783.115556055543 11305.165877499754 10851.832216370018  
    10422.713274889664 10017.295748615734 9634.928486864781  
    9274.776932457045 8935.766993144643 8616.509739538662  
    8315.20076816355 8029.501121031836 7756.413597859164  
    7492.178763003057 7232.206377541013 6971.149296928318  
    6703.084428019953 6421.791788887669 6121.030679112869  
    5794.767842705955 5437.534705176215 5045.698928132791  
    4619.967568835232 4169.055840692639 3711.3064008011143  
    3272.6137125005116 2879.02467464269 2544.4135754328504  
    2286.5598402601167 2123.5785401272387 
  QMHD = 1.1711102513323097 1.1712612289046527 1.171714363996368  
    1.1724702557913844 1.1735298761946897 1.1748945302195188  
    1.1765658010321338 1.1785454802977249 1.1808354850988332  
    1.1834377621362953 1.1863539120714768 1.1895796837128632  
    1.1931019656300041 1.1969132372740081 1.2010207449318628  
    1.2054226044985112 1.2101089412442552 1.2150859831079752  
    1.2203590896819059 1.2259243939310904 1.2317748679222829  
    1.2379202717736932 1.2443628752190286 1.2511013791096572  
    1.2581364305219231 1.2654718335674542 1.2731129199824707  
    1.2810610018187636 1.2893185714900746 1.2978960275842315  
    1.3068006813427668 1.3160348123675945 1.325604254650099  
    1.3355206230683008 1.3457913382093865 1.3564223036615057  
    1.3674223429927286 1.3788033270504598 1.3905750101004546  
    1.402746526865778 1.4153279269474515 1.428334371170586  
    1.4417777328808736 1.4556694745179455 1.470023244303205  
    1.484856947314488 1.5001856041465869 1.5160238323985358  
    1.5323905305755032 1.549306248532484 1.566789794463723  
    1.5848605251635564 1.6035426274076718 1.6228610377868804  
    1.6428401131142119 1.6635061312897363 1.6848894950162043  
    1.707020708394413 1.7299321943443533 1.7536588047947699  
    1.778239251725735 1.8037142690152201 1.8301261175191237  
    1.8575215409874029 1.8859513714983704 1.9154701374170695  
    1.946136133488435 1.9780135064545485 2.011171488413025  
    2.045684875301459 2.0816344298939775 2.119111107773472  
    2.1582149927052505 2.1990553440209637 2.241752999188735  
    2.28644337160346 2.3332768165721065 2.382421900030993  
    2.4340665017299514 2.488424511279094 2.545748422988861  
    2.6063266194550145 2.670498684807385 2.73868170085126  
    2.8113622013588855 2.889138008771043 2.9727589062559803  
    3.0631178468542157 3.161318845444379 3.2687638864587854  
    3.387269690120607 3.5193135003818172 3.6683178421594715  
    3.83915677360855 4.038626900065819 4.280508419964344  
    4.563787134490095 5.001298620875989 5.352787650125547  
    7.033104239238157 10.449894017596272 
  ER = 0.0 0.0 0.0 0.0 0.0 0.0 0.0 0.0 0.0 0.0 0.0 0.0 0.0 0.0 0.0 0.0  
    0.0 0.0 0.0 0.0 0.0 0.0 0.0 0.0 0.0 0.0 0.0 0.0 0.0 0.0 0.0 0.0 0.0  
    0.0 0.0 0.0 0.0 0.0 0.0 0.0 0.0 0.0 0.0 0.0 0.0 0.0 0.0 0.0 0.0 0.0  
    0.0 0.0 0.0 0.0 0.0 0.0 0.0 0.0 0.0 0.0 0.0 0.0 0.0 0.0 0.0 0.0 0.0  
    0.0 0.0 0.0 0.0 0.0 0.0 0.0 0.0 0.0 0.0 0.0 0.0 0.0 0.0 0.0 0.0 0.0  
    0.0 0.0 0.0 0.0 0.0 0.0 0.0 0.0 0.0 0.0 0.0 0.0 0.0 0.0 0.0 0.0 0.0 
  NC1 = 0.9985000575707853 0.932926624227071 0.9080807523581732  
    0.8900704057115464 0.875559564634776 0.8632625562942166  
    0.8525224524959052 0.8429507873511523 0.834296190593104  
    0.8263837960948441 0.8190864256000496 0.8123093167249038  
    0.8059785542395217 0.8000353724961772 0.7944323574709391  
    0.7891304566359453 0.784097436961361 0.7793057392287345  
    0.7747316956060409 0.7703554244966426 0.7661596395060948  
    0.7621289104565787 0.758249968623344 0.7545112638418296  
    0.7509019984136426 0.7474125950153985 0.7440347315815659  
    0.7407612901906059 0.7375863038064453 0.7345042352013024  
    0.7315099255999628 0.7285988897208505 0.7257668216048557  
    0.7230095718797198 0.7203235941988212 0.7177056201325541  
    0.7151524896740103 0.7126612972651429 0.7102294038545635  
    0.7078543904387649 0.7055340052060259 0.7032660953386124  
    0.7010486516832658 0.6988799554054761 0.6967583595793139  
    0.6946821593252958 0.6926499256208094 0.6906604187544766  
    0.6887123421545193 0.6868044629113425 0.6849357803466446  
    0.6831053875770573 0.6813123034692662 0.6795556932094761  
    0.6778348751375515 0.6761491309394668 0.674497835371014  
    0.6728804642807994 0.6712965473900572 0.6697456653576092  
    0.668227442515107 0.666741592887846 0.6652878867482317  
    0.6638661757869375 0.6624763697031495 0.6611183680168674  
    0.6597922121938902 0.6584980300449603 0.6572359935600094  
    0.6560063910920817 0.6548095333986295 0.6536458834801243  
    0.6525159495599455 0.6514202948199337 0.6503597269273046  
    0.6493351163399858 0.6483476027877084 0.6473986689339158  
    0.6464899691294994 0.6456237599680614 0.6448025111759256  
    0.6440289500181573 0.6433070258357694 0.6426410214721389  
    0.6420362341725916 0.6415007450549378 0.6410430196945276  
    0.6406724564626577 0.6404036003423078 0.6402539140867568  
    0.6402426735173753 0.6403979357521004 0.6407485195400806  
    0.6413237629647821 0.6421528843332381 0.6432705912185479  
    0.6447232309560109 0.646683540929443 0.6493101189354205  
    0.6538099497878502 0.6625420010406251 
  HFAC1 = 0.9999999999994527 0.9971268122335049 0.9942718166330331  
    0.9914352478858297 0.9886170878345866 0.9858173667257079  
    0.9830361176311906 0.9802731665473493 0.9775285136616118  
    0.9748020152987865 0.9720934148824673 0.9694026236749096  
    0.9667293230162552 0.9640732086943432 0.9614340477012154  
    0.9588114251382203 0.9562050385599026 0.9536145508528424  
    0.9510394993277964 0.9484795642985437 0.9459343951994372  
    0.9434035530062572 0.9408867786163402 0.9383837666162081  
    0.9358939851989205 0.9334170392509974 0.9309526328726633  
    0.9285006068780737 0.9260610945350723 0.9236342096004913  
    0.9212199820914886 0.9188185345325246 0.91642989189188  
    0.9140540177628307 0.9116910329261179 0.9093410041412451  
    0.9070039406668542 0.9046799460755962 0.9023691233306245  
    0.9000715271761789 0.8977872981418068 0.8955165774297658  
    0.8932594560765965 0.8910161335882835 0.8887868367230831  
    0.8865716982131832 0.8843709407295951 0.8821848756899169  
    0.8800137481184243 0.877857829601574 0.8757174986084946  
    0.8735931390217954 0.8714851037578691 0.869393844381773  
    0.867319866542469 0.8652636315684432 0.8632257076182469  
    0.8612067520877525 0.8592073907685956 0.8572283124218923  
    0.8552703065739691 0.8533342112382728 0.8514209040601477  
    0.849531368819932 0.8476666904432467 0.845827943064811  
    0.8440163476887194 0.8422333023780716 0.8404802710950058  
    0.8387588346111841 0.8370706914042592 0.8354177725387779  
    0.8338021361114673 0.8322259504764982 0.8306917151917337  
    0.829202200107323 0.8277605374816802 0.8263703690980212  
    0.8250357833352965 0.8237615554584092 0.8225530410885866  
    0.8214163267986946 0.8203588990359721 0.8193894742528609  
    0.8185187289396066 0.8177601883440025 0.8171294621186169  
    0.8166446918294744 0.8163300007145906 0.8162154249609795  
    0.8163376981049848 0.8167444543822335 0.817489454191314  
    0.8186360833017294 0.820253808352217 0.8224458708608585  
    0.8253058174414262 0.8292218642284077 0.8344334499786075  
    0.8435787914109303 0.860181561699265 
  HFAC2 = 0.9999999999999957 0.9942660092521101 0.9885928673717718  
    0.982980582227958 0.9774286588815687 0.9719366968468011  
    0.9665042974526341 0.9611306638499056 0.9558153451634961  
    0.950557607031987 0.9453564994274519 0.9402114093340688  
    0.93512128723524 0.9300851155953106 0.9251020183412801  
    0.9201707895094788 0.9152904497463821 0.910459952625214  
    0.905678026641071 0.900943690101246 0.89625591275858  
    0.891613503316125 0.8870156144271801 0.8824613349952682  
    0.877949342022855 0.8734785632177979 0.8690481275834486  
    0.864657440400695 0.8603064436121709 0.8559950354300769  
    0.8517229659033937 0.8474901629524244 0.8432963753113508  
    0.8391412338716705 0.8350246582731043 0.8309464835444937  
    0.8269064379970522 0.8229044070322864 0.8189402854189848  
    0.8150138946539321 0.8111251956962531 0.8072741442838617  
    0.8034606187074583 0.7996846930570857 0.7959464767867142  
    0.7922459097808916 0.7885830971677099 0.7849582977321627  
    0.7813716448911866 0.7778233101193714 0.7743136534362092  
    0.7708430450384133 0.7674117854171915 0.7640203325436602  
    0.7606692445412382 0.7573589964817852 0.7540902244603672  
    0.7508637059858163 0.7476801689622524 0.7445404331607697  
    0.741445461650537 0.7383962931250998 0.7353940296296374  
    0.7324399241271369 0.7295353743523421 0.7266817522214515  
    0.7238806586019706 0.7211339555383892 0.7184435871502614  
    0.7158116774795218 0.7132405130048383 0.7107327265271149  
    0.7082911325741879 0.7059186936795165 0.7036188720648289  
    0.7013955196023075 0.6992530382750807 0.6971966119639407  
    0.6952320911803399 0.693366395927773 0.6916073157209272  
    0.6899637150930404 0.6884466293480583 0.6870689224074923  
    0.6858463939563142 0.6847993917422341 0.6839514608042113  
    0.68333002869826 0.6829720223846555 0.682923531984192  
    0.6832404768619385 0.683995882901181 0.6852720106798865  
    0.6871654050993249 0.6897820519840051 0.6932779209756003  
    0.6978005624416915 0.7039466677787523 0.7121105572467306  
    0.7263626466528572 0.7525051111592581 
  PSI = 0.0 2.585746345046491e-05 0.00010340978096796987  
    0.00023259676283056093 0.000413318136609544 0.0006454336448846589  
    0.000928763175253355 0.0012630869365405448 0.0016481457679405017  
    0.0020836415582548475 0.0025692376146956705 0.003104560709468699  
    0.0036892057747342855 0.004322739484718203 0.005004696194234021  
    0.0057345775319724915 0.006511859894859503 0.0073359925795432775  
    0.008206393542674797 0.009122455011138945 0.010083548333347804  
    0.01108902137666825 0.0121381944704452 0.013230367244901215  
    0.014364819779964332 0.015540812560078391 0.01675758458595031  
    0.018014356055297262 0.019310331055819335 0.020644694388308182  
    0.022016608130947357 0.023425218194901974 0.024869657875888684  
    0.026349042469459183 0.0278624671531083 0.029409012896356654  
    0.030987751395366588 0.03259773362995252 0.034237997374909734  
    0.03590757004518088 0.03760546232605242 0.039330678699078275  
    0.04108220110186055 0.04285901049595936 0.044660070457796505  
    0.046484337664896284 0.048330755254815186 0.05019825467443064  
    0.05208576719842038 0.05399220461682032 0.05591647101694582  
    0.05785747036055647 0.05981409130736647 0.06178521288302871  
    0.06376971323329929 0.06576646017421145 0.06777431184183483  
    0.06979211956367265 0.07181873384953674 0.0738529948072354  
    0.0758937341973819 0.07793977638032275 0.07998994337888948  
    0.08204305246154783 0.0840979094608515 0.086153312963577  
    0.08820805428957457 0.09026092336196047 0.09231069978204975  
    0.09435615134585662 0.09639603714111025 0.0984291073165714  
    0.10045410984571874 0.10246977105693746 0.10447479998383397  
    0.10646788830694755 0.10844772706018707 0.11041297312841147  
    0.11236224954254703 0.11429416527718306 0.1162073101770118  
    0.11810019294359647 0.11997129002108536 0.121819034796898  
    0.12364170335144138 0.12543755862177935 0.12720464688092445  
    0.12894089806153475 0.13064404415994169 0.13231159670143217  
    0.13394075170806127 0.1355284584520282 0.13707089946323012  
    0.1385638543215526 0.14000214107516662 0.14137900009262233  
    0.14268614325004508 0.1439124251148417 0.14504013577782043  
    0.14599498351867785 0.14665735062515683 
  VOL = 0.0 0.0012646120983408296 0.0050586146705935775  
    0.01138131433039933 0.0202309259116423 0.031604939782069796  
    0.04550062156692969 0.06191477087942275 0.0808433087889611  
    0.10228128277334506 0.12622359572922554 0.15266457009181772  
    0.1815977916669163 0.21301646209607156 0.2469134402714367  
    0.28328097543964637 0.32211095117055977 0.36339475416017364  
    0.407123484475546 0.4532879334245433 0.5018784328593525  
    0.5528850788073918 0.6062977005200584 0.6621058107826399  
    0.7202986754094922 0.7808653544170695 0.8437947219993878  
    0.9090754571522458 0.976695963948861 1.046644413551884  
    1.1189087249281662 1.1934765547371493 1.2703353422155885  
    1.3494723774643682 1.4308746303815378 1.5145288002943735  
    1.6004215845303116 1.6885392225209799 1.7788678457225133  
    1.8713935062618476 1.9661017023074696 2.0629781671642555  
    2.162007946162623 2.263176379177154 2.3664681156474554  
    2.471867931585069 2.5793603217570418 2.6889293072585967  
    2.8005591818237754 2.9142335557090027 3.0299359157293377  
    3.1476498580694874 3.2673583215932416 3.38904402205619  
    3.5126898176805406 3.638278029440382 3.7657906107750927  
    3.8952092811334946 4.026515826826394 4.159691453653595  
    4.294716966358466 4.4315728337142435 4.570239443148181  
    4.71069687157671 4.8529245436862265 4.996901444364736  
    5.142606135729915 5.29001715633073 5.439112404179507  
    5.589868998715222 5.742263404009481 5.896271529760683  
    6.051869389277902 6.209031648775622 6.367731904409702  
    6.527942780708907 6.6896373862089895 6.852786639056904  
    7.0173592804954 7.1833235437907685 7.350647289725142  
    7.51929314012479 7.689222822829903 7.860397663317286  
    8.032768809457565 8.206291045416423 8.380906170063888  
    8.556553742405825 8.73316343286091 8.910654489966534  
    9.088928753578823 9.267885676788302 9.447373315719659  
    9.627251518874505 9.807344855642825 9.987399815945224  
    10.16714199151821 10.346159580844038 10.523661274217233  
    10.6904986282501 10.83030025310729 
  GR2I = 0.3000937714652093 0.3001047592539783 0.30013781698100506  
    0.30019291201992454 0.3002699009872034 0.30036872376340235  
    0.30048928030910077 0.30063134785282813 0.3007948115262548  
    0.3009794674378998 0.30118503831714105 0.30141135328478613  
    0.3016580984805794 0.30192497393667184 0.30221173812571367  
    0.30251800936798456 0.30284349556729356 0.3031878926156367  
    0.3035507962581808 0.3039319059158526 0.30433089258776913  
    0.3047473884204157 0.30518113306784045 0.30563182609739553  
    0.30609905517008873 0.3065824686703716 0.30708176811416765  
    0.3075967564747989 0.3081274230962933 0.30867375856843715  
    0.3092357132517417 0.3098133017133259 0.3104064965030303  
    0.3110152419334321 0.31163957175831214 0.3122794932109382  
    0.3129349895086122 0.31360610035866454 0.3142928689071067  
    0.3149953046931665 0.31571347224836427 0.31644744832507  
    0.3171972601071359 0.31796301304972885 0.3187448236877347  
    0.31954275898539475 0.3203569272084108 0.3211874901484656  
    0.32203457816523207 0.3228983239890666 0.32377892687051885  
    0.32467658984123415 0.32559149276974503 0.3265238670504531  
    0.3274739816697584 0.32844207324162455 0.32942843647945064  
    0.33043342556676747 0.33145736620210575 0.3325006173970162  
    0.33356360509354466 0.3346467731119285 0.33575059662203377  
    0.3368756085171816 0.3380223979767048 0.3391915471791289  
    0.3403837275843383 0.3415997425232488 0.34284041772745527  
    0.3441066414782684 0.34539939217063165 0.3467198014296674  
    0.34806910603246366 0.34944859617460633 0.3508597689433367  
    0.3523043423291021 0.35378430128966776 0.3553019844459965  
    0.35686010191437056 0.35846184384809765 0.36011092189492167  
    0.36181165574501106 0.36356934785310124 0.36539047464765695  
    0.3672830953655033 0.36925735193940645 0.3713254449848463  
    0.3735021782250386 0.37580688915240146 0.3782643865302955  
    0.38090585830975465 0.3837711313916656 0.38690564866531585  
    0.3903648214683513 0.3942100972412832 0.3985327988535271  
    0.40341435343232374 0.40920168281430613 0.41611426154019415  
    0.42650835254646163 0.44373780024532317 
  BP2 = 2.3145929617385264e-12 2.3509470497895535e-05  
    9.397727234139452e-05 0.00021125847210212712 0.0003751175430966036  
    0.0005851945515962242 0.0008410055903320668 0.0011419932877827499  
    0.0014875482945386764 0.00187690308725319 0.0023091514622688436  
    0.0027834119565333104 0.0032987372613924038 0.0038540469944656763  
    0.00444818711945727 0.005079969066407397 0.0057481715089453544  
    0.006451447424221879 0.007188317020692114 0.007957397108613318  
    0.008757258488855335 0.009586266652516162 0.010442806781112424  
    0.011325285086125625 0.012232029193966376 0.013161308430235774  
    0.014111326443038585 0.015080345084002467 0.01606662043631424  
    0.017068241738963597 0.018083305471544797 0.019110057660597146  
    0.020146631551702487 0.021191022821851924 0.022241330594323205  
    0.023295709796961717 0.024352227586883046 0.025408916198713882  
    0.026463842446397212 0.027515142568901307 0.028560940632789578  
    0.029599255597966945 0.03062819271418693 0.031645970009767765  
    0.032650756238162604 0.03364061441889232 0.034613754817815146  
    0.0355685003732793 0.03650306228397193 0.037415639559527314  
    0.03830460913690814 0.03916839648712722 0.04000532296913972  
    0.04081377865885205 0.04159230110965639 0.042339415508252376  
    0.04305364219104968 0.04373360596232212 0.04437799107813989  
    0.04498551167896947 0.04555490657641181 0.046084973346118385  
    0.046574621509063 0.04702278720525488 0.04742843692130938  
    0.04779059669793284 0.048108333872803666 0.04838080496894115  
    0.048607211299023234 0.04878684805941402 0.04891907403733198  
    0.049003222076647646 0.04903863589723256 0.049024732854078934  
    0.04896098319057751 0.04884686240147973 0.048681924511841945  
    0.04846578130611112 0.04819814881519369 0.04787872054814013  
    0.0475069258056009 0.04708222690316344 0.046603820905711135  
    0.046070417323899715 0.045480874432157314 0.04483347972359697  
    0.04412554981073491 0.04335487299822205 0.0425191815993875  
    0.04161610873573318 0.040642012922201154 0.03959148896761722  
    0.03845295294262652 0.03720862501535427 0.03583757599882631  
    0.03429605947105552 0.03255620751408905 0.030488076662473773  
    0.0280151592639033 0.024453212946988323 0.018492628565454083 
/














