@R IP 1 []
  8.100000004e+06
@R BCENTR 1 []
  7.000000000e+00
@R RMAJOR 1 []
  4.000000000e+00
@R AMINOR 1 []
  1.339016494e+00
@R KAPPA 1 []
  1.945255269e+00
@R DELTA 1 []
  5.572556086e-01
@I NRHO 1 []
              101
@R RHOB 1 []
  1.831929989e+00
@R RHO 101 []
  0.000000000e+00  1.000000000e-02  2.000000000e-02  3.000000000e-02
  4.000000000e-02  5.000000000e-02  6.000000000e-02  7.000000000e-02
  8.000000000e-02  9.000000000e-02  1.000000000e-01  1.100000000e-01
  1.200000000e-01  1.300000000e-01  1.400000000e-01  1.500000000e-01
  1.600000000e-01  1.700000000e-01  1.800000000e-01  1.900000000e-01
  2.000000000e-01  2.100000000e-01  2.200000000e-01  2.300000000e-01
  2.400000000e-01  2.500000000e-01  2.600000000e-01  2.700000000e-01
  2.800000000e-01  2.900000000e-01  3.000000000e-01  3.100000000e-01
  3.200000000e-01  3.300000000e-01  3.400000000e-01  3.500000000e-01
  3.600000000e-01  3.700000000e-01  3.800000000e-01  3.900000000e-01
  4.000000000e-01  4.100000000e-01  4.200000000e-01  4.300000000e-01
  4.400000000e-01  4.500000000e-01  4.600000000e-01  4.700000000e-01
  4.800000000e-01  4.900000000e-01  5.000000000e-01  5.100000000e-01
  5.200000000e-01  5.300000000e-01  5.400000000e-01  5.500000000e-01
  5.600000000e-01  5.700000000e-01  5.800000000e-01  5.900000000e-01
  6.000000000e-01  6.100000000e-01  6.200000000e-01  6.300000000e-01
  6.400000000e-01  6.500000000e-01  6.600000000e-01  6.700000000e-01
  6.800000000e-01  6.900000000e-01  7.000000000e-01  7.100000000e-01
  7.200000000e-01  7.300000000e-01  7.400000000e-01  7.500000000e-01
  7.600000000e-01  7.700000000e-01  7.800000000e-01  7.900000000e-01
  8.000000000e-01  8.100000000e-01  8.200000000e-01  8.300000000e-01
  8.400000000e-01  8.500000000e-01  8.600000000e-01  8.700000000e-01
  8.800000000e-01  8.900000000e-01  9.000000000e-01  9.100000000e-01
  9.200000000e-01  9.300000000e-01  9.400000000e-01  9.500000000e-01
  9.600000000e-01  9.700000000e-01  9.800000000e-01  9.900000000e-01
  1.000000000e+00
@R VOLP 101 []
  0.000000000e+00  3.523569989e+00  7.044105690e+00  1.055862974e+01
  1.406427541e+01  1.755827469e+01  2.103803826e+01  2.450105090e+01
  2.794485949e+01  3.136718243e+01  3.476597960e+01  3.813936767e+01
  4.148558148e+01  4.480304162e+01  4.809035161e+01  5.134626844e+01
  5.456974112e+01  5.775989952e+01  6.091601792e+01  6.403752682e+01
  6.712403702e+01  7.017525761e+01  7.319109016e+01  7.617154090e+01
  7.911673439e+01  8.202695248e+01  8.490247281e+01  8.774364569e+01
  9.055092482e+01  9.332502994e+01  9.606767233e+01  9.878075431e+01
  1.014642792e+02  1.041170790e+02  1.067386429e+02  1.093290106e+02
  1.118883617e+02  1.144174163e+02  1.169176438e+02  1.193904901e+02
  1.218366099e+02  1.242561590e+02  1.266498476e+02  1.290185713e+02
  1.313625500e+02  1.336820461e+02  1.359777637e+02  1.382498294e+02
  1.404976855e+02  1.427209060e+02  1.449193438e+02  1.470928524e+02
  1.492413326e+02  1.513650115e+02  1.534646922e+02  1.555411962e+02
  1.575949080e+02  1.596259558e+02  1.616342475e+02  1.636195136e+02
  1.655817207e+02  1.675213069e+02  1.694386370e+02  1.713338804e+02
  1.732077192e+02  1.750599431e+02  1.768874811e+02  1.786860704e+02
  1.804507394e+02  1.821761366e+02  1.838579265e+02  1.854917623e+02
  1.870734646e+02  1.885996524e+02  1.900675524e+02  1.914750092e+02
  1.928203522e+02  1.941022843e+02  1.953198207e+02  1.964716120e+02
  1.975568080e+02  1.985746857e+02  1.995243758e+02  2.004048654e+02
  2.012142795e+02  2.019569919e+02  2.026482553e+02  2.032936278e+02
  2.038836736e+02  2.043996289e+02  2.048233475e+02  2.051480561e+02
  2.053685629e+02  2.054862754e+02  2.055234385e+02  2.054904044e+02
  2.053950198e+02  2.051954554e+02  2.048804746e+02  2.039514988e+02
  2.021025058e+02
@R IPOL 101 []
  9.849828411e-01  9.849924957e-01  9.850214499e-01  9.850696745e-01
  9.851371059e-01  9.852236307e-01  9.853290633e-01  9.854531195e-01
  9.855953981e-01  9.857553621e-01  9.859323655e-01  9.861256659e-01
  9.863345007e-01  9.865580856e-01  9.867955237e-01  9.870458200e-01
  9.873079382e-01  9.875808180e-01  9.878633662e-01  9.881544827e-01
  9.884530145e-01  9.887578262e-01  9.890677619e-01  9.893816794e-01
  9.896984477e-01  9.900169510e-01  9.903361029e-01  9.906548515e-01
  9.909721822e-01  9.912869794e-01  9.915972216e-01  9.919011103e-01
  9.921986652e-01  9.924908343e-01  9.927779304e-01  9.930597108e-01
  9.933359249e-01  9.936060405e-01  9.938687968e-01  9.941229451e-01
  9.943680602e-01  9.946040639e-01  9.948304674e-01  9.950466545e-01
  9.952526277e-01  9.954484241e-01  9.956336416e-01  9.958082987e-01
  9.959730220e-01  9.961282226e-01  9.962740407e-01  9.964106916e-01
  9.965383521e-01  9.966569649e-01  9.967661479e-01  9.968654957e-01
  9.969549092e-01  9.970344424e-01  9.971042518e-01  9.971646521e-01
  9.972158470e-01  9.972577323e-01  9.972901647e-01  9.973131024e-01
  9.973264978e-01  9.973306990e-01  9.973270832e-01  9.973177691e-01
  9.973049890e-01  9.972910764e-01  9.972783892e-01  9.972689426e-01
  9.972644351e-01  9.972662716e-01  9.972754357e-01  9.972924321e-01
  9.973174795e-01  9.973506321e-01  9.973918468e-01  9.974409375e-01
  9.974975109e-01  9.975610255e-01  9.976309233e-01  9.977067059e-01
  9.977881299e-01  9.978745250e-01  9.979645271e-01  9.980582374e-01
  9.981584087e-01  9.982694404e-01  9.983967073e-01  9.985459358e-01
  9.987211191e-01  9.989215537e-01  9.991389855e-01  9.993574465e-01
  9.995583435e-01  9.997277733e-01  9.998620165e-01  9.999630146e-01
  1.000000647e+00
@R G11 101 []
  0.000000000e+00  3.812933400e+00  7.636916764e+00  1.146566713e+01
  1.531864410e+01  1.918524290e+01  2.305408509e+01  2.691856394e+01
  3.077611978e+01  3.463924348e+01  3.853422417e+01  4.247806636e+01
  4.645131956e+01  5.043097290e+01  5.442189918e+01  5.843881475e+01
  6.248385781e+01  6.655787019e+01  7.064489815e+01  7.474879784e+01
  7.887572064e+01  8.301723252e+01  8.717562805e+01  9.134595302e+01
  9.552934706e+01  9.972130922e+01  1.039188656e+02  1.081225040e+02
  1.123314270e+02  1.165396778e+02  1.207416262e+02  1.249329162e+02
  1.291135428e+02  1.332901682e+02  1.374685372e+02  1.416513939e+02
  1.458381484e+02  1.500267343e+02  1.542116500e+02  1.583881728e+02
  1.625573445e+02  1.667220709e+02  1.708814343e+02  1.750298454e+02
  1.791736017e+02  1.833142565e+02  1.874450287e+02  1.915770163e+02
  1.957068556e+02  1.998417404e+02  2.039839423e+02  2.081332353e+02
  2.122970617e+02  2.164663642e+02  2.206491612e+02  2.248396142e+02
  2.290334254e+02  2.332402597e+02  2.374589308e+02  2.416883707e+02
  2.459324210e+02  2.501934238e+02  2.544708420e+02  2.587626084e+02
  2.630690886e+02  2.673959934e+02  2.717611695e+02  2.761922013e+02
  2.807226394e+02  2.853839859e+02  2.902045164e+02  2.952122311e+02
  3.004350636e+02  3.059006033e+02  3.116351840e+02  3.176663112e+02
  3.240233638e+02  3.307359980e+02  3.378376318e+02  3.453676917e+02
  3.533679037e+02  3.618888902e+02  3.709861974e+02  3.807265698e+02
  3.911729701e+02  4.023240115e+02  4.140704738e+02  4.262909935e+02
  4.389110308e+02  4.518880992e+02  4.650637990e+02  4.781258749e+02
  4.909976864e+02  5.037597456e+02  5.169428109e+02  5.314963639e+02
  5.490691139e+02  5.713920649e+02  6.033202242e+02  6.575389529e+02
  7.661257370e+02
@R G22 101 []
  0.000000000e+00  2.012308663e-02  4.030457156e-02  6.051160149e-02
  8.084731413e-02  1.012562915e-01  1.216795744e-01  1.420831099e-01
  1.624541468e-01  1.828599763e-01  2.034414963e-01  2.242905115e-01
  2.453062308e-01  2.663696493e-01  2.875093784e-01  3.088060402e-01
  3.302742026e-01  3.519218625e-01  3.736682495e-01  3.955377647e-01
  4.175670639e-01  4.397155681e-01  4.620000376e-01  4.843987463e-01
  5.069222744e-01  5.295517847e-01  5.522758356e-01  5.751012215e-01
  5.980283813e-01  6.210311812e-01  6.440908013e-01  6.671959425e-01
  6.903452000e-01  7.135655125e-01  7.368839208e-01  7.603154081e-01
  7.838584388e-01  8.075074084e-01  8.312426027e-01  8.550472203e-01
  8.789299542e-01  9.029063225e-01  9.269748206e-01  9.511100027e-01
  9.753463067e-01  9.996927720e-01  1.024116270e+00  1.048676928e+00
  1.073351489e+00  1.098175860e+00  1.123160925e+00  1.148304645e+00
  1.173647532e+00  1.199142176e+00  1.224839575e+00  1.250713402e+00
  1.276743133e+00  1.302983868e+00  1.329428436e+00  1.356069334e+00
  1.382928596e+00  1.410023626e+00  1.437355174e+00  1.464914369e+00
  1.492709858e+00  1.520772318e+00  1.549177879e+00  1.578036425e+00
  1.607486381e+00  1.637665802e+00  1.668697900e+00  1.700705237e+00
  1.733816980e+00  1.768164323e+00  1.803877191e+00  1.841098738e+00
  1.879986408e+00  1.920702151e+00  1.963433040e+00  2.008401687e+00
  2.055842377e+00  2.106039860e+00  2.159315829e+00  2.216045619e+00
  2.276614940e+00  2.341132650e+00  2.409218530e+00  2.480363788e+00
  2.554088301e+00  2.629943842e+00  2.706884077e+00  2.783014746e+00
  2.857860463e+00  2.931943763e+00  3.008381870e+00  3.092630644e+00
  3.194342324e+00  3.323068097e+00  3.507534881e+00  3.818485038e+00
  4.453553775e+00
@R G33 101 []
  8.334027843e-01  8.335137647e-01  8.338482942e-01  8.344020160e-01
  8.351693586e-01  8.361456713e-01  8.373235714e-01  8.386986795e-01
  8.402683200e-01  8.420278421e-01  8.439699930e-01  8.460879984e-01
  8.483761291e-01  8.508280391e-01  8.534370893e-01  8.561969150e-01
  8.591006757e-01  8.621412933e-01  8.653119857e-01  8.686059608e-01
  8.720160883e-01  8.755358740e-01  8.791581749e-01  8.828762436e-01
  8.866834449e-01  8.905727487e-01  8.945384185e-01  8.985749734e-01
  9.026767944e-01  9.068366388e-01  9.110396649e-01  9.152707417e-01
  9.195318269e-01  9.238342518e-01  9.281832489e-01  9.325794998e-01
  9.370225531e-01  9.415078919e-01  9.460260306e-01  9.505684041e-01
  9.551324926e-01  9.597194643e-01  9.643265899e-01  9.689500368e-01
  9.735906029e-01  9.782486708e-01  9.829218175e-01  9.876114421e-01
  9.923230812e-01  9.970612581e-01  1.001828613e+00  1.006627586e+00
  1.011460224e+00  1.016326537e+00  1.021223047e+00  1.026146318e+00
  1.031095592e+00  1.036071635e+00  1.041076492e+00  1.046113098e+00
  1.051182901e+00  1.056284654e+00  1.061417649e+00  1.066582304e+00
  1.071775866e+00  1.077000703e+00  1.082275496e+00  1.087624916e+00
  1.093077250e+00  1.098662421e+00  1.104403754e+00  1.110324767e+00
  1.116448195e+00  1.122792341e+00  1.129372519e+00  1.136201194e+00
  1.143288645e+00  1.150643562e+00  1.158273372e+00  1.166188339e+00
  1.174396549e+00  1.182906075e+00  1.191726481e+00  1.200868741e+00
  1.210349390e+00  1.220148519e+00  1.230181178e+00  1.240418410e+00
  1.250919471e+00  1.261800594e+00  1.273176195e+00  1.285092942e+00
  1.297592211e+00  1.310682028e+00  1.324247591e+00  1.338257870e+00
  1.352700890e+00  1.367888944e+00  1.383929714e+00  1.404277562e+00
  1.431385525e+00
@R GRADRHO 101 []
  1.060755217e+00  1.017886967e+00  1.018716622e+00  1.019317611e+00
  1.020557416e+00  1.021751666e+00  1.022662353e+00  1.023281192e+00
  1.023663351e+00  1.024073349e+00  1.024882099e+00  1.026215421e+00
  1.027736567e+00  1.029181586e+00  1.030631512e+00  1.032233777e+00
  1.033996642e+00  1.035915956e+00  1.037865026e+00  1.039884194e+00
  1.042019770e+00  1.044217529e+00  1.046498399e+00  1.048837130e+00
  1.051245258e+00  1.053703741e+00  1.056202309e+00  1.058746488e+00
  1.061337683e+00  1.063952742e+00  1.066580800e+00  1.069219540e+00
  1.071863528e+00  1.074524876e+00  1.077215498e+00  1.079940868e+00
  1.082697246e+00  1.085479728e+00  1.088275759e+00  1.091072856e+00
  1.093874102e+00  1.096686830e+00  1.099505790e+00  1.102313404e+00
  1.105127949e+00  1.107951028e+00  1.110761496e+00  1.113588875e+00
  1.116417877e+00  1.119264830e+00  1.122131701e+00  1.125015312e+00
  1.127933020e+00  1.130859658e+00  1.133816722e+00  1.136787786e+00
  1.139761564e+00  1.142760476e+00  1.145778375e+00  1.148810557e+00
  1.151864042e+00  1.154942694e+00  1.158043847e+00  1.161161977e+00
  1.164297430e+00  1.167456292e+00  1.170664589e+00  1.173944703e+00
  1.177324431e+00  1.180847332e+00  1.184540616e+00  1.188429858e+00
  1.192545670e+00  1.196908848e+00  1.201537255e+00  1.206448192e+00
  1.211655559e+00  1.217170172e+00  1.223003484e+00  1.229174803e+00
  1.235696897e+00  1.242582350e+00  1.249855545e+00  1.257534970e+00
  1.265660829e+00  1.274208510e+00  1.283103376e+00  1.292358241e+00
  1.302018142e+00  1.312225389e+00  1.323160102e+00  1.334731432e+00
  1.347113572e+00  1.360284221e+00  1.374018913e+00  1.388194600e+00
  1.403507381e+00  1.419250910e+00  1.439862673e+00  1.462155121e+00
  1.505476248e+00
@R AREA 101 []
  0.000000000e+00  3.608788342e+00  7.208306668e+00  1.080220713e+01
  1.438631412e+01  1.795820114e+01  2.151809707e+01  2.506640711e+01
  2.860392347e+01  3.213089938e+01  3.564659725e+01  3.914882751e+01
  4.263596614e+01  4.610764989e+01  4.956391310e+01  5.300426033e+01
  5.642802067e+01  5.983457047e+01  6.322349361e+01  6.659477367e+01
  6.994799018e+01  7.328302852e+01  7.659969895e+01  7.989796305e+01
  8.317777765e+01  8.643917411e+01  8.968224996e+01  9.290713284e+01
  9.611395946e+01  9.930289445e+01  1.024742511e+02  1.056284156e+02
  1.087658074e+02  1.118867227e+02  1.149913536e+02  1.180798680e+02
  1.211524175e+02  1.242091645e+02  1.272503177e+02  1.302761663e+02
  1.332870393e+02  1.362832170e+02  1.392649582e+02  1.422325842e+02
  1.451864127e+02  1.481266741e+02  1.510536596e+02  1.539676452e+02
  1.568688281e+02  1.597574440e+02  1.626336065e+02  1.654975198e+02
  1.683492753e+02  1.711890322e+02  1.740169396e+02  1.768331445e+02
  1.796378713e+02  1.824313036e+02  1.852136056e+02  1.879849630e+02
  1.907455419e+02  1.934955106e+02  1.962350363e+02  1.989643073e+02
  2.016835107e+02  2.043928519e+02  2.070925399e+02  2.097827690e+02
  2.124639133e+02  2.151363727e+02  2.178005348e+02  2.204568802e+02
  2.231058865e+02  2.257480924e+02  2.283841306e+02  2.310147213e+02
  2.336407243e+02  2.362631722e+02  2.388832776e+02  2.415024955e+02
  2.441225136e+02  2.467453608e+02  2.493734705e+02  2.520096805e+02
  2.546574425e+02  2.573206169e+02  2.600036182e+02  2.627101099e+02
  2.654429814e+02  2.682035284e+02  2.709904701e+02  2.737983962e+02
  2.766191050e+02  2.794424202e+02  2.822642278e+02  2.850908678e+02
  2.879478287e+02  2.908832342e+02  2.939908390e+02  2.974651593e+02
  3.020210075e+02
@R A 101 []
  0.000000000e+00  1.410381145e-02  2.820096478e-02  4.231384534e-02
  5.644058906e-02  7.058692617e-02  8.475931643e-02  9.896248841e-02
  1.132008539e-01  1.274758303e-01  1.417845999e-01  1.561218595e-01
  1.704839621e-01  1.848716590e-01  1.992865724e-01  2.137280290e-01
  2.281941548e-01  2.426831537e-01  2.571932446e-01  2.717241824e-01
  2.862736614e-01  3.008399817e-01  3.154211777e-01  3.300153469e-01
  3.446201589e-01  3.592334792e-01  3.738532647e-01  3.884773072e-01
  4.031032349e-01  4.177286124e-01  4.323510927e-01  4.469678719e-01
  4.615761951e-01  4.761745599e-01  4.907611057e-01  5.053339901e-01
  5.198916012e-01  5.344325317e-01  5.489554083e-01  5.634586599e-01
  5.779404590e-01  5.923994772e-01  6.068342777e-01  6.212434448e-01
  6.356260118e-01  6.499806452e-01  6.643062633e-01  6.786019881e-01
  6.928667550e-01  7.071000619e-01  7.213009507e-01  7.354689810e-01
  7.496032645e-01  7.637034037e-01  7.777688194e-01  7.917986452e-01
  8.057923612e-01  8.197493487e-01  8.336688701e-01  8.475504359e-01
  8.613935357e-01  8.751974976e-01  8.889615864e-01  9.026852577e-01
  9.163679244e-01  9.300087259e-01  9.436069517e-01  9.571606444e-01
  9.706664002e-01  9.841195448e-01  9.975152679e-01  1.010847330e+00
  1.024109169e+00  1.037293578e+00  1.050392863e+00  1.063398805e+00
  1.076302851e+00  1.089096023e+00  1.101769110e+00  1.114312434e+00
  1.126716119e+00  1.138969974e+00  1.151064001e+00  1.162987590e+00
  1.174729679e+00  1.186280564e+00  1.197633810e+00  1.208786438e+00
  1.219741926e+00  1.230511580e+00  1.241116437e+00  1.251584630e+00
  1.261943611e+00  1.272220945e+00  1.282429683e+00  1.292554148e+00
  1.302556212e+00  1.312368833e+00  1.321885465e+00  1.330908657e+00
  1.339016494e+00
@R RTOR 101 []
  4.381597880e+00  4.381490544e+00  4.381162766e+00  4.380617580e+00
  4.379860115e+00  4.378892379e+00  4.377720148e+00  4.376347742e+00
  4.374777980e+00  4.373013924e+00  4.371061394e+00  4.368926517e+00
  4.366615274e+00  4.364132851e+00  4.361485182e+00  4.358678335e+00
  4.355718977e+00  4.352613969e+00  4.349370101e+00  4.345994057e+00
  4.342493167e+00  4.338874383e+00  4.335144937e+00  4.331312152e+00
  4.327383048e+00  4.323364999e+00  4.319265232e+00  4.315090566e+00
  4.310848020e+00  4.306544239e+00  4.302185567e+00  4.297780707e+00
  4.293338500e+00  4.288864932e+00  4.284364376e+00  4.279840290e+00
  4.275295681e+00  4.270733816e+00  4.266158274e+00  4.261572871e+00
  4.256981819e+00  4.252388698e+00  4.247796805e+00  4.243209556e+00
  4.238629951e+00  4.234060713e+00  4.229504357e+00  4.224963151e+00
  4.220439039e+00  4.215933323e+00  4.211447004e+00  4.206980716e+00
  4.202535078e+00  4.198110500e+00  4.193707572e+00  4.189327012e+00
  4.184969528e+00  4.180635923e+00  4.176326914e+00  4.172042964e+00
  4.167784391e+00  4.163551538e+00  4.159344759e+00  4.155164384e+00
  4.151010830e+00  4.146884700e+00  4.142786210e+00  4.138715304e+00
  4.134670679e+00  4.130650921e+00  4.126654083e+00  4.122678133e+00
  4.118720513e+00  4.114778844e+00  4.110850709e+00  4.106933978e+00
  4.103026858e+00  4.099128094e+00  4.095236873e+00  4.091352917e+00
  4.087476184e+00  4.083607504e+00  4.079748229e+00  4.075900121e+00
  4.072065085e+00  4.068245541e+00  4.064444009e+00  4.060663196e+00
  4.056903092e+00  4.053161484e+00  4.049432861e+00  4.045704579e+00
  4.041954757e+00  4.038160569e+00  4.034305357e+00  4.030384848e+00
  4.026420447e+00  4.022460669e+00  4.018564612e+00  4.014828986e+00
  4.011450407e+00
@R SHIFT 101 []
  3.815978802e-01  3.814905438e-01  3.811627660e-01  3.806175800e-01
  3.798601152e-01  3.788923792e-01  3.777201476e-01  3.763477420e-01
  3.747779798e-01  3.730139239e-01  3.710613937e-01  3.689265175e-01
  3.666152738e-01  3.641328509e-01  3.614851819e-01  3.586783348e-01
  3.557189766e-01  3.526139685e-01  3.493701013e-01  3.459940568e-01
  3.424931670e-01  3.388743834e-01  3.351449367e-01  3.313121517e-01
  3.273830477e-01  3.233649987e-01  3.192652324e-01  3.150905657e-01
  3.108480202e-01  3.065442395e-01  3.021855667e-01  2.977807067e-01
  2.933384996e-01  2.888649325e-01  2.843643759e-01  2.798402902e-01
  2.752956809e-01  2.707338163e-01  2.661582739e-01  2.615728710e-01
  2.569818194e-01  2.523886982e-01  2.477968055e-01  2.432095556e-01
  2.386299515e-01  2.340607126e-01  2.295043574e-01  2.249631508e-01
  2.204390386e-01  2.159333228e-01  2.114470039e-01  2.069807157e-01
  2.025350775e-01  1.981104996e-01  1.937075723e-01  1.893270123e-01
  1.849695279e-01  1.806359227e-01  1.763269144e-01  1.720429643e-01
  1.677843912e-01  1.635515380e-01  1.593447591e-01  1.551643842e-01
  1.510108296e-01  1.468846999e-01  1.427862095e-01  1.387153045e-01
  1.346706788e-01  1.306509209e-01  1.266540825e-01  1.226781327e-01
  1.187205134e-01  1.147788439e-01  1.108507094e-01  1.069339779e-01
  1.030268577e-01  9.912809449e-02  9.523687306e-02  9.135291739e-02
  8.747618384e-02  8.360750444e-02  7.974822864e-02  7.590012125e-02
  7.206508545e-02  6.824554110e-02  6.444400937e-02  6.066319611e-02
  5.690309240e-02  5.316148397e-02  4.943286118e-02  4.570457923e-02
  4.195475671e-02  3.816056879e-02  3.430535680e-02  3.038484827e-02
  2.642044737e-02  2.246066869e-02  1.856461162e-02  1.482898597e-02
  1.145040709e-02
@R ELONG 101 []
  1.890087903e+00  1.889255022e+00  1.886756381e+00  1.884057948e+00
  1.880428155e+00  1.876077425e+00  1.871290655e+00  1.866223434e+00
  1.861011162e+00  1.855766324e+00  1.850545875e+00  1.845306628e+00
  1.840039616e+00  1.834747590e+00  1.829444517e+00  1.824140089e+00
  1.818843011e+00  1.813561894e+00  1.808308803e+00  1.803093137e+00
  1.797925681e+00  1.792817355e+00  1.787777289e+00  1.782815573e+00
  1.777941321e+00  1.773164876e+00  1.768493254e+00  1.763933978e+00
  1.759493727e+00  1.755179143e+00  1.751000741e+00  1.746967934e+00
  1.743089318e+00  1.739363941e+00  1.735788945e+00  1.732361920e+00
  1.729079187e+00  1.725937935e+00  1.722935400e+00  1.720071246e+00
  1.717347820e+00  1.714763453e+00  1.712317294e+00  1.710009112e+00
  1.707836972e+00  1.705799360e+00  1.703894116e+00  1.702119137e+00
  1.700471952e+00  1.698948963e+00  1.697547030e+00  1.696262794e+00
  1.695093240e+00  1.694035247e+00  1.693086175e+00  1.692245022e+00
  1.691510452e+00  1.690881147e+00  1.690356268e+00  1.689934443e+00
  1.689614728e+00  1.689396147e+00  1.689277897e+00  1.689259853e+00
  1.689342157e+00  1.689526194e+00  1.689809883e+00  1.690196115e+00
  1.690702324e+00  1.691341571e+00  1.692131920e+00  1.693095451e+00
  1.694252999e+00  1.695630069e+00  1.697252663e+00  1.699148414e+00
  1.701347740e+00  1.703883193e+00  1.706788475e+00  1.710102621e+00
  1.713864705e+00  1.718120690e+00  1.722917923e+00  1.728309829e+00
  1.734357205e+00  1.741128894e+00  1.748689748e+00  1.757068189e+00
  1.766280844e+00  1.776298868e+00  1.787049825e+00  1.798367907e+00
  1.810059207e+00  1.821908897e+00  1.833836820e+00  1.845947467e+00
  1.858683243e+00  1.872742824e+00  1.889410968e+00  1.911010643e+00
  1.945255269e+00
@R TRIAG 101 []
  0.000000000e+00  9.274482504e-03  1.813624603e-02  2.683499824e-02
  3.531055739e-02  4.349341976e-02  5.138131859e-02  5.897297708e-02
  6.631188793e-02  7.341674552e-02  8.028784410e-02  8.689836952e-02
  9.323218337e-02  9.927856057e-02  1.050438767e-01  1.105341185e-01
  1.157568745e-01  1.207230458e-01  1.254400374e-01  1.299201845e-01
  1.341727658e-01  1.382082026e-01  1.420380994e-01  1.456738591e-01
  1.491263306e-01  1.524031112e-01  1.555142801e-01  1.584729680e-01
  1.612955252e-01  1.639907772e-01  1.665535596e-01  1.689930175e-01
  1.713302823e-01  1.735775554e-01  1.757441416e-01  1.778439698e-01
  1.798888012e-01  1.818850356e-01  1.838387833e-01  1.857581416e-01
  1.876490315e-01  1.895152599e-01  1.913595168e-01  1.931870636e-01
  1.950014105e-01  1.968054687e-01  1.986034616e-01  2.003992468e-01
  2.021982311e-01  2.040023594e-01  2.058152033e-01  2.076404909e-01
  2.094805883e-01  2.113391386e-01  2.132186820e-01  2.151211581e-01
  2.170474648e-01  2.189983369e-01  2.209771098e-01  2.229846917e-01
  2.250221969e-01  2.270912766e-01  2.291938514e-01  2.313616576e-01
  2.335772155e-01  2.358304862e-01  2.381284330e-01  2.404839103e-01
  2.429095973e-01  2.454271669e-01  2.480662355e-01  2.508510225e-01
  2.538134518e-01  2.569854120e-01  2.603985206e-01  2.640900421e-01
  2.680993800e-01  2.724631777e-01  2.772294328e-01  2.824426385e-01
  2.881551432e-01  2.944379504e-01  3.013488057e-01  3.089604930e-01
  3.173624824e-01  3.266608818e-01  3.369337787e-01  3.481706735e-01
  3.602748474e-01  3.730642436e-01  3.862446532e-01  3.995022274e-01
  4.125072349e-01  4.251139871e-01  4.374229108e-01  4.496028298e-01
  4.623509940e-01  4.764532551e-01  4.933790299e-01  5.161854674e-01
  5.572556086e-01
@R PMHD 101 []
  1.205256609e+06  1.204890394e+06  1.203791129e+06  1.201956972e+06
  1.199385464e+06  1.196074188e+06  1.192021766e+06  1.187229100e+06
  1.181700412e+06  1.175444463e+06  1.168474115e+06  1.160806571e+06
  1.152461136e+06  1.143457353e+06  1.133815833e+06  1.123560509e+06
  1.112717711e+06  1.101315666e+06  1.089383694e+06  1.076951107e+06
  1.064049988e+06  1.050712335e+06  1.036971259e+06  1.022860016e+06
  1.008412258e+06  9.936616817e+05  9.786415598e+05  9.633846393e+05
  9.479231181e+05  9.322934529e+05  9.165647752e+05  9.007995862e+05
  8.849959924e+05  8.691194958e+05  8.531584792e+05  8.371213220e+05
  8.210170543e+05  8.048656144e+05  7.887140995e+05  7.726098229e+05
  7.565704171e+05  7.406011696e+05  7.247231331e+05  7.089627081e+05
  6.933229974e+05  6.778068713e+05  6.624337189e+05  6.472075104e+05
  6.321093863e+05  6.171283281e+05  6.022648382e+05  5.875161032e+05
  5.728815309e+05  5.583699425e+05  5.440035197e+05  5.298058022e+05
  5.157886527e+05  5.019580952e+05  4.883168167e+05  4.748608760e+05
  4.615915292e+05  4.485227386e+05  4.356706259e+05  4.230473246e+05
  4.106664529e+05  3.985368065e+05  3.866565978e+05  3.750262149e+05
  3.636528950e+05  3.525351505e+05  3.416615150e+05  3.310254348e+05
  3.206229734e+05  3.104503425e+05  3.005093741e+05  2.908085709e+05
  2.813557006e+05  2.721514281e+05  2.631872394e+05  2.544474537e+05
  2.459131487e+05  2.375602599e+05  2.293549592e+05  2.212507624e+05
  2.131804628e+05  2.050404186e+05  1.966752001e+05  1.878593413e+05
  1.782765141e+05  1.675099045e+05  1.550613414e+05  1.404291773e+05
  1.232978827e+05  1.038101831e+05  8.282036555e+04  6.190391597e+04
  4.291633283e+04  2.731773083e+04  1.561947745e+04  7.644492399e+03
  4.429065045e+03
@R QMHD 101 []
  3.597824796e+00  3.595208673e+00  3.587520886e+00  3.575235278e+00
  3.559117777e+00  3.540184813e+00  3.519638268e+00  3.498769999e+00
  3.478828644e+00  3.460847489e+00  3.445428939e+00  3.432498668e+00
  3.421043329e+00  3.410026820e+00  3.399693523e+00  3.390432283e+00
  3.382273688e+00  3.374914297e+00  3.368188458e+00  3.362114319e+00
  3.356645043e+00  3.351679328e+00  3.347171204e+00  3.343081542e+00
  3.339363998e+00  3.335983583e+00  3.332890321e+00  3.330026657e+00
  3.327381709e+00  3.325012944e+00  3.322768007e+00  3.320449905e+00
  3.318202427e+00  3.316246257e+00  3.314590484e+00  3.313205242e+00
  3.312141457e+00  3.311445365e+00  3.311029100e+00  3.310805144e+00
  3.310808927e+00  3.311105301e+00  3.311670319e+00  3.312464174e+00
  3.313552670e+00  3.314988845e+00  3.316733846e+00  3.318821194e+00
  3.321330633e+00  3.324306958e+00  3.327766882e+00  3.331728110e+00
  3.336232769e+00  3.341297662e+00  3.346899746e+00  3.353041425e+00
  3.359728520e+00  3.366978730e+00  3.374815743e+00  3.383271374e+00
  3.392379971e+00  3.402144505e+00  3.412567668e+00  3.423645052e+00
  3.435352682e+00  3.447825979e+00  3.461579233e+00  3.477489495e+00
  3.496599822e+00  3.519573843e+00  3.547159028e+00  3.579929824e+00
  3.618351689e+00  3.662922248e+00  3.714059709e+00  3.772147233e+00
  3.837572021e+00  3.910714912e+00  3.991973405e+00  4.081749214e+00
  4.180398420e+00  4.288383089e+00  4.405976524e+00  4.533703124e+00
  4.672010021e+00  4.820534388e+00  4.977037166e+00  5.137568848e+00
  5.298670324e+00  5.455589911e+00  5.600759503e+00  5.727706148e+00
  5.832305059e+00  5.917560063e+00  5.998897163e+00  6.097575549e+00
  6.240013581e+00  6.460524258e+00  6.810362221e+00  7.401530183e+00
  8.736867807e+00
@R ER 101 []
  0.000000000e+00  0.000000000e+00  0.000000000e+00  0.000000000e+00
  0.000000000e+00  0.000000000e+00  0.000000000e+00  0.000000000e+00
  0.000000000e+00  0.000000000e+00  0.000000000e+00  0.000000000e+00
  0.000000000e+00  0.000000000e+00  0.000000000e+00  0.000000000e+00
  0.000000000e+00  0.000000000e+00  0.000000000e+00  0.000000000e+00
  0.000000000e+00  0.000000000e+00  0.000000000e+00  0.000000000e+00
  0.000000000e+00  0.000000000e+00  0.000000000e+00  0.000000000e+00
  0.000000000e+00  0.000000000e+00  0.000000000e+00  0.000000000e+00
  0.000000000e+00  0.000000000e+00  0.000000000e+00  0.000000000e+00
  0.000000000e+00  0.000000000e+00  0.000000000e+00  0.000000000e+00
  0.000000000e+00  0.000000000e+00  0.000000000e+00  0.000000000e+00
  0.000000000e+00  0.000000000e+00  0.000000000e+00  0.000000000e+00
  0.000000000e+00  0.000000000e+00  0.000000000e+00  0.000000000e+00
  0.000000000e+00  0.000000000e+00  0.000000000e+00  0.000000000e+00
  0.000000000e+00  0.000000000e+00  0.000000000e+00  0.000000000e+00
  0.000000000e+00  0.000000000e+00  0.000000000e+00  0.000000000e+00
  0.000000000e+00  0.000000000e+00  0.000000000e+00  0.000000000e+00
  0.000000000e+00  0.000000000e+00  0.000000000e+00  0.000000000e+00
  0.000000000e+00  0.000000000e+00  0.000000000e+00  0.000000000e+00
  0.000000000e+00  0.000000000e+00  0.000000000e+00  0.000000000e+00
  0.000000000e+00  0.000000000e+00  0.000000000e+00  0.000000000e+00
  0.000000000e+00  0.000000000e+00  0.000000000e+00  0.000000000e+00
  0.000000000e+00  0.000000000e+00  0.000000000e+00  0.000000000e+00
  0.000000000e+00  0.000000000e+00  0.000000000e+00  0.000000000e+00
  0.000000000e+00  0.000000000e+00  0.000000000e+00  0.000000000e+00
  0.000000000e+00
@R NC1 101 []
  9.985000644e-01  9.298223341e-01  9.045168417e-01  8.865264772e-01
  8.723067436e-01  8.604649479e-01  8.502799239e-01  8.413309610e-01
  8.333449025e-01  8.261287157e-01  8.195436881e-01  8.134872918e-01
  8.078789395e-01  8.026500008e-01  7.977447590e-01  7.931185867e-01
  7.887344146e-01  7.845603852e-01  7.805694708e-01  7.767379330e-01
  7.730455335e-01  7.694753379e-01  7.660116919e-01  7.626413731e-01
  7.593528948e-01  7.561356764e-01  7.529818488e-01  7.498841689e-01
  7.468366540e-01  7.438324170e-01  7.408569756e-01  7.378986058e-01
  7.349635931e-01  7.320639201e-01  7.292038765e-01  7.263836387e-01
  7.236021644e-01  7.208554151e-01  7.181361160e-01  7.154379363e-01
  7.127603816e-01  7.101055206e-01  7.074716461e-01  7.048571315e-01
  7.022633865e-01  6.996910492e-01  6.971392205e-01  6.946090376e-01
  6.921040152e-01  6.896266157e-01  6.871777441e-01  6.847579078e-01
  6.823675871e-01  6.800057903e-01  6.776698430e-01  6.753573839e-01
  6.730675569e-01  6.708002756e-01  6.685560902e-01  6.663359323e-01
  6.641396707e-01  6.619660479e-01  6.598143187e-01  6.576841816e-01
  6.555736373e-01  6.534832435e-01  6.514180916e-01  6.493836204e-01
  6.473848723e-01  6.454297171e-01  6.435221996e-01  6.416662546e-01
  6.398664169e-01  6.381244000e-01  6.364413494e-01  6.348174508e-01
  6.332519434e-01  6.317439160e-01  6.302919778e-01  6.288962260e-01
  6.275556780e-01  6.262692285e-01  6.250369594e-01  6.238584239e-01
  6.227371373e-01  6.216710461e-01  6.206477163e-01  6.196777679e-01
  6.187930314e-01  6.180402873e-01  6.174738863e-01  6.171203035e-01
  6.169947446e-01  6.170668629e-01  6.172211665e-01  6.173341252e-01
  6.172943853e-01  6.170021435e-01  6.164554078e-01  6.154353641e-01
  6.141987968e-01
@R HFAC1 101 []
  1.000000000e+00  9.968199463e-01  9.937179898e-01  9.906859594e-01
  9.877208886e-01  9.848178772e-01  9.819710255e-01  9.791762578e-01
  9.764301811e-01  9.737289227e-01  9.710686883e-01  9.684466499e-01
  9.658601771e-01  9.633050849e-01  9.607770068e-01  9.582723475e-01
  9.557876950e-01  9.533196018e-01  9.508648213e-01  9.484197840e-01
  9.459814499e-01  9.435469842e-01  9.411134099e-01  9.386780629e-01
  9.362384813e-01  9.337921126e-01  9.313371629e-01  9.288720115e-01
  9.263951059e-01  9.239041382e-01  9.213928028e-01  9.188554342e-01
  9.162956427e-01  9.137208395e-01  9.111348202e-01  9.085388837e-01
  9.059334905e-01  9.033170848e-01  9.006858442e-01  8.980365915e-01
  8.953694616e-01  8.926861839e-01  8.899864765e-01  8.872696871e-01
  8.845371991e-01  8.817901467e-01  8.790283414e-01  8.762533016e-01
  8.734683602e-01  8.706760805e-01  8.678781631e-01  8.650758973e-01
  8.622705255e-01  8.594621358e-01  8.566493432e-01  8.538309971e-01
  8.510070392e-01  8.481781531e-01  8.453456230e-01  8.425109636e-01
  8.396749482e-01  8.368372590e-01  8.339978877e-01  8.311572303e-01
  8.283142652e-01  8.254705272e-01  8.226336295e-01  8.198139009e-01
  8.170230215e-01  8.142730538e-01  8.115732873e-01  8.089331324e-01
  8.063615572e-01  8.038657819e-01  8.014519426e-01  7.991251773e-01
  7.968900219e-01  7.947506575e-01  7.927110175e-01  7.907764255e-01
  7.889515547e-01  7.872417565e-01  7.856528155e-01  7.841914397e-01
  7.828657160e-01  7.816709374e-01  7.805771041e-01  7.795718055e-01
  7.786720562e-01  7.779088940e-01  7.773038408e-01  7.768513549e-01
  7.765424829e-01  7.763610691e-01  7.762698517e-01  7.762764750e-01
  7.764082779e-01  7.768343601e-01  7.776463620e-01  7.801859714e-01
  7.853379309e-01
@R HFAC2 101 []
  1.000000000e+00  9.936551561e-01  9.874959081e-01  9.815044549e-01
  9.756735423e-01  9.699921929e-01  9.644476155e-01  9.590307567e-01
  9.537340015e-01  9.485488807e-01  9.434671882e-01  9.384826727e-01
  9.335895083e-01  9.287789687e-01  9.240420937e-01  9.193714826e-01
  9.147601603e-01  9.102011498e-01  9.056879291e-01  9.012134572e-01
  8.967717360e-01  8.923572317e-01  8.879641936e-01  8.835875176e-01
  8.792225224e-01  8.748644114e-01  8.705098513e-01  8.661558386e-01
  8.617995602e-01  8.574368216e-01  8.530561259e-01  8.486473065e-01
  8.442172238e-01  8.397795647e-01  8.353412518e-01  8.309046307e-01
  8.264705552e-01  8.220362537e-01  8.175949278e-01  8.131409639e-01
  8.086747272e-01  8.041994441e-01  7.997146710e-01  7.952193505e-01
  7.907160550e-01  7.862068495e-01  7.816914706e-01  7.771726175e-01
  7.726561243e-01  7.681464246e-01  7.636463629e-01  7.591580880e-01
  7.546836268e-01  7.502230299e-01  7.457738239e-01  7.413339212e-01
  7.369031625e-01  7.324826161e-01  7.280743193e-01  7.236807095e-01
  7.193029218e-01  7.149402479e-01  7.105925224e-01  7.062602770e-01
  7.019416597e-01  6.976388791e-01  6.933639974e-01  6.891324288e-01
  6.849612095e-01  6.808686514e-01  6.768679073e-01  6.729721380e-01
  6.691939439e-01  6.655426272e-01  6.620257408e-01  6.586491546e-01
  6.554175486e-01  6.523350142e-01  6.494051155e-01  6.466336757e-01
  6.440252193e-01  6.415848892e-01  6.393189551e-01  6.372344569e-01
  6.353421412e-01  6.336344261e-01  6.320686256e-01  6.306334540e-01
  6.293617740e-01  6.283101047e-01  6.275276620e-01  6.270185554e-01
  6.267787586e-01  6.267779233e-01  6.269213177e-01  6.271672576e-01
  6.275042508e-01  6.280934201e-01  6.290471900e-01  6.319129972e-01
  6.379814073e-01
