@R IP 1 []
  8.100000000e+06
@R BCENTR 1 []
  7.000000000e+00
@R RMAJOR 1 []
  4.000000000e+00
@R AMINOR 1 []
  1.330000000e+00
@R KAPPA 1 []
  2.000000000e+00
@R DELTA 1 []
  6.000000000e-01
@I NRHO 1 []
              101
@R RHOB 1 []
  1.832250925e+00
@R RHO 101 []
  0.000000000e+00  1.000000000e-02  2.000000000e-02  3.000000000e-02
  4.000000000e-02  5.000000000e-02  6.000000000e-02  7.000000000e-02
  8.000000000e-02  9.000000000e-02  1.000000000e-01  1.100000000e-01
  1.200000000e-01  1.300000000e-01  1.400000000e-01  1.500000000e-01
  1.600000000e-01  1.700000000e-01  1.800000000e-01  1.900000000e-01
  2.000000000e-01  2.100000000e-01  2.200000000e-01  2.300000000e-01
  2.400000000e-01  2.500000000e-01  2.600000000e-01  2.700000000e-01
  2.800000000e-01  2.900000000e-01  3.000000000e-01  3.100000000e-01
  3.200000000e-01  3.300000000e-01  3.400000000e-01  3.500000000e-01
  3.600000000e-01  3.700000000e-01  3.800000000e-01  3.900000000e-01
  4.000000000e-01  4.100000000e-01  4.200000000e-01  4.300000000e-01
  4.400000000e-01  4.500000000e-01  4.600000000e-01  4.700000000e-01
  4.800000000e-01  4.900000000e-01  5.000000000e-01  5.100000000e-01
  5.200000000e-01  5.300000000e-01  5.400000000e-01  5.500000000e-01
  5.600000000e-01  5.700000000e-01  5.800000000e-01  5.900000000e-01
  6.000000000e-01  6.100000000e-01  6.200000000e-01  6.300000000e-01
  6.400000000e-01  6.500000000e-01  6.600000000e-01  6.700000000e-01
  6.800000000e-01  6.900000000e-01  7.000000000e-01  7.100000000e-01
  7.200000000e-01  7.300000000e-01  7.400000000e-01  7.500000000e-01
  7.600000000e-01  7.700000000e-01  7.800000000e-01  7.900000000e-01
  8.000000000e-01  8.100000000e-01  8.200000000e-01  8.300000000e-01
  8.400000000e-01  8.500000000e-01  8.600000000e-01  8.700000000e-01
  8.800000000e-01  8.900000000e-01  9.000000000e-01  9.100000000e-01
  9.200000000e-01  9.300000000e-01  9.400000000e-01  9.500000000e-01
  9.600000000e-01  9.700000000e-01  9.800000000e-01  9.900000000e-01
  1.000000000e+00
@R VOLP 101 []
  0.000000000e+00  3.505403593e+00  7.007880893e+00  1.050453043e+01
  1.399258400e+01  1.746931242e+01  2.093221021e+01  2.437885383e+01
  2.780700730e+01  3.121456085e+01  3.459953710e+01  3.796006429e+01
  4.129442162e+01  4.460099867e+01  4.787836177e+01  5.112538360e+01
  5.434112609e+01  5.752475930e+01  6.067557391e+01  6.379295384e+01
  6.687653451e+01  6.992608375e+01  7.294146074e+01  7.592267614e+01
  7.886983055e+01  8.178314537e+01  8.466292907e+01  8.750956012e+01
  9.032346244e+01  9.310508380e+01  9.585513225e+01  9.857456772e+01
  1.012640261e+02  1.039237139e+02  1.065538833e+02  1.091548716e+02
  1.117269718e+02  1.142705173e+02  1.167858627e+02  1.192733226e+02
  1.217332121e+02  1.241658637e+02  1.265715938e+02  1.289507079e+02
  1.313035250e+02  1.336303308e+02  1.359314134e+02  1.382070730e+02
  1.404575675e+02  1.426831652e+02  1.448841092e+02  1.470606655e+02
  1.492130449e+02  1.513414467e+02  1.534461222e+02  1.555272814e+02
  1.575850613e+02  1.596196265e+02  1.616311222e+02  1.636196936e+02
  1.655855431e+02  1.675289210e+02  1.694498468e+02  1.713479937e+02
  1.732235083e+02  1.750765041e+02  1.769054626e+02  1.787065771e+02
  1.804738856e+02  1.822021795e+02  1.838880570e+02  1.855274747e+02
  1.871164130e+02  1.886518222e+02  1.901308491e+02  1.915509244e+02
  1.929099456e+02  1.942063897e+02  1.954392506e+02  1.966077503e+02
  1.977116360e+02  1.987499845e+02  1.997222321e+02  2.006275903e+02
  2.014617649e+02  2.022269911e+02  2.029399993e+02  2.036096822e+02
  2.042264255e+02  2.047691403e+02  2.052172444e+02  2.055615967e+02
  2.057928241e+02  2.059132192e+02  2.059461094e+02  2.058981249e+02
  2.057822939e+02  2.055650916e+02  2.052297306e+02  2.042869355e+02
  2.023964769e+02
@R IPOL 101 []
  9.863617955e-01  9.863700161e-01  9.863946645e-01  9.864357004e-01
  9.864930519e-01  9.865666103e-01  9.866562222e-01  9.867616802e-01
  9.868827132e-01  9.870189754e-01  9.871700448e-01  9.873354231e-01
  9.875145336e-01  9.877067056e-01  9.879111426e-01  9.881269883e-01
  9.883533901e-01  9.885894714e-01  9.888343059e-01  9.890869937e-01
  9.893465777e-01  9.896120950e-01  9.898825683e-01  9.901570326e-01
  9.904345213e-01  9.907140852e-01  9.909947880e-01  9.912757030e-01
  9.915559642e-01  9.918347456e-01  9.921110991e-01  9.923839468e-01
  9.926525543e-01  9.929166108e-01  9.931757455e-01  9.934295890e-01
  9.936778060e-01  9.939200630e-01  9.941560466e-01  9.943854602e-01
  9.946080191e-01  9.948234560e-01  9.950315177e-01  9.952319716e-01
  9.954245957e-01  9.956091865e-01  9.957855617e-01  9.959535439e-01
  9.961129855e-01  9.962637425e-01  9.964057000e-01  9.965387488e-01
  9.966628045e-01  9.967777920e-01  9.968836585e-01  9.969803666e-01
  9.970678903e-01  9.971462260e-01  9.972153844e-01  9.972753899e-01
  9.973262861e-01  9.973681321e-01  9.974009989e-01  9.974249816e-01
  9.974401795e-01  9.974467395e-01  9.974453117e-01  9.974375350e-01
  9.974256441e-01  9.974118614e-01  9.973982287e-01  9.973866044e-01
  9.973786160e-01  9.973756339e-01  9.973787632e-01  9.973888244e-01
  9.974063528e-01  9.974316005e-01  9.974645686e-01  9.975050214e-01
  9.975525492e-01  9.976066193e-01  9.976666765e-01  9.977322569e-01
  9.978032026e-01  9.978796501e-01  9.979603146e-01  9.980443637e-01
  9.981341783e-01  9.982340059e-01  9.983492741e-01  9.984863628e-01
  9.986511940e-01  9.988459708e-01  9.990648591e-01  9.992916669e-01
  9.995036539e-01  9.996823505e-01  9.998213073e-01  9.999243621e-01
  9.999963475e-01
@R G11 101 []
  0.000000000e+00  3.828747675e+00  7.659567714e+00  1.149415212e+01
  1.533825166e+01  1.919087393e+01  2.305260133e+01  2.692337044e+01
  3.080317176e+01  3.469303832e+01  3.859123721e+01  4.249951756e+01
  4.643003163e+01  5.038538780e+01  5.436708583e+01  5.837725587e+01
  6.240252650e+01  6.645471292e+01  7.052243869e+01  7.460081547e+01
  7.869990196e+01  8.281202051e+01  8.693992464e+01  9.107789515e+01
  9.522676630e+01  9.938141533e+01  1.035425405e+02  1.077083977e+02
  1.118757757e+02  1.160429704e+02  1.202079240e+02  1.243690824e+02
  1.285249283e+02  1.326755115e+02  1.368220660e+02  1.409649809e+02
  1.451047963e+02  1.492418987e+02  1.533768240e+02  1.575103287e+02
  1.616442332e+02  1.657774485e+02  1.699078694e+02  1.740397175e+02
  1.781760472e+02  1.823096270e+02  1.864473924e+02  1.905885299e+02
  1.947312942e+02  1.988797323e+02  2.030328599e+02  2.071900946e+02
  2.113552563e+02  2.155271059e+02  2.197047131e+02  2.238956554e+02
  2.280917193e+02  2.322984756e+02  2.365201745e+02  2.407536719e+02
  2.449990653e+02  2.492579032e+02  2.535334065e+02  2.578283422e+02
  2.621419896e+02  2.664769192e+02  2.708436243e+02  2.752674462e+02
  2.797858326e+02  2.844303271e+02  2.892258525e+02  2.941988308e+02
  2.993763859e+02  3.047846166e+02  3.104494034e+02  3.163989655e+02
  3.226635154e+02  3.292728106e+02  3.362590050e+02  3.436574769e+02
  3.515061986e+02  3.598536248e+02  3.687509971e+02  3.782622377e+02
  3.884647925e+02  3.993841704e+02  4.109062618e+02  4.228835078e+02
  4.352703653e+02  4.480555078e+02  4.610662332e+02  4.740804625e+02
  4.869160196e+02  4.995744541e+02  5.125867713e+02  5.269299937e+02
  5.442299850e+02  5.662750295e+02  5.974327695e+02  6.489360658e+02
  7.488821275e+02
@R G22 101 []
  0.000000000e+00  2.028747192e-02  4.058597789e-02  6.090486267e-02
  8.127512718e-02  1.016919329e-01  1.221596557e-01  1.426789615e-01
  1.632513214e-01  1.838838060e-01  2.045688239e-01  2.253172291e-01
  2.461953664e-01  2.672188370e-01  2.883979176e-01  3.097476334e-01
  3.312010117e-01  3.528243732e-01  3.745607166e-01  3.963875748e-01
  4.183626890e-01  4.404496945e-01  4.626673780e-01  4.849900163e-01
  5.074264245e-01  5.299539262e-01  5.525810177e-01  5.753027964e-01
  5.981065046e-01  6.209872044e-01  6.439391466e-01  6.669605834e-01
  6.900472740e-01  7.132003733e-01  7.364276785e-01  7.597330866e-01
  7.831210148e-01  8.065952545e-01  8.301607721e-01  8.538232654e-01
  8.775941924e-01  9.014696070e-01  9.254396845e-01  9.495291021e-01
  9.737563941e-01  9.980836348e-01  1.022550538e+00  1.047154378e+00
  1.071887316e+00  1.096773213e+00  1.121808344e+00  1.146991401e+00
  1.172344935e+00  1.197863690e+00  1.223544679e+00  1.249431552e+00
  1.275480065e+00  1.301722969e+00  1.328185504e+00  1.354852036e+00
  1.381725546e+00  1.408817300e+00  1.436145997e+00  1.463725496e+00
  1.491555239e+00  1.519653681e+00  1.548067686e+00  1.576897706e+00
  1.606299024e+00  1.636410270e+00  1.667341947e+00  1.699211977e+00
  1.732146323e+00  1.766270467e+00  1.801712372e+00  1.838616228e+00
  1.877140698e+00  1.917446879e+00  1.959716872e+00  2.004157142e+00
  2.050987094e+00  2.100480981e+00  2.152942218e+00  2.208736183e+00
  2.268300762e+00  2.331858666e+00  2.399027625e+00  2.469189355e+00
  2.542036450e+00  2.617273984e+00  2.693685165e+00  2.769868925e+00
  2.844743352e+00  2.918341119e+00  2.993768320e+00  3.076723491e+00
  3.176743088e+00  3.303825423e+00  3.484050701e+00  3.779800253e+00
  4.364443748e+00
@R G33 101 []
  8.367400141e-01  8.368477101e-01  8.371760341e-01  8.377219103e-01
  8.384783237e-01  8.394431082e-01  8.406077847e-01  8.419671128e-01
  8.435140377e-01  8.452424484e-01  8.471466456e-01  8.492218162e-01
  8.514627932e-01  8.538650047e-01  8.564231429e-01  8.591291760e-01
  8.619749020e-01  8.649531747e-01  8.680574315e-01  8.712818142e-01
  8.746189663e-01  8.780617399e-01  8.816035976e-01  8.852377163e-01
  8.889576827e-01  8.927570170e-01  8.966294879e-01  9.005691998e-01
  9.045706977e-01  9.086290872e-01  9.127378240e-01  9.168889719e-01
  9.210781146e-01  9.253047596e-01  9.295681858e-01  9.338670682e-01
  9.382005927e-01  9.425677166e-01  9.469673350e-01  9.513987565e-01
  9.558613629e-01  9.603544463e-01  9.648774835e-01  9.694300680e-01
  9.740117237e-01  9.786222412e-01  9.832614003e-01  9.879289095e-01
  9.926247694e-01  9.973489154e-01  1.002101436e+00  1.006882252e+00
  1.011691644e+00  1.016529955e+00  1.021397139e+00  1.026293408e+00
  1.031219437e+00  1.036175674e+00  1.041162654e+00  1.046180882e+00
  1.051230464e+00  1.056311179e+00  1.061424239e+00  1.066572948e+00
  1.071757600e+00  1.076978584e+00  1.082245522e+00  1.087580606e+00
  1.093018124e+00  1.098587279e+00  1.104306161e+00  1.110196752e+00
  1.116281029e+00  1.122575465e+00  1.129095807e+00  1.135856677e+00
  1.142870566e+00  1.150147252e+00  1.157694189e+00  1.165518236e+00
  1.173623833e+00  1.182020045e+00  1.190714354e+00  1.199716019e+00
  1.209055433e+00  1.218724580e+00  1.228630023e+00  1.238723040e+00
  1.249063173e+00  1.259780207e+00  1.271002758e+00  1.282791409e+00
  1.295212223e+00  1.308266243e+00  1.321831725e+00  1.335903939e+00
  1.350443657e+00  1.365712650e+00  1.381857750e+00  1.402257762e+00
  1.429549384e+00
@R GRADRHO 101 []
  1.068000572e+00  1.022362158e+00  1.022542381e+00  1.022818098e+00
  1.023414829e+00  1.024074294e+00  1.024821388e+00  1.025627898e+00
  1.026468198e+00  1.027365462e+00  1.028269761e+00  1.029202863e+00
  1.030300996e+00  1.031556054e+00  1.032966726e+00  1.034558697e+00
  1.036216497e+00  1.038036455e+00  1.039921043e+00  1.041840438e+00
  1.043873538e+00  1.045972011e+00  1.048156898e+00  1.050398690e+00
  1.052706759e+00  1.055056878e+00  1.057459289e+00  1.059907431e+00
  1.062389125e+00  1.064900106e+00  1.067435119e+00  1.069993533e+00
  1.072570158e+00  1.075162721e+00  1.077773105e+00  1.080400790e+00
  1.083045981e+00  1.085707610e+00  1.088386535e+00  1.091083086e+00
  1.093801053e+00  1.096535239e+00  1.099276306e+00  1.102036595e+00
  1.104823689e+00  1.107612599e+00  1.110423394e+00  1.113251193e+00
  1.116089302e+00  1.118947577e+00  1.121821005e+00  1.124706772e+00
  1.127613017e+00  1.130534522e+00  1.133467760e+00  1.136429852e+00
  1.139398234e+00  1.142385352e+00  1.145399287e+00  1.148430975e+00
  1.151479210e+00  1.154545827e+00  1.157635409e+00  1.160751252e+00
  1.163892230e+00  1.167063888e+00  1.170278607e+00  1.173553907e+00
  1.176928909e+00  1.180445512e+00  1.184123025e+00  1.187986689e+00
  1.192066023e+00  1.196379768e+00  1.200947033e+00  1.205787504e+00
  1.210917629e+00  1.216349868e+00  1.222096400e+00  1.228172047e+00
  1.234584747e+00  1.241348654e+00  1.248486658e+00  1.256020579e+00
  1.264001139e+00  1.272409703e+00  1.281169627e+00  1.290266808e+00
  1.299769523e+00  1.309838507e+00  1.320577335e+00  1.332050464e+00
  1.344414665e+00  1.357553435e+00  1.371270113e+00  1.385555489e+00
  1.400918347e+00  1.416628667e+00  1.436640758e+00  1.457161073e+00
  1.493402517e+00
@R AREA 101 []
  0.000000000e+00  3.593081288e+00  7.180440231e+00  1.076441249e+01
  1.434141947e+01  1.790948121e+01  2.146736234e+01  2.501346087e+01
  2.854709809e+01  3.206746066e+01  3.557411845e+01  3.906702913e+01
  4.254588448e+01  4.601015856e+01  4.945959172e+01  5.289350612e+01
  5.631128594e+01  5.971250884e+01  6.309653184e+01  6.646343294e+01
  6.981281041e+01  7.314456046e+01  7.645845540e+01  7.975446268e+01
  8.303250948e+01  8.629264423e+01  8.953494054e+01  9.275948118e+01
  9.596642637e+01  9.915595295e+01  1.023282803e+02  1.054836614e+02
  1.086223777e+02  1.117447177e+02  1.148509393e+02  1.179413061e+02
  1.210160626e+02  1.240754499e+02  1.271197065e+02  1.301490540e+02
  1.331637142e+02  1.361638896e+02  1.391498117e+02  1.421217076e+02
  1.450797533e+02  1.480241509e+02  1.509551381e+02  1.538728630e+02
  1.567775657e+02  1.596694071e+02  1.625485983e+02  1.654153111e+02
  1.682697567e+02  1.711120867e+02  1.739425246e+02  1.767612208e+02
  1.795683669e+02  1.823641616e+02  1.851487701e+02  1.879223659e+02
  1.906851370e+02  1.934372715e+02  1.961789588e+02  1.989103815e+02
  2.016317150e+02  2.043431181e+02  2.070447471e+02  2.097368090e+02
  2.124196637e+02  2.150936800e+02  2.177592617e+02  2.204169198e+02
  2.230671609e+02  2.257105646e+02  2.283478024e+02  2.309796220e+02
  2.336068997e+02  2.362306700e+02  2.388521416e+02  2.414727606e+02
  2.440942262e+02  2.467185830e+02  2.493482490e+02  2.519860246e+02
  2.546353031e+02  2.573000183e+02  2.599847465e+02  2.626932774e+02
  2.654286892e+02  2.681926644e+02  2.709845576e+02  2.737995630e+02
  2.766291392e+02  2.794623264e+02  2.822935278e+02  2.851274187e+02
  2.879884531e+02  2.909252993e+02  2.940331048e+02  2.975028463e+02
  3.020012719e+02
@R A 101 []
  0.000000000e+00  1.401489488e-02  2.803937432e-02  4.207432178e-02
  5.612838836e-02  7.020595102e-02  8.431162558e-02  9.845003604e-02
  1.126231374e-01  1.268330780e-01  1.410800738e-01  1.553634599e-01
  1.696813105e-01  1.840296084e-01  1.984053102e-01  2.128050551e-01
  2.272279274e-01  2.416735661e-01  2.561397904e-01  2.706265957e-01
  2.851319055e-01  2.996543922e-01  3.141918275e-01  3.287426743e-01
  3.433048132e-01  3.578762187e-01  3.724549736e-01  3.870388581e-01
  4.016256043e-01  4.162133245e-01  4.307998976e-01  4.453827997e-01
  4.599599699e-01  4.745293980e-01  4.890890844e-01  5.036372124e-01
  5.181720351e-01  5.326918310e-01  5.471950756e-01  5.616802974e-01
  5.761460032e-01  5.905908431e-01  6.050136554e-01  6.194132447e-01
  6.337883844e-01  6.481379682e-01  6.624611165e-01  6.767566230e-01
  6.910237594e-01  7.052614676e-01  7.194689518e-01  7.336453120e-01
  7.477898598e-01  7.619016103e-01  7.759800578e-01  7.900242742e-01
  8.040335479e-01  8.180072994e-01  8.319447288e-01  8.458450944e-01
  8.597078080e-01  8.735322326e-01  8.873176588e-01  9.010633288e-01
  9.147684855e-01  9.284324356e-01  9.420546300e-01  9.556333379e-01
  9.691655567e-01  9.826467199e-01  9.960720431e-01  1.009435401e+00
  1.022730263e+00  1.035949454e+00  1.049085355e+00  1.062129857e+00
  1.075074444e+00  1.087910156e+00  1.100627823e+00  1.113217848e+00
  1.125670450e+00  1.137975509e+00  1.150123124e+00  1.162102816e+00
  1.173903536e+00  1.185515113e+00  1.196929929e+00  1.208144531e+00
  1.219161437e+00  1.229990253e+00  1.240650717e+00  1.251171046e+00
  1.261578040e+00  1.271902022e+00  1.282157768e+00  1.292332488e+00
  1.302387666e+00  1.312256669e+00  1.321831035e+00  1.330920283e+00
  1.339117397e+00
@R RTOR 101 []
  4.372851431e+00  4.372750039e+00  4.372433411e+00  4.371903568e+00
  4.371167806e+00  4.370225942e+00  4.369084085e+00  4.367745876e+00
  4.366216487e+00  4.364501013e+00  4.362604900e+00  4.360532969e+00
  4.358290826e+00  4.355884248e+00  4.353318195e+00  4.350598728e+00
  4.347732115e+00  4.344725028e+00  4.341584526e+00  4.338316833e+00
  4.334928850e+00  4.331427612e+00  4.327820050e+00  4.324113285e+00
  4.320314399e+00  4.316430136e+00  4.312467576e+00  4.308433539e+00
  4.304334634e+00  4.300177391e+00  4.295968011e+00  4.291712950e+00
  4.287418691e+00  4.283091108e+00  4.278735428e+00  4.274356399e+00
  4.269958271e+00  4.265544881e+00  4.261119847e+00  4.256686461e+00
  4.252247701e+00  4.247806373e+00  4.243365006e+00  4.238925880e+00
  4.234491196e+00  4.230062983e+00  4.225642973e+00  4.221232927e+00
  4.216834372e+00  4.212448752e+00  4.208077359e+00  4.203721470e+00
  4.199382154e+00  4.195060480e+00  4.190757362e+00  4.186473737e+00
  4.182210367e+00  4.177967981e+00  4.173747280e+00  4.169548860e+00
  4.165373312e+00  4.161221212e+00  4.157093059e+00  4.152989197e+00
  4.148909942e+00  4.144855613e+00  4.140826366e+00  4.136822593e+00
  4.132843147e+00  4.128886524e+00  4.124950987e+00  4.121034820e+00
  4.117135738e+00  4.113251674e+00  4.109380584e+00  4.105520593e+00
  4.101670026e+00  4.097827608e+00  4.093992467e+00  4.090164401e+00
  4.086343502e+00  4.082530655e+00  4.078727298e+00  4.074935547e+00
  4.071157164e+00  4.067394006e+00  4.063648445e+00  4.059923756e+00
  4.056220372e+00  4.052536518e+00  4.048867104e+00  4.045200795e+00
  4.041515073e+00  4.037784153e+00  4.033988846e+00  4.030121580e+00
  4.026201123e+00  4.022276979e+00  4.018410902e+00  4.014697766e+00
  4.011326935e+00
@R SHIFT 101 []
  3.728514309e-01  3.727500393e-01  3.724334113e-01  3.719035681e-01
  3.711678058e-01  3.702259417e-01  3.690840845e-01  3.677458756e-01
  3.662164873e-01  3.645010130e-01  3.626048995e-01  3.605329691e-01
  3.582908257e-01  3.558842485e-01  3.533181953e-01  3.505987277e-01
  3.477321154e-01  3.447250277e-01  3.415845259e-01  3.383168327e-01
  3.349288498e-01  3.314276122e-01  3.278200504e-01  3.241132847e-01
  3.203143993e-01  3.164301363e-01  3.124675765e-01  3.084335389e-01
  3.043346335e-01  3.001773912e-01  2.959680109e-01  2.917129502e-01
  2.874186907e-01  2.830911081e-01  2.787354276e-01  2.743563989e-01
  2.699582714e-01  2.655448810e-01  2.611198470e-01  2.566864608e-01
  2.522477010e-01  2.478063728e-01  2.433650059e-01  2.389258799e-01
  2.344911965e-01  2.300629830e-01  2.256429730e-01  2.212329274e-01
  2.168343724e-01  2.124487520e-01  2.080773589e-01  2.037214703e-01
  1.993821545e-01  1.950604800e-01  1.907573619e-01  1.864737368e-01
  1.822103675e-01  1.779679809e-01  1.737472803e-01  1.695488599e-01
  1.653733123e-01  1.612212119e-01  1.570930589e-01  1.529891965e-01
  1.489099423e-01  1.448556134e-01  1.408263659e-01  1.368225928e-01
  1.328431474e-01  1.288865237e-01  1.249509869e-01  1.210348202e-01
  1.171357385e-01  1.132516742e-01  1.093805839e-01  1.055205933e-01
  1.016700261e-01  9.782760754e-02  9.399246737e-02  9.016440095e-02
  8.634350222e-02  8.253065486e-02  7.872729750e-02  7.493554706e-02
  7.115716428e-02  6.739400552e-02  6.364844509e-02  5.992375583e-02
  5.622037157e-02  5.253651763e-02  4.886710438e-02  4.520079543e-02
  4.151507337e-02  3.778415342e-02  3.398884647e-02  3.012157962e-02
  2.620112282e-02  2.227697934e-02  1.841090250e-02  1.469776625e-02
  1.132693493e-02
@R ELONG 101 []
  1.900769497e+00  1.899853857e+00  1.897106939e+00  1.895047498e+00
  1.892054344e+00  1.888421408e+00  1.884202348e+00  1.879437841e+00
  1.874288861e+00  1.868819703e+00  1.863143691e+00  1.857371499e+00
  1.851566916e+00  1.845804101e+00  1.840134184e+00  1.834555638e+00
  1.829042995e+00  1.823589165e+00  1.818195022e+00  1.812864002e+00
  1.807600583e+00  1.802411059e+00  1.797303126e+00  1.792282475e+00
  1.787355106e+00  1.782529681e+00  1.777810960e+00  1.773205666e+00
  1.768720574e+00  1.764359478e+00  1.760128260e+00  1.756032291e+00
  1.752076506e+00  1.748263724e+00  1.744594826e+00  1.741070656e+00
  1.737690089e+00  1.734452928e+00  1.731357509e+00  1.728401719e+00
  1.725584348e+00  1.722902599e+00  1.720354668e+00  1.717938467e+00
  1.715651456e+00  1.713491866e+00  1.711457160e+00  1.709545505e+00
  1.707754869e+00  1.706083091e+00  1.704528722e+00  1.703089661e+00
  1.701764383e+00  1.700551535e+00  1.699449307e+00  1.698456728e+00
  1.697572413e+00  1.696795241e+00  1.696124519e+00  1.695559229e+00
  1.695098682e+00  1.694741806e+00  1.694488185e+00  1.694338628e+00
  1.694293644e+00  1.694352121e+00  1.694510115e+00  1.694771188e+00
  1.695151402e+00  1.695662308e+00  1.696322473e+00  1.697153770e+00
  1.698177231e+00  1.699418858e+00  1.700904562e+00  1.702661972e+00
  1.704721564e+00  1.707115582e+00  1.709877494e+00  1.713046024e+00
  1.716660084e+00  1.720765674e+00  1.725408683e+00  1.730641005e+00
  1.736524717e+00  1.743133738e+00  1.750534374e+00  1.758757200e+00
  1.767822859e+00  1.777714168e+00  1.788370683e+00  1.799636346e+00
  1.811315847e+00  1.823172513e+00  1.835097084e+00  1.847169822e+00
  1.859822826e+00  1.873777572e+00  1.890371774e+00  1.911836210e+00
  1.945248283e+00
@R TRIAG 101 []
  0.000000000e+00  9.452916322e-03  1.827510729e-02  2.697956574e-02
  3.556452420e-02  4.389074417e-02  5.195513343e-02  5.972894550e-02
  6.720574849e-02  7.437007715e-02  8.122513060e-02  8.776612614e-02
  9.401953549e-02  1.000117436e-01  1.057453473e-01  1.112238323e-01
  1.164508741e-01  1.214278715e-01  1.261574723e-01  1.306517744e-01
  1.349207011e-01  1.389746603e-01  1.428229710e-01  1.464767735e-01
  1.499491331e-01  1.532476491e-01  1.563814388e-01  1.593603962e-01
  1.621971006e-01  1.649025877e-01  1.674840500e-01  1.699523979e-01
  1.723196906e-01  1.745947805e-01  1.767871019e-01  1.789072510e-01
  1.809654622e-01  1.829710390e-01  1.849318899e-01  1.868554175e-01
  1.887480437e-01  1.906160953e-01  1.924646703e-01  1.942995050e-01
  1.961249084e-01  1.979445577e-01  1.997629785e-01  2.015829941e-01
  2.034085539e-01  2.052420898e-01  2.070861687e-01  2.089438636e-01
  2.108168215e-01  2.127079422e-01  2.146187656e-01  2.165515819e-01
  2.185080966e-01  2.204895347e-01  2.224991759e-01  2.245380243e-01
  2.266073726e-01  2.287085065e-01  2.308587124e-01  2.330685506e-01
  2.353165962e-01  2.376048934e-01  2.399386570e-01  2.423234448e-01
  2.447750066e-01  2.473160028e-01  2.499737064e-01  2.527733705e-01
  2.557455985e-01  2.589211582e-01  2.623316353e-01  2.660145719e-01
  2.700085998e-01  2.743500156e-01  2.790854968e-01  2.842576079e-01
  2.899212263e-01  2.961451366e-01  3.029810207e-01  3.105017685e-01
  3.187963532e-01  3.279797942e-01  3.381367640e-01  3.492685898e-01
  3.612962801e-01  3.740498359e-01  3.872549464e-01  4.005749796e-01
  4.136383604e-01  4.262859286e-01  4.385553990e-01  4.506262404e-01
  4.631724342e-01  4.769062767e-01  4.931818716e-01  5.146801110e-01
  5.519894791e-01
@R PMHD 101 []
  1.147230188e+06  1.146912589e+06  1.145959413e+06  1.144369534e+06
  1.142141308e+06  1.139272839e+06  1.135762422e+06  1.131609065e+06
  1.126813157e+06  1.121377262e+06  1.115306666e+06  1.108609981e+06
  1.101300030e+06  1.093394120e+06  1.084911953e+06  1.075874933e+06
  1.066304039e+06  1.056220829e+06  1.045649346e+06  1.034613084e+06
  1.023138330e+06  1.011251293e+06  9.989793684e+05  9.863500181e+05
  9.733913482e+05  9.601313070e+05  9.465978904e+05  9.328194937e+05
  9.188228837e+05  9.046338770e+05  8.902834475e+05  8.758079653e+05
  8.612316571e+05  8.465642469e+05  8.318176554e+05  8.170043409e+05
  8.021359601e+05  7.872243664e+05  7.722812008e+05  7.573179805e+05
  7.423460861e+05  7.273767591e+05  7.124210287e+05  6.974898335e+05
  6.825939559e+05  6.677439834e+05  6.529502404e+05  6.382231177e+05
  6.235724728e+05  6.090083300e+05  5.945401939e+05  5.801776918e+05
  5.659298755e+05  5.518060008e+05  5.378147188e+05  5.239646884e+05
  5.102643561e+05  4.967217419e+05  4.833447407e+05  4.701410982e+05
  4.571182085e+05  4.442831863e+05  4.316428600e+05  4.192038795e+05
  4.069725519e+05  3.949549182e+05  3.831570957e+05  3.715853529e+05
  3.602459758e+05  3.491447333e+05  3.382866007e+05  3.276759480e+05
  3.173165030e+05  3.072112589e+05  2.973624213e+05  2.877711708e+05
  2.784373662e+05  2.693591330e+05  2.605321092e+05  2.519484769e+05
  2.435953347e+05  2.354524132e+05  2.274887156e+05  2.196572158e+05
  2.118878882e+05  2.040762211e+05  1.960689242e+05  1.876447897e+05
  1.784943865e+05  1.682045895e+05  1.562607349e+05  1.421098535e+05
  1.253227763e+05  1.058957417e+05  8.459432556e+04  6.305480554e+04
  4.338048141e+04  2.726584736e+04  1.536333637e+04  7.280864418e+03
  2.176608844e+03
@R QMHD 101 []
  3.849698841e+00  3.847361274e+00  3.840424771e+00  3.829116605e+00
  3.813812619e+00  3.795031241e+00  3.773424080e+00  3.749760793e+00
  3.724906763e+00  3.699791482e+00  3.675364101e+00  3.652537020e+00
  3.632117352e+00  3.614615649e+00  3.599742124e+00  3.586427733e+00
  3.573785256e+00  3.561844331e+00  3.550647642e+00  3.540166989e+00
  3.530315870e+00  3.520974571e+00  3.512058957e+00  3.503538361e+00
  3.495366595e+00  3.487504373e+00  3.479928373e+00  3.472600497e+00
  3.465501417e+00  3.458656491e+00  3.452048362e+00  3.445586922e+00
  3.439316986e+00  3.433297428e+00  3.427562574e+00  3.422128027e+00
  3.417017652e+00  3.412264431e+00  3.407885238e+00  3.403901040e+00
  3.400332137e+00  3.397188193e+00  3.394494981e+00  3.392260334e+00
  3.390499041e+00  3.389231936e+00  3.388461248e+00  3.388207984e+00
  3.388483730e+00  3.389297794e+00  3.390668035e+00  3.392601893e+00
  3.395115261e+00  3.398220435e+00  3.401928621e+00  3.406259634e+00
  3.411221286e+00  3.416827632e+00  3.423097326e+00  3.430041092e+00
  3.437681374e+00  3.446037757e+00  3.455132869e+00  3.464981197e+00
  3.475540228e+00  3.486818323e+00  3.499180837e+00  3.513526284e+00
  3.530951715e+00  3.552164409e+00  3.577946108e+00  3.608856552e+00
  3.645377848e+00  3.688000242e+00  3.737136325e+00  3.793173362e+00
  3.856503656e+00  3.927495981e+00  4.006523881e+00  4.093961289e+00
  4.190163092e+00  4.295560514e+00  4.410380481e+00  4.535010273e+00
  4.670104744e+00  4.815859781e+00  4.970015586e+00  5.128363642e+00
  5.288032167e+00  5.444485648e+00  5.590266267e+00  5.718347330e+00
  5.822742192e+00  5.905953524e+00  5.983272887e+00  6.076119763e+00
  6.212854152e+00  6.428348663e+00  6.771995940e+00  7.341118034e+00
  8.631711851e+00
@R ER 101 []
  0.000000000e+00  0.000000000e+00  0.000000000e+00  0.000000000e+00
  0.000000000e+00  0.000000000e+00  0.000000000e+00  0.000000000e+00
  0.000000000e+00  0.000000000e+00  0.000000000e+00  0.000000000e+00
  0.000000000e+00  0.000000000e+00  0.000000000e+00  0.000000000e+00
  0.000000000e+00  0.000000000e+00  0.000000000e+00  0.000000000e+00
  0.000000000e+00  0.000000000e+00  0.000000000e+00  0.000000000e+00
  0.000000000e+00  0.000000000e+00  0.000000000e+00  0.000000000e+00
  0.000000000e+00  0.000000000e+00  0.000000000e+00  0.000000000e+00
  0.000000000e+00  0.000000000e+00  0.000000000e+00  0.000000000e+00
  0.000000000e+00  0.000000000e+00  0.000000000e+00  0.000000000e+00
  0.000000000e+00  0.000000000e+00  0.000000000e+00  0.000000000e+00
  0.000000000e+00  0.000000000e+00  0.000000000e+00  0.000000000e+00
  0.000000000e+00  0.000000000e+00  0.000000000e+00  0.000000000e+00
  0.000000000e+00  0.000000000e+00  0.000000000e+00  0.000000000e+00
  0.000000000e+00  0.000000000e+00  0.000000000e+00  0.000000000e+00
  0.000000000e+00  0.000000000e+00  0.000000000e+00  0.000000000e+00
  0.000000000e+00  0.000000000e+00  0.000000000e+00  0.000000000e+00
  0.000000000e+00  0.000000000e+00  0.000000000e+00  0.000000000e+00
  0.000000000e+00  0.000000000e+00  0.000000000e+00  0.000000000e+00
  0.000000000e+00  0.000000000e+00  0.000000000e+00  0.000000000e+00
  0.000000000e+00  0.000000000e+00  0.000000000e+00  0.000000000e+00
  0.000000000e+00  0.000000000e+00  0.000000000e+00  0.000000000e+00
  0.000000000e+00  0.000000000e+00  0.000000000e+00  0.000000000e+00
  0.000000000e+00  0.000000000e+00  0.000000000e+00  0.000000000e+00
  0.000000000e+00  0.000000000e+00  0.000000000e+00  0.000000000e+00
  0.000000000e+00
@R NC1 101 []
  9.985000640e-01  9.299524322e-01  9.046528800e-01  8.866746355e-01
  8.724536122e-01  8.606092688e-01  8.504232628e-01  8.414731281e-01
  8.334785516e-01  8.262479965e-01  8.196408657e-01  8.135532616e-01
  8.079048554e-01  8.026337886e-01  7.976886076e-01  7.930256454e-01
  7.886060262e-01  7.843969478e-01  7.803718514e-01  7.765077995e-01
  7.727841236e-01  7.691829156e-01  7.656894747e-01  7.622902452e-01
  7.589741011e-01  7.557306813e-01  7.525514313e-01  7.494288814e-01
  7.463569090e-01  7.433305814e-01  7.403435028e-01  7.373893042e-01
  7.344652775e-01  7.315722143e-01  7.287103909e-01  7.258793920e-01
  7.230790951e-01  7.203089793e-01  7.175685525e-01  7.148574251e-01
  7.121752266e-01  7.095215689e-01  7.068958896e-01  7.042978426e-01
  7.017269931e-01  6.991829374e-01  6.966653154e-01  6.941736705e-01
  6.917076370e-01  6.892668974e-01  6.868510340e-01  6.844597288e-01
  6.820926419e-01  6.797495776e-01  6.774300309e-01  6.751336675e-01
  6.728603877e-01  6.706098669e-01  6.683818664e-01  6.661762079e-01
  6.639924134e-01  6.618298372e-01  6.596885243e-01  6.575692608e-01
  6.554717167e-01  6.533961343e-01  6.513436989e-01  6.493191202e-01
  6.473301359e-01  6.453837399e-01  6.434819259e-01  6.416284014e-01
  6.398275232e-01  6.380805613e-01  6.363891708e-01  6.347544687e-01
  6.331765733e-01  6.316551063e-01  6.301887195e-01  6.287765069e-01
  6.274165396e-01  6.261082657e-01  6.248511742e-01  6.236450091e-01
  6.224966398e-01  6.214040399e-01  6.203525114e-01  6.193490081e-01
  6.184241193e-01  6.176269971e-01  6.170142070e-01  6.166189198e-01
  6.164719524e-01  6.165424982e-01  6.167145492e-01  6.168705312e-01
  6.168782805e-01  6.166146279e-01  6.160880927e-01  6.151085184e-01
  6.139145406e-01
@R HFAC1 101 []
  1.000000000e+00  9.968330073e-01  9.937393604e-01  9.907163370e-01
  9.877582249e-01  9.848613907e-01  9.820198042e-01  9.792287524e-01
  9.764834054e-01  9.737794169e-01  9.711132085e-01  9.684817842e-01
  9.658824038e-01  9.633132320e-01  9.607715919e-01  9.582536054e-01
  9.557548600e-01  9.532715660e-01  9.508008558e-01  9.483396016e-01
  9.458845638e-01  9.434325538e-01  9.409810178e-01  9.385271905e-01
  9.360687748e-01  9.336034254e-01  9.311290698e-01  9.286439397e-01
  9.261465519e-01  9.236357023e-01  9.211093562e-01  9.185650538e-01
  9.160021915e-01  9.134220485e-01  9.108256868e-01  9.082137372e-01
  9.055869641e-01  9.029459450e-01  9.002911492e-01  8.976231863e-01
  8.949426570e-01  8.922500548e-01  8.895458724e-01  8.868306231e-01
  8.841047859e-01  8.813689148e-01  8.786234426e-01  8.758688688e-01
  8.731056547e-01  8.703343153e-01  8.675553292e-01  8.647691341e-01
  8.619762364e-01  8.591772514e-01  8.563724454e-01  8.535623450e-01
  8.507475752e-01  8.479286123e-01  8.451060392e-01  8.422803695e-01
  8.394519019e-01  8.366208180e-01  8.337879542e-01  8.309549539e-01
  8.281220907e-01  8.252899000e-01  8.224621117e-01  8.196482185e-01
  8.168622917e-01  8.141159624e-01  8.114165166e-01  8.087728284e-01
  8.061936694e-01  8.036856930e-01  8.012553570e-01  7.989087591e-01
  7.966513595e-01  7.944878104e-01  7.924220052e-01  7.904580034e-01
  7.885992825e-01  7.868515919e-01  7.852199084e-01  7.837104627e-01
  7.823367587e-01  7.810987230e-01  7.799631388e-01  7.789108117e-01
  7.779597642e-01  7.771468018e-01  7.764997289e-01  7.760172566e-01
  7.756959585e-01  7.755156749e-01  7.754350524e-01  7.754661220e-01
  7.756298576e-01  7.760821014e-01  7.769254407e-01  7.794647390e-01
  7.846526747e-01
@R HFAC2 101 []
  1.000000000e+00  9.936811507e-01  9.875382251e-01  9.815643000e-01
  9.757467042e-01  9.700770028e-01  9.645421989e-01  9.591320390e-01
  9.538361389e-01  9.486452025e-01  9.435514799e-01  9.385484352e-01
  9.336300929e-01  9.287922488e-01  9.240291619e-01  9.193329179e-01
  9.146946733e-01  9.101068218e-01  9.055635637e-01  9.010587009e-01
  8.965858738e-01  8.921388965e-01  8.877128198e-01  8.833023671e-01
  8.789031769e-01  8.745108387e-01  8.701215114e-01  8.657319291e-01
  8.613393990e-01  8.569417791e-01  8.525354045e-01  8.481158832e-01
  8.436822519e-01  8.392369856e-01  8.347821195e-01  8.303188908e-01
  8.258487741e-01  8.213728736e-01  8.168921098e-01  8.124076260e-01
  8.079205324e-01  8.034317558e-01  7.989421837e-01  7.944527490e-01
  7.899643086e-01  7.854778242e-01  7.809940594e-01  7.765138561e-01
  7.720380014e-01  7.675673522e-01  7.631026867e-01  7.586447203e-01
  7.541942536e-01  7.497522681e-01  7.453191592e-01  7.408957135e-01
  7.364829081e-01  7.320814439e-01  7.276921697e-01  7.233158426e-01
  7.189528350e-01  7.146032968e-01  7.102684378e-01  7.059507946e-01
  7.016507083e-01  6.973689427e-01  6.931111648e-01  6.888914114e-01
  6.847308230e-01  6.806469228e-01  6.766495349e-01  6.727510878e-01
  6.689639032e-01  6.652964086e-01  6.617567755e-01  6.583524534e-01
  6.550896196e-01  6.519731402e-01  6.490065873e-01  6.461938244e-01
  6.435374727e-01  6.410434365e-01  6.387168219e-01  6.365640891e-01
  6.346038598e-01  6.328342552e-01  6.312079297e-01  6.297037126e-01
  6.283552430e-01  6.272270842e-01  6.263764047e-01  6.258153364e-01
  6.255538681e-01  6.255558651e-01  6.257210214e-01  6.260167786e-01
  6.264139916e-01  6.270468728e-01  6.280472527e-01  6.309282489e-01
  6.370451641e-01
