r	   0/   0	   0/   1	   1/  -1	   1/   0	   1/   1	   2/  -1	   2/   0	   2/   1	   3/  -1	   3/   0	   3/   1	   4/  -1	   4/   0	   4/   1	   5/  -1	   5/   0	   5/   1	   6/  -1	   6/   0	   6/   1	   7/  -1	   7/   0	   7/   1	   8/  -1	   8/   0	   8/   1	   9/  -1	   9/   0	   9/   1	  10/  -1	  10/   0	  10/   1	  11/  -1	  11/   0	  11/   1	  12/  -1	  12/   0	  12/   1	  13/  -1	  13/   0	  13/   1	  14/  -1	  14/   0	  14/   1	  15/  -1	  15/   0	  15/   1	  16/  -1	  16/   0	  16/   1	  17/  -1	  17/   0	  17/   1	  18/  -1	  18/   0	  18/   1	  19/  -1	  19/   0	  19/   1
0.07217	-1.465796E+00	 2.602974E-14	 3.771303E-14	 9.425507E-02	 3.010916E-14	-2.788625E-14	 7.268081E-03	-5.463311E-14	-1.103282E-14	 7.244503E-04	 1.300051E-14	 5.805637E-15	-5.087659E-05	-2.649026E-15	-7.486942E-14	 5.337932E-05	 5.629898E-14	 3.264954E-14	-2.766424E-05	 3.071586E-14	-6.378968E-14	-5.593113E-06	 2.698771E-14	 5.130543E-14	-1.823768E-05	-3.249667E-15	 1.296565E-14	-4.411537E-06	-4.855828E-14	 5.059231E-14	 1.616186E-05	 1.592702E-15	-7.148854E-14	-7.049253E-06	 4.394587E-14	 2.655360E-14	-6.445643E-06	-5.805184E-14	 5.252775E-14	 7.602092E-06	-4.576645E-14	 3.140188E-14	 2.238219E-06	 7.699466E-15	-4.795833E-14	-3.864662E-07	-1.369659E-15	-1.036101E-14	-1.491375E-06	 4.175414E-14	-2.242927E-14	 1.906357E-07	-2.371040E-14	-6.859581E-15	-2.029852E-06	 2.349435E-17	-1.431389E-14	 2.645985E-06	 1.016046E-14
0.12500	-1.484699E+00	-6.493499E-15	 1.478936E-13	 1.371216E-01	-6.062010E-14	-5.490713E-14	 1.445254E-02	-6.938426E-14	-8.672178E-16	 1.630988E-03	-8.535412E-14	-2.283643E-14	 6.247058E-05	 4.073044E-15	-5.888128E-14	 1.719247E-04	 3.241897E-14	-1.169089E-14	-3.101317E-05	 3.681602E-14	-6.163550E-14	-3.881581E-05	 1.791590E-14	-2.301655E-14	-3.233314E-05	 6.624077E-14	 9.563351E-14	 1.216093E-05	-1.803363E-13	 3.225221E-14	 1.484786E-05	-9.365568E-15	-1.380013E-13	-1.977311E-05	 6.974028E-14	 1.005552E-13	-5.921769E-06	-1.077150E-13	 3.099304E-14	 9.241657E-06	-3.504635E-14	 8.747452E-14	 6.165168E-07	-6.739330E-14	 9.889738E-15	 5.443252E-07	-3.293201E-15	-2.124380E-14	-2.629202E-07	 6.372166E-14	-1.633648E-14	 3.198391E-06	 3.690156E-14	 1.618323E-14	-5.649791E-06	-1.120435E-15	-1.476950E-14	 4.947335E-06	 1.764456E-14
0.16137	-1.503810E+00	-3.843015E-15	 1.329946E-13	 1.690642E-01	-3.508113E-14	 2.182440E-15	 2.159143E-02	-9.090377E-14	-6.870945E-16	 2.786812E-03	-7.031389E-14	 9.547611E-15	 2.961747E-04	 6.072828E-15	-9.108735E-14	 3.031233E-04	-4.043899E-14	-1.586175E-14	 1.209425E-05	-7.989529E-14	 3.100563E-15	-6.610177E-05	-7.261903E-14	-6.017900E-14	-3.505262E-05	 3.044261E-14	 9.949395E-14	 2.998517E-05	-7.775999E-14	 9.186343E-14	-4.276181E-06	 2.600609E-14	-1.089213E-13	-2.522143E-05	 7.551720E-14	 3.575440E-14	 4.820935E-06	 1.522372E-14	 3.587518E-14	 4.952766E-06	-3.319505E-14	 5.964447E-14	-5.354346E-06	-5.629476E-14	 5.071232E-14	-1.478840E-07	-2.214764E-14	-3.772002E-14	 2.246952E-06	 2.079756E-14	 9.787852E-15	 2.766291E-06	 4.387738E-14	 2.485848E-14	-3.652923E-06	 1.233330E-14	-3.905067E-14	 4.306668E-06	 2.626430E-14
0.19094	-1.522943E+00	 3.372345E-14	-5.856465E-15	 1.960159E-01	-2.234451E-14	 1.402067E-14	 2.852332E-02	-8.975109E-14	-3.509948E-14	 4.135016E-03	 3.346931E-14	 3.593207E-14	 6.275787E-04	-3.933291E-14	-3.269284E-14	 4.381783E-04	-8.637858E-15	 4.658430E-14	 6.946586E-05	-1.098123E-13	 3.433438E-14	-6.805639E-05	-5.739784E-14	 4.176204E-14	-3.004066E-05	 1.744709E-14	 3.697442E-14	 3.858685E-05	-2.662032E-14	 4.013548E-14	-1.121812E-05	 8.282563E-14	-4.829194E-14	-2.851931E-05	 3.678554E-14	-1.335776E-13	 3.445994E-06	 8.472798E-14	 9.035964E-14	 5.187994E-06	-1.504989E-13	 9.677774E-14	-3.994563E-06	-9.518458E-14	-2.184729E-14	-2.789120E-06	 2.834378E-14	-2.657633E-14	 3.471538E-07	 2.008544E-14	-1.117241E-14	 2.532248E-06	-1.632458E-14	-1.803951E-14	-2.022810E-06	-1.208147E-14	-4.729711E-14	 2.902110E-06	 2.425008E-14
0.21651	-1.541980E+00	-2.138822E-14	-1.096979E-14	 2.199520E-01	-5.232344E-14	 7.267431E-15	 3.519178E-02	-3.893981E-14	-5.872036E-14	 5.597689E-03	 3.296311E-14	 4.147589E-14	 1.041525E-03	-1.515464E-13	 5.699414E-14	 5.838738E-04	 6.655365E-14	 3.604455E-14	 1.337342E-04	-2.510977E-14	 5.804432E-14	-5.477635E-05	 5.828932E-14	 1.154686E-13	-2.449518E-05	-6.336264E-14	 9.419728E-14	 4.615772E-05	-7.258993E-14	-5.759393E-14	-5.821589E-06	-2.261239E-14	-7.906285E-14	-3.140166E-05	 7.159894E-14	-3.512927E-14	-2.894848E-06	 7.132454E-15	-8.950885E-16	 6.783655E-06	-1.171742E-13	 1.290163E-13	-7.956144E-07	-9.767060E-14	-2.686471E-14	-5.379753E-06	 2.885920E-14	-8.130165E-14	-1.078075E-06	 1.339219E-13	-5.815227E-14	 3.815349E-06	 3.780286E-14	 1.600026E-14	-5.009636E-06	-2.839914E-14	 5.756898E-14	 2.598612E-06	-3.776025E-14
0.23936	-1.560803E+00	-8.039059E-15	-9.045861E-15	 2.418727E-01	-7.171150E-16	-4.166461E-14	 4.153705E-02	-7.302212E-15	 6.271854E-14	 7.097338E-03	-5.196926E-14	 5.397972E-14	 1.503841E-03	-4.577083E-14	-1.646608E-14	 7.397578E-04	 2.804426E-15	-2.524644E-15	 2.060157E-04	 5.262104E-14	-3.824104E-14	-2.789190E-05	-5.707928E-14	 3.167138E-14	-1.623293E-05	-1.163128E-13	-3.566764E-15	 5.070556E-05	-2.399502E-14	-5.535683E-14	 2.539766E-06	 5.024358E-14	-4.077313E-14	-3.014063E-05	 9.099176E-14	 1.329780E-14	-7.366348E-06	 1.197382E-14	 1.988336E-14	 6.666062E-06	-5.434258E-14	 7.883428E-14	 2.020938E-06	-4.461906E-14	 1.179582E-13	-6.573772E-06	-3.957715E-14	-4.892337E-14	-1.235849E-06	 6.877824E-14	-6.908781E-14	 3.493642E-06	 2.833825E-14	 2.379133E-14	-6.348622E-06	-6.520203E-14	 9.176439E-14	 9.461208E-07	-1.017059E-13
0.26021	-1.579308E+00	 5.080000E-15	-6.274557E-14	 2.623726E-01	 5.469729E-14	-5.399085E-14	 4.751284E-02	 1.541820E-14	 7.702437E-14	 8.571071E-03	-1.447980E-13	 5.943455E-14	 1.986774E-03	 8.168646E-14	-8.259491E-14	 9.025800E-04	 1.697367E-14	-4.592047E-14	 2.824160E-04	 7.891797E-14	-3.109139E-14	 8.301977E-06	-1.139470E-13	 8.868271E-15	-2.586809E-06	 1.404025E-13	-7.982527E-14	 5.517072E-05	 1.422690E-14	-9.354205E-15	 1.100659E-05	 1.068401E-13	 1.337481E-14	-2.669536E-05	-1.013121E-14	 6.926225E-16	-1.023746E-05	-4.067324E-14	-3.858386E-14	 5.574896E-06	-1.048880E-13	 9.469911E-15	 4.659351E-06	-2.701512E-14	 5.954028E-14	-5.581665E-06	-6.733587E-15	-4.375668E-14	-2.648753E-06	-7.182129E-15	-7.656408E-14	 4.609908E-06	-2.007216E-14	-3.145747E-14	-6.771028E-06	-3.927525E-14	 7.946233E-15	-2.539158E-06	-6.484209E-15
0.27951	-1.597416E+00	-9.110186E-14	-1.702483E-13	 2.818354E-01	 5.351574E-14	 7.089549E-14	 5.309540E-02	-6.139418E-14	-9.322081E-14	 9.972827E-03	 3.720598E-14	 6.568735E-14	 2.467141E-03	 7.820239E-15	-8.696939E-14	 1.068120E-03	 1.483287E-13	-2.065867E-14	 3.606948E-04	 1.697014E-14	 1.792626E-14	 5.060702E-05	 4.776577E-14	-1.481748E-14	 1.634369E-05	 1.924978E-13	 1.084944E-13	 6.088774E-05	-6.352994E-15	-6.374108E-14	 1.908981E-05	-1.322724E-14	 5.061235E-14	-2.178771E-05	-8.568534E-14	 7.701600E-14	-1.150942E-05	 3.536797E-14	-7.257979E-14	 3.802688E-06	-7.319141E-14	-6.462688E-14	 6.688907E-06	 5.489968E-14	-4.941867E-14	-4.148557E-06	 5.631917E-14	-3.431342E-14	-3.068572E-06	 1.894658E-14	 9.638440E-15	 5.467542E-06	 2.612126E-14	 2.756877E-14	-6.209949E-06	 8.824983E-14	 2.185404E-14	-5.498454E-06	 1.307850E-13
0.29756	-1.615077E+00	 5.118550E-14	-4.058572E-14	 3.005169E-01	 3.656058E-15	 1.020073E-13	 5.828241E-02	-4.196935E-14	 4.982652E-14	 1.127452E-02	 4.300855E-14	 2.897091E-14	 2.927995E-03	-1.806523E-14	-6.697662E-14	 1.231949E-03	 9.718436E-14	-1.358442E-14	 4.396635E-04	-4.505916E-14	 6.211667E-14	 9.728289E-05	-3.465186E-14	-3.039662E-14	 3.982233E-05	-1.030143E-14	 1.388573E-13	 6.823880E-05	-1.862080E-14	 1.186756E-14	 2.671001E-05	-7.707988E-14	 3.150807E-14	-1.593043E-05	 3.245583E-14	 7.576251E-14	-1.120566E-05	 1.224961E-14	 2.603419E-15	 1.948437E-06	-2.122000E-14	-2.652481E-15	 7.893104E-06	-4.561281E-15	-1.771220E-14	-2.919779E-06	 1.713982E-14	 1.411657E-14	-2.873642E-06	 1.739941E-14	 6.659273E-14	 6.185527E-06	 5.133284E-15	 9.993673E-14	-5.035529E-06	 5.034086E-15	 7.146926E-14	-7.411558E-06	-1.241937E-14
0.31458	-1.632277E+00	 1.251885E-13	 7.560181E-14	 3.185868E-01	 5.779916E-15	 1.624718E-15	 6.309002E-02	 1.657680E-14	 8.088497E-14	 1.246529E-02	-3.316119E-14	 6.149445E-14	 3.359790E-03	-5.764845E-14	-6.524403E-14	 1.390788E-03	 6.988900E-14	-2.784111E-14	 5.188190E-04	-6.955271E-14	 1.883230E-13	 1.475139E-04	-2.157039E-13	 8.683695E-16	 6.709967E-05	-3.256869E-14	-3.921682E-14	 7.717459E-05	 9.929509E-14	 7.734469E-14	 3.391008E-05	-1.754820E-14	-8.830880E-14	-9.445576E-06	 1.165542E-13	-6.351505E-14	-9.446391E-06	-5.257359E-14	-1.084987E-13	 4.998302E-07	-5.756790E-14	 7.025577E-15	 8.343020E-06	 6.437144E-16	-1.354564E-14	-2.151618E-06	-3.444271E-14	-1.625932E-14	-2.488470E-06	 1.652927E-14	-1.397384E-14	 6.696674E-06	 3.603227E-14	-8.274386E-15	-3.611702E-06	-2.473870E-14	-2.102091E-14	-8.220908E-06	-8.421840E-14
0.33072	-1.649038E+00	-3.720944E-14	 8.463800E-14	 3.361553E-01	 3.152442E-14	-1.599391E-13	 6.754828E-02	 2.082497E-14	 1.210535E-14	 1.354821E-02	 8.051889E-14	-1.288765E-13	 3.759764E-03	-3.629024E-14	 7.026422E-15	 1.543190E-03	-4.136026E-14	 1.423869E-13	 5.981661E-04	-4.933605E-14	-4.953929E-15	 2.008418E-04	-4.737182E-14	 1.476196E-13	 9.752867E-05	-4.124763E-14	-8.042053E-14	 8.765364E-05	 1.346148E-13	-1.053623E-13	 4.089331E-05	 1.833385E-13	-2.707393E-14	-2.588898E-06	-5.627142E-14	-2.009651E-13	-6.509117E-06	 7.308838E-14	-7.238531E-14	-2.633083E-07	-3.559923E-14	 1.099873E-14	 8.350140E-06	 3.855545E-14	-2.460580E-14	-1.897398E-06	 4.743647E-14	-6.911123E-14	-2.148904E-06	 1.133978E-14	-2.898020E-14	 6.942509E-06	-2.306078E-14	 3.493440E-17	-2.269733E-06	-4.422350E-14	-1.024330E-14	-8.181468E-06	-2.280218E-14
0.34611	-1.665392E+00	 1.894781E-14	 1.339106E-13	 3.532964E-01	-5.918533E-14	-5.940691E-14	 7.169342E-02	-1.320299E-13	 3.231240E-14	 1.453383E-02	 3.499736E-15	-9.817566E-14	 4.129434E-03	-3.539231E-14	 5.348219E-14	 1.689190E-03	-1.582412E-13	 1.285737E-13	 6.779200E-04	-4.918134E-14	-5.204504E-14	 2.567624E-04	-1.976711E-14	 7.257695E-14	 1.304958E-04	 4.032344E-14	 1.482414E-13	 9.977760E-05	 6.203529E-14	-1.247151E-13	 4.805377E-05	 8.515434E-14	 1.078500E-13	 4.464464E-06	-1.714776E-13	-1.229622E-14	-2.783977E-06	 2.381444E-14	-6.634235E-15	-2.989491E-07	 5.466267E-14	 1.023743E-13	 8.265963E-06	 2.041313E-14	-5.072783E-16	-2.021306E-06	 3.991129E-14	-5.847443E-14	-1.953740E-06	-1.920878E-14	-5.027790E-15	 6.950955E-06	-7.900104E-14	 1.870119E-14	-1.189373E-06	-6.245173E-14	 6.685907E-16	-7.684348E-06	-6.835626E-16
0.36084	-1.681373E+00	 3.164619E-14	 4.904291E-14	 3.700639E-01	-8.514297E-14	 8.102210E-14	 7.556044E-02	-1.579612E-13	-1.746543E-13	 1.543414E-02	-6.899330E-14	 1.349909E-13	 4.471851E-03	-1.200784E-14	-2.610460E-14	 1.829375E-03	-5.605237E-14	-1.024525E-13	 7.581315E-04	 9.677912E-14	 5.244046E-14	 3.146167E-04	-1.627407E-13	-4.293384E-14	 1.654239E-04	 5.687950E-14	 1.009911E-13	 1.136829E-04	 2.693696E-14	 6.151465E-14	 5.582654E-05	-7.497230E-14	-2.692498E-14	 1.166510E-05	-1.058816E-13	 4.113154E-14	 1.397395E-06	-9.186013E-14	-1.050335E-14	 2.909574E-07	-3.126130E-14	 1.295793E-13	 8.321663E-06	-4.569574E-15	 1.280159E-13	-2.333029E-06	-8.790172E-14	 8.245333E-14	-1.902744E-06	-1.018051E-13	 3.579356E-15	 6.797274E-06	-2.034618E-14	-3.693426E-14	-4.053499E-07	 4.498484E-14	-4.414795E-14	-7.053393E-06	 3.361803E-14
0.37500	-1.697009E+00	 6.028526E-15	-5.639718E-15	 3.865006E-01	-3.071617E-15	-4.354884E-14	 7.917986E-02	 5.278627E-14	-1.712911E-13	 1.625984E-02	 5.441060E-14	 1.591826E-14	 4.790178E-03	 6.698852E-14	-2.002071E-14	 1.964295E-03	 3.104095E-14	-6.976024E-14	 8.385371E-04	 1.062080E-13	 1.237327E-13	 3.736640E-04	-7.894453E-14	-5.236398E-14	 2.018214E-04	-3.358724E-14	 4.334584E-14	 1.294429E-04	-5.862822E-14	 5.807326E-14	 6.454849E-05	-5.548704E-14	-9.796052E-14	 1.906821E-05	 3.560284E-14	-1.081578E-13	 5.854958E-06	 8.359964E-14	 1.876016E-14	 1.380233E-06	-2.827706E-14	 5.293752E-14	 8.607075E-06	-6.534100E-14	 5.514415E-14	-2.687606E-06	-7.373724E-14	-3.057735E-14	-1.952439E-06	 1.162279E-14	-8.019081E-14	 6.556713E-06	 7.581840E-14	-1.487745E-14	 1.228105E-07	 7.745625E-14	 5.965337E-14	-6.470437E-06	 3.198594E-14
0.38864	-1.712326E+00	-5.614381E-15	-6.139211E-14	 4.026413E-01	-6.577188E-15	-9.885100E-14	 8.257789E-02	 5.474920E-14	-2.427442E-15	 1.702016E-02	 1.850525E-14	-1.352718E-13	 5.087351E-03	 6.665546E-14	-1.201224E-13	 2.094309E-03	 3.392215E-14	-5.847942E-14	 9.186363E-04	 1.479422E-14	 3.085345E-14	 4.331970E-04	 6.184603E-14	-2.301417E-13	 2.393101E-04	 4.428147E-14	 9.493712E-14	 1.470461E-04	-7.051314E-14	-1.961680E-13	 7.442084E-05	 8.932550E-14	-4.381803E-14	 2.678604E-05	 6.106411E-14	-1.515762E-13	 1.054756E-05	 9.969296E-14	-3.437346E-14	 2.876399E-06	-1.745906E-14	 2.185696E-14	 9.129626E-06	-6.145553E-14	-3.941507E-14	-3.012245E-06	-2.872898E-14	-8.960145E-14	-2.053726E-06	 6.997676E-14	-2.878027E-14	 6.285800E-06	 1.147596E-13	 5.930080E-14	 4.502872E-07	 8.919314E-14	 1.063044E-13	-6.005478E-06	 6.778011E-14
0.40182	-1.727350E+00	-6.240866E-14	-4.704612E-14	 4.185142E-01	 1.649119E-14	 3.834032E-14	 8.577771E-02	 6.545986E-14	 6.953313E-14	 1.772339E-02	-8.907551E-14	 3.689595E-14	 5.366080E-03	-3.790022E-14	-1.451714E-13	 2.219639E-03	-1.812934E-14	-9.035895E-14	 9.978608E-04	 8.204057E-14	-1.145643E-13	 4.926068E-04	 5.981231E-14	-1.239159E-13	 2.775944E-04	 1.359693E-14	-1.656413E-13	 1.664216E-04	 1.117750E-13	-1.588167E-13	 8.555955E-05	 6.778779E-14	-2.303845E-13	 3.495405E-05	 6.675312E-14	-9.939521E-14	 1.550748E-05	-1.056482E-13	-5.980555E-14	 4.719914E-06	-4.304763E-14	 5.446819E-14	 9.870765E-06	 2.098982E-15	 6.194185E-14	-3.277000E-06	 6.922125E-14	 7.247960E-14	-2.171350E-06	 9.610646E-14	 8.448475E-14	 6.020845E-06	 9.220164E-14	 3.564814E-14	 6.271222E-07	 5.059638E-14	-2.771688E-14	-5.673050E-06	 2.523093E-14
0.41458	-1.742104E+00	 9.650771E-14	 1.582536E-14	 4.341427E-01	 7.521262E-16	-2.660666E-14	 8.880018E-02	-6.917841E-14	-4.409597E-14	 1.837707E-02	-4.001563E-14	 1.904060E-13	 5.628804E-03	-1.423475E-13	-5.171873E-14	 2.340429E-03	 4.080001E-14	 5.660464E-14	 1.075683E-03	 3.252738E-14	 9.706221E-14	 5.513981E-04	 4.043208E-14	 5.437805E-14	 3.164262E-04	 6.920298E-14	-8.335103E-14	 1.874656E-04	 1.510545E-13	-1.090271E-13	 9.803842E-05	 9.878282E-14	-9.590899E-14	 4.370786E-05	 4.309293E-14	-6.070141E-14	 2.079364E-05	-1.182111E-13	-2.913268E-14	 6.872880E-06	 1.439993E-13	-1.687969E-14	 1.081896E-05	 3.833771E-14	 2.603373E-14	-3.472819E-06	 3.037819E-14	 7.159434E-14	-2.286966E-06	 6.870806E-14	 5.333401E-14	 5.784538E-06	-7.800430E-15	-3.305793E-15	 6.951378E-07	-7.978189E-14	-4.917873E-14	-5.470346E-06	-9.025545E-14
0.42696	-1.756613E+00	 5.449291E-14	-3.656365E-15	 4.495465E-01	 1.507334E-13	-2.959643E-14	 9.166392E-02	-1.233485E-13	 2.371056E-14	 1.898792E-02	-3.041658E-14	-8.293550E-14	 5.877649E-03	 1.214417E-13	-4.176204E-14	 2.456753E-03	 1.042545E-13	-5.057887E-15	 1.151647E-03	 8.637351E-14	 1.783534E-13	 6.091890E-04	-2.940310E-14	 2.122507E-14	 3.555977E-04	 7.170306E-14	 1.796135E-14	 2.100530E-04	-6.776245E-14	 9.995554E-14	 1.118938E-04	 7.224742E-15	 1.865190E-14	 5.316690E-05	 1.098937E-14	-4.427072E-15	 2.647735E-05	-7.390953E-14	 1.115465E-13	 9.320654E-06	 1.082920E-14	 5.719292E-14	 1.197810E-05	-6.962281E-14	-1.559595E-14	-3.602454E-06	-5.545142E-14	 1.391387E-14	-2.395851E-06	-5.787702E-14	 3.721858E-14	 5.588449E-06	-8.403805E-14	 5.902716E-14	 6.858427E-07	-5.280838E-14	 6.100299E-14	-5.389989E-06	-1.144390E-14
0.43899	-1.770897E+00	-8.625512E-14	-2.892415E-15	 4.647426E-01	 1.522914E-13	 1.343330E-13	 9.438586E-02	 1.200139E-13	 7.681991E-14	 1.956220E-02	-3.383293E-14	-1.270732E-13	 6.114558E-03	 1.259765E-13	 1.067446E-13	 2.568676E-03	-1.195217E-14	 5.791740E-14	 1.225393E-03	 9.032793E-14	 1.009526E-13	 6.657155E-04	-8.311455E-14	-7.150619E-14	 3.949553E-04	 5.378363E-15	 1.083957E-13	 2.340482E-04	-1.420844E-13	 3.097737E-14	 1.271194E-04	 8.952574E-15	-1.695048E-14	 6.342448E-05	 8.084374E-14	 8.876410E-14	 3.263978E-05	-6.235062E-14	 1.536364E-13	 1.207717E-05	-2.353912E-13	 1.010929E-13	 1.336740E-05	-1.352594E-13	-3.399463E-15	-3.674664E-06	 1.666102E-16	 1.578667E-14	-2.502265E-06	-1.013635E-15	 2.278046E-14	 5.433848E-06	 8.687226E-15	-1.530526E-14	 6.177621E-07	 3.687829E-14	-5.123595E-14	-5.423021E-06	 4.522784E-14
0.45069	-1.784977E+00	 9.343886E-14	-8.035727E-14	 4.797450E-01	-1.439515E-13	 9.461619E-15	 9.698175E-02	 2.135452E-13	-8.410915E-14	 2.010601E-02	-1.477871E-14	-1.603153E-13	 6.341421E-03	 2.915694E-14	 9.501697E-14	 2.676310E-03	-5.654398E-14	-2.911702E-14	 1.296670E-03	-2.455958E-14	-5.485638E-14	 7.208173E-04	 9.017990E-14	-1.932832E-13	 4.343889E-04	 1.601178E-13	 2.423517E-13	 2.593161E-04	 4.901719E-14	-1.123180E-13	 1.436852E-04	 1.377150E-13	 1.435311E-13	 7.455315E-05	-5.154936E-14	 8.482426E-14	 3.936177E-05	-8.045063E-14	 3.788594E-14	 1.517527E-05	-1.849358E-14	-4.870547E-15	 1.501412E-05	 2.111144E-14	-1.439881E-14	-3.691255E-06	 1.461717E-14	-7.148116E-15	-2.611964E-06	 1.804535E-14	-1.156874E-14	 5.314941E-06	 3.344827E-14	-4.900491E-14	 5.008589E-07	 1.082183E-14	-7.804177E-14	-5.561152E-06	-3.771718E-14
0.46211	-1.798873E+00	-1.571537E-13	 9.124498E-14	 4.945654E-01	 4.714701E-14	 1.604096E-14	 9.946641E-02	-1.651852E-13	 1.159745E-13	 2.062526E-02	 7.301736E-14	 4.912315E-14	 6.560057E-03	 7.413065E-14	 1.896378E-14	 2.779821E-03	 4.337210E-14	-1.197011E-13	 1.365328E-03	-2.028176E-14	-2.209602E-13	 7.744018E-04	 3.792571E-14	-1.221003E-13	 4.738094E-04	 1.217621E-14	-1.183427E-13	 2.857315E-04	 1.932455E-13	 1.025318E-13	 1.615568E-04	-5.708880E-14	 1.275508E-13	 8.660923E-05	-1.954467E-13	 1.484013E-13	 4.671403E-05	-9.036448E-14	 6.795978E-14	 1.865531E-05	 1.743477E-13	 8.625297E-14	 1.695180E-05	 9.774631E-14	 9.656222E-14	-3.640153E-06	 1.253846E-14	 4.408046E-14	-2.728435E-06	-5.511390E-14	 2.398757E-14	 5.223027E-06	-2.372407E-14	 2.319460E-14	 3.425067E-07	-3.148857E-15	 2.965647E-14	-5.799423E-06	-4.158039E-14
0.47324	-1.812607E+00	-2.260893E-13	 1.882372E-13	 5.092138E-01	 1.780678E-13	 4.740468E-14	 1.018537E-01	-9.544801E-14	 1.061995E-13	 2.112557E-02	 1.052465E-13	 1.168481E-13	 6.772185E-03	 7.661414E-14	-7.213993E-15	 2.879422E-03	 6.076053E-14	-1.816128E-15	 1.431289E-03	-1.434107E-14	-1.037411E-13	 8.264108E-04	-4.342139E-14	 1.092049E-13	 5.131416E-04	-3.270101E-13	-2.650156E-13	 3.131856E-04	 1.148832E-13	 2.216699E-14	 1.806987E-04	-2.851461E-14	-9.069186E-14	 9.963147E-05	-8.739897E-15	 5.389511E-14	 5.475692E-05	 7.106763E-14	 5.497001E-14	 2.256199E-05	-2.772210E-14	 5.222809E-14	 1.922320E-05	 6.977022E-14	 6.885901E-14	-3.499780E-06	-1.341512E-14	 1.799114E-14	-2.852185E-06	-5.292708E-14	-1.230367E-14	 5.150921E-06	-2.854348E-14	-1.898589E-15	 1.489496E-07	 6.391414E-14	 3.916185E-15	-6.137169E-06	 1.169453E-13
0.48412	-1.826197E+00	 1.250541E-13	-3.937837E-14	 5.236992E-01	-5.065611E-14	-8.479002E-14	 1.041561E-01	 3.175691E-13	 6.865017E-14	 2.161199E-02	-1.241094E-13	-1.771268E-13	 6.979341E-03	-4.575777E-14	 4.467888E-14	 2.975357E-03	-2.431342E-14	-1.183725E-13	 1.494526E-03	 6.289989E-14	 1.585706E-13	 8.767914E-04	-9.849475E-14	 2.333019E-14	 5.523008E-04	-2.360190E-13	 3.131244E-14	 3.415817E-04	 3.506032E-14	-1.118319E-13	 2.010851E-04	 4.577727E-14	-1.546063E-13	 1.136502E-04	 8.941841E-14	 7.205532E-14	 6.353746E-05	 1.337522E-13	 1.653035E-14	 2.693572E-05	-8.007810E-14	-7.340878E-14	 2.186989E-05	 4.721673E-14	-1.332865E-13	-3.235595E-06	-7.654089E-15	-1.408563E-13	-2.977683E-06	-1.517305E-15	-6.704519E-14	 5.094603E-06	-5.871283E-15	 6.996094E-15	-6.983292E-08	 3.838684E-14	 1.847454E-14	-6.575053E-06	 7.996308E-14
0.49476	-1.839660E+00	 1.684351E-13	-4.928039E-14	 5.380304E-01	-1.112556E-13	 5.282051E-14	 1.063841E-01	 6.512234E-15	 5.152387E-14	 2.208855E-02	-1.660461E-13	-1.195027E-13	 7.182721E-03	-3.837441E-14	-1.230812E-14	 3.067831E-03	-9.914768E-14	-8.802518E-14	 1.555018E-03	 7.048811E-14	 1.501938E-13	 9.254685E-04	-1.411863E-13	-1.051578E-13	 5.911843E-04	 1.213721E-14	 2.484249E-13	 3.708256E-04	 8.644292E-14	-1.863025E-14	 2.226887E-04	-1.611130E-13	 2.808161E-13	 1.286829E-04	 5.142851E-14	 2.127886E-13	 7.309248E-05	-1.863502E-13	 3.470576E-14	 3.181322E-05	 1.307499E-14	-8.377147E-14	 2.493451E-05	 6.986067E-14	-1.756447E-13	-2.808965E-06	 7.091807E-14	-1.330786E-13	-3.094815E-06	 3.908461E-14	-3.084270E-14	 5.054662E-06	 5.989477E-14	 1.044654E-14	-3.018671E-07	 4.606642E-14	 1.400908E-14	-7.114211E-06	 2.325787E-15
0.50518	-1.853008E+00	-1.462193E-14	 5.078449E-14	 5.522158E-01	 7.833752E-14	 1.231858E-13	 1.085461E-01	-2.409325E-13	-7.979862E-14	 2.255834E-02	 1.146956E-13	-1.942801E-13	 7.383327E-03	 4.707484E-14	-1.893924E-13	 3.157069E-03	 8.835609E-14	-2.658547E-14	 1.612757E-03	 2.659191E-14	-1.492100E-13	 9.723555E-04	 5.148133E-14	-4.114229E-14	 6.296832E-04	 2.113792E-13	 1.432587E-14	 4.008235E-04	 9.806463E-14	-3.654784E-14	 2.454709E-04	 4.438466E-14	 9.855295E-14	 1.447323E-04	 1.657680E-13	-1.611067E-14	 8.345390E-05	-3.042902E-14	 2.161279E-13	 3.723324E-05	-6.450872E-14	 8.210829E-14	 2.846225E-05	-9.925394E-14	 4.894502E-15	-2.182018E-06	-5.940876E-14	-9.826779E-15	-3.190389E-06	 2.052515E-14	-4.173195E-14	 5.034519E-06	 1.367455E-13	-6.109298E-14	-5.374698E-07	 1.547183E-13	-6.653630E-14	-7.754911E-06	 1.041550E-13
0.51539	-1.866254E+00	-1.486309E-13	 5.139903E-14	 5.662635E-01	 1.579344E-13	-1.851247E-14	 1.106486E-01	-2.817663E-14	 1.717943E-14	 2.302403E-02	 1.395469E-13	 4.383431E-14	 7.582270E-03	-1.602813E-13	-1.152195E-13	 3.243450E-03	-2.430590E-14	 1.368105E-13	 1.667814E-03	-9.889001E-14	-3.340167E-13	 1.017390E-03	 1.287311E-13	-2.282622E-14	 6.676973E-04	 7.739483E-14	-2.062604E-14	 4.314834E-04	-1.457688E-13	-3.911835E-13	 2.693863E-04	 3.560207E-13	-7.645889E-14	 1.617950E-04	-3.464587E-14	-1.469286E-13	 9.465294E-05	 1.528189E-13	 1.268818E-13	 4.323558E-05	-9.428511E-14	 7.215620E-14	 3.249518E-05	-1.689452E-13	 1.764533E-14	-1.316861E-06	-1.401141E-13	 4.414480E-15	-3.245563E-06	-8.986956E-14	 3.545251E-14	 5.040974E-06	-4.701618E-14	 6.903115E-14	-7.681107E-07	-3.819398E-14	 7.332401E-14	-8.495082E-06	-8.488216E-15
0.52540	-1.879406E+00	 3.121139E-14	-1.113670E-13	 5.801812E-01	 8.766693E-14	-1.029370E-13	 1.126963E-01	 1.391784E-13	 3.136633E-14	 2.348753E-02	-8.934455E-14	 2.191365E-13	 7.780551E-03	 1.131890E-14	 5.663105E-14	 3.327392E-03	-2.175520E-13	 1.618811E-13	 1.720299E-03	-7.780222E-14	 1.206834E-13	 1.060528E-03	 6.109298E-15	-1.653758E-13	 7.051237E-04	-5.459733E-14	 2.455354E-13	 4.626986E-04	-2.046932E-13	-3.791994E-13	 2.943802E-04	 2.398820E-13	 2.599195E-13	 1.798694E-04	-4.135200E-13	-1.333382E-13	 1.067209E-04	 1.992597E-14	-2.428956E-13	 4.985458E-05	 7.108713E-14	-9.860132E-14	 3.706267E-05	 7.792967E-14	 1.703263E-14	-1.770452E-07	 5.013356E-15	 4.021556E-14	-3.232814E-06	-1.006479E-14	 9.738176E-15	 5.085701E-06	-5.585312E-14	 3.521081E-16	-9.834787E-07	-7.029278E-14	 2.963712E-14	-9.328104E-06	-4.550379E-14
0.53522	-1.892471E+00	 5.124593E-14	 1.862180E-13	 5.939776E-01	-3.786429E-14	 6.378024E-15	 1.146913E-01	 4.670231E-14	-9.089748E-14	 2.394939E-02	-1.207998E-13	 1.310373E-13	 7.978589E-03	 1.538407E-13	-6.540949E-14	 3.409111E-03	-2.608008E-13	-1.541720E-14	 1.770271E-03	 1.736780E-13	 2.053215E-13	 1.101714E-03	-1.830354E-13	-9.238960E-15	 7.418400E-04	 5.620278E-14	 1.328413E-14	 4.943311E-04	 1.757692E-13	 2.880984E-13	 3.203736E-04	-1.555295E-14	-1.234067E-13	 1.989457E-04	-9.539994E-14	-1.311404E-13	 1.196853E-04	-3.208514E-14	-3.105146E-13	 5.712000E-05	 1.770400E-13	-9.563228E-14	 4.218289E-05	 8.263177E-14	 5.896344E-14	 1.267455E-06	-6.386915E-14	 1.062502E-13	-3.119647E-06	-6.550669E-14	 6.512356E-14	 5.182387E-06	-7.122779E-14	-6.510851E-17	-1.174915E-06	-3.008459E-14	-5.608715E-14	-1.024241E-05	 1.726251E-14
0.54486	-1.905450E+00	-8.852485E-14	 2.323069E-13	 6.076617E-01	-2.002775E-13	 7.724189E-14	 1.166347E-01	-1.258697E-13	 5.044881E-14	 2.440921E-02	-5.954128E-14	-8.796713E-15	 8.176352E-03	 7.807801E-15	 2.783880E-14	 3.488634E-03	-1.330443E-13	-2.953163E-14	 1.817722E-03	-4.261690E-15	-2.983297E-13	 1.140888E-03	 1.623045E-14	 9.319547E-14	 7.777282E-04	-9.062798E-14	-6.318167E-14	 5.262235E-04	 2.618887E-13	 3.534170E-13	 3.472541E-04	-2.092790E-13	-2.256805E-13	 2.189923E-04	 1.858000E-13	 1.355306E-13	 1.335725E-04	-3.822284E-14	-3.629017E-14	 6.506800E-05	-5.192573E-14	 1.607766E-14	 4.787947E-05	-1.122703E-13	 1.251957E-15	 3.033618E-06	-1.364307E-13	-4.628217E-14	-2.875503E-06	-1.513787E-13	-3.239010E-14	 5.344778E-06	-7.665023E-14	 1.318708E-14	-1.343114E-06	 1.896854E-14	 4.324250E-14	-1.122572E-05	 1.011536E-13
0.55434	-1.918347E+00	-5.986421E-14	-8.583130E-14	 6.212410E-01	-1.885902E-13	-4.922910E-15	 1.185276E-01	 4.873464E-15	 1.031178E-13	 2.486698E-02	 1.147978E-13	 2.510025E-14	 8.374013E-03	-3.489773E-13	 1.290862E-13	 3.566055E-03	 5.832095E-14	 2.420725E-13	 1.862682E-03	-3.162764E-13	-1.969379E-13	 1.178031E-03	 3.049517E-13	 1.727152E-13	 8.126992E-04	-2.536772E-13	 1.097923E-13	 5.582225E-04	 7.260981E-15	-3.540484E-13	 3.748986E-04	 7.596659E-14	 2.593128E-13	 2.399680E-04	-1.789689E-13	 1.587642E-13	 1.484105E-04	 1.521293E-13	 2.705366E-14	 7.374308E-05	-1.368377E-13	 1.771205E-13	 5.418368E-05	-1.660588E-13	 9.837851E-14	 5.133617E-06	 2.054773E-14	-4.497079E-14	-2.470655E-06	 5.326813E-14	-1.110221E-13	 5.586659E-06	 3.591149E-14	-6.719967E-14	-1.495666E-06	 1.929408E-14	 4.559746E-15	-1.226695E-05	 1.871348E-14
0.56366	-1.931168E+00	-2.151360E-14	 2.118330E-14	 6.347211E-01	 8.704072E-14	 5.207944E-14	 1.203720E-01	 1.327170E-13	-2.268402E-14	 2.532379E-02	 4.134514E-14	 3.717403E-13	 8.572260E-03	-2.487405E-13	-1.948569E-13	 3.641667E-03	 1.155538E-14	 3.292895E-13	 1.905267E-03	-2.510084E-13	 1.048189E-13	 1.213172E-03	 2.036507E-13	 1.107273E-13	 8.466890E-04	-1.244259E-13	 4.870224E-14	 5.901912E-04	-2.177895E-14	-2.508224E-13	 4.031974E-04	 3.557520E-14	 2.944371E-13	 2.618376E-04	-2.044839E-13	 1.218374E-14	 1.642281E-04	-1.064408E-13	 4.412576E-14	 8.318972E-05	 1.301160E-13	 1.466410E-13	 6.113132E-05	 1.108171E-13	 7.487387E-14	 7.584571E-06	 8.327256E-14	-4.941091E-14	-1.873078E-06	 1.077051E-13	-8.827563E-14	 5.924564E-06	 1.208690E-13	-5.571492E-14	-1.637996E-06	 8.037692E-14	-4.897205E-14	-1.335688E-05	-8.123209E-17
0.57282	-1.943919E+00	-1.333266E-14	 2.292121E-13	 6.481062E-01	 2.151242E-13	 6.329131E-14	 1.221706E-01	-7.572704E-14	 1.151837E-15	 2.578140E-02	 9.142802E-14	 1.176442E-13	 8.772065E-03	 9.477128E-15	-7.085188E-14	 3.715871E-03	 3.030540E-14	-3.668037E-13	 1.945650E-03	 8.146856E-14	 1.762489E-13	 1.246360E-03	-5.920314E-14	-3.704332E-13	 8.796357E-04	 2.073502E-13	 2.794170E-13	 6.220043E-04	-1.959642E-13	-1.149720E-13	 4.320602E-04	 3.327022E-13	 1.925368E-13	 2.845739E-04	-2.435726E-13	 6.180917E-14	 1.810496E-04	-1.003258E-13	 1.895548E-14	 9.344296E-05	 1.940813E-13	 5.370562E-14	 6.875957E-05	 1.226580E-13	 4.875323E-14	 1.041171E-05	-8.506182E-15	-2.543225E-15	-1.047962E-06	 2.889528E-14	-2.260540E-14	 6.379543E-06	 9.952604E-14	-2.104111E-14	-1.766941E-06	 1.286438E-13	-2.074658E-14	-1.448748E-05	 6.538262E-14
0.58184	-1.956606E+00	-1.694971E-15	-2.182425E-14	 6.614002E-01	-1.318125E-14	-2.911610E-15	 1.239261E-01	 8.150864E-14	 1.022681E-13	 2.624138E-02	-8.565424E-14	-1.630501E-13	 8.974234E-03	-1.096575E-13	 1.745329E-13	 3.789003E-03	-1.921085E-14	-3.981966E-13	 1.983983E-03	 3.257517E-13	 1.582934E-13	 1.277626E-03	-6.629091E-16	-1.972965E-13	 9.114618E-04	 2.445172E-13	 1.481979E-13	 6.535383E-04	-2.709803E-13	-1.653980E-13	 4.614069E-04	 4.156290E-13	 9.418484E-14	 3.081481E-04	-2.156220E-13	 6.990996E-14	 1.988892E-04	 6.863420E-15	-2.054622E-13	 1.045251E-04	 6.326920E-14	 8.835256E-15	 7.710453E-05	-6.103800E-14	 3.177357E-14	 1.364499E-05	 4.911762E-14	 6.594018E-14	 4.036282E-08	 6.602802E-14	 1.289305E-13	 6.976463E-06	-1.521036E-14	 8.956168E-14	-1.871231E-06	-5.929159E-14	 4.225220E-14	-1.565075E-05	-2.338256E-14
0.59073	-1.969233E+00	-5.543284E-15	-1.511158E-13	 6.746072E-01	-4.856481E-14	 2.143163E-13	 1.256402E-01	 1.035855E-13	 1.030158E-14	 2.670463E-02	-2.066524E-13	-1.383690E-13	 9.179220E-03	 9.161091E-14	 3.116441E-14	 3.861258E-03	 2.788917E-15	 1.128303E-13	 2.020371E-03	 2.146147E-13	-1.655326E-13	 1.306975E-03	 9.075973E-14	 1.427934E-14	 9.420763E-04	 2.532276E-14	-1.362196E-13	 6.846691E-04	 1.554917E-13	-2.740976E-14	 4.911545E-04	-5.769628E-14	-1.634608E-13	 3.325186E-04	 1.178556E-13	-7.183665E-14	 2.177487E-04	-1.795318E-13	-1.981131E-13	 1.164492E-04	 1.306078E-13	-1.092697E-13	 8.620259E-05	 7.391674E-14	 4.867215E-14	 1.731310E-05	 5.383046E-14	 9.753332E-14	 1.425750E-06	-4.627987E-14	 1.011963E-13	 7.742526E-06	-9.345130E-14	 7.704211E-14	-1.936751E-06	-8.902668E-14	 5.771624E-14	-1.683889E-05	-4.077590E-14
0.59948	-1.981804E+00	 9.653151E-14	-7.704287E-14	 6.877319E-01	-1.180912E-13	 8.705346E-14	 1.273140E-01	-2.249597E-13	-1.224977E-14	 2.717162E-02	 1.728347E-13	-5.825630E-14	 9.387337E-03	-2.069115E-14	 1.211494E-13	 3.932786E-03	-1.356106E-13	-1.183575E-13	 2.054900E-03	 3.397083E-14	 2.878595E-14	 1.334409E-03	-1.310217E-13	-1.870690E-13	 9.713965E-04	 2.811475E-14	-4.742080E-14	 7.152786E-04	 1.171099E-13	 1.210066E-13	 5.212130E-04	-1.701703E-13	-2.269830E-13	 3.576288E-04	 3.198272E-14	 9.389062E-14	 2.376225E-04	 6.098088E-14	-2.411117E-13	 1.292243E-04	 3.174270E-14	-1.485821E-13	 9.609390E-05	 1.064560E-13	 1.016568E-14	 2.143893E-05	 6.180441E-14	-5.102358E-14	 3.139692E-06	-3.611972E-14	-9.614316E-14	 8.707826E-06	 2.879393E-14	-9.130794E-14	-1.950642E-06	 7.231606E-14	-4.523429E-14	-1.804516E-05	 5.227338E-14
0.60810	-1.994320E+00	 1.752085E-13	-2.919856E-13	 7.007783E-01	 4.553005E-14	-1.149302E-13	 1.289480E-01	-3.835951E-14	-8.942286E-14	 2.764288E-02	 2.013834E-13	 1.570193E-13	 9.599029E-03	-1.423874E-13	-6.686046E-14	 4.003784E-03	-6.926794E-14	 1.002240E-13	 2.087672E-03	-2.482102E-13	 1.705316E-13	 1.359950E-03	-9.750845E-14	-6.228489E-14	 9.993665E-04	-7.842213E-14	-4.892214E-14	 7.452605E-04	-2.115950E-14	 2.909646E-13	 5.514843E-04	-3.662736E-13	-1.867188E-13	 3.834110E-04	 3.258385E-13	 2.150619E-13	 2.585047E-04	-3.014171E-14	 2.594052E-14	 1.428604E-04	 2.614998E-14	 1.410306E-14	 1.068244E-04	 6.690053E-14	 3.587955E-14	 2.603719E-05	-2.958982E-14	-1.069601E-13	 5.213000E-06	 2.964741E-14	-1.888336E-13	 9.907763E-06	 8.910131E-14	-1.359343E-13	-1.902582E-06	 1.261453E-13	-4.789376E-14	-1.926474E-05	 1.341523E-13
0.61661	-2.006784E+00	-1.282593E-13	-1.541696E-13	 7.137501E-01	 2.430088E-13	 3.499153E-14	 1.305421E-01	 2.202081E-13	-1.107648E-13	 2.811905E-02	 2.428901E-14	 2.356374E-13	 9.814818E-03	 7.258202E-14	-9.536493E-14	 4.074433E-03	-1.876096E-13	 1.241239E-13	 2.118765E-03	 1.070088E-13	 1.360335E-13	 1.383636E-03	-1.087804E-14	 1.384603E-13	 1.025953E-03	-2.953703E-13	 2.754962E-13	 7.745152E-04	-5.661063E-15	 1.778264E-13	 5.818632E-04	-3.609641E-13	-2.422611E-13	 4.097918E-04	 3.645424E-13	 1.480664E-13	 2.803903E-04	-1.322024E-13	 1.168979E-13	 1.573653E-04	-4.778120E-14	-3.552115E-14	 1.184404E-04	-2.090551E-14	-3.103741E-14	 3.111430E-05	-5.891952E-14	-3.210295E-14	 7.677245E-06	-3.668450E-14	-7.448706E-14	 1.138325E-05	-3.424078E-14	-6.924705E-14	-1.783632E-06	 2.715839E-14	-5.805345E-14	-2.049369E-05	 9.071428E-14
0.62500	-2.019198E+00	-1.208640E-13	 7.950732E-14	 7.266508E-01	-1.091429E-13	-5.384551E-14	 1.320960E-01	 1.923613E-13	 1.222104E-13	 2.860060E-02	-1.747035E-13	-9.684707E-14	 1.003509E-02	 1.790179E-13	 1.990456E-13	 4.144730E-03	-3.529440E-13	-1.570927E-13	 2.148140E-03	 3.120124E-13	 1.849398E-13	 1.405472E-03	-1.138339E-13	 4.585052E-14	 1.051132E-03	-2.684191E-13	 2.152119E-13	 8.029441E-04	 1.206648E-13	 3.513096E-15	 6.122308E-04	-1.535870E-13	-8.892380E-14	 4.366844E-04	 7.838881E-14	 2.407853E-13	 3.032714E-04	-1.672867E-13	-6.305591E-14	 1.727425E-04	 2.684544E-14	 7.216603E-15	 1.309934E-04	 1.155691E-13	-2.946268E-14	 3.666451E-05	 1.655676E-14	 4.768538E-14	 1.056127E-05	-7.121443E-14	 6.872895E-14	 1.318008E-05	-6.752843E-14	-3.236661E-14	-1.588768E-06	 1.251696E-14	-1.415362E-13	-2.173149E-05	 8.624268E-14
0.63328	-2.031561E+00	 2.643744E-14	-4.837117E-14	 7.394828E-01	 1.013408E-13	 1.419734E-14	 1.336094E-01	-1.589374E-13	-9.184877E-14	 2.908889E-02	 1.177558E-13	-1.721667E-13	 1.026063E-02	 4.235770E-14	-8.917256E-14	 4.214638E-03	 1.050251E-13	 1.338488E-13	 2.175646E-03	-1.880337E-13	 7.607976E-14	 1.425434E-03	-1.705989E-13	-2.747046E-13	 1.074903E-03	 2.290522E-13	 1.969940E-13	 8.304649E-04	-1.151034E-13	-5.445380E-13	 6.424592E-04	 4.961378E-13	 3.006218E-13	 4.639866E-04	-2.371865E-13	-1.385942E-13	 3.271404E-04	-1.670024E-13	 1.535942E-13	 1.890003E-04	 7.975947E-14	 1.574324E-13	 1.445595E-04	 7.638288E-14	 7.913909E-14	 4.267188E-05	-6.886055E-14	 1.248798E-13	 1.389008E-05	 1.677865E-14	 8.115116E-14	 1.535056E-05	 1.231672E-13	 5.860995E-15	-1.320275E-06	 1.171927E-13	-3.441323E-14	-2.298535E-05	 2.962837E-14
0.64145	-2.043880E+00	-2.658239E-15	-3.411318E-14	 7.522446E-01	 1.722727E-13	 1.797046E-13	 1.350837E-01	-2.601472E-13	-8.111676E-14	 2.958841E-02	 8.003295E-14	-3.567148E-14	 1.049398E-02	 1.182243E-13	-1.902945E-13	 4.284607E-03	 6.456553E-14	-6.313990E-14	 2.201191E-03	 4.535653E-14	-1.366468E-13	 1.443523E-03	 1.575334E-13	-3.320614E-13	 1.097320E-03	 2.511500E-13	 1.049979E-13	 8.570406E-04	-2.659188E-13	-4.944869E-14	 6.724373E-04	 1.359260E-13	 8.527127E-14	 4.916010E-04	-2.428118E-13	-4.247302E-14	 3.520085E-04	-5.723238E-14	 1.046524E-13	 2.061662E-04	-1.299150E-13	-6.447125E-15	 1.592610E-04	-1.130431E-13	 3.950183E-14	 4.912500E-05	-1.513758E-14	 1.989096E-14	 1.769308E-05	 8.197239E-14	 5.888482E-15	 1.796082E-05	 1.198603E-13	 5.266803E-14	-9.817688E-07	 3.770029E-14	 1.266959E-13	-2.427038E-05	-6.834137E-14
0.64952	-2.056165E+00	 1.740470E-14	 1.921085E-13	 7.649294E-01	 3.588723E-14	-6.258556E-15	 1.365224E-01	 7.901072E-14	 8.613995E-14	 3.010803E-02	-5.908137E-15	-2.402887E-13	 1.074008E-02	 9.770807E-14	-4.466552E-14	 4.355863E-03	 1.877929E-13	-2.107698E-13	 2.224858E-03	 2.579804E-13	-2.731010E-13	 1.459798E-03	 2.502992E-13	-2.659836E-14	 1.118482E-03	-1.553419E-13	-8.922631E-14	 8.826726E-04	-1.812099E-13	 8.747114E-14	 7.020901E-04	-1.511666E-13	-2.118020E-13	 5.194654E-04	-1.271861E-13	 1.345206E-13	 3.779191E-04	 3.080574E-13	-6.543421E-14	 2.242879E-04	 4.079755E-14	-1.105977E-13	 1.752594E-04	-3.299681E-14	-5.748744E-14	 5.603332E-05	 8.141482E-15	-1.285535E-13	 2.201799E-05	-3.746596E-14	-9.416949E-14	 2.109750E-05	-6.063845E-14	-2.533013E-14	-5.613444E-07	-6.925135E-14	 2.857895E-14	-2.560088E-05	-4.330684E-14
0.65749	-2.068433E+00	-1.186397E-13	 1.623370E-13	 7.775266E-01	-1.730025E-13	 8.645981E-14	 1.379307E-01	 1.754790E-13	 1.760192E-13	 3.065970E-02	 5.852181E-14	-7.528141E-14	 1.100554E-02	 1.041613E-14	 1.913195E-13	 4.430084E-03	 8.096336E-15	 1.103563E-13	 2.246790E-03	 2.659437E-13	 8.614670E-14	 1.474309E-03	-1.757372E-13	 1.323206E-13	 1.138474E-03	-1.443705E-14	 9.074177E-14	 9.073620E-04	-1.768174E-13	-5.545134E-13	 7.313631E-04	 2.918145E-13	 2.811152E-13	 5.475435E-04	-8.867703E-14	-2.745476E-14	 4.049320E-04	-5.943455E-14	-1.161871E-13	 2.434181E-04	 2.290762E-13	-7.526744E-14	 1.927399E-04	-1.835845E-14	-1.057709E-13	 6.342993E-05	-8.859580E-14	-2.065690E-14	 2.693378E-05	-4.333878E-14	 1.001504E-15	 2.486641E-05	 5.213979E-14	-5.418364E-14	-2.491063E-08	 1.394498E-13	-1.304578E-13	-2.698494E-05	 1.662070E-13
0.66536	-2.080699E+00	 2.693020E-14	-1.297152E-13	 7.900226E-01	-1.869809E-13	 1.606064E-13	 1.393141E-01	 1.075107E-13	 4.958582E-14	 3.125763E-02	 1.488740E-13	 9.277042E-14	 1.129823E-02	-7.909610E-14	 3.131320E-14	 4.509371E-03	-2.508451E-13	 2.521464E-13	 2.267244E-03	 7.242862E-14	 4.895254E-14	 1.487122E-03	-3.133977E-14	 1.001243E-14	 1.157369E-03	 1.251710E-13	 9.297542E-14	 9.311045E-04	-1.974523E-14	-1.125715E-13	 7.602100E-04	 1.795750E-13	 2.169116E-13	 5.758092E-04	 4.842860E-14	-3.898434E-14	 4.331136E-04	-2.868733E-13	-1.437516E-14	 2.636138E-04	-7.903160E-15	 9.382091E-14	 2.119189E-04	-7.880526E-14	 1.414780E-13	 7.137344E-05	-1.662810E-13	 1.289294E-13	 3.253185E-05	-3.734357E-14	 9.381876E-14	 2.939384E-05	 1.171339E-14	 2.803720E-14	 6.835883E-07	 4.468103E-14	-2.929791E-14	-2.842251E-05	 4.857418E-14
0.67315	-2.092984E+00	 1.527206E-13	-1.087157E-13	 8.024021E-01	 1.037005E-13	 8.515564E-14	 1.406787E-01	-1.269495E-13	-4.283357E-14	 3.191722E-02	 1.118776E-14	 1.335491E-13	 1.162668E-02	-2.068306E-13	-2.874455E-13	 4.596111E-03	 2.665303E-14	 6.764437E-14	 2.286627E-03	-8.919083E-14	 5.033410E-14	 1.498349E-03	 1.071695E-13	-9.503540E-14	 1.175222E-03	-2.699884E-14	 9.015011E-14	 9.538683E-04	 2.660521E-13	 4.372619E-13	 7.885768E-04	-1.400957E-13	-5.265679E-13	 6.042418E-04	 4.340806E-13	 4.648057E-14	 4.625308E-04	-7.568297E-14	 1.094090E-13	 2.849307E-04	-2.139816E-13	-2.084593E-14	 2.330222E-04	-2.825234E-14	 8.548702E-14	 7.994384E-05	 4.181318E-14	 1.033834E-13	 3.892858E-05	 5.316218E-14	 4.946880E-14	 3.482548E-05	-1.353935E-14	-3.172059E-14	 1.645762E-06	-8.867089E-14	-5.851382E-14	-2.989817E-05	-1.229740E-13
0.68084	-2.105304E+00	-1.347431E-13	 7.727306E-14	 8.146507E-01	 2.043480E-13	-6.485729E-14	 1.420299E-01	-9.560786E-14	 1.003387E-13	 3.265282E-02	-2.249217E-13	 5.482014E-16	 1.199878E-02	-7.392888E-15	-9.863218E-14	 4.692557E-03	 1.730736E-13	-2.205027E-13	 2.305402E-03	-8.085126E-15	 1.105054E-13	 1.508119E-03	 9.954601E-14	 1.294764E-13	 1.192046E-03	-2.568732E-13	-3.444624E-14	 9.755709E-04	-1.020346E-14	 2.517407E-13	 8.163743E-04	 1.904699E-13	-3.045520E-13	 6.327963E-04	 1.538381E-13	 6.125990E-14	 4.932266E-04	-1.826954E-14	 1.128796E-13	 3.074081E-04	 6.003972E-14	-5.949137E-14	 2.562708E-04	 1.760814E-13	-9.351825E-15	 8.922918E-05	 1.683557E-13	 7.161783E-14	 4.625767E-05	 3.614690E-14	 1.841465E-14	 4.132139E-05	 2.829671E-14	-6.628784E-14	 2.962781E-06	 6.470589E-14	-1.094913E-13	-3.138108E-05	 7.849753E-14
0.68845	-2.117674E+00	-8.787960E-14	 2.683807E-14	 8.267554E-01	 1.016821E-13	-7.344440E-14	 1.433716E-01	 3.151759E-14	-2.522510E-14	 3.347678E-02	-7.599285E-14	-7.812884E-14	 1.242125E-02	-1.229272E-13	-6.796054E-14	 4.800707E-03	 2.179342E-13	-1.340305E-13	 2.324091E-03	 2.113009E-13	-3.030279E-14	 1.516590E-03	 2.732603E-13	 1.120975E-13	 1.207824E-03	-4.851629E-14	 1.342786E-13	 9.960814E-04	-3.692454E-13	-1.984059E-14	 8.434672E-04	 2.671949E-13	 1.774827E-13	 6.613853E-04	-2.770509E-13	 1.337277E-13	 5.252063E-04	 1.282819E-13	 3.889236E-14	 3.310629E-04	 7.881939E-14	 1.381701E-13	 2.818778E-04	-1.626223E-14	 1.252273E-13	 9.931521E-05	 5.067992E-14	 3.660665E-15	 5.466315E-05	 4.005863E-15	-8.456014E-14	 4.905287E-05	-4.122859E-14	-1.250836E-13	 4.748725E-06	-5.845301E-14	-9.991347E-14	-3.282700E-05	-3.856651E-14
0.69597	-2.130105E+00	 1.085866E-13	-5.584468E-14	 8.387052E-01	-3.552078E-13	 3.375872E-13	 1.447067E-01	-1.896808E-14	-5.156318E-14	 3.439938E-02	 1.533680E-13	 1.195325E-13	 1.289974E-02	-1.036672E-13	-1.377282E-13	 4.922402E-03	-1.634320E-13	 5.458013E-14	 2.343332E-03	 3.843614E-14	-1.381008E-13	 1.523982E-03	 1.298715E-13	-3.280655E-14	 1.222527E-03	-1.279789E-13	-6.363973E-14	 1.015234E-03	 2.487478E-13	-9.577140E-14	 8.696727E-04	-3.388602E-13	-1.814627E-13	 6.898695E-04	 1.449612E-13	 2.200332E-13	 5.584317E-04	-1.885996E-13	 3.271703E-14	 3.558873E-04	-1.560565E-13	 5.868320E-14	 3.100519E-04	-1.836608E-13	 1.009787E-13	 1.102776E-04	-2.140094E-13	-7.761273E-15	 6.429620E-05	-9.186535E-14	-8.669322E-14	 5.820425E-05	 4.017994E-14	-8.403083E-14	 7.127964E-06	 9.306955E-14	-2.609684E-14	-3.418021E-05	 6.036819E-14
0.70341	-2.142606E+00	-4.301339E-14	 2.155645E-15	 8.504900E-01	-1.577334E-13	 1.292204E-14	 1.460367E-01	 1.483338E-14	-1.236988E-13	 3.542958E-02	 1.814614E-13	 2.560699E-14	 1.343935E-02	 3.054062E-13	 7.422371E-15	 5.059567E-03	-2.250907E-13	 1.611638E-13	 2.363980E-03	-1.154518E-13	 3.913344E-14	 1.530621E-03	-1.044648E-13	-1.955462E-13	 1.236151E-03	 4.303381E-14	 9.160630E-14	 1.032845E-03	-2.420824E-14	-3.357132E-13	 8.947673E-04	-1.270109E-13	-4.633592E-14	 7.180610E-04	 1.455770E-13	 5.046033E-14	 5.928238E-04	-3.575159E-13	-5.793890E-15	 3.818502E-04	-6.212059E-14	 1.063055E-13	 3.410025E-04	-3.979098E-14	 4.049872E-14	 1.221779E-04	-9.670626E-14	 5.963433E-14	 7.531660E-05	-7.804622E-14	 8.325782E-14	 6.897858E-05	-8.649298E-15	 5.497554E-14	 1.023840E-05	 3.341172E-14	 2.664243E-14	-3.537243E-05	 5.401673E-14
0.71078	-2.155185E+00	-1.154643E-13	 4.097538E-13	 8.621009E-01	 1.655392E-13	-1.821400E-13	 1.473620E-01	-2.879347E-14	 1.382619E-14	 3.657478E-02	-3.834492E-15	 1.454193E-15	 1.404447E-02	 4.631947E-13	 5.467226E-14	 5.214119E-03	 7.362145E-14	-9.378559E-14	 2.387045E-03	 4.206417E-13	 2.495775E-13	 1.536924E-03	-1.933586E-13	-1.888406E-13	 1.248712E-03	 4.039145E-13	 3.234146E-13	 1.048715E-03	-6.577844E-13	-4.305519E-13	 9.184864E-04	 4.233571E-13	 4.810512E-13	 7.457232E-04	-3.281742E-13	-1.594629E-13	 6.282567E-04	 2.204476E-14	-1.317474E-13	 4.088861E-04	-1.180929E-13	-2.322055E-14	 3.749285E-04	 1.704645E-14	 4.740422E-14	 1.350526E-04	 3.493886E-14	 1.422742E-13	 8.789020E-05	-7.848739E-14	 1.760425E-13	 8.159705E-05	-1.446114E-13	 1.064624E-13	 1.423325E-05	-2.030712E-13	 5.767033E-14	-3.632124E-05	-1.920436E-13
0.71807	-2.167845E+00	 9.233094E-14	 7.103892E-15	 8.735298E-01	 8.778685E-14	-2.893766E-14	 1.486812E-01	-4.634651E-14	 1.107917E-13	 3.784100E-02	 6.296485E-14	-5.335735E-14	 1.471890E-02	-3.256347E-15	 2.086808E-13	 5.387985E-03	 5.847958E-14	-8.572596E-14	 2.413690E-03	 7.467517E-15	 6.096629E-14	 1.543398E-03	 3.219367E-13	 2.594785E-13	 1.260268E-03	-4.160694E-13	-4.131656E-13	 1.062648E-03	 1.869634E-13	 3.335727E-13	 9.405305E-04	 5.233051E-14	 1.199242E-13	 7.725668E-04	-1.752345E-13	-3.273776E-14	 6.645501E-04	 1.488087E-13	 1.474215E-13	 4.368886E-04	-1.482174E-13	-1.460832E-13	 4.120217E-04	-1.210880E-14	-1.423790E-13	 1.489069E-04	-1.326838E-13	-8.956260E-14	 1.021866E-04	-6.938832E-14	-3.259357E-14	 9.629985E-05	-1.342402E-14	 6.493377E-14	 1.928008E-05	 1.076932E-14	 9.756357E-14	-3.693063E-05	-4.410872E-14
0.72529	-2.180592E+00	 4.121062E-14	 2.394181E-14	 8.847691E-01	-9.303147E-14	-2.554692E-13	 1.499921E-01	 6.891828E-14	 8.501452E-14	 3.923356E-02	-1.400604E-13	-1.168028E-13	 1.546626E-02	-1.389588E-13	 1.123982E-14	 5.583252E-03	-4.277522E-14	 2.703817E-13	 2.445285E-03	-2.363590E-13	 1.109942E-13	 1.550683E-03	 1.809974E-13	 1.296509E-13	 1.270943E-03	-5.392685E-13	-2.321661E-13	 1.074466E-03	 3.703858E-13	 5.046329E-13	 9.605793E-04	-3.388728E-13	-2.792432E-13	 7.982597E-04	 2.609254E-13	 3.186535E-13	 7.014701E-04	-2.685384E-13	 8.578047E-14	 4.657093E-04	 1.148577E-13	-4.195461E-14	 4.524640E-04	 5.561388E-14	-5.115579E-14	 1.637108E-04	 7.273358E-14	-9.102001E-14	 1.183814E-04	 3.939357E-14	-1.535240E-13	 1.133482E-04	-1.682687E-14	-1.372104E-13	 2.556618E-05	-1.511685E-14	-9.704178E-14	-3.708583E-05	-1.604526E-14
0.73243	-2.193424E+00	-1.370180E-13	 8.454172E-14	 8.958116E-01	-1.889401E-13	-1.119635E-13	 1.512908E-01	 2.644680E-14	 9.594431E-14	 4.075674E-02	-4.285875E-14	 5.217357E-14	 1.628974E-02	-1.317756E-14	-2.208909E-13	 5.802018E-03	-2.835261E-14	 1.651563E-13	 2.483345E-03	 1.549050E-13	 1.360988E-13	 1.559535E-03	-1.198858E-13	-2.357678E-13	 1.280939E-03	 2.880395E-13	 5.679589E-13	 1.084016E-03	-1.049136E-13	-3.760616E-13	 9.782969E-04	 1.484044E-13	 1.556717E-13	 8.224314E-04	-2.528959E-14	-6.500195E-14	 7.387241E-04	 4.396821E-14	-1.146833E-13	 4.951471E-04	-7.165315E-14	 4.024597E-14	 4.964155E-04	-1.981172E-14	 9.585831E-14	 1.793823E-04	 8.116360E-14	 4.842814E-14	 1.366507E-04	-1.263965E-14	-1.650915E-14	 1.330209E-04	-5.194723E-14	-6.611232E-14	 3.329922E-05	-5.490137E-14	-5.187168E-14	-3.665011E-05	-2.154708E-14
0.73951	-2.206341E+00	 1.686776E-13	-1.877252E-13	 9.066512E-01	-2.511249E-13	 2.102038E-14	 1.525721E-01	 6.361117E-14	 1.230086E-13	 4.241372E-02	 1.292573E-14	 1.480620E-14	 1.719196E-02	-1.103041E-13	 2.842900E-13	 6.046275E-03	-5.034731E-14	-7.290618E-14	 2.529461E-03	-1.530818E-15	 2.535029E-13	 1.570817E-03	 5.546923E-14	-5.609375E-14	 1.290545E-03	 1.871004E-13	 2.886437E-13	 1.091191E-03	 6.328409E-14	-4.285031E-14	 9.933410E-04	 1.420425E-13	 1.177937E-13	 8.446721E-04	-1.874939E-13	-2.730319E-14	 7.759524E-04	 7.371666E-14	-1.104916E-13	 5.249418E-04	-2.244714E-13	-1.927765E-15	 5.440106E-04	-8.438923E-15	 5.202416E-14	 1.957729E-04	 4.736092E-14	 1.155381E-13	 1.571655E-04	 9.519786E-14	 6.824063E-14	 1.556101E-04	-2.577176E-14	 9.268704E-14	 4.270270E-05	-5.850906E-14	 1.098477E-13	-3.546445E-05	-2.610683E-14
0.74652	-2.219340E+00	 2.833618E-14	 3.314777E-13	 9.172813E-01	 2.492873E-14	-3.583470E-13	 1.538299E-01	-7.098932E-14	 2.672227E-13	 4.420735E-02	-1.607629E-13	-8.861975E-15	 1.817541E-02	-2.806162E-14	-2.215359E-13	 6.318074E-03	 1.751566E-13	 2.142156E-13	 2.585377E-03	-6.100038E-14	 2.265190E-13	 1.585545E-03	-1.402413E-14	 5.964247E-14	 1.300172E-03	-1.673799E-13	 1.208752E-13	 1.095948E-03	-7.813912E-14	 1.313598E-13	 1.005381E-03	 1.261054E-13	-4.405328E-14	 8.645467E-04	-3.438583E-13	-1.569806E-14	 8.127330E-04	-8.712333E-14	-1.141705E-13	 5.547802E-04	-1.226835E-13	-5.167850E-14	 5.953614E-04	 1.934061E-15	 2.560792E-14	 2.126607E-04	 2.084486E-14	-1.058029E-14	 1.800939E-04	-1.900754E-14	 3.594635E-15	 1.814217E-04	-5.060390E-14	 1.116012E-14	 5.401961E-05	-7.154489E-14	 9.062522E-15	-3.334050E-05	-6.091009E-14
0.75346	-2.232417E+00	-2.157741E-13	-4.267633E-14	 9.276954E-01	 3.367681E-13	-5.705640E-14	 1.550573E-01	-1.146142E-13	-1.639563E-13	 4.614033E-02	 6.262165E-14	-9.360255E-14	 1.924246E-02	 2.899572E-13	-2.434590E-13	 6.619471E-03	-7.770333E-14	 1.386418E-13	 2.652952E-03	 1.726781E-13	-5.830928E-14	 1.604874E-03	 7.714346E-14	 7.798004E-14	 1.310357E-03	-2.733655E-13	-2.625424E-13	 1.098320E-03	 3.603698E-13	 3.739101E-13	 1.014113E-03	-5.108583E-13	-1.574269E-13	 8.816050E-04	 2.683174E-13	-5.263501E-14	 8.485796E-04	-2.234338E-13	 1.882742E-13	 5.842927E-04	-9.792136E-14	-3.894779E-14	 6.505488E-04	 6.038431E-14	-1.457718E-13	 2.297362E-04	 2.297348E-14	-1.152626E-13	 2.055966E-04	-8.881646E-14	-1.412164E-14	 2.107699E-04	-9.737700E-14	 1.836997E-14	 6.751396E-05	-6.594986E-14	 8.642695E-15	-3.005343E-05	-1.938529E-14
0.76035	-2.245568E+00	 5.493792E-14	-3.066026E-13	 9.378862E-01	-1.945132E-14	 3.150962E-13	 1.562473E-01	-1.487667E-13	-1.974595E-13	 4.821534E-02	 1.498340E-14	-1.877492E-13	 2.039531E-02	 1.799205E-13	 2.100150E-13	 6.952516E-03	-1.359509E-13	-9.021076E-14	 2.734161E-03	 1.222058E-13	 4.768216E-14	 1.630115E-03	-1.009025E-13	 3.237685E-13	 1.321779E-03	-2.828449E-13	-6.334650E-13	 1.098437E-03	 4.128813E-13	 5.895145E-13	 1.019279E-03	-7.250788E-13	-4.760753E-13	 8.953947E-04	 4.775230E-13	 2.146453E-13	 8.829412E-04	-2.143982E-13	 1.597877E-13	 6.130549E-04	-2.369121E-14	 1.584102E-15	 7.096189E-04	 1.235087E-13	 8.726537E-15	 2.465883E-04	 7.126833E-14	 1.729150E-13	 2.338223E-04	 8.615269E-14	 9.882536E-14	 2.439693E-04	-1.617870E-14	 8.747129E-14	 8.347172E-05	-3.146169E-14	 7.168156E-14	-2.533365E-05	-1.475691E-16
0.76716	-2.258788E+00	 1.141896E-13	-1.668525E-13	 9.478464E-01	 7.823433E-14	 4.207672E-13	 1.573926E-01	-1.985564E-13	-3.698065E-13	 5.043494E-02	 3.102599E-13	 2.899414E-13	 2.163589E-02	-1.226531E-13	-2.568405E-13	 7.319120E-03	 2.312920E-13	 1.200540E-13	 2.831027E-03	-9.858535E-14	 1.211167E-13	 1.662708E-03	-8.227090E-14	-1.357798E-13	 1.335255E-03	 6.847619E-14	 2.105614E-13	 1.096529E-03	-3.205487E-13	-2.135960E-13	 1.020684E-03	 3.551290E-13	-1.215855E-14	 9.054743E-04	-3.869956E-13	-8.027926E-14	 9.152033E-04	 2.016271E-13	-7.739114E-14	 6.405885E-04	 1.453405E-13	 1.767031E-13	 7.725727E-04	-8.913832E-14	 1.377612E-13	 2.626831E-04	-2.748393E-14	 1.461454E-13	 2.648984E-04	-7.207221E-14	 1.254260E-13	 2.813212E-04	 5.982613E-16	 4.252415E-14	 1.021960E-04	 6.147073E-14	-3.608025E-14	-1.886049E-05	 9.036832E-14
0.77392	-2.272071E+00	-3.147995E-13	-2.753645E-14	 9.575681E-01	 4.376083E-13	-5.271747E-14	 1.584853E-01	-4.338976E-14	-1.949952E-13	 5.280168E-02	 5.187959E-13	 2.106475E-13	 2.296585E-02	-4.973113E-13	-4.929221E-14	 7.721076E-03	 7.644815E-14	 2.447352E-13	 2.945632E-03	-2.845901E-13	-3.029585E-13	 1.704228E-03	 1.135919E-13	-8.184110E-14	 1.351755E-03	 1.609805E-13	 3.392677E-13	 1.092952E-03	-3.465339E-13	-3.766027E-13	 1.018221E-03	 5.692003E-13	 4.178027E-13	 9.114286E-04	-4.012229E-13	-2.510317E-13	 9.446888E-04	 2.095321E-13	-9.657620E-14	 6.663703E-04	 1.601746E-13	-1.178212E-13	 8.393632E-04	 1.059033E-13	-1.244433E-15	 2.773485E-04	-4.338193E-14	 1.261278E-14	 2.989261E-04	-1.884216E-13	 8.765065E-14	 3.231004E-04	-7.520233E-14	 1.843262E-14	 1.240029E-04	 2.449478E-14	-6.011988E-14	-1.025384E-05	 6.273620E-14
0.78062	-2.285413E+00	-3.239563E-14	-1.585977E-13	 9.670426E-01	-9.133020E-14	-2.094802E-13	 1.595181E-01	 7.710184E-14	 3.083209E-13	 5.531863E-02	-5.831926E-14	-4.117802E-13	 2.438692E-02	-7.396419E-15	 2.615248E-13	 8.160202E-03	 3.544452E-14	 2.033167E-14	 3.080187E-03	 8.964383E-14	 6.972953E-14	 1.756427E-03	 1.896132E-14	 5.820978E-14	 1.372415E-03	 1.767767E-13	 2.442537E-14	 1.088203E-03	 1.171883E-13	 1.548185E-13	 1.011900E-03	-1.239324E-13	-2.524182E-13	 9.128912E-04	 5.620969E-13	 4.770796E-14	 9.706690E-04	-1.082048E-13	-1.143606E-13	 6.898480E-04	 4.751816E-14	-8.346912E-14	 9.098921E-04	 2.233744E-13	 4.190286E-15	 2.897590E-04	 1.030193E-13	 2.454253E-14	 3.359775E-04	 1.070817E-13	 9.735719E-15	 3.695387E-04	-6.179934E-15	-1.466339E-14	 1.492199E-04	-9.135508E-14	-2.945945E-14	 9.383213E-07	-1.097793E-13
0.78727	-2.298806E+00	 2.074360E-13	-1.104735E-13	 9.762610E-01	-3.252090E-13	 2.324216E-13	 1.604830E-01	 2.994270E-13	 1.371710E-13	 5.798868E-02	-4.266644E-13	 1.071281E-14	 2.590029E-02	 4.773809E-13	 2.562078E-13	 8.638048E-03	-2.140883E-13	-3.033370E-13	 3.236898E-03	 4.260889E-13	 4.359046E-13	 1.821166E-03	-2.112449E-14	-3.729436E-13	 1.398516E-03	 2.760942E-13	-1.628883E-13	 1.082918E-03	 3.219593E-13	 1.005787E-13	 1.001864E-03	-4.531000E-14	-4.334555E-13	 9.095639E-04	 6.864879E-14	 1.584820E-13	 9.923704E-04	-7.065395E-14	 9.985358E-14	 7.104540E-04	-1.628590E-13	 2.031120E-13	 9.839911E-04	-6.073565E-14	 1.005885E-13	 2.989106E-04	 7.785980E-14	 1.747196E-14	 3.760823E-04	 5.816233E-14	-1.319049E-13	 4.207921E-04	-7.771684E-14	-1.623978E-13	 1.781666E-04	-1.162752E-13	-1.273900E-13	 1.524166E-05	-1.010794E-13
0.79386	-2.312244E+00	-1.933242E-13	 3.939916E-13	 9.852145E-01	 9.431767E-14	-3.822788E-13	 1.613722E-01	 2.256962E-13	 1.069487E-13	 6.081462E-02	-2.157619E-13	 2.543470E-13	 2.750667E-02	-6.731760E-14	-1.916623E-13	 9.155841E-03	 2.300000E-13	 2.322170E-13	 3.417933E-03	-3.588600E-13	-1.213395E-13	 1.900413E-03	-1.408386E-14	-2.761871E-13	 1.431484E-03	 3.916593E-13	 7.458626E-14	 1.077890E-03	-3.042046E-13	-2.278789E-13	 9.884252E-04	 3.520740E-13	 2.845499E-13	 9.012396E-04	-4.900191E-13	 8.766171E-14	 1.008990E-03	-8.782417E-14	 1.708615E-13	 7.276340E-04	-2.041889E-14	 3.858678E-14	 1.061418E-03	 8.564073E-15	 1.159520E-13	 3.036045E-04	-1.157127E-13	 3.756623E-14	 4.192231E-04	-2.861413E-13	 4.033350E-15	 4.769099E-04	-2.250986E-13	-3.256577E-14	 2.111353E-04	-1.231114E-13	-6.100914E-14	 3.325596E-05	-5.607932E-15
0.80039	-2.325719E+00	 4.598289E-15	 8.405571E-14	 9.938938E-01	 4.267151E-13	 8.930616E-15	 1.621778E-01	-2.735371E-13	-1.497130E-13	 6.379942E-02	 2.216801E-13	-1.943901E-13	 2.920630E-02	 5.792017E-14	-1.244784E-13	 9.714503E-03	 5.724436E-14	-1.611697E-14	 3.625422E-03	-1.467150E-13	 3.511975E-14	 1.996219E-03	-2.218676E-13	-7.531489E-14	 1.472866E-03	-2.879716E-13	 1.263982E-13	 1.074069E-03	-3.236216E-14	 7.062830E-14	 9.720838E-04	-2.285564E-13	 3.038991E-13	 8.878224E-04	 6.107778E-14	 4.286029E-14	 1.019712E-03	 6.984408E-14	 3.999106E-15	 7.408824E-04	 1.666009E-13	-1.944860E-13	 1.141854E-03	 1.388944E-13	-1.066166E-13	 3.024398E-04	 1.121956E-13	-1.358967E-13	 4.653341E-04	-4.622321E-14	 3.090198E-14	 5.377999E-04	-1.688952E-14	 7.083653E-14	 2.483726E-04	-3.118851E-14	 3.461592E-14	 5.565584E-05	 1.347931E-15
0.80687	-2.339225E+00	 1.932345E-13	-4.604493E-14	 1.002289E+00	 2.599031E-13	 3.515651E-13	 1.628927E-01	-3.199592E-13	-1.085101E-14	 6.694687E-02	 1.618045E-13	-4.009213E-13	 3.099941E-02	 2.269256E-13	 1.546759E-13	 1.031493E-02	-2.922664E-13	-2.516312E-13	 3.861633E-03	 5.377840E-14	-5.866999E-14	 2.110806E-03	-8.130779E-14	 3.502482E-13	 1.524354E-03	-5.834110E-13	-5.013348E-13	 1.072573E-03	 4.647939E-13	 5.135285E-13	 9.535639E-04	-5.259558E-13	-1.466474E-13	 8.693557E-04	-4.737796E-14	-4.596093E-14	 1.023738E-03	 1.144757E-13	 1.369946E-13	 7.497870E-04	-2.252309E-14	-1.252619E-13	 1.224892E-03	 4.820840E-14	-1.384915E-13	 2.938244E-04	 9.325981E-14	-9.344531E-14	 5.143071E-04	 6.379805E-14	-2.333925E-14	 6.031883E-04	-1.368999E-14	 7.281312E-14	 2.900682E-04	-6.131195E-14	 1.059382E-13	 8.319890E-05	-7.867796E-14
0.81330	-2.352756E+00	 3.026397E-13	-3.098144E-13	 1.010388E+00	-1.390074E-13	-4.346746E-14	 1.635108E-01	 8.745102E-14	-8.164731E-14	 7.026074E-02	 1.220547E-13	-7.646673E-14	 3.288535E-02	-2.537403E-13	-2.552200E-13	 1.095751E-02	 2.873319E-13	 2.898694E-13	 4.128732E-03	-4.734773E-13	-2.699255E-13	 2.246429E-03	 3.797301E-14	 2.979091E-13	 1.587692E-03	 5.391707E-14	 4.070127E-14	 1.074654E-03	-2.074953E-13	 1.284419E-14	 9.338249E-04	-9.895066E-14	-5.835520E-14	 8.460471E-04	-1.651560E-14	-2.465383E-13	 1.020320E-03	-5.281345E-14	 8.136415E-15	 7.540796E-04	 2.146987E-13	 1.110561E-13	 1.310009E-03	 9.676077E-14	 1.264742E-13	 2.759814E-04	-1.490478E-13	 2.220145E-13	 5.659811E-04	-1.519261E-13	 9.888325E-14	 6.725503E-04	-1.827831E-13	 4.513602E-14	 3.363103E-04	-4.590104E-14	-6.033747E-15	 1.167011E-04	 8.962648E-14
0.81968	-2.366305E+00	-4.504143E-14	-2.502103E-13	 1.018183E+00	-1.123532E-13	-2.442560E-13	 1.640269E-01	 1.475396E-13	-1.872871E-13	 7.374450E-02	 5.257129E-14	 2.304336E-13	 3.486228E-02	-2.757430E-13	-2.055299E-13	 1.164192E-02	 7.203459E-14	 4.313422E-13	 4.428687E-03	-2.221679E-13	-1.840784E-13	 2.405297E-03	 1.028979E-13	-1.434132E-13	 1.664600E-03	 6.425182E-14	 3.833689E-13	 1.081663E-03	-4.140561E-13	-4.055523E-13	 9.140724E-04	 2.472416E-13	 1.225972E-13	 8.182823E-04	-2.393953E-13	-2.807344E-13	 1.008803E-03	 6.914309E-14	-2.234576E-13	 7.536924E-04	 2.595434E-15	 1.121903E-13	 1.396538E-03	 3.038648E-14	 2.149349E-14	 2.470003E-04	-1.812474E-14	 8.065164E-14	 6.201445E-04	-6.012863E-14	 4.300248E-14	 7.450400E-04	-3.122045E-14	-3.916523E-14	 3.870449E-04	 3.895286E-14	-8.215052E-14	 1.570076E-04	 9.994541E-14
0.82601	-2.379869E+00	-1.543926E-13	 1.288975E-13	 1.025662E+00	-9.680193E-14	-1.872647E-13	 1.644391E-01	 4.768201E-14	 2.484750E-14	 7.740288E-02	-7.464568E-14	 6.709463E-14	 3.692829E-02	-1.244807E-13	 1.115066E-13	 1.236809E-02	 2.804104E-14	 1.241067E-13	 4.763911E-03	-4.784739E-14	 6.292922E-14	 2.589867E-03	 2.991775E-13	-2.499130E-13	 1.756853E-03	 2.656550E-14	 1.978470E-14	 1.095078E-03	 2.131086E-13	-6.772668E-15	 8.957780E-04	-1.678401E-13	-1.008875E-16	 7.866356E-04	 9.554214E-14	 3.485853E-13	 9.886623E-04	-4.680060E-13	-8.273526E-14	 7.488119E-04	 1.055357E-14	-2.994546E-14	 1.483650E-03	 2.185757E-14	-5.362838E-14	 2.049437E-04	-6.027912E-15	-1.135961E-13	 6.765436E-04	 5.658314E-14	-4.979911E-14	 8.194363E-04	 5.522784E-14	-3.422558E-14	 4.420808E-04	 1.641902E-14	-3.455911E-14	 2.049948E-04	 1.006756E-14
0.83229	-2.393450E+00	 1.132142E-13	 2.778277E-13	 1.032812E+00	 3.834707E-14	-2.363439E-14	 1.647498E-01	-3.247068E-13	 6.177379E-13	 8.124028E-02	 3.448878E-14	-3.669256E-13	 3.908024E-02	-9.352900E-15	 3.783895E-13	 1.313591E-02	-1.830994E-13	-3.722658E-13	 5.137235E-03	 2.870782E-13	 3.338654E-15	 2.802849E-03	 3.373926E-14	 2.499969E-13	 1.866276E-03	-2.554757E-13	-3.472567E-13	 1.116495E-03	 5.795854E-13	 4.261233E-13	 8.806861E-04	-4.088727E-13	-2.120469E-13	 7.518950E-04	 6.297507E-13	 2.431884E-13	 9.595851E-04	-3.525231E-13	 8.144553E-14	 7.399120E-04	 3.113389E-13	-1.350248E-13	 1.570301E-03	 6.884289E-14	-5.898616E-15	 1.479970E-04	-9.806924E-14	-5.243078E-15	 7.348298E-04	 5.347037E-15	-8.595860E-14	 8.940510E-04	 2.814408E-14	-7.292246E-14	 5.010551E-04	 1.195099E-13	-7.477483E-14	 2.615082E-04	 1.713337E-13
0.83853	-2.407047E+00	 1.299738E-13	-2.345192E-13	 1.039629E+00	 1.571182E-13	 2.089077E-13	 1.649677E-01	-3.729276E-13	-1.673657E-14	 8.525533E-02	 2.602400E-13	-7.261212E-14	 4.130954E-02	-4.840142E-14	 6.822912E-14	 1.394270E-02	 3.284448E-15	-1.193425E-13	 5.550446E-03	 2.086124E-13	-3.813025E-14	 3.046458E-03	-1.277943E-13	-9.876286E-14	 1.994391E-03	 6.741802E-15	-4.424067E-13	 1.147482E-03	 2.122636E-13	 7.704856E-14	 8.707540E-04	 3.597046E-14	-4.564356E-13	 7.150809E-04	-8.818211E-15	 2.315395E-13	 9.215941E-04	 2.149607E-13	-2.145306E-13	 7.277780E-04	 2.219041E-13	 1.451266E-13	 1.655174E-03	 2.641210E-14	-6.451225E-14	 7.467994E-05	 2.454376E-14	-5.318675E-14	 7.944877E-04	-7.468023E-14	-1.048565E-13	 9.666417E-04	-9.518373E-14	-9.810717E-14	 5.633019E-04	-1.093838E-14	-6.101067E-14	 3.271420E-04	 2.447312E-14
0.84471	-2.420660E+00	 1.769769E-13	-3.189072E-13	 1.046122E+00	-2.905191E-14	 3.835616E-13	 1.651085E-01	-8.787085E-14	-7.534664E-13	 8.943876E-02	-2.143391E-14	 4.750466E-13	 4.360076E-02	-2.818351E-13	-4.654193E-13	 1.478228E-02	 1.195667E-13	 2.487528E-13	 6.003551E-03	 7.595323E-14	 4.279564E-14	 3.322004E-03	-7.058976E-14	-4.584733E-13	 2.142267E-03	 3.990621E-13	 2.156343E-13	 1.189541E-03	-1.007296E-13	-4.776462E-13	 8.681152E-04	 4.590631E-13	 4.106658E-14	 6.774466E-04	-5.701728E-13	 3.240669E-14	 8.751419E-04	 4.857255E-13	-6.158882E-14	 7.134797E-04	-3.023630E-14	 1.072400E-13	 1.736721E-03	-1.776925E-14	 1.666148E-14	-1.585703E-05	 3.959488E-14	 5.048520E-15	 8.548035E-04	-1.058153E-13	 7.460607E-14	 1.034466E-03	-6.864772E-14	 4.377795E-14	 6.277994E-04	-6.172948E-14	 1.758237E-14	 4.020341E-04	-5.084084E-14
0.85086	-2.434290E+00	-1.222769E-13	 1.975600E-13	 1.052310E+00	-1.616276E-13	-2.638850E-13	 1.651984E-01	 9.518512E-14	 2.117221E-13	 9.377509E-02	-4.035472E-13	-4.459165E-14	 4.593341E-02	 1.686820E-13	 2.303360E-13	 1.564588E-02	-1.991084E-13	 4.704597E-14	 6.494832E-03	 7.802626E-14	 7.048749E-14	 3.629785E-03	-1.557214E-14	 1.543523E-13	 2.310514E-03	-1.155544E-13	 6.357893E-14	 1.244113E-03	-3.998615E-14	-3.806806E-14	 8.750194E-04	 2.441611E-13	 3.662185E-13	 6.404601E-04	-1.253465E-13	-1.881123E-13	 8.211693E-04	 5.073919E-14	 4.069809E-13	 6.982439E-04	-2.583836E-13	-1.029800E-13	 1.813331E-03	-1.721418E-13	 5.847973E-14	-1.235526E-04	-2.303413E-14	-2.913253E-14	 9.147964E-04	 8.792306E-14	 9.320038E-15	 1.094492E-03	 1.839699E-13	 4.101360E-14	 6.932504E-04	 1.263022E-13	 7.020218E-14	 4.857507E-04	 3.017089E-14
0.85696	-2.447942E+00	 5.402748E-14	 3.816157E-14	 1.058223E+00	-3.072945E-13	-4.007170E-13	 1.652760E-01	 3.543281E-13	 3.115955E-13	 9.824259E-02	-2.566212E-13	-2.796463E-13	 4.828242E-02	 2.377496E-13	 4.249048E-13	 1.652160E-02	-1.695724E-14	 3.395470E-14	 7.019765E-03	-1.797737E-13	 4.560140E-13	 3.968218E-03	 2.377843E-15	 8.757494E-14	 2.498763E-03	-2.413011E-13	-2.253716E-13	 1.312256E-03	-4.209910E-14	 3.336469E-13	 8.936153E-04	-3.515333E-13	-3.472159E-13	 6.057520E-04	 4.006767E-13	 3.900524E-13	 7.611107E-04	-3.790493E-13	 8.381232E-14	 6.832481E-04	 4.993194E-14	 8.491087E-14	 1.883505E-03	-1.995776E-14	 4.573366E-14	-2.471989E-04	-4.438481E-14	-5.438097E-14	 9.731290E-04	 2.429899E-15	-9.120106E-14	 1.143663E-03	-4.365495E-14	-5.996095E-14	 7.581405E-04	-8.731328E-14	-5.444085E-15	 5.771560E-04	-1.169624E-13
0.86301	-2.461632E+00	 7.221594E-14	-1.490279E-15	 1.063893E+00	-9.674757E-14	-6.667112E-14	 1.653898E-01	 2.042629E-13	 7.913157E-14	 1.028181E-01	 1.437570E-13	-9.353806E-14	 5.062300E-02	-1.213784E-13	-2.037559E-14	 1.739735E-02	 2.311641E-13	-2.105877E-14	 7.572408E-03	-1.075854E-13	 4.298022E-14	 4.334412E-03	 2.107811E-13	-1.983949E-13	 2.705895E-03	 1.501883E-13	 2.039504E-13	 1.394701E-03	-2.533504E-14	-7.910516E-14	 9.259199E-04	-6.808969E-14	-9.304836E-14	 5.751302E-04	-1.366830E-13	-1.327655E-13	 6.967946E-04	 3.674507E-13	-6.207099E-14	 6.693934E-04	 1.615995E-13	 3.392092E-15	 1.946044E-03	 2.541990E-13	 1.071548E-13	-3.843595E-04	 8.562691E-14	 1.119504E-13	 1.028067E-03	-1.903579E-14	 1.123570E-13	 1.179197E-03	-8.248665E-14	 9.215296E-14	 8.208925E-04	-8.467470E-14	 5.232928E-14	 6.745071E-04	-4.954743E-14
0.86903	-2.475392E+00	 7.006383E-15	 2.792771E-14	 1.069353E+00	 9.792781E-14	 2.329960E-13	 1.655969E-01	-1.924199E-13	-1.585833E-13	 1.074802E-01	 3.688399E-13	 4.734579E-13	 5.293438E-02	-2.893492E-13	-1.297088E-13	 1.826338E-02	-5.719384E-14	 5.734970E-14	 8.146796E-03	 1.050345E-13	-5.168368E-13	 4.724931E-03	 1.718515E-13	-1.138232E-13	 2.930438E-03	 5.632977E-14	 5.061097E-14	 1.491942E-03	 1.092794E-14	-1.120992E-13	 9.737975E-04	 4.563308E-14	 4.242154E-13	 5.506247E-04	-3.753279E-13	-1.052795E-13	 6.303357E-04	 2.407384E-13	 1.396510E-13	 6.570866E-04	 3.479789E-14	-1.349944E-13	 2.000304E-03	 1.705131E-13	-3.704828E-14	-5.314851E-04	 1.517689E-13	-1.149073E-14	 1.077379E-03	 1.009812E-14	 5.518407E-14	 1.198854E-03	-8.888848E-15	 7.989306E-14	 8.799746E-04	-2.657426E-14	 7.572504E-14	 7.755961E-04	 1.710173E-15
0.87500	-2.489262E+00	-2.648978E-13	 3.968126E-13	 1.074641E+00	 1.735652E-13	-2.832832E-13	 1.659647E-01	-2.722688E-13	-1.837132E-13	 1.122037E-01	 1.422061E-13	 4.578432E-13	 5.519666E-02	-2.115319E-13	-5.797764E-13	 1.910960E-02	 1.610484E-14	 6.194908E-13	 8.734761E-03	-2.514872E-13	-3.589308E-13	 5.134558E-03	 2.043535E-13	 2.848559E-14	 3.169897E-03	-2.838810E-13	-1.561225E-13	 1.603715E-03	 9.108451E-14	 2.673845E-13	 1.038648E-03	-8.576972E-15	-5.933244E-14	 5.344713E-04	-5.841954E-15	 2.964031E-13	 5.640768E-04	-1.279293E-13	 2.405637E-15	 6.460346E-04	 2.322255E-15	 5.837485E-14	 2.046396E-03	-3.643221E-14	-1.159572E-13	-6.839500E-04	-1.221936E-13	-1.080679E-13	 1.118249E-03	-1.203337E-13	-1.254904E-13	 1.201209E-03	-1.416617E-13	-7.951684E-14	 9.338292E-04	-9.590177E-14	-2.110714E-14	 8.776855E-04	-1.607182E-14
0.88093	-2.503286E+00	-1.426594E-13	 2.540720E-13	 1.079809E+00	 3.908999E-14	-1.260587E-13	 1.665674E-01	-1.156754E-13	 1.867355E-14	 1.169578E-01	-3.825110E-14	-2.415251E-13	 5.738978E-02	 1.219158E-13	-4.856957E-14	 1.992437E-02	 1.939245E-13	-1.166249E-13	 9.324975E-03	 2.411288E-14	 3.252973E-13	 5.555834E-03	-1.017139E-13	-1.994681E-13	 3.420483E-03	 4.146993E-13	 2.926966E-13	 1.728693E-03	-1.958125E-13	 1.682611E-13	 1.121183E-03	 3.405389E-13	-1.192694E-13	 5.290696E-04	-2.562499E-13	 3.196475E-14	 5.004646E-04	 5.125545E-14	 2.808173E-14	 6.351273E-04	-9.985788E-14	 2.774790E-14	 2.085243E-03	 3.933921E-14	 2.241015E-13	-8.362002E-04	-7.535144E-14	 1.385936E-13	 1.147442E-03	-2.190441E-14	 1.667593E-13	 1.185947E-03	-2.792203E-14	 9.924119E-14	 9.808577E-04	-2.075825E-14	 2.720000E-14	 9.775689E-04	 2.887394E-14
0.88682	-2.517512E+00	 3.203259E-13	-9.554690E-14	 1.084911E+00	-3.137159E-13	 6.311240E-13	 1.674804E-01	 1.236142E-13	-1.378851E-13	 1.217085E-01	-1.577565E-13	 9.330664E-14	 5.949718E-02	 1.585015E-13	 2.862794E-14	 2.069709E-02	 3.408799E-14	-4.376389E-13	 9.904888E-03	 1.619620E-13	 3.065092E-13	 5.980437E-03	-2.695803E-13	 1.358833E-15	 3.677956E-03	 6.470619E-15	 1.826607E-13	 1.864823E-03	 4.856834E-14	-1.869846E-13	 1.221521E-03	-4.297669E-14	 1.134825E-13	 5.369821E-04	 2.216730E-14	 7.700664E-14	 4.419040E-04	-1.115444E-15	 1.398469E-13	 6.224867E-04	 3.191269E-14	-4.793645E-14	 2.118597E-03	 1.749622E-14	 1.023561E-13	-9.822643E-04	 6.143050E-14	-2.562097E-14	 1.161604E-03	 4.204904E-14	 6.049564E-14	 1.153974E-03	 7.027036E-14	 1.819614E-14	 1.019507E-03	 6.737595E-14	-2.549874E-14	 1.071902E-03	 6.140040E-14
0.89268	-2.531987E+00	-3.200616E-13	-6.992900E-14	 1.090010E+00	 7.072336E-14	 5.036696E-15	 1.687775E-01	-3.293477E-14	 1.102178E-13	 1.264192E-01	-2.838977E-14	-1.507362E-13	 6.150544E-02	 1.121075E-13	 1.815892E-13	 2.141703E-02	 4.324081E-14	-5.792001E-14	 1.045974E-02	-1.470315E-13	 1.490444E-13	 6.398679E-03	 4.624532E-14	 1.730013E-13	 3.937329E-03	-4.313370E-13	-2.040323E-13	 2.008998E-03	 2.974572E-13	 1.210568E-13	 1.338875E-03	-2.298589E-13	 2.218849E-14	 5.606874E-04	 1.225473E-13	 1.687226E-13	 3.906443E-04	 4.001056E-14	-1.351078E-13	 6.055752E-04	 7.236888E-14	-9.397938E-14	 2.148960E-03	 2.497127E-14	-2.266180E-13	-1.116287E-03	 9.464720E-14	-1.816726E-13	 1.157619E-03	 1.211256E-13	-1.129303E-13	 1.107432E-03	 1.089044E-13	-3.472510E-14	 1.048348E-03	 1.170293E-13	 3.281223E-14	 1.157468E-03	 7.194476E-14
0.89849	-2.546753E+00	-1.801973E-13	-2.643945E-13	 1.095175E+00	 3.564277E-13	-4.591371E-13	 1.705248E-01	-1.622814E-14	 3.220663E-13	 1.310516E-01	 1.957335E-13	-6.164978E-13	 6.340513E-02	 4.255456E-14	 7.016567E-13	 2.207303E-02	-5.408552E-14	-1.907182E-13	 1.097231E-02	-5.861793E-14	 1.635345E-13	 6.799272E-03	 3.155214E-14	-1.319032E-13	 4.192635E-03	 2.533151E-13	-1.095422E-13	 2.156880E-03	-1.089000E-13	 3.996104E-13	 1.471376E-03	-4.385258E-14	-4.172123E-13	 6.023189E-04	 1.186193E-13	 3.001254E-13	 3.487164E-04	-4.888148E-13	-2.536353E-13	 5.814460E-04	 2.509033E-13	 9.447875E-14	 2.179238E-03	-9.329390E-14	-9.947875E-14	-1.233004E-03	 3.239348E-14	 1.192604E-13	 1.133055E-03	 4.877826E-14	 1.858741E-14	 1.049422E-03	-2.451842E-14	 6.649576E-14	 1.066212E-03	 4.757682E-15	 5.098089E-14	 1.231495E-03	 2.288472E-14
0.90427	-2.561844E+00	 1.049413E-13	-9.504630E-14	 1.100464E+00	-3.277216E-14	-1.171563E-13	 1.727669E-01	 9.902821E-14	 7.536741E-14	 1.355765E-01	-2.189120E-13	 8.612643E-14	 6.519749E-02	 2.238678E-13	-2.503740E-13	 2.265867E-02	-4.410127E-13	 2.600363E-13	 1.142725E-02	 3.694799E-13	-5.700249E-13	 7.171724E-03	-5.693970E-14	 2.299946E-13	 4.438149E-03	 1.015264E-13	-1.389032E-13	 2.303746E-03	-7.734892E-14	 1.044083E-13	 1.616524E-03	-3.694202E-13	-9.137995E-14	 6.635349E-04	 4.225844E-13	 9.579474E-14	 3.179391E-04	-5.614966E-13	-8.792951E-14	 5.473738E-04	 3.201541E-13	 1.240861E-13	 2.212291E-03	-1.763361E-13	 1.057282E-13	-1.328576E-03	-1.117477E-13	 1.127362E-13	 1.086712E-03	-1.024645E-13	 7.649452E-14	 9.832382E-04	-9.599851E-14	 1.657012E-14	 1.072331E-03	-2.986577E-14	-3.944209E-14	 1.292108E-03	 4.039200E-14
0.91001	-2.577278E+00	 2.665165E-14	 1.418685E-13	 1.105909E+00	-3.279826E-14	 1.365700E-13	 1.755115E-01	 3.044775E-14	-1.245934E-13	 1.399815E-01	-3.195664E-13	 1.071943E-13	 6.689784E-02	-8.665114E-15	-1.900630E-13	 2.317544E-02	-1.501315E-13	 1.406854E-13	 1.181428E-02	 5.308908E-14	-3.878117E-13	 7.507847E-03	 2.731104E-13	 4.233606E-13	 4.668905E-03	-3.456348E-13	-5.762963E-14	 2.445004E-03	 4.434507E-13	-5.554524E-14	 1.771516E-03	-3.680452E-13	 1.527329E-13	 7.452635E-04	 2.090914E-13	-1.536602E-13	 2.999487E-04	-1.087575E-13	-1.947374E-14	 5.016747E-04	 1.559948E-14	-1.129908E-13	 2.250595E-03	-1.085193E-15	 5.349279E-14	-1.401386E-03	-1.182736E-13	-4.014923E-14	 1.019129E-03	-7.629735E-14	 5.623180E-14	 9.114877E-04	-7.782725E-14	 1.996712E-14	 1.066338E-03	-3.941860E-14	 3.011883E-15	 1.338494E-03	 5.967871E-15
0.91572	-2.593051E+00	 2.324130E-13	-1.930598E-13	 1.111511E+00	-1.773613E-13	 9.407965E-14	 1.787178E-01	 2.620658E-13	-1.700315E-13	 1.442766E-01	 2.107940E-13	-2.919323E-13	 6.853705E-02	 3.446375E-14	 2.081195E-13	 2.363485E-02	 3.694397E-13	-2.091123E-13	 1.213079E-02	-3.060713E-13	 2.220385E-13	 7.802836E-03	 1.945102E-13	-8.859042E-14	 4.880902E-03	-2.360379E-13	 1.147105E-13	 2.576648E-03	 1.648578E-13	 4.737996E-14	 1.933746E-03	 2.934766E-14	-4.193956E-13	 8.475988E-04	-1.722492E-13	-7.123885E-14	 2.962104E-04	 1.773949E-13	-1.756353E-13	 4.444268E-04	 8.516424E-14	-4.276938E-14	 2.296303E-03	 2.503683E-14	-4.951702E-14	-1.452516E-03	 2.271704E-14	-6.158897E-15	 9.327662E-04	-4.205672E-14	-1.170103E-13	 8.354160E-04	-5.597628E-14	-1.300200E-13	 1.048102E-03	-4.834553E-14	-1.520840E-13	 1.370799E-03	-5.075055E-14
0.92139	-2.609127E+00	 2.114635E-13	-1.450338E-13	 1.117225E+00	-3.178914E-13	 2.994500E-13	 1.822893E-01	 2.385624E-13	-1.100421E-13	 1.484976E-01	-1.937057E-13	-7.043467E-14	 7.016161E-02	 3.110799E-13	 1.912624E-13	 2.405993E-02	-3.813424E-14	-3.399796E-13	 1.238390E-02	 2.853642E-13	 3.973731E-13	 8.055950E-03	-1.667274E-13	-6.587830E-14	 5.070896E-03	 1.659889E-13	 5.871252E-14	 2.695448E-03	-5.736332E-13	 1.373079E-13	 2.101328E-03	 3.113088E-13	 4.505340E-14	 9.697768E-04	-8.925866E-13	-2.902447E-13	 3.078036E-04	 3.326697E-13	 2.527729E-13	 3.779311E-04	-6.889801E-14	-4.544052E-14	 2.351837E-03	 6.317031E-14	 1.129181E-13	-1.486077E-03	 1.911012E-13	 5.419086E-14	 8.318840E-04	 2.396531E-14	-1.776111E-14	 7.546576E-04	 4.693495E-14	-7.019773E-14	 1.017424E-03	 4.570495E-15	-1.060188E-13	 1.389827E-03	-1.043748E-14
0.92702	-2.625445E+00	-2.863273E-13	 4.245524E-13	 1.122963E+00	 2.726173E-13	 1.847448E-13	 1.860708E-01	-3.338244E-13	-5.975595E-14	 1.527085E-01	-4.235386E-14	 9.347786E-14	 7.183501E-02	-2.435943E-13	 6.928191E-14	 2.448821E-02	 1.507400E-13	-9.850596E-14	 1.259351E-02	 4.460056E-14	 1.535733E-13	 8.272060E-03	 5.927224E-14	 8.764788E-14	 5.236682E-03	-1.100795E-13	 1.809505E-13	 2.799385E-03	 3.055916E-13	-3.329778E-13	 2.273959E-03	-3.336110E-13	 3.035103E-13	 1.110549E-03	 1.385351E-13	-8.427483E-14	 3.351060E-04	-8.374844E-14	 2.040978E-13	 3.068361E-04	-6.261704E-14	 8.574899E-14	 2.421059E-03	 9.397216E-14	 8.900027E-14	-1.509195E-03	 9.674143E-15	 9.919129E-14	 7.220087E-04	 5.442381E-14	 7.120614E-14	 6.672679E-04	-3.610236E-14	 6.642635E-14	 9.735234E-04	-3.133470E-14	 4.578081E-14	 1.396545E-03	-1.908754E-14
0.93263	-2.641917E+00	-5.010023E-14	 1.781757E-13	 1.128590E+00	 9.440305E-14	-2.535788E-13	 1.898554E-01	 1.908831E-13	-8.002435E-14	 1.569966E-01	-8.049946E-14	-2.837656E-14	 7.363336E-02	 1.305013E-13	-2.578411E-13	 2.496948E-02	 1.616606E-13	 4.057956E-13	 1.279167E-02	-1.017807E-13	-3.897239E-13	 8.461430E-03	 1.581986E-13	 9.914000E-14	 5.376421E-03	-1.566611E-13	 2.836520E-13	 2.887262E-03	 2.658683E-13	-3.721211E-13	 2.453245E-03	-5.342878E-13	-4.758496E-14	 1.268374E-03	 5.062230E-13	 2.110414E-13	 3.773219E-04	-1.796531E-13	-1.728791E-13	 2.378996E-04	 1.718278E-13	 1.959167E-13	 2.510754E-03	 6.179305E-14	-1.733606E-14	-1.531690E-03	-5.146444E-14	 7.716372E-14	 6.093451E-04	 2.265915E-14	 3.387270E-14	 5.703232E-04	-1.153890E-13	 7.139732E-14	 9.146721E-04	-9.695410E-14	 8.720533E-14	 1.391535E-03	-1.048679E-13
0.93819	-2.658417E+00	 8.209001E-14	-5.882263E-14	 1.133947E+00	 1.649908E-13	-1.856823E-13	 1.933978E-01	 9.269426E-14	 2.390921E-13	 1.614633E-01	 1.422082E-13	-5.009772E-13	 7.563568E-02	-4.306544E-14	 1.921681E-13	 2.555800E-02	 6.579169E-14	-5.831235E-14	 1.301774E-02	 8.575820E-14	 8.650895E-14	 8.637098E-03	-5.231101E-15	 1.425400E-13	 5.486447E-03	-5.299111E-14	-7.836793E-14	 2.957260E-03	-2.690946E-13	-6.756237E-14	 2.642113E-03	 8.791984E-14	 1.265832E-13	 1.440910E-03	-2.019838E-13	-2.615518E-13	 4.317176E-04	 2.151717E-13	 1.425408E-13	 1.797104E-04	-7.708418E-14	 3.978376E-14	 2.631540E-03	-1.802062E-14	-3.956509E-14	-1.565506E-03	-4.480894E-14	-9.610877E-15	 5.006703E-04	-3.338547E-14	-7.065364E-14	 4.607683E-04	 3.667160E-14	-6.914540E-14	 8.382161E-04	 5.959779E-14	-2.901782E-14	 1.374613E-03	 5.530554E-14
0.94373	-2.674807E+00	-4.675241E-13	 3.192621E-15	 1.138835E+00	 1.806777E-13	-1.138366E-13	 1.964224E-01	-3.929078E-13	-1.581047E-14	 1.662304E-01	 4.399869E-13	-6.888220E-14	 7.792918E-02	-1.948131E-13	-7.702030E-14	 2.631796E-02	 1.439704E-13	 1.739188E-13	 1.332319E-02	-7.539121E-14	 6.586586E-14	 8.817943E-03	 4.675651E-14	 2.080411E-13	 5.562661E-03	 1.047983E-13	-3.357781E-13	 3.007961E-03	-2.981990E-13	-2.201866E-14	 2.845510E-03	 5.400607E-13	-1.850700E-13	 1.624822E-03	-1.108672E-13	-2.209986E-13	 4.931372E-04	 1.902655E-13	-4.190025E-14	 1.434575E-04	 4.211170E-14	-1.025209E-13	 2.798365E-03	 4.084331E-15	 3.610912E-14	-1.624436E-03	 3.547984E-14	-3.105953E-14	 4.038012E-04	-8.992484E-14	 9.764895E-15	 3.350622E-04	 4.646199E-14	-3.734511E-14	 7.400724E-04	 1.066382E-14	-4.996910E-14	 1.344299E-03	 2.835860E-14
0.94923	-2.690958E+00	 2.096523E-13	-1.075840E-13	 1.143004E+00	-6.469111E-13	-4.033701E-13	 1.986355E-01	 6.720968E-13	 7.122150E-14	 1.714429E-01	-4.988343E-13	 1.787835E-13	 8.061002E-02	 4.477213E-13	-3.587760E-13	 2.732525E-02	-2.760894E-13	 1.330843E-13	 1.377443E-02	-7.634419E-14	 6.373863E-14	 9.030919E-03	-1.440173E-13	-2.168074E-13	 5.601843E-03	 4.172986E-13	 2.690990E-13	 3.039757E-03	-4.032752E-13	 1.138877E-14	 3.070734E-03	 5.611076E-13	-4.008350E-13	 1.814643E-03	-2.429469E-13	 3.217617E-13	 5.538653E-04	-8.499824E-14	-2.539051E-13	 1.454181E-04	 1.362948E-14	-9.882167E-14	 3.030582E-03	-9.892901E-14	 3.659329E-14	-1.724165E-03	-6.631241E-15	-1.130614E-13	 3.296127E-04	-1.017238E-13	 7.147656E-15	 1.888033E-04	-9.194520E-14	-6.938510E-15	 6.143558E-04	-1.266680E-13	-2.377551E-14	 1.297367E-03	-1.118213E-13
0.95470	-2.706722E+00	 4.113326E-13	-2.554491E-13	 1.146178E+00	-3.439846E-13	-8.078109E-14	 1.997393E-01	 3.303451E-13	 3.609221E-13	 1.772654E-01	-4.827002E-13	-1.351292E-13	 8.376690E-02	 1.564421E-13	-3.683499E-14	 2.865423E-02	-9.121933E-14	-1.185958E-13	 1.444549E-02	-2.009032E-13	 2.104749E-13	 9.305389E-03	-2.840903E-13	-1.569270E-13	 5.597303E-03	 4.171527E-13	-1.340397E-13	 3.052811E-03	 7.156608E-14	 5.023389E-13	 3.323831E-03	-5.109119E-13	-5.268381E-13	 1.996939E-03	 3.251771E-13	 4.845351E-13	 6.016297E-04	-2.919536E-13	-5.775954E-14	 2.105008E-04	-2.063891E-13	 1.220005E-13	 3.348877E-03	-8.999256E-14	-5.433275E-14	-1.883941E-03	-1.249506E-13	-8.566883E-14	 2.962808E-04	-6.486589E-14	-1.353609E-13	 1.654975E-05	-8.326289E-14	-1.311837E-13	 4.540960E-04	-5.387822E-14	-1.100335E-13	 1.229286E-03	-4.470959E-14
0.96014	-2.722001E+00	-7.301582E-14	-3.119604E-14	 1.147988E+00	 7.292031E-14	 1.324482E-14	 1.994273E-01	-8.415844E-14	-6.772360E-15	 1.838938E-01	 1.884700E-13	 3.131736E-13	 8.749892E-02	-3.121107E-13	-1.300547E-13	 3.040140E-02	 2.227121E-13	 3.197495E-13	 1.543977E-02	-3.705097E-13	-1.107416E-13	 9.688042E-03	 1.451951E-14	 4.194742E-13	 5.551320E-03	 1.974723E-14	-4.696558E-13	 3.058945E-03	 3.470760E-13	 2.170405E-13	 3.614275E-03	-3.943102E-13	-2.289870E-13	 2.149028E-03	 5.119114E-13	-1.300665E-14	 6.233309E-04	-1.856800E-13	-6.580782E-14	 3.802945E-04	 1.426715E-13	 2.974139E-14	 3.773054E-03	 6.348111E-14	 3.200237E-14	-2.126398E-03	-2.017596E-14	 8.938816E-14	 3.356669E-04	 7.780160E-15	 1.024039E-13	-1.910032E-04	-6.318520E-14	 1.040603E-13	 2.500784E-04	-6.038247E-14	 8.995540E-14	 1.133328E-03	-4.598565E-14
0.96555	-2.736565E+00	-3.012420E-14	 3.816165E-13	 1.148085E+00	-4.471333E-13	-2.632171E-13	 1.973675E-01	 4.921869E-13	 2.059425E-14	 1.915661E-01	-3.293391E-13	 1.719212E-13	 9.185793E-02	 4.276797E-13	-1.055406E-13	 3.262666E-02	-6.360721E-13	-2.346337E-13	 1.684916E-02	 5.142479E-13	 1.420080E-13	 1.020402E-02	-2.467276E-13	-6.878085E-14	 5.447167E-03	-1.154784E-13	 5.113747E-13	 3.069536E-03	-2.466202E-13	-8.430324E-13	 3.938561E-03	 6.145301E-13	 9.272101E-13	 2.217269E-03	-5.437958E-13	-6.429536E-13	 6.034006E-04	 3.681334E-13	 4.218966E-13	 7.249364E-04	-5.811012E-14	-3.012651E-15	 4.307520E-03	-2.152681E-14	 1.224278E-13	-2.485110E-03	-3.583256E-14	 3.662492E-14	 5.073417E-04	-3.153202E-14	 5.078464E-15	-4.511514E-04	 8.470556E-15	-3.506309E-14	-3.285262E-06	 3.243418E-14	-4.213012E-14	 1.007251E-03	 6.715544E-14
0.97093	-2.750396E+00	-5.650079E-13	 5.948871E-13	 1.145545E+00	 2.777852E-13	-2.316334E-13	 1.930224E-01	-5.137839E-13	-1.247872E-13	 2.007634E-01	 4.781351E-13	-1.100211E-13	 9.703618E-02	-1.343573E-13	 4.476496E-13	 3.558983E-02	-1.154174E-13	-7.572576E-13	 1.894608E-02	 5.538818E-13	 7.530802E-13	 1.096574E-02	-5.128977E-13	-6.190943E-13	 5.321026E-03	 3.613721E-13	 4.089664E-13	 3.144819E-03	-4.669587E-13	-2.660477E-13	 4.285917E-03	 2.515580E-13	 1.886042E-13	 2.104474E-03	-3.078589E-13	-2.025550E-13	 5.380432E-04	 3.911121E-13	 3.609229E-13	 1.365724E-03	-3.933213E-13	-1.386905E-13	 4.924392E-03	 5.895069E-14	-3.871484E-14	-2.984446E-03	-1.597230E-13	-1.350853E-13	 9.318492E-04	-5.734601E-14	-2.186341E-13	-8.177698E-04	 2.258989E-14	-1.555624E-13	-3.136098E-04	 6.436959E-14	-8.980338E-14	 8.395185E-04	 8.027419E-14
0.97628	-2.763546E+00	 6.573810E-14	-3.328366E-15	 1.139474E+00	 2.006214E-13	 1.078564E-13	 1.859433E-01	-4.520496E-13	-4.837225E-14	 2.118600E-01	 6.863156E-13	 2.249223E-14	 1.031383E-01	-6.192766E-13	 4.117773E-13	 3.953236E-02	 2.690855E-13	-1.112863E-13	 2.198806E-02	 1.838363E-14	 5.661995E-13	 1.208646E-02	-3.904965E-13	-4.646517E-13	 5.289416E-03	 1.417666E-13	 9.996476E-14	 3.431396E-03	 5.326690E-14	 3.020330E-13	 4.617862E-03	-2.852384E-13	-7.160470E-13	 1.665807E-03	 3.519932E-13	 3.070135E-13	 4.846180E-04	-1.022661E-13	-9.053999E-14	 2.446019E-03	-1.303970E-13	-1.369002E-13	 5.528770E-03	 9.107560E-14	 9.066975E-15	-3.606544E-03	-1.337607E-13	-4.516289E-15	 1.783626E-03	 6.299848E-14	-1.486900E-14	-1.384692E-03	-4.961545E-14	 9.331401E-14	-6.593488E-04	-1.499584E-14	 1.088221E-13	 6.258624E-04	-7.725033E-14
0.98160	-2.774603E+00	 4.042744E-13	-5.004234E-13	 1.129164E+00	-1.686777E-13	 3.141930E-13	 1.750694E-01	-4.322253E-14	-1.001742E-13	 2.258124E-01	 7.232266E-14	 1.234396E-13	 1.101827E-01	-1.615889E-14	-8.375965E-15	 4.439742E-02	-1.950909E-13	 2.237965E-13	 2.589036E-02	-9.384348E-14	-2.588627E-13	 1.333010E-02	 1.682261E-13	 1.300065E-13	 5.353707E-03	-5.764015E-13	-3.990284E-13	 4.037761E-03	 7.518822E-13	 3.171830E-13	 4.644623E-03	-7.834561E-13	-5.667676E-13	 6.143611E-04	 5.573570E-13	 3.182755E-13	 7.030618E-04	-2.329343E-13	-3.277246E-14	 4.121954E-03	 4.317247E-14	 1.019070E-13	 5.695699E-03	 2.448400E-13	 2.098845E-13	-4.162954E-03	 2.984596E-14	 6.885379E-14	 3.339005E-03	 5.474966E-14	 9.894636E-14	-2.417673E-03	 5.611156E-14	-1.060394E-14	-8.798809E-04	-1.102947E-13	-3.448233E-14	 3.766641E-04	-8.848646E-14
0.98689	-2.782469E+00	-2.521889E-13	-7.869224E-14	 1.103637E+00	 3.612509E-13	-5.416875E-14	 1.536004E-01	-1.671511E-13	 9.432903E-15	 2.488628E-01	 3.085493E-13	-2.561441E-13	 1.196893E-01	 7.208158E-14	 9.414783E-14	 5.295952E-02	-1.048628E-13	 5.679382E-14	 3.340248E-02	-1.683774E-13	-4.067119E-13	 1.603268E-02	 2.976778E-13	 3.895794E-13	 6.766072E-03	-6.046568E-13	-5.876066E-13	 5.501431E-03	 4.831486E-13	 2.573287E-13	 3.468538E-03	-1.084660E-13	-4.549043E-14	-1.195521E-03	-1.931360E-13	-2.909603E-13	 2.115402E-03	 6.191063E-13	 4.227028E-13	 5.843619E-03	-4.457882E-13	-3.126801E-13	 4.252999E-03	 3.675750E-13	 2.056469E-13	-2.547093E-03	-4.321424E-14	-7.656040E-14	 5.674815E-03	-1.080652E-13	 1.472404E-14	-4.465829E-03	 5.746778E-14	-5.660786E-14	 2.270910E-04	-8.312545E-14	-3.168666E-14	-6.215658E-04	-1.777247E-14
0.99216	-2.786739E+00	 6.885809E-14	-9.413647E-14	 1.038250E+00	 4.564967E-15	 2.562266E-15	 1.128895E-01	 1.611568E-13	 2.626748E-13	 2.913229E-01	-3.079430E-13	-3.841424E-13	 1.266838E-01	 2.511435E-13	 9.705177E-14	 7.220834E-02	-4.868422E-13	 2.317144E-13	 5.172923E-02	-1.715609E-14	-2.435892E-13	 2.459109E-02	 1.765938E-13	 2.278023E-13	 1.426395E-02	-1.735917E-13	 9.635646E-14	 9.187514E-03	-1.849059E-13	-3.731455E-17	 1.520281E-03	 5.416044E-13	 3.019495E-13	-1.008090E-03	-5.386533E-13	-1.885262E-13	 3.614800E-03	 3.758308E-13	 2.422901E-13	 3.614459E-03	-1.414490E-13	-1.118633E-13	 3.019723E-03	 4.601345E-14	-1.042120E-14	 2.649077E-03	-7.043359E-14	-2.877996E-14	 5.035779E-03	 1.958369E-13	-6.518591E-14	-2.609336E-03	-1.507641E-13	-3.209788E-14	 3.349904E-03	 1.655574E-13	-5.734217E-14	-2.963242E-03	-4.011544E-14
0.99739	-2.793609E+00	 1.643494E-13	-1.490821E-13	 9.416833E-01	-2.090255E-13	 3.787732E-13	 5.880522E-02	-5.331655E-13	 2.326111E-13	 3.433605E-01	-4.807915E-13	 1.542232E-13	 1.323513E-01	-2.772534E-13	 5.803180E-14	 1.023670E-01	-4.778070E-13	 3.286911E-13	 8.034173E-02	 3.186125E-14	-6.403760E-14	 4.123279E-02	 5.768267E-13	 6.503542E-14	 2.847242E-02	 1.473022E-13	 3.484070E-13	 1.534810E-02	 2.259963E-13	 2.093538E-13	 2.940166E-04	-3.718780E-13	-4.492807E-13	 7.951825E-04	 1.079904E-12	 1.116774E-12	 3.230824E-03	-1.245192E-12	-1.122420E-12	-2.524557E-03	 1.338915E-12	 9.620145E-13	 2.397478E-03	-2.878411E-13	-5.957147E-13	 8.996352E-03	 8.998611E-14	 1.401111E-13	 1.981852E-03	 6.908744E-13	-1.945981E-13	 3.994907E-03	-4.802786E-13	-1.747609E-13	 7.680735E-03	 2.761714E-13	-3.057636E-13	-5.198958E-03	-2.591932E-13
