r	   0/   0	   0/   1	   1/  -1	   1/   0	   1/   1	   2/  -1	   2/   0	   2/   1	   3/  -1	   3/   0	   3/   1	   4/  -1	   4/   0	   4/   1	   5/  -1	   5/   0	   5/   1	   6/  -1	   6/   0	   6/   1	   7/  -1	   7/   0	   7/   1	   8/  -1	   8/   0	   8/   1	   9/  -1	   9/   0	   9/   1	  10/  -1	  10/   0	  10/   1	  11/  -1	  11/   0	  11/   1	  12/  -1	  12/   0	  12/   1	  13/  -1	  13/   0	  13/   1	  14/  -1	  14/   0	  14/   1	  15/  -1	  15/   0	  15/   1	  16/  -1	  16/   0	  16/   1	  17/  -1	  17/   0	  17/   1	  18/  -1	  18/   0	  18/   1	  19/  -1	  19/   0	  19/   1
0.10206	 7.031587E+00	 8.537784E-14	-5.281268E-13	-2.068573E-01	 3.796137E-13	-6.442457E-14	-3.670804E+00	 2.048397E-13	 7.910715E-14	-5.793724E-01	 2.242623E-13	 3.831851E-14	-3.709922E-02	-4.117441E-13	-8.141236E-14	-3.536884E-02	-1.797704E-13	-2.799565E-13	-8.911909E-03	 6.486595E-13	 2.303985E-13	 9.769261E-04	-7.839741E-15	-2.649886E-14	 1.735321E-03	-9.244859E-13	 1.013389E-14	 6.157026E-03	-4.056208E-13	-7.561227E-13	-8.914839E-04	 1.343546E-12	 5.040302E-13	-5.435057E-03	 2.790456E-13	 3.903302E-13	 1.069651E-04	-1.158117E-12	-1.541877E-13	 2.937660E-03	-3.062324E-13	-2.351422E-13	 9.113503E-04	 2.383426E-13	-4.674392E-14	-7.077016E-04	 4.834375E-13	 7.147594E-14	-5.009166E-04	-1.627787E-13	 2.972170E-13	 1.363915E-05	-2.510455E-14	 1.512818E-13	 1.242082E-04	 1.947635E-14	-6.613643E-14	-1.221297E-05	 4.841586E-14
0.14434	 6.918749E+00	 3.019232E-13	-4.640536E-13	-2.112231E-01	 2.092431E-13	-2.573733E-13	-3.541406E+00	-4.803043E-14	-6.208416E-13	-9.249585E-01	 5.646776E-13	 1.651189E-13	-1.247805E-01	 1.974207E-13	 5.270461E-13	-3.604292E-02	-6.988662E-13	-4.290031E-13	-3.194023E-03	-1.559119E-13	 1.061152E-13	 1.631938E-02	 1.478393E-14	 4.561251E-13	-1.571306E-02	 6.630657E-13	 2.756056E-13	-1.428048E-02	-8.363176E-13	-3.301677E-13	 2.021071E-02	-1.352867E-12	-4.262756E-13	 1.150511E-02	 1.674335E-12	 5.774462E-13	-1.234148E-02	 1.477638E-12	-2.463147E-13	-7.872442E-03	-1.052294E-12	-1.113896E-13	 3.136878E-03	-1.073239E-12	 6.392670E-13	 3.534611E-03	 3.749728E-14	-1.020118E-13	 2.733074E-04	 3.296459E-13	-6.708941E-13	-6.402950E-04	 7.525070E-14	-4.476960E-13	-6.639094E-05	 2.003051E-13	 1.696267E-13	 1.268652E-04	-1.400202E-13
0.17678	 7.082943E+00	-3.320031E-13	-3.436083E-13	-2.647373E-01	-1.543311E-13	 4.924876E-14	-3.502987E+00	 3.874899E-13	 1.593129E-13	-1.161637E+00	 1.552890E-13	-5.917596E-13	-2.388085E-01	 2.519626E-13	 7.697430E-13	-4.582872E-02	-4.325386E-13	 9.240243E-13	-9.884882E-03	-1.045173E-12	 1.119989E-13	 2.219884E-02	-8.975025E-14	-4.851260E-14	 1.226773E-03	 9.439770E-13	-1.593187E-12	-2.388485E-02	 1.993750E-12	 5.946041E-13	 1.624231E-04	-2.772901E-12	 1.007602E-12	 1.772635E-02	-9.788445E-13	-2.578767E-13	 4.189222E-03	 2.692452E-12	-9.279348E-13	-7.817095E-03	 6.339662E-13	-1.211055E-12	-5.009641E-03	-3.442229E-13	 9.410210E-13	 1.309718E-03	-8.143223E-13	 1.216114E-12	 2.185410E-03	-2.714340E-13	-5.417422E-13	 4.205558E-04	 1.520622E-13	-1.028137E-12	-2.319979E-04	 2.827088E-13	-3.513618E-14	-1.621139E-05	 2.199885E-13
0.20412	 7.274915E+00	-5.645762E-13	-9.963863E-13	-3.142910E-01	 2.674771E-13	-2.200867E-13	-3.482420E+00	 5.806239E-13	 8.426141E-13	-1.344147E+00	 4.320073E-14	 1.149632E-13	-3.462828E-01	-2.025133E-13	 1.072875E-13	-6.873708E-02	 2.813907E-13	 9.883813E-13	-1.868770E-02	-3.837527E-13	 3.552256E-13	 1.459427E-02	-3.623657E-15	-6.170853E-13	 1.706170E-02	 1.735348E-13	-1.528063E-12	-8.022231E-03	 1.581877E-12	-3.639833E-13	-1.422075E-02	-4.932710E-13	 1.711416E-12	 2.789721E-03	-2.777237E-12	-5.103924E-14	 1.190555E-02	 9.888518E-13	-1.582229E-13	 2.743000E-03	 1.805764E-12	-9.950866E-13	-5.214511E-03	 8.974447E-13	-8.578010E-13	-3.002005E-03	-8.001692E-13	 8.782153E-13	 4.917572E-04	-1.081107E-12	 1.150075E-12	 7.962769E-04	-3.657351E-13	 1.443229E-13	 1.365398E-04	 1.131623E-13	-2.568998E-13	 7.047322E-05	 1.827178E-13
0.22822	 7.448533E+00	-3.256218E-13	-9.087245E-13	-3.922383E-01	 9.389514E-13	-2.186927E-13	-3.460675E+00	 3.692872E-13	-4.683913E-14	-1.467038E+00	-8.418101E-14	-5.037065E-14	-4.308788E-01	 4.334937E-14	 1.793119E-13	-9.041704E-02	 2.312181E-14	-2.411082E-13	-2.502283E-02	 3.672403E-13	 7.534621E-14	 3.643216E-03	 8.541838E-14	-5.167423E-13	 2.043643E-02	 2.609147E-13	 1.033398E-13	 5.547523E-03	 1.890054E-13	 2.295312E-13	-1.332521E-02	 4.441181E-13	 2.810461E-13	-5.283555E-03	-1.670063E-12	-3.344471E-13	 8.825217E-03	-8.412960E-13	 6.326932E-13	 5.734926E-03	 1.878633E-12	 9.616070E-13	-2.150472E-03	 4.975224E-13	-1.189351E-12	-2.751159E-03	-4.530846E-13	-7.751027E-13	-3.302378E-04	-7.536344E-13	 6.307946E-13	 3.604263E-04	-2.972971E-14	 7.536065E-13	-6.039289E-05	 8.635477E-14	-1.675193E-13	-1.394805E-04	 1.408715E-13
0.25000	 7.590159E+00	 3.287535E-13	 3.058069E-12	-5.067146E-01	-1.592036E-12	 1.510085E-12	-3.437017E+00	-1.083685E-12	 1.987373E-13	-1.532184E+00	-1.633053E-12	-4.583087E-14	-4.868953E-01	-5.852380E-13	-1.049927E-13	-1.083804E-01	-1.942936E-13	-1.564376E-13	-2.823164E-02	-2.575702E-13	 1.167598E-13	-4.510213E-03	 8.945219E-13	-7.018504E-13	 1.818684E-02	 9.997044E-14	 3.156111E-13	 1.424210E-02	 4.007859E-16	 9.109842E-13	-8.147054E-03	 5.885632E-13	-3.918777E-13	-9.720808E-03	-5.869895E-13	-5.948335E-13	 4.182785E-03	-1.778109E-12	-4.993362E-13	 7.364019E-03	 1.588351E-12	 1.207006E-12	 9.131540E-04	 4.721362E-13	-9.499578E-14	-2.588857E-03	-1.137952E-13	-5.920007E-13	-1.430919E-03	-8.474979E-14	-3.144149E-13	 1.267358E-04	 5.178277E-15	 2.074336E-13	 3.172586E-04	 1.036918E-13	 5.500656E-14	-1.254867E-05	 7.794441E-14
0.27003	 7.698382E+00	 8.890414E-14	-8.130533E-13	-6.532666E-01	 1.255019E-12	-7.174126E-13	-3.414495E+00	 1.013834E-12	-3.338009E-14	-1.549545E+00	-5.574791E-13	 5.024611E-13	-5.141326E-01	-4.009576E-13	 6.297698E-13	-1.195496E-01	-1.649064E-13	 1.251963E-13	-2.866717E-02	-4.437179E-13	 5.252906E-15	-9.751336E-03	 6.804171E-13	-1.388365E-13	 1.331311E-02	-3.772793E-13	-8.286496E-13	 1.865941E-02	-5.392631E-13	 3.130181E-13	-1.328350E-03	 3.410581E-13	 4.742504E-13	-1.023718E-02	 2.997934E-13	-3.042779E-13	-5.185156E-04	-1.239125E-12	-6.376482E-13	 6.149378E-03	 1.993334E-13	-6.419448E-13	 3.053568E-03	 1.485484E-12	 3.642557E-13	-9.529635E-04	 1.659849E-13	 5.921662E-13	-1.526750E-03	-1.684047E-13	-4.508243E-14	-5.128928E-04	 3.570864E-14	-4.062080E-13	 6.837488E-05	 1.830314E-13	-2.513161E-13	 4.102584E-05	-3.004294E-13
0.28868	 7.778275E+00	 3.340847E-13	-1.808307E-12	-8.217454E-01	 2.308188E-12	 6.463771E-14	-3.396363E+00	 1.667994E-13	-5.677782E-13	-1.531466E+00	-4.519698E-14	-1.522864E-14	-5.169677E-01	 8.545431E-14	 5.939647E-13	-1.234283E-01	 1.175332E-15	 1.359487E-13	-2.686521E-02	-4.942578E-13	-2.676900E-13	-1.232842E-02	-6.801229E-14	 1.636291E-13	 7.878570E-03	-1.899357E-13	-4.376960E-13	 1.959230E-02	-1.528536E-13	-4.606053E-13	 4.786514E-03	 1.594434E-13	 5.395914E-13	-7.965934E-03	 3.853518E-13	 7.699693E-13	-3.444361E-03	-2.305932E-13	-3.378748E-13	 3.739413E-03	-8.883870E-13	-7.959574E-13	 3.545633E-03	 6.795520E-13	 3.805501E-14	 5.009043E-04	 3.287547E-13	 7.466353E-13	-8.639159E-04	-2.221917E-13	 1.664733E-13	-6.210662E-04	 9.067896E-14	-2.762407E-13	-1.750113E-04	 3.359538E-15	-3.603216E-13	-9.198657E-05	-1.594035E-13
0.30619	 7.838149E+00	 8.144412E-13	 9.102517E-12	-9.990453E-01	-8.399249E-12	 2.942989E-12	-3.384532E+00	-2.756196E-12	-4.386394E-13	-1.490905E+00	-2.850715E-13	-9.104087E-13	-5.026146E-01	 2.294252E-13	 2.297483E-13	-1.217802E-01	-1.813017E-13	-5.605370E-13	-2.398264E-02	 1.892692E-13	-2.782415E-13	-1.292647E-02	-1.269662E-13	 2.151465E-13	 3.211840E-03	-5.837181E-13	 1.103141E-13	 1.836803E-02	 1.292530E-13	-4.065938E-13	 9.150188E-03	 8.007515E-13	 7.616806E-14	-4.556895E-03	-5.829073E-13	 4.840152E-13	-4.425705E-03	 1.212698E-13	 4.746051E-13	 1.511582E-03	-4.971702E-13	-4.120438E-13	 3.030227E-03	-3.624640E-13	-1.303086E-13	 1.294358E-03	 3.829305E-13	-1.258188E-13	-1.316634E-04	 1.660927E-13	 8.378710E-13	-4.035752E-04	-6.606153E-13	-1.916141E-13	-2.208890E-04	 1.473418E-14	-1.581142E-13	-1.748237E-04	-3.865849E-14
0.32275	 7.887373E+00	-7.093662E-13	-6.308608E-12	-1.171140E+00	 5.261507E-12	-1.441124E-12	-3.379294E+00	 1.104131E-12	-2.381200E-13	-1.440601E+00	 7.126578E-13	 1.010269E-13	-4.796252E-01	 6.254216E-13	 4.848275E-13	-1.176373E-01	 1.616534E-13	 3.074657E-13	-2.143910E-02	 1.557279E-13	-8.479966E-13	-1.247090E-02	 4.138703E-13	-1.312542E-13	-1.310618E-04	-6.548903E-14	 2.932027E-13	 1.622519E-02	-8.295043E-13	 3.872053E-14	 1.170078E-02	 1.617566E-13	-1.034805E-13	-1.182860E-03	-2.500013E-14	 2.790631E-13	-4.004682E-03	-1.780408E-13	 6.293573E-13	 6.328988E-05	-1.516807E-13	 7.704241E-14	 2.177965E-03	 2.424211E-13	-8.401569E-13	 1.508613E-03	 5.668271E-13	-1.538011E-13	 3.841779E-04	-1.938066E-13	-3.165739E-13	-1.040865E-04	-1.389449E-13	 6.058962E-13	-1.383660E-04	-1.365544E-13	 2.643068E-14	-1.760083E-04	 3.187025E-13
0.33850	 7.933052E+00	-1.258458E-12	-2.179455E-12	-1.327908E+00	-5.557936E-13	-1.126903E-12	-3.379799E+00	 5.688611E-14	 1.377976E-13	-1.390039E+00	 1.001445E-12	 7.728835E-13	-4.549274E-01	 3.667532E-13	-7.145414E-14	-1.136454E-01	 7.803768E-13	 2.148888E-13	-2.027567E-02	 4.444968E-13	-2.651034E-13	-1.177243E-02	 9.791820E-13	-2.277259E-13	-2.150537E-03	 3.790519E-13	 2.271833E-13	 1.400955E-02	-7.842855E-13	 5.747442E-13	 1.286087E-02	-7.010418E-13	 2.261526E-13	 1.608302E-03	 1.210820E-12	-6.506352E-13	-2.824736E-03	 2.126380E-13	 9.126393E-13	-5.582733E-04	-9.341782E-14	-1.903742E-13	 1.413016E-03	 3.698449E-13	-4.401517E-13	 1.376309E-03	-1.751275E-13	-5.041251E-13	 6.309482E-04	 1.680997E-14	-1.183992E-14	 1.414562E-04	-4.663582E-14	-4.045296E-14	-7.958874E-06	 1.391602E-13	 2.021515E-13	-1.204052E-04	 2.981988E-13
0.35355	 7.978427E+00	-1.082317E-12	 5.386738E-13	-1.466101E+00	-2.085480E-12	-5.334116E-13	-3.385228E+00	 1.273268E-13	-5.407213E-13	-1.343617E+00	 1.292765E-12	-2.081353E-13	-4.318231E-01	 8.555996E-13	-6.701119E-13	-1.108536E-01	 2.340461E-13	-1.040784E-12	-2.068181E-02	 9.229814E-13	 3.321932E-13	-1.125207E-02	 6.603355E-14	 6.027620E-13	-3.109527E-03	 1.032811E-13	 9.175356E-14	 1.214869E-02	-3.060008E-14	 5.379609E-13	 1.316035E-02	-3.856632E-13	 1.604602E-13	 3.713002E-03	 1.271308E-12	 1.266001E-13	-1.378345E-03	 7.269347E-13	-4.024403E-13	-5.641386E-04	 8.649421E-14	 2.812927E-13	 9.108914E-04	-6.840752E-13	 2.518704E-13	 1.120999E-03	 3.288364E-13	-5.017747E-13	 6.710630E-04	-3.769758E-13	-2.093712E-13	 2.804872E-04	 2.942288E-13	-1.071336E-13	 1.099079E-04	-1.486470E-13	 2.910446E-13	-3.980257E-05	 2.327384E-14
0.36799	 8.024013E+00	 2.291961E-13	-1.952040E-12	-1.587265E+00	 3.485792E-12	-1.788583E-13	-3.395108E+00	 1.011084E-12	 4.093425E-13	-1.302076E+00	-2.786089E-13	 3.537874E-13	-4.108868E-01	-8.923183E-13	 6.388693E-13	-1.090797E-01	-1.919311E-12	-8.552479E-13	-2.223497E-02	-5.733536E-13	 1.742371E-13	-1.098671E-02	-3.450585E-13	 7.390056E-13	-3.316602E-03	-6.946311E-13	-1.354131E-13	 1.077273E-02	 1.934715E-13	-3.465729E-13	 1.302672E-02	 5.583823E-14	 6.245967E-13	 5.236036E-03	 4.659371E-13	 3.155128E-13	 4.479890E-05	 4.828920E-13	 1.536573E-13	-2.070344E-04	-1.652405E-14	 6.143234E-14	 6.854848E-04	-3.398480E-14	-7.279639E-13	 8.915866E-04	-4.886870E-13	 2.236585E-13	 6.016124E-04	 6.991466E-13	-3.409966E-14	 3.165937E-04	-2.127083E-13	 3.783096E-13	 1.798430E-04	-2.606653E-13	-2.314208E-14	 3.556591E-05	 8.226184E-14
0.38188	 8.069481E+00	-6.056222E-13	 3.562414E-12	-1.694117E+00	-3.483964E-12	 1.391876E-12	-3.409012E+00	-1.012633E-12	 1.617530E-12	-1.264926E+00	-8.902075E-13	 1.213852E-12	-3.918412E-01	-8.998249E-13	 7.344572E-13	-1.078604E-01	-1.493881E-12	 8.137922E-13	-2.441523E-02	-8.886778E-13	-4.560529E-13	-1.092286E-02	-3.679399E-14	 6.531812E-13	-3.040597E-03	 1.118699E-14	-5.339165E-13	 9.854075E-03	 2.592784E-13	 9.713269E-14	 1.273009E-02	-2.638931E-13	 9.452712E-15	 6.331661E-03	-5.409504E-14	 8.896775E-13	 1.319400E-03	-7.868026E-14	 3.308526E-14	 3.241059E-04	-3.384417E-13	-9.788872E-13	 6.782643E-04	 3.522543E-13	 5.884336E-15	 7.524158E-04	 1.662392E-13	 6.154389E-13	 5.036059E-04	-1.602053E-13	 5.849536E-13	 2.839197E-04	-9.669659E-14	-8.317858E-14	 1.951565E-04	-8.921832E-14	-6.800769E-15	 8.536709E-05	-2.033185E-13
0.39528	 8.114771E+00	-1.517170E-13	-6.445284E-12	-1.788484E+00	 5.669722E-12	-9.978586E-13	-3.426476E+00	 8.443128E-13	 6.978281E-15	-1.232043E+00	 7.472719E-13	-3.348623E-13	-3.745937E-01	 6.493592E-13	-3.231062E-13	-1.069086E-01	 5.852303E-13	-1.335959E-13	-2.684988E-02	-3.960502E-14	-8.413424E-13	-1.100789E-02	 6.188739E-13	 2.076562E-14	-2.495637E-03	 6.587108E-13	-1.081640E-13	 9.302256E-03	-8.068849E-14	-2.845826E-14	 1.241231E-02	-8.831783E-13	 4.556303E-13	 7.135981E-03	-4.418328E-13	 9.321107E-13	 2.420421E-03	-1.317603E-13	-1.709872E-13	 9.207609E-04	 6.713637E-13	-3.264688E-13	 8.186909E-04	 2.871160E-13	 2.649594E-13	 7.094927E-04	-5.244429E-14	 6.004347E-13	 4.231779E-04	-1.500549E-13	 4.409867E-13	 2.215199E-04	-8.676063E-13	-5.047501E-13	 1.698357E-04	 1.961068E-13	-9.840630E-13	 1.041363E-04	 1.337568E-13
0.40825	 8.159919E+00	-3.360502E-13	 6.229815E-12	-1.871516E+00	-5.319234E-12	 1.255769E-12	-3.446866E+00	 2.213914E-13	-6.760337E-13	-1.203551E+00	 2.734708E-13	-1.687726E-13	-3.592178E-01	 9.120379E-13	 1.356152E-13	-1.061099E-01	 1.077513E-12	-2.323275E-13	-2.932297E-02	 1.933843E-13	-7.846451E-13	-1.121714E-02	 3.072385E-13	-1.248186E-12	-1.845314E-03	 1.072632E-12	-2.507691E-13	 9.011861E-03	-7.186368E-13	-7.429987E-14	 1.213359E-02	-7.406195E-13	-1.611577E-13	 7.751393E-03	-7.315439E-13	 6.156526E-13	 3.370844E-03	 3.618424E-13	-2.855893E-13	 1.532717E-03	 5.698052E-13	-4.385009E-13	 1.049902E-03	-1.460667E-13	 1.556069E-13	 7.429114E-04	 5.148118E-14	 8.802241E-15	 3.775389E-04	-7.587550E-13	-6.497437E-13	 1.589974E-04	 4.764930E-14	-4.694782E-13	 1.247749E-04	-2.961885E-14	-2.682732E-13	 9.748649E-05	-1.233905E-13
0.42081	 8.204919E+00	-6.981626E-13	 1.545514E-12	-1.944377E+00	-5.548827E-13	-1.631042E-13	-3.469652E+00	 1.183162E-12	-3.331996E-13	-1.179388E+00	-6.263028E-13	 6.160635E-13	-3.456457E-01	 3.966122E-13	 9.864186E-13	-1.053549E-01	 1.767530E-13	 5.002843E-13	-3.168438E-02	-4.039689E-13	 4.537078E-13	-1.152808E-02	-8.881462E-13	-4.579312E-13	-1.204197E-03	 4.373514E-13	-2.084495E-13	 8.886841E-03	-7.421480E-14	 7.404024E-13	 1.191191E-02	-1.386303E-12	-6.469511E-13	 8.249358E-03	 2.725243E-13	-2.151256E-13	 4.205555E-03	 7.877796E-13	-4.116778E-13	 2.139881E-03	-1.549672E-13	-7.197448E-13	 1.334552E-03	-4.423574E-13	-3.329057E-13	 8.304431E-04	-9.862619E-14	-3.233261E-13	 3.682822E-04	 1.914003E-13	-1.084984E-13	 1.123547E-04	 5.873415E-13	 1.448363E-13	 7.690850E-05	 3.855775E-14	 3.228688E-13	 7.503353E-05	 4.798620E-14
0.43301	 8.249719E+00	 1.548330E-12	 6.644192E-13	-2.008196E+00	 1.809100E-12	 4.616123E-13	-3.494336E+00	 7.013428E-13	 1.577751E-13	-1.159346E+00	-1.914185E-12	-4.838416E-13	-3.337567E-01	-1.995770E-12	-4.846094E-13	-1.045754E-01	-1.101164E-12	 2.287671E-13	-3.385063E-02	-5.499686E-13	-3.033648E-13	-1.192702E-02	-4.605030E-13	 5.022155E-13	-6.493315E-04	-3.570222E-13	 2.011365E-13	 8.849332E-03	 8.813792E-13	 8.822403E-13	 1.174612E-02	-7.207589E-13	 5.636373E-13	 8.677647E-03	-2.350878E-13	-2.762496E-13	 4.956147E-03	 7.063303E-13	-6.071351E-13	 2.735845E-03	 1.283203E-13	-1.423026E-13	 1.651842E-03	-3.112341E-14	-7.616265E-13	 9.569676E-04	 1.036617E-13	 8.977021E-14	 3.918893E-04	 5.576074E-13	 2.047872E-13	 8.736435E-05	 3.473607E-13	 7.911053E-14	 3.592888E-05	-2.825151E-13	 3.985286E-13	 4.520505E-05	-2.960994E-13
0.44488	 8.294537E+00	 9.759840E-13	-4.144224E-12	-2.063420E+00	 1.007523E-12	-1.331992E-12	-3.520360E+00	-7.714561E-13	-2.966157E-13	-1.143574E+00	 1.699436E-12	-1.550240E-13	-3.237249E-01	-1.211947E-12	 4.115178E-13	-1.038828E-01	 3.794518E-13	-4.437314E-13	-3.584761E-02	 8.012543E-13	 4.075157E-13	-1.243099E-02	 1.149589E-12	 6.051299E-13	-2.365794E-04	 4.076318E-13	 2.382852E-13	 8.837800E-03	 6.827181E-16	 9.683384E-13	 1.162492E-02	-2.571538E-13	 4.504370E-13	 9.067105E-03	-5.359748E-13	-2.223090E-13	 5.649986E-03	 3.286036E-13	-6.205840E-13	 3.323242E-03	 5.050793E-13	-4.783415E-13	 1.993082E-03	 2.531892E-13	 2.713794E-13	 1.114460E-03	-6.372960E-13	-6.643556E-14	 4.441866E-04	 2.474225E-13	 1.320597E-15	 8.428017E-05	-5.768320E-13	 5.650378E-13	 5.881179E-06	-1.345609E-13	-2.826093E-13	 1.367633E-05	-5.586225E-13
0.45644	 8.339656E+00	-5.927485E-13	-7.871079E-13	-2.110194E+00	-1.549209E-12	-1.087550E-12	-3.547158E+00	-5.352688E-13	-1.941976E-12	-1.132380E+00	 2.737492E-12	-1.234662E-12	-3.158262E-01	 1.811887E-12	-1.303022E-12	-1.034464E-01	 1.317118E-12	-2.811813E-13	-3.774441E-02	 1.252728E-12	-3.538319E-13	-1.306590E-02	 9.900908E-13	 1.109518E-12	-2.064404E-06	 1.399529E-13	 3.908203E-13	 8.805852E-03	-7.220998E-13	 2.175100E-13	 1.153144E-02	 1.775475E-13	 6.780263E-13	 9.435652E-03	 2.761599E-13	-8.703350E-15	 6.309819E-03	 2.596961E-13	-3.780025E-13	 3.909984E-03	 2.589184E-13	-1.331515E-13	 2.356285E-03	-6.867219E-13	 5.251226E-13	 1.298327E-03	-9.989796E-14	-1.820333E-13	 5.211234E-04	-6.792495E-13	 1.438788E-13	 1.015343E-04	 6.591807E-14	-1.678018E-13	-1.158226E-05	-2.514405E-13	 5.462629E-13	-1.570752E-05	-1.207935E-13
0.46771	 8.385274E+00	 1.496883E-12	-7.129999E-12	-2.148854E+00	 1.342600E-11	 6.874455E-13	-3.574324E+00	 1.507965E-12	-1.300456E-12	-1.125903E+00	-2.239964E-12	-2.376293E-12	-3.101840E-01	 4.746303E-13	-1.924802E-12	-1.033580E-01	-6.804101E-13	-1.233891E-12	-3.958433E-02	-1.202347E-12	-6.278752E-13	-1.384031E-02	 2.371092E-13	-5.256846E-13	 3.904239E-05	 3.976890E-13	-8.117739E-13	 8.721084E-03	-4.928690E-13	-3.282249E-13	 1.144770E-02	 1.645554E-12	 3.341418E-16	 9.791709E-03	 6.807992E-13	-3.678858E-13	 6.951174E-03	 3.652655E-13	 6.310274E-13	 4.503429E-03	-2.938378E-13	 2.696543E-13	 2.742269E-03	-8.237474E-13	 3.935939E-13	 1.506719E-03	-1.162820E-13	-6.836701E-14	 6.200168E-04	 7.087154E-13	-5.362783E-13	 1.373438E-04	-1.116344E-13	 1.329722E-13	-1.609363E-05	 3.949099E-13	 1.486240E-13	-4.054130E-05	-2.607363E-13
0.47871	 8.431568E+00	 1.033872E-12	 1.569316E-11	-2.179682E+00	-1.625652E-11	 2.510509E-12	-3.601467E+00	-4.051318E-12	 2.831040E-12	-1.124247E+00	-2.982544E-12	 2.000222E-12	-3.069193E-01	-1.820645E-12	 2.176921E-12	-1.037227E-01	-1.655773E-12	 1.798675E-12	-4.142443E-02	-9.068160E-13	 3.483911E-13	-1.476649E-02	 7.783843E-13	-1.061839E-12	-1.235643E-04	 1.121735E-12	-7.753094E-13	 8.556927E-03	-1.858449E-14	-8.513187E-13	 1.135566E-02	 2.175248E-13	-1.436156E-13	 1.013837E-02	 6.203278E-13	-5.366634E-13	 7.584225E-03	-5.653744E-13	-8.602585E-14	 5.109500E-03	-2.090895E-13	 3.328338E-13	 3.153700E-03	-2.378921E-13	-7.730653E-14	 1.740973E-03	-1.460547E-13	 1.201086E-13	 7.404190E-04	 3.820049E-13	 3.510083E-13	 1.901811E-04	 6.995947E-13	 4.499318E-13	-8.420625E-06	-7.842339E-13	-9.874321E-14	-5.975926E-05	 2.111248E-13
0.48947	 8.478410E+00	-1.318669E-12	-3.753809E-12	-2.203749E+00	-2.814623E-13	-1.671302E-12	-3.628490E+00	-7.844888E-13	 7.345868E-13	-1.126898E+00	-1.656711E-13	 1.576863E-12	-3.057084E-01	 9.956099E-13	 1.617912E-12	-1.044392E-01	 1.678709E-12	 1.249025E-12	-4.323428E-02	 1.053536E-12	 4.980737E-13	-1.581753E-02	 1.308154E-12	 4.109726E-13	-4.805371E-04	 1.000273E-13	-3.111453E-13	 8.298248E-03	-1.511995E-13	 4.921531E-13	 1.124005E-02	-1.299365E-12	 2.507424E-13	 1.047313E-02	-1.538874E-13	-1.041115E-12	 8.211186E-03	 3.071448E-13	-1.365218E-12	 5.729247E-03	 2.388276E-13	-4.971972E-13	 3.591143E-03	 5.640728E-13	-6.685327E-13	 2.002080E-03	 9.700773E-13	 4.461134E-13	 8.826372E-04	-5.105174E-13	 7.975167E-13	 2.593762E-04	-4.197128E-13	-4.472580E-13	 1.090858E-05	-5.140999E-13	 5.853784E-13	-7.268858E-05	 2.122476E-13
0.50000	 8.525551E+00	-1.434217E-12	 3.033436E-13	-2.222568E+00	-1.047875E-12	-1.588031E-12	-3.655550E+00	 7.988446E-13	-1.301511E-12	-1.132952E+00	 9.811650E-13	-6.991180E-13	-3.059698E-01	 2.490208E-12	-6.043305E-13	-1.052951E-01	 2.481773E-12	-9.727489E-14	-4.493339E-02	 5.112388E-13	 5.839205E-13	-1.694082E-02	 7.687074E-14	 1.037618E-13	-1.007968E-03	-3.778422E-13	 6.285456E-13	 7.940645E-03	-8.886271E-13	 1.475039E-12	 1.109125E-02	-1.070745E-12	-1.983030E-13	 1.079132E-02	-3.038642E-13	-1.439129E-13	 8.827311E-03	-2.176790E-13	 9.452620E-14	 6.357896E-03	-7.607531E-14	-5.542746E-13	 4.052776E-03	 1.212813E-12	 1.851609E-13	 2.291472E-03	-1.330305E-13	 1.404778E-14	 1.048309E-03	-2.260755E-13	-9.088780E-14	 3.449548E-04	 4.490645E-14	-3.549182E-13	 4.113122E-05	-6.078371E-14	-6.600050E-13	-7.934423E-05	 4.980187E-14
0.51031	 8.573034E+00	-9.439494E-13	-6.663741E-12	-2.237115E+00	 5.798591E-12	-1.203967E-12	-3.682667E+00	 9.459825E-13	 1.261041E-13	-1.141635E+00	 2.000674E-13	 7.964602E-13	-3.074600E-01	-8.115346E-14	-4.281339E-13	-1.063383E-01	 2.337641E-13	-1.400826E-12	-4.657620E-02	 2.249745E-14	-9.353366E-13	-1.814228E-02	 9.765122E-13	-8.336224E-14	-1.703794E-03	 1.077497E-13	-3.602540E-13	 7.475500E-03	-4.756656E-13	 6.836689E-13	 1.090138E-02	 1.105248E-13	 6.508665E-13	 1.108989E-02	-4.122131E-13	 1.578791E-12	 9.429035E-03	-5.177079E-13	 7.842278E-13	 6.992610E-03	-1.062326E-12	 9.674542E-13	 4.538600E-03	-2.210686E-13	 5.534709E-13	 2.612380E-03	 8.048598E-13	 5.039737E-13	 1.240922E-03	-1.664751E-14	-3.217798E-13	 4.483539E-04	-6.296227E-13	 3.850739E-14	 8.204499E-05	 8.683510E-13	-7.634158E-13	-7.994622E-05	 1.859303E-13
0.52042	 8.621019E+00	 8.105795E-13	 5.544672E-12	-2.248062E+00	-5.098273E-12	 3.846692E-12	-3.709778E+00	-2.489654E-12	 2.922851E-12	-1.152232E+00	-2.881094E-12	 2.134119E-12	-3.101049E-01	-1.690678E-12	-4.079878E-13	-1.077533E-01	-8.293308E-13	-1.940647E-12	-4.829638E-02	-6.366458E-13	-1.931620E-12	-1.946861E-02	 1.026119E-12	-6.788822E-13	-2.583722E-03	 3.350822E-13	-1.078488E-12	 6.888622E-03	 6.171200E-13	-7.350690E-14	 1.066089E-02	 6.115391E-13	-8.202549E-13	 1.136529E-02	 5.363216E-13	-6.603453E-13	 1.001421E-02	 8.482104E-13	 3.445334E-13	 7.633567E-03	-2.634364E-13	 1.065777E-13	 5.050387E-03	 4.875891E-14	 3.384058E-13	 2.967950E-03	-4.612754E-14	 6.735316E-13	 1.463741E-03	-1.769219E-13	-2.130707E-14	 5.717344E-04	-9.994710E-14	-7.764805E-14	 1.347146E-04	-3.024198E-13	 1.316113E-14	-7.375567E-05	 7.479992E-13
0.53033	 8.669146E+00	 9.699068E-13	 3.800492E-12	-2.257065E+00	-5.113795E-13	-1.014727E-12	-3.737309E+00	 3.404099E-12	-2.972528E-12	-1.163539E+00	 1.606831E-12	-2.197959E-12	-3.131326E-01	 1.120767E-12	 3.294417E-13	-1.092576E-01	 2.488988E-13	 3.273951E-13	-4.999825E-02	-2.031598E-12	 3.742216E-13	-2.086699E-02	-2.909196E-13	 1.185937E-12	-3.619298E-03	-9.191467E-13	-5.541693E-13	 6.184892E-03	-1.874167E-13	-3.591238E-13	 1.036392E-02	-3.097470E-13	-1.463662E-12	 1.160929E-02	 9.576308E-13	-1.959633E-12	 1.057311E-02	 4.867052E-13	-1.985251E-13	 8.273583E-03	 5.029676E-13	 6.827611E-14	 5.583449E-03	-2.975650E-13	-3.609598E-13	 3.355879E-03	 1.416632E-13	-1.880107E-13	 1.716416E-03	 7.419729E-14	 5.103365E-13	 7.157496E-04	-3.032705E-14	-1.896844E-13	 2.000980E-04	 1.319713E-13	 3.367167E-13	-5.966684E-05	-6.201353E-13
0.54006	 8.716595E+00	-1.316750E-12	-2.999163E-12	-2.266403E+00	 2.016890E-12	-3.916931E-12	-3.765944E+00	 4.179217E-12	-6.213918E-12	-1.174105E+00	 6.756667E-12	-5.354257E-12	-3.153087E-01	 5.767410E-12	-1.385560E-12	-1.102245E-01	 2.027911E-12	 2.459843E-13	-5.140265E-02	 7.583422E-14	 1.168561E-12	-2.219672E-02	-5.024086E-13	 1.927042E-12	-4.737753E-03	-8.086336E-13	 1.131879E-12	 5.391022E-03	-6.749388E-13	 5.523039E-13	 1.001190E-02	-1.542284E-12	 2.011306E-13	 1.181241E-02	-8.582009E-13	-2.875069E-13	 1.109028E-02	-2.635322E-13	 9.041853E-13	 8.897941E-03	-7.404017E-13	 2.620802E-14	 6.126250E-03	-4.249436E-13	-5.790592E-13	 3.769475E-03	 3.384341E-13	-6.965162E-13	 1.996526E-03	 1.171577E-12	-1.831091E-13	 8.799748E-04	 4.491683E-13	 2.233658E-13	 2.780765E-04	 3.230162E-13	-3.255002E-13	-3.775648E-05	 1.664745E-13
0.54962	 8.763212E+00	-3.105836E-13	-2.179286E-11	-2.276516E+00	 1.689497E-11	-4.723066E-12	-3.795785E+00	 1.454982E-12	 2.174111E-12	-1.183669E+00	 3.880284E-12	 1.568785E-12	-3.164115E-01	 1.371816E-12	-9.341831E-13	-1.105469E-01	 7.932428E-14	 1.584729E-13	-5.245580E-02	 4.807643E-13	 6.491540E-13	-2.341000E-02	-6.259140E-14	-8.957273E-13	-5.901669E-03	-2.506051E-13	 2.344238E-13	 4.521300E-03	-6.974891E-13	-2.436176E-13	 9.603021E-03	-8.724910E-14	 5.374990E-13	 1.196881E-02	-1.444807E-13	 1.048684E-12	 1.155833E-02	 9.417947E-14	 6.967410E-14	 9.499901E-03	 3.854307E-13	-9.059401E-13	 6.673077E-03	 7.300047E-13	-6.933068E-13	 4.206269E-03	 6.483217E-13	-4.000789E-13	 2.304670E-03	 3.194758E-13	-3.203419E-13	 1.065823E-03	 8.345867E-13	 1.520769E-13	 3.691503E-04	-1.724835E-13	 4.497426E-13	-8.503073E-06	-4.621538E-13
0.55902	 8.809632E+00	 2.245169E-12	 1.928317E-11	-2.285975E+00	-1.530783E-11	 7.868944E-12	-3.826319E+00	-5.871555E-12	 5.839008E-12	-1.193122E+00	-5.329087E-12	 4.214705E-12	-3.173232E-01	-5.324536E-12	 1.688436E-12	-1.107265E-01	-2.477722E-12	-3.092882E-13	-5.337999E-02	-1.344128E-12	-5.598245E-13	-2.457915E-02	-9.835949E-13	-1.639974E-12	-7.124304E-03	 2.756553E-13	-1.501041E-12	 3.568327E-03	-5.011531E-13	-5.051272E-13	 9.125459E-03	-8.035988E-15	-9.871919E-13	 1.207294E-02	 9.390988E-13	 1.275943E-13	 1.198023E-02	 1.247924E-12	-1.519412E-13	 1.008667E-02	 1.542557E-12	-7.126876E-13	 7.228548E-03	 4.467181E-13	-4.223110E-13	 4.668554E-03	-9.570460E-14	-2.794009E-13	 2.643348E-03	-6.062463E-14	-2.612221E-13	 1.276671E-03	-9.492705E-13	 2.739637E-13	 4.763647E-04	-5.424823E-13	-9.629119E-14	 2.965003E-05	-8.749718E-13
0.56826	 8.856635E+00	 2.639306E-12	 1.283336E-11	-2.293124E+00	-2.818632E-12	 4.707292E-12	-3.857038E+00	 1.912673E-13	-2.539988E-12	-1.203558E+00	-4.684625E-12	-2.900058E-12	-3.190457E-01	-2.751389E-12	-4.843859E-13	-1.113017E-01	-1.121283E-12	-4.276837E-13	-5.440767E-02	-1.815808E-12	 7.191708E-13	-2.578254E-02	-1.943313E-12	 1.142891E-12	-8.422465E-03	-1.200212E-12	 4.137210E-13	 2.521516E-03	-4.069165E-13	 1.410880E-12	 8.562381E-03	-9.933956E-13	-1.568507E-13	 1.211553E-02	 7.571979E-13	-6.385425E-14	 1.236000E-02	 4.685504E-13	 3.826986E-13	 1.066958E-02	 4.244694E-13	 2.420962E-13	 7.800307E-03	 1.119338E-13	-4.556202E-13	 5.158646E-03	-6.918578E-14	 6.600413E-13	 3.013511E-03	-1.319563E-12	 6.510833E-13	 1.515158E-03	-5.007441E-13	-4.932345E-13	 6.036840E-04	-3.460475E-13	-5.881885E-13	 8.002208E-05	-6.088807E-13
0.57735	 8.904456E+00	-1.779013E-12	-2.639513E-12	-2.297466E+00	-1.142258E-12	-3.352983E-12	-3.887779E+00	 2.424692E-12	-1.459181E-12	-1.215403E+00	 2.945033E-12	-1.040344E-12	-3.218906E-01	 2.244784E-12	 4.695804E-13	-1.124095E-01	 9.137470E-13	 1.338530E-12	-5.558831E-02	 1.387045E-13	 5.668071E-13	-2.702341E-02	-1.400890E-12	 1.626759E-12	-9.782341E-03	-1.382596E-12	 5.995038E-13	 1.382919E-03	-2.563611E-13	 1.510107E-12	 7.900236E-03	-1.223466E-12	 2.959366E-14	 1.208439E-02	 1.506691E-13	-5.044024E-13	 1.269555E-02	-6.783484E-13	 9.364072E-13	 1.125348E-02	-6.872339E-13	 3.275173E-13	 8.390750E-03	-6.080890E-14	 1.205105E-12	 5.675145E-03	-3.558954E-13	 5.590917E-14	 3.413170E-03	 4.940962E-13	 1.314326E-13	 1.781572E-03	-1.459481E-13	 2.499989E-13	 7.537466E-04	-5.206120E-13	-6.964947E-13	 1.458293E-04	 4.530748E-13
0.58630	 8.952779E+00	-3.308471E-13	-1.929964E-11	-2.299823E+00	 1.421794E-11	-7.421632E-12	-3.918839E+00	 4.953270E-12	 5.937946E-13	-1.228275E+00	 4.747622E-12	 1.236659E-12	-3.253818E-01	 1.584321E-12	 1.771296E-13	-1.137522E-01	 1.055721E-12	 9.189158E-13	-5.677723E-02	 3.164255E-13	-1.097587E-12	-2.822287E-02	 1.297232E-13	-1.335727E-12	-1.115426E-02	 6.191451E-16	-1.797645E-12	 1.731065E-04	 8.100629E-13	-4.092420E-13	 7.135912E-03	-5.578289E-13	-8.260618E-13	 1.196891E-02	 4.207976E-13	 4.205801E-13	 1.297799E-02	 1.622142E-13	 1.006443E-12	 1.183301E-02	-1.327149E-12	 1.432546E-12	 8.993958E-03	-2.949680E-13	 4.395242E-13	 6.212235E-03	 1.362703E-13	 3.316873E-13	 3.837948E-03	-3.146369E-13	-1.687367E-13	 2.073784E-03	 3.441943E-13	-6.287136E-13	 9.266067E-04	 1.490377E-13	 1.084759E-12	 2.284757E-04	-1.362211E-13
0.59512	 9.001251E+00	-3.277603E-12	 1.022948E-11	-2.301286E+00	-1.479947E-11	-1.477226E-15	-3.950569E+00	-1.195474E-12	 6.382164E-13	-1.241491E+00	 1.757245E-12	-3.144195E-13	-3.289338E-01	 2.858452E-12	 4.072384E-13	-1.150378E-01	-1.640950E-13	-3.007209E-13	-5.784800E-02	-3.347487E-13	-5.648587E-13	-2.931262E-02	 7.255773E-13	 3.115307E-13	-1.249406E-02	 1.514368E-12	-1.540685E-12	-1.086076E-03	 1.061041E-12	 5.024412E-15	 6.272858E-03	 1.513237E-12	 4.614167E-13	 1.176317E-02	 2.703164E-13	-8.219268E-13	 1.319779E-02	 9.881409E-13	 7.585099E-13	 1.239977E-02	 9.649942E-14	 3.539514E-13	 9.602031E-03	-1.191658E-13	-7.692258E-13	 6.764840E-03	-6.310280E-13	 8.023642E-14	 4.285135E-03	 4.402945E-13	-3.186921E-13	 2.390063E-03	-3.535282E-13	 9.536266E-13	 1.121191E-03	 1.305843E-13	 2.718158E-14	 3.277905E-04	 4.596520E-13
0.60381	 9.049879E+00	-3.239545E-12	-1.423488E-11	-2.302346E+00	 1.107476E-11	-2.223633E-12	-3.983096E+00	-1.520222E-12	 2.685861E-12	-1.254559E+00	-3.293135E-12	 3.717201E-12	-3.323831E-01	-7.209638E-13	 2.566745E-12	-1.162874E-01	-1.712995E-12	 1.232644E-12	-5.883145E-02	-2.536904E-13	 8.072676E-13	-3.029549E-02	 6.682197E-13	 1.325369E-12	-1.379170E-02	 1.935751E-12	-3.491721E-14	-2.386257E-03	 2.448390E-12	-2.748040E-13	 5.313538E-03	 1.025865E-12	 4.966803E-13	 1.146408E-02	 9.965116E-13	-9.961934E-13	 1.334827E-02	 9.973599E-13	-8.878222E-13	 1.294884E-02	-7.128737E-13	-1.058281E-12	 1.021121E-02	-9.803745E-15	-9.013181E-13	 7.332426E-03	 3.808289E-13	-1.110340E-12	 4.755958E-03	-2.121156E-13	 5.114851E-13	 2.731175E-03	 1.593813E-13	 1.178710E-13	 1.337458E-03	 4.312395E-14	 6.868678E-13	 4.436671E-04	-6.731410E-13
0.61237	 9.099000E+00	 3.368038E-12	 2.753855E-11	-2.302782E+00	-1.754207E-11	 1.052843E-11	-4.016405E+00	-3.304158E-12	 3.165345E-12	-1.267450E+00	-8.802439E-12	 1.860785E-12	-3.359540E-01	-6.501170E-12	 1.037176E-12	-1.177181E-01	-3.053442E-12	 1.105653E-13	-5.983803E-02	-2.360886E-12	 6.757803E-13	-3.120900E-02	-1.602567E-12	-3.892771E-13	-1.505651E-02	-1.073639E-13	-1.039909E-12	-3.729367E-03	-3.784795E-13	-1.311946E-12	 4.256387E-03	 6.680539E-13	-8.853536E-13	 1.106745E-02	-2.334976E-13	-7.338037E-13	 1.342338E-02	-4.911866E-13	-7.068684E-13	 1.347797E-02	-2.067521E-13	-2.540645E-13	 1.082106E-02	-4.537738E-13	-8.510660E-13	 7.917249E-03	 4.785249E-13	-3.388855E-13	 5.253605E-03	 1.194953E-12	-1.697367E-14	 3.099275E-03	 3.396558E-13	 4.859908E-13	 1.576420E-03	 2.192056E-13	-9.176026E-13	 5.766593E-04	 3.599432E-13
0.62082	 9.148525E+00	 2.066035E-12	-2.429744E-11	-2.303077E+00	 2.719744E-11	-4.012905E-12	-4.050725E+00	 5.937712E-12	-5.039093E-12	-1.279843E+00	 4.308353E-12	-3.532220E-12	-3.394391E-01	 1.507082E-12	-2.010391E-12	-1.192275E-01	 1.997096E-12	 4.558235E-13	-6.079177E-02	-1.060834E-12	-8.539043E-13	-3.199569E-02	-5.776704E-13	-2.459333E-13	-1.625321E-02	-2.258424E-13	-2.035538E-13	-5.096465E-03	-1.243082E-12	-3.974089E-13	 3.108296E-03	-4.790310E-13	-9.622793E-14	 1.056932E-02	-1.262865E-12	 1.157519E-14	 1.341297E-02	-1.382389E-14	 6.082057E-14	 1.397962E-02	 7.391905E-14	 7.605657E-14	 1.142549E-02	-2.763377E-13	 5.342289E-13	 8.516077E-03	 9.028266E-13	-1.522925E-13	 5.776788E-03	-5.628865E-13	-1.216976E-14	 3.493506E-03	 4.270916E-13	-1.079828E-12	 1.837341E-03	 1.691710E-13	 1.930719E-13	 7.263067E-04	 3.907094E-13
0.62915	 9.198459E+00	-3.784190E-12	 7.517366E-12	-2.303940E+00	-1.699081E-11	-3.065232E-12	-4.086657E+00	-1.852796E-12	-1.885499E-12	-1.291410E+00	 4.190090E-12	 5.201826E-13	-3.425349E-01	 4.167073E-12	 3.762400E-13	-1.205848E-01	 2.897785E-12	 5.730778E-13	-6.148805E-02	 2.179248E-12	 7.428267E-14	-3.250696E-02	 8.481336E-13	-1.160529E-13	-1.729662E-02	 1.890587E-12	 6.210124E-13	-6.443433E-03	 9.317827E-14	 2.043159E-12	 1.888065E-03	-1.626997E-12	 1.446386E-12	 9.969006E-03	-8.732102E-13	 1.369009E-12	 1.330493E-02	-8.482202E-13	 1.372857E-12	 1.444172E-02	 7.371930E-13	 5.352166E-14	 1.201392E-02	 5.114851E-13	 3.447017E-13	 9.122321E-03	-7.253027E-13	-4.288071E-13	 6.321883E-03	-6.037648E-14	-3.340896E-13	 3.911040E-03	-6.545869E-13	-9.897416E-14	 2.117542E-03	-5.514194E-13	-1.589514E-13	 8.902627E-04	-1.319889E-12
0.63738	 9.250211E+00	 1.947236E-14	-7.512309E-12	-2.303365E+00	 8.450464E-12	-2.530977E-12	-4.123794E+00	 2.338246E-12	-1.658611E-12	-1.303188E+00	-9.094013E-13	-2.413530E-12	-3.468084E-01	-3.912174E-13	-1.295260E-12	-1.227173E-01	 7.243310E-13	-5.295933E-13	-6.221249E-02	 2.600257E-12	 9.236423E-13	-3.277628E-02	-9.072491E-13	 7.700095E-13	-1.818220E-02	-5.525023E-13	 1.429472E-12	-7.772003E-03	-1.261427E-12	 2.335504E-12	 5.879164E-04	-1.955415E-12	 1.898054E-12	 9.255307E-03	-3.412104E-13	 5.122867E-13	 1.309088E-02	-2.086562E-13	 4.998375E-13	 1.486571E-02	 9.881636E-13	 4.922640E-13	 1.259402E-02	 4.899373E-13	-2.169754E-13	 9.747998E-03	 2.279173E-13	 4.002927E-13	 6.901111E-03	 1.779784E-13	-3.605071E-13	 4.361021E-03	-6.709174E-13	 7.194835E-13	 2.422478E-03	-9.005736E-13	 2.339828E-13	 1.070764E-03	-1.760805E-13
0.64550	 9.307685E+00	 4.532331E-12	 1.508178E-11	-2.295147E+00	-6.669023E-12	 3.209653E-12	-4.160628E+00	-4.592392E-13	-3.669668E-12	-1.318367E+00	-1.421598E-12	-3.500331E-12	-3.565481E-01	-2.694103E-12	-1.913150E-12	-1.282497E-01	-5.361889E-13	-2.039616E-14	-6.401965E-02	-1.404920E-12	 1.292227E-12	-3.315570E-02	-2.846034E-12	 2.330451E-12	-1.905538E-02	-3.164871E-12	 3.293078E-13	-9.171206E-03	-1.468033E-12	 6.200947E-13	-8.566440E-04	-2.465924E-13	-5.799836E-13	 8.386134E-03	 9.138502E-13	-7.393146E-13	 1.275903E-02	 1.415237E-12	-5.593215E-13	 1.527116E-02	 5.008110E-13	 1.622430E-14	 1.320176E-02	-7.565327E-13	-1.644789E-13	 1.043374E-02	 4.265713E-14	 3.654381E-13	 7.550783E-03	-4.046095E-13	 1.089671E-12	 4.872043E-03	-1.319129E-13	 9.686126E-13	 2.773145E-03	 4.717462E-13	 7.433617E-13	 1.281372E-03	 6.814300E-13
0.65352	 9.374541E+00	 7.014915E-12	 4.871468E-12	-2.273533E+00	 2.017329E-12	 1.455459E-12	-4.195598E+00	 2.090356E-12	-1.115432E-12	-1.339756E+00	 1.717827E-12	-1.938852E-13	-3.758955E-01	-3.595289E-12	-1.141231E-12	-1.397699E-01	-2.164502E-12	-1.413787E-12	-6.794212E-02	-1.238885E-12	-1.701413E-12	-3.397835E-02	-4.534065E-13	-2.270399E-12	-2.004718E-02	-4.963787E-14	-2.314453E-12	-1.072571E-02	 2.215595E-12	-3.011753E-12	-2.521002E-03	 1.585790E-12	-8.872294E-13	 7.298303E-03	 5.440289E-13	-1.176475E-12	 1.227854E-02	 1.666581E-13	-3.458712E-13	 1.566757E-02	-1.095658E-12	-7.621504E-14	 1.387051E-02	-6.313106E-13	 2.367935E-13	 1.122010E-02	-1.069068E-12	 5.223558E-13	 8.307910E-03	-2.682655E-14	 2.512961E-13	 5.475595E-03	 4.953499E-13	 3.008965E-13	 3.196151E-03	 3.385047E-13	 3.804426E-13	 1.542325E-03	 4.792472E-13
0.66144	 9.453990E+00	 1.923078E-12	-1.620071E-11	-2.235331E+00	 1.355172E-11	-1.871109E-12	-4.229069E+00	-1.007379E-12	 5.071740E-12	-1.368920E+00	 7.745677E-13	 2.765625E-12	-4.072424E-01	-5.230425E-14	 9.313306E-13	-1.587839E-01	-4.032060E-14	-2.377766E-12	-7.451878E-02	 2.000322E-12	-1.982851E-12	-3.535842E-02	 2.709475E-12	-1.655692E-12	-2.116862E-02	 2.360025E-12	-2.648668E-12	-1.244455E-02	 1.434935E-12	-5.603153E-13	-4.440735E-03	-1.452104E-13	-1.612056E-12	 5.934840E-03	-4.198320E-13	-1.012173E-13	 1.160062E-02	-1.399248E-12	-6.145378E-13	 1.603576E-02	-7.847609E-13	-1.403561E-13	 1.460530E-02	 1.101943E-12	-6.633391E-14	 1.212580E-02	 2.554932E-13	-3.668650E-13	 9.194211E-03	 4.997300E-13	-8.839697E-13	 6.193045E-03	 1.215043E-12	-7.477756E-13	 3.712179E-03	-3.557701E-13	-9.502225E-13	 1.871438E-03	-3.180711E-13
0.66927	 9.549091E+00	-7.335190E-12	 1.198826E-11	-2.176099E+00	-2.201554E-11	 1.136413E-12	-4.259817E+00	-6.975753E-12	 3.673296E-12	-1.407525E+00	-3.464438E-12	 4.200536E-12	-4.536894E-01	 2.014380E-12	 2.249656E-12	-1.875095E-01	 3.089304E-12	 1.120114E-12	-8.483306E-02	 3.827370E-12	 1.914381E-12	-3.775497E-02	 2.393348E-12	 2.707563E-12	-2.261446E-02	 4.028927E-13	 1.164977E-12	-1.442689E-02	 6.530814E-13	 8.143564E-13	-6.698641E-03	-6.837819E-13	 8.301753E-13	 4.209272E-03	-7.292780E-13	-1.365711E-12	 1.065659E-02	 2.143673E-13	 7.636903E-13	 1.634557E-02	-7.833519E-13	-1.799513E-14	 1.541153E-02	-3.488619E-13	-1.834875E-13	 1.318223E-02	 2.928421E-13	-6.912983E-13	 1.025081E-02	-1.209360E-13	-5.370064E-13	 7.065318E-03	-1.091360E-12	-4.560698E-13	 4.357791E-03	 6.034134E-13	-4.862089E-13	 2.297835E-03	-1.383705E-12
0.67700	 9.661857E+00	-5.106910E-12	 1.658169E-12	-2.094520E+00	-4.291717E-12	 1.968641E-12	-4.288776E+00	-9.620741E-13	-5.862193E-13	-1.455942E+00	-3.290474E-12	 5.784769E-13	-5.159016E-01	 8.075667E-14	 1.121934E-12	-2.265876E-01	 3.689250E-12	 6.834828E-13	-9.931840E-02	 1.204446E-14	 5.673366E-13	-4.139249E-02	-1.041776E-12	 1.463290E-12	-2.445466E-02	 9.485696E-14	-3.273976E-14	-1.667644E-02	 3.224272E-13	 2.751609E-13	-9.312263E-03	 1.312849E-12	 6.696951E-13	 2.061464E-03	 1.095601E-12	 1.440956E-13	 9.367391E-03	 1.379177E-12	 7.538460E-15	 1.653210E-02	 9.599022E-14	 8.122748E-13	 1.625126E-02	-5.587631E-13	-4.826918E-13	 1.438222E-02	-3.215206E-13	-3.022135E-13	 1.149013E-02	-8.795018E-13	 7.838998E-13	 8.114034E-03	-9.442700E-13	 2.341996E-13	 5.157585E-03	-1.080110E-12	 1.209985E-12	 2.844293E-03	-7.818181E-14
0.68465	 9.792396E+00	 1.768204E-12	-1.400547E-11	-1.991135E+00	 1.615149E-11	-4.593699E-12	-4.316543E+00	 7.726509E-12	-2.003860E-12	-1.513442E+00	 3.466773E-12	 4.369273E-13	-5.931589E-01	-1.247321E-12	 1.818125E-12	-2.758793E-01	-1.097528E-12	 2.196455E-12	-1.181928E-01	-3.080732E-12	 4.227735E-13	-4.648816E-02	-4.396218E-12	-3.165134E-15	-2.676353E-02	-1.923218E-12	 1.287238E-12	-1.917756E-02	-2.079143E-12	-4.945078E-13	-1.227292E-02	-2.131837E-13	 2.044199E-13	-5.530273E-04	 1.730339E-13	 7.197838E-13	 7.650251E-03	 6.131361E-13	-1.157927E-12	 1.650887E-02	 8.836755E-13	-9.052706E-13	 1.705853E-02	 3.084596E-13	-9.910321E-13	 1.569632E-02	-4.084785E-13	-1.083032E-12	 1.291175E-02	-2.016681E-13	-2.956436E-13	 9.354899E-03	 1.004045E-12	-4.321547E-13	 6.133495E-03	 3.474583E-14	 1.010581E-12	 3.532226E-03	 3.083441E-13
0.69222	 9.940582E+00	 6.602938E-12	 8.530445E-12	-1.867503E+00	-7.300141E-12	 2.410282E-12	-4.344508E+00	-4.499276E-12	-1.733480E-12	-1.578842E+00	 5.635407E-12	-4.490431E-12	-6.839117E-01	 2.745613E-12	-3.088070E-12	-3.347346E-01	-2.786283E-12	-1.296391E-12	-1.414914E-01	-1.682913E-12	-1.326840E-12	-5.321073E-02	-1.203918E-13	-9.911918E-13	-2.958589E-02	-1.770918E-12	 9.654610E-14	-2.187559E-02	-5.494164E-13	 1.188737E-12	-1.552995E-02	-1.946402E-12	 7.860133E-13	-3.647514E-03	-2.309448E-12	 7.006788E-13	 5.432774E-03	-3.493962E-13	 4.460541E-13	 1.617758E-02	-7.731249E-13	-3.768770E-13	 1.774296E-02	-7.702460E-14	 1.345406E-13	 1.707139E-02	 1.405182E-12	 1.922329E-13	 1.449850E-02	 2.052333E-12	-9.191326E-13	 1.079338E-02	 1.345196E-12	 1.507015E-12	 7.301223E-03	 4.060339E-13	-1.679689E-13	 4.379096E-03	 8.949571E-13
0.69970	 1.010663E+01	 2.309166E-12	-1.209636E-11	-1.724137E+00	 1.688931E-11	-1.811352E-12	-4.373060E+00	 9.603451E-13	-2.074261E-12	-1.651032E+00	 2.229281E-12	-3.963103E-12	-7.873943E-01	 2.244332E-12	-2.845558E-12	-4.031954E-01	-2.366816E-12	-2.991504E-12	-1.696713E-01	-2.527799E-12	-2.867553E-12	-6.196163E-02	 1.789705E-12	-1.385190E-12	-3.308702E-02	 1.338441E-12	-1.399545E-12	-2.476863E-02	 1.527453E-12	 9.474696E-13	-1.904751E-02	-3.108090E-13	 1.173045E-12	-7.234260E-03	-6.740003E-13	-1.197518E-13	 2.645358E-03	-6.429257E-13	 1.652803E-12	 1.543790E-02	 3.394242E-13	 1.020775E-12	 1.820879E-02	 8.038058E-13	 1.175225E-12	 1.845112E-02	 1.237560E-12	 6.324948E-13	 1.623503E-02	 1.213948E-12	 1.143119E-12	 1.244143E-02	 1.122588E-12	-1.046890E-13	 8.685225E-03	 3.156971E-13	-4.628276E-13	 5.410528E-03	-2.756480E-13
0.70711	 1.029125E+01	-4.108218E-12	 1.042567E-11	-1.560902E+00	-3.249888E-12	 6.450665E-12	-4.402457E+00	 1.166716E-12	 1.739519E-12	-1.729121E+00	-6.050327E-12	 7.027717E-12	-9.032246E-01	-3.664620E-12	 5.808044E-12	-4.815933E-01	-2.300962E-12	 2.465530E-12	-2.033633E-01	-3.533490E-12	 1.860340E-12	-7.324718E-02	-5.014472E-12	 6.942435E-13	-3.749172E-02	-2.294243E-12	 3.631077E-13	-2.787741E-02	-1.423734E-12	-1.872423E-13	-2.278821E-02	-1.574297E-12	-1.387670E-12	-1.131569E-02	 6.609178E-13	-1.020752E-12	-7.756734E-04	-1.002610E-14	-5.273562E-13	 1.418511E-02	 3.536701E-13	 5.297874E-13	 1.834755E-02	-1.128695E-12	 3.890744E-13	 1.976434E-02	-4.584856E-13	 1.254917E-13	 1.809419E-02	-4.270664E-13	 2.589783E-14	 1.430570E-02	-2.212331E-12	-2.509282E-13	 1.031108E-02	-3.863158E-13	-5.939616E-15	 6.656874E-03	-3.348777E-13
0.71443	 1.049425E+01	-3.451901E-12	 2.120839E-11	-1.379627E+00	-2.073206E-11	 1.142609E-11	-4.433684E+00	-8.113154E-12	 5.033363E-12	-1.811240E+00	-5.510818E-12	 3.866381E-12	-1.029917E+00	-1.809569E-12	 1.169442E-12	-5.695141E-01	 2.430673E-12	 7.277412E-15	-2.427820E-01	 1.405204E-12	-1.015716E-12	-8.737348E-02	 5.418073E-14	 6.107860E-13	-4.293128E-02	 7.982973E-13	-2.104399E-13	-3.116255E-02	-3.217036E-14	-1.570924E-12	-2.666054E-02	 1.139946E-12	-1.358290E-12	-1.584796E-02	-7.288898E-14	-1.874240E-12	-4.865253E-03	 9.576603E-14	-1.966826E-12	 1.231825E-02	-6.190604E-13	-9.888730E-13	 1.803224E-02	-1.606138E-12	-6.545384E-13	 2.090928E-02	-4.452053E-13	-1.856637E-13	 2.001666E-02	-8.956518E-13	 1.868553E-14	 1.636744E-02	-4.783099E-13	 1.019510E-12	 1.218892E-02	-8.047111E-13	 1.036318E-12	 8.141425E-03	-3.001017E-13
0.72169	 1.071634E+01	-1.977062E-12	-1.917092E-11	-1.180442E+00	 9.911034E-12	-5.569551E-12	-4.466967E+00	-4.786421E-12	 7.883548E-13	-1.896142E+00	-2.571935E-12	 1.221910E-12	-1.167048E+00	-1.124639E-12	-1.380282E-12	-6.672970E-01	 2.011143E-12	-7.594988E-13	-2.885577E-01	 4.904244E-12	-4.636273E-13	-1.048846E-01	 6.601589E-12	-2.725148E-13	-4.968232E-02	 5.594051E-12	-1.560285E-12	-3.466436E-02	 6.815220E-12	-4.748843E-13	-3.060425E-02	 3.420821E-12	-6.278058E-14	-2.078931E-02	 1.872030E-12	-2.467615E-12	-9.649409E-03	 2.119831E-12	-1.015019E-12	 9.740493E-03	 1.110550E-12	-6.915648E-13	 1.713187E-02	 9.862429E-13	-1.684047E-12	 2.177635E-02	-3.949986E-13	-8.590141E-13	 2.193612E-02	 1.897004E-13	 1.348459E-13	 1.860594E-02	-4.206870E-13	-6.560727E-14	 1.433304E-02	-2.247632E-13	 1.074198E-12	 9.895438E-03	 3.879423E-13
0.72887	 1.095851E+01	-5.280309E-12	-1.328893E-11	-9.632893E-01	 1.661467E-12	-9.075943E-12	-4.502456E+00	 5.218672E-12	-2.918105E-12	-1.982440E+00	 9.078440E-12	 5.756004E-13	-1.314346E+00	 5.869767E-12	 1.296589E-12	-7.754479E-01	 3.150663E-12	 4.984696E-13	-3.414432E-01	 2.842063E-12	 2.117148E-12	-1.264337E-01	 7.929191E-13	 1.535718E-12	-5.810954E-02	 1.252825E-12	 1.550166E-13	-3.847278E-02	-5.304090E-13	-3.656758E-13	-3.457093E-02	-1.009874E-12	-2.036920E-13	-2.608535E-02	-1.487970E-12	-5.396833E-13	-1.513452E-02	-8.910407E-14	 7.794841E-14	 6.364064E-03	-3.541400E-13	 6.830694E-13	 1.550842E-02	-1.873166E-13	 1.005048E-12	 2.223729E-02	-8.161481E-13	-4.875571E-13	 2.376384E-02	-7.108026E-13	-3.992043E-13	 2.098341E-02	 5.732184E-13	-4.910097E-13	 1.675055E-02	 1.385181E-12	 2.517949E-13	 1.195168E-02	 2.521843E-13
0.73598	 1.122052E+01	 5.200315E-12	-8.520370E-12	-7.307282E-01	 5.737635E-12	-3.181260E-12	-4.541414E+00	 4.562929E-12	 5.285842E-12	-2.067627E+00	 7.672156E-12	-4.075781E-13	-1.470022E+00	 5.017048E-12	-1.292463E-12	-8.933431E-01	 2.778512E-12	-1.474250E-12	-4.015339E-01	 2.954508E-13	-2.953027E-12	-1.523636E-01	-1.080789E-12	-1.334011E-12	-6.845147E-02	-2.873050E-12	-6.904955E-13	-4.261468E-02	-4.739630E-12	-8.478947E-13	-3.845460E-02	-4.258248E-12	-9.521776E-13	-3.161779E-02	-2.548522E-12	 1.458635E-12	-2.126923E-02	-2.652475E-12	 8.079727E-13	 2.131975E-03	-4.013571E-14	 1.081362E-12	 1.302171E-02	-2.436176E-13	 1.081840E-12	 2.213563E-02	 5.730188E-13	 1.108504E-12	 2.536859E-02	 5.638864E-13	 5.448852E-13	 2.341952E-02	 7.103290E-13	 1.506117E-12	 1.941596E-02	 9.307508E-13	-7.201530E-13	 1.432347E-02	 1.745031E-13
0.74302	 1.150295E+01	-2.699792E-14	 3.364379E-11	-4.841616E-01	-2.109627E-11	 1.538272E-11	-4.584814E+00	-9.511530E-12	-8.563379E-13	-2.149675E+00	-8.095763E-12	-5.720410E-13	-1.633007E+00	-2.416539E-12	-7.595768E-13	-1.020806E+00	-1.254575E-12	-9.599544E-13	-4.691507E-01	-9.943440E-13	-1.638168E-12	-1.831698E-01	-2.581723E-12	-2.226313E-12	-8.106849E-02	-1.967463E-12	-2.596625E-12	-4.719952E-02	-1.276827E-12	-1.898446E-12	-4.218592E-02	 1.599812E-12	-1.152347E-13	-3.726325E-02	 1.723830E-12	-8.677681E-13	-2.797405E-02	 2.893740E-12	-3.844781E-14	-2.988157E-03	 2.631232E-12	 4.859927E-13	 9.541591E-03	 1.503531E-12	 1.353452E-13	 2.131017E-02	 1.556155E-13	 3.187916E-13	 2.660381E-02	 1.182150E-14	 1.013729E-12	 2.581674E-02	 6.801751E-14	-2.337371E-13	 2.229200E-02	-7.959860E-13	 7.363982E-13	 1.702028E-02	 1.829095E-13
0.75000	 1.180717E+01	-3.572428E-12	-1.471993E-11	-2.233246E-01	 2.298184E-11	-1.004932E-11	-4.632795E+00	 1.223416E-11	-8.491018E-12	-2.227113E+00	-5.384213E-12	-2.270088E-13	-1.803244E+00	-4.592959E-12	 2.474554E-12	-1.158373E+00	-7.350554E-12	 4.813598E-12	-5.450286E-01	-7.601345E-12	 5.215798E-12	-2.196178E-01	-4.447485E-12	 4.198540E-12	-9.650806E-02	-3.190922E-12	 1.894144E-12	-5.245838E-02	-1.791749E-13	 2.368142E-12	-4.576100E-02	 2.927451E-13	 2.949696E-12	-4.291460E-02	 1.109221E-12	 1.030038E-12	-3.515468E-02	 2.244590E-12	 4.154433E-13	-9.009678E-03	 7.902693E-13	 8.899714E-13	 4.947757E-03	-1.209163E-13	-4.408270E-13	 1.959493E-02	-6.878395E-13	-1.648412E-14	 2.730619E-02	-7.058033E-13	-1.499861E-13	 2.805902E-02	-1.606989E-13	-2.402381E-13	 2.532956E-02	 5.026979E-13	-8.565897E-13	 2.004947E-02	-1.234728E-14
0.75691	 1.213448E+01	 1.834283E-12	-4.960948E-12	 5.111595E-02	-9.899086E-12	-3.262946E-12	-4.686545E+00	-4.405963E-12	 1.187517E-11	-2.298448E+00	-3.112817E-12	 1.378446E-12	-1.980089E+00	-3.271554E-12	 3.506519E-12	-1.305939E+00	-3.932257E-12	 1.904231E-12	-6.294558E-01	-3.017506E-12	-1.210912E-12	-2.622507E-01	 2.451583E-12	 2.458498E-12	-1.152354E-01	 1.349976E-12	 2.108583E-12	-5.859857E-02	 3.151643E-12	 1.908284E-12	-4.915694E-02	 2.220844E-12	 3.459465E-12	-4.842179E-02	 1.763193E-12	 2.507000E-12	-4.265652E-02	 2.759801E-12	 1.338246E-12	-1.589526E-02	-4.268213E-13	 8.266208E-13	-8.545585E-04	-2.000373E-13	 7.151231E-13	 1.681731E-02	-8.400878E-13	-1.079204E-15	 2.727829E-02	 1.751898E-13	-6.532995E-13	 2.998399E-02	 4.580912E-13	-2.297733E-12	 2.843642E-02	-5.654478E-13	-1.535105E-12	 2.338811E-02	 6.209153E-13
0.76376	 1.248658E+01	 7.927718E-12	 2.108859E-12	 3.397732E-01	 7.277673E-12	 1.957803E-11	-4.746184E+00	-1.492961E-11	 5.835962E-12	-2.362363E+00	-4.998530E-12	-3.038820E-12	-2.163610E+00	-1.978759E-12	-1.909183E-12	-1.463985E+00	-2.120823E-12	-6.890934E-12	-7.231433E-01	 1.118258E-12	-5.004664E-12	-3.119373E-01	 4.920232E-13	-4.551074E-12	-1.379608E-01	 3.696161E-12	-1.790664E-12	-6.600100E-02	 2.319380E-12	-2.317968E-12	-5.245819E-02	 2.736363E-12	-4.992380E-13	-5.367497E-02	 1.514819E-12	 1.539881E-12	-5.031737E-02	 9.098362E-14	 1.266872E-12	-2.358361E-02	 9.842135E-13	 2.497366E-13	-7.937735E-03	-1.858429E-12	 6.461787E-13	 1.281043E-02	 6.130642E-15	-1.558987E-12	 2.630865E-02	 7.264876E-13	-2.231040E-12	 3.140528E-02	 1.263289E-12	-1.714294E-12	 3.149790E-02	 1.224875E-12	-8.827142E-13	 2.700025E-02	-5.427734E-13
0.77055	 1.286434E+01	-3.235935E-12	 3.562084E-11	 6.406409E-01	-2.624532E-11	 7.746871E-12	-4.813853E+00	-5.172805E-12	 5.374714E-13	-2.417100E+00	-1.105255E-11	 4.610974E-12	-2.352384E+00	-8.693554E-12	 1.439035E-12	-1.631566E+00	-3.628983E-12	-1.504332E-13	-8.258044E-01	 4.024394E-12	 2.136911E-12	-3.689757E-01	 2.277670E-12	-7.445472E-13	-1.651160E-01	 4.982118E-12	 2.599302E-12	-7.492882E-02	-5.146066E-13	 8.552200E-13	-5.568805E-02	-1.392776E-12	-1.308144E-12	-5.849109E-02	-1.663473E-13	-1.291735E-13	-5.788094E-02	-4.677074E-12	-1.700024E-12	-3.192448E-02	-2.973654E-12	-1.379080E-12	-1.631001E-02	-2.574337E-12	-1.118015E-12	 7.428656E-03	-1.557573E-12	-5.128518E-13	 2.416120E-02	-7.467185E-13	-1.816675E-13	 3.208009E-02	 7.858659E-13	 1.272016E-12	 3.433147E-02	 1.055962E-13	 5.560924E-13	 3.078929E-02	-7.627843E-13
0.77728	 1.327060E+01	-8.752179E-12	-5.327089E-11	 9.552320E-01	 3.258870E-11	-2.979166E-11	-4.889690E+00	 1.729714E-11	-6.629963E-12	-2.461483E+00	 1.447206E-11	 3.721251E-12	-2.547045E+00	 8.453616E-12	-4.359187E-13	-1.809510E+00	 1.190647E-11	 3.279519E-12	-9.383504E-01	 9.843361E-12	 9.842645E-13	-4.344466E-01	 6.247678E-12	 1.154870E-12	-1.976348E-01	 3.205575E-12	-4.741147E-13	-8.597357E-02	 2.968781E-12	-4.217171E-13	-5.908153E-02	-1.171281E-12	-2.205716E-12	-6.279905E-02	-4.227103E-13	-1.953239E-12	-6.513090E-02	-1.321414E-12	-1.257579E-12	-4.076550E-02	-3.158834E-12	-8.399385E-13	-2.595362E-02	-3.316878E-12	 2.926179E-13	 5.506444E-04	-3.705507E-12	 1.212552E-12	 2.060852E-02	-2.367046E-12	 1.270690E-12	 3.176051E-02	-3.173716E-12	 1.058661E-12	 3.674320E-02	-2.517986E-12	 2.358186E-12	 3.464988E-02	-2.002925E-12
0.78395	 1.370776E+01	 1.836796E-11	 3.230699E-11	 1.283521E+00	-2.076590E-11	 1.313382E-11	-4.975053E+00	 3.921750E-13	-3.495175E-12	-2.494017E+00	 1.937499E-11	-1.054133E-11	-2.747295E+00	 1.305149E-11	-9.684003E-12	-1.997750E+00	 1.010102E-11	-1.003484E-11	-1.061102E+00	-1.034461E-12	-8.179257E-12	-5.091367E-01	-3.224027E-12	-3.150210E-12	-2.363463E-01	-9.196639E-12	-5.737587E-12	-9.972793E-02	-6.854390E-12	-1.170155E-12	-6.290113E-02	-6.382624E-12	 2.494464E-12	-6.651701E-02	-6.616137E-12	 6.888997E-13	-7.179670E-02	-1.540979E-12	 2.468597E-12	-4.987792E-02	-2.240115E-12	-4.782159E-14	-3.677361E-02	-1.568690E-12	-1.681707E-12	-7.900092E-03	 2.290370E-13	-1.895284E-12	 1.542119E-02	-5.606034E-13	-1.603510E-12	 3.015639E-02	-1.416178E-13	 1.013463E-13	 3.847421E-02	 3.961773E-13	 6.491258E-14	 3.841013E-02	 2.308325E-12
0.79057	 1.417727E+01	 1.033514E-12	-1.617959E-13	 1.623034E+00	 1.404069E-11	 1.099261E-11	-5.072558E+00	-2.506566E-12	-5.763923E-12	-2.512369E+00	-7.144647E-12	-4.248433E-12	-2.951528E+00	-9.688996E-12	-2.100235E-12	-2.195062E+00	-7.908644E-12	-4.741828E-12	-1.193600E+00	-5.224773E-12	-8.987094E-13	-5.934175E-01	-5.835529E-12	 2.938242E-12	-2.819184E-01	-3.545344E-12	 5.850417E-12	-1.167794E-01	-4.700654E-12	 6.037921E-12	-6.745493E-02	-2.923187E-12	 5.995753E-12	-6.957237E-02	-6.429773E-13	 3.610177E-12	-7.756394E-02	 6.511619E-13	-1.253695E-12	-5.894973E-02	 2.754210E-12	-1.040822E-12	-4.857337E-02	 3.406237E-12	-2.966969E-12	-1.792151E-02	 2.546758E-12	-1.966417E-12	 8.400541E-03	 4.230120E-12	-1.512419E-12	 2.695798E-02	 4.902169E-12	-1.062535E-12	 3.920840E-02	 5.617768E-12	 5.353763E-14	 4.182567E-02	 3.203226E-12
0.79713	 1.468097E+01	-2.022668E-11	-9.632502E-12	 1.971825E+00	-7.268847E-12	-8.252222E-12	-5.184583E+00	-9.212659E-12	 3.194202E-12	-2.514323E+00	-2.350848E-11	 9.230220E-12	-3.158531E+00	-1.222968E-11	 1.327997E-11	-2.400409E+00	-1.202794E-11	 1.461913E-11	-1.335452E+00	-5.443139E-12	 1.300141E-11	-6.877290E-01	-2.353483E-12	 9.427390E-12	-3.351154E-01	 4.680469E-12	 7.625331E-12	-1.378528E-01	 7.864683E-12	 1.555385E-12	-7.318857E-02	 9.500663E-12	-1.731931E-12	-7.197485E-02	 1.008819E-11	-3.864852E-12	-8.214075E-02	 8.228564E-12	-2.920027E-12	-6.763386E-02	 5.848091E-12	-2.946918E-12	-6.107489E-02	 3.581365E-12	 3.714017E-13	-2.942825E-02	 2.187479E-12	 1.614980E-12	-5.978695E-04	 1.139408E-12	 2.694568E-12	 2.186759E-02	 1.569791E-13	 2.375902E-12	 3.860141E-02	-2.252957E-13	-6.952054E-14	 4.459940E-02	-1.376338E-12
0.80364	 1.522234E+01	-8.435048E-13	 2.134003E-11	 2.329953E+00	-2.778696E-11	 7.449888E-12	-5.313452E+00	-1.263467E-11	 1.543802E-11	-2.498753E+00	-1.214505E-11	-1.063712E-12	-3.368249E+00	 1.795938E-12	 3.110841E-12	-2.613370E+00	-6.031985E-12	 5.284595E-12	-1.486553E+00	-6.520258E-12	-1.020545E-12	-7.926657E-01	 3.229605E-12	 1.908740E-12	-3.968084E-01	-1.445513E-13	-1.395289E-12	-1.637986E-01	 4.599249E-12	-4.880609E-12	-8.067610E-02	 6.884905E-12	-2.872692E-12	-7.382014E-02	 3.955699E-12	-3.680415E-12	-8.527464E-02	 4.934556E-12	-1.600959E-12	-7.556246E-02	 2.710561E-12	 1.312226E-12	-7.392188E-02	 4.159378E-13	 1.465763E-12	-4.224568E-02	-3.537260E-13	 2.920178E-12	-1.165100E-02	 1.243020E-13	 2.812890E-12	 1.461400E-02	-4.147658E-13	 1.334699E-12	 3.629033E-02	-1.246377E-12	 1.851581E-12	 4.638345E-02	-5.070559E-13
0.81009	 1.580609E+01	-6.979571E-14	-2.545185E-11	 2.700614E+00	-1.539203E-12	-5.068296E-12	-5.459042E+00	-1.207090E-11	 9.208444E-12	-2.464699E+00	 1.165720E-11	 1.249727E-11	-3.582029E+00	 1.457024E-13	 1.382194E-12	-2.834850E+00	 3.723482E-12	 1.896929E-12	-1.647937E+00	 6.991275E-12	-1.649366E-12	-9.097390E-01	 1.993462E-12	-5.811529E-12	-4.685401E-01	 4.553005E-12	-2.386916E-12	-1.959745E-01	 5.899538E-13	-2.143342E-12	-9.086720E-02	 1.173796E-15	 9.368476E-13	-7.545783E-02	-1.455709E-12	 3.521730E-12	-8.687805E-02	-2.565631E-12	 4.602832E-12	-8.243342E-02	-4.102467E-12	 3.698303E-12	-8.673429E-02	-3.415518E-12	 3.235664E-12	-5.614210E-02	-2.510660E-12	-2.687329E-13	-2.477982E-02	 8.756272E-13	-2.322151E-12	 4.957921E-03	 2.874349E-12	-2.880000E-12	 3.190949E-02	 2.838334E-12	-4.213693E-12	 4.679887E-02	 3.322132E-12
0.81650	 1.643133E+01	-1.017785E-11	-1.978570E-11	 3.076539E+00	-1.102151E-11	-1.049514E-11	-5.627754E+00	-5.748474E-12	 8.100542E-12	-2.410604E+00	 4.775919E-12	 1.940337E-11	-3.795855E+00	-2.307052E-12	 1.174312E-11	-3.060125E+00	 1.255128E-12	 3.267153E-12	-1.816325E+00	 7.610610E-12	 3.488874E-12	-1.037533E+00	 2.429371E-12	-5.265990E-12	-5.500675E-01	 4.335427E-12	-2.365372E-12	-2.348010E-01	 6.005419E-13	-1.467091E-14	-1.042739E-01	-2.787498E-13	-2.688212E-12	-7.701889E-02	 2.384552E-12	 4.038717E-12	-8.670807E-02	-3.522842E-12	 2.604016E-12	-8.774483E-02	-3.619536E-12	 3.499470E-12	-9.887093E-02	-2.276791E-12	 1.287147E-12	-7.062688E-02	-4.080731E-13	-1.191281E-12	-3.980305E-02	 1.030638E-12	-1.919455E-12	-7.240973E-03	 2.207672E-12	-2.982490E-12	 2.507334E-02	 1.821134E-12	 1.758974E-14	 4.534942E-02	-1.992163E-12
0.82285	 1.710091E+01	 4.133159E-12	-1.517529E-11	 3.458902E+00	 3.668725E-11	 9.496808E-13	-5.820713E+00	 1.786037E-11	-1.356922E-11	-2.336732E+00	 1.081217E-11	-1.179033E-11	-4.010164E+00	 1.079741E-11	-9.501935E-12	-3.288220E+00	 9.986110E-12	-1.140994E-11	-1.991207E+00	 3.375157E-12	-5.806830E-12	-1.176514E+00	 3.776962E-12	-1.919160E-12	-6.422931E-01	-2.703892E-12	-1.833255E-12	-2.813995E-01	-3.387820E-12	-3.536824E-13	-1.218608E-01	-4.947213E-12	-1.139677E-12	-7.896683E-02	-3.199846E-12	-4.283982E-12	-8.480390E-02	-2.735166E-12	-4.596439E-12	-9.117887E-02	-1.016419E-12	-6.570420E-12	-1.097552E-01	 2.627366E-12	-4.225392E-12	-8.518483E-02	 2.138142E-12	-1.638348E-12	-5.645088E-02	 9.356008E-13	 8.875279E-13	-2.201344E-02	-7.147656E-13	 4.578525E-12	 1.548557E-02	-3.098757E-12	 4.590371E-12	 4.158678E-02	-2.809899E-12
0.82916	 1.782198E+01	 2.669385E-11	 5.837894E-11	 3.861001E+00	 1.990046E-11	 2.534145E-11	-6.032695E+00	 1.513140E-11	-2.133129E-11	-2.247590E+00	 9.454637E-12	-3.111956E-11	-4.230027E+00	 1.740589E-11	-2.881984E-11	-3.521840E+00	 8.374698E-12	-1.730379E-11	-2.175385E+00	 1.552396E-12	-1.250915E-11	-1.329746E+00	 7.886416E-13	 8.569294E-13	-7.478496E-01	-5.714692E-12	-1.872611E-12	-3.379842E-01	-2.514805E-12	-9.598635E-13	-1.452629E-01	-3.029458E-12	-5.051186E-13	-8.221255E-02	-5.701925E-12	-6.578852E-12	-8.154785E-02	-6.232457E-13	-6.050755E-12	-9.263200E-02	-4.487446E-12	-6.859328E-12	-1.189092E-01	-3.088089E-12	-5.546577E-12	-9.932986E-02	-2.161257E-12	-2.882494E-12	-7.442752E-02	-2.566452E-12	-6.578792E-13	-3.934368E-02	-2.195855E-12	-5.399891E-14	 2.885039E-03	-1.752081E-12	 1.517851E-12	 3.507398E-02	-1.701549E-12
0.83541	 1.858727E+01	-6.949749E-12	 1.289216E-11	 4.285070E+00	-1.736467E-11	-2.092938E-11	-6.261380E+00	 1.527374E-11	-3.563210E-12	-2.150507E+00	-3.707733E-12	-9.906312E-12	-4.451230E+00	 7.201735E-12	-7.050541E-12	-3.754365E+00	-1.494570E-12	-4.044093E-13	-2.365835E+00	-2.150350E-12	-1.273988E-12	-1.496801E+00	 3.586926E-14	-3.393744E-13	-8.674412E-01	-1.089778E-12	 1.408505E-12	-4.059174E-01	 1.886445E-12	 2.780269E-12	-1.758450E-01	 5.443991E-12	 6.885821E-12	-8.767304E-02	 1.006280E-12	 7.850496E-12	-7.738170E-02	 5.082051E-13	 8.047046E-12	-9.192036E-02	-1.549920E-12	 7.768742E-12	-1.256259E-01	-5.521845E-12	 4.581493E-12	-1.122771E-01	-3.097687E-12	 3.402894E-12	-9.312427E-02	-2.730133E-12	 6.208496E-13	-5.898158E-02	-2.191153E-12	 1.107230E-12	-1.289347E-02	-2.156623E-12	-4.156239E-13	 2.532970E-02	-2.365730E-12
0.84163	 1.936478E+01	-2.945898E-11	-6.858915E-11	 4.699100E+00	-1.622821E-11	-4.643121E-11	-6.522425E+00	 3.560668E-14	-1.123974E-12	-2.053725E+00	-3.395541E-12	 9.214404E-12	-4.651172E+00	-3.525403E-12	 2.457897E-11	-3.960371E+00	 3.757385E-12	 1.329829E-11	-2.545150E+00	 7.582284E-12	 1.640316E-11	-1.666788E+00	 2.060255E-12	 7.366333E-12	-9.948788E-01	 7.066551E-12	 9.002318E-12	-4.825540E-01	-7.409582E-13	 9.377079E-12	-2.129063E-01	-7.369184E-13	 8.757775E-12	-9.535443E-02	-4.227336E-13	 1.030669E-11	-7.232731E-02	-3.662251E-12	 9.228346E-12	-8.848697E-02	 1.195991E-12	 7.468880E-12	-1.286968E-01	-1.721217E-13	 5.722119E-12	-1.225616E-01	 8.899155E-13	 3.551058E-12	-1.111434E-01	 1.754694E-12	 2.542937E-12	-7.995582E-02	 9.276849E-13	-1.316172E-13	-3.151331E-02	 1.459478E-13	-2.314648E-12	 1.208413E-02	-4.041160E-13
0.84779	 2.012550E+01	-8.847315E-12	 7.812932E-12	 5.090639E+00	-1.765340E-11	 2.329069E-11	-6.818315E+00	-1.856619E-11	-1.824052E-14	-1.973156E+00	 3.711727E-12	 9.698106E-12	-4.814586E+00	 3.018670E-14	 7.894790E-12	-4.120964E+00	 1.251121E-11	 2.498657E-12	-2.701236E+00	 8.002856E-12	 2.060193E-14	-1.832161E+00	 6.624239E-12	 1.286235E-12	-1.125951E+00	 7.447858E-12	-1.539876E-12	-5.664774E-01	 1.886863E-12	-5.573255E-12	-2.565915E-01	 1.088938E-12	-7.974262E-12	-1.060307E-01	 2.005195E-12	-9.619592E-12	-6.717204E-02	 2.903711E-13	-1.186345E-11	-8.250050E-02	 4.062689E-12	-8.971896E-12	-1.275322E-01	 5.494563E-12	-6.715227E-12	-1.290758E-01	 7.794715E-12	-3.725343E-12	-1.271036E-01	 6.532817E-12	-2.226960E-12	-1.010214E-01	 4.751680E-12	-1.266615E-12	-5.219546E-02	 3.072131E-12	-2.789025E-13	-4.455332E-03	 6.587517E-13
0.85391	 2.083134E+01	 2.529685E-11	-2.147031E-11	 5.454905E+00	 5.124704E-11	 2.094128E-11	-7.146157E+00	-3.181631E-12	 1.128335E-11	-1.938427E+00	 1.168527E-11	 9.079966E-12	-4.927807E+00	-1.009499E-11	-3.321224E-12	-4.216556E+00	-6.024593E-12	 1.732015E-13	-2.820441E+00	-1.206179E-11	-9.636219E-12	-1.982662E+00	-8.111414E-12	-6.003356E-12	-1.253882E+00	-4.224135E-12	-1.115008E-11	-6.543594E-01	-1.440883E-12	-1.092533E-11	-3.058420E-01	-8.316194E-13	-9.607970E-12	-1.199659E-01	 1.627581E-12	-1.244803E-11	-6.265799E-02	 5.547667E-12	-9.291749E-12	-7.435271E-02	 1.508493E-12	-8.208023E-12	-1.218649E-01	 5.593880E-12	-4.857222E-12	-1.309219E-01	 4.647990E-12	-3.260238E-12	-1.395828E-01	 3.011646E-12	 2.093359E-13	-1.206549E-01	 1.540323E-12	 1.790412E-12	-7.373611E-02	 1.126252E-12	 3.455428E-12	-2.362310E-02	 2.248256E-12
0.85999	 2.143989E+01	 2.771243E-11	 7.110593E-11	 5.783256E+00	-3.021737E-11	 1.740673E-11	-7.506808E+00	 6.062171E-13	 6.018343E-12	-1.984673E+00	-2.258202E-12	-2.215411E-12	-4.978786E+00	-1.530693E-11	-4.567046E-12	-4.227725E+00	-1.932229E-11	-3.650188E-12	-2.886658E+00	-1.295236E-11	 3.014454E-12	-2.103955E+00	-1.604114E-11	 2.542074E-12	-1.367884E+00	-1.108900E-11	 5.037293E-12	-7.395286E-01	-9.458882E-12	 7.923936E-12	-3.572136E-01	-8.578753E-12	 8.654058E-12	-1.360063E-01	-5.946976E-12	 7.534326E-12	-5.881707E-02	-4.428117E-12	 7.963997E-12	-6.428761E-02	-5.270001E-12	 8.385692E-12	-1.116116E-01	-6.657753E-12	 4.634709E-12	-1.273946E-01	-8.771887E-12	 3.661775E-12	-1.471722E-01	-7.448150E-12	 1.047285E-12	-1.370981E-01	-5.619148E-12	-9.986372E-13	-9.448418E-02	-3.885631E-12	-1.817873E-12	-4.419903E-02	-7.227245E-13
0.86603	 2.194539E+01	-3.403486E-12	-8.439707E-12	 6.118975E+00	 3.558628E-11	-7.902587E-12	-7.867694E+00	 1.572024E-11	-1.190898E-11	-2.139475E+00	-9.131057E-12	-1.236552E-11	-4.982077E+00	 8.641130E-12	-1.161588E-11	-4.164744E+00	-5.397988E-12	-9.567827E-12	-2.907720E+00	 3.476732E-12	-7.329438E-13	-2.199779E+00	 2.003348E-12	 3.097367E-12	-1.469622E+00	 2.865475E-13	 1.112222E-11	-8.229806E-01	-6.736090E-13	 9.038157E-12	-4.116443E-01	 1.714635E-12	 8.438880E-12	-1.553754E-01	 1.381738E-12	 8.711907E-12	-5.701533E-02	-1.975879E-12	 3.576375E-12	-5.365096E-02	-5.378086E-13	 4.560613E-12	-9.792865E-02	-2.836939E-12	 2.643337E-12	-1.191500E-01	-2.159887E-12	 8.179792E-13	-1.498191E-01	-1.111361E-12	 1.057292E-13	-1.496947E-01	-7.138617E-13	-1.380370E-12	-1.134503E-01	 2.290490E-13	-1.642918E-12	-6.512087E-02	-1.475187E-12
0.87202	 2.233373E+01	-3.815821E-11	 6.668554E-12	 6.498551E+00	-3.522346E-11	-1.755814E-11	-8.200670E+00	-6.924504E-12	-2.756725E-11	-2.434875E+00	-1.077853E-11	-3.565562E-12	-4.948154E+00	 9.489217E-12	 4.683403E-13	-4.033220E+00	 9.907014E-12	-6.704835E-13	-2.887003E+00	 1.155795E-11	 4.213454E-12	-2.270130E+00	 1.583258E-11	 8.718466E-13	-1.558167E+00	 1.476547E-11	-1.032987E-12	-9.038346E-01	 1.189376E-11	-4.778067E-12	-4.688010E-01	 9.685209E-12	-7.828922E-12	-1.784816E-01	 9.547153E-12	-9.490765E-12	-5.803540E-02	 4.667652E-12	-8.196243E-12	-4.344898E-02	 2.981744E-12	-8.625690E-12	-8.182179E-02	 6.450394E-12	-4.076759E-12	-1.068344E-01	 6.633545E-12	-1.520096E-12	-1.475610E-01	 8.532353E-12	 8.484896E-13	-1.579235E-01	 8.854440E-12	 3.441604E-12	-1.297636E-01	 8.559662E-12	 3.634572E-12	-8.537432E-02	 7.403165E-12
0.87797	 2.255874E+01	-1.591415E-12	-8.333653E-11	 6.914812E+00	 8.734502E-11	-1.797724E-11	-8.500322E+00	 2.742865E-11	-1.037521E-11	-2.905618E+00	 1.387625E-11	-4.319549E-12	-4.868474E+00	 7.834904E-12	 1.140393E-12	-3.818985E+00	 1.143817E-11	 5.228915E-12	-2.810074E+00	 4.227211E-12	 4.092388E-12	-2.300462E+00	-2.680732E-12	 2.851823E-12	-1.622023E+00	 1.008927E-13	-5.417129E-12	-9.737332E-01	-1.392640E-12	-4.656502E-12	-5.234623E-01	-5.508441E-12	-3.568924E-12	-2.027900E-01	-3.324659E-12	-4.070228E-12	-6.090113E-02	-6.513998E-12	-7.547738E-13	-3.374742E-02	-4.841097E-12	-6.390100E-13	-6.377840E-02	-1.671843E-12	-1.651725E-12	-9.070837E-02	-1.974400E-13	-2.407780E-12	-1.400349E-01	 1.893749E-12	-4.230917E-12	-1.608125E-01	 3.136671E-12	-3.904001E-12	-1.420613E-01	 2.325786E-12	-3.631705E-12	-1.034523E-01	 1.289155E-12
0.88388	 2.259858E+01	 4.803394E-11	 1.323241E-10	 7.361029E+00	-9.099377E-11	 6.707435E-11	-8.761480E+00	-3.405788E-11	 4.429195E-11	-3.564732E+00	-1.737036E-11	-3.376346E-12	-4.743385E+00	-1.863357E-11	 1.447083E-12	-3.519209E+00	-1.405100E-11	-3.214567E-12	-2.670336E+00	-1.470607E-11	-9.344779E-12	-2.283092E+00	-1.274614E-11	-2.505154E-12	-1.654837E+00	-1.174264E-11	-4.277842E-12	-1.027293E+00	-2.965093E-12	-2.324262E-12	-5.719654E-01	-1.439079E-12	 1.466081E-13	-2.264185E-01	 2.402868E-12	 4.293213E-12	-6.477046E-02	 2.355052E-12	 2.412748E-12	-2.477422E-02	 8.220887E-13	 1.132785E-12	-4.470692E-02	-4.562599E-13	-1.894337E-12	-7.165084E-02	-2.592628E-12	-4.031996E-12	-1.276318E-01	-3.929835E-12	-5.267063E-12	-1.580967E-01	-6.372417E-12	-6.015120E-12	-1.494550E-01	-6.818744E-12	-5.255437E-12	-1.180229E-01	-7.636013E-12
0.88976	 2.245897E+01	-1.095025E-11	-6.978530E-11	 7.845394E+00	 3.607851E-11	-3.271759E-11	-8.964964E+00	 6.696187E-12	-5.735222E-12	-4.402654E+00	 2.621433E-12	 9.248717E-13	-4.586976E+00	-9.268959E-13	-2.985357E-12	-3.147181E+00	 3.243855E-12	-2.110467E-12	-2.473506E+00	 1.355564E-12	-7.098681E-12	-2.221541E+00	 9.299686E-12	-7.344386E-12	-1.659357E+00	 9.086273E-12	-4.964254E-12	-1.065399E+00	 9.333948E-12	-6.376657E-12	-6.145950E-01	 1.448674E-11	-6.047377E-12	-2.497312E-01	 9.606663E-12	-5.125844E-12	-6.986410E-02	 1.094172E-11	-3.178540E-12	-1.724264E-02	 7.856740E-12	-3.944541E-13	-2.595818E-02	 5.136953E-12	 3.191120E-12	-5.117409E-02	 3.804593E-12	 6.265550E-12	-1.116495E-01	 1.351784E-12	 8.195156E-12	-1.505826E-01	 7.519806E-13	 8.302158E-12	-1.520720E-01	-1.697515E-12	 7.340720E-12	-1.285548E-01	-1.471849E-12
0.89559	 2.212907E+01	-3.806784E-11	-6.076999E-11	 8.317635E+00	 9.961025E-12	-5.603680E-11	-9.132468E+00	 2.633299E-11	 1.232134E-11	-5.404131E+00	-8.029559E-12	 3.284576E-11	-4.401773E+00	-6.268301E-12	 2.035163E-11	-2.698781E+00	-2.078535E-12	 2.103777E-11	-2.205056E+00	-2.999441E-12	 9.637780E-12	-2.102069E+00	-3.926126E-13	 7.757417E-12	-1.624941E+00	 4.488059E-13	 4.052227E-12	-1.078653E+00	-5.927903E-12	 2.999647E-12	-6.442318E-01	-5.565957E-12	 2.919942E-12	-2.682396E-01	-2.636429E-12	-1.801126E-12	-7.327332E-02	-8.609775E-13	 2.461563E-12	-9.843890E-03	 3.530227E-13	 4.190682E-12	-7.646015E-03	 1.369262E-12	 5.935525E-12	-2.997098E-02	 1.427388E-12	 6.227835E-12	-9.275624E-02	 1.723905E-12	 5.471414E-12	-1.385411E-01	 2.273295E-12	 4.388592E-12	-1.495183E-01	 3.312781E-12	 3.625251E-12	-1.340411E-01	 3.150260E-12
0.90139	 2.164874E+01	 1.866758E-12	 1.033090E-10	 8.749946E+00	-1.059455E-10	 3.230587E-11	-9.269192E+00	-3.019120E-11	 1.709458E-11	-6.516628E+00	-2.436059E-11	 1.000696E-11	-4.214032E+00	-1.356922E-11	 5.955804E-12	-2.196846E+00	-6.079914E-12	 5.551482E-12	-1.870868E+00	-8.804395E-12	 9.938501E-12	-1.928269E+00	-8.644611E-12	 9.632056E-12	-1.554275E+00	-1.008155E-11	 1.395471E-11	-1.067159E+00	-9.171911E-12	 1.147846E-11	-6.600249E-01	-1.141236E-11	 1.010827E-11	-2.812152E-01	-4.814726E-12	 7.778707E-12	-7.394964E-02	-2.404123E-12	 6.109678E-12	-1.818113E-03	-6.669208E-12	 2.485436E-12	 9.879693E-03	-2.977632E-12	 2.093177E-14	-9.178336E-03	-2.210753E-12	-4.241141E-12	-7.249958E-02	-3.132017E-13	-5.580635E-12	-1.235026E-01	 1.754008E-12	-7.264108E-12	-1.427771E-01	 3.199699E-12	-5.396190E-12	-1.347508E-01	 4.283615E-12
0.90715	 2.111244E+01	 1.442206E-11	-8.609135E-11	 9.131259E+00	 1.054211E-10	 4.038330E-12	-9.377465E+00	 6.732852E-12	-3.206506E-11	-7.650635E+00	 1.264507E-11	-3.262184E-11	-4.068515E+00	 1.248128E-11	-2.335522E-11	-1.689323E+00	 1.672620E-11	-1.712198E-11	-1.496586E+00	 1.047516E-11	-5.617832E-12	-1.718565E+00	 7.647848E-12	-6.762247E-12	-1.460453E+00	 2.025689E-12	-7.502353E-13	-1.039047E+00	 2.935158E-12	-1.810607E-12	-6.669911E-01	 3.444880E-12	-5.228628E-13	-2.917548E-01	-1.134414E-12	 2.504458E-12	-7.298738E-02	-1.091904E-12	 5.096363E-13	 7.054708E-03	-3.032328E-12	 1.958027E-12	 2.652252E-02	-3.649225E-12	-8.748299E-13	 1.041908E-02	-9.438115E-13	-6.649333E-13	-5.243854E-02	 3.400344E-13	-2.506599E-12	-1.075050E-01	 1.479998E-12	-1.586957E-12	-1.337581E-01	 1.058064E-12	-2.872052E-12	-1.321397E-01	-2.695772E-13
0.91287	 2.062503E+01	 1.188607E-12	 8.928520E-11	 9.451676E+00	-8.478342E-11	 2.303066E-11	-9.468182E+00	-1.599511E-11	 1.156735E-11	-8.709019E+00	 3.925604E-12	 5.091403E-12	-4.004444E+00	-3.184417E-12	 8.719195E-12	-1.229159E+00	-7.349254E-12	 6.843339E-12	-1.114744E+00	-6.942729E-12	-7.605691E-13	-1.493067E+00	-9.574827E-12	-4.417990E-12	-1.355542E+00	-6.022368E-12	-9.697828E-12	-1.002674E+00	-5.385317E-12	-7.758714E-12	-6.713488E-01	-1.475811E-12	-5.776675E-12	-3.041885E-01	-4.092921E-12	-4.215340E-12	-7.255539E-02	-4.076158E-12	-9.951554E-13	 1.671966E-02	-1.691796E-12	-1.987609E-13	 4.274978E-02	-3.662014E-12	 8.127177E-13	 2.892888E-02	-2.792603E-12	 9.206009E-13	-3.332873E-02	-3.296043E-12	 2.966196E-12	-9.206556E-02	-4.286320E-12	 3.301782E-12	-1.242815E-01	-4.201901E-12	 4.944256E-12	-1.279897E-01	-4.321148E-12
0.91856	 2.028441E+01	 2.627272E-11	-2.673460E-11	 9.731490E+00	 5.216233E-11	-1.560099E-11	-9.544178E+00	 2.984236E-11	-1.255119E-12	-9.612478E+00	 2.453653E-11	 1.047715E-12	-4.046925E+00	 9.098666E-12	 2.435431E-12	-8.721620E-01	-2.269099E-12	-2.077661E-12	-7.691095E-01	-7.199925E-12	-4.248250E-12	-1.275748E+00	-1.117206E-11	-4.793248E-12	-1.251071E+00	-1.017575E-11	-8.408184E-12	-9.673895E-01	-8.029638E-12	-7.019543E-12	-6.819063E-01	-3.701692E-12	-5.869521E-12	-3.253538E-01	-8.646991E-13	-6.602045E-12	-7.709311E-02	 2.208673E-12	-6.166521E-12	 2.563771E-02	 4.225484E-12	-4.651521E-12	 5.884336E-02	 2.363488E-12	-5.549900E-12	 4.700914E-02	 2.921680E-12	-3.162613E-12	-1.521452E-02	 1.758594E-12	-2.393588E-12	-7.808987E-02	 1.327429E-12	 4.376883E-13	-1.159330E-01	 6.391027E-13	 1.500123E-12	-1.242636E-01	-8.331126E-15
0.92421	 2.016484E+01	 1.208537E-11	 3.584174E-11	 1.001528E+01	 7.527481E-12	 6.822141E-12	-9.612347E+00	 2.266286E-11	-1.893848E-11	-1.031915E+01	 1.031423E-11	-2.753840E-11	-4.197392E+00	 1.865349E-11	-2.712843E-11	-6.675962E-01	 2.249218E-11	-2.225044E-11	-5.094999E-01	 2.170264E-11	-1.623857E-11	-1.089084E+00	 1.508932E-11	-8.881952E-12	-1.151665E+00	 8.778746E-12	-5.656545E-12	-9.377051E-01	 8.840607E-12	-5.631490E-12	-7.058261E-01	 9.219664E-12	-3.041934E-12	-3.615187E-01	 7.469923E-12	-5.122720E-13	-9.143456E-02	 6.094169E-12	-3.638916E-12	 3.145742E-02	 4.313208E-12	-3.864970E-12	 7.517353E-02	 3.044199E-12	-2.365261E-12	 6.618280E-02	 2.808868E-12	-3.222755E-12	 3.000782E-03	 2.327900E-12	-1.724675E-12	-6.529858E-02	 2.444947E-12	-3.249630E-12	-1.093809E-01	 1.131346E-12	-3.150235E-12	-1.224103E-01	 1.109443E-12
0.92983	 2.035029E+01	-3.829900E-11	-7.211144E-11	 1.042201E+01	 3.580538E-11	-2.880690E-11	-9.651872E+00	 1.667968E-11	-1.548621E-11	-1.081743E+01	 4.221545E-12	 2.903323E-12	-4.452436E+00	 3.922396E-12	 4.185619E-12	-6.773993E-01	 4.669824E-12	 5.707910E-12	-4.085051E-01	 9.341009E-12	 6.863207E-12	-9.702890E-01	 7.545333E-12	 4.275510E-12	-1.069178E+00	 6.164290E-12	 1.009195E-11	-9.242435E-01	 6.672289E-12	 1.171470E-11	-7.568321E-01	 4.003241E-12	 9.097615E-12	-4.243466E-01	 2.469950E-13	 8.584717E-12	-1.250281E-01	-1.981927E-12	 8.592563E-12	 2.809677E-02	-5.946460E-12	 5.386563E-12	 9.036796E-02	-6.525727E-12	 3.779721E-12	 8.789462E-02	-6.969101E-12	 4.179625E-12	 2.311525E-02	-5.204379E-12	 1.227715E-12	-5.263131E-02	-4.145080E-12	 1.753805E-12	-1.049135E-01	-2.296329E-12	-3.662250E-13	-1.240784E-01	-5.460384E-13
0.93541	 2.089591E+01	 5.989905E-12	 7.105070E-11	 1.099480E+01	-9.090622E-11	 9.758239E-12	-9.710442E+00	-3.557312E-11	 2.158832E-11	-1.109779E+01	-2.043564E-11	 2.821679E-11	-4.767388E+00	-3.013750E-11	 2.248469E-11	-9.250824E-01	-2.876368E-11	 1.916312E-11	-5.145557E-01	-2.453541E-11	 1.459064E-11	-9.386546E-01	-1.822656E-11	 1.067157E-11	-9.989470E-01	-1.241941E-11	 8.978227E-12	-9.239744E-01	-1.029683E-11	 9.177281E-12	-8.383952E-01	-6.008306E-12	 9.074801E-12	-5.184933E-01	-3.045662E-12	 6.593959E-12	-1.845728E-01	-2.998794E-12	 4.033368E-12	 9.011980E-03	-1.050680E-12	 1.961211E-12	 1.017912E-01	-1.130180E-12	 1.741891E-12	 1.130284E-01	-2.232411E-13	-1.784176E-13	 4.762613E-02	 4.363674E-13	 1.534305E-12	-3.737453E-02	 1.028293E-12	 1.638321E-12	-1.006593E-01	 1.835808E-12	 2.267516E-12	-1.288018E-01	 3.903606E-13
0.94097	 2.191961E+01	-7.483309E-12	-5.652144E-11	 1.171895E+01	 6.128790E-11	-1.153573E-11	-9.914053E+00	 2.403472E-11	-1.758583E-12	-1.110105E+01	 1.816523E-11	-3.595589E-12	-5.093064E+00	 1.884890E-11	-7.021294E-12	-1.432820E+00	 4.572225E-12	-1.052502E-11	-8.710523E-01	 4.524804E-12	-1.431145E-11	-1.009410E+00	 5.625500E-12	-1.110047E-11	-9.339480E-01	 6.669021E-12	-1.317102E-11	-9.328330E-01	 2.867414E-12	-1.111616E-11	-9.507689E-01	 1.702247E-12	-6.898126E-12	-6.446574E-01	 1.284641E-12	-5.537538E-12	-2.759060E-01	-2.634808E-12	-5.326724E-12	-3.360501E-02	 1.454420E-13	-1.698994E-12	 1.048727E-01	 2.749663E-12	-1.658524E-12	 1.408700E-01	 3.817892E-12	 1.105295E-12	 7.872516E-02	 3.396252E-12	 2.073104E-12	-1.616982E-02	 5.732722E-13	 2.788299E-12	-9.357486E-02	-9.457948E-13	 2.902838E-12	-1.349422E-01	-2.042514E-12
0.94648	 2.376684E+01	-2.294700E-12	-2.079889E-10	 1.266793E+01	 1.422212E-10	-7.424284E-11	-1.039643E+01	 2.074834E-11	-3.417050E-11	-1.065456E+01	 3.955707E-11	-6.796365E-12	-5.460826E+00	 2.534295E-11	 1.932902E-12	-2.323237E+00	 2.392135E-11	-7.291821E-12	-1.584010E+00	 1.549351E-11	-1.873097E-12	-1.239003E+00	 1.290095E-11	-2.521851E-12	-9.044787E-01	 1.245332E-11	 1.728489E-12	-9.812197E-01	 5.941467E-12	 5.180842E-12	-1.116107E+00	-2.001048E-12	 1.919331E-12	-8.169957E-01	-8.948563E-13	 2.833952E-12	-4.171763E-01	-6.810296E-12	 3.588889E-12	-1.160233E-01	-6.940569E-12	 9.336831E-13	 9.052841E-02	-4.271003E-12	 2.776679E-12	 1.688618E-01	-4.866982E-12	 2.596949E-12	 1.193866E-01	-2.144727E-12	 3.091833E-12	 1.600265E-02	-7.268239E-13	 2.658583E-12	-7.941249E-02	-6.508057E-14	 2.917146E-12	-1.409285E-01	 5.929067E-13
0.95197	 2.693646E+01	-2.417542E-11	 2.073170E-10	 1.377299E+01	-2.866489E-10	 5.323009E-11	-1.144596E+01	-1.065353E-10	 3.360216E-11	-9.424482E+00	-4.303720E-11	 2.005621E-11	-5.898247E+00	-2.779821E-11	 1.240134E-11	-3.730285E+00	 1.027968E-12	 1.156914E-11	-2.742308E+00	 4.450895E-12	 1.495717E-11	-1.665230E+00	 4.255895E-12	 1.878572E-11	-9.415848E-01	 1.282377E-12	 1.239274E-11	-1.109532E+00	 7.247850E-12	 1.483581E-11	-1.355473E+00	 1.064460E-13	 9.837386E-12	-1.047553E+00	 3.144517E-13	 1.933368E-12	-6.339952E-01	 8.469218E-12	 3.305704E-13	-2.639807E-01	 6.805249E-12	-2.772992E-12	 3.985900E-02	 6.581144E-12	-4.851029E-12	 1.854277E-01	 8.022418E-12	-4.597186E-12	 1.679205E-01	 8.091931E-12	-5.415674E-12	 6.332407E-02	 8.803061E-12	-4.544467E-12	-5.213072E-02	 8.589493E-12	-4.133356E-12	-1.424983E-01	 8.075658E-12
0.95743	 3.209520E+01	 3.723281E-11	-5.718487E-11	 1.460688E+01	 1.959210E-10	 1.605198E-11	-1.368274E+01	 7.945022E-11	 6.810957E-12	-6.860444E+00	 3.449044E-13	-1.754942E-11	-6.443962E+00	 1.315058E-11	-1.745683E-11	-5.813749E+00	-8.007210E-12	-2.137622E-11	-4.394301E+00	 4.105675E-14	-2.796572E-11	-2.263484E+00	-4.157401E-12	-1.915262E-11	-1.039238E+00	-1.226938E-11	-1.538130E-11	-1.332257E+00	-4.064331E-12	-2.175924E-11	-1.642736E+00	-1.839561E-13	-8.643763E-12	-1.303998E+00	-7.362455E-12	-9.612385E-12	-9.269356E-01	 1.840487E-12	-7.612594E-12	-4.839025E-01	 3.037773E-13	-4.386167E-12	-5.524216E-02	-9.403362E-13	-2.648526E-12	 1.829072E-01	-1.436244E-12	-4.427880E-13	 2.267391E-01	-2.419377E-12	 7.920531E-13	 1.350812E-01	-2.052574E-12	-1.505782E-12	 1.239239E-03	-2.416491E-12	-2.776277E-12	-1.276825E-01	-1.161536E-12
0.96285	 4.064090E+01	 2.626832E-11	 1.600248E-10	 1.563783E+01	-2.076159E-11	 6.348670E-11	-1.716277E+01	 5.233148E-11	-5.101693E-11	-2.058273E+00	 4.739966E-11	-2.921959E-11	-7.389014E+00	 2.607305E-11	-1.784692E-11	-9.113495E+00	-1.877778E-12	-2.562690E-11	-6.890521E+00	-6.716164E-12	-2.452084E-11	-3.277280E+00	 3.477273E-12	-2.125271E-11	-1.480421E+00	-1.357148E-11	-2.507327E-12	-1.918260E+00	-2.117470E-11	-1.279919E-11	-2.133859E+00	 1.519525E-12	-6.978781E-12	-1.717684E+00	-4.774352E-12	 3.282241E-12	-1.444136E+00	-1.164029E-11	-5.589843E-12	-8.853449E-01	-7.932825E-13	 3.373225E-12	-2.785974E-01	-7.222348E-12	-2.316675E-13	 1.025409E-01	-5.112017E-12	-1.596635E-12	 2.726858E-01	-3.280869E-12	-1.802844E-12	 2.286327E-01	-3.562002E-12	-4.293001E-13	 8.897297E-02	-4.163508E-12	-1.241005E-12	-8.819514E-02	-3.237900E-12
0.96825	 5.369051E+01	-5.729128E-11	-1.662219E-10	 1.349110E+01	 1.603784E-10	-3.491763E-11	-2.500705E+01	 2.113953E-11	-1.006073E-10	 6.694999E+00	 4.366576E-11	-5.293080E-11	-8.550332E+00	 5.363475E-11	-5.960806E-12	-1.358570E+01	 1.740870E-11	 5.567729E-12	-9.622063E+00	 1.245367E-11	 1.075695E-11	-3.962219E+00	-4.317043E-12	 1.789354E-11	-1.788712E+00	-1.506295E-11	 1.118516E-11	-2.512207E+00	-1.145684E-11	 2.190459E-11	-2.381698E+00	-1.412187E-11	 3.530465E-12	-1.954893E+00	-9.495200E-12	 7.064995E-12	-2.007077E+00	-2.285622E-12	-3.389820E-12	-1.325944E+00	 6.778036E-12	-6.563167E-12	-5.768655E-01	 9.733115E-13	-7.436630E-12	-5.736608E-02	 1.342701E-11	-4.782386E-12	 3.009369E-01	 9.761813E-12	-2.635107E-12	 3.363487E-01	 8.077204E-12	-1.211814E-13	 2.193744E-01	 7.764840E-12	 2.995052E-12	-4.668381E-04	 7.545564E-13
0.97361	 7.965555E+01	-3.131353E-11	 3.234827E-11	 1.363770E+01	-6.384243E-11	 7.018166E-11	-3.395478E+01	-8.988905E-11	 1.662169E-10	 2.441032E+01	-9.886546E-11	 5.212156E-11	-1.358619E+01	-9.129265E-12	 5.060286E-11	-2.336676E+01	-4.486517E-11	 4.426364E-11	-1.565184E+01	 4.996133E-12	 6.323423E-12	-7.001416E+00	-2.165320E-11	 1.048498E-12	-4.409501E+00	-1.704267E-11	-2.296951E-11	-4.854681E+00	 8.271447E-12	 7.083099E-12	-3.385538E+00	-2.464866E-11	-2.366517E-12	-2.969417E+00	-2.578445E-11	-1.312850E-11	-3.485085E+00	-1.022624E-11	 7.033901E-12	-2.374275E+00	-2.490695E-11	-3.651931E-12	-1.433301E+00	-1.346108E-11	 9.188667E-12	-5.830128E-01	-7.885492E-12	 6.783907E-12	 2.355222E-01	-9.038150E-12	 1.099264E-11	 4.740290E-01	-8.953840E-12	 1.342358E-11	 4.728536E-01	-9.723277E-12	 8.186348E-12	 2.080079E-01	-1.009766E-11
0.97895	 1.145610E+02	 1.445293E-10	 1.140540E-11	 8.940105E+00	-2.160889E-10	-5.112455E-11	-4.937404E+01	-9.098459E-11	 2.014799E-10	 5.063451E+01	-5.646863E-11	 3.783954E-11	-1.888512E+01	-7.128230E-11	 8.857413E-12	-3.482353E+01	-1.907762E-11	 2.441035E-11	-2.150580E+01	-2.776025E-11	-4.908118E-12	-9.775776E+00	 4.507799E-11	-3.546728E-12	-7.983099E+00	 9.439231E-12	-4.649697E-12	-7.936747E+00	 2.173104E-11	-8.571662E-12	-4.420966E+00	 3.495796E-11	 3.444773E-11	-4.494195E+00	-5.424614E-12	 2.592533E-12	-5.397311E+00	 5.494804E-12	 1.485135E-11	-3.748506E+00	-2.999543E-12	 2.193207E-11	-2.950130E+00	-1.749395E-12	 9.267528E-12	-1.541444E+00	-8.253421E-12	 4.308905E-12	-1.741720E-01	-5.298163E-12	 1.015515E-11	 3.384033E-01	-9.026960E-12	-2.050903E-12	 6.685866E-01	-8.868078E-13	-1.009394E-11	 4.603242E-01	 1.320971E-12
0.98425	 1.924956E+02	-4.178626E-11	 6.685264E-11	-3.470962E+01	-1.036627E-10	-2.956691E-10	-1.085371E+02	 2.744768E-10	-9.912318E-11	 1.187882E+02	 6.224652E-12	-3.193742E-11	-3.219047E+01	-4.452329E-13	-7.249680E-11	-5.984321E+01	 5.647487E-11	-7.231278E-12	-2.499502E+01	-3.302401E-11	 3.367966E-12	-6.244765E+00	 4.302929E-11	 5.443689E-11	-1.006627E+01	 3.580480E-11	 5.818621E-11	-9.518398E+00	-1.528895E-11	-1.040770E-11	-1.920217E+00	 6.962738E-11	 7.124864E-11	-4.402517E+00	 1.038410E-13	 1.357994E-11	-6.211329E+00	-6.807642E-12	-2.444070E-11	-4.633911E+00	 3.694739E-11	 1.562147E-11	-4.647727E+00	-2.943266E-11	-1.387043E-11	-1.977820E+00	-7.585670E-12	-3.702297E-12	-7.259557E-01	 4.279890E-12	-6.020583E-12	 1.238596E-01	-2.559267E-12	-2.032317E-12	 1.112109E+00	 1.304999E-11	 1.424675E-11	 7.448655E-01	 1.988627E-11
0.98953	 6.832818E+02	-1.947328E-10	 3.674865E-10	-2.006996E+02	-6.676223E-11	-2.106590E-10	-2.473056E+02	 3.507394E-10	-1.156177E-10	 5.819241E+02	-1.766914E-10	 1.292403E-10	-2.177253E+02	-1.987491E-11	-2.131339E-10	-2.106047E+02	 2.163331E-10	 1.435778E-11	-5.745800E+01	-1.251791E-11	 7.665769E-11	-6.019377E+01	-5.990189E-11	-1.082565E-10	-8.923552E+01	 3.131402E-10	 1.252800E-10	-4.624519E+01	-8.896271E-11	-6.426413E-11	-6.948345E+00	 2.918823E-11	-2.740463E-11	-2.346867E+01	 1.610469E-10	 3.314793E-11	-2.511486E+01	-1.774809E-10	-1.465168E-10	-2.140770E+01	 9.589853E-11	 1.632693E-11	-2.076984E+01	-6.716977E-11	-6.707191E-11	-1.669022E+01	-6.509374E-11	-6.349093E-11	-1.453311E+01	 5.079759E-11	-4.084743E-12	-2.646857E+00	-3.212882E-11	-2.447780E-11	 5.844653E-01	 3.472225E-12	-1.576327E-11	 1.755294E+00	 8.965943E-12
0.99478	 2.523108E+03	 2.273540E-10	-2.081050E-10	-1.125425E+03	 6.546997E-11	 5.188872E-10	-2.098722E+02	-2.975116E-10	-2.699972E-10	 2.453169E+03	 4.423110E-10	 5.077918E-10	-1.390480E+03	-3.827968E-10	-6.671608E-11	-2.220675E+02	 7.147060E-10	-3.365215E-10	-2.740370E+01	 3.059085E-10	 3.820691E-10	-5.555447E+02	-4.352381E-10	-6.812275E-10	-4.549939E+02	 1.102870E-09	-1.759192E-10	-1.294929E+02	-2.347376E-11	-7.991663E-11	-1.471717E+02	-4.509724E-10	-7.340857E-10	-1.882030E+02	 1.017125E-09	 9.011469E-11	-4.386443E+01	-4.417421E-10	-3.601511E-10	-5.107247E+01	-1.681197E-10	-2.878026E-10	-1.080547E+02	 5.329674E-10	 8.973540E-11	-8.669472E+01	-4.483934E-10	-2.642772E-10	-5.564874E+01	-4.837173E-11	 1.918733E-11	-8.213427E+01	 1.241914E-10	 3.541407E-11	-5.646596E+01	-2.666586E-10	-6.560926E-11	-3.943100E+00	 1.233151E-11
1.00000	 5.645801E+03	 1.814106E-09	-1.159131E-09	-2.549643E+03	 1.122172E-09	 1.737035E-09	 1.617391E+02	-1.615033E-10	-3.574059E-10	 5.558654E+03	 2.170767E-09	-2.986261E-10	-3.394905E+03	 1.735892E-10	 2.778454E-10	-9.501817E+01	 1.911654E-09	-1.464028E-09	-1.143659E+02	 3.008121E-10	-5.607607E-10	-1.493245E+03	 3.382133E-10	-1.386343E-10	-1.138048E+03	-3.670641E-10	-2.744328E-09	-3.464338E+02	 7.025228E-10	 7.456978E-10	-4.555170E+02	-8.554392E-10	-1.029758E-09	-4.984853E+02	-1.489145E-09	-2.228881E-09	-8.255430E+01	 2.156507E-09	 2.222839E-09	-9.495604E+01	-3.517893E-09	-2.226039E-09	-2.638136E+02	 7.767371E-10	 6.428015E-10	-2.199783E+02	 4.739138E-10	 1.318226E-09	-1.113874E+02	-2.691348E-09	-4.015864E-10	-2.570269E+02	 1.984484E-09	 2.051160E-09	-1.764897E+02	-7.537194E-10	 9.293104E-10	-7.040265E+00	 2.027389E-10
