r	   0/   0	   0/   1	   1/  -1	   1/   0	   1/   1	   2/  -1	   2/   0	   2/   1	   3/  -1	   3/   0	   3/   1	   4/  -1	   4/   0	   4/   1	   5/  -1	   5/   0	   5/   1	   6/  -1	   6/   0	   6/   1	   7/  -1	   7/   0	   7/   1	   8/  -1	   8/   0	   8/   1	   9/  -1	   9/   0	   9/   1	  10/  -1	  10/   0	  10/   1	  11/  -1	  11/   0	  11/   1	  12/  -1	  12/   0	  12/   1	  13/  -1	  13/   0	  13/   1	  14/  -1	  14/   0	  14/   1	  15/  -1	  15/   0	  15/   1	  16/  -1	  16/   0	  16/   1	  17/  -1	  17/   0	  17/   1	  18/  -1	  18/   0	  18/   1	  19/  -1	  19/   0	  19/   1
0.10206	 0.000000E+00	 9.821599E-14	 1.504849E-13	 4.319525E-01	-5.945021E-14	 6.386997E-14	 1.648975E+00	-9.420443E-15	 1.034876E-13	 3.673108E-01	-8.920796E-14	 2.156023E-14	 5.157638E-02	 8.667580E-14	 1.287014E-13	 3.136083E-02	-1.746831E-13	 1.873167E-14	 9.315676E-03	-4.685235E-13	-7.293601E-14	-3.796776E-03	 4.739192E-13	 2.923543E-14	-6.802313E-03	 9.512972E-13	-2.313647E-13	 1.058592E-03	-1.860285E-13	 1.373680E-13	 8.685887E-03	-1.432079E-12	 7.649651E-14	-1.265370E-03	 4.241821E-13	-6.737210E-14	-6.818895E-03	 1.839146E-12	-2.038881E-13	-9.968551E-04	-1.553140E-13	 5.769250E-13	 1.431849E-03	-8.899277E-13	 4.159133E-14	 1.167832E-03	-5.334069E-13	-5.463982E-13	 4.911657E-04	 1.490206E-13	-5.843751E-13	-9.740352E-05	 1.957257E-13	-5.649448E-14	-1.444503E-04	 6.496644E-14	 2.090047E-13	 2.289608E-05	-4.943830E-14
0.14434	 0.000000E+00	 1.242491E-13	-1.017257E-13	 6.778522E-01	 2.132261E-13	 1.267351E-13	 1.715622E+00	 3.731541E-14	 1.503690E-13	 5.700316E-01	-8.234126E-14	 6.706554E-14	 1.225757E-01	-3.635839E-14	 3.535183E-14	 4.711072E-02	-2.451574E-13	-3.775784E-14	 1.335533E-02	-5.304608E-13	 2.700844E-15	-5.456142E-03	 2.162132E-13	-2.915195E-13	-2.830604E-03	 9.250237E-13	-3.025709E-13	 2.637575E-03	 3.094089E-13	 2.479520E-13	 5.349706E-04	-1.088311E-12	 4.773222E-13	-3.019976E-03	-7.588054E-13	-4.579751E-13	-1.720413E-04	 1.389866E-12	-4.023096E-13	 1.400118E-03	 7.833802E-13	 4.310559E-13	-9.754469E-04	-2.882363E-13	-1.097236E-14	-7.069730E-04	-8.392758E-13	-1.391803E-13	 4.671086E-04	-4.098784E-13	-1.091284E-13	 3.447370E-04	 2.207619E-14	 4.038233E-15	-9.158584E-05	 1.037718E-13	 7.563971E-14	-9.514183E-05	 6.263609E-15
0.17678	 0.000000E+00	 1.736303E-14	-3.342599E-13	 8.100510E-01	 1.494480E-13	 1.065216E-13	 1.771253E+00	-4.631110E-14	 3.721378E-14	 7.219081E-01	 1.349299E-13	 1.819848E-13	 2.015413E-01	 2.230416E-13	 1.325047E-13	 7.026981E-02	-1.262500E-13	 1.695232E-14	 1.847098E-02	-3.356892E-13	 1.137177E-14	-5.829890E-03	-1.709253E-13	-1.471397E-13	-5.836017E-05	 2.019864E-13	-3.035850E-13	 6.847930E-03	 2.679961E-13	 2.834282E-13	-3.578120E-03	-4.834154E-13	 4.242884E-13	-8.741019E-03	-8.984961E-13	-4.525912E-13	 9.934718E-04	 2.555711E-13	-2.161010E-13	 5.227590E-03	 9.154413E-13	 2.942111E-13	 2.814813E-04	 6.620516E-13	-5.531785E-13	-1.989796E-03	-3.560395E-13	-3.103121E-13	-7.324628E-04	-5.785089E-13	 3.781872E-13	 1.983107E-04	-3.226701E-13	 4.812237E-13	 8.218186E-05	-1.831718E-13	 1.146251E-13	-8.306608E-05	-1.790074E-14
0.20412	 0.000000E+00	 2.842788E-13	-4.890225E-13	 9.005185E-01	-4.364029E-14	-1.272503E-13	 1.814524E+00	-2.269110E-14	-1.535561E-13	 8.496996E-01	 1.955531E-14	-1.237929E-13	 2.808323E-01	 1.352141E-13	-2.812748E-14	 9.793781E-02	 1.923421E-13	 1.194838E-13	 2.649300E-02	-1.506388E-13	 1.965220E-14	-5.605732E-03	 1.272753E-13	 2.126911E-13	-4.694639E-04	-1.667101E-13	-1.197767E-13	 1.013490E-02	 2.288749E-13	 2.707291E-13	-1.670580E-03	 3.405095E-14	 2.933880E-13	-1.122170E-02	-3.681691E-13	-3.393044E-13	-2.440098E-03	-1.343102E-13	-1.432164E-13	 5.135907E-03	 4.708877E-13	 2.964607E-13	 2.678147E-03	 7.987302E-13	-6.140245E-13	-8.678414E-04	 2.014659E-13	-6.629433E-13	-1.260553E-03	-1.450127E-13	 1.187668E-13	-3.783383E-04	-2.304544E-13	 6.529199E-13	-7.198858E-05	-3.554909E-13	 4.259023E-13	-1.628429E-04	-3.716688E-13
0.22822	 0.000000E+00	 1.751313E-13	-9.702392E-15	 9.523192E-01	-1.052210E-13	-1.151070E-13	 1.840083E+00	-1.380725E-13	-9.664266E-14	 9.491432E-01	-1.620828E-13	-1.101380E-14	 3.530095E-01	-2.726688E-13	-2.890073E-13	 1.287168E-01	 7.130011E-15	-2.363333E-13	 3.790610E-02	-2.027049E-14	-4.666647E-14	-2.767857E-03	 1.737916E-13	 9.264752E-14	-2.585067E-03	 2.330813E-13	 2.200743E-13	 9.278718E-03	 6.659841E-14	 2.074079E-13	 1.653964E-03	 1.910676E-13	 2.922828E-13	-9.177298E-03	-8.608305E-14	-3.602792E-14	-5.154474E-03	-4.796492E-13	-1.418754E-15	 2.494509E-03	-4.794631E-14	 4.010803E-13	 3.217837E-03	 3.063925E-13	 2.390593E-14	 4.964450E-04	 1.477313E-14	-3.165547E-13	-8.271471E-04	-1.189926E-13	-1.849512E-13	-4.994394E-04	-7.655899E-15	 1.943137E-13	-1.527950E-04	 1.149321E-14	 2.577401E-13	-2.228643E-04	-1.961832E-13
0.25000	 0.000000E+00	 4.131128E-13	-3.492218E-13	 9.703827E-01	 9.156488E-13	-5.019073E-13	 1.847454E+00	 7.063660E-13	 1.459730E-13	 1.021004E+00	 1.598161E-13	 9.018830E-14	 4.128773E-01	 2.021088E-13	 1.565976E-13	 1.577347E-01	-9.979591E-14	 2.074655E-15	 5.033185E-02	 2.568628E-14	-7.279545E-15	 2.192711E-03	-4.793413E-14	 5.914785E-14	-3.564941E-03	 5.088256E-14	 9.864089E-14	 6.948525E-03	-1.732447E-13	-2.812370E-14	 3.208926E-03	-2.070959E-14	 8.570792E-14	-6.592579E-03	 9.015619E-15	-2.205239E-13	-5.824684E-03	-1.015489E-13	-3.767299E-13	 4.876782E-04	-2.642289E-14	-1.608024E-13	 2.684396E-03	 3.416927E-13	-5.692488E-14	 1.088266E-03	 2.742348E-13	-5.082197E-14	-3.616481E-04	 1.344461E-14	-4.640281E-14	-4.388412E-04	-4.599852E-14	-3.800245E-14	-1.612606E-04	 9.442680E-14	 2.153052E-14	-1.914301E-04	 4.753351E-14
0.27003	 0.000000E+00	 2.318874E-14	-6.012956E-13	 9.620625E-01	 7.245031E-13	-2.878149E-13	 1.838645E+00	 3.055867E-13	-8.793239E-14	 1.068116E+00	 2.370713E-13	-1.569067E-13	 4.588875E-01	 3.102218E-13	 2.132099E-13	 1.825648E-01	-7.407498E-14	 9.209396E-14	 6.203291E-02	 1.023794E-14	 1.889545E-13	 7.833137E-03	 6.083280E-14	 9.739870E-14	-3.389967E-03	 1.010318E-13	 9.466953E-14	 4.514645E-03	 1.932367E-15	 1.101893E-13	 3.451560E-03	 1.646892E-13	 1.485875E-13	-4.380368E-03	 2.513190E-13	 1.260921E-13	-5.448463E-03	 9.016499E-14	-2.007266E-13	-9.039918E-04	-8.910705E-14	-2.700696E-13	 1.780778E-03	 1.582905E-13	-3.003231E-13	 1.275419E-03	 2.246017E-13	-1.283758E-13	 9.250815E-05	 4.539189E-14	 8.161285E-14	-2.652169E-04	-5.705076E-14	-9.566689E-15	-1.705882E-04	 2.875161E-14	-1.965586E-13	-2.035258E-04	 7.565266E-14
0.28868	 0.000000E+00	 8.099989E-13	-1.507182E-13	 9.350560E-01	 2.282702E-14	-7.851332E-14	 1.817299E+00	-5.962054E-14	-3.275445E-13	 1.094801E+00	 1.811692E-13	-1.656588E-13	 4.916427E-01	 4.854638E-14	-2.312525E-13	 2.022129E-01	 1.222117E-13	-1.021905E-13	 7.212385E-02	-2.345125E-15	-1.125618E-13	 1.333350E-02	 3.284406E-13	 5.613409E-14	-2.423118E-03	 3.805668E-13	-3.980275E-14	 2.416338E-03	 3.842696E-13	 1.421186E-13	 2.795674E-03	 9.135266E-14	 2.076718E-13	-2.897299E-03	 4.068374E-13	 2.946544E-13	-4.603793E-03	 7.574000E-14	 2.588418E-13	-1.598109E-03	-2.076366E-13	-1.958298E-15	 8.837096E-04	-3.856832E-14	-2.199556E-13	 1.067169E-03	-8.962443E-14	-1.969737E-13	 3.311797E-04	-2.693012E-13	 4.202509E-14	-4.022849E-05	-2.970943E-13	 1.225836E-13	-7.102990E-05	-1.036023E-13	 1.060140E-13	-1.614908E-04	 9.066050E-14
0.30619	 0.000000E+00	-1.505398E-12	 9.042294E-13	 8.970894E-01	-5.219609E-13	 5.493812E-13	 1.788153E+00	 1.417411E-15	 2.316890E-13	 1.106555E+00	 5.113561E-14	 4.005485E-13	 5.135241E-01	 1.414152E-13	 3.951840E-14	 2.169870E-01	 2.453743E-13	-1.511314E-13	 8.040084E-02	 1.094780E-13	-1.970203E-13	 1.830013E-02	 2.339831E-13	-1.904068E-13	-1.025661E-03	 1.556257E-13	-6.256906E-14	 7.880966E-04	 3.545145E-14	-6.667560E-14	 1.660775E-03	-1.151401E-13	 1.239078E-13	-2.172280E-03	 7.648832E-14	 6.240278E-14	-3.767461E-03	 2.063551E-13	 1.094149E-13	-1.809499E-03	-1.340948E-14	 5.742551E-14	 2.178262E-04	-5.623740E-14	-1.921385E-13	 7.010212E-04	-9.814148E-14	-2.410708E-13	 3.442416E-04	-1.337906E-13	 4.541189E-15	 9.795706E-05	-1.518470E-13	 2.765231E-13	 5.086296E-05	-1.246852E-13	 3.032802E-13	-6.652176E-05	-3.005543E-14
0.32275	 0.000000E+00	 1.674950E-12	-3.478608E-13	 8.556039E-01	 1.218149E-13	-1.686591E-13	 1.756449E+00	-5.912292E-15	-1.742591E-13	 1.109493E+00	-1.733536E-13	-2.191522E-13	 5.281147E-01	 1.872154E-13	-1.053694E-13	 2.282310E-01	 1.731406E-14	-2.152593E-13	 8.726701E-02	 1.312003E-13	-1.331585E-13	 2.271741E-02	 2.537178E-14	-9.879251E-15	 5.671099E-04	-1.189075E-13	 8.033833E-14	-3.929436E-04	-1.704776E-13	 6.800725E-14	 3.549083E-04	-8.976568E-14	 9.410986E-14	-2.045710E-03	-3.242276E-14	-9.347670E-15	-3.171160E-03	 2.571992E-13	-1.340292E-13	-1.800510E-03	 1.362678E-13	-1.361280E-13	-2.169829E-04	-1.111218E-13	-2.542944E-13	 3.356893E-04	-6.369037E-14	-2.689147E-13	 2.292626E-04	 1.723965E-14	-1.997134E-13	 1.327192E-04	 5.039632E-14	-5.572020E-14	 1.341457E-04	 4.153836E-14	 1.406955E-14	 3.239307E-05	 6.974442E-14
0.33850	 0.000000E+00	-6.301320E-13	 4.371364E-13	 8.160458E-01	-1.258626E-12	 5.293446E-15	 1.726295E+00	-1.082131E-12	-9.820320E-14	 1.108726E+00	-1.134636E-12	-5.758175E-13	 5.388438E-01	-7.593314E-13	-3.252582E-13	 2.375229E-01	-8.715256E-13	-2.180209E-13	 9.335019E-02	-6.980917E-13	-1.728519E-13	 2.677003E-02	-5.464094E-13	 3.394675E-13	 2.257576E-03	-5.114438E-13	 3.502616E-13	-1.197277E-03	-3.792253E-13	 4.015138E-13	-9.442086E-04	-3.930969E-13	 2.747814E-13	-2.326378E-03	-1.167854E-13	 9.901077E-14	-2.869299E-03	 1.883845E-13	 7.392504E-14	-1.749310E-03	 2.076494E-13	-1.119048E-14	-4.960868E-04	 1.379264E-13	-1.005477E-13	 2.790894E-05	 5.307532E-14	-1.138333E-13	 6.508820E-05	 5.267783E-14	-8.934075E-14	 9.291370E-05	 1.132843E-13	-9.493996E-14	 1.645616E-04	 9.695075E-14	-5.020638E-14	 1.060916E-04	 7.054376E-14
0.35355	 0.000000E+00	-1.739369E-12	 9.885960E-13	 7.806292E-01	-1.519407E-12	 8.801145E-13	 1.699352E+00	-1.485520E-12	 4.563909E-13	 1.106952E+00	-1.262837E-12	 3.113581E-13	 5.477098E-01	-1.225261E-12	-1.741489E-13	 2.458239E-01	-9.975672E-13	-2.662764E-13	 9.904649E-02	-9.766603E-13	-2.788698E-13	 3.059961E-02	-9.047875E-13	-2.353937E-13	 3.995706E-03	-5.298289E-13	 6.433462E-14	-1.701203E-03	-5.767777E-13	 2.936050E-13	-2.148512E-03	-6.410250E-13	 1.755226E-13	-2.857501E-03	-1.733007E-13	 2.003474E-13	-2.833754E-03	-2.347482E-14	 3.217331E-13	-1.747516E-03	-6.258988E-14	 2.973611E-13	-6.929968E-04	 1.056696E-14	 3.348191E-13	-2.173291E-04	 4.664651E-15	 3.896915E-13	-1.039891E-04	 2.998174E-14	 2.535436E-13	 1.108291E-05	 2.663354E-14	 1.077383E-13	 1.491594E-04	 2.076406E-14	 3.975647E-14	 1.447242E-04	-4.375817E-14
0.36799	 0.000000E+00	 2.048056E-12	-1.393530E-12	 7.493318E-01	 2.151654E-12	-1.003438E-12	 1.675504E+00	 1.622785E-12	-6.988821E-13	 1.104943E+00	 1.622327E-12	-2.889950E-13	 5.553882E-01	 9.674269E-13	-5.270548E-13	 2.534178E-01	 7.168371E-13	-5.142150E-13	 1.044456E-01	 4.327890E-13	-4.529809E-13	 3.423348E-02	 1.972193E-13	-6.156546E-13	 5.726618E-03	 1.757361E-13	-4.663731E-13	-1.979840E-03	-2.794345E-14	-2.452727E-13	-3.222363E-03	-1.514422E-13	-1.399008E-13	-3.526515E-03	 3.094373E-14	-2.210849E-13	-3.011015E-03	 9.785931E-14	-2.081856E-13	-1.832582E-03	 1.046578E-13	-4.415048E-14	-8.610584E-04	-9.506695E-14	 8.255980E-14	-4.135866E-04	-2.295439E-13	 1.772948E-13	-2.567510E-04	-1.860007E-13	 1.933445E-13	-8.605398E-05	-1.196858E-13	 1.142566E-13	 1.031661E-04	-7.387695E-14	 1.977261E-14	 1.502937E-04	-3.510694E-14
0.38188	 0.000000E+00	 9.008958E-13	-1.559581E-12	 7.215544E-01	 1.391605E-12	-1.734607E-12	 1.654216E+00	 1.578631E-12	-1.224705E-12	 1.102826E+00	 1.606917E-12	-1.321224E-12	 5.620712E-01	 1.298686E-12	-9.453220E-13	 2.603461E-01	 9.626948E-13	-7.774910E-13	 1.095298E-01	 8.937398E-13	-4.409681E-13	 3.765938E-02	 6.728602E-13	-4.200308E-13	 7.404776E-03	 3.208725E-13	-3.295374E-13	-2.097452E-03	 1.379530E-13	-3.195879E-13	-4.159839E-03	-4.825719E-14	-2.391078E-13	-4.259085E-03	 2.476800E-14	-2.835219E-13	-3.346763E-03	 1.066853E-13	-3.411449E-13	-2.012861E-03	 1.807330E-13	-3.574345E-13	-1.035458E-03	-4.485091E-14	-2.836174E-13	-5.800703E-04	-1.171613E-13	-1.785820E-13	-3.869571E-04	-1.137217E-13	-1.268731E-13	-1.801130E-04	-2.172020E-14	-1.943309E-13	 4.343386E-05	 1.062176E-13	-1.785212E-13	 1.319096E-04	 1.258024E-13
0.39528	 0.000000E+00	 1.153068E-12	 3.523701E-14	 6.969425E-01	-5.560909E-13	 4.054836E-13	 1.635140E+00	-5.509284E-13	 4.164133E-13	 1.100759E+00	-5.686698E-13	 1.337931E-13	 5.679627E-01	-2.914107E-13	 7.284856E-14	 2.666834E-01	-1.680056E-13	-1.357869E-13	 1.143099E-01	 1.050650E-13	-3.154979E-13	 4.088451E-02	 3.586411E-13	-3.273602E-13	 9.010705E-03	 2.512999E-13	-4.003070E-13	-2.100281E-03	 2.350662E-13	-4.210641E-13	-4.969563E-03	 1.460803E-13	-4.386607E-13	-5.009816E-03	 9.436324E-14	-3.327959E-13	-3.795348E-03	 1.917008E-13	-2.316558E-13	-2.282425E-03	 1.300944E-13	-2.507982E-13	-1.237162E-03	 4.425394E-14	-1.940603E-13	-7.356787E-04	-5.541704E-14	-1.573108E-13	-4.981011E-04	-1.332607E-13	-1.241232E-13	-2.622032E-04	-1.003200E-13	-1.206321E-13	-1.670870E-05	-2.633687E-16	-1.604038E-13	 1.009862E-04	 1.684332E-13
0.40825	 0.000000E+00	-3.578862E-12	 2.365461E-12	 6.753965E-01	-1.739511E-12	 1.988357E-12	 1.618147E+00	-1.460803E-12	 1.839480E-12	 1.099003E+00	-1.007668E-12	 1.939238E-12	 5.733417E-01	-7.222754E-13	 1.767841E-12	 2.725723E-01	-4.269509E-13	 1.687002E-12	 1.188433E-01	-2.097259E-13	 1.250967E-12	 4.394390E-02	 1.966510E-13	 1.114755E-12	 1.055052E-02	 2.466657E-13	 5.776292E-13	-2.016291E-03	 4.559505E-13	 2.217558E-13	-5.665954E-03	 4.186064E-13	-2.157284E-14	-5.753774E-03	 2.753120E-13	-3.099310E-13	-4.322066E-03	 2.141809E-13	-4.726161E-13	-2.629573E-03	 1.640845E-13	-4.481821E-13	-1.476817E-03	-5.174393E-14	-1.935946E-13	-8.960203E-04	-1.149064E-13	 6.153967E-14	-5.986962E-04	-9.958071E-14	 1.433342E-13	-3.314373E-04	-1.242242E-14	 1.267032E-13	-6.980864E-05	 6.336348E-14	 8.463791E-14	 6.725319E-05	 1.029304E-13
0.42081	 0.000000E+00	-4.628385E-13	 5.881548E-14	 6.566987E-01	 3.723330E-13	-2.205467E-13	 1.603039E+00	-1.021811E-13	-9.351709E-15	 1.097683E+00	 7.560294E-14	-5.770986E-15	 5.783874E-01	 1.474286E-13	 3.026128E-13	 2.781127E-01	-1.059353E-13	 7.963731E-13	 1.231733E-01	-1.023962E-13	 1.015383E-12	 4.686795E-02	-1.327569E-13	 1.187906E-12	 1.203603E-02	-3.407726E-14	 1.178863E-12	-1.863475E-03	-1.002249E-13	 1.117744E-12	-6.264610E-03	-1.165068E-13	 8.496772E-13	-6.478747E-03	-3.914962E-14	 5.100711E-13	-4.902339E-03	-2.768227E-14	 2.112164E-13	-3.041870E-03	-3.175468E-14	 1.983801E-14	-1.758220E-03	-2.094169E-13	-4.751048E-14	-1.071987E-03	-2.423648E-13	 4.788132E-15	-6.980182E-04	-1.693828E-13	 9.805489E-14	-3.915549E-04	-5.848835E-14	 1.556771E-13	-1.137165E-04	-3.412077E-17	 1.537365E-13	 3.689855E-05	-2.509509E-14
0.43301	 0.000000E+00	 1.587866E-12	-5.609672E-13	 6.406129E-01	 2.035915E-12	-5.474799E-15	 1.589648E+00	 1.862643E-12	-3.092306E-14	 1.096879E+00	 1.241753E-12	-3.070571E-13	 5.832405E-01	 9.869734E-13	-3.207962E-13	 2.833930E-01	 2.932704E-13	-4.199852E-13	 1.273428E-01	 2.012280E-13	-3.249333E-13	 4.968678E-02	-5.211970E-14	-3.528769E-13	 1.348176E-02	-3.905754E-14	 1.702020E-13	-1.652810E-03	-4.566217E-13	 4.192171E-13	-6.779142E-03	-4.109678E-13	 4.025415E-13	-7.179490E-03	-3.610643E-13	 5.497978E-13	-5.519850E-03	-2.478180E-13	 5.885358E-13	-3.508994E-03	-2.673128E-13	 3.673373E-13	-2.081796E-03	-1.946602E-13	 1.314592E-13	-1.270439E-03	-1.852340E-13	 1.991120E-15	-8.038830E-04	-2.205381E-13	 4.981878E-14	-4.478211E-04	-1.731495E-13	 5.122468E-14	-1.495544E-04	-9.387110E-14	 2.719164E-14	 1.277309E-05	-9.529112E-14
0.44488	 0.000000E+00	 8.742493E-14	 4.006168E-14	 6.271400E-01	-1.328035E-12	-3.031940E-13	 1.578044E+00	-6.481932E-14	-8.671730E-13	 1.096851E+00	-6.358723E-13	-7.580712E-13	 5.881730E-01	-6.229069E-13	-7.606417E-13	 2.885908E-01	-3.497975E-13	-8.994248E-13	 1.314492E-01	-1.410046E-13	-9.214618E-13	 5.245824E-02	 1.829510E-13	-8.203110E-13	 1.491691E-02	 3.442203E-13	-5.064129E-13	-1.384613E-03	 5.024321E-13	-4.695976E-13	-7.218566E-03	 4.000734E-13	-2.606540E-13	-7.854134E-03	 3.702500E-13	-1.353059E-13	-6.164420E-03	 4.032021E-13	-3.603169E-14	-4.023630E-03	 3.597440E-13	-4.002676E-14	-2.447022E-03	 2.628922E-13	 3.877250E-14	-1.495729E-03	-3.153682E-14	 5.484544E-14	-9.223337E-04	-2.745172E-13	 2.153705E-14	-5.054825E-04	-2.684295E-13	 1.097197E-14	-1.800866E-04	-1.687417E-13	-5.465891E-14	-4.751007E-06	-6.670156E-14
0.45644	 0.000000E+00	-3.224831E-12	 2.457455E-12	 6.163759E-01	-3.525098E-12	 1.496366E-12	 1.568376E+00	-2.660475E-12	 8.159586E-13	 1.097911E+00	-2.098196E-12	 2.283167E-13	 5.934931E-01	-1.734458E-12	-4.778124E-13	 2.939111E-01	-1.024499E-12	-8.073417E-13	 1.356084E-01	-7.900268E-13	-1.069928E-12	 5.525099E-02	-2.157692E-13	-8.249817E-13	 1.637855E-02	-1.358006E-13	-9.654888E-13	-1.051564E-03	 5.520912E-13	-6.921954E-13	-7.587894E-03	 3.885767E-13	-3.020344E-13	-8.502372E-03	 3.828325E-13	-2.522118E-14	-6.829462E-03	 4.367660E-13	 3.000493E-14	-4.580235E-03	 4.454126E-13	 6.824737E-14	-2.852941E-03	 3.243326E-13	 1.127560E-13	-1.750829E-03	 1.968331E-13	 1.302810E-13	-1.058266E-03	 4.626709E-14	 1.631998E-13	-5.695045E-04	 1.065736E-14	 1.888990E-13	-2.088364E-04	 7.342980E-14	 1.674750E-13	-1.683984E-05	 9.023735E-14
0.46771	 0.000000E+00	 3.043831E-12	 7.913279E-13	 6.082761E-01	 1.577416E-12	 2.091975E-12	 1.560664E+00	 5.235814E-14	 2.846186E-12	 1.100225E+00	 2.728666E-13	 2.711571E-12	 5.993978E-01	-2.995324E-13	 2.191874E-12	 2.994913E-01	-4.774540E-13	 1.563138E-12	 1.399000E-01	-5.982817E-13	 8.073097E-13	 5.811557E-02	-7.486678E-13	 2.769050E-13	 1.789717E-02	-8.140390E-13	-5.875187E-13	-6.452597E-04	-4.232496E-13	-7.220160E-13	-7.889823E-03	-2.562483E-13	-7.326962E-13	-9.124263E-03	-1.265743E-13	-5.232558E-13	-7.510306E-03	-8.223673E-14	-2.873853E-13	-5.174286E-03	-5.973423E-14	-1.660279E-15	-3.298270E-03	 5.298786E-14	 1.294060E-13	-2.037688E-03	 1.636104E-13	 1.931296E-13	-1.215537E-03	 2.429818E-13	 1.074236E-13	-6.442497E-04	 2.956613E-13	 1.444137E-14	-2.394171E-04	 3.565465E-13	 6.659270E-14	-2.542810E-05	 4.695124E-13
0.47871	 0.000000E+00	-1.444903E-12	-2.412797E-12	 6.028065E-01	 2.103912E-12	-2.337481E-12	 1.554949E+00	 2.338055E-12	-1.912094E-12	 1.103961E+00	 1.881885E-12	-1.335956E-12	 6.060804E-01	 1.334746E-12	-3.998788E-13	 3.054698E-01	 7.539941E-13	 1.055853E-13	 1.444076E-01	 7.322913E-13	 6.705095E-13	 6.110595E-02	 1.251588E-14	 4.347634E-13	 1.950675E-02	 6.521332E-14	 1.302380E-13	-1.526181E-04	-1.496660E-13	-3.028692E-13	-8.123087E-03	 2.221637E-14	-6.393106E-13	-9.718850E-03	 1.949214E-13	-8.608724E-13	-8.203513E-03	 3.086689E-13	-7.612753E-13	-5.802631E-03	 3.306389E-13	-6.544777E-13	-3.782074E-03	 3.845010E-13	-6.292313E-13	-2.357701E-03	 2.751488E-13	-5.205126E-13	-1.397094E-03	 1.422593E-13	-3.629637E-13	-7.333477E-04	 2.007377E-13	-2.723168E-13	-2.752533E-04	 2.490049E-13	-2.492606E-13	-3.289554E-05	 3.488571E-13
0.48947	 0.000000E+00	 2.318233E-13	-7.641965E-13	 5.995690E-01	-5.638279E-13	-6.236759E-13	 1.550946E+00	-8.609948E-13	-8.407799E-13	 1.108953E+00	-1.407777E-12	-6.967170E-13	 6.134741E-01	-1.072028E-12	-3.531122E-13	 3.118199E-01	-8.924224E-13	 6.452686E-14	 1.491211E-01	-5.191609E-13	 5.120542E-13	 6.422582E-02	-4.436696E-13	 7.539818E-13	 2.121702E-02	-1.244651E-13	 1.215395E-12	 4.311073E-04	-4.646889E-13	 1.037519E-12	-8.287548E-03	-5.263667E-13	 1.102038E-12	-1.028481E-02	-4.032188E-13	 8.738076E-13	-8.905286E-03	-2.503837E-13	 6.692984E-13	-6.461560E-03	 8.551997E-15	 4.317940E-13	-4.302652E-03	 9.612809E-14	 1.141476E-13	-2.711420E-03	 1.323219E-13	-1.306815E-13	-1.605042E-03	 1.221796E-13	-1.892709E-13	-8.396632E-04	-2.552416E-14	-1.924786E-13	-3.192547E-04	-1.374227E-13	-8.263561E-14	-4.151628E-05	-1.468802E-13
0.50000	 0.000000E+00	-2.056689E-12	 1.646546E-12	 5.979383E-01	-1.607739E-12	 1.316730E-12	 1.548171E+00	-1.921098E-12	 5.253108E-13	 1.114820E+00	-1.267512E-12	 1.660445E-13	 6.213362E-01	-6.554422E-13	-3.595680E-13	 3.183999E-01	-1.905032E-13	-3.882836E-13	 1.539622E-01	-9.417924E-14	-7.821560E-13	 6.743865E-02	 4.014907E-13	-6.757499E-13	 2.301515E-02	 5.687386E-13	-2.323303E-13	 1.101060E-03	 3.114814E-13	 1.123393E-13	-8.385091E-03	 1.219995E-13	 7.102639E-13	-1.082049E-02	-1.802762E-13	 9.428201E-13	-9.611556E-03	-4.234023E-13	 1.251662E-12	-7.147209E-03	-3.626668E-13	 1.189045E-12	-4.857879E-03	-2.920038E-13	 8.471913E-13	-3.098625E-03	-1.612145E-13	 4.130417E-13	-1.840490E-03	 3.104929E-14	 1.959729E-14	-9.650431E-04	 2.769148E-13	-1.467737E-13	-3.735235E-04	 4.286044E-13	-1.639938E-13	-5.313434E-05	 3.098318E-13
0.51031	 0.000000E+00	 3.433169E-12	-2.064012E-12	 5.975224E-01	 1.927031E-12	-1.365210E-12	 1.546475E+00	 1.137548E-12	-8.642555E-13	 1.121469E+00	 6.173624E-13	-8.287546E-13	 6.296458E-01	 2.268336E-13	-1.192952E-12	 3.252218E-01	 1.911766E-13	-1.533770E-12	 1.589467E-01	 8.652226E-14	-2.021007E-12	 7.075796E-02	 4.123079E-13	-2.210279E-12	 2.491141E-02	 4.866625E-13	-2.340958E-12	 1.862568E-03	 6.521858E-13	-2.276860E-12	-8.413350E-03	 9.211344E-13	-1.955626E-12	-1.132352E-02	 7.617995E-13	-1.311444E-12	-1.031953E-02	 5.610764E-13	-6.713256E-13	-7.857709E-03	 2.405775E-13	-1.542735E-13	-5.447376E-03	-2.725997E-13	 3.420072E-13	-3.520175E-03	-6.764145E-13	 5.852810E-13	-2.104946E-03	-7.964645E-13	 5.575436E-13	-1.111276E-03	-7.212071E-13	 4.083264E-13	-4.399338E-04	-3.885069E-13	 1.504552E-13	-6.944929E-05	-4.030869E-15
0.52042	 0.000000E+00	 3.476896E-13	-5.485673E-13	 5.980902E-01	 1.057639E-12	 1.795435E-13	 1.545906E+00	 7.766591E-13	 1.511461E-12	 1.128984E+00	-2.792578E-13	 2.244948E-12	 6.385204E-01	-8.333865E-13	 2.564332E-12	 3.323989E-01	-1.764807E-12	 2.196885E-12	 1.641569E-01	-2.062182E-12	 1.796077E-12	 7.423556E-02	-2.239059E-12	 1.382078E-12	 2.693594E-02	-2.290365E-12	 5.449101E-13	 2.731102E-03	-1.684016E-12	 2.474824E-14	-8.365278E-03	-1.208471E-12	-4.387363E-13	-1.179037E-02	-7.523086E-13	-8.205529E-13	-1.102704E-02	-2.342989E-13	-9.719311E-13	-8.592285E-03	-2.150941E-14	-7.761175E-13	-6.071876E-03	-4.024164E-14	-4.417095E-13	-3.977943E-03	-3.538499E-13	-1.876486E-13	-2.400800E-03	-6.612510E-13	-3.778352E-14	-1.280823E-03	-7.927712E-13	 4.982097E-14	-5.207993E-04	-8.224367E-13	 2.096026E-13	-9.244198E-05	-7.958726E-13
0.53033	 0.000000E+00	-4.243214E-12	 3.661044E-12	 5.989553E-01	-2.302746E-12	 2.595920E-12	 1.545904E+00	-1.371934E-12	 1.819488E-12	 1.136860E+00	-1.168132E-14	 1.525159E-12	 6.476028E-01	 9.766347E-13	 1.531275E-12	 3.397196E-01	 6.331769E-13	 1.597838E-12	 1.694783E-01	 6.564312E-13	 1.904123E-12	 7.781258E-02	 1.130127E-13	 2.053271E-12	 2.906118E-02	-7.590213E-14	 1.880489E-12	 3.696026E-03	-1.221001E-13	 1.843974E-12	-8.242579E-03	-3.886081E-13	 1.294055E-12	-1.221824E-02	-3.225172E-13	 6.538591E-13	-1.172946E-02	-1.226476E-13	 4.212384E-14	-9.346704E-03	-4.224408E-14	-3.484614E-13	-6.728803E-03	 1.108994E-13	-5.719999E-13	-4.471234E-03	 1.963962E-13	-6.742359E-13	-2.728750E-03	 2.440391E-13	-5.648005E-13	-1.475166E-03	 2.040166E-13	-4.416770E-13	-6.179060E-04	 7.568528E-14	-3.602291E-13	-1.238304E-04	-1.668964E-13
0.54006	 0.000000E+00	-7.491108E-12	 7.024438E-12	 5.992129E-01	-7.118472E-12	 4.839395E-12	 1.545531E+00	-5.425121E-12	 2.721811E-12	 1.144203E+00	-2.911601E-12	 9.414958E-13	 6.561992E-01	-1.422262E-12	-4.103326E-13	 3.467245E-01	-1.157914E-13	-9.781168E-13	 1.746356E-01	 5.895545E-13	-1.045554E-12	 8.133366E-02	 7.523488E-13	-6.547620E-13	 3.120473E-02	 9.400810E-13	 2.382115E-14	 4.718893E-03	 7.087193E-13	 5.697495E-13	-8.058062E-03	 4.537794E-13	 4.841036E-13	-1.260649E-02	 2.375056E-13	 5.568865E-13	-1.242051E-02	 3.675219E-14	 3.072441E-13	-1.011396E-02	-1.083202E-13	 7.550841E-14	-7.412707E-03	-1.597965E-13	-7.380609E-14	-4.996616E-03	-1.446160E-13	-1.409643E-13	-3.087049E-03	-8.273663E-14	-1.181930E-13	-1.693770E-03	-4.251385E-14	-1.639508E-14	-7.315178E-04	-2.758824E-14	 4.223913E-14	-1.643230E-04	 8.813881E-14
0.54962	 0.000000E+00	 7.288096E-12	-4.208987E-12	 5.987302E-01	 1.497534E-12	-2.129548E-12	 1.544622E+00	 4.452881E-13	-7.749656E-13	 1.150847E+00	-1.558183E-13	-2.710772E-13	 6.641697E-01	-9.405829E-13	 1.385163E-13	 3.533116E-01	-4.962773E-13	 1.434146E-13	 1.795613E-01	-7.299413E-13	-1.380840E-13	 8.475513E-02	-3.928495E-13	-9.111050E-14	 3.333910E-02	-6.222744E-13	-1.505387E-13	 5.785177E-03	-6.523581E-13	-1.749686E-13	-7.815892E-03	-4.575531E-13	 3.659568E-13	-1.295286E-02	-3.192451E-13	 7.025215E-13	-1.309566E-02	-2.235994E-13	 7.350630E-13	-1.089028E-02	-1.049747E-13	 5.249113E-13	-8.121309E-03	-2.188975E-14	 1.854311E-13	-5.552923E-03	-3.830427E-14	-1.712004E-15	-3.475148E-03	-1.751571E-13	-8.234886E-14	-1.936461E-03	-2.077722E-13	-9.591249E-14	-8.617833E-04	-8.629943E-14	-3.998348E-14	-2.143464E-04	 9.202174E-14
0.55902	 0.000000E+00	 1.999615E-12	-4.230684E-12	 5.981237E-01	 5.577992E-12	-3.130530E-12	 1.543843E+00	 5.914232E-12	-1.563351E-12	 1.157431E+00	 4.454465E-12	-8.349659E-14	 6.720150E-01	 2.946290E-12	 9.993697E-13	 3.598126E-01	 1.713728E-12	 1.833357E-12	 1.844508E-01	 5.619490E-13	 1.968814E-12	 8.818212E-02	 2.229890E-13	 1.712273E-12	 3.551648E-02	-3.445468E-13	 1.031293E-12	 6.918950E-03	-2.487715E-13	 4.766535E-13	-7.505157E-03	-2.691231E-13	 5.105146E-13	-1.325209E-02	-8.711563E-14	 1.199189E-13	-1.375256E-02	 3.009361E-13	 2.282249E-13	-1.167577E-02	 6.043392E-13	 4.231176E-13	-8.856506E-03	 6.611545E-13	 4.252208E-13	-6.142894E-03	 5.126317E-13	 2.627190E-13	-3.895835E-03	 4.944858E-13	-2.977814E-14	-2.205612E-03	 5.587878E-13	-2.526922E-13	-1.010523E-03	 5.456671E-13	-2.659993E-13	-2.752326E-04	 3.985261E-13
0.56826	 0.000000E+00	 8.956858E-13	-3.085477E-13	 5.980289E-01	 4.468365E-12	-7.394880E-13	 1.543881E+00	 4.741773E-12	-7.768541E-13	 1.164633E+00	 4.885448E-12	-1.004215E-12	 6.802808E-01	 4.789629E-12	-1.288822E-12	 3.665956E-01	 3.671950E-12	-1.377078E-12	 1.895248E-01	 2.899250E-12	-1.008763E-12	 9.173794E-02	 2.050803E-12	-8.870610E-13	 3.780238E-02	 1.483757E-12	-5.351781E-13	 8.152984E-03	 1.079619E-12	-3.206785E-13	-7.110675E-03	 6.032904E-13	-1.872369E-13	-1.349751E-02	 1.524216E-13	-1.190416E-13	-1.438857E-02	 6.913968E-14	 1.683101E-13	-1.247040E-02	 1.150362E-13	 3.752317E-13	-9.620225E-03	 2.873500E-13	 5.253901E-13	-6.769812E-03	 4.944071E-13	 6.470368E-13	-4.353028E-03	 4.658093E-13	 7.648403E-13	-2.505046E-03	 2.605053E-13	 6.700747E-13	-1.180949E-03	 1.401787E-13	 4.298416E-13	-3.493710E-04	 4.453877E-14
0.57735	 0.000000E+00	-7.227225E-13	-3.028956E-13	 5.986350E-01	-7.601008E-13	-1.075957E-12	 1.544904E+00	-4.724203E-13	-1.653355E-12	 1.172638E+00	 2.383392E-13	-2.223260E-12	 6.891275E-01	 9.563075E-13	-2.190376E-12	 3.737701E-01	 1.334715E-12	-2.571739E-12	 1.948488E-01	 1.708636E-12	-2.407400E-12	 9.546056E-02	 1.461947E-12	-2.398340E-12	 4.021937E-02	 1.391552E-12	-1.968995E-12	 9.500633E-03	 1.035012E-12	-1.490859E-12	-6.624408E-03	 7.855554E-13	-1.018627E-12	-1.368352E-02	 2.746980E-13	-5.412119E-13	-1.499924E-02	-3.566440E-14	-2.176852E-13	-1.327119E-02	-3.455346E-13	 7.333198E-14	-1.041121E-02	-5.060364E-13	 4.457427E-13	-7.434304E-03	-4.676055E-13	 6.923715E-13	-4.848928E-03	-3.433692E-13	 7.039846E-13	-2.837813E-03	-2.598977E-13	 6.614421E-13	-1.376179E-03	-2.524269E-13	 5.706493E-13	-4.394067E-04	-1.471181E-13
0.58630	 0.000000E+00	 3.077532E-12	-1.310656E-12	 5.996054E-01	-8.490275E-13	 1.804984E-13	 1.546494E+00	-1.462060E-12	 4.004721E-13	 1.181064E+00	-2.094142E-12	 7.811550E-13	 6.982587E-01	-1.630440E-12	 1.043211E-12	 3.811339E-01	-1.139074E-12	 1.005520E-12	 2.002975E-01	-6.297478E-13	 6.087285E-13	 9.927835E-02	-3.036011E-13	 2.364300E-13	 4.273007E-02	-9.966949E-14	-4.136243E-13	 1.094496E-02	 3.651936E-13	-6.862796E-13	-6.051176E-03	 3.258660E-13	-1.039125E-12	-1.380782E-02	 3.569503E-13	-1.022295E-12	-1.557883E-02	 2.312111E-13	-9.404059E-13	-1.407201E-02	 4.929687E-14	-7.824318E-13	-1.122442E-02	-1.614030E-13	-5.310901E-13	-8.133288E-03	-2.505460E-13	-2.245117E-13	-5.382574E-03	-2.150005E-13	 5.339385E-16	-3.204619E-03	-7.378102E-14	 9.606591E-14	-1.597866E-03	 3.858831E-14	 2.785529E-13	-5.472596E-04	 1.446188E-14
0.59512	 0.000000E+00	-9.005675E-12	 4.644905E-12	 6.005303E-01	-6.123001E-12	 2.956884E-12	 1.548218E+00	-5.377590E-12	 1.484619E-12	 1.189498E+00	-3.746674E-12	 1.056839E-12	 7.073514E-01	-3.403311E-12	 7.450001E-13	 3.884696E-01	-2.944917E-12	 4.714211E-13	 2.057375E-01	-2.440976E-12	 3.290082E-13	 1.031136E-01	-1.957226E-12	 1.036598E-13	 4.529099E-02	-1.408029E-12	-1.601245E-13	 1.246375E-02	-5.949365E-13	-2.684737E-13	-5.399212E-03	-3.886998E-13	-7.385183E-13	-1.386982E-02	 1.144794E-13	-8.167098E-13	-1.612258E-02	 2.960220E-13	-1.067018E-12	-1.486736E-02	 5.157681E-13	-1.234795E-12	-1.205501E-02	 6.530905E-13	-1.305571E-12	-8.863274E-03	 5.928075E-13	-1.193503E-12	-5.952101E-03	 4.829678E-13	-8.839840E-13	-3.605075E-03	 4.007774E-13	-5.433626E-13	-1.846701E-03	 2.706970E-13	-2.655047E-13	-6.742101E-04	 1.478713E-13
0.60381	 0.000000E+00	 7.996146E-12	-6.111463E-12	 6.012660E-01	 3.631747E-12	-4.834866E-12	 1.550026E+00	 8.090071E-13	-3.400227E-12	 1.197888E+00	-5.999871E-14	-2.056229E-12	 7.163712E-01	-1.761868E-12	-1.118676E-12	 3.957647E-01	-2.375740E-12	-1.073852E-13	 2.111658E-01	-2.738404E-12	 6.272642E-13	 1.069636E-01	-2.637070E-12	 7.355630E-13	 4.789775E-02	-2.256478E-12	 1.144274E-12	 1.405310E-02	-1.756108E-12	 1.321126E-12	-4.669613E-03	-1.405917E-12	 1.214843E-12	-1.386769E-02	-6.708503E-13	 1.074818E-12	-1.662740E-02	-3.719442E-13	 7.330623E-13	-1.565477E-02	-1.202205E-13	 2.494995E-13	-1.290128E-02	 9.085787E-14	-2.616718E-13	-9.623381E-03	 3.350838E-13	-6.283890E-13	-6.557437E-03	 5.108532E-13	-7.944394E-13	-4.039805E-03	 6.268749E-13	-8.422579E-13	-2.123830E-03	 7.407614E-13	-7.888114E-13	-8.217040E-04	 7.408598E-13
0.61237	 0.000000E+00	-2.686752E-13	-1.564197E-12	 6.018931E-01	 6.126470E-12	-1.202007E-12	 1.552114E+00	 6.964429E-12	-3.761744E-13	 1.206420E+00	 6.281563E-12	 5.253167E-13	 7.254763E-01	 5.271509E-12	 1.051933E-12	 4.031400E-01	 3.527249E-12	 1.927157E-12	 2.166639E-01	 2.109426E-12	 2.147353E-12	 1.108762E-01	 9.527398E-13	 2.438205E-12	 5.057485E-02	-1.170253E-13	 2.476487E-12	 1.572468E-02	-7.671047E-13	 2.027517E-12	-3.855718E-03	-9.665878E-13	 1.802230E-12	-1.379645E-02	-8.674554E-13	 1.599555E-12	-1.708978E-02	-1.190456E-12	 1.493249E-12	-1.643271E-02	-1.155656E-12	 1.470943E-12	-1.376307E-02	-1.177660E-12	 1.209856E-12	-1.041442E-02	-1.209061E-12	 8.084135E-13	-7.200001E-03	-1.066904E-12	 4.730495E-13	-4.510584E-03	-8.688974E-13	 2.065316E-13	-2.431209E-03	-6.975677E-13	-9.204681E-14	-9.917332E-04	-4.411717E-13
0.62082	 0.000000E+00	 4.497346E-12	 2.123946E-12	 6.022795E-01	-1.069840E-12	 2.562790E-12	 1.554354E+00	-8.109596E-13	 2.665872E-12	 1.214946E+00	-7.173718E-13	 1.832157E-12	 7.345308E-01	 4.331544E-13	 1.415492E-12	 4.104975E-01	 6.158442E-13	 9.262692E-13	 2.221691E-01	 1.146466E-12	 7.588864E-13	 1.148126E-01	 7.070544E-13	 8.344502E-13	 5.329826E-02	 2.787493E-13	 8.095359E-13	 1.746540E-02	-2.514087E-13	 5.847028E-13	-2.961671E-03	-5.693291E-13	 7.922487E-13	-1.365393E-02	-1.024572E-12	 6.778506E-13	-1.750477E-02	-1.115833E-12	 4.212650E-13	-1.719623E-02	-1.007004E-12	 4.005371E-13	-1.463654E-02	-1.028504E-12	 4.920240E-13	-1.123394E-02	-1.083863E-12	 4.780180E-13	-7.878636E-03	-1.156914E-12	 2.713319E-13	-5.017269E-03	-1.181018E-12	-6.902004E-14	-2.769442E-03	-9.992198E-13	-3.016211E-13	-1.185423E-03	-6.928784E-13
0.62915	 0.000000E+00	-9.528049E-12	 3.955166E-12	 6.020924E-01	-7.848362E-12	 6.723092E-13	 1.556389E+00	-6.185587E-12	-1.389089E-12	 1.223071E+00	-4.395351E-12	-2.711327E-12	 7.431755E-01	-3.040076E-12	-3.013623E-12	 4.175646E-01	-1.505692E-12	-3.101708E-12	 2.274952E-01	-6.125841E-13	-3.107240E-12	 1.186527E-01	 7.126511E-14	-2.909659E-12	 5.599445E-02	 1.026323E-12	-2.477455E-12	 1.923444E-02	 1.113771E-12	-1.949609E-12	-2.005093E-03	 1.196930E-12	-1.071401E-12	-1.344266E-02	 6.727855E-13	-5.019403E-13	-1.786736E-02	 6.049777E-13	-4.176579E-14	-1.793828E-02	 6.987272E-13	 3.054108E-13	-1.551509E-02	 7.083167E-13	 5.237344E-13	-1.207666E-02	 5.939292E-13	 6.862320E-13	-8.589426E-03	 4.235688E-13	 7.426239E-13	-5.557154E-03	 2.218544E-13	 7.734011E-13	-3.136916E-03	-2.366304E-14	 6.279971E-13	-1.402155E-03	-2.647242E-13
0.63738	 0.000000E+00	 4.029715E-12	-2.360186E-12	 6.020912E-01	 3.194080E-12	-1.379139E-12	 1.559302E+00	 1.769072E-12	-2.079884E-12	 1.231763E+00	 1.830278E-12	-2.217114E-12	 7.521490E-01	 1.394923E-12	-2.739960E-12	 4.248345E-01	 1.690291E-12	-2.659318E-12	 2.329340E-01	 1.381975E-12	-2.831165E-12	 1.225541E-01	 1.426240E-12	-2.562686E-12	 5.874413E-02	 1.324188E-12	-2.266847E-12	 2.107237E-02	 8.179495E-13	-1.999612E-12	-9.647492E-04	 6.573716E-13	-1.554870E-12	-1.315106E-02	 2.322141E-13	-1.243832E-12	-1.817265E-02	 1.654599E-13	-6.380211E-13	-1.865959E-02	-8.197000E-14	-1.864483E-13	-1.640316E-02	-2.208057E-13	 2.482394E-13	-1.294852E-02	-8.377515E-14	 6.684449E-13	-9.337985E-03	 1.481329E-13	 8.801523E-13	-6.134613E-03	 3.086867E-13	 9.209072E-13	-3.536657E-03	 3.229492E-13	 9.981725E-13	-1.643943E-03	 2.557911E-13
0.64550	 0.000000E+00	-3.217202E-12	 2.735781E-12	 6.043040E-01	 1.804453E-13	 1.731036E-12	 1.565953E+00	 2.338619E-12	 1.175693E-12	 1.243784E+00	 2.290506E-12	 1.560848E-13	 7.637056E-01	 2.643174E-12	-7.624922E-13	 4.339054E-01	 2.651726E-12	-1.458571E-12	 2.394959E-01	 2.538855E-12	-1.804362E-12	 1.271111E-01	 2.046675E-12	-1.569688E-12	 6.188306E-02	 1.168629E-12	-1.440972E-12	 2.316273E-02	 6.260878E-13	-1.253434E-12	 2.541708E-04	 1.189473E-13	-1.200787E-12	-1.273671E-02	 1.092924E-13	-1.136233E-12	-1.841053E-02	 2.907501E-14	-1.104129E-12	-1.937008E-02	-3.072047E-13	-1.094179E-12	-1.732146E-02	-4.584388E-13	-1.120357E-12	-1.387398E-02	-4.263866E-13	-1.057751E-12	-1.014755E-02	-3.435602E-13	-7.535352E-13	-6.768921E-03	-3.159579E-13	-3.574009E-13	-3.983089E-03	-2.320310E-13	-1.245542E-14	-1.920692E-03	-6.615215E-14
0.65352	 0.000000E+00	-2.031000E-12	 3.592322E-12	 6.107388E-01	-4.639593E-13	 4.402065E-12	 1.579212E+00	 1.463459E-12	 5.253810E-12	 1.261891E+00	 1.151015E-12	 5.080607E-12	 7.801133E-01	 1.273513E-12	 4.845006E-12	 4.464052E-01	 1.327732E-12	 4.142524E-12	 2.482231E-01	 1.271593E-12	 3.391734E-12	 1.329459E-01	 1.117775E-12	 2.362564E-12	 6.577288E-02	 1.173790E-12	 1.186119E-12	 2.571257E-02	 1.294318E-12	 2.992671E-13	 1.765764E-03	 1.177906E-12	-2.231222E-13	-1.214301E-02	 1.148184E-12	-7.204981E-13	-1.856119E-02	 1.184127E-12	-1.022109E-12	-2.007383E-02	 1.182216E-12	-1.150702E-12	-1.828863E-02	 1.261419E-12	-1.254610E-12	-1.487902E-02	 1.163359E-12	-1.345447E-12	-1.104560E-02	 9.772299E-13	-1.436184E-12	-7.485052E-03	 8.146007E-13	-1.469590E-12	-4.496460E-03	 6.402301E-13	-1.291760E-12	-2.247283E-03	 5.246156E-13
0.66144	 0.000000E+00	 3.231513E-12	-1.911780E-13	 6.217796E-01	-1.195747E-12	 2.560096E-12	 1.600013E+00	-2.521203E-12	 4.038887E-12	 1.287055E+00	-3.464150E-12	 5.259967E-12	 8.022424E-01	-3.874370E-12	 5.813590E-12	 4.630029E-01	-3.578287E-12	 5.961942E-12	 2.595569E-01	-2.968576E-12	 5.754849E-12	 1.403266E-01	-2.478251E-12	 5.160904E-12	 7.057712E-02	-1.528964E-12	 4.278095E-12	 2.882632E-02	-1.049920E-12	 3.726783E-12	 3.638719E-03	-8.029192E-13	 3.054622E-12	-1.132559E-02	-8.343099E-13	 2.378011E-12	-1.859906E-02	-9.409877E-13	 2.068125E-12	-2.076097E-02	-8.161863E-13	 1.812931E-12	-1.930755E-02	-7.798144E-13	 1.608229E-12	-1.597577E-02	-7.106254E-13	 1.369328E-12	-1.204937E-02	-6.237210E-13	 1.025475E-12	-8.301442E-03	-4.044601E-13	 5.752464E-13	-5.093552E-03	-2.090326E-13	 1.049139E-13	-2.637268E-03	-5.958302E-14
0.66927	 0.000000E+00	-1.844428E-12	-3.850958E-12	 6.388171E-01	-3.038658E-13	-5.105434E-12	 1.630459E+00	-1.891400E-12	-5.279726E-12	 1.321377E+00	-2.498537E-12	-4.494067E-12	 8.319161E-01	-2.903512E-12	-3.708302E-12	 4.850894E-01	-2.466212E-12	-2.636607E-12	 2.744426E-01	-1.951616E-12	-1.638542E-12	 1.498504E-01	-1.327847E-12	-6.779443E-13	 7.666194E-02	-6.877258E-13	 1.193765E-13	 3.272687E-02	-2.836640E-13	 7.826982E-13	 6.007202E-03	-6.735999E-14	 7.499900E-13	-1.020723E-02	 2.744040E-14	 9.792013E-13	-1.848604E-02	-1.090155E-13	 1.079050E-12	-2.142214E-02	-4.520827E-13	 1.128952E-12	-2.038924E-02	-9.209427E-13	 1.255967E-12	-1.718834E-02	-1.201184E-12	 1.367330E-12	-1.318909E-02	-1.414751E-12	 1.372262E-12	-9.248830E-03	-1.597644E-12	 1.298926E-12	-5.801734E-03	-1.543284E-12	 1.163327E-12	-3.112616E-03	-1.454918E-12
0.67700	 0.000000E+00	 1.614524E-12	-1.383904E-12	 6.612829E-01	 1.627896E-12	-1.937255E-12	 1.670090E+00	 1.985767E-13	-1.787802E-12	 1.364595E+00	-7.019385E-13	-2.123587E-12	 8.690882E-01	-2.884849E-13	-2.200558E-12	 5.127529E-01	-3.729949E-13	-2.299801E-12	 2.930045E-01	-3.936843E-13	-2.168631E-12	 1.616293E-01	-2.071521E-13	-1.836749E-12	 8.411841E-02	-1.152512E-13	-1.520305E-12	 3.748898E-02	 3.462768E-13	-1.406030E-12	 8.934916E-03	 9.529886E-13	-1.400189E-12	-8.733357E-03	 1.683854E-12	-1.081666E-12	-1.817851E-02	 2.080516E-12	-1.234435E-12	-2.202792E-02	 2.291881E-12	-1.278995E-12	-2.151978E-02	 2.172695E-12	-1.073090E-12	-1.851724E-02	 1.963450E-12	-8.300946E-13	-1.447600E-02	 1.767936E-12	-5.613628E-13	-1.034446E-02	 1.534033E-12	-4.141123E-13	-6.639968E-03	 1.246401E-12	-3.488155E-13	-3.690908E-03	 1.009357E-12
0.68465	 0.000000E+00	 9.306825E-12	-5.612758E-12	 6.885030E-01	 6.830343E-12	-4.143844E-12	 1.718018E+00	 6.062712E-12	-3.001018E-12	 1.415973E+00	 5.057665E-12	-2.440940E-12	 9.132924E-01	 4.983064E-12	-1.709786E-12	 5.457741E-01	 4.199895E-12	-1.281365E-12	 3.151790E-01	 3.213801E-12	-7.914338E-13	 1.756718E-01	 2.279804E-12	-2.588405E-13	 9.298076E-02	 1.046816E-12	 2.348662E-13	 4.315577E-02	 1.506682E-13	 3.444952E-13	 1.247046E-02	-2.577649E-13	 7.550370E-13	-6.852112E-03	-7.376732E-13	 7.336832E-13	-1.762722E-02	-5.599094E-13	 5.629457E-13	-2.253883E-02	-2.890714E-13	 4.766168E-13	-2.267404E-02	-1.457312E-14	 3.232438E-13	-1.995282E-02	 2.458911E-13	 1.182605E-13	-1.591337E-02	 3.586979E-13	-3.358389E-14	-1.160018E-02	 4.831853E-13	-1.996838E-13	-7.624173E-03	 6.435694E-13	-3.437225E-13	-4.388570E-03	 7.540324E-13
0.69222	 0.000000E+00	-1.012469E-11	 7.911455E-12	 7.191104E-01	-8.038100E-12	 6.501483E-12	 1.772480E+00	-4.476985E-12	 4.321799E-12	 1.473987E+00	-2.362133E-12	 3.051351E-12	 9.634401E-01	-1.656108E-12	 1.705244E-12	 5.835004E-01	-9.986367E-13	 5.541514E-13	 3.406299E-01	-2.990393E-13	-2.510828E-13	 1.918245E-01	-9.722590E-14	-6.959347E-13	 1.031870E-01	-2.752119E-13	-8.033323E-13	 4.971283E-02	-7.009060E-13	-6.224275E-13	 1.663051E-02	-1.636717E-12	-2.159892E-13	-4.524661E-03	-2.214216E-12	 3.944095E-14	-1.678266E-02	-2.540045E-12	 3.339682E-13	-2.290710E-02	-2.880831E-12	 6.720158E-13	-2.381491E-02	-2.927888E-12	 8.449441E-13	-2.147307E-02	-2.750182E-12	 9.136394E-13	-1.749370E-02	-2.349502E-12	 7.705760E-13	-1.301954E-02	-1.900780E-12	 6.201757E-13	-8.764654E-03	-1.605230E-12	 4.375351E-13	-5.218783E-03	-1.355381E-12
0.69970	 0.000000E+00	 1.071447E-12	 1.998317E-12	 7.524445E-01	-1.902733E-12	 2.883987E-12	 1.832670E+00	-1.793328E-12	 2.883481E-12	 1.538000E+00	-1.314979E-12	 2.593772E-12	 1.019166E+00	-1.783196E-12	 1.926892E-12	 6.258073E-01	-2.310140E-12	 8.941614E-13	 3.693761E-01	-2.143387E-12	-1.273750E-13	 2.101567E-01	-2.089243E-12	-1.086256E-12	 1.148062E-01	-1.452877E-12	-1.863047E-12	 5.721643E-02	-8.451779E-13	-2.178397E-12	 2.146623E-02	-7.447769E-13	-2.238596E-12	-1.697444E-03	-6.227249E-13	-1.894994E-12	-1.559051E-02	-9.281882E-13	-1.517480E-12	-2.308478E-02	-8.737958E-13	-9.051913E-13	-2.490744E-02	-1.020233E-12	-4.085207E-13	-2.305962E-02	-1.151342E-12	-3.377425E-14	-1.921411E-02	-1.020345E-12	 2.927519E-13	-1.461118E-02	-5.873825E-13	 4.235635E-13	-1.007667E-02	-1.861451E-16	 3.746219E-13	-6.199119E-03	 3.459371E-13
0.70711	 0.000000E+00	 6.898928E-12	-6.748445E-12	 7.879377E-01	 8.998930E-12	-7.450492E-12	 1.897944E+00	 8.295139E-12	-5.527204E-12	 1.607550E+00	 8.132333E-12	-3.897430E-12	 1.080258E+00	 8.062174E-12	-2.269402E-12	 6.726929E-01	 7.123646E-12	-7.208492E-13	 4.015259E-01	 5.962093E-12	 4.542909E-13	 2.308005E-01	 4.621161E-12	 1.069869E-12	 1.279478E-01	 3.654373E-12	 1.297792E-12	 6.574676E-02	 2.418855E-12	 9.098991E-13	 2.704198E-02	 2.292963E-12	 8.538126E-13	 1.691068E-03	 1.626928E-12	 1.839681E-13	-1.398993E-02	 1.407033E-12	 4.177518E-14	-2.301700E-02	 1.024666E-12	 1.686626E-13	-2.590987E-02	 5.600304E-13	 4.128572E-13	-2.468864E-02	 1.707322E-13	 6.523961E-13	-2.106855E-02	-1.967898E-13	 7.620665E-13	-1.638300E-02	-7.176680E-13	 7.414594E-13	-1.157669E-02	-1.088610E-12	 6.624951E-13	-7.349484E-03	-1.029504E-12
0.71443	 0.000000E+00	-4.862324E-12	 2.161607E-12	 8.245540E-01	-7.275595E-13	 1.086029E-12	 1.967036E+00	-7.060926E-13	 1.437118E-12	 1.681502E+00	-4.384280E-13	 1.610661E-12	 1.145908E+00	-2.460232E-13	 1.488350E-12	 7.237000E-01	 6.901185E-13	 1.559969E-12	 4.368790E-01	 1.042336E-12	 1.453024E-12	 2.536931E-01	 1.741968E-12	 1.583038E-12	 1.426031E-01	 1.751408E-12	 1.336224E-12	 7.531377E-02	 1.748776E-12	 1.314917E-12	 3.338195E-02	 1.554969E-12	 8.918851E-13	 5.682820E-03	 1.252633E-12	 1.918754E-13	-1.192421E-02	 1.236184E-12	-1.910812E-13	-2.264143E-02	 7.733942E-13	-7.370534E-13	-2.676580E-02	 5.675311E-13	-1.063015E-12	-2.631935E-02	 4.427502E-13	-9.802010E-13	-2.303532E-02	 2.357600E-13	-6.494145E-13	-1.833072E-02	-9.285363E-14	-1.539268E-13	-1.327297E-02	-4.777080E-13	 3.543180E-13	-8.685054E-03	-8.591997E-13
0.72169	 0.000000E+00	 3.712846E-12	-1.708783E-12	 8.618530E-01	-2.283339E-12	-1.661004E-13	 2.039480E+00	-5.466900E-12	 7.021457E-13	 1.759502E+00	-7.452544E-12	 1.136074E-12	 1.215958E+00	-8.742910E-12	 1.573619E-12	 7.788526E-01	-8.457181E-12	 1.782637E-12	 4.755630E-01	-7.630815E-12	 1.820825E-12	 2.789847E-01	-6.034467E-12	 1.521349E-12	 1.588964E-01	-4.612174E-12	 1.263222E-12	 8.600529E-02	-2.607898E-12	 1.576005E-12	 4.055217E-02	-1.752891E-12	 8.985652E-13	 1.033970E-02	-2.976154E-13	 1.023887E-12	-9.328403E-03	 3.563744E-13	 6.248530E-13	-2.189252E-02	 9.166203E-13	-1.325009E-14	-2.741758E-02	 1.358189E-12	-6.592343E-13	-2.791080E-02	 1.511826E-12	-1.262405E-12	-2.509385E-02	 1.570424E-12	-1.623549E-12	-2.045260E-02	 1.632584E-12	-1.760006E-12	-1.517753E-02	 1.665054E-12	-1.582058E-12	-1.022534E-02	 1.669941E-12
0.72887	 0.000000E+00	-2.420127E-12	 1.630315E-12	 8.994842E-01	-4.023417E-12	 5.731922E-13	 2.114969E+00	-3.259415E-12	-4.856176E-13	 1.841339E+00	-2.756831E-12	-1.431531E-12	 1.290367E+00	-1.655615E-12	-1.722946E-12	 8.382729E-01	-1.040045E-12	-1.415329E-12	 5.177827E-01	-2.979629E-13	-9.483152E-13	 3.068844E-01	-1.548991E-13	-6.946860E-13	 1.769942E-01	 3.222381E-13	 7.243950E-14	 9.793664E-02	 1.388575E-13	 1.878907E-14	 4.863373E-02	 1.185507E-13	 3.043381E-13	 1.573084E-02	 1.947596E-14	 6.560894E-13	-6.133029E-03	 6.779975E-15	 8.493429E-13	-2.069911E-02	 9.283488E-14	 1.094624E-12	-2.780010E-02	 9.812743E-14	 1.159819E-12	-2.941411E-02	 1.468770E-13	 9.323490E-13	-2.721692E-02	 1.598738E-13	 5.312219E-13	-2.274290E-02	 2.373592E-13	 1.108016E-13	-1.730135E-02	 3.700246E-13	-2.532036E-13	-1.199119E-02	 3.640263E-13
0.73598	 0.000000E+00	 2.997469E-12	-2.456305E-12	 9.365429E-01	 1.403244E-12	-3.976212E-14	 2.192417E+00	 1.644350E-12	 3.562285E-13	 1.925964E+00	 2.018372E-12	 8.167390E-13	 1.368347E+00	 2.658798E-12	 1.185561E-12	 9.015061E-01	 3.405938E-12	 9.386211E-13	 5.633466E-01	 3.812332E-12	 8.105144E-13	 3.373499E-01	 4.033045E-12	 8.686969E-13	 1.969112E-01	 3.808703E-12	 8.308047E-13	 1.111329E-01	 3.198368E-12	 5.576297E-13	 5.765473E-02	 2.567135E-12	 8.320653E-13	 2.189613E-02	 1.532997E-12	 4.556526E-13	-2.280215E-03	 9.210906E-13	 4.791962E-13	-1.898691E-02	 3.599230E-13	 7.118938E-13	-2.783394E-02	 9.955247E-14	 9.737358E-13	-3.075969E-02	 1.534777E-14	 1.257215E-12	-2.935512E-02	-1.248225E-14	 1.416696E-12	-2.517631E-02	-8.857796E-14	 1.470152E-12	-1.964061E-02	-1.766617E-13	 1.331454E-12	-1.399384E-02	-2.246187E-13
0.74302	 0.000000E+00	-1.048456E-11	 6.970865E-12	 9.724703E-01	-4.555999E-12	 4.039793E-12	 2.271205E+00	-3.011074E-12	 3.404761E-12	 2.012785E+00	-2.287525E-12	 2.922107E-12	 1.449489E+00	-2.358801E-12	 2.603495E-12	 9.683755E-01	-2.381857E-12	 2.622591E-12	 6.122529E-01	-2.858691E-12	 2.202931E-12	 3.704653E-01	-2.905163E-12	 1.962371E-12	 2.187443E-01	-2.995261E-12	 1.447429E-12	 1.256695E-01	-2.535622E-12	 1.281092E-12	 6.767006E-02	-2.312159E-12	 8.992842E-13	 2.888637E-02	-1.837962E-12	 4.799905E-13	 2.290258E-03	-1.371931E-12	 5.510389E-14	-1.668142E-02	-1.094663E-12	-2.814818E-13	-2.743806E-02	-8.347031E-13	-4.296516E-13	-3.187403E-02	-7.274151E-13	-4.268757E-13	-3.145385E-02	-6.418811E-13	-3.567814E-13	-2.772279E-02	-5.320187E-13	-3.253966E-13	-2.218862E-02	-5.548342E-13	-1.737560E-13	-1.624390E-02	-6.039773E-13
0.75000	 0.000000E+00	 1.322354E-11	-9.771389E-12	 1.007302E+00	 1.152690E-11	-8.842636E-12	 2.351468E+00	 8.411561E-12	-8.508176E-12	 2.101926E+00	 7.589886E-12	-8.616634E-12	 1.533975E+00	 6.308879E-12	-8.248207E-12	 1.039144E+00	 4.502843E-12	-6.928340E-12	 6.648029E-01	 3.286409E-12	-6.002734E-12	 4.065177E-01	 1.969508E-12	-4.469116E-12	 2.427247E-01	 9.908899E-13	-3.285025E-12	 1.417075E-01	 4.756885E-13	-2.112302E-12	 7.878507E-02	-2.763476E-13	-1.703212E-12	 3.677824E-02	-5.065329E-13	-1.398962E-12	 7.649735E-03	-8.834777E-13	-1.184331E-12	-1.370341E-02	-1.035732E-12	-1.407979E-12	-2.652809E-02	-1.048205E-12	-1.581310E-12	-3.267975E-02	-1.028904E-12	-1.573421E-12	-3.345432E-02	-9.983897E-13	-1.472795E-12	-3.034913E-02	-1.020834E-12	-1.391166E-12	-2.493768E-02	-1.071228E-12	-1.416011E-12	-1.875346E-02	-1.169403E-12
0.75691	 0.000000E+00	 3.427579E-12	-5.607769E-12	 1.040606E+00	 2.751989E-12	-3.880392E-12	 2.432690E+00	 2.323829E-12	-4.736779E-12	 2.192879E+00	 1.849515E-12	-4.337804E-12	 1.621448E+00	 1.220692E-12	-3.554388E-12	 1.113658E+00	 3.415510E-13	-3.745542E-12	 7.210075E-01	 5.111558E-13	-3.129022E-12	 4.456098E-01	 3.559610E-13	-2.669101E-12	 2.689750E-01	 5.993072E-13	-2.211923E-12	 1.593462E-01	 7.492386E-13	-1.199507E-12	 9.106981E-02	 7.140272E-13	-5.919502E-13	 4.562767E-02	 1.267397E-12	 5.512077E-13	 1.385921E-02	 1.285393E-12	 1.002934E-12	-9.973589E-03	 1.465536E-12	 1.258141E-12	-2.500987E-02	 1.441476E-12	 1.322348E-12	-3.308197E-02	 1.404081E-12	 1.126884E-12	-3.527616E-02	 1.355195E-12	 9.257189E-13	-3.300084E-02	 1.244056E-12	 7.284737E-13	-2.786251E-02	 1.056594E-12	 4.497390E-13	-2.152234E-02	 1.017409E-12
0.76376	 0.000000E+00	 8.136247E-13	 2.277267E-12	 1.072611E+00	-1.496927E-12	 3.340164E-12	 2.515172E+00	-1.368123E-12	 3.755201E-12	 2.285898E+00	-1.260591E-12	 4.822526E-12	 1.712181E+00	-1.903303E-12	 4.255186E-12	 1.192239E+00	-1.473315E-12	 3.626321E-12	 7.812153E-01	-1.519559E-12	 3.169797E-12	 4.880793E-01	-1.321001E-12	 2.128010E-12	 2.977787E-01	-6.961107E-13	 1.702098E-12	 1.787916E-01	-7.624768E-13	 6.539097E-13	 1.046593E-01	-1.409724E-13	 2.427891E-13	 5.552484E-02	-1.601899E-13	 1.541189E-13	 2.099394E-02	 3.875366E-15	 1.077195E-13	-5.408314E-03	 2.744193E-13	 4.116780E-13	-2.278765E-02	 3.836233E-13	 6.758375E-13	-3.298300E-02	 5.264002E-13	 8.845967E-13	-3.683422E-02	 7.835638E-13	 9.303875E-13	-3.561817E-02	 1.030480E-12	 9.140104E-13	-3.093400E-02	 1.199955E-12	 9.461576E-13	-2.454934E-02	 1.176829E-12
0.77055	 0.000000E+00	-5.570646E-12	 9.318706E-13	 1.102679E+00	 2.102605E-12	-1.270931E-12	 2.598032E+00	 3.281547E-12	-1.517665E-12	 2.380055E+00	 3.715087E-12	-1.464413E-12	 1.805414E+00	 2.639116E-12	-1.774857E-12	 1.274399E+00	 2.754716E-12	-1.385491E-12	 8.451967E-01	 2.182620E-12	-1.574689E-12	 5.338793E-01	 2.348840E-12	-1.196447E-12	 3.291778E-01	 2.148837E-12	-7.522245E-13	 2.001035E-01	 1.788497E-12	-1.108175E-12	 1.196015E-01	 1.754971E-12	-1.031798E-12	 6.650753E-02	 9.357349E-13	-1.674162E-12	 2.909928E-02	 7.234360E-13	-1.801813E-12	 6.482366E-05	 1.102987E-13	-1.852049E-12	-1.976034E-02	-3.983987E-13	-1.677650E-12	-3.226563E-02	-8.500755E-13	-1.240634E-12	-3.801395E-02	-1.338847E-12	-6.808256E-13	-3.810807E-02	-1.667717E-12	-1.055950E-13	-3.409152E-02	-1.760575E-12	 1.770706E-13	-2.780760E-02	-1.748048E-12
0.77728	 0.000000E+00	 1.148836E-11	-4.884350E-12	 1.131201E+00	 1.019190E-12	-3.221795E-12	 2.681839E+00	-2.251790E-12	-1.459525E-12	 2.475864E+00	-4.261058E-12	-2.066980E-12	 1.901644E+00	-3.395961E-12	-9.779008E-13	 1.360634E+00	-2.393969E-12	-6.460768E-13	 9.134280E-01	-1.283882E-12	-3.461024E-13	 5.834487E-01	-7.313481E-14	 7.621664E-14	 3.635404E-01	 8.182041E-13	-1.390849E-13	 2.235547E-01	 1.809939E-12	 1.103371E-13	 1.360764E-01	 2.171488E-12	-1.151679E-13	 7.868688E-02	 2.763793E-12	-4.483999E-13	 3.825374E-02	 2.931510E-12	-9.735779E-13	 6.526727E-03	 2.976184E-12	-1.391021E-12	-1.583098E-02	 2.752946E-12	-1.479602E-12	-3.082031E-02	 2.173134E-12	-1.338444E-12	-3.870728E-02	 1.511085E-12	-1.043573E-12	-4.038178E-02	 8.340207E-13	-7.631549E-13	-3.727764E-02	 2.910730E-13	-5.220223E-13	-3.127394E-02	 8.802165E-15
0.78395	 0.000000E+00	-2.073889E-11	 1.510980E-11	 1.158069E+00	-1.399204E-11	 1.207869E-11	 2.766467E+00	-6.128744E-12	 9.612052E-12	 2.573150E+00	-2.673796E-12	 7.723467E-12	 2.000771E+00	 1.684424E-12	 6.122341E-12	 1.450974E+00	 3.444591E-12	 4.349602E-12	 9.860614E-01	 4.932178E-12	 3.648980E-12	 6.370196E-01	 4.917090E-12	 2.448857E-12	 4.011136E-01	 4.601511E-12	 1.881540E-12	 2.493527E-01	 3.772095E-12	 1.533350E-12	 1.542296E-01	 2.835079E-12	 1.139959E-12	 9.215361E-02	 2.447933E-12	 1.092735E-12	 4.852222E-02	 1.823531E-12	 8.446207E-13	 1.405165E-02	 1.686253E-12	 6.570684E-13	-1.090050E-02	 1.639576E-12	 3.012151E-13	-2.852478E-02	 1.717944E-12	-3.778123E-14	-3.878372E-02	 1.839360E-12	-3.004521E-13	-4.232243E-02	 1.778564E-12	-4.672999E-13	-4.040605E-02	 1.592370E-12	-5.884641E-13	-3.490028E-02	 1.483060E-12
0.79057	 0.000000E+00	 3.481343E-12	-2.260122E-13	 1.182857E+00	 2.440627E-12	 2.443783E-14	 2.851319E+00	 1.046047E-12	 4.322487E-13	 2.671197E+00	-2.830845E-13	 1.242246E-12	 2.102185E+00	-1.842856E-12	 5.100665E-13	 1.545035E+00	-2.917167E-12	 5.447878E-13	 1.062943E+00	-3.872488E-12	 6.062619E-14	 6.946197E-01	-4.122088E-12	-2.276261E-13	 4.420197E-01	-4.092692E-12	 4.612080E-14	 2.776340E-01	-4.343774E-12	-3.995054E-14	 1.741657E-01	-4.358126E-12	 4.622681E-13	 1.069696E-01	-4.805417E-12	 9.932852E-13	 5.994557E-02	-4.826794E-12	 1.516159E-12	 2.269465E-02	-4.903913E-12	 2.017338E-12	-4.881003E-03	-4.713173E-12	 2.393508E-12	-2.525577E-02	-4.469612E-12	 2.466203E-12	-3.809878E-02	-4.129646E-12	 2.180896E-12	-4.378897E-02	-3.540318E-12	 1.574010E-12	-4.336128E-02	-2.908742E-12	 9.642602E-13	-3.861012E-02	-2.452729E-12
0.79713	 0.000000E+00	 1.218798E-11	-1.318327E-11	 1.205446E+00	 1.041237E-11	-1.297591E-11	 2.936186E+00	 4.863690E-12	-1.222649E-11	 2.769647E+00	 2.831819E-12	-1.083959E-11	 2.205560E+00	-5.508635E-13	-8.824349E-12	 1.642629E+00	-2.947996E-12	-6.509838E-12	 1.144050E+00	-4.988677E-12	-4.870332E-12	 7.563666E-01	-5.438007E-12	-3.065605E-12	 4.864475E-01	-5.525967E-12	-2.229069E-12	 3.085873E-01	-4.537115E-12	-1.588117E-12	 1.960274E-01	-3.238214E-12	-1.098366E-12	 1.232177E-01	-2.048159E-12	-8.840017E-13	 7.256936E-02	-8.061089E-13	-6.117974E-13	 3.250400E-02	 5.914689E-14	-3.379361E-13	 2.304061E-03	 6.496341E-13	-1.160371E-13	-2.089765E-02	 1.027570E-12	 1.453049E-13	-3.650671E-02	 1.118229E-12	 4.220789E-13	-4.462952E-02	 8.568396E-13	 6.137922E-13	-4.600995E-02	 5.256935E-13	 5.017938E-13	-4.230664E-02	 3.318135E-13
0.80364	 0.000000E+00	-8.300664E-12	 3.202627E-12	 1.225729E+00	-3.186994E-12	 2.579311E-12	 3.020919E+00	-1.869429E-12	 7.037895E-13	 2.868265E+00	 1.333332E-13	-2.755981E-13	 2.310710E+00	 2.808397E-13	-4.229775E-13	 1.743685E+00	-2.585070E-13	-1.369941E-12	 1.229436E+00	-2.498927E-13	-1.416575E-12	 8.224285E-01	-1.136868E-12	-1.236247E-12	 5.346273E-01	-1.769851E-12	-1.381898E-12	 3.424397E-01	-1.666428E-12	-8.628728E-13	 2.199902E-01	-1.920832E-12	-8.849963E-13	 1.410022E-01	-1.111851E-12	-7.798082E-13	 8.644735E-02	-3.184697E-13	-8.471518E-13	 4.352494E-02	 6.315772E-13	-1.059399E-12	 1.072202E-02	 1.586666E-12	-1.216134E-12	-1.534197E-02	 2.228876E-12	-1.233525E-12	-3.386126E-02	 2.500450E-12	-9.768496E-13	-4.468198E-02	 2.495605E-12	-5.767215E-13	-4.820024E-02	 2.260879E-12	-2.749611E-14	-4.587075E-02	 2.050007E-12
0.81009	 0.000000E+00	 5.983502E-12	-3.619363E-12	 1.244502E+00	 1.083295E-12	-2.091462E-12	 3.106566E+00	 1.563332E-12	-8.992465E-13	 2.968023E+00	 5.077754E-13	-2.397708E-13	 2.418543E+00	-7.824153E-14	 1.765985E-13	 1.849025E+00	 5.694176E-13	 3.810210E-13	 1.319838E+00	 3.908878E-13	 1.318599E-13	 8.934837E-01	 2.717813E-13	-7.331314E-14	 5.871621E-01	 1.804175E-13	-1.334353E-13	 3.796880E-01	-6.399955E-13	-5.296752E-14	 2.464193E-01	-1.296213E-12	 1.618190E-13	 1.605513E-01	-1.656479E-12	 8.351479E-13	 1.017055E-01	-2.173182E-12	 1.229119E-12	 5.583546E-02	-2.423601E-12	 1.408257E-12	 2.044605E-02	-2.502226E-12	 1.540158E-12	-8.487251E-03	-2.488476E-12	 1.427694E-12	-3.002533E-02	-2.320436E-12	 1.115708E-12	-4.378930E-02	-2.063713E-12	 9.688620E-13	-4.977914E-02	-1.937763E-12	 8.423988E-13	-4.917767E-02	-1.827061E-12
0.81650	 0.000000E+00	 8.571485E-12	-8.580136E-12	 1.260576E+00	 4.563792E-12	-7.702229E-12	 3.191136E+00	 3.254949E-12	-6.793119E-12	 3.066685E+00	 1.330291E-12	-5.610195E-12	 2.526983E+00	 6.431269E-13	-4.702461E-12	 1.956972E+00	 8.248744E-13	-3.402721E-12	 1.414074E+00	 6.746191E-13	-2.858066E-12	 9.688221E-01	 9.766929E-13	-2.306194E-12	 6.437012E-01	 9.341997E-13	-1.793339E-12	 4.202022E-01	 7.004857E-13	-2.159007E-12	 2.752800E-01	 1.110071E-12	-2.155365E-12	 1.818396E-01	 9.358901E-13	-2.345606E-12	 1.183082E-01	 9.606724E-13	-2.308643E-12	 6.941031E-02	 1.124035E-12	-1.890029E-12	 3.148862E-02	 9.187958E-13	-1.263819E-12	-2.540030E-04	 7.005817E-13	-6.298545E-13	-2.484771E-02	 2.987708E-13	-3.129383E-14	-4.174867E-02	-2.106014E-13	 2.635521E-13	-5.052397E-02	-5.070565E-13	 3.736196E-13	-5.202022E-02	-7.212329E-13
0.82285	 0.000000E+00	 7.070093E-13	 4.887074E-12	 1.274488E+00	-2.196568E-12	 5.400861E-12	 3.275058E+00	-2.193516E-12	 5.783059E-12	 3.164522E+00	-1.698919E-12	 5.171008E-12	 2.636236E+00	-1.010139E-13	 4.493224E-12	 2.067687E+00	 4.805705E-13	 3.697741E-12	 1.512316E+00	 1.362745E-12	 3.263950E-12	 1.048683E+00	 1.684656E-12	 3.030272E-12	 7.045431E-01	 1.409816E-12	 2.611493E-12	 4.642927E-01	 1.300392E-12	 2.250887E-12	 3.068336E-01	 5.814409E-13	 1.648272E-12	 2.050345E-01	-1.940686E-14	 6.401818E-13	 1.363354E-01	-4.278794E-13	-1.542071E-13	 8.427742E-02	-4.474348E-13	-9.377544E-13	 4.386767E-02	-4.720338E-13	-1.408465E-12	 9.412954E-03	-3.598311E-13	-1.396109E-12	-1.821507E-02	-2.261461E-13	-1.111203E-12	-3.839466E-02	-2.221962E-13	-5.010808E-13	-5.023986E-02	-3.059184E-13	 1.435755E-13	-5.420664E-02	-2.528241E-13
0.82916	 0.000000E+00	-2.462166E-11	 2.281790E-11	 1.287727E+00	-1.521907E-11	 1.968519E-11	 3.360013E+00	-9.125421E-12	 1.833548E-11	 3.263485E+00	-3.931486E-12	 1.539694E-11	 2.748288E+00	-3.310845E-13	 1.311031E-11	 2.182907E+00	 2.033098E-12	 1.036621E-11	 1.616004E+00	 4.258265E-12	 8.648130E-12	 1.134281E+00	 5.457267E-12	 7.179746E-12	 7.707096E-01	 6.386865E-12	 5.953991E-12	 5.127953E-01	 7.044484E-12	 5.569271E-12	 3.417169E-01	 6.572027E-12	 5.028587E-12	 2.305662E-01	 6.233542E-12	 4.685345E-12	 1.560449E-01	 5.199711E-12	 3.912135E-12	 1.005735E-01	 4.372971E-12	 3.122023E-12	 5.765552E-02	 3.491019E-12	 2.157254E-12	 2.058557E-02	 3.012111E-12	 1.215637E-12	-1.002052E-02	 2.693930E-12	 3.856645E-13	-3.357813E-02	 2.487866E-12	-4.005549E-13	-4.874820E-02	 2.400201E-12	-9.693817E-13	-5.555711E-02	 2.337745E-12
0.83541	 0.000000E+00	-2.463608E-12	-1.569573E-12	 1.300612E+00	 1.725085E-12	-1.717551E-12	 3.444761E+00	 8.005112E-13	-3.243633E-12	 3.362481E+00	 1.592214E-12	-4.470373E-12	 2.862211E+00	 1.146922E-12	-5.182495E-12	 2.301852E+00	 9.834362E-13	-6.422074E-12	 1.724664E+00	 1.026114E-12	-7.005695E-12	 1.225486E+00	 6.586260E-13	-7.604956E-12	 8.423271E-01	 1.160764E-12	-7.634022E-12	 5.659741E-01	 1.369144E-12	-7.173339E-12	 3.802123E-01	 1.941942E-12	-6.490602E-12	 2.586473E-01	 2.419453E-12	-5.138302E-12	 1.775575E-01	 2.866389E-12	-4.017247E-12	 1.183400E-01	 2.853719E-12	-2.895848E-12	 7.285727E-02	 2.351520E-12	-2.209761E-12	 3.329606E-02	 1.851684E-12	-1.763781E-12	-1.675983E-04	 1.282710E-12	-1.504666E-12	-2.712771E-02	 8.075387E-13	-1.490043E-12	-4.581749E-02	 5.501987E-13	-1.591632E-12	-5.581578E-02	 4.366795E-13
0.84163	 0.000000E+00	 1.830666E-11	-1.895839E-11	 1.309287E+00	 9.702225E-12	-1.691963E-11	 3.520989E+00	 3.661532E-12	-1.827713E-11	 3.452649E+00	-6.560648E-14	-1.609123E-11	 2.969442E+00	-2.492620E-12	-1.508375E-11	 2.417003E+00	-3.292598E-12	-1.276408E-11	 1.832398E+00	-4.192723E-12	-1.111535E-11	 1.318052E+00	-4.147450E-12	-1.015034E-11	 9.165183E-01	-3.727379E-12	-8.760896E-12	 6.219755E-01	-3.959153E-12	-8.303017E-12	 4.211452E-01	-3.456261E-12	-7.065992E-12	 2.884986E-01	-3.502979E-12	-5.928150E-12	 2.003119E-01	-2.819190E-12	-4.625641E-12	 1.371336E-01	-2.723379E-12	-3.241356E-12	 8.912884E-02	-2.293214E-12	-1.974168E-12	 4.733460E-02	-2.094603E-12	-1.061298E-12	 1.129455E-02	-2.248123E-12	-5.475830E-13	-1.892296E-02	-2.420775E-12	-1.648752E-13	-4.117945E-02	-2.565429E-12	-4.103668E-14	-5.461747E-02	-2.641697E-12
0.84779	 0.000000E+00	-1.717818E-11	 1.636948E-11	 1.312932E+00	-1.657264E-11	 1.320319E-11	 3.584541E+00	-1.423822E-11	 1.338805E-11	 3.529777E+00	-1.472126E-11	 1.324253E-11	 3.065698E+00	-1.353659E-11	 1.300962E-11	 2.524288E+00	-1.275034E-11	 1.324409E-11	 1.935886E+00	-1.173472E-11	 1.294360E-11	 1.409557E+00	-9.900617E-12	 1.276661E-11	 9.916468E-01	-8.435741E-12	 1.188849E-11	 6.797711E-01	-7.001927E-12	 1.070466E-11	 4.638879E-01	-5.752494E-12	 9.750194E-12	 3.197046E-01	-4.743035E-12	 8.209573E-12	 2.239742E-01	-3.691338E-12	 7.194826E-12	 1.566190E-01	-3.084174E-12	 6.271878E-12	 1.061303E-01	-1.945841E-12	 5.584951E-12	 6.240632E-02	-1.070016E-12	 5.278716E-12	 2.416684E-02	-2.578149E-13	 5.194909E-12	-9.023670E-03	 3.428718E-13	 5.146056E-12	-3.474404E-02	 6.737995E-13	 5.120705E-12	-5.174789E-02	 9.023518E-13
0.85391	 0.000000E+00	 8.470772E-12	-2.238375E-14	 1.311416E+00	 2.371103E-12	 3.157036E-12	 3.631072E+00	 2.599669E-12	 7.072875E-12	 3.589640E+00	 6.819823E-13	 8.498459E-12	 3.146339E+00	-2.023167E-13	 1.069224E-11	 2.618915E+00	-1.796105E-12	 1.110375E-11	 2.030965E+00	-3.108810E-12	 1.157109E-11	 1.496749E+00	-4.050921E-12	 1.127408E-11	 1.065345E+00	-4.965975E-12	 1.040241E-11	 7.377498E-01	-5.023019E-12	 9.949666E-12	 5.073898E-01	-5.365527E-12	 8.510423E-12	 3.515714E-01	-4.921248E-12	 7.641740E-12	 2.480364E-01	-5.136443E-12	 6.553415E-12	 1.763429E-01	-4.893201E-12	 5.468468E-12	 1.234257E-01	-4.581575E-12	 4.499507E-12	 7.811524E-02	-4.243258E-12	 3.571270E-12	 3.813700E-02	-3.635595E-12	 2.994745E-12	 2.396959E-03	-2.782058E-12	 2.725425E-12	-2.651911E-02	-1.823998E-12	 2.798810E-12	-4.705878E-02	-1.014447E-12
0.85999	 0.000000E+00	 1.488949E-13	-6.825625E-12	 1.303586E+00	 1.001529E-11	-8.601411E-12	 3.654849E+00	 1.456657E-11	-9.949543E-12	 3.626402E+00	 1.677977E-11	-1.046217E-11	 3.204800E+00	 1.712961E-11	-1.072359E-11	 2.694017E+00	 1.702583E-11	-1.018491E-11	 2.111441E+00	 1.574773E-11	-9.582163E-12	 1.574509E+00	 1.437339E-11	-8.848252E-12	 1.133633E+00	 1.262497E-11	-7.655697E-12	 7.929947E-01	 1.069846E-11	-6.908396E-12	 5.496060E-01	 9.188275E-12	-5.923584E-12	 3.826918E-01	 7.839330E-12	-4.728930E-12	 2.714946E-01	 6.729638E-12	-3.686059E-12	 1.955099E-01	 5.933190E-12	-2.618874E-12	 1.403322E-01	 4.829259E-12	-1.935825E-12	 9.386265E-02	 3.967823E-12	-1.743494E-12	 5.270940E-02	 3.097354E-12	-1.924846E-12	 1.499868E-02	 2.182136E-12	-2.280716E-12	-1.665557E-02	 1.335247E-12	-2.623309E-12	-4.050557E-02	 6.897740E-13
0.86603	 0.000000E+00	 9.922026E-12	-6.713082E-12	 1.294379E+00	 9.102495E-12	-4.859459E-12	 3.661308E+00	 6.484641E-12	-4.776669E-12	 3.646679E+00	 7.404607E-12	-4.864171E-12	 3.246925E+00	 6.636944E-12	-5.838746E-12	 2.753838E+00	 6.692872E-12	-6.320186E-12	 2.180209E+00	 6.861982E-12	-6.831726E-12	 1.644710E+00	 6.892372E-12	-6.562919E-12	 1.197687E+00	 6.941438E-12	-6.045465E-12	 8.462698E-01	 6.776850E-12	-5.731426E-12	 5.910683E-01	 6.855001E-12	-4.874642E-12	 4.134520E-01	 6.735410E-12	-4.497602E-12	 2.945935E-01	 7.037458E-12	-3.839599E-12	 2.141950E-01	 7.215189E-12	-3.421653E-12	 1.567591E-01	 7.590200E-12	-2.799030E-12	 1.094060E-01	 7.703195E-12	-2.057835E-12	 6.753878E-02	 7.561386E-12	-1.421713E-12	 2.841255E-02	 7.164879E-12	-9.448022E-13	-5.478397E-03	 6.514479E-12	-7.357347E-13	-3.231738E-02	 5.694104E-12
0.87202	 0.000000E+00	-2.394242E-11	 1.830173E-11	 1.286737E+00	-2.221711E-11	 1.346708E-11	 3.652232E+00	-2.305329E-11	 1.134733E-11	 3.653591E+00	-2.251135E-11	 9.499302E-12	 3.275287E+00	-2.235746E-11	 7.411210E-12	 2.799783E+00	-2.138089E-11	 6.331456E-12	 2.237922E+00	-2.004196E-11	 4.758720E-12	 1.707530E+00	-1.837986E-11	 3.639109E-12	 1.257439E+00	-1.659679E-11	 2.237048E-12	 8.974456E-01	-1.472552E-11	 1.501324E-12	 6.316921E-01	-1.338115E-11	 6.639167E-13	 4.438349E-01	-1.206437E-11	-1.430771E-14	 3.173282E-01	-1.097770E-11	-8.805400E-13	 2.323437E-01	-9.666702E-12	-1.726229E-12	 1.725721E-01	-8.265716E-12	-2.486538E-12	 1.245077E-01	-6.908277E-12	-3.026507E-12	 8.230857E-02	-5.530633E-12	-3.205208E-12	 4.230180E-02	-4.201723E-12	-3.046870E-12	 6.709393E-03	-3.032505E-12	-2.718414E-12	-2.271255E-02	-2.010957E-12
0.87797	 0.000000E+00	 1.885154E-11	-8.601935E-12	 1.279915E+00	 9.894606E-12	-4.923537E-12	 3.621927E+00	 6.437530E-12	-2.502168E-12	 3.641836E+00	 4.892861E-12	-1.738262E-12	 3.283625E+00	 4.509001E-12	-6.345455E-14	 2.825004E+00	 3.828094E-12	 9.341134E-13	 2.278217E+00	 3.283754E-12	 1.674368E-12	 1.757465E+00	 2.922594E-12	 2.121728E-12	 1.308370E+00	 2.662137E-12	 2.384369E-12	 9.430204E-01	 2.294151E-12	 2.526325E-12	 6.689089E-01	 1.952887E-12	 2.617739E-12	 4.720371E-01	 1.444967E-12	 3.006321E-12	 3.384244E-01	 7.942870E-13	 3.077502E-12	 2.490147E-01	 2.230402E-13	 3.135144E-12	 1.870257E-01	-5.727645E-13	 2.775295E-12	 1.385084E-01	-1.166817E-12	 2.197370E-12	 9.641686E-02	-1.679458E-12	 1.485579E-12	 5.614552E-02	-2.100033E-12	 6.588338E-13	 1.949766E-02	-2.328604E-12	-2.401605E-14	-1.194990E-02	-2.343377E-12
0.88388	 0.000000E+00	-1.759435E-11	 8.796870E-12	 1.273439E+00	-4.762739E-12	 7.343664E-12	 3.567374E+00	 2.968520E-12	 5.959008E-12	 3.609034E+00	 5.425854E-12	 5.819425E-12	 3.268844E+00	 7.391404E-12	 5.558721E-12	 2.825734E+00	 7.618041E-12	 4.185989E-12	 2.297320E+00	 7.725470E-12	 3.969483E-12	 1.790982E+00	 7.298426E-12	 3.420064E-12	 1.347364E+00	 7.029806E-12	 3.350412E-12	 9.804191E-01	 6.619160E-12	 3.047852E-12	 7.007354E-01	 6.429400E-12	 3.231762E-12	 4.966159E-01	 6.183435E-12	 3.369669E-12	 3.568253E-01	 5.887754E-12	 3.485244E-12	 2.634064E-01	 5.476758E-12	 3.848782E-12	 1.994611E-01	 4.819587E-12	 4.130220E-12	 1.507799E-01	 4.113302E-12	 4.267201E-12	 1.092348E-01	 3.334174E-12	 4.272324E-12	 6.932886E-02	 2.426399E-12	 4.028486E-12	 3.231703E-02	 1.556251E-12	 3.652993E-12	-4.976977E-04	 7.692693E-13
0.88976	 0.000000E+00	 6.408400E-12	-2.967150E-12	 1.270064E+00	-4.581271E-13	-1.064862E-12	 3.491928E+00	-4.092202E-12	-5.730478E-13	 3.559782E+00	-6.570181E-12	-5.182534E-13	 3.235044E+00	-7.743645E-12	-8.628701E-13	 2.805001E+00	-8.647276E-12	-1.169301E-12	 2.297307E+00	-8.971179E-12	-1.995425E-12	 1.809305E+00	-8.510333E-12	-2.634940E-12	 1.375014E+00	-8.263556E-12	-3.517060E-12	 1.009850E+00	-7.037742E-12	-4.141018E-12	 7.272249E-01	-6.231459E-12	-4.625724E-12	 5.175956E-01	-4.841352E-12	-5.041399E-12	 3.725297E-01	-3.600734E-12	-5.153033E-12	 2.754955E-01	-2.544630E-12	-5.079352E-12	 2.098039E-01	-1.542888E-12	-4.694581E-12	 1.611299E-01	-6.814077E-13	-4.111719E-12	 1.204418E-01	-1.703753E-14	-3.391356E-12	 8.141882E-02	 5.148212E-13	-2.546390E-12	 4.465605E-02	 8.157125E-13	-1.796730E-12	 1.111959E-02	 1.059977E-12
0.89559	 0.000000E+00	 2.160438E-11	-2.159883E-11	 1.266310E+00	 1.764054E-11	-1.939745E-11	 3.388755E+00	 1.113903E-11	-1.740740E-11	 3.486755E+00	 8.100684E-12	-1.653535E-11	 3.173933E+00	 6.003162E-12	-1.335540E-11	 2.754250E+00	 3.849280E-12	-1.099473E-11	 2.270139E+00	 2.293701E-12	-8.484728E-12	 1.805217E+00	 8.863858E-13	-6.566030E-12	 1.385139E+00	-4.931073E-13	-4.895462E-12	 1.026250E+00	-1.841781E-12	-3.361213E-12	 7.444286E-01	-2.763020E-12	-2.657412E-12	 5.320315E-01	-3.489000E-12	-1.916850E-12	 3.833747E-01	-3.917368E-12	-1.439124E-12	 2.837172E-01	-3.921292E-12	-1.080448E-12	 2.169024E-01	-3.612763E-12	-1.024721E-12	 1.686336E-01	-3.117000E-12	-1.036676E-12	 1.292379E-01	-2.598279E-12	-9.310878E-13	 9.168702E-02	-1.959665E-12	-6.383392E-13	 5.584344E-02	-1.161106E-12	-2.310015E-13	 2.231856E-02	-5.109068E-13
0.90139	 0.000000E+00	-4.860910E-12	-3.225648E-12	 1.262759E+00	 2.238427E-12	-6.189990E-12	 3.261030E+00	 4.842880E-12	-8.050800E-12	 3.392986E+00	 5.480048E-12	-8.132551E-12	 3.087947E+00	 6.070915E-12	-8.323226E-12	 2.675154E+00	 5.396922E-12	-7.563746E-12	 2.216506E+00	 5.264103E-12	-6.653751E-12	 1.778551E+00	 4.420208E-12	-5.279429E-12	 1.377048E+00	 3.602370E-12	-3.737985E-12	 1.028678E+00	 2.307219E-12	-2.557380E-12	 7.513988E-01	 1.319295E-12	-1.161373E-12	 5.391176E-01	 7.928647E-14	 3.697927E-14	 3.887189E-01	-1.310931E-12	 6.479483E-13	 2.876044E-01	-2.223079E-12	 1.182616E-12	 2.204156E-01	-3.197425E-12	 1.345526E-12	 1.729838E-01	-3.700008E-12	 1.316359E-12	 1.352842E-01	-3.944284E-12	 1.107355E-12	 9.971643E-02	-3.955324E-12	 8.098841E-13	 6.537321E-02	-3.815509E-12	 4.949184E-13	 3.253488E-02	-3.464711E-12
0.90715	 0.000000E+00	 5.818039E-13	 8.445535E-12	 1.261070E+00	-7.422262E-12	 8.825731E-12	 3.120020E+00	-7.202115E-12	 8.014284E-12	 3.289215E+00	-7.176989E-12	 7.770919E-12	 2.988097E+00	-6.293702E-12	 5.301103E-12	 2.578198E+00	-5.475346E-12	 3.932546E-12	 2.144887E+00	-4.118863E-12	 1.862432E-12	 1.735627E+00	-3.007419E-12	 8.657805E-13	 1.355284E+00	-2.230219E-12	-3.687626E-13	 1.020277E+00	-1.384913E-12	-1.082719E-12	 7.502692E-01	-1.171267E-12	-1.219818E-12	 5.403101E-01	-1.098705E-12	-1.401193E-12	 3.895752E-01	-1.210116E-12	-1.226599E-12	 2.879029E-01	-1.445514E-12	-9.364509E-13	 2.209131E-01	-2.005895E-12	-6.140177E-13	 1.746040E-01	-2.422965E-12	-2.566558E-13	 1.388458E-01	-2.843266E-12	-6.413863E-16	 1.055834E-01	-3.150895E-12	 5.908847E-15	 7.312644E-02	-3.232262E-12	-2.159474E-13	 4.146835E-02	-3.126083E-12
0.91287	 0.000000E+00	-6.616228E-12	 2.267534E-12	 1.261461E+00	-4.345346E-13	-1.907063E-13	 2.979564E+00	 3.480687E-12	-9.609212E-13	 3.187463E+00	 5.264156E-12	-1.602155E-12	 2.887033E+00	 5.565604E-12	-1.536580E-12	 2.476109E+00	 6.533409E-12	-2.358182E-12	 2.065928E+00	 5.978041E-12	-2.406415E-12	 1.684683E+00	 5.859794E-12	-3.216793E-12	 1.326052E+00	 5.435638E-12	-3.844495E-12	 1.005608E+00	 5.199053E-12	-4.581141E-12	 7.443263E-01	 4.651400E-12	-5.518825E-12	 5.379532E-01	 3.976054E-12	-6.183069E-12	 3.876380E-01	 3.598818E-12	-6.691312E-12	 2.858666E-01	 2.722503E-12	-7.196235E-12	 2.193487E-01	 2.010498E-12	-7.206963E-12	 1.742563E-01	 1.245774E-12	-7.052285E-12	 1.405139E-01	 4.137606E-13	-6.753347E-12	 1.096911E-01	-4.296833E-13	-6.183770E-12	 7.931412E-02	-1.211638E-12	-5.514555E-12	 4.912777E-02	-1.868990E-12
0.91856	 0.000000E+00	-1.465558E-13	 2.325754E-12	 1.264351E+00	-1.442506E-13	 4.898903E-12	 2.857737E+00	 2.072063E-12	 5.723772E-12	 3.103587E+00	 3.566628E-12	 6.349028E-12	 2.801693E+00	 5.258094E-12	 7.081380E-12	 2.386394E+00	 5.830831E-12	 6.996287E-12	 1.994893E+00	 6.063193E-12	 7.678221E-12	 1.638090E+00	 5.233420E-12	 7.328398E-12	 1.299123E+00	 4.692821E-12	 7.214088E-12	 9.922607E-01	 3.376575E-12	 6.525692E-12	 7.393504E-01	 2.918721E-12	 5.746442E-12	 5.363585E-01	 2.248736E-12	 4.654812E-12	 3.861252E-01	 2.601681E-12	 3.711874E-12	 2.838914E-01	 2.535661E-12	 2.731471E-12	 2.175122E-01	 3.003124E-12	 1.921640E-12	 1.733461E-01	 3.322471E-12	 1.355545E-12	 1.414069E-01	 3.529349E-12	 9.089026E-13	 1.129008E-01	 3.660135E-12	 5.105875E-13	 8.456633E-02	 3.644268E-12	 2.677122E-13	 5.589950E-02	 3.520529E-12
0.92421	 0.000000E+00	-3.598971E-11	 3.648244E-11	 1.267874E+00	-3.170299E-11	 3.575138E-11	 2.771901E+00	-3.030546E-11	 3.467530E-11	 3.051869E+00	-2.616585E-11	 3.288658E-11	 2.747350E+00	-2.216921E-11	 2.976750E-11	 2.325463E+00	-1.831394E-11	 2.713168E-11	 1.946424E+00	-1.426539E-11	 2.457629E-11	 1.607828E+00	-1.105861E-11	 2.234143E-11	 1.284008E+00	-8.173937E-12	 2.061356E-11	 9.877589E-01	-6.015878E-12	 1.915355E-11	 7.412003E-01	-4.718527E-12	 1.803800E-11	 5.399578E-01	-3.397363E-12	 1.678195E-11	 3.883886E-01	-2.273846E-12	 1.585185E-11	 2.844820E-01	-1.305054E-12	 1.503636E-11	 2.172496E-01	-2.220077E-14	 1.424046E-11	 1.733182E-01	 1.131087E-12	 1.341533E-11	 1.427048E-01	 2.187721E-12	 1.255365E-11	 1.161828E-01	 3.107637E-12	 1.157872E-11	 8.968727E-02	 3.759802E-12	 1.040816E-11	 6.240553E-02	 4.140995E-12
0.92983	 0.000000E+00	 1.410751E-11	-1.380601E-11	 1.275053E+00	 1.204261E-11	-1.409150E-11	 2.747715E+00	 7.329160E-12	-1.374862E-11	 3.057296E+00	 5.713651E-12	-1.392836E-11	 2.750687E+00	 3.936019E-12	-1.396769E-11	 2.321074E+00	 3.370502E-12	-1.269094E-11	 1.945925E+00	 2.679627E-12	-1.227613E-11	 1.615435E+00	 2.985973E-12	-1.075763E-11	 1.298313E+00	 3.158366E-12	-9.565746E-12	 1.006369E+00	 3.624661E-12	-8.144278E-12	 7.612539E-01	 3.162080E-12	-6.463611E-12	 5.575503E-01	 3.372071E-12	-4.885325E-12	 4.011603E-01	 2.415853E-12	-3.518263E-12	 2.927074E-01	 1.803975E-12	-1.990383E-12	 2.222967E-01	 8.987804E-13	-7.711480E-13	 1.770033E-01	-9.073981E-14	 3.322777E-13	 1.466361E-01	-9.444925E-13	 1.224142E-12	 1.213352E-01	-1.756185E-12	 1.829455E-12	 9.616460E-02	-2.480572E-12	 2.227287E-12	 6.985066E-02	-2.888729E-12
0.93541	 0.000000E+00	 1.597416E-11	-2.170652E-11	 1.281083E+00	 1.820358E-11	-2.247724E-11	 2.794320E+00	 1.869787E-11	-2.163871E-11	 3.126413E+00	 1.609608E-11	-2.149188E-11	 2.818401E+00	 1.408953E-11	-1.941542E-11	 2.381899E+00	 1.145302E-11	-1.753917E-11	 2.002417E+00	 8.692669E-12	-1.563611E-11	 1.668891E+00	 6.030221E-12	-1.353759E-11	 1.348690E+00	 3.667517E-12	-1.200474E-11	 1.053865E+00	 1.409167E-12	-1.047231E-11	 8.045379E-01	 4.977403E-14	-9.228503E-12	 5.932748E-01	-1.280982E-12	-8.220393E-12	 4.278049E-01	-1.962278E-12	-7.069186E-12	 3.112059E-01	-2.396560E-12	-6.403225E-12	 2.345662E-01	-2.570313E-12	-5.671109E-12	 1.857960E-01	-2.705270E-12	-5.022077E-12	 1.542818E-01	-2.880870E-12	-4.478885E-12	 1.292589E-01	-3.075121E-12	-3.906180E-12	 1.048345E-01	-3.299286E-12	-3.361838E-12	 7.904876E-02	-3.631641E-12
0.94097	 0.000000E+00	-3.833454E-12	 7.240761E-12	 1.278607E+00	-4.970064E-12	 8.709412E-12	 2.913765E+00	-5.116955E-12	 8.464577E-12	 3.258111E+00	-3.169631E-12	 7.703406E-12	 2.948636E+00	-2.635268E-12	 7.122168E-12	 2.508207E+00	-1.156205E-12	 5.624366E-12	 2.117645E+00	-4.113264E-14	 4.634967E-12	 1.770063E+00	 6.968135E-13	 2.942512E-12	 1.436750E+00	 1.404670E-12	 1.312909E-12	 1.132074E+00	 1.572566E-12	 4.998806E-14	 8.731167E-01	 2.185518E-12	-1.454463E-12	 6.491000E-01	 1.847246E-12	-2.735772E-12	 4.701744E-01	 2.036008E-12	-3.579460E-12	 3.415972E-01	 2.105284E-12	-4.342310E-12	 2.552497E-01	 2.197287E-12	-4.744046E-12	 2.005274E-01	 2.416721E-12	-5.081211E-12	 1.662467E-01	 2.669303E-12	-5.267844E-12	 1.404435E-01	 2.835698E-12	-5.282723E-12	 1.161944E-01	 2.916571E-12	-5.092896E-12	 9.057642E-02	 2.910380E-12
0.94648	 0.000000E+00	 1.321329E-11	-8.416290E-12	 1.275246E+00	 1.178256E-14	-7.475020E-12	 3.131474E+00	-2.413360E-12	-8.423449E-12	 3.480153E+00	-5.623557E-12	-8.152381E-12	 3.170609E+00	-5.644041E-12	-8.574920E-12	 2.730192E+00	-5.540139E-12	-7.855582E-12	 2.320178E+00	-4.515672E-12	-7.441791E-12	 1.943737E+00	-3.358321E-12	-7.179697E-12	 1.583086E+00	-2.132761E-12	-6.557291E-12	 1.258210E+00	-1.339108E-12	-6.508272E-12	 9.811963E-01	-3.280047E-13	-6.646762E-12	 7.363333E-01	 3.764963E-14	-6.298130E-12	 5.372413E-01	 2.454420E-13	-6.419355E-12	 3.908593E-01	 3.087408E-13	-6.132473E-12	 2.895109E-01	-6.825305E-14	-5.837672E-12	 2.249850E-01	-4.058117E-13	-5.433496E-12	 1.853553E-01	-7.853405E-13	-4.911601E-12	 1.570860E-01	-1.058049E-12	-4.439200E-12	 1.321030E-01	-1.276463E-12	-4.070643E-12	 1.061230E-01	-1.432815E-12
0.95197	 0.000000E+00	-2.893962E-11	 1.459120E-11	 1.272407E+00	-2.133426E-11	 7.356089E-12	 3.457699E+00	-1.731271E-11	 3.721035E-12	 3.803512E+00	-1.906161E-11	 7.798696E-13	 3.496696E+00	-1.816636E-11	-4.013536E-13	 3.063103E+00	-1.841265E-11	-9.339286E-13	 2.626524E+00	-1.768968E-11	-6.213490E-13	 2.205609E+00	-1.711077E-11	 3.274555E-15	 1.802130E+00	-1.613442E-11	 1.160604E-12	 1.445899E+00	-1.507752E-11	 2.031379E-12	 1.141205E+00	-1.430326E-11	 2.784429E-12	 8.658018E-01	-1.309450E-11	 3.260835E-12	 6.384788E-01	-1.214261E-11	 3.168713E-12	 4.669451E-01	-1.127507E-11	 3.081947E-12	 3.435534E-01	-1.036054E-11	 2.594224E-12	 2.638530E-01	-9.483766E-12	 2.083329E-12	 2.150245E-01	-8.540368E-12	 1.553752E-12	 1.816702E-01	-7.674738E-12	 9.916339E-13	 1.545093E-01	-6.836009E-12	 5.163973E-13	 1.273949E-01	-5.972162E-12
0.95743	 0.000000E+00	 1.181669E-11	-1.094180E-12	 1.253285E+00	 1.108309E-11	 6.561446E-12	 3.874509E+00	 8.465232E-12	 1.017452E-11	 4.198511E+00	 1.147277E-11	 1.317840E-11	 3.893828E+00	 1.100486E-11	 1.460735E-11	 3.476426E+00	 1.102695E-11	 1.483708E-11	 3.008742E+00	 1.054486E-11	 1.408495E-11	 2.529848E+00	 1.053112E-11	 1.334713E-11	 2.071283E+00	 1.007075E-11	 1.199793E-11	 1.676893E+00	 9.834192E-12	 1.093629E-11	 1.338490E+00	 9.398453E-12	 1.007183E-11	 1.025921E+00	 9.224358E-12	 9.426941E-12	 7.656002E-01	 8.362967E-12	 8.786727E-12	 5.639316E-01	 7.843335E-12	 8.252675E-12	 4.128606E-01	 7.198449E-12	 7.706780E-12	 3.136858E-01	 6.592494E-12	 6.981625E-12	 2.524399E-01	 6.041670E-12	 6.030473E-12	 2.118707E-01	 5.591284E-12	 5.112969E-12	 1.817257E-01	 5.262155E-12	 4.136331E-12	 1.534593E-01	 5.053130E-12
0.96285	 0.000000E+00	-2.034575E-11	 1.870054E-11	 1.269302E+00	-9.937660E-12	 1.566055E-11	 4.473821E+00	-2.946963E-12	 1.615675E-11	 4.782274E+00	 1.795514E-12	 1.540679E-11	 4.496302E+00	 5.689659E-12	 1.352689E-11	 4.111371E+00	 8.188767E-12	 1.212137E-11	 3.603169E+00	 1.002460E-11	 1.070577E-11	 3.040929E+00	 1.068320E-11	 9.118992E-12	 2.501742E+00	 1.086120E-11	 7.689367E-12	 2.048709E+00	 1.096517E-11	 5.960054E-12	 1.655374E+00	 1.137142E-11	 4.955643E-12	 1.284691E+00	 1.084216E-11	 3.406403E-12	 9.745984E-01	 1.092649E-11	 2.747579E-12	 7.265079E-01	 1.062225E-11	 2.123088E-12	 5.320814E-01	 1.011854E-11	 1.810444E-12	 4.010995E-01	 9.562116E-12	 1.910304E-12	 3.174910E-01	 8.716540E-12	 2.176177E-12	 2.623907E-01	 7.765496E-12	 2.410042E-12	 2.248244E-01	 6.812972E-12	 2.614252E-12	 1.928483E-01	 5.890422E-12
0.96825	 0.000000E+00	 6.521286E-12	 9.173260E-15	 1.171870E+00	-3.965041E-12	-1.851652E-12	 5.060905E+00	-6.932039E-12	-1.962008E-12	 5.267188E+00	-7.410591E-12	-3.764444E-12	 4.981062E+00	-7.788087E-12	-4.514631E-12	 4.653197E+00	-7.636051E-12	-5.379586E-12	 4.114273E+00	-7.015382E-12	-4.727404E-12	 3.471093E+00	-8.125498E-12	-4.682708E-12	 2.863190E+00	-7.835716E-12	-3.821905E-12	 2.371138E+00	-8.455387E-12	-2.760544E-12	 1.936620E+00	-9.274042E-12	-1.952116E-12	 1.518955E+00	-9.710942E-12	-1.735381E-12	 1.172233E+00	-9.187439E-12	-6.496363E-13	 8.844935E-01	-9.874375E-12	-6.516552E-13	 6.487434E-01	-9.214396E-12	-2.003556E-13	 4.873872E-01	-8.933852E-12	-1.312428E-13	 3.804467E-01	-8.467954E-12	-9.672558E-14	 3.095208E-01	-7.911596E-12	-8.959417E-15	 2.647037E-01	-7.377964E-12	 1.633252E-13	 2.301094E-01	-6.970647E-12
0.97361	 0.000000E+00	 1.203009E-11	-1.407768E-11	 1.299342E+00	 1.638084E-11	-1.256652E-11	 6.330346E+00	 1.353648E-11	-1.119969E-11	 6.483371E+00	 1.405268E-11	-8.433997E-12	 6.287736E+00	 1.042143E-11	-6.371236E-12	 6.052542E+00	 1.081427E-11	-4.220284E-12	 5.416663E+00	 8.582303E-12	-2.888622E-12	 4.589761E+00	 7.768359E-12	-2.524738E-12	 3.817247E+00	 7.261095E-12	-1.522250E-12	 3.199363E+00	 5.686017E-12	-1.183977E-12	 2.634535E+00	 4.058312E-12	-1.288502E-12	 2.093241E+00	 3.013866E-12	-3.032710E-13	 1.650514E+00	 8.192660E-13	-4.264762E-13	 1.264880E+00	-9.249811E-13	-3.826992E-13	 9.374026E-01	-2.104922E-12	-2.735295E-13	 7.069098E-01	-3.853139E-12	-7.741137E-13	 5.433457E-01	-4.801944E-12	-1.177714E-12	 4.321939E-01	-5.494625E-12	-1.698417E-12	 3.646409E-01	-5.943525E-12	-2.184999E-12	 3.171503E-01	-5.999766E-12
0.97895	 0.000000E+00	 4.495749E-12	-1.294455E-11	 1.324139E+00	 7.478832E-12	-9.765833E-12	 7.534790E+00	 1.011841E-11	-1.027372E-11	 7.563619E+00	 6.754011E-12	-7.572275E-12	 7.479200E+00	 5.721551E-12	-5.707381E-12	 7.408709E+00	 4.936191E-12	-2.958994E-12	 6.720120E+00	 3.139479E-12	-2.508758E-12	 5.739876E+00	 3.636073E-12	-1.195672E-12	 4.840961E+00	 3.780772E-12	-3.689049E-13	 4.123432E+00	 4.143873E-12	-1.203931E-12	 3.430667E+00	 4.848676E-12	-1.238179E-12	 2.773003E+00	 5.991512E-12	-1.052439E-12	 2.240789E+00	 5.713014E-12	-2.332322E-12	 1.746939E+00	 6.899539E-12	-2.147744E-12	 1.319805E+00	 6.802054E-12	-2.313682E-12	 1.007590E+00	 6.897994E-12	-2.351315E-12	 7.677677E-01	 6.924856E-12	-2.131403E-12	 5.994145E-01	 6.728782E-12	-1.788726E-12	 4.953602E-01	 6.499561E-12	-1.235060E-12	 4.239120E-01	 5.987635E-12
0.98425	 0.000000E+00	 1.335223E-11	-9.754908E-12	 6.653380E-01	 8.825961E-12	-7.257616E-12	 8.651573E+00	 4.865313E-12	-8.663039E-12	 7.969163E+00	 3.202282E-12	-9.638990E-12	 7.845420E+00	 2.665551E-12	-9.994196E-12	 8.051438E+00	 1.468063E-12	-1.044278E-11	 7.302614E+00	 1.186367E-12	-1.053200E-11	 6.162129E+00	 1.499603E-13	-1.002888E-11	 5.231171E+00	 1.039997E-12	-9.937485E-12	 4.530618E+00	 6.555123E-13	-9.631621E-12	 3.787203E+00	 1.319238E-12	-8.969669E-12	 3.106968E+00	 2.714844E-12	-8.259348E-12	 2.575454E+00	 2.755892E-12	-7.868911E-12	 2.029283E+00	 4.371211E-12	-6.490732E-12	 1.560149E+00	 4.817493E-12	-5.702589E-12	 1.202822E+00	 5.453287E-12	-4.828253E-12	 9.084471E-01	 6.259084E-12	-3.976596E-12	 7.009560E-01	 6.311594E-12	-3.351296E-12	 5.721555E-01	 6.273512E-12	-2.950038E-12	 4.829939E-01	 6.052564E-12
0.98953	 0.000000E+00	-2.549882E-11	 2.272539E-11	 1.408234E+00	-2.089069E-11	 2.001305E-11	 1.759100E+01	-2.032059E-11	 1.887246E-11	 1.539945E+01	-1.678634E-11	 1.643548E-11	 1.660938E+01	-1.541957E-11	 1.489494E-11	 1.796634E+01	-1.357963E-11	 1.129276E-11	 1.635962E+01	-1.090064E-11	 1.090289E-11	 1.409359E+01	-1.092519E-11	 7.778793E-12	 1.240602E+01	-7.552569E-12	 6.205214E-12	 1.086602E+01	-6.427530E-12	 5.833941E-12	 9.115822E+00	-5.839444E-12	 2.314844E-12	 7.715198E+00	-1.586455E-12	 3.022614E-12	 6.579300E+00	-1.584033E-12	 1.303361E-12	 5.355779E+00	-7.555615E-14	-2.101859E-13	 4.308208E+00	 2.785748E-12	 1.543632E-13	 3.417421E+00	 1.642676E-12	-1.521558E-12	 2.646041E+00	 3.247329E-12	-1.846501E-12	 2.037995E+00	 3.090564E-12	-2.710379E-12	 1.618629E+00	 2.641413E-12	-3.435979E-12	 1.315455E+00	 2.951555E-12
0.99478	 0.000000E+00	-1.521240E-12	 4.606017E-12	 2.155845E+00	-5.306318E-12	 8.345642E-12	 3.440733E+01	-6.573030E-12	 5.596429E-12	 2.625906E+01	-5.794800E-12	 7.969149E-12	 3.409999E+01	-8.343303E-12	 1.277343E-11	 3.820149E+01	-1.129547E-11	 1.106013E-11	 3.449691E+01	-8.579961E-12	 1.539833E-11	 3.198142E+01	-1.118116E-11	 1.802488E-11	 2.979380E+01	-1.227901E-11	 1.711966E-11	 2.603859E+01	-7.864257E-12	 2.195548E-11	 2.239084E+01	-1.056492E-11	 2.241247E-11	 2.000391E+01	-7.932527E-12	 2.452787E-11	 1.737009E+01	-3.229317E-12	 2.574335E-11	 1.473316E+01	-4.566512E-12	 2.568252E-11	 1.277673E+01	-1.634274E-12	 2.635740E-11	 1.079073E+01	 7.898052E-13	 2.459376E-11	 8.791783E+00	 6.872838E-13	 2.345465E-11	 7.215081E+00	 1.060195E-12	 2.119021E-11	 5.886383E+00	 2.272847E-12	 1.992925E-11	 4.590173E+00	-2.392291E-14
1.00000	 0.000000E+00	 2.842910E-11	-1.626872E-11	 1.715372E+00	 6.018836E-12	-1.121130E-11	 4.994524E+01	 4.946072E-13	-1.490056E-11	 3.275967E+01	-1.006133E-11	-5.089984E-12	 5.083876E+01	-2.129059E-11	 5.233122E-12	 5.744932E+01	-2.975502E-11	 1.497674E-11	 5.148331E+01	-3.404587E-11	 2.202745E-11	 5.126073E+01	-3.732697E-11	 3.266700E-11	 4.933684E+01	-3.656094E-11	 3.802388E-11	 4.304135E+01	-3.880596E-11	 3.663179E-11	 3.835104E+01	-2.512733E-11	 5.449621E-11	 3.551495E+01	-3.231678E-11	 4.227103E-11	 3.086836E+01	-1.343625E-11	 4.672779E-11	 2.697932E+01	-8.370697E-13	 5.281397E-11	 2.452711E+01	-1.155910E-11	 3.445518E-11	 2.119536E+01	 1.885862E-11	 3.896230E-11	 1.783463E+01	 8.358302E-12	 2.232085E-11	 1.548685E+01	 1.289254E-11	 1.169653E-11	 1.283413E+01	 2.059861E-11	 4.168539E-12	 1.011474E+01	 9.772616E-12
