r	   0/   0	   0/   1	   1/  -1	   1/   0	   1/   1	   2/  -1	   2/   0	   2/   1	   3/  -1	   3/   0	   3/   1	   4/  -1	   4/   0	   4/   1	   5/  -1	   5/   0	   5/   1	   6/  -1	   6/   0	   6/   1	   7/  -1	   7/   0	   7/   1	   8/  -1	   8/   0	   8/   1	   9/  -1	   9/   0	   9/   1	  10/  -1	  10/   0	  10/   1	  11/  -1	  11/   0	  11/   1	  12/  -1	  12/   0	  12/   1	  13/  -1	  13/   0	  13/   1	  14/  -1	  14/   0	  14/   1	  15/  -1	  15/   0	  15/   1	  16/  -1	  16/   0	  16/   1	  17/  -1	  17/   0	  17/   1	  18/  -1	  18/   0	  18/   1	  19/  -1	  19/   0	  19/   1
0.10206	 2.853263E+00	-3.119757E-14	 2.513725E-13	 1.082638E+00	 2.620541E-14	 3.845963E-14	 1.642674E+00	-1.197501E-13	 1.408888E-13	 3.836104E-01	-6.522138E-14	 5.101482E-14	 6.384049E-02	-9.659601E-14	-1.638952E-13	 2.195869E-02	 4.164227E-13	 2.330883E-13	 1.898722E-03	 3.504950E-13	-3.617285E-13	-6.242458E-03	 3.308486E-13	 2.417852E-13	 1.123627E-03	-2.088604E-13	-1.521736E-13	-8.259756E-04	 1.882880E-13	 3.387080E-13	-2.342226E-03	 1.948185E-13	-1.721159E-13	-1.862241E-03	 1.616460E-13	-4.838668E-14	-2.373486E-03	 3.095716E-13	-2.230816E-13	 1.268622E-03	-5.259325E-13	-3.835309E-13	 2.649167E-03	-4.993221E-13	-3.663450E-13	 6.851372E-04	 2.661495E-14	-2.631348E-13	-1.418809E-04	 4.117340E-13	 7.002390E-15	-3.620503E-04	 2.076742E-13	 3.769112E-13	-2.814757E-04	-1.533889E-15	 3.840888E-13	-8.371560E-05	-8.381892E-14
0.14434	 3.041318E+00	-4.037265E-14	 4.214394E-13	 1.616678E+00	-1.838462E-13	 4.587141E-14	 1.871214E+00	-1.952875E-13	 2.285555E-13	 6.030196E-01	-3.584933E-13	-5.443932E-14	 1.381133E-01	-2.413376E-13	-3.604430E-13	 3.481334E-02	 2.963456E-13	-2.234320E-13	 6.290713E-03	 4.668133E-13	-4.776852E-13	-1.020244E-02	 4.535189E-13	-1.753085E-13	-1.951146E-03	-4.955910E-14	 1.794174E-13	 2.813582E-04	-5.558401E-13	-6.127832E-14	-4.568105E-03	 3.846011E-13	-1.349938E-13	-2.581346E-03	-4.632455E-14	-9.458394E-15	 7.661020E-04	-1.052957E-13	-2.715040E-14	 1.529651E-03	-2.077193E-13	 3.047969E-13	 6.655051E-04	-9.774966E-13	 5.318429E-14	-4.803939E-05	-4.338882E-13	 1.142811E-13	 2.698476E-04	 4.931233E-14	 3.816852E-13	 7.830024E-05	 3.634830E-13	 4.533159E-13	-2.368463E-04	 2.661188E-13	 2.455973E-13	-1.554358E-04	 1.017450E-13
0.17678	 3.101550E+00	 2.610729E-14	 4.004364E-13	 2.012520E+00	-1.546921E-13	 2.241414E-13	 2.034049E+00	-3.027959E-13	 1.418172E-13	 7.890294E-01	-3.243976E-13	 4.367092E-14	 2.240228E-01	-2.978140E-13	-3.884171E-13	 5.636593E-02	-2.396849E-13	-5.152980E-13	 1.353021E-02	-1.040293E-14	-2.624283E-13	-8.976282E-03	-2.237367E-13	-2.277890E-13	-6.959487E-03	-1.314787E-13	 6.157197E-13	-1.806100E-03	-1.067487E-12	-3.556015E-14	-3.934640E-03	 2.012186E-13	-1.889119E-13	-3.734563E-03	 2.262553E-13	 2.341843E-13	 9.613414E-04	-2.709331E-13	-2.810845E-14	 2.757439E-03	-3.126314E-14	 4.589442E-13	 2.857709E-05	-8.639722E-13	 3.335294E-13	-1.472101E-03	-6.913431E-13	 2.416945E-13	-2.527302E-04	-3.956009E-13	 5.741171E-13	 3.976664E-04	 6.345608E-14	 2.764114E-13	 1.754537E-04	 3.526055E-13	-3.417317E-13	 1.880036E-05	 4.360247E-13
0.20412	 3.142968E+00	-1.306163E-15	 2.230243E-14	 2.335616E+00	-1.725168E-13	 1.498712E-13	 2.186928E+00	-2.957175E-13	-3.543070E-14	 9.558405E-01	-4.365157E-14	 9.826472E-14	 3.149772E-01	-1.494769E-13	-4.407831E-14	 8.699119E-02	-2.292655E-13	-1.120143E-14	 2.253800E-02	-2.644157E-13	 8.907782E-14	-4.539526E-03	-4.099358E-13	 3.063895E-13	-9.022492E-03	-2.607731E-13	 4.046485E-13	-5.338776E-03	-6.895105E-13	 1.103463E-13	-4.154197E-03	-1.812015E-13	-3.162053E-13	-4.523033E-03	 3.142206E-13	-9.140145E-14	-6.574260E-04	 3.134683E-14	-3.070479E-13	 2.786750E-03	-2.871312E-13	-6.790004E-14	 8.115028E-04	-4.218751E-13	 8.028463E-14	-1.582800E-03	-4.761986E-13	 6.717893E-14	-1.106163E-03	-4.841922E-13	 2.939963E-13	-7.896341E-05	-3.509771E-13	 1.288854E-13	 2.120612E-04	-1.252307E-13	-3.421747E-13	 1.731584E-04	 2.038603E-13
0.22822	 3.177760E+00	-1.837671E-13	-1.541925E-13	 2.609817E+00	-3.285988E-13	 1.017704E-14	 2.331272E+00	-3.409698E-13	-9.259521E-14	 1.109219E+00	-6.037049E-14	 1.412698E-13	 4.069685E-01	-2.830177E-13	 1.806611E-13	 1.238935E-01	 3.063555E-14	 3.996566E-13	 3.385437E-02	-1.684637E-13	 4.192893E-13	 1.767141E-04	-1.770803E-13	 6.577271E-13	-8.606819E-03	-3.518847E-13	 3.332251E-13	-7.015813E-03	-3.718361E-13	 8.182328E-14	-5.055080E-03	-5.563444E-13	-1.710825E-13	-5.338223E-03	 3.200529E-14	-4.550548E-14	-2.142985E-03	 1.105653E-13	-3.393089E-13	 1.869774E-03	-4.135158E-13	-2.430006E-13	 1.318498E-03	-1.013036E-13	 7.806787E-14	-9.435287E-04	-1.951339E-13	 1.373099E-13	-1.377047E-03	-2.470484E-13	 3.042387E-13	-6.620720E-04	-2.858333E-13	 4.591684E-13	-1.523718E-04	-2.857061E-13	 3.891402E-13	 2.241769E-05	-2.386717E-13
0.25000	 3.207875E+00	-7.913149E-14	-2.842363E-14	 2.844295E+00	-1.559878E-13	-1.241584E-14	 2.464356E+00	-1.770363E-13	 1.184504E-13	 1.248515E+00	-1.462181E-13	 1.389415E-13	 4.963763E-01	-2.520090E-13	-4.543883E-14	 1.647970E-01	-1.337710E-13	 1.133310E-13	 4.804447E-02	-1.184120E-13	 2.289394E-15	 5.471858E-03	-3.962409E-13	 1.826833E-13	-7.342902E-03	-2.936500E-13	 4.788501E-14	-7.831131E-03	-1.680021E-13	-1.838913E-13	-5.662080E-03	-2.463929E-13	-1.044935E-13	-5.456015E-03	 3.411226E-14	-1.963006E-14	-3.132006E-03	 3.106439E-13	 1.033862E-13	 4.928071E-04	-2.849809E-13	 1.535761E-13	 1.113437E-03	-2.166123E-13	 6.054957E-13	-4.284832E-04	-4.191025E-13	 5.948475E-13	-1.227992E-03	-5.470182E-13	 5.807759E-13	-9.430862E-04	-4.950110E-13	 6.224519E-13	-4.866718E-04	-4.234000E-13	 6.225325E-13	-2.091531E-04	-4.367016E-13
0.27003	 3.233506E+00	-3.047555E-14	-1.198216E-13	 3.044335E+00	 5.938480E-14	-1.566933E-13	 2.584161E+00	 7.451585E-14	 7.735943E-14	 1.372909E+00	-6.956284E-14	-6.742493E-15	 5.802836E-01	 1.248883E-13	-1.313402E-13	 2.069265E-01	 5.169063E-14	-2.270882E-14	 6.437725E-02	 3.011000E-13	-3.900530E-14	 1.162369E-02	-7.086010E-14	 2.838555E-14	-5.429117E-03	 3.273123E-13	 1.539801E-14	-8.077816E-03	 1.429064E-13	-1.723971E-13	-6.204218E-03	 1.215230E-13	-2.158681E-13	-5.442018E-03	-1.401025E-13	-3.497312E-13	-3.568705E-03	 7.494197E-14	-2.614250E-13	-5.180586E-04	-3.431155E-13	-9.211680E-14	 6.367713E-04	-4.908622E-13	 8.572242E-14	-2.573329E-04	-3.844756E-13	 9.518051E-14	-1.068525E-03	-3.758385E-13	 8.312461E-14	-1.065565E-03	-2.580310E-13	-3.403148E-15	-7.284449E-04	-6.230731E-14	-8.671840E-14	-4.125173E-04	 8.590301E-14
0.28868	 3.254665E+00	-3.417931E-13	-5.611964E-13	 3.214179E+00	-7.285551E-16	-3.891328E-13	 2.689890E+00	 7.974296E-14	-3.652872E-13	 1.482262E+00	 3.299141E-13	-1.860746E-13	 6.569303E-01	 4.007406E-13	-1.276742E-13	 2.481883E-01	 5.850342E-13	 1.617686E-13	 8.185441E-02	 6.291902E-13	 3.361474E-13	 1.844524E-02	 5.097452E-13	 3.193661E-13	-3.084254E-03	 6.235556E-13	 4.568056E-13	-7.911503E-03	 2.976436E-13	 1.934696E-13	-6.651661E-03	 1.176590E-13	-4.069666E-15	-5.478041E-03	-4.150798E-14	-1.908064E-13	-3.756774E-03	 5.686515E-14	-3.693985E-13	-1.192063E-03	-2.093423E-14	-2.437067E-13	 1.483952E-04	-1.775459E-14	-1.972724E-13	-2.487200E-04	 1.858210E-13	-9.791729E-14	-9.236592E-04	 3.561526E-13	 1.591942E-14	-1.079849E-03	 5.777667E-13	-5.087639E-14	-8.833174E-04	 8.243549E-13	-1.802342E-13	-5.929835E-04	 9.181670E-13
0.30619	 3.271563E+00	 2.371982E-13	 1.520657E-13	 3.357860E+00	 2.397099E-13	 2.882882E-13	 2.781916E+00	 1.971663E-13	 2.483114E-13	 1.577291E+00	 2.856275E-13	 2.194375E-13	 7.256309E-01	 1.810626E-13	 1.562738E-13	 2.872757E-01	 2.961029E-13	 3.633686E-13	 9.965330E-02	 9.569646E-14	 5.516209E-13	 2.567085E-02	 4.132801E-14	 4.674385E-13	-5.078046E-04	 4.142330E-14	 5.999845E-13	-7.507832E-03	 1.624143E-14	 4.770162E-13	-7.029147E-03	-1.352271E-13	 2.977918E-13	-5.617792E-03	 1.047433E-13	 2.042229E-13	-3.880992E-03	-3.887738E-14	 9.757302E-14	-1.646538E-03	-5.408314E-14	 2.175811E-13	-2.856269E-04	-1.303988E-13	 3.167390E-13	-3.335816E-04	-1.458501E-13	 4.091231E-13	-8.092798E-04	-8.713784E-14	 5.097118E-13	-1.009430E-03	 2.779627E-15	 5.005606E-13	-9.245338E-04	 8.292660E-14	 3.765614E-13	-7.010710E-04	 7.809398E-14
0.32275	 3.284658E+00	 5.075257E-13	 5.200662E-13	 3.479456E+00	 3.458897E-13	 4.839248E-13	 2.861588E+00	 2.250478E-13	 4.546777E-13	 1.659539E+00	 4.614835E-14	 4.202457E-13	 7.866623E-01	-6.895752E-14	 3.063098E-13	 3.236381E-01	-1.705567E-15	 3.807809E-13	 1.172600E-01	-2.116901E-13	 6.033714E-13	 3.309770E-02	-2.831129E-13	 2.888120E-13	 2.166583E-03	-8.581010E-14	 1.096374E-13	-7.004918E-03	 1.631082E-13	-5.474597E-14	-7.383378E-03	 1.324693E-13	-3.509476E-13	-5.883275E-03	 1.995246E-13	-4.554803E-13	-4.057614E-03	-1.400447E-14	-6.422491E-13	-2.004141E-03	-1.717871E-13	-3.907203E-13	-6.621562E-04	-3.177084E-13	-2.439776E-13	-4.652115E-04	-3.480790E-13	-1.983747E-13	-7.328807E-04	-2.146787E-13	-1.632789E-13	-8.973638E-04	-1.889104E-13	-1.384982E-13	-8.736582E-04	-2.459357E-13	-1.646087E-13	-7.214094E-04	-2.927923E-13
0.33850	 3.294582E+00	-7.763615E-14	-9.575858E-14	 3.582983E+00	 5.837170E-14	-3.626261E-13	 2.930863E+00	 6.978274E-14	-2.596901E-13	 1.731086E+00	 1.606975E-14	-3.019473E-13	 8.409908E-01	-2.168213E-14	 1.477556E-14	 3.573201E-01	-3.579771E-14	 2.756211E-13	 1.344649E-01	-4.789937E-14	 2.295226E-13	 4.063087E-02	 8.428274E-14	 2.293684E-13	 4.883184E-03	 1.710977E-13	-1.861596E-13	-6.488114E-03	 5.206672E-13	-5.379310E-13	-7.761608E-03	 6.985021E-13	-6.234318E-13	-6.281624E-03	 2.774751E-13	-8.255020E-13	-4.342662E-03	 3.753239E-13	-8.726066E-13	-2.354738E-03	 1.502100E-13	-6.790873E-13	-1.011711E-03	 1.597892E-14	-5.521107E-13	-6.243370E-04	 4.369994E-14	-5.180830E-13	-6.931228E-04	 9.061908E-14	-4.683679E-13	-7.761094E-04	 4.656802E-14	-4.056793E-13	-7.672519E-04	-2.354679E-14	-3.608269E-13	-6.703393E-04	-5.083800E-14
0.35355	 3.302016E+00	-1.837990E-13	 3.833233E-14	 3.672077E+00	-4.584008E-13	-3.116579E-14	 2.991797E+00	-7.198100E-13	 5.241097E-14	 1.794069E+00	-8.580491E-13	-4.260853E-14	 8.898285E-01	-8.319213E-13	 1.954453E-13	 3.886632E-01	-8.376494E-13	 4.174664E-13	 1.512379E-01	-6.873815E-13	 3.429589E-13	 4.824600E-02	-4.680120E-13	 5.166948E-13	 7.641962E-03	-2.971386E-13	 6.015350E-13	-5.993054E-03	-1.368841E-13	 3.214838E-13	-8.199255E-03	 2.644534E-14	 4.151178E-13	-6.814636E-03	-2.836619E-13	 3.004096E-13	-4.753131E-03	-7.089741E-14	 2.326621E-13	-2.745900E-03	-6.169815E-14	 2.349586E-13	-1.364833E-03	-5.281337E-14	 1.269191E-13	-8.110632E-04	-6.010867E-15	 3.721942E-14	-6.923386E-04	-2.523500E-14	-2.136358E-14	-6.689911E-04	-7.654642E-14	-4.594680E-14	-6.391857E-04	-1.192383E-13	-1.731733E-14	-5.746140E-04	-1.680635E-13
0.36799	 3.307552E+00	-3.101635E-13	-1.534906E-13	 3.749697E+00	-6.025335E-13	-5.570517E-14	 3.046129E+00	-8.339663E-13	-2.715589E-13	 1.850280E+00	-8.792906E-13	-8.333360E-14	 9.342473E-01	-7.889731E-13	-2.479182E-13	 4.180271E-01	-7.045087E-13	-1.931879E-13	 1.675880E-01	-6.380901E-13	-2.179492E-14	 5.592792E-02	-8.134982E-13	 1.701620E-14	 1.045883E-02	-6.505469E-13	 3.753982E-13	-5.522424E-03	-7.515487E-13	 4.700654E-13	-8.711819E-03	-7.698265E-13	 4.474517E-13	-7.479413E-03	-8.269741E-13	 5.526884E-13	-5.289204E-03	-8.034035E-13	 6.763784E-13	-3.197672E-03	-7.610955E-13	 8.523267E-13	-1.739343E-03	-6.036265E-13	 8.350953E-13	-1.028442E-03	-5.151082E-13	 6.824962E-13	-7.333672E-04	-3.441224E-13	 4.412264E-13	-5.919862E-04	-1.116661E-13	 2.769731E-13	-5.161894E-04	 1.529551E-14	 2.435309E-13	-4.609662E-04	 2.173910E-14
0.38188	 3.311652E+00	-9.311662E-14	-3.257253E-13	 3.818116E+00	 8.581955E-14	-5.531203E-13	 3.095176E+00	 2.449997E-13	-7.577110E-13	 1.901063E+00	 3.493401E-13	-6.294944E-13	 9.750538E-01	 3.287104E-13	-6.303327E-13	 4.456811E-01	 2.396730E-13	-5.227524E-13	 1.835060E-01	 3.954674E-14	-2.252844E-13	 6.364584E-02	-3.490288E-13	-3.377510E-13	 1.334269E-02	-4.626771E-13	-1.415270E-13	-5.063909E-03	-5.364077E-13	-1.334841E-13	-9.296043E-03	-3.978252E-13	-2.223431E-13	-8.266491E-03	-2.451007E-13	-3.097283E-13	-5.945787E-03	-1.760911E-13	-7.349868E-14	-3.718764E-03	-2.147757E-13	 1.017205E-13	-2.143827E-03	-1.821982E-13	 9.068418E-14	-1.275727E-03	-6.498206E-14	 1.958392E-14	-8.143106E-04	 1.836177E-13	 5.004641E-14	-5.521639E-04	 4.087857E-13	 2.173679E-13	-4.154713E-04	 4.315734E-13	 4.426883E-13	-3.508044E-04	 3.190846E-13
0.39528	 3.314664E+00	-2.912772E-13	-6.324898E-13	 3.879070E+00	-4.331006E-14	-9.572079E-13	 3.139923E+00	 2.097475E-13	-1.084116E-12	 1.947417E+00	 3.685908E-13	-1.318649E-12	 1.012841E+00	 4.380191E-13	-1.377927E-12	 4.718185E-01	 4.298331E-13	-1.373321E-12	 1.989721E-01	 3.463386E-13	-1.201982E-12	 7.136123E-02	 2.430904E-13	-1.427564E-12	 1.629357E-02	 1.286917E-13	-1.144653E-12	-4.600802E-03	 1.038864E-13	-1.329113E-12	-9.936901E-03	 3.409465E-13	-1.106492E-12	-9.160712E-03	 3.354482E-13	-1.133311E-12	-6.715746E-03	 3.094978E-13	-7.746481E-13	-4.314214E-03	 1.919017E-13	-4.968344E-13	-2.583808E-03	 2.021764E-13	-4.375753E-13	-1.550296E-03	 3.591565E-13	-3.066075E-13	-9.291955E-04	 6.169746E-13	-1.357344E-14	-5.485739E-04	 8.058057E-13	 2.714593E-13	-3.443524E-04	 7.967760E-13	 4.556418E-13	-2.574239E-04	 6.651454E-13
0.40825	 3.316856E+00	-1.945423E-13	-2.462242E-13	 3.933918E+00	-1.459671E-13	-3.043525E-13	 3.181130E+00	-9.504338E-14	-4.064778E-13	 1.990113E+00	-1.019514E-13	-6.484020E-13	 1.048069E+00	-7.205010E-15	-1.032508E-12	 4.965972E-01	 1.388666E-13	-1.298744E-12	 2.139761E-01	 3.249829E-13	-1.515427E-12	 7.904157E-02	 4.269256E-13	-1.745397E-12	 1.930849E-02	 3.560832E-13	-1.889981E-12	-4.116217E-03	 5.062927E-13	-1.944286E-12	-1.061476E-02	 5.366267E-13	-1.741066E-12	-1.014419E-02	 3.792196E-13	-1.379789E-12	-7.590461E-03	 1.619215E-13	-8.121389E-13	-4.987065E-03	 1.598029E-13	-2.482237E-13	-3.064691E-03	 3.041120E-13	 7.748919E-14	-1.850967E-03	 5.217642E-13	 2.642809E-13	-1.071702E-03	 6.959269E-13	 3.168193E-13	-5.759427E-04	 7.624144E-13	 1.892741E-13	-3.026487E-04	 7.031736E-13	-3.588577E-14	-1.860975E-04	 5.751288E-13
0.42081	 3.318437E+00	 5.169900E-14	 1.167532E-13	 3.983749E+00	-1.386953E-13	 1.578602E-13	 3.219408E+00	-3.281848E-13	 2.524846E-13	 2.029766E+00	-2.885120E-13	 4.626225E-13	 1.081116E+00	-2.672447E-13	 3.549696E-13	 5.201589E-01	 4.352742E-14	 4.225728E-13	 2.285228E-01	 2.836938E-13	 3.456725E-13	 8.666505E-02	 5.464167E-13	 1.317585E-13	 2.238488E-02	 6.253182E-13	-2.605713E-13	-3.594971E-03	 8.317251E-13	-5.943396E-13	-1.131025E-02	 8.903762E-13	-6.200033E-13	-1.119916E-02	 7.066047E-13	-6.429265E-13	-8.560302E-03	 4.604291E-13	-4.418425E-13	-5.738405E-03	 5.128021E-13	-1.802575E-13	-3.592071E-03	 3.406685E-13	 6.494613E-14	-2.179284E-03	 2.362366E-13	 1.990363E-13	-1.237851E-03	 1.571546E-13	 1.506190E-13	-6.283289E-04	 1.606675E-14	 4.816034E-15	-2.861644E-04	-1.085206E-13	-1.328621E-13	-1.362636E-04	-2.096814E-13
0.43301	 3.319576E+00	 2.234179E-13	 1.113968E-13	 4.029439E+00	 3.644698E-13	-2.149740E-14	 3.255245E+00	 2.239190E-13	 1.077515E-15	 2.066873E+00	 3.896507E-13	-2.271427E-14	 1.112289E+00	 5.732613E-13	 1.554455E-13	 5.426311E-01	 5.591270E-13	 4.223089E-13	 2.426284E-01	 5.416991E-13	 7.615494E-13	 9.421880E-02	 3.359503E-13	 8.015783E-13	 2.552051E-02	 1.986482E-13	 8.697091E-13	-3.024796E-03	-7.074770E-14	 8.388976E-13	-1.200649E-02	-8.228365E-14	 7.862412E-13	-1.230951E-02	-2.520793E-13	 6.986642E-13	-9.615471E-03	-4.856843E-13	 7.297157E-13	-6.567827E-03	-5.842254E-13	 6.683599E-13	-4.171294E-03	-7.757210E-13	 5.984008E-13	-2.538950E-03	-8.341120E-13	 6.030072E-13	-1.426522E-03	-7.693068E-13	 6.244909E-13	-7.011107E-04	-5.965396E-13	 6.410594E-13	-2.895599E-04	-4.033446E-13	 6.738768E-13	-1.042248E-04	-3.144778E-13
0.44488	 3.320409E+00	 4.964289E-13	 4.656212E-13	 4.071713E+00	 6.988409E-13	 4.464150E-13	 3.289056E+00	 7.099646E-13	 3.899354E-13	 2.101852E+00	 5.650234E-13	 2.748856E-13	 1.141860E+00	 5.775413E-13	 4.636539E-13	 5.641403E-01	 2.836860E-13	 5.208536E-13	 2.563241E-01	 1.926475E-13	 6.657016E-13	 1.017010E-01	-1.410079E-13	 5.877343E-13	 2.871546E-02	-2.352903E-13	 8.882113E-13	-2.395713E-03	-5.364581E-13	 8.791339E-13	-1.268934E-02	-5.348888E-13	 9.277675E-13	-1.346125E-02	-6.455066E-13	 1.048802E-12	-1.074684E-02	-8.718792E-13	 1.078408E-12	-7.474254E-03	-1.072931E-12	 8.944202E-13	-4.807257E-03	-9.929560E-13	 6.146901E-13	-2.934832E-03	-8.010448E-13	 4.058085E-13	-1.638819E-03	-5.564918E-13	 2.213789E-13	-7.915520E-04	-2.260254E-13	 1.266077E-14	-3.080598E-04	-5.838729E-15	-1.529837E-13	-8.532606E-05	 3.002823E-15
0.45644	 3.321056E+00	-5.416030E-14	-3.057514E-13	 4.111186E+00	-7.747652E-14	-4.490768E-13	 3.321209E+00	 2.520797E-13	-6.368555E-13	 2.135078E+00	 1.024075E-13	-7.379360E-13	 1.170088E+00	 1.521062E-13	-6.031389E-13	 5.848216E-01	 1.822363E-13	-5.970065E-13	 2.696586E-01	 3.592925E-13	-4.443851E-13	 1.091226E-01	 5.782100E-13	-3.325870E-13	 3.197424E-02	 7.370083E-13	 2.890359E-13	-1.698577E-03	 7.015592E-13	 3.055842E-13	-1.334699E-02	 5.693505E-13	 6.134691E-13	-1.464258E-02	 2.907656E-13	 6.824080E-13	-1.194626E-02	 1.239103E-13	 5.532465E-13	-8.456286E-03	 2.975451E-14	 2.996364E-13	-5.504240E-03	-1.296066E-14	 7.974634E-14	-3.372214E-03	-1.104038E-13	-9.082937E-14	-1.877418E-03	-1.942789E-13	-2.323753E-13	-8.988386E-04	-2.293543E-13	-3.718545E-13	-3.383052E-04	-3.337624E-13	-5.168217E-13	-7.533696E-05	-5.579433E-13
0.46771	 3.321621E+00	-1.289387E-13	 1.293507E-13	 4.148395E+00	-1.309824E-13	 1.204628E-13	 3.352040E+00	-2.209649E-13	 1.114009E-13	 2.166893E+00	-9.170051E-14	-1.325086E-13	 1.197217E+00	-7.934402E-14	-4.872147E-13	 6.048146E-01	 2.292181E-14	-8.380961E-13	 2.826926E-01	 8.024671E-14	-1.017633E-12	 1.165041E-01	 1.917064E-13	-8.084705E-13	 3.530540E-02	 1.610950E-13	-4.390090E-13	-9.244394E-04	 3.674989E-13	 1.216423E-13	-1.396957E-02	 8.320899E-14	 5.717199E-13	-1.584371E-02	 1.243818E-16	 9.879121E-13	-1.320649E-02	 9.877668E-14	 1.019960E-12	-9.512106E-03	 2.646227E-13	 1.002255E-12	-6.265669E-03	 1.865393E-13	 9.518613E-13	-3.856344E-03	 4.568345E-15	 8.385034E-13	-2.146114E-03	-2.187901E-13	 7.158456E-13	-1.023913E-03	-3.881154E-13	 6.176073E-13	-3.786198E-04	-5.411810E-13	 5.210527E-13	-7.110226E-05	-7.695070E-13
0.47871	 3.322196E+00	 3.878025E-13	 7.225762E-13	 4.183799E+00	 4.935373E-13	 7.174532E-13	 3.381847E+00	 2.763506E-13	 7.441684E-13	 2.197602E+00	 2.565986E-13	 5.907152E-13	 1.223473E+00	-7.473889E-15	 2.606176E-13	 6.242562E-01	-2.142854E-13	-3.381535E-14	 2.954917E-01	-4.218221E-13	-3.337141E-13	 1.238715E-01	-6.241197E-13	-3.896262E-13	 3.872072E-02	-7.736913E-13	-7.077074E-13	-6.408147E-05	-2.676401E-13	-5.347789E-13	-1.454849E-02	-1.592978E-13	-4.602305E-13	-1.705643E-02	 7.690421E-14	-1.157233E-13	-1.452108E-02	 2.776409E-13	 2.307513E-14	-1.063955E-02	 2.610859E-13	 1.617408E-13	-7.094080E-03	 2.660557E-13	 2.450734E-13	-4.392083E-03	 1.818883E-13	 2.237016E-13	-2.449294E-03	 1.941227E-13	 1.547547E-13	-1.169065E-03	 3.010707E-13	 1.231472E-13	-4.289055E-04	 4.288246E-13	 9.701791E-14	-7.078211E-05	 4.435078E-13
0.48947	 3.322852E+00	 2.843565E-13	 7.604375E-14	 4.217776E+00	 2.444653E-13	-8.683303E-14	 3.410880E+00	 3.539687E-13	-1.229741E-13	 2.227464E+00	-9.631553E-14	-3.120420E-13	 1.249053E+00	-3.703571E-13	-1.594370E-13	 6.432695E-01	-5.791784E-13	-1.717570E-13	 3.081179E-01	-5.678593E-13	 7.550323E-14	 1.312516E-01	-7.574942E-13	-4.326376E-14	 4.223298E-02	-5.948321E-13	-1.716971E-13	 8.916242E-04	-1.385739E-13	-4.685016E-13	-1.507607E-02	 1.812259E-13	-6.382683E-13	-1.827358E-02	 4.600982E-13	-6.462214E-13	-1.588410E-02	 6.299845E-13	-8.320534E-13	-1.183611E-02	 5.386202E-13	-9.700705E-13	-7.991095E-03	 5.156280E-13	-1.079755E-12	-4.983646E-03	 4.695187E-13	-1.068104E-12	-2.791483E-03	 5.381583E-13	-8.779515E-13	-1.337452E-03	 6.326105E-13	-6.217669E-13	-4.903288E-04	 7.202234E-13	-4.324895E-13	-7.378689E-05	 8.231544E-13
0.50000	 3.323640E+00	-9.807500E-14	-8.387766E-14	 4.250617E+00	-4.355635E-13	 1.038634E-14	 3.439323E+00	-6.282506E-13	-3.154016E-14	 2.256669E+00	-9.747489E-13	-1.331554E-13	 1.274104E+00	-1.062877E-12	 9.864094E-15	 6.619464E-01	-1.066331E-12	 1.982325E-13	 3.206170E-01	-7.918432E-13	 6.352460E-13	 1.386635E-01	-8.286126E-13	 7.929446E-13	 4.585132E-02	-4.778228E-13	 1.306086E-12	 1.949827E-03	-3.464616E-13	 1.242184E-12	-1.554581E-02	-3.708083E-13	 1.413378E-12	-1.948874E-02	-1.731403E-13	 1.102390E-12	-1.728982E-02	-1.512367E-13	 5.703164E-13	-1.309880E-02	 1.705921E-13	 4.373595E-14	-8.957379E-03	 3.620058E-13	-4.475744E-13	-5.634398E-03	 5.768284E-13	-6.797103E-13	-3.176915E-03	 7.279093E-13	-6.020489E-13	-1.532576E-03	 7.477432E-13	-3.942813E-13	-5.648321E-04	 5.879546E-13	-1.516949E-13	-8.044065E-05	 4.086961E-13
0.51031	 3.324592E+00	-1.368745E-13	-2.303799E-13	 4.282534E+00	-4.676772E-14	-4.035568E-13	 3.467307E+00	-1.915824E-13	-8.100446E-13	 2.285359E+00	-3.287673E-16	-1.141551E-12	 1.298736E+00	 9.425916E-14	-1.311137E-12	 6.803567E-01	 3.768618E-13	-1.174315E-12	 3.330235E-01	 6.582805E-13	-1.084412E-12	 1.461208E-01	 8.891632E-13	-8.077418E-13	 4.958214E-02	 1.263848E-12	-3.390409E-13	 3.116073E-03	 1.208503E-12	-8.561401E-14	-1.595202E-02	 1.088641E-12	 4.162605E-13	-2.069599E-02	 8.757212E-13	 6.077703E-13	-1.873290E-02	 4.677768E-13	 8.268659E-13	-1.442473E-02	 2.916996E-13	 7.114351E-13	-9.993173E-03	 1.691236E-13	 4.276600E-13	-6.347083E-03	 3.214695E-13	 9.711112E-14	-3.609396E-03	 6.617639E-13	-1.742357E-13	-1.757921E-03	 9.980308E-13	-3.369766E-13	-6.547458E-04	 1.148841E-12	-4.064258E-13	-9.168657E-05	 1.144470E-12
0.52042	 3.325734E+00	-8.728150E-14	-6.101190E-14	 4.313698E+00	 5.259801E-14	-1.653635E-13	 3.494951E+00	-1.452916E-13	-2.599573E-13	 2.313663E+00	-2.878573E-13	-4.284588E-13	 1.323054E+00	-5.591211E-13	-7.855062E-13	 6.985730E-01	-4.813824E-13	-9.570748E-13	 3.453775E-01	-3.339344E-13	-1.532226E-12	 1.536420E-01	 1.733668E-14	-1.704226E-12	 5.343447E-02	 3.773746E-13	-1.768182E-12	 4.396900E-03	 4.727196E-13	-1.959791E-12	-1.628880E-02	 8.078319E-13	-1.443586E-12	-2.188982E-02	 4.430843E-13	-1.024449E-12	-2.020883E-02	 1.629234E-13	-4.271721E-13	-1.581170E-02	-3.001915E-13	-8.417272E-16	-1.109902E-02	-7.202484E-13	 2.863352E-13	-7.124383E-03	-9.030031E-13	 4.504432E-13	-4.092629E-03	-8.191338E-13	 5.355363E-13	-2.017080E-03	-5.660806E-13	 5.364805E-13	-7.627886E-04	-2.252842E-13	 4.209737E-13	-1.090443E-04	 1.808125E-13
0.53033	 3.327075E+00	 1.136379E-13	 1.768882E-13	 4.344227E+00	 1.098990E-14	 3.730548E-13	 3.522337E+00	-2.279752E-13	 6.973949E-13	 2.341675E+00	-7.355508E-13	 1.017556E-12	 1.347140E+00	-1.009721E-12	 1.023984E-12	 7.166546E-01	-1.406205E-12	 9.800678E-13	 3.577136E-01	-1.404199E-12	 6.923287E-13	 1.612434E-01	-1.387282E-12	 1.880809E-13	 5.741619E-02	-1.229629E-12	 3.467957E-14	 5.798290E-03	-1.140120E-12	-6.346061E-13	-1.655036E-02	-7.200606E-13	-5.671844E-13	-2.306489E-02	-8.426337E-13	-9.114302E-13	-2.171343E-02	-5.049279E-13	-1.049966E-12	-1.725777E-02	-3.119171E-13	-8.266654E-13	-1.227537E-02	-2.612184E-13	-5.142439E-13	-7.968723E-03	-3.341761E-13	-2.298529E-13	-4.630144E-03	-3.808734E-13	 1.172944E-14	-2.313735E-03	-4.013787E-13	 1.828821E-13	-8.920317E-04	-3.729473E-13	 2.843609E-13	-1.345425E-04	-2.969315E-13
0.54006	 3.328604E+00	 3.657787E-13	 6.491299E-13	 4.374161E+00	 6.597903E-14	 6.801252E-13	 3.549473E+00	-2.119004E-13	 6.745904E-13	 2.369413E+00	-5.400304E-13	 7.877399E-13	 1.371008E+00	-4.991495E-13	 6.830987E-13	 7.346114E-01	-7.622916E-13	 6.915140E-13	 3.700346E-01	-4.279069E-13	 7.811862E-13	 1.689223E-01	-4.948525E-13	 6.064373E-13	 6.152429E-02	-1.242227E-13	 4.846584E-13	 7.320804E-03	 6.894546E-14	 2.920720E-13	-1.673265E-02	 1.323354E-13	-3.043610E-13	-2.421581E-02	 1.440724E-13	-6.573610E-13	-2.324190E-02	 1.361409E-13	-9.911072E-13	-1.876006E-02	 1.589614E-13	-8.139619E-13	-1.352162E-02	-2.003906E-14	-5.205658E-13	-8.881476E-03	-2.628550E-13	-3.083783E-13	-5.224625E-03	-3.570979E-13	-1.928401E-13	-2.651065E-03	-3.580477E-13	-1.926120E-13	-1.045395E-03	-3.125035E-13	-2.611927E-13	-1.703216E-04	-2.772485E-13
0.54962	 3.330295E+00	-3.624537E-13	 1.925706E-13	 4.403493E+00	-8.491698E-13	 3.768836E-13	 3.576316E+00	-1.145749E-12	 4.185169E-13	 2.396840E+00	-1.232806E-12	 2.723693E-13	 1.394624E+00	-1.135769E-12	 6.355006E-14	 7.524172E-01	-1.044046E-12	-1.346648E-13	 3.823191E-01	-7.192171E-13	-2.815427E-13	 1.766608E-01	-4.979206E-13	 2.520513E-14	 6.574646E-02	-2.848957E-13	 2.033340E-13	 8.960060E-03	-6.123241E-14	 5.253967E-13	-1.683328E-02	-2.104865E-13	 2.883085E-13	-2.533711E-02	-1.925134E-13	 3.932120E-13	-2.478879E-02	-5.485769E-13	 1.344826E-13	-2.031505E-02	-8.404873E-13	 3.163283E-14	-1.483645E-02	-1.057986E-12	-8.792744E-14	-9.863139E-03	-1.128171E-12	-2.020192E-13	-5.877801E-03	-9.732010E-13	-2.213369E-13	-3.031417E-03	-5.985507E-13	-1.980618E-13	-1.225237E-03	-1.858222E-13	-2.045745E-13	-2.182675E-04	 1.465619E-13
0.55902	 3.332127E+00	-6.318426E-13	-2.904383E-13	 4.432233E+00	-9.975702E-13	 1.451273E-13	 3.602850E+00	-1.127906E-12	 5.972125E-13	 2.423945E+00	-1.224912E-12	 8.617093E-13	 1.417979E+00	-1.506847E-12	 1.047694E-12	 7.700627E-01	-1.302454E-12	 1.135099E-12	 3.945573E-01	-1.365071E-12	 8.669049E-13	 1.844480E-01	-9.138844E-13	 1.003134E-12	 7.007373E-02	-1.012529E-12	 1.002369E-12	 1.071289E-02	-8.254935E-13	 8.153472E-13	-1.684945E-02	-6.570060E-13	 1.217082E-12	-2.642318E-02	-7.510374E-13	 1.219537E-12	-2.634887E-02	-5.874099E-13	 1.053920E-12	-2.191970E-02	-6.628886E-13	 8.883717E-13	-1.621908E-02	-5.509117E-13	 4.720679E-13	-1.091452E-02	-3.019338E-13	-9.545192E-15	-6.591372E-03	-3.022014E-14	-4.024163E-13	-3.456901E-03	 2.726447E-13	-6.475429E-13	-1.433670E-03	 5.171407E-13	-7.964618E-13	-2.801318E-04	 6.638990E-13
0.56826	 3.334104E+00	 5.993395E-13	 8.509974E-13	 4.460441E+00	 4.155729E-13	 1.117399E-12	 3.629118E+00	 1.782070E-13	 1.364329E-12	 2.450779E+00	-1.522381E-13	 1.729729E-12	 1.441115E+00	-5.463637E-13	 1.587138E-12	 7.875802E-01	-6.286139E-13	 1.825335E-12	 4.067682E-01	-8.512614E-13	 1.622850E-12	 1.922911E-01	-6.039396E-13	 1.492197E-12	 7.450744E-02	-7.626350E-13	 1.355470E-12	 1.258106E-02	-7.011233E-13	 1.038892E-12	-1.677663E-02	-5.181839E-13	 1.299715E-12	-2.746831E-02	-4.658808E-13	 1.066912E-12	-2.791747E-02	-5.992625E-14	 9.088842E-13	-2.357184E-02	 4.473572E-13	 7.161679E-13	-1.766970E-02	 8.259745E-13	 3.066597E-13	-1.203733E-02	 1.079068E-12	-1.737345E-13	-7.367816E-03	 1.232161E-12	-5.820249E-13	-3.930215E-03	 1.266422E-12	-8.772182E-13	-1.673216E-03	 1.185002E-12	-1.075222E-12	-3.579569E-04	 9.886279E-13
0.57735	 3.336240E+00	 1.045782E-12	 1.097278E-12	 4.488205E+00	 1.136086E-12	 8.552762E-13	 3.655196E+00	 9.642165E-13	 5.481563E-13	 2.477423E+00	 9.760286E-13	 2.076266E-13	 1.464105E+00	 9.181604E-13	-2.504948E-13	 8.050244E-01	 8.646949E-13	-6.171577E-13	 4.189858E-01	 8.153948E-13	-4.123076E-13	 2.002074E-01	 7.317760E-13	-4.751315E-13	 7.905537E-02	 6.934947E-13	 1.483316E-13	 1.456976E-02	 3.793026E-13	 2.394664E-13	-1.660913E-02	 5.700613E-13	 7.174428E-13	-2.846670E-02	 2.461362E-13	 7.596498E-13	-2.949007E-02	 4.457897E-13	 7.227104E-13	-2.526936E-02	 7.452309E-13	 6.639112E-13	-1.918865E-02	 9.103199E-13	 5.146037E-13	-1.323372E-02	 9.960583E-13	 3.213036E-13	-8.210255E-03	 1.027856E-12	 1.564663E-13	-4.454786E-03	 9.366556E-13	 3.859645E-14	-1.947070E-03	 7.296176E-13	-4.777856E-14	-4.543301E-04	 3.886266E-13
0.58630	 3.338543E+00	 1.444108E-14	-5.347125E-14	 4.515599E+00	 8.635040E-14	-1.319385E-13	 3.681146E+00	 2.363573E-13	-2.149596E-13	 2.503944E+00	 3.362803E-13	-5.006436E-13	 1.487006E+00	 6.053593E-13	-5.400562E-13	 8.224381E-01	 8.922046E-13	-9.330736E-13	 4.312362E-01	 1.239929E-12	-7.282708E-13	 2.082099E-01	 1.221777E-12	-8.340603E-13	 8.372344E-02	 1.211725E-12	-5.261568E-13	 1.668342E-02	 8.123312E-13	-5.560638E-13	-1.634169E-02	 9.311765E-13	-2.426796E-13	-2.941263E-02	 3.979614E-13	-1.129708E-13	-3.106170E-02	 3.724784E-13	-7.474315E-14	-2.700932E-02	 3.336465E-13	 2.456502E-13	-2.077536E-02	 2.556966E-13	 5.535807E-13	-1.450521E-02	 3.047536E-13	 8.152352E-13	-9.121675E-03	 3.072010E-13	 9.549907E-13	-5.034242E-03	 2.350500E-13	 9.308105E-13	-2.258792E-03	 1.560291E-13	 8.047662E-13	-5.722433E-04	 1.284970E-13
0.59512	 3.341014E+00	-5.927835E-14	-9.386360E-14	 4.542663E+00	-6.958346E-14	 7.420413E-14	 3.706989E+00	 8.339541E-14	-4.073482E-14	 2.530367E+00	 1.601813E-13	-1.955893E-13	 1.509841E+00	 5.633009E-13	-2.720726E-13	 8.398359E-01	 7.865481E-13	-5.042877E-13	 4.435267E-01	 1.078858E-12	-8.400023E-13	 2.163001E-01	 1.135134E-12	-1.052424E-12	 8.851132E-02	 1.013849E-12	-1.312556E-12	 1.892314E-02	 9.769573E-13	-1.459182E-12	-1.597064E-02	 7.805538E-13	-1.554036E-12	-3.030071E-02	 6.570100E-13	-1.391621E-12	-3.262678E-02	 4.616499E-13	-1.208675E-12	-2.878770E-02	 5.219487E-13	-7.618179E-13	-2.242808E-02	 4.026152E-13	-1.821489E-13	-1.585233E-02	 2.624787E-13	 3.010028E-13	-1.010436E-02	 1.137083E-13	 6.055144E-13	-5.671838E-03	 4.126513E-14	 7.265417E-13	-2.611840E-03	 5.072157E-14	 7.333800E-13	-7.147819E-04	 1.648930E-13
0.60381	 3.343646E+00	-3.743598E-13	-3.274932E-13	 4.569415E+00	-5.909468E-13	-1.604198E-13	 3.732730E+00	-7.416546E-13	-1.806039E-13	 2.556697E+00	-5.782839E-13	-2.304762E-13	 1.532614E+00	-6.674354E-13	-2.590526E-13	 8.572203E-01	-7.147927E-13	-5.393234E-13	 4.558565E-01	-6.127570E-13	-6.291690E-13	 2.244749E-01	-5.674569E-13	-9.297991E-13	 9.341588E-02	-4.399475E-13	-9.928367E-13	 2.128821E-02	-1.446933E-13	-1.060768E-12	-1.549343E-02	-4.586093E-14	-1.367697E-12	-3.112600E-02	 2.759576E-13	-1.313004E-12	-3.417973E-02	 5.350412E-13	-1.532076E-12	-3.060023E-02	 7.419028E-13	-1.513288E-12	-2.414463E-02	 9.037392E-13	-1.371394E-12	-1.727513E-02	 9.383895E-13	-1.260614E-12	-1.116014E-02	 9.231903E-13	-1.116632E-12	-6.370487E-03	 9.577775E-13	-9.219141E-13	-3.009484E-03	 9.438895E-13	-6.761391E-13	-8.850108E-04	 8.492958E-13
0.61237	 3.346432E+00	-3.222501E-13	-5.729310E-13	 4.595872E+00	-3.053911E-13	-4.594841E-13	 3.758379E+00	-4.251227E-13	-2.739392E-13	 2.582948E+00	-4.693415E-13	 1.184244E-13	 1.555336E+00	-9.421415E-13	 3.381940E-13	 8.745999E-01	-1.304068E-12	 6.456308E-13	 4.682303E-01	-1.646012E-12	 8.716260E-13	 2.327351E-01	-1.659336E-12	 8.040685E-13	 9.843627E-02	-1.631236E-12	 8.785671E-13	 2.377874E-02	-1.241715E-12	 9.640243E-13	-1.490747E-02	-9.785204E-13	 6.244219E-13	-3.188378E-02	-1.981783E-13	 6.242054E-13	-3.571528E-02	 7.017658E-14	 2.733505E-13	-3.244310E-02	 4.316534E-13	-9.898571E-14	-2.592324E-02	 7.243613E-13	-4.950724E-13	-1.877392E-02	 9.374741E-13	-9.124676E-13	-1.229097E-02	 1.229405E-12	-1.158860E-12	-7.133107E-03	 1.512507E-12	-1.160280E-12	-3.455018E-03	 1.702657E-12	-1.018313E-12	-1.086096E-03	 1.724494E-12
0.62082	 3.349367E+00	 4.118284E-13	 2.814496E-13	 4.622048E+00	 7.136588E-13	 3.789004E-13	 3.783946E+00	 7.351143E-13	 5.296264E-13	 2.609131E+00	 5.829208E-13	 9.894546E-13	 1.578018E+00	 2.923734E-13	 1.244212E-12	 8.919841E-01	-3.041230E-13	 1.689079E-12	 4.806540E-01	-6.434424E-13	 1.998615E-12	 2.410827E-01	-1.049192E-12	 2.082606E-12	 1.035722E-01	-1.493349E-12	 2.119971E-12	 2.639498E-02	-1.368803E-12	 1.824821E-12	-1.421019E-02	-1.394239E-12	 1.311882E-12	-3.256927E-02	-8.647475E-13	 1.099413E-12	-3.722812E-02	-8.992600E-13	 6.912604E-13	-3.431243E-02	-7.282059E-13	 2.640321E-13	-2.776214E-02	-5.801979E-13	-1.147974E-13	-2.034898E-02	-4.389959E-13	-4.888127E-13	-1.349871E-02	-1.931605E-13	-7.902469E-13	-7.962526E-03	 9.572468E-14	-9.550690E-13	-3.951698E-03	 3.974535E-13	-1.043343E-12	-1.321269E-03	 6.201944E-13
0.62915	 3.352442E+00	-1.542302E-13	 2.933910E-14	 4.647944E+00	-2.189514E-13	 1.285410E-13	 3.809424E+00	-1.689684E-13	 3.862805E-13	 2.635238E+00	-3.143164E-13	 5.142146E-13	 1.600647E+00	-2.685177E-13	 8.491018E-13	 9.093612E-01	-6.734507E-13	 9.402969E-13	 4.931180E-01	-5.911034E-13	 1.255800E-12	 2.495094E-01	-8.869632E-13	 1.275637E-12	 1.088171E-01	-1.117546E-12	 1.385419E-12	 2.913347E-02	-9.422856E-13	 1.186821E-12	-1.340062E-02	-9.631810E-13	 1.037617E-12	-3.317784E-02	-7.504394E-13	 9.990351E-13	-3.871228E-02	-7.050509E-13	 6.564153E-13	-3.620346E-02	-4.590742E-13	 4.595552E-13	-2.965862E-02	-2.639001E-13	 1.998090E-13	-2.199970E-02	-1.947850E-13	-1.068379E-13	-1.478434E-02	-1.242319E-13	-4.902103E-13	-8.860794E-03	 1.362833E-14	-9.130333E-13	-4.502176E-03	 2.198361E-13	-1.303713E-12	-1.593384E-03	 3.977695E-13
0.63738	 3.355656E+00	-2.345584E-13	-4.247005E-13	 4.673575E+00	-8.763268E-14	-5.884422E-13	 3.834830E+00	-1.054100E-13	-7.921707E-13	 2.661279E+00	 9.758557E-14	-9.159142E-13	 1.623225E+00	 8.852608E-14	-8.901888E-13	 9.267274E-01	 4.817155E-14	-7.765265E-13	 5.056162E-01	-5.638037E-14	-7.879194E-13	 2.580081E-01	 2.923764E-14	-9.195258E-13	 1.141643E-01	 2.376150E-13	-6.030226E-13	 3.199061E-02	 1.946741E-13	-6.620062E-13	-1.247786E-02	 4.135163E-13	 5.494767E-14	-3.370467E-02	 2.709267E-14	 3.820332E-13	-4.016158E-02	-3.572807E-14	 8.691466E-13	-3.811140E-02	 7.911253E-14	 1.157355E-12	-3.161018E-02	 1.782827E-13	 1.245601E-12	-2.372568E-02	 2.210174E-13	 1.172331E-12	-1.614891E-02	 3.104795E-13	 9.129359E-13	-9.829753E-03	 3.424449E-13	 6.050436E-13	-5.108765E-03	 2.258483E-13	 3.251151E-13	-1.904962E-03	-4.020873E-14
0.64550	 3.359050E+00	 1.211965E-13	-7.365681E-14	 4.699068E+00	 3.332205E-13	-2.890533E-13	 3.860316E+00	 3.326193E-13	-7.936621E-13	 2.687401E+00	 6.895983E-13	-1.218358E-12	 1.645872E+00	 9.070440E-13	-1.648681E-12	 9.441719E-01	 1.004123E-12	-1.809374E-12	 5.182078E-01	 9.827657E-13	-1.893406E-12	 2.666135E-01	 8.760189E-13	-1.815816E-12	 1.196324E-01	 5.430356E-13	-1.263929E-12	 3.497659E-02	-1.039561E-13	-9.266172E-13	-1.143434E-02	-3.932867E-13	-3.928393E-13	-3.414276E-02	-8.927614E-13	-2.477713E-14	-4.157066E-02	-9.882740E-13	 3.215362E-13	-4.003416E-02	-9.679050E-13	 5.123642E-13	-3.361802E-02	-7.528360E-13	 6.900079E-13	-2.553044E-02	-4.470821E-13	 8.122539E-13	-1.759685E-02	-1.768449E-13	 9.177390E-13	-1.087384E-02	-3.346593E-14	 1.033385E-12	-5.775537E-03	-3.646944E-14	 1.094945E-12	-2.259601E-03	-1.023198E-13
0.65352	 3.362730E+00	 7.958274E-13	 5.736723E-13	 4.724692E+00	 1.049807E-12	 8.898073E-14	 3.886213E+00	 1.318298E-12	-4.358129E-13	 2.713935E+00	 1.537979E-12	-1.151310E-12	 1.668875E+00	 1.777329E-12	-1.595238E-12	 9.619183E-01	 1.840826E-12	-1.954055E-12	 5.310474E-01	 1.667569E-12	-2.108953E-12	 2.754229E-01	 1.270038E-12	-1.979624E-12	 1.252790E-01	 5.886769E-13	-1.775239E-12	 3.812458E-02	 1.172482E-13	-1.556774E-12	-1.025060E-02	-1.075821E-13	-1.437333E-12	-3.448073E-02	-1.338434E-13	-1.204809E-12	-4.293460E-02	 1.030809E-13	-1.220099E-12	-4.197308E-02	 7.226492E-14	-1.207368E-12	-3.568851E-02	 6.594506E-14	-1.156778E-12	-2.742337E-02	 3.804122E-14	-1.069760E-12	-1.913832E-02	-5.657051E-14	-8.325924E-13	-1.200244E-02	-1.357640E-13	-4.765488E-13	-6.510445E-03	-1.355780E-13	-9.417547E-14	-2.663638E-03	-3.719508E-14
0.66144	 3.366834E+00	 7.675338E-13	 1.081316E-12	 4.750803E+00	 6.391681E-13	 1.289310E-12	 3.912961E+00	 7.897213E-13	 1.483748E-12	 2.741320E+00	 7.810640E-13	 1.444040E-12	 1.692620E+00	 7.918478E-13	 1.484277E-12	 9.802670E-01	 7.517348E-13	 1.314694E-12	 5.443445E-01	 7.139792E-13	 9.938190E-13	 2.845701E-01	 4.104141E-13	 5.752535E-13	 1.311850E-01	 3.284123E-13	 1.306264E-13	 4.148258E-02	 2.107423E-13	-5.122845E-13	-8.898526E-03	 3.861672E-13	-5.057293E-13	-3.470304E-02	 3.118535E-13	-8.351721E-13	-4.424736E-02	 3.832445E-13	-1.024303E-12	-4.393038E-02	 5.454162E-13	-1.115479E-12	-3.783034E-02	 5.607404E-13	-1.211809E-12	-2.941731E-02	 6.554584E-13	-1.253138E-12	-2.078759E-02	 8.255954E-13	-1.308124E-12	-1.322910E-02	 1.041670E-12	-1.344206E-12	-7.325087E-03	 1.213158E-12	-1.304331E-12	-3.126251E-03	 1.278387E-12
0.66927	 3.371532E+00	 2.472660E-13	 4.677750E-13	 4.777813E+00	-7.734131E-15	 9.001059E-13	 3.941072E+00	-6.601834E-15	 1.191637E-12	 2.770072E+00	-1.053036E-13	 1.463142E-12	 1.717562E+00	-2.607844E-13	 1.616160E-12	 9.995791E-01	-3.055765E-13	 1.787919E-12	 5.583548E-01	-1.252486E-13	 1.682858E-12	 2.942213E-01	-7.232090E-14	 1.528267E-12	 1.374539E-01	 7.839553E-14	 1.434155E-12	 4.511362E-02	-9.268942E-15	 1.247495E-12	-7.340490E-03	-9.048080E-14	 1.292731E-12	-3.478882E-02	-3.911427E-13	 1.195340E-12	-4.550062E-02	-7.947297E-13	 1.226322E-12	-4.590818E-02	-8.752498E-13	 1.299455E-12	-4.005389E-02	-9.424172E-13	 1.305966E-12	-3.152829E-02	-8.939330E-13	 1.177294E-12	-2.256312E-02	-6.790731E-13	 8.956369E-13	-1.457190E-02	-4.383681E-13	 5.410855E-13	-8.235274E-03	-2.403041E-13	 1.933889E-13	-3.660089E-03	-1.343870E-13
0.67700	 3.376998E+00	 8.928354E-14	 9.712386E-14	 4.806154E+00	-7.696030E-14	 1.947014E-13	 3.971080E+00	-3.293023E-13	 1.435731E-13	 2.800736E+00	-4.591537E-13	 1.642387E-13	 1.744189E+00	-5.470197E-13	 3.914922E-14	 1.020249E+00	-3.208526E-13	 2.610281E-13	 5.733625E-01	-8.555842E-14	 3.853681E-13	 3.045653E-01	 2.707085E-13	 4.262471E-13	 1.442062E-01	 5.381486E-13	 5.658741E-13	 4.909338E-02	 7.984239E-13	 6.735674E-13	-5.529877E-03	 7.218751E-13	 3.059962E-13	-3.471122E-02	 8.055693E-13	 5.308389E-13	-4.668239E-02	 3.951681E-13	 6.115744E-13	-4.790686E-02	 1.040850E-13	 6.504504E-13	-4.236961E-02	-8.311739E-14	 7.738997E-13	-3.377413E-02	-2.850076E-13	 7.790061E-13	-2.448656E-02	-4.996896E-13	 6.521467E-13	-1.605287E-02	-7.559608E-13	 4.941804E-13	-9.260879E-03	-1.014881E-12	 3.804100E-13	-4.281419E-03	-1.239168E-12
0.68465	 3.383392E+00	-2.174179E-13	-1.355051E-13	 4.836201E+00	-1.369330E-13	-1.889295E-13	 4.003454E+00	-2.554118E-13	-1.558419E-13	 2.833789E+00	-3.391838E-13	-2.224451E-13	 1.772937E+00	-1.473813E-13	-2.211592E-13	 1.042633E+00	 5.736548E-14	-1.219511E-13	 5.896308E-01	 1.361207E-13	 1.687266E-13	 3.157811E-01	 2.934441E-13	 3.359802E-13	 1.515595E-01	 3.385270E-13	 4.126706E-13	 5.349870E-02	 6.276941E-13	 5.098304E-13	-3.416553E-03	 1.007045E-12	 2.767447E-13	-3.443858E-02	 1.299593E-12	 3.875790E-13	-4.777538E-02	 1.482318E-12	 3.289420E-13	-4.992186E-02	 1.698478E-12	 1.746040E-13	-4.478416E-02	 1.800104E-12	 1.001605E-13	-3.617064E-02	 1.757759E-12	-2.033213E-14	-2.657941E-02	 1.581314E-12	-2.344421E-13	-1.769540E-02	 1.396325E-12	-4.646308E-13	-1.042398E-02	 1.210296E-12	-6.126596E-13	-5.009015E-03	 9.784205E-13
0.69222	 3.390839E+00	-1.452378E-13	-2.925929E-13	 4.868252E+00	 1.183534E-13	-4.716352E-13	 4.038556E+00	 3.428706E-13	-5.550396E-13	 2.869607E+00	 4.978335E-13	-5.966390E-13	 1.804156E+00	 7.798598E-13	-4.764026E-13	 1.067027E+00	 1.092629E-12	-2.368085E-13	 6.073849E-01	 1.130137E-12	 1.649505E-13	 3.280272E-01	 9.805291E-13	 6.171639E-13	 1.596214E-01	 5.471042E-13	 1.032087E-12	 5.840324E-02	 1.107596E-13	 1.260752E-12	-9.491782E-04	 1.120743E-13	 1.519108E-12	-3.393501E-02	-1.458155E-13	 1.601774E-12	-4.875637E-02	-1.587853E-14	 1.454500E-12	-5.194234E-02	 2.372311E-14	 1.228101E-12	-4.729872E-02	-9.969972E-15	 8.672026E-13	-3.872978E-02	-4.147961E-14	 3.941544E-13	-2.886124E-02	-1.425279E-13	-8.383190E-14	-1.952263E-02	-2.119432E-13	-4.595934E-13	-1.174768E-02	-2.350414E-13	-6.530247E-13	-5.863373E-03	-2.300771E-13
0.69970	 3.399441E+00	 4.039219E-14	 2.364595E-13	 4.902533E+00	-3.286419E-13	 5.174912E-13	 4.076662E+00	-3.277470E-13	 3.835740E-13	 2.908482E+00	-3.455244E-13	 2.598018E-13	 1.838125E+00	-3.915433E-13	-6.376857E-14	 1.093679E+00	-3.793315E-13	-2.734594E-13	 6.268205E-01	-2.902042E-13	-5.325510E-13	 3.414465E-01	-3.666559E-13	-6.192069E-13	 1.684930E-01	-6.605466E-13	-5.897648E-13	 6.387846E-02	-8.685488E-13	-4.716089E-13	 1.924690E-03	-1.427342E-12	-2.335545E-13	-3.316084E-02	-1.680555E-12	 2.156850E-13	-4.959662E-02	-2.125463E-12	 3.442370E-13	-5.395142E-02	-2.288344E-12	 4.414818E-13	-4.990910E-02	-2.321148E-12	 4.289865E-13	-4.145961E-02	-2.170085E-12	 2.735418E-13	-3.134950E-02	-1.787183E-12	 8.209819E-14	-2.155730E-02	-1.287073E-12	-3.468618E-14	-1.325590E-02	-8.766328E-13	-7.000071E-14	-6.866634E-03	-6.692654E-13
0.70711	 3.409281E+00	-4.789891E-14	-8.854731E-14	 4.939231E+00	 4.354404E-14	-9.325232E-14	 4.117999E+00	 2.743100E-13	-1.088695E-13	 2.950659E+00	 3.917118E-13	-4.925716E-14	 1.875092E+00	 3.824977E-13	-7.209532E-14	 1.122817E+00	-3.121754E-15	-1.300540E-13	 6.481283E-01	-2.261347E-13	-3.322715E-13	 3.561838E-01	-5.582490E-13	-6.157184E-13	 1.782787E-01	-8.079817E-13	-6.482078E-13	 6.999955E-02	-1.131545E-12	-7.970605E-13	 5.261484E-03	-1.414592E-12	-5.073079E-13	-3.207162E-02	-1.605574E-12	-1.332545E-13	-5.026192E-02	-1.957268E-12	 1.792959E-13	-5.592676E-02	-1.894704E-12	 5.609006E-13	-5.260652E-02	-1.828620E-12	 8.206739E-13	-4.436518E-02	-1.677697E-12	 9.717991E-13	-3.406045E-02	-1.357682E-12	 9.880920E-13	-2.382255E-02	-9.298561E-13	 8.843715E-13	-1.497425E-02	-5.307461E-13	 6.941925E-13	-8.043330E-03	-2.509231E-13
0.71443	 3.420429E+00	 1.410933E-12	 1.326723E-12	 4.978487E+00	 1.795435E-12	 9.178866E-13	 4.162737E+00	 2.082730E-12	 8.089284E-13	 2.996332E+00	 2.391758E-12	 6.879099E-13	 1.915263E+00	 2.745290E-12	 6.377161E-13	 1.154644E+00	 2.578024E-12	 5.814261E-13	 6.714841E-01	 2.359577E-12	 6.752399E-13	 3.723778E-01	 1.602763E-12	 5.177675E-13	 1.890816E-01	 1.077886E-12	 6.325185E-13	 7.684229E-02	 3.950417E-14	 3.266336E-13	 9.119710E-03	-1.873210E-13	 5.872540E-13	-3.061903E-02	-8.984220E-13	 4.037170E-13	-5.071261E-02	-1.147838E-12	 4.835038E-13	-5.783971E-02	-1.446886E-12	 7.241968E-13	-5.537615E-02	-1.675007E-12	 1.027724E-12	-4.744675E-02	-1.932230E-12	 1.308119E-12	-3.700745E-02	-2.195819E-12	 1.442663E-12	-2.634066E-02	-2.409610E-12	 1.395289E-12	-1.692912E-02	-2.531660E-12	 1.191711E-12	-9.419893E-03	-2.496513E-12
0.72169	 3.432940E+00	 8.165720E-13	 8.470493E-13	 5.020406E+00	 8.027511E-13	 8.696633E-13	 4.210997E+00	 7.505662E-13	 1.002652E-12	 3.045644E+00	 7.638031E-13	 1.030929E-12	 1.958805E+00	 7.503631E-13	 1.159095E-12	 1.189337E+00	 7.298523E-13	 1.116142E-12	 6.970516E-01	 6.041018E-13	 1.170232E-12	 3.901631E-01	 5.223529E-13	 1.197335E-12	 2.010044E-01	 7.612633E-14	 9.538477E-13	 8.448347E-02	-2.734865E-15	 1.073943E-12	 1.356004E-02	-2.420033E-13	 8.266209E-13	-2.875104E-02	-5.428336E-13	 5.229481E-13	-5.090363E-02	-6.847227E-13	 2.571899E-13	-5.965504E-02	-1.003726E-12	-1.084031E-13	-5.819640E-02	-1.169606E-12	-2.624273E-13	-5.069899E-02	-1.349727E-12	-2.480458E-13	-4.020018E-02	-1.424958E-12	-1.214199E-13	-2.913238E-02	-1.483604E-12	 8.070619E-14	-1.914732E-02	-1.545483E-12	 2.544495E-13	-1.102452E-02	-1.603244E-12
0.72887	 3.446863E+00	-7.086924E-13	-5.007530E-13	 5.065078E+00	-9.464991E-13	-3.507980E-13	 4.262886E+00	-1.113748E-12	 1.151019E-13	 3.098728E+00	-1.414125E-12	 4.728530E-13	 2.005879E+00	-1.597153E-12	 9.411647E-13	 1.227073E+00	-1.672270E-12	 1.415562E-12	 7.250011E-01	-1.742618E-12	 1.658685E-12	 4.096835E-01	-1.533999E-12	 1.774838E-12	 2.141585E-01	-1.573502E-12	 1.700221E-12	 9.300679E-02	-1.082419E-12	 1.820152E-12	 1.864848E-02	-9.990165E-13	 1.330379E-12	-2.641062E-02	-5.438063E-13	 1.178122E-12	-5.078443E-02	-4.462733E-13	 6.474898E-13	-6.133124E-02	-1.304106E-13	 7.114814E-14	-6.103943E-02	 2.420252E-14	-4.424238E-13	-5.411132E-02	 1.266147E-13	-8.855633E-13	-4.364498E-02	 1.702615E-13	-1.191072E-12	-3.221740E-02	 1.991933E-13	-1.279949E-12	-2.165663E-02	 2.808685E-13	-1.145770E-12	-1.288785E-02	 4.136438E-13
0.73598	 3.462240E+00	-6.551973E-13	-4.786598E-13	 5.112567E+00	-7.075598E-13	-3.581196E-13	 4.318478E+00	-5.493665E-13	-3.712790E-14	 3.155683E+00	-4.180466E-13	 2.087828E-13	 2.056618E+00	-1.617295E-13	 3.940381E-13	 1.268014E+00	 1.223575E-13	 7.538487E-13	 7.554964E-01	 4.348613E-13	 9.431046E-13	 4.310832E-01	 5.695193E-13	 8.949412E-13	 2.286586E-01	 7.840130E-13	 1.123208E-12	 1.024993E-01	 6.623148E-13	 7.249952E-13	 2.445420E-02	 6.444420E-13	 6.791366E-13	-2.353698E-02	 4.186847E-13	 4.746208E-13	-5.029931E-02	 2.422431E-13	 3.451969E-13	-6.281999E-02	 3.683126E-14	 3.394968E-13	-6.386964E-02	-7.652995E-14	 3.393622E-13	-5.766591E-02	-1.430230E-13	 2.940394E-13	-4.734270E-02	-2.257127E-13	 2.362718E-13	-3.561240E-02	-2.324723E-13	 2.410842E-13	-2.448435E-02	-1.414477E-13	 3.515947E-13	-1.504201E-02	-1.073231E-14
0.74302	 3.479100E+00	 1.249389E-14	 2.348134E-13	 5.162906E+00	-3.236783E-13	 6.828004E-13	 4.377807E+00	-3.219533E-13	 1.164692E-12	 3.216566E+00	-3.267391E-13	 1.536212E-12	 2.111122E+00	-2.130214E-13	 1.939481E-12	 1.312295E+00	 5.864780E-14	 2.077825E-12	 7.886868E-01	 3.202512E-13	 2.268524E-12	 4.545004E-01	 5.497321E-13	 2.124021E-12	 2.446178E-01	 6.418526E-13	 2.084971E-12	 1.130486E-01	 5.169387E-13	 1.730207E-12	 3.104792E-02	 3.247805E-13	 1.500735E-12	-2.006668E-02	-8.033254E-14	 1.211170E-12	-4.938803E-02	-2.451743E-13	 1.048889E-12	-6.406608E-02	-4.693125E-13	 1.100000E-12	-6.664288E-02	-4.250840E-13	 1.258192E-12	-6.133624E-02	-3.518782E-13	 1.452851E-12	-5.128682E-02	-2.578464E-13	 1.590303E-12	-3.932922E-02	-1.844543E-13	 1.714215E-12	-2.765576E-02	-5.326702E-14	 1.792331E-12	-1.751956E-02	 1.007831E-13
0.75000	 3.497474E+00	 3.314594E-13	 6.261107E-13	 5.216125E+00	 1.139110E-13	 6.069513E-13	 4.440905E+00	-1.193878E-13	 9.756393E-13	 3.281430E+00	-3.048365E-13	 1.091154E-12	 2.169485E+00	-3.765721E-13	 1.256441E-12	 1.360057E+00	-4.190309E-13	 1.644036E-12	 8.247292E-01	-6.556176E-13	 1.784840E-12	 4.800836E-01	-8.672859E-13	 1.733042E-12	 2.621601E-01	-1.219325E-12	 1.590289E-12	 1.247508E-01	-1.456177E-12	 1.295054E-12	 3.850629E-02	-1.653001E-12	 8.457680E-13	-1.593158E-02	-1.944438E-12	 4.637109E-13	-4.798544E-02	-1.896261E-12	 1.581898E-13	-6.500789E-02	-1.812241E-12	 1.059107E-14	-6.930718E-02	-1.597493E-12	 9.364071E-15	-6.508770E-02	-1.414169E-12	 5.511908E-14	-5.546394E-02	-1.280405E-12	 1.362589E-13	-4.337512E-02	-1.147445E-12	 2.284052E-13	-3.119444E-02	-9.961342E-13	 3.458752E-13	-2.035389E-02	-8.350272E-13
0.75691	 3.517392E+00	-2.724595E-13	-6.791537E-13	 5.272255E+00	 3.518185E-13	-1.049399E-12	 4.507803E+00	 6.208872E-13	-1.290389E-12	 3.350328E+00	 9.603888E-13	-1.329913E-12	 2.231804E+00	 1.148199E-12	-1.246780E-12	 1.411439E+00	 9.725760E-13	-8.767964E-13	 8.637874E-01	 8.208685E-13	-6.535731E-13	 5.079907E-01	 4.296142E-13	-3.600325E-13	 2.814188E-01	-1.089189E-13	-2.667188E-13	 1.377101E-01	-3.119212E-13	 7.426835E-14	 4.691202E-02	-9.253455E-13	-8.063052E-14	-1.105896E-02	-9.479042E-13	-9.329183E-14	-4.602164E-02	-1.216913E-12	-1.182991E-13	-6.557730E-02	-1.220303E-12	-3.252118E-13	-7.180227E-02	-1.143917E-12	-4.509137E-13	-6.887652E-02	-1.124951E-12	-4.905391E-13	-5.985223E-02	-1.129314E-12	-4.632607E-13	-4.775123E-02	-1.074933E-12	-4.299311E-13	-3.512083E-02	-9.679420E-13	-4.134108E-13	-2.357826E-02	-8.312884E-13
0.76376	 3.538889E+00	-5.539268E-13	-7.214726E-13	 5.331334E+00	-4.555040E-13	-5.423415E-13	 4.578535E+00	-3.931383E-13	-6.293883E-13	 3.423311E+00	-2.504981E-13	-4.866976E-13	 2.298175E+00	-2.055589E-13	-2.021810E-13	 1.466589E+00	-3.868472E-13	-9.635615E-14	 9.060340E-01	-4.504433E-13	 1.115960E-13	 5.383917E-01	-6.943531E-13	 2.908222E-13	 3.025398E-01	-8.854996E-13	 1.425839E-13	 1.520413E-01	-7.182171E-13	 6.548798E-13	 5.635546E-02	-9.741566E-13	 5.312789E-13	-5.370612E-03	-4.653688E-13	 9.751914E-13	-4.342165E-02	-3.873658E-13	 1.211759E-12	-6.569960E-02	-4.589989E-14	 1.354246E-12	-7.405911E-02	 2.747091E-13	 1.471357E-12	-7.264896E-02	 4.628160E-13	 1.508060E-12	-6.442018E-02	 6.079211E-13	 1.348368E-12	-5.245106E-02	 7.001630E-13	 1.053868E-12	-3.945099E-02	 8.078412E-13	 6.354296E-13	-2.722491E-02	 9.348120E-13
0.77055	 3.561999E+00	 6.899102E-13	 5.520443E-13	 5.393397E+00	 7.452298E-13	 6.507554E-13	 4.653131E+00	 6.632158E-13	 3.590287E-13	 3.500425E+00	 7.759889E-13	 4.992885E-13	 2.368687E+00	 5.099482E-13	 3.063690E-13	 1.525648E+00	 4.230043E-13	 3.816391E-13	 9.516413E-01	 1.083943E-13	 3.427552E-13	 5.714611E-01	-9.382924E-14	 1.938371E-13	 3.256766E-01	-2.038165E-13	 2.270618E-13	 1.678667E-01	-3.484188E-13	 8.705788E-14	 6.693309E-02	-1.258420E-13	 1.796801E-13	 1.216167E-03	-2.632691E-13	 3.329311E-13	-4.010617E-02	 4.675912E-15	 5.930522E-13	-6.529368E-02	 8.840320E-14	 9.017828E-13	-7.599958E-02	 1.173225E-13	 1.029405E-12	-7.633997E-02	 2.325799E-13	 9.969917E-13	-6.912445E-02	 3.622460E-13	 7.577327E-13	-5.745793E-02	 5.935172E-13	 3.325167E-13	-4.419395E-02	 8.581384E-13	-1.715005E-13	-3.132284E-02	 1.060430E-12
0.77728	 3.586759E+00	 9.086262E-14	-6.447110E-14	 5.458484E+00	 4.977315E-13	-2.266215E-13	 4.731622E+00	 4.572324E-13	-3.140078E-13	 3.581711E+00	 5.639935E-13	-1.784681E-13	 2.443427E+00	 1.343249E-13	-1.969222E-13	 1.588757E+00	 1.914763E-13	-6.761723E-14	 1.000786E+00	 6.753519E-14	-2.133702E-13	 6.073820E-01	 2.906360E-13	-1.888167E-13	 3.509935E-01	 4.883237E-13	-1.267036E-13	 1.853189E-01	 5.722746E-13	-4.230612E-13	 7.874921E-02	 1.007853E-12	-3.623807E-13	 8.789283E-03	 8.036093E-13	-6.785292E-13	-3.599161E-02	 9.352295E-13	-7.167013E-13	-6.427262E-02	 7.632322E-13	-7.261124E-13	-7.753690E-02	 4.573818E-13	-6.347176E-13	-7.987318E-02	 5.553883E-14	-5.343971E-13	-7.390917E-02	-3.554145E-13	-4.238514E-13	-6.274359E-02	-6.527250E-13	-3.773596E-13	-4.935013E-02	-9.098519E-13	-3.614563E-13	-3.589637E-02	-1.218449E-12
0.78395	 3.613214E+00	-5.986248E-13	-7.258166E-13	 5.526655E+00	-4.008762E-13	-7.034852E-13	 4.814060E+00	-3.590861E-14	-3.886454E-13	 3.667232E+00	 2.781961E-13	-3.353783E-13	 2.522501E+00	 7.008603E-13	 1.092299E-13	 1.656079E+00	 1.182167E-12	 2.597262E-13	 1.053666E+00	 1.661529E-12	 3.795678E-13	 6.463590E-01	 2.087921E-12	 3.346264E-13	 3.786751E-01	 2.506541E-12	 1.889669E-13	 2.045481E-01	 2.775437E-12	 5.392567E-15	 9.192098E-02	 2.881723E-12	-3.689717E-13	 1.744479E-02	 3.082162E-12	-5.108947E-13	-3.098906E-02	 2.791671E-12	-6.970776E-13	-6.254384E-02	 2.584041E-12	-7.406908E-13	-7.857647E-02	 2.222946E-12	-6.931479E-13	-8.316158E-02	 1.642563E-12	-6.237059E-13	-7.870602E-02	 1.026694E-12	-5.361236E-13	-6.826784E-02	 3.699974E-13	-4.434660E-13	-5.491050E-02	-2.270909E-13	-3.536710E-13	-4.096428E-02	-7.097602E-13
0.79057	 3.641410E+00	 1.214889E-12	 1.234950E-12	 5.597965E+00	 1.076235E-12	 1.393430E-12	 4.900488E+00	 1.391651E-12	 1.381239E-12	 3.757039E+00	 1.460506E-12	 1.214399E-12	 2.606002E+00	 2.089200E-12	 1.001754E-12	 1.727764E+00	 2.344947E-12	 4.954920E-13	 1.110474E+00	 2.845151E-12	 2.919351E-13	 6.885992E-01	 2.896923E-12	-3.001574E-13	 4.089138E-01	 2.898147E-12	-4.580050E-13	 2.257136E-01	 2.582737E-12	-4.384090E-13	 1.065735E-01	 1.968459E-12	-4.925225E-13	 2.728381E-02	 1.389430E-12	-1.472442E-13	-2.500623E-02	 7.415614E-13	 3.245137E-15	-6.001025E-02	 1.959358E-13	 7.847004E-14	-7.901593E-02	-1.965031E-13	-5.218601E-14	-8.610634E-02	-5.140684E-13	-3.077652E-13	-8.343168E-02	-7.764195E-13	-6.106437E-13	-7.397468E-02	-9.507249E-13	-8.275316E-13	-6.085221E-02	-9.791642E-13	-8.936880E-13	-4.653548E-02	-8.730486E-13
0.79713	 3.671385E+00	 3.554639E-13	 5.218331E-13	 5.672459E+00	 3.856625E-13	 2.988434E-13	 4.990937E+00	 3.441126E-13	 3.772865E-13	 3.851164E+00	 8.766013E-14	 3.506058E-13	 2.694003E+00	-2.195021E-14	 1.146808E-13	 1.803949E+00	-7.498689E-14	 1.346225E-13	 1.171396E+00	-3.773820E-13	 6.201049E-16	 7.343098E-01	-4.488361E-13	-5.728935E-15	 4.419081E-01	-5.884860E-13	 2.918250E-13	 2.489836E-01	-1.091318E-12	 5.140481E-13	 1.228399E-01	-1.316695E-12	 9.558035E-13	 3.841267E-02	-1.948256E-12	 1.183926E-12	-1.794785E-02	-2.223398E-12	 1.338406E-12	-5.657120E-02	-2.522923E-12	 1.278701E-12	-7.874646E-02	-2.752889E-12	 1.109404E-12	-8.859751E-02	-2.949211E-12	 8.002516E-13	-8.798745E-02	-3.037727E-12	 4.583753E-13	-7.979084E-02	-2.903333E-12	 1.157012E-13	-6.713605E-02	-2.605315E-12	-1.690311E-13	-5.260602E-02	-2.241624E-12
0.80364	 3.703184E+00	 2.688216E-13	 2.876633E-14	 5.750184E+00	 5.107809E-13	-3.016061E-13	 5.085438E+00	 2.470191E-13	-6.286588E-13	 3.949633E+00	 1.162613E-13	-7.793564E-13	 2.786573E+00	-3.733268E-13	-7.402140E-13	 1.884766E+00	-8.870945E-13	-5.125087E-13	 1.236616E+00	-1.438034E-12	-1.791106E-13	 7.837022E-01	-1.803512E-12	 1.508154E-13	 4.778655E-01	-1.955868E-12	 4.867855E-13	 2.745376E-01	-1.735986E-12	 6.466676E-13	 1.408635E-01	-1.432927E-12	 6.427187E-13	 5.094404E-02	-8.555213E-13	 3.668585E-13	-9.715630E-03	-2.996004E-13	 2.139913E-14	-5.212351E-02	 1.914623E-13	-3.834785E-13	-7.765441E-02	 5.248400E-13	-6.738952E-13	-9.051552E-02	 6.871044E-13	-8.953532E-13	-9.225993E-02	 7.076908E-13	-9.947307E-13	-8.562517E-02	 7.482732E-13	-1.123437E-12	-7.370461E-02	 8.184850E-13	-1.321125E-12	-5.915647E-02	 9.291397E-13
0.81009	 3.736862E+00	 6.878431E-13	 5.338838E-13	 5.831220E+00	 6.295381E-13	 4.265871E-13	 5.184055E+00	 2.072759E-13	 2.509334E-14	 4.052509E+00	-4.640632E-14	-3.506094E-13	 2.883813E+00	-5.572202E-13	-3.880491E-13	 1.970377E+00	-1.215746E-12	-5.564604E-13	 1.306347E+00	-1.639670E-12	-4.552526E-13	 8.370167E-01	-2.066383E-12	-2.255589E-13	 5.170220E-01	-2.411886E-12	-3.465743E-13	 3.025812E-01	-2.123626E-12	-5.140079E-15	 1.608089E-01	-2.194657E-12	-2.079641E-13	 6.500450E-02	-1.697725E-12	-2.526740E-13	-2.037928E-04	-1.198006E-12	-3.137559E-13	-4.655983E-02	-7.859415E-13	-4.678251E-13	-7.562185E-02	-3.745579E-13	-4.768720E-13	-9.173300E-02	-1.046088E-13	-3.830816E-13	-9.612304E-02	 5.057016E-14	-2.282645E-13	-9.137011E-02	 1.783299E-13	-5.666330E-14	-8.048289E-02	 3.417065E-13	 3.641816E-14	-6.615167E-02	 5.842394E-13
0.81650	 3.772471E+00	-9.541666E-13	-1.294292E-12	 5.915635E+00	-9.316676E-13	-1.363724E-12	 5.286836E+00	-8.416738E-13	-1.410243E-12	 4.159831E+00	-9.233035E-13	-1.305244E-12	 2.985799E+00	-1.261012E-12	-1.112098E-12	 2.060925E+00	-1.342827E-12	-6.823643E-13	 1.380788E+00	-1.771536E-12	-5.598130E-13	 8.944871E-01	-1.795678E-12	-1.853951E-13	 5.596157E-01	-1.844125E-12	-1.116030E-13	 3.333283E-01	-1.828061E-12	-7.919591E-15	 1.828503E-01	-1.641953E-12	 7.832934E-14	 8.072769E-02	-1.387176E-12	 2.185300E-13	 1.069668E-02	-1.168250E-12	 5.106809E-13	-3.977150E-02	-9.293730E-13	 7.823277E-13	-7.252848E-02	-8.538395E-13	 9.864446E-13	-9.211516E-02	-8.469957E-13	 1.067257E-12	-9.943654E-02	-7.345347E-13	 9.051028E-13	-9.689818E-02	-5.101342E-13	 5.892974E-13	-8.737282E-02	-1.336194E-13	 1.468425E-13	-7.353389E-02	 2.965756E-13
0.82285	 3.810050E+00	-1.993852E-12	-2.173963E-12	 6.003474E+00	-1.846988E-12	-2.163527E-12	 5.393795E+00	-1.605655E-12	-1.964341E-12	 4.271594E+00	-1.546063E-12	-1.560283E-12	 3.092563E+00	-1.648399E-12	-1.347711E-12	 2.156507E+00	-1.554074E-12	-9.257626E-13	 1.460101E+00	-1.672171E-12	-9.837875E-13	 9.563223E-01	-1.578251E-12	-9.804681E-13	 6.058726E-01	-1.549524E-12	-9.719654E-13	 3.669913E-01	-1.560542E-12	-1.341720E-12	 2.071656E-01	-1.250857E-12	-1.356057E-12	 9.825038E-02	-1.159968E-12	-1.503486E-12	 2.309550E-02	-8.616171E-13	-1.449666E-12	-3.165082E-02	-6.094858E-13	-1.248197E-12	-6.825399E-02	-4.076593E-13	-1.133514E-12	-9.152189E-02	-2.338746E-13	-1.038338E-12	-1.020472E-01	-5.417589E-14	-1.050991E-12	-1.020614E-01	 1.423267E-13	-1.151211E-12	-9.425058E-02	 3.318148E-13	-1.276303E-12	-8.121834E-02	 4.516082E-13
0.82916	 3.849669E+00	-5.055269E-13	-3.377369E-13	 6.094850E+00	-5.201207E-13	-2.527228E-13	 5.505016E+00	-4.099722E-13	 3.683971E-14	 4.387871E+00	-3.103895E-13	 2.595141E-13	 3.204213E+00	-1.579209E-13	 4.345148E-13	 2.257292E+00	 1.059530E-13	 5.332837E-13	 1.544508E+00	 2.675691E-13	 5.420039E-13	 1.022785E+00	 4.433109E-13	 4.842573E-13	 6.560663E-01	 3.309076E-13	 5.355653E-13	 4.038244E-01	 2.460381E-13	 4.987302E-13	 2.339676E-01	-9.665789E-14	 3.871985E-13	 1.177342E-01	-2.151536E-13	 3.032679E-13	 3.711702E-02	-4.962840E-13	-4.682154E-14	-2.208403E-02	-3.431672E-13	-3.097234E-13	-6.267683E-02	-2.640318E-13	-5.686403E-13	-8.981089E-02	-1.158846E-13	-7.697780E-13	-1.037948E-01	 7.991210E-14	-8.299827E-13	-1.066987E-01	 2.223331E-13	-7.755321E-13	-1.009737E-01	 3.062146E-13	-6.067529E-13	-8.909905E-02	 3.484904E-13
0.83541	 3.891409E+00	 1.575891E-12	 1.945178E-12	 6.189915E+00	 1.211509E-12	 2.079535E-12	 5.620614E+00	 8.420411E-13	 2.274570E-12	 4.508767E+00	 8.189179E-13	 1.883109E-12	 3.320900E+00	 8.337458E-13	 1.833935E-12	 2.363490E+00	 1.001246E-12	 1.362106E-12	 1.634273E+00	 1.431131E-12	 1.201311E-12	 1.094177E+00	 1.694092E-12	 1.086997E-12	 7.105118E-01	 1.942322E-12	 8.021600E-13	 4.441226E-01	 2.445310E-12	 8.979527E-13	 2.635049E-01	 2.357268E-12	 5.437320E-13	 1.393680E-01	 2.763834E-12	 4.285296E-13	 5.290297E-02	 2.550923E-12	 5.818885E-14	-1.094940E-02	 2.716144E-12	-3.592982E-13	-5.567339E-02	 2.587281E-12	-7.091381E-13	-8.683741E-02	 2.501394E-12	-1.047572E-12	-1.045120E-01	 2.525101E-12	-1.327169E-12	-1.106345E-01	 2.554754E-12	-1.510693E-12	-1.073783E-01	 2.608695E-12	-1.603701E-12	-9.704478E-02	 2.619608E-12
0.84163	 3.935260E+00	-2.069575E-15	-3.538288E-13	 6.288635E+00	 2.468989E-13	-5.504999E-13	 5.740456E+00	 3.359935E-13	-1.005045E-12	 4.634127E+00	 7.681546E-13	-1.480009E-12	 3.442511E+00	 9.416296E-13	-1.947175E-12	 2.475065E+00	 1.271316E-12	-2.530323E-12	 1.729448E+00	 1.649872E-12	-2.995395E-12	 1.170640E+00	 1.855888E-12	-3.392036E-12	 7.694071E-01	 2.165831E-12	-3.700169E-12	 4.881034E-01	 2.464883E-12	-3.617866E-12	 2.959778E-01	 2.558883E-12	-3.663090E-12	 1.633096E-01	 2.627130E-12	-3.265283E-12	 7.057291E-02	 2.614938E-12	-3.126926E-12	 1.855858E-03	 2.396756E-12	-2.809629E-12	-4.713550E-02	 1.983906E-12	-2.672497E-12	-8.246399E-02	 1.545446E-12	-2.535137E-12	-1.040266E-01	 1.062807E-12	-2.453335E-12	-1.136737E-01	 6.381916E-13	-2.390707E-12	-1.132668E-01	 2.976410E-13	-2.337287E-12	-1.048803E-01	-1.491914E-14
0.84779	 3.981083E+00	-1.465133E-12	-1.832286E-12	 6.390716E+00	-1.269440E-12	-1.904755E-12	 5.864078E+00	-1.047609E-12	-2.413278E-12	 4.763447E+00	-7.262025E-13	-2.293609E-12	 3.568586E+00	-4.555494E-13	-2.669958E-12	 2.591644E+00	 7.704871E-14	-2.605299E-12	 1.829794E+00	 5.135782E-13	-2.711801E-12	 1.252078E+00	 8.927873E-13	-2.833503E-12	 8.327728E-01	 1.321030E-12	-2.565960E-12	 5.358579E-01	 1.379858E-12	-2.520033E-12	 3.314993E-01	 1.536347E-12	-2.073139E-12	 1.896565E-01	 1.161636E-12	-1.666893E-12	 9.020147E-02	 1.196041E-12	-1.280890E-12	 1.639591E-02	 7.124573E-13	-8.678102E-13	-3.698896E-02	 3.089972E-13	-5.894426E-13	-7.657870E-02	-1.213412E-13	-4.105165E-13	-1.021790E-01	-6.165512E-13	-3.436723E-13	-1.156163E-01	-1.037125E-12	-4.188439E-13	-1.184175E-01	-1.424020E-12	-6.019805E-13	-1.123896E-01	-1.777259E-12
0.85391	 4.028641E+00	-8.289869E-13	-2.619425E-13	 6.495686E+00	-1.276589E-12	 1.597105E-13	 5.990783E+00	-1.540783E-12	 8.312399E-13	 4.895988E+00	-1.913902E-12	 1.342349E-12	 3.698422E+00	-1.917571E-12	 1.932241E-12	 2.712614E+00	-2.019066E-12	 2.342382E-12	 1.934851E+00	-1.915508E-12	 2.709654E-12	 1.338214E+00	-1.813544E-12	 2.979084E-12	 9.004866E-01	-1.725851E-12	 3.116070E-12	 5.873719E-01	-1.613850E-12	 3.181456E-12	 3.701087E-01	-1.512840E-12	 3.260139E-12	 2.184546E-01	-1.571423E-12	 3.060478E-12	 1.118237E-01	-1.461333E-12	 3.055530E-12	 3.269736E-02	-1.452414E-12	 2.779388E-12	-2.519771E-02	-1.261316E-12	 2.671645E-12	-6.910569E-02	-1.023927E-12	 2.553278E-12	-9.883865E-02	-7.939966E-13	 2.526732E-12	-1.162771E-01	-6.142304E-13	 2.550692E-12	-1.226046E-01	-5.574748E-13	 2.600664E-12	-1.193339E-01	-6.137916E-13
0.85999	 4.077576E+00	-7.279977E-14	 3.047340E-13	 6.602851E+00	-4.804203E-13	 6.617873E-13	 6.119582E+00	-5.709937E-13	 1.392263E-12	 5.030706E+00	-1.024879E-12	 1.846599E-12	 3.830991E+00	-1.227150E-12	 2.585489E-12	 2.837014E+00	-1.595695E-12	 2.935917E-12	 2.043830E+00	-1.984545E-12	 3.337332E-12	 1.428476E+00	-2.199423E-12	 3.389289E-12	 9.721827E-01	-2.477399E-12	 3.319704E-12	 6.424395E-01	-2.545120E-12	 3.395118E-12	 4.117018E-01	-2.699051E-12	 3.070128E-12	 2.496464E-01	-2.507478E-12	 3.081854E-12	 1.353985E-01	-2.643267E-12	 2.813919E-12	 5.072390E-02	-2.491074E-12	 2.617389E-12	-1.178147E-02	-2.452280E-12	 2.434586E-12	-6.001958E-02	-2.429895E-12	 2.293113E-12	-9.391755E-02	-2.398934E-12	 2.288263E-12	-1.154979E-01	-2.389116E-12	 2.427119E-12	-1.256089E-01	-2.341145E-12	 2.694597E-12	-1.254577E-01	-2.229562E-12
0.86603	 4.127509E+00	 9.317457E-13	 5.915013E-13	 6.711512E+00	 1.215930E-12	 2.765544E-13	 6.249466E+00	 1.623416E-12	 6.123859E-14	 5.166548E+00	 1.907149E-12	-1.855747E-13	 3.965237E+00	 2.080033E-12	-3.293499E-13	 2.963824E+00	 2.401458E-12	-4.390677E-13	 2.155856E+00	 2.448630E-12	-4.949664E-13	 1.522203E+00	 2.664582E-12	-5.758637E-13	 1.047402E+00	 2.735778E-12	-4.536034E-13	 7.007720E-01	 2.787349E-12	-4.001814E-13	 4.561075E-01	 2.840412E-12	-2.307592E-13	 2.831244E-01	 2.871347E-12	 3.443204E-14	 1.608452E-01	 2.969255E-12	 3.936377E-13	 7.040134E-02	 2.811997E-12	 7.725240E-13	 3.199075E-03	 2.623683E-12	 1.166616E-12	-4.934174E-02	 2.263832E-12	 1.481014E-12	-8.737779E-02	 1.840933E-12	 1.707540E-12	-1.131667E-01	 1.417460E-12	 1.836005E-12	-1.272460E-01	 1.060403E-12	 1.885497E-12	-1.305232E-01	 8.077105E-13
0.87202	 4.178131E+00	 9.809418E-13	 9.590718E-13	 6.821155E+00	 9.851134E-13	 8.869364E-13	 6.379629E+00	 8.647393E-13	 5.953566E-13	 5.302696E+00	 9.902647E-13	 4.505008E-13	 4.100339E+00	 8.017755E-13	-2.866161E-14	 3.092218E+00	 9.226962E-13	-2.368854E-13	 2.270204E+00	 9.861060E-13	-5.581834E-13	 1.618833E+00	 1.098281E-12	-5.041719E-13	 1.125753E+00	 1.155533E-12	-3.702025E-13	 7.621229E-01	 1.244117E-12	-2.028706E-13	 5.031820E-01	 1.359420E-12	 1.447155E-13	 3.188005E-01	 1.393955E-12	 2.332915E-13	 1.880943E-01	 1.691853E-12	 4.707430E-13	 9.165471E-02	 1.795336E-12	 5.244970E-13	 1.966916E-02	 1.962137E-12	 6.591745E-13	-3.712370E-02	 2.040777E-12	 7.865209E-13	-7.922557E-02	 2.031384E-12	 9.169679E-13	-1.092223E-01	 2.013693E-12	 1.031306E-12	-1.273816E-01	 1.968206E-12	 1.102410E-12	-1.343338E-01	 1.912701E-12
0.87797	 4.229077E+00	-1.154857E-12	-7.752424E-13	 6.931187E+00	-1.276766E-12	-7.538173E-13	 6.509145E+00	-1.628079E-12	-5.292472E-13	 5.438222E+00	-1.741414E-12	-2.015552E-13	 4.235342E+00	-2.060767E-12	-2.870378E-13	 3.221202E+00	-2.117655E-12	 1.921322E-13	 2.385969E+00	-2.274956E-12	 1.414585E-13	 1.717628E+00	-2.154560E-12	 4.169144E-13	 1.206679E+00	-2.232026E-12	 5.233532E-13	 8.261012E-01	-2.105488E-12	 7.244310E-13	 5.526655E-01	-2.096678E-12	 6.524302E-13	 3.565006E-01	-2.075781E-12	 6.459234E-13	 2.170124E-01	-2.076379E-12	 3.690625E-13	 1.143589E-01	-1.977210E-12	 8.780501E-14	 3.751061E-02	-1.874655E-12	-2.668108E-13	-2.346182E-02	-1.684885E-12	-5.338477E-13	-6.951499E-02	-1.366419E-12	-7.237380E-13	-1.036508E-01	-9.397894E-13	-8.110381E-13	-1.259232E-01	-4.136056E-13	-8.232189E-13	-1.367228E-01	 1.470977E-13
0.88388	 4.279864E+00	 1.495260E-13	 1.592239E-13	 7.040793E+00	 3.391260E-13	 4.345291E-14	 6.636825E+00	 4.798539E-13	 1.478862E-13	 5.571926E+00	 7.060334E-13	 2.539831E-13	 4.368992E+00	 9.028454E-13	 5.390690E-13	 3.349457E+00	 1.110575E-12	 8.532458E-13	 2.501921E+00	 1.178643E-12	 1.331804E-12	 1.817543E+00	 1.223038E-12	 1.583280E-12	 1.289343E+00	 1.313067E-12	 2.030507E-12	 8.920754E-01	 1.064126E-12	 2.303300E-12	 6.041025E-01	 1.037993E-12	 2.468713E-12	 3.959002E-01	 7.185492E-13	 2.709266E-12	 2.473519E-01	 5.928871E-13	 2.814870E-12	 1.383006E-01	 4.611284E-13	 2.858761E-12	 5.653417E-02	 4.301502E-13	 2.836666E-12	-8.517903E-03	 4.609985E-13	 2.644638E-12	-5.836424E-02	 6.227457E-13	 2.371841E-12	-9.649962E-02	 8.438518E-13	 1.968471E-12	-1.228337E-01	 1.115023E-12	 1.523344E-12	-1.375663E-01	 1.387325E-12
0.88976	 4.329996E+00	 1.874704E-12	 2.023501E-12	 7.149153E+00	 1.439474E-12	 2.350936E-12	 6.761478E+00	 1.215472E-12	 2.230215E-12	 5.702635E+00	 8.651596E-13	 2.255684E-12	 4.500059E+00	 6.724247E-13	 2.179859E-12	 3.475667E+00	 4.509697E-13	 1.973618E-12	 2.616811E+00	 3.289069E-13	 2.070144E-12	 1.917493E+00	 1.964768E-13	 1.937776E-12	 1.372851E+00	 2.733622E-13	 1.954308E-12	 9.593486E-01	 3.856856E-13	 1.854739E-12	 6.569741E-01	 5.330056E-13	 1.846017E-12	 4.366214E-01	 7.897257E-13	 1.748457E-12	 2.788199E-01	 1.024398E-12	 1.607285E-12	 1.632279E-01	 1.329830E-12	 1.371092E-12	 7.651374E-02	 1.567622E-12	 1.133193E-12	 7.502138E-03	 1.811266E-12	 7.798312E-13	-4.594609E-02	 1.997928E-12	 4.415603E-13	-8.788106E-02	 2.130752E-12	 6.378005E-14	-1.181482E-01	 2.187104E-12	-2.797996E-13	-1.368120E-01	 2.174841E-12
0.89559	 4.378909E+00	-1.008701E-12	-8.319438E-13	 7.255315E+00	-1.011394E-12	-6.399898E-13	 6.881786E+00	-1.091360E-12	-3.693473E-13	 5.829053E+00	-1.134142E-12	-1.804451E-13	 4.627169E+00	-1.153433E-12	 1.548819E-13	 3.598352E+00	-1.208393E-12	 2.397893E-13	 2.729216E+00	-1.253288E-12	 3.593297E-13	 2.016208E+00	-1.076917E-12	 3.252995E-13	 1.456131E+00	-1.000523E-12	 8.319179E-14	 1.027053E+00	-4.997781E-13	-7.845192E-14	 7.106113E-01	-2.184831E-13	-4.553986E-13	 4.781636E-01	 3.540388E-13	-7.573412E-13	 3.110257E-01	 8.220665E-13	-1.150838E-12	 1.888130E-01	 1.346462E-12	-1.383290E-12	 9.716268E-02	 1.766088E-12	-1.542947E-12	 2.433558E-02	 2.137876E-12	-1.516424E-12	-3.249267E-02	 2.377689E-12	-1.329820E-12	-7.797253E-02	 2.488826E-12	-1.012723E-12	-1.119723E-01	 2.496477E-12	-6.337445E-13	-1.344779E-01	 2.400794E-12
0.90139	 4.425965E+00	-9.413662E-13	-1.235573E-12	 7.358165E+00	-5.106787E-13	-1.438596E-12	 6.996279E+00	-3.030247E-13	-1.270904E-12	 5.949716E+00	-3.756024E-14	-1.388622E-12	 4.748756E+00	 5.083209E-14	-8.562723E-13	 3.715816E+00	 2.123509E-14	-8.271433E-13	 2.837480E+00	-6.159189E-14	-5.070493E-13	 2.112181E+00	-1.415910E-13	-3.915922E-13	 1.537868E+00	-2.512057E-13	-2.866878E-13	 1.094097E+00	-4.568633E-13	-5.334887E-14	 7.641484E-01	-5.503823E-13	-1.731943E-13	 5.198632E-01	-5.443246E-13	 1.002890E-13	 3.434488E-01	-6.787413E-13	 5.975284E-14	 2.146295E-01	-3.533665E-13	 2.616561E-13	 1.181199E-01	-2.261842E-13	 3.408453E-13	 4.165750E-02	 9.300187E-14	 4.994594E-13	-1.829455E-02	 4.081655E-13	 5.915345E-13	-6.701287E-02	 7.022130E-13	 6.980275E-13	-1.044781E-01	 1.022258E-12	 7.502537E-13	-1.306512E-01	 1.302000E-12
0.90715	 4.470661E+00	-1.067201E-12	-1.224214E-12	 7.456827E+00	-1.011893E-12	-1.360991E-12	 7.103849E+00	-9.552382E-13	-1.448596E-12	 6.063535E+00	-1.051696E-12	-1.546624E-12	 4.863630E+00	-9.847273E-13	-1.640028E-12	 3.826732E+00	-1.270378E-12	-1.471589E-12	 2.940265E+00	-1.234376E-12	-1.550820E-12	 2.204147E+00	-1.473326E-12	-1.160483E-12	 1.616932E+00	-1.626377E-12	-9.944991E-13	 1.159513E+00	-1.836055E-12	-6.039247E-13	 8.167971E-01	-2.090015E-12	-3.161314E-13	 5.611044E-01	-2.028205E-12	 7.127851E-14	 3.755986E-01	-2.365315E-12	 2.796620E-13	 2.402722E-01	-2.110707E-12	 5.213241E-13	 1.390394E-01	-2.122383E-12	 5.843652E-13	 5.914968E-02	-1.884315E-12	 5.330292E-13	-3.648232E-03	-1.563789E-12	 3.763992E-13	-5.526565E-02	-1.175353E-12	 1.275202E-13	-9.588349E-02	-7.023520E-13	-1.674017E-13	-1.254840E-01	-2.138479E-13
0.91287	 4.512761E+00	-4.990859E-13	-3.999812E-13	 7.550900E+00	-6.183135E-13	-3.804227E-13	 7.204066E+00	-7.204555E-13	-4.656619E-13	 6.170103E+00	-9.111696E-13	-4.678353E-13	 4.971292E+00	-8.814694E-13	-5.991572E-13	 3.930470E+00	-9.680169E-13	-5.702330E-13	 3.036858E+00	-9.281228E-13	-7.706299E-13	 2.291365E+00	-8.362216E-13	-6.359696E-13	 1.692608E+00	-1.017068E-12	-8.203266E-13	 1.222656E+00	-8.768757E-13	-8.790616E-13	 8.680148E-01	-1.189750E-12	-9.241423E-13	 6.014518E-01	-1.194684E-12	-1.039855E-12	 4.071180E-01	-1.478474E-12	-1.073210E-12	 2.654373E-01	-1.610098E-12	-1.124653E-12	 1.596522E-01	-1.796163E-12	-1.111191E-12	 7.655275E-02	-1.947522E-12	-1.162424E-12	 1.119016E-02	-2.021459E-12	-1.186466E-12	-4.297762E-02	-2.063727E-12	-1.263398E-12	-8.641501E-02	-2.036713E-12	-1.369884E-12	-1.191640E-01	-1.970876E-12
0.91856	 4.552375E+00	 8.164877E-13	 2.357470E-13	 7.640580E+00	 1.170396E-12	-1.737675E-13	 7.297356E+00	 1.631826E-12	-6.795014E-13	 6.269858E+00	 1.846141E-12	-1.105212E-12	 5.072117E+00	 1.941879E-12	-1.345765E-12	 4.027295E+00	 1.995200E-12	-1.792999E-12	 3.127370E+00	 1.720652E-12	-2.049179E-12	 2.373807E+00	 1.660238E-12	-2.520043E-12	 1.764783E+00	 1.293884E-12	-2.932328E-12	 1.283376E+00	 1.141505E-12	-3.402799E-12	 9.176497E-01	 8.598824E-13	-3.966396E-12	 6.407725E-01	 5.629302E-13	-4.289821E-12	 4.378843E-01	 3.840543E-13	-4.671596E-12	 2.900028E-01	 7.618429E-14	-4.934916E-12	 1.798297E-01	-2.315565E-13	-5.135485E-12	 9.371919E-02	-5.323020E-13	-5.278807E-12	 2.605248E-02	-8.626486E-13	-5.402189E-12	-3.033379E-02	-1.168172E-12	-5.438773E-12	-7.626377E-02	-1.417101E-12	-5.409020E-12	-1.118728E-01	-1.605901E-12
0.92421	 4.590003E+00	 1.098491E-12	 1.175228E-12	 7.726738E+00	 8.326400E-13	 1.427102E-12	 7.385092E+00	 7.874731E-13	 1.468920E-12	 6.364181E+00	 5.041785E-13	 1.604275E-12	 5.167435E+00	 4.121893E-13	 1.772453E-12	 4.118463E+00	 4.213765E-14	 1.699801E-12	 3.212843E+00	-2.450237E-13	 1.902610E-12	 2.452262E+00	-7.194003E-13	 1.762246E-12	 1.834039E+00	-1.038976E-12	 1.693273E-12	 1.342104E+00	-1.487956E-12	 1.549479E-12	 9.660287E-01	-1.452801E-12	 1.313331E-12	 6.793127E-01	-1.698740E-12	 9.856904E-13	 4.680744E-01	-1.217646E-12	 8.132034E-13	 3.140823E-01	-1.016432E-12	 4.309622E-13	 1.996248E-01	-5.937373E-13	 1.592194E-13	 1.106465E-01	-1.787261E-13	-1.539479E-13	 4.088891E-02	 1.084645E-13	-4.468390E-13	-1.742641E-02	 3.745077E-13	-6.743586E-13	-6.555162E-02	 5.673228E-13	-8.104331E-13	-1.037494E-01	 7.075231E-13
0.92983	 4.626649E+00	 1.249459E-12	 1.900777E-12	 7.811133E+00	 8.907341E-13	 2.318238E-12	 7.469835E+00	 3.261236E-13	 2.658045E-12	 6.455658E+00	 7.975056E-14	 3.003167E-12	 5.259817E+00	-1.312687E-13	 3.215676E-12	 4.206512E+00	-1.456085E-13	 3.348521E-12	 3.295546E+00	-1.740487E-13	 3.527221E-12	 2.528620E+00	-1.357476E-13	 3.620905E-12	 1.901915E+00	-1.485493E-13	 3.747300E-12	 1.400095E+00	-1.537851E-14	 3.737366E-12	 1.014170E+00	-1.467221E-13	 3.961321E-12	 7.178788E-01	 3.392131E-14	 3.934900E-12	 4.983140E-01	 1.116039E-13	 4.052921E-12	 3.381436E-01	 2.419572E-13	 4.072068E-12	 2.193630E-01	 4.640785E-13	 4.063905E-12	 1.275469E-01	 6.326715E-13	 4.015427E-12	 5.582392E-02	 8.421097E-13	 3.914862E-12	-4.206433E-03	 1.034354E-12	 3.781538E-12	-5.428591E-02	 1.245324E-12	 3.620425E-12	-9.484598E-02	 1.456790E-12
0.93541	 4.663717E+00	 4.298215E-13	 2.417400E-13	 7.896235E+00	 7.111094E-13	-7.289658E-14	 7.555090E+00	 9.209589E-13	-2.018131E-13	 6.547838E+00	 1.021871E-12	-3.237804E-13	 5.352824E+00	 1.184907E-12	-4.212956E-13	 4.295022E+00	 1.237974E-12	-2.227880E-13	 3.378774E+00	 1.159096E-12	-2.929674E-13	 2.605720E+00	 1.154680E-12	-6.003765E-15	 1.970791E+00	 9.778417E-13	 2.504473E-13	 1.459342E+00	 9.747513E-13	 4.069511E-13	 1.063735E+00	 6.239005E-13	 8.328857E-13	 7.578123E-01	 7.120966E-13	 1.243139E-12	 5.296680E-01	 4.102368E-13	 1.577238E-12	 3.630088E-01	 2.949892E-13	 2.086249E-12	 2.396435E-01	 9.257168E-14	 2.454439E-12	 1.448458E-01	-1.572841E-13	 2.865861E-12	 7.115386E-02	-3.444903E-13	 3.202171E-12	 9.517435E-03	-5.225328E-13	 3.485734E-12	-4.235200E-02	-5.874059E-13	 3.689260E-12	-8.511005E-02	-5.428314E-13
0.94097	 4.702732E+00	 6.173283E-13	 3.825759E-13	 7.984644E+00	 8.013943E-13	 1.387499E-13	 7.644594E+00	 8.732384E-13	 5.433732E-14	 6.644481E+00	 9.064144E-13	-2.632466E-13	 5.450196E+00	 8.061058E-13	-2.042830E-13	 4.387789E+00	 6.740315E-13	-3.089318E-13	 3.466074E+00	 4.299834E-13	-3.277976E-13	 2.686654E+00	 1.555933E-13	-3.136949E-13	 2.043283E+00	-1.196137E-13	-4.040300E-13	 1.522073E+00	-3.904390E-13	-4.152866E-13	 1.116618E+00	-5.295563E-13	-3.762926E-13	 8.006700E-01	-7.250731E-13	-4.634155E-13	 5.633967E-01	-6.922326E-13	-3.241958E-13	 3.896728E-01	-7.753155E-13	-2.938447E-13	 2.612038E-01	-7.315196E-13	-2.068311E-13	 1.630764E-01	-7.272914E-13	-6.780311E-14	 8.726464E-02	-7.289297E-13	 7.360015E-14	 2.401622E-02	-7.415763E-13	 2.567744E-13	-2.955629E-02	-7.940013E-13	 4.628885E-13	-7.440582E-02	-8.730871E-13
0.94648	 4.745572E+00	-1.882077E-12	-2.089854E-12	 8.079602E+00	-1.392735E-12	-2.325978E-12	 7.742850E+00	-1.077309E-12	-2.409577E-12	 6.750136E+00	-4.530994E-13	-2.502002E-12	 5.556469E+00	-9.085555E-14	-2.568896E-12	 4.489441E+00	 4.523986E-13	-2.630010E-12	 3.561841E+00	 8.186280E-13	-2.819829E-12	 2.775310E+00	 1.201238E-12	-2.991662E-12	 2.122718E+00	 1.507445E-12	-3.343270E-12	 1.591164E+00	 1.609489E-12	-3.495798E-12	 1.175298E+00	 1.901783E-12	-3.700558E-12	 8.485116E-01	 1.758487E-12	-3.789349E-12	 6.011896E-01	 1.778894E-12	-3.710393E-12	 4.194900E-01	 1.611318E-12	-3.606567E-12	 2.850644E-01	 1.404160E-12	-3.376079E-12	 1.829913E-01	 1.178079E-12	-3.144243E-12	 1.047156E-01	 8.968192E-13	-2.859091E-12	 3.970499E-02	 6.525569E-13	-2.573228E-12	-1.557469E-02	 3.649770E-13	-2.272982E-12	-6.246997E-02	 8.850044E-14
0.95197	 4.794635E+00	-2.389186E-12	-2.606602E-12	 8.185372E+00	-2.405006E-12	-2.794377E-12	 7.855478E+00	-1.935749E-12	-2.769451E-12	 6.870537E+00	-2.035968E-12	-2.792134E-12	 5.677412E+00	-1.637824E-12	-2.884634E-12	 4.605905E+00	-1.606687E-12	-2.742143E-12	 3.671797E+00	-1.432394E-12	-2.740468E-12	 2.876860E+00	-1.376047E-12	-2.820038E-12	 2.213623E+00	-1.254377E-12	-2.754684E-12	 1.670610E+00	-1.528868E-12	-2.860495E-12	 1.243280E+00	-1.487203E-12	-3.037822E-12	 9.042961E-01	-1.907769E-12	-2.959068E-12	 6.455218E-01	-2.166278E-12	-3.136981E-12	 4.544837E-01	-2.467557E-12	-3.113376E-12	 3.127849E-01	-2.827301E-12	-3.061159E-12	 2.057672E-01	-3.099603E-12	-3.029695E-12	 1.243950E-01	-3.354220E-12	-2.895661E-12	 5.725553E-02	-3.537144E-12	-2.762705E-12	 1.287412E-04	-3.674525E-12	-2.606602E-12	-4.885149E-02	-3.757498E-12
0.95743	 4.852251E+00	-1.390790E-12	-1.195729E-12	 8.305968E+00	-1.928175E-12	-8.968366E-13	 7.987779E+00	-2.154713E-12	-6.087270E-13	 7.010954E+00	-2.722936E-12	-5.609060E-13	 5.818232E+00	-2.903749E-12	-4.126773E-13	 4.742548E+00	-3.224483E-12	-3.326195E-13	 3.801137E+00	-3.459895E-12	-1.937518E-13	 2.995971E+00	-3.704553E-12	-2.163426E-13	 2.320075E+00	-3.770721E-12	-1.950391E-13	 1.764065E+00	-4.058977E-12	-8.104260E-14	 1.323821E+00	-4.384796E-12	-3.978107E-13	 9.708098E-01	-4.408535E-12	-3.440508E-13	 6.987928E-01	-4.690614E-12	-6.957565E-13	 4.966689E-01	-4.725928E-12	-9.390304E-13	 3.459394E-01	-4.674991E-12	-1.265318E-12	 2.326099E-01	-4.559673E-12	-1.561451E-12	 1.472215E-01	-4.312266E-12	-1.807189E-12	 7.737172E-02	-4.011454E-12	-1.948775E-12	 1.814213E-02	-3.650072E-12	-1.975385E-12	-3.301039E-02	-3.267429E-12
0.96285	 4.922020E+00	 7.840714E-13	 1.099810E-12	 8.447969E+00	 5.291779E-13	 1.402841E-12	 8.147790E+00	 2.840435E-13	 1.660326E-12	 7.179586E+00	 1.902821E-13	 1.905771E-12	 5.987288E+00	 7.119689E-14	 1.904877E-12	 4.908102E+00	 2.322857E-13	 1.985870E-12	 3.958484E+00	 2.641515E-13	 1.798307E-12	 3.140642E+00	 4.946452E-13	 1.754550E-12	 2.449323E+00	 6.938082E-13	 1.389144E-12	 1.878165E+00	 9.536564E-13	 1.365790E-12	 1.422861E+00	 9.630952E-13	 1.165455E-12	 1.053184E+00	 1.255785E-12	 1.158689E-12	 7.654581E-01	 1.189955E-12	 1.198202E-12	 5.497957E-01	 1.280925E-12	 1.293991E-12	 3.875030E-01	 1.270123E-12	 1.406680E-12	 2.658423E-01	 1.257203E-12	 1.514201E-12	 1.749691E-01	 1.295084E-12	 1.555560E-12	 1.013949E-01	 1.357025E-12	 1.533331E-12	 3.954117E-02	 1.507847E-12	 1.426655E-12	-1.401677E-02	 1.744875E-12
0.96825	 5.005907E+00	 2.379188E-13	 4.970505E-13	 8.614167E+00	 1.604437E-14	 5.025110E-13	 8.339560E+00	 8.826999E-14	 7.383770E-13	 7.379952E+00	-1.460229E-13	 9.027876E-13	 6.187758E+00	 2.135617E-14	 9.710046E-13	 5.106107E+00	-1.623294E-13	 1.079110E-12	 4.147414E+00	 1.384361E-13	 1.288375E-12	 3.314102E+00	 1.747999E-14	 1.368994E-12	 2.604393E+00	 1.274962E-13	 1.631726E-12	 2.016038E+00	 1.552247E-13	 1.480016E-12	 1.543454E+00	 3.801479E-13	 1.960241E-12	 1.154259E+00	 2.031982E-13	 1.660277E-12	 8.483330E-01	 5.418799E-13	 1.928966E-12	 6.164499E-01	 5.272615E-13	 1.799538E-12	 4.396257E-01	 6.855398E-13	 1.746222E-12	 3.072399E-01	 8.378397E-13	 1.620966E-12	 2.090030E-01	 9.924611E-13	 1.455469E-12	 1.303194E-01	 1.159819E-12	 1.270759E-12	 6.511283E-02	 1.324557E-12	 1.078927E-12	 8.830425E-03	 1.474801E-12
0.97361	 5.113285E+00	-7.823800E-13	-5.620194E-13	 8.822102E+00	-5.543892E-13	-7.441287E-13	 8.583789E+00	-6.660791E-13	-6.819391E-13	 7.632679E+00	-3.781307E-13	-6.715594E-13	 6.440820E+00	-4.510933E-13	-5.566656E-13	 5.358499E+00	-3.969600E-13	-8.060354E-13	 4.389021E+00	-2.697075E-13	-4.371049E-13	 3.535592E+00	-6.713258E-13	-7.381001E-13	 2.802734E+00	-6.446386E-13	-4.954093E-13	 2.193585E+00	-1.099056E-12	-6.457959E-13	 1.699582E+00	-1.283182E-12	-5.634674E-13	 1.286138E+00	-1.726482E-12	-7.177013E-13	 9.581681E-01	-1.794402E-12	-6.388207E-13	 7.057442E-01	-2.219591E-12	-7.885180E-13	 5.097408E-01	-2.231529E-12	-7.395345E-13	 3.628847E-01	-2.398393E-12	-6.715088E-13	 2.540886E-01	-2.458391E-12	-4.949232E-13	 1.678356E-01	-2.506731E-12	-1.693573E-13	 9.787264E-02	-2.588200E-12	 2.657086E-13	 3.811502E-02	-2.708401E-12
0.97895	 5.254422E+00	 1.694242E-12	 2.008801E-12	 9.091071E+00	 1.372179E-12	 2.343656E-12	 8.902401E+00	 8.553296E-13	 2.513205E-12	 7.960188E+00	 7.882679E-13	 2.630186E-12	 6.770181E+00	 1.746326E-13	 2.688351E-12	 5.690737E+00	 1.238738E-13	 2.423948E-12	 4.709094E+00	-1.628874E-13	 2.378050E-12	 3.830177E+00	-5.584899E-13	 1.828655E-12	 3.068547E+00	-6.633512E-13	 1.616462E-12	 2.433808E+00	-9.878309E-13	 1.336453E-12	 1.912084E+00	-1.434778E-12	 8.450155E-13	 1.467652E+00	-1.638694E-12	 8.931091E-13	 1.112150E+00	-2.100724E-12	 7.066165E-13	 8.324825E-01	-2.533037E-12	 7.138742E-13	 6.105600E-01	-2.846394E-12	 8.572634E-13	 4.434761E-01	-3.318732E-12	 9.971725E-13	 3.187386E-01	-3.670012E-12	 1.171851E-12	 2.205837E-01	-4.047838E-12	 1.353607E-12	 1.430127E-01	-4.370306E-12	 1.489867E-12	 7.787852E-02	-4.650803E-12
0.98425	 5.424473E+00	-5.727932E-13	-6.473221E-13	 9.404756E+00	-8.201989E-13	-3.160267E-13	 9.281618E+00	-9.038312E-13	-3.395742E-13	 8.343449E+00	-9.235712E-13	-2.283802E-13	 7.152259E+00	-9.634370E-13	-2.177573E-13	 6.079548E+00	-9.283946E-13	-1.683699E-13	 5.084681E+00	-7.887770E-13	-2.619993E-13	 4.175297E+00	-6.610576E-13	-1.568268E-13	 3.381923E+00	-6.435737E-13	-2.284977E-13	 2.720512E+00	-1.828161E-13	 6.484351E-14	 2.167414E+00	-4.398382E-13	 2.390108E-14	 1.688479E+00	 4.955311E-16	 4.393908E-13	 1.303194E+00	-1.063841E-13	 5.770844E-13	 9.913376E-01	-6.351570E-14	 8.349589E-13	 7.391204E-01	-4.591202E-14	 1.053217E-12	 5.472298E-01	-1.955753E-13	 1.174585E-12	 4.017109E-01	-3.190573E-13	 1.292425E-12	 2.876964E-01	-4.538446E-13	 1.348769E-12	 1.997219E-01	-6.184358E-13	 1.423945E-12	 1.271287E-01	-7.080601E-13
0.98953	 5.731174E+00	-1.183272E-12	-1.501291E-12	 9.958628E+00	-7.076005E-13	-1.808736E-12	 9.960715E+00	-5.392029E-13	-2.099761E-12	 9.014240E+00	-1.082017E-13	-2.433611E-12	 7.826828E+00	 1.365835E-13	-2.546926E-12	 6.779162E+00	 3.654209E-13	-2.703276E-12	 5.760230E+00	 6.220436E-13	-2.892410E-12	 4.797121E+00	 8.985985E-13	-2.682952E-12	 3.955280E+00	 9.167626E-13	-2.898792E-12	 3.250736E+00	 1.327041E-12	-2.566950E-12	 2.641681E+00	 1.281344E-12	-2.509884E-12	 2.107530E+00	 1.336768E-12	-2.400406E-12	 1.674525E+00	 1.549749E-12	-2.032719E-12	 1.307432E+00	 1.200313E-12	-2.032131E-12	 1.003332E+00	 1.309882E-12	-1.707399E-12	 7.638598E-01	 1.040449E-12	-1.600759E-12	 5.773882E-01	 8.505394E-13	-1.405179E-12	 4.289586E-01	 7.043566E-13	-1.243167E-12	 3.165843E-01	 4.793581E-13	-1.066089E-12	 2.261393E-01	 3.322561E-13
0.99478	 6.589817E+00	 6.114323E-13	 9.813953E-13	 1.136030E+01	-6.777570E-13	 6.057080E-13	 1.148498E+01	-1.119440E-12	 5.739052E-13	 1.049694E+01	-9.393281E-13	 7.532343E-13	 9.454517E+00	-4.498018E-13	 1.427161E-12	 8.512254E+00	-7.494832E-13	 1.821901E-12	 7.397814E+00	-6.573353E-13	 1.746481E-12	 6.328779E+00	-2.930493E-13	 1.857524E-12	 5.421491E+00	-1.219013E-13	 1.614890E-12	 4.620584E+00	-3.106757E-13	 1.362516E-12	 3.880030E+00	 1.305473E-13	 1.236953E-12	 3.239309E+00	 1.478771E-13	 7.758588E-13	 2.700536E+00	 6.156275E-13	 4.205090E-13	 2.210961E+00	 5.018941E-13	-1.855212E-13	 1.800597E+00	 7.368998E-13	-6.363938E-13	 1.454646E+00	 9.041959E-13	-1.072264E-12	 1.159177E+00	 1.089286E-12	-1.626038E-12	 9.105416E-01	 9.533560E-13	-2.321104E-12	 7.240376E-01	 1.041386E-12	-2.818218E-12	 5.577093E-01	 9.742633E-13
1.00000	 8.779304E+00	 6.725296E-12	 7.970615E-12	 1.411113E+01	-1.483357E-12	 2.952780E-12	 1.336185E+01	-3.005019E-12	 1.604270E-12	 1.244603E+01	 6.711920E-14	 4.440762E-12	 1.212363E+01	 2.477315E-12	 6.356913E-12	 1.140093E+01	 2.033908E-12	 6.239854E-12	 9.934383E+00	 1.601479E-12	 5.902514E-12	 8.625257E+00	 2.969391E-12	 6.353966E-12	 7.673877E+00	 3.563259E-12	 6.209915E-12	 6.789594E+00	 3.666711E-12	 5.127804E-12	 5.873221E+00	 4.920101E-12	 4.458344E-12	 5.062142E+00	 6.202170E-12	 5.012873E-12	 4.348190E+00	 4.636659E-12	 3.144109E-12	 3.687213E+00	 5.980269E-12	 2.546515E-12	 3.136411E+00	 6.054769E-12	 1.436486E-12	 2.637943E+00	 6.583810E-12	 2.991843E-12	 2.180081E+00	 6.825775E-12	 3.363120E-12	 1.782043E+00	 6.272638E-12	 1.958867E-12	 1.482158E+00	 6.992467E-12	 6.632389E-13	 1.182372E+00	 6.534518E-12
