r	   0/   0	   0/   1	   1/  -1	   1/   0	   1/   1	   2/  -1	   2/   0	   2/   1	   3/  -1	   3/   0	   3/   1	   4/  -1	   4/   0	   4/   1	   5/  -1	   5/   0	   5/   1	   6/  -1	   6/   0	   6/   1	   7/  -1	   7/   0	   7/   1	   8/  -1	   8/   0	   8/   1	   9/  -1	   9/   0	   9/   1	  10/  -1	  10/   0	  10/   1	  11/  -1	  11/   0	  11/   1	  12/  -1	  12/   0	  12/   1	  13/  -1	  13/   0	  13/   1	  14/  -1	  14/   0	  14/   1	  15/  -1	  15/   0	  15/   1	  16/  -1	  16/   0	  16/   1	  17/  -1	  17/   0	  17/   1	  18/  -1	  18/   0	  18/   1	  19/  -1	  19/   0	  19/   1
0.07217	 4.353949E+00	-6.686215E-15	 2.781546E-15	 1.034103E-01	 2.442184E-15	 2.967966E-15	 7.257481E-03	-1.207886E-15	-3.620893E-16	 5.540762E-04	-7.656393E-16	 4.668158E-17	-6.992801E-05	 7.969651E-16	 3.931080E-17	 1.219983E-05	 3.577897E-16	-2.515277E-16	-2.107230E-05	-5.841339E-16	-4.284263E-16	 6.378437E-06	-5.153400E-16	 3.166362E-16	-1.656801E-05	 1.185773E-15	 1.618499E-16	-1.068046E-05	 4.023215E-16	-3.286137E-16	 1.201460E-05	-1.569361E-15	-4.351829E-16	-1.561608E-06	-1.403518E-16	 4.557596E-16	-7.278695E-08	 1.381713E-15	-1.242590E-15	 6.314672E-06	-3.820519E-16	 1.261324E-15	-1.196220E-06	 3.562541E-16	 1.256103E-16	-1.755352E-06	 8.261411E-17	 1.029144E-15	-8.926152E-07	 3.160220E-16	 5.015198E-16	-4.491908E-07	-8.261411E-17	 4.539169E-16	-1.784432E-07	-2.318723E-16	-1.689136E-17	-1.232106E-07	 2.883816E-16
0.12500	 4.332227E+00	-9.617940E-15	 9.317888E-16	 1.772754E-01	 1.858664E-15	 4.551147E-15	 2.173105E-02	 9.723281E-16	 6.999165E-16	 2.754660E-03	-8.933994E-16	 1.101010E-15	 1.521957E-04	 5.927332E-17	-1.502410E-15	 1.470506E-04	 1.216792E-15	-5.359168E-16	-6.844488E-05	-2.780625E-15	 2.223517E-16	-4.176919E-05	-9.787775E-16	 6.169953E-16	-2.679240E-05	 1.342402E-15	-2.896408E-15	 6.573023E-06	 2.187585E-15	 9.775491E-16	 1.857962E-05	-3.433246E-15	 1.401369E-15	-2.079691E-05	-2.264978E-15	 1.038972E-15	-1.054811E-05	 2.716131E-15	-1.878626E-15	 1.411011E-05	-3.238227E-15	 1.166118E-15	 5.629290E-06	 7.871374E-16	-2.963666E-16	 7.338842E-07	 7.247929E-16	 5.534224E-16	-1.013657E-06	 1.239212E-15	 7.039090E-16	-1.251252E-06	 3.089583E-16	 7.521262E-16	-8.065851E-07	 5.451303E-16	 3.780593E-16	-5.585582E-07	-4.103065E-16
0.16137	 4.310074E+00	-1.155246E-14	-8.835717E-16	 2.265294E-01	 1.025766E-16	 3.952885E-15	 3.591061E-02	 1.443751E-15	 2.034027E-15	 5.694665E-03	 2.929883E-16	 2.551824E-15	 7.954031E-04	-2.349435E-16	 7.923583E-17	 4.246826E-04	 7.269427E-16	-1.537114E-15	-6.741773E-06	-3.691223E-15	-7.561187E-16	-1.041727E-04	 1.404440E-15	 1.999323E-16	-5.683360E-05	-8.789650E-16	-3.891769E-15	 3.000394E-05	 2.112034E-15	 1.854978E-15	 8.699751E-06	-3.312242E-15	 2.066581E-15	-2.780108E-05	-2.584378E-15	-3.205980E-15	-3.639981E-06	 2.704767E-15	 1.116672E-15	 5.449356E-06	-3.446759E-15	 3.965170E-15	-2.883203E-06	-9.047627E-16	 6.756544E-17	 2.535132E-06	-2.818400E-15	-4.619019E-16	 3.741580E-06	 2.635052E-16	-5.405235E-16	 1.448130E-06	 1.144006E-15	 5.015198E-16	-7.975339E-09	 6.569203E-16	 4.809431E-16	-1.997463E-07	 1.745338E-15
0.19094	 4.288067E+00	-8.077141E-15	-4.287334E-16	 2.654094E-01	-8.120137E-16	 3.445837E-15	 4.940869E-02	-2.732408E-15	 7.739314E-16	 9.184569E-03	-2.953838E-15	 2.228431E-15	 1.716045E-03	 1.190994E-15	 2.793524E-15	 7.449196E-04	 1.466784E-15	-6.900888E-16	 1.224440E-04	-2.811644E-15	-1.911795E-15	-9.534643E-05	 1.675316E-15	-2.701696E-15	-5.039312E-05	 1.987038E-16	-1.112987E-15	 3.569827E-05	-1.799698E-15	 2.876445E-15	-2.238146E-05	-7.502835E-16	 3.703200E-15	-3.767321E-05	-2.154109E-15	-5.793429E-15	 1.089010E-05	 1.291728E-15	-6.575346E-16	 9.867114E-06	 2.146738E-16	 5.228337E-15	-9.834367E-06	-3.731455E-16	-1.361444E-15	-6.005910E-06	-2.611711E-15	 3.716099E-17	 1.289916E-06	-1.092103E-15	 1.067841E-15	 3.126874E-06	 3.961792E-16	 1.101010E-15	 1.866434E-06	 2.306438E-16	 2.189734E-16	 9.094918E-07	 3.267710E-16
0.21651	 4.266367E+00	-2.670678E-15	-2.539846E-16	 2.981034E-01	 1.183317E-15	 7.601112E-16	 6.222047E-02	-5.468808E-15	-4.852427E-17	 1.302315E-02	-5.648471E-15	 1.193451E-15	 2.905541E-03	 1.598230E-15	 1.540185E-15	 1.140719E-03	 1.196215E-15	-8.313620E-16	 2.756316E-04	-1.339946E-15	-1.412732E-16	-5.735419E-05	 1.390005E-15	-9.225754E-16	-3.495511E-05	 2.051532E-16	 1.501795E-16	 5.103237E-05	-3.131044E-15	 7.708602E-17	-1.942912E-05	 6.747331E-16	 1.828259E-15	-4.941577E-05	-2.392431E-16	 3.375201E-16	-2.251986E-06	-2.266206E-15	-1.421945E-15	 1.269481E-05	 2.534932E-15	 3.348175E-15	-2.563764E-06	-1.116672E-15	-1.408125E-15	-7.661874E-06	-1.992873E-15	-5.733849E-16	-3.622227E-06	-3.780593E-16	 6.461713E-16	 4.262558E-07	 9.686427E-16	 9.849198E-16	 1.313122E-06	 4.170630E-16	-5.202539E-16	 9.533400E-07	-1.842694E-16
0.23936	 4.245153E+00	-9.167402E-16	-4.996771E-16	 3.266408E-01	 2.350049E-15	-2.374004E-16	 7.430685E-02	-6.914094E-15	-1.013174E-15	 1.702573E-02	-5.602711E-15	 2.120019E-15	 4.276788E-03	 1.695585E-15	 1.277908E-15	 1.610058E-03	-1.519301E-15	-8.875642E-16	 4.659869E-04	-2.963666E-16	 4.585236E-16	 1.197939E-05	 7.874445E-16	 1.479069E-15	-1.337893E-05	-5.141116E-16	 1.468013E-16	 6.190379E-05	-1.409968E-15	-1.010410E-15	-6.780709E-06	-8.844930E-17	-8.500961E-16	-4.965544E-05	 6.771900E-16	 1.165504E-15	-1.114832E-05	-1.514694E-15	-4.361042E-16	 1.202660E-05	 3.157149E-16	 9.720210E-16	 2.716391E-07	 7.462910E-16	-3.261568E-16	-8.378458E-06	-8.255268E-16	-3.931080E-17	-5.895419E-06	-1.461563E-15	 5.131902E-16	-9.669087E-07	-1.066613E-15	 1.055556E-15	 7.083509E-07	 9.615791E-16	 3.808234E-16	 2.807120E-07	 1.363286E-15
0.26021	 4.224585E+00	-4.002024E-15	-7.229502E-16	 3.522110E-01	 5.525010E-16	-1.545406E-15	 8.563741E-02	-3.174654E-15	-3.092962E-15	 2.104798E-02	-1.678080E-15	 3.016183E-15	 5.756987E-03	 1.387241E-15	 1.724761E-15	 2.137965E-03	-2.392431E-15	-2.389360E-16	 6.854271E-04	-8.568526E-17	-1.627713E-17	 1.059322E-04	-4.585236E-16	 1.841772E-15	 2.073118E-05	 4.115350E-17	 7.020663E-16	 7.399499E-05	-6.894746E-16	-5.454374E-16	 7.800489E-06	-1.059856E-15	 5.248606E-16	-4.462620E-05	-5.024412E-16	 1.716776E-16	-1.678830E-05	 7.846805E-16	-3.977147E-16	 1.040416E-05	-1.488589E-15	-7.029877E-16	 3.866410E-06	 2.738857E-15	 6.295871E-17	-6.606085E-06	 3.037374E-16	-6.418717E-17	-7.579569E-06	-1.369736E-15	 2.631981E-16	-3.284008E-06	-1.579496E-15	 2.026963E-17	-4.388742E-07	-2.751756E-16	-9.428450E-17	-9.918149E-08	 4.112278E-16
0.27951	 4.204776E+00	-4.736030E-15	 2.231195E-15	 3.755819E-01	-3.018025E-15	-3.565613E-15	 9.621411E-02	-1.151377E-15	-4.726203E-15	 2.498435E-02	 2.057982E-15	 6.492425E-16	 7.283412E-03	 2.030034E-15	-3.654676E-16	 2.706566E-03	-2.101899E-15	-5.675497E-16	 9.267948E-04	-4.533027E-16	-1.532507E-16	 2.178842E-04	 1.077976E-16	 9.357813E-16	 6.712531E-05	 7.856018E-16	 1.372807E-15	 8.990107E-05	 5.015198E-16	-3.657747E-16	 2.311202E-05	-1.815053E-15	 1.050950E-15	-3.601771E-05	-2.112956E-16	 5.386808E-16	-1.933056E-05	 1.612357E-15	-9.603506E-16	 7.765227E-06	-1.854978E-15	-1.102545E-16	 6.474095E-06	 1.180860E-15	 4.456248E-16	-3.369810E-06	-6.602986E-17	-3.335276E-16	-7.059302E-06	-1.296949E-15	 1.928686E-16	-4.658181E-06	-9.191971E-16	 2.254229E-16	-1.851821E-06	-1.523294E-16	 1.538649E-16	-9.586652E-07	 1.919473E-16
0.29756	 4.185790E+00	-5.184419E-15	-1.687293E-15	 3.972727E-01	-6.894746E-16	-6.094403E-15	 1.060675E-01	-6.203736E-17	-2.838670E-15	 2.876700E-02	 2.982400E-15	-1.101931E-15	 8.806835E-03	 3.155306E-15	-2.063510E-15	 3.297291E-03	-2.493779E-15	-1.980589E-15	 1.183782E-03	 1.071526E-15	 2.217375E-16	 3.432948E-04	-2.757898E-16	 1.577039E-15	 1.240615E-04	 6.824109E-16	 7.204933E-16	 1.103767E-04	 2.553052E-15	 1.180860E-15	 3.888300E-05	-2.228738E-15	 1.470470E-15	-2.512924E-05	-1.501795E-16	-1.184852E-15	-1.889857E-05	 1.863885E-15	-4.204413E-16	 5.109748E-06	-1.085654E-15	 1.934829E-17	 7.621547E-06	 1.228463E-17	-1.090261E-16	-2.925431E-07	 1.227234E-15	-4.913850E-17	-5.262452E-06	 4.268907E-17	 1.374035E-15	-4.683311E-06	-1.099781E-15	 2.232731E-16	-2.623357E-06	-1.044193E-17	-5.703137E-16	-1.726823E-06	 4.873925E-16
0.31458	 4.167643E+00	-8.927237E-15	 1.110837E-15	 4.176393E-01	-5.509040E-15	-1.130186E-16	 1.152499E-01	-3.605230E-15	 2.230274E-15	 3.236208E-02	-5.082764E-16	 9.502158E-16	 1.029449E-02	 5.141116E-16	-8.918638E-16	 3.894832E-03	-2.754520E-15	-1.498110E-15	 1.451333E-03	 1.475076E-15	 3.439695E-17	 4.791591E-04	-9.821558E-16	 2.103742E-15	 1.895794E-04	 1.180553E-15	-1.701421E-16	 1.352477E-04	 2.130768E-15	 1.859585E-15	 5.520986E-05	-2.967044E-15	 1.369736E-15	-1.273941E-05	 5.810628E-16	-5.988755E-16	-1.588151E-05	 7.309352E-16	-2.217375E-16	 3.143848E-06	-4.010930E-16	 2.395502E-16	 7.565660E-06	 6.504709E-16	-5.055123E-16	 1.885690E-06	 7.352348E-16	 6.999165E-16	-3.167307E-06	-4.256623E-16	 1.940971E-16	-3.803591E-06	-2.211233E-17	 1.231227E-15	-2.624936E-06	-8.654519E-16	-1.633855E-16	-2.067396E-06	 5.681639E-17
0.33072	 4.150308E+00	-7.406401E-15	-4.610420E-15	 4.369209E-01	 2.909614E-15	-1.321826E-15	 1.238285E-01	 1.888761E-16	 1.190380E-15	 3.576490E-02	-5.380666E-16	-1.157826E-15	 1.173065E-02	-7.892872E-16	-1.129571E-15	 4.489593E-03	-3.807927E-15	-1.319369E-15	 1.726119E-03	 9.913693E-16	-5.700066E-16	 6.236659E-04	 1.440372E-16	 2.582228E-15	 2.621857E-04	 2.260371E-16	 5.291602E-16	 1.641177E-04	 8.064857E-16	 6.369578E-16	 7.225618E-05	-1.577653E-15	 7.290925E-16	 6.738181E-07	 1.326740E-15	-9.766277E-17	-1.074003E-05	 6.096245E-16	 4.849356E-16	 2.271550E-06	 6.216020E-16	-9.486802E-16	 6.814294E-06	-2.518348E-16	-4.944562E-16	 3.003892E-06	-1.005804E-15	-1.231534E-16	-1.404611E-06	 1.464942E-16	 5.767632E-16	-2.563524E-06	 5.924261E-16	-3.498047E-16	-2.065976E-06	-1.907188E-16	-8.599238E-18	-1.944519E-06	-3.147935E-16
0.34611	 4.133730E+00	-3.332205E-15	-3.483920E-15	 4.552782E-01	 6.354530E-15	 2.079173E-16	 1.318759E-01	 6.185309E-16	 1.044807E-15	 3.898966E-02	-2.704153E-15	-1.404747E-15	 1.311278E-02	-1.563833E-15	-2.570558E-15	 5.077616E-03	-4.762135E-15	-1.391234E-15	 2.006415E-03	-6.950027E-16	 9.796989E-17	 7.756379E-04	-1.673473E-15	 5.856695E-16	 3.409336E-04	-2.152881E-16	 1.300020E-15	 1.968522E-04	 1.919473E-16	 1.854978E-16	 9.029267E-05	-7.211075E-16	-9.551296E-16	 1.474210E-05	 1.329811E-15	 1.110837E-15	-4.005297E-06	-1.142470E-16	-1.067841E-15	 2.666835E-06	 3.359845E-16	-1.808911E-16	 5.932501E-06	-1.213414E-15	-3.863515E-16	 3.272730E-06	-2.327937E-16	-1.231534E-16	-2.535249E-07	 1.314455E-16	 7.309352E-17	-1.400187E-06	 7.889801E-16	-2.969808E-16	-1.252712E-06	 6.154597E-16	-3.706886E-16	-1.480608E-06	 5.564935E-16
0.36084	 4.117843E+00	 1.851907E-16	-2.595127E-16	 4.728250E-01	 6.217249E-15	 3.197995E-15	 1.394596E-01	-1.081661E-15	 2.509135E-15	 4.205667E-02	-6.419945E-15	 1.026380E-15	 1.444443E-02	-4.643281E-15	-7.054446E-16	 5.658037E-03	-5.158621E-15	-8.399613E-16	 2.291183E-03	-1.430852E-15	 1.430852E-15	 9.339489E-04	-2.698932E-15	-1.315376E-15	 4.251017E-04	-6.946956E-16	-1.353766E-15	 2.335338E-04	 6.345009E-16	 1.698349E-15	 1.097130E-04	-2.167008E-15	-3.623965E-16	 2.924400E-05	 2.748685E-16	 1.335953E-16	 3.797979E-06	 5.442089E-16	-4.385611E-16	 4.288759E-06	-3.863515E-16	-7.192648E-16	 5.364638E-06	-1.127422E-15	-1.062620E-15	 3.068259E-06	-1.310770E-15	 6.682836E-16	 2.968947E-07	 7.625681E-16	 3.326062E-16	-5.576565E-07	 1.698349E-16	 2.595127E-16	-4.575810E-07	 1.120665E-15	-4.523813E-16	-8.591832E-07	 7.201862E-16
0.37500	 4.102587E+00	-2.581614E-15	-3.098490E-15	 4.896500E-01	 6.669016E-15	 7.174221E-16	 1.466374E-01	 1.278522E-15	 4.628233E-16	 4.498490E-02	-4.113507E-15	-9.689498E-16	 1.573036E-02	-1.513159E-15	-3.028160E-16	 6.230789E-03	-2.138139E-15	 2.800895E-16	 2.579314E-03	-4.861641E-16	 6.710477E-16	 1.097291E-03	-4.152203E-16	-1.187923E-15	 5.139577E-04	 4.053926E-17	-2.470745E-15	 2.742219E-04	-5.835197E-17	 9.907550E-16	 1.309240E-04	-2.557352E-15	-1.357451E-16	 4.415920E-05	-2.202019E-16	 7.696318E-16	 1.228449E-05	 4.631304E-16	-9.053769E-16	 6.951359E-06	-1.145541E-16	-1.311691E-15	 5.332670E-06	-1.314762E-15	 1.268080E-15	 2.736958E-06	-6.790327E-16	 9.238038E-16	 4.219464E-07	-8.070999E-16	 2.152881E-16	-8.436832E-08	 7.831449E-17	-8.387328E-16	 1.571432E-07	 8.322834E-16	-4.972202E-16	-2.469100E-07	-3.378272E-18
0.38864	 4.087907E+00	-2.374004E-16	-3.227785E-16	 5.058251E-01	 4.937805E-15	-5.260891E-16	 1.534573E-01	-1.354073E-15	-1.036515E-15	 4.779047E-02	-3.064093E-15	-2.395809E-15	 1.697508E-02	 1.745645E-15	-1.644297E-15	 6.795842E-03	 9.305604E-17	-1.280979E-15	 2.869533E-03	 2.395502E-17	-1.609286E-16	 1.264287E-03	 2.100057E-15	-5.457445E-16	 6.067410E-04	 5.933474E-16	-5.905834E-16	 3.188393E-04	-1.426859E-15	-2.401644E-16	 1.542529E-04	-2.097293E-15	-1.440372E-16	 5.963084E-05	 1.378949E-16	 9.551296E-17	 2.126031E-05	 3.587111E-16	-1.639383E-15	 1.043181E-05	 7.352348E-16	-2.426214E-16	 5.869115E-06	-1.737353E-15	 8.995417E-16	 2.499681E-06	-1.382327E-15	-2.159023E-16	 3.262066E-07	-1.180245E-15	-6.148455E-16	 9.295900E-08	-2.374004E-16	-1.149841E-15	 5.453465E-07	 1.137249E-15	-1.280058E-15	 2.530967E-07	 9.597364E-16
0.40182	 4.073756E+00	 2.536775E-15	-6.305084E-15	 5.214103E-01	 1.222904E-14	-5.580905E-15	 1.599605E-01	 9.830772E-16	-3.157456E-15	 5.048761E-02	-2.226895E-15	-1.905960E-15	 1.818282E-02	 1.499646E-15	-1.000276E-15	 7.353174E-03	-6.437144E-16	-1.124965E-15	 3.160577E-03	-3.516474E-16	-2.294154E-16	 1.433678E-03	 1.922544E-15	 1.274530E-16	 7.027293E-04	 5.076621E-16	-1.146156E-15	 3.671836E-04	-1.286200E-15	 6.870177E-16	 1.799174E-04	-1.304013E-15	-1.794170E-15	 7.588714E-05	 1.161818E-15	-2.172843E-15	 3.069162E-05	 1.374650E-15	-2.142439E-15	 1.454682E-05	 6.243661E-16	-4.103065E-16	 6.908378E-06	-1.999630E-15	 6.738117E-16	 2.455662E-06	-1.130186E-15	-3.108010E-16	 1.664906E-07	-1.216178E-15	-1.049107E-15	 8.357157E-08	 7.499764E-16	-4.339544E-16	 7.342700E-07	 4.376398E-16	 1.145541E-16	 6.039283E-07	 8.132422E-16
0.41458	 4.060090E+00	 9.124406E-16	-1.151684E-16	 5.364550E-01	 4.734188E-15	-9.001559E-16	 1.661829E-01	-4.114428E-15	-8.672946E-16	 5.308939E-02	-4.902487E-15	-1.399833E-15	 1.935778E-02	-1.351309E-15	 1.738275E-16	 7.902919E-03	-3.187860E-15	-3.531830E-16	 3.451385E-03	-2.052761E-15	-8.015718E-17	 1.604427E-03	 1.669788E-15	 1.350387E-15	 8.012987E-04	-1.452657E-16	 8.783507E-16	 4.189965E-04	-1.259481E-15	 8.915567E-16	 2.080450E-04	-2.291083E-16	-1.183009E-15	 9.316793E-05	 2.381682E-15	-2.380760E-15	 4.063818E-05	 1.279444E-15	-1.576117E-15	 1.918321E-05	 2.463067E-16	-1.415189E-15	 8.368292E-06	-1.077976E-15	-8.350474E-16	 2.629362E-06	-1.014710E-15	 5.374524E-17	 3.313708E-08	-5.650928E-17	 7.069802E-16	-2.202350E-08	 2.932954E-16	 4.539169E-16	 7.761019E-07	 2.969808E-16	 2.850033E-16	 8.125367E-07	 1.108687E-15
0.42696	 4.046866E+00	-4.526884E-16	 3.015568E-15	 5.510011E-01	 3.661125E-15	 1.150148E-15	 1.721559E-01	-3.938144E-15	-6.142313E-16	 5.560751E-02	-6.626941E-15	-3.303029E-15	 2.050378E-02	-1.837473E-15	-1.654739E-15	 8.445244E-03	-3.578819E-15	-1.581031E-15	 3.741072E-03	-1.972297E-15	-1.154141E-15	 1.775699E-03	 2.805808E-15	 1.493503E-15	 9.019183E-04	-1.572432E-16	 1.534964E-15	 4.739965E-04	-6.111601E-16	 3.673103E-16	 2.386885E-04	 7.684033E-16	 2.300296E-16	 1.116821E-04	 1.645833E-15	-1.515001E-15	 5.120176E-05	 1.748102E-15	-7.125083E-16	 2.429389E-05	 1.040815E-15	-8.823432E-16	 1.018776E-05	 1.276373E-15	-8.396541E-16	 3.012057E-06	 1.056478E-16	 5.042839E-16	-3.559011E-08	-8.703657E-16	 1.158133E-15	-1.681246E-07	-1.386627E-15	 5.623287E-16	 7.183430E-07	-3.412055E-16	 1.044193E-17	 9.041629E-07	 4.760292E-16
0.43899	 4.034051E+00	-7.307817E-15	-2.896100E-15	 5.650846E-01	 1.717391E-15	 1.572432E-16	 1.779066E-01	 7.343135E-16	 3.752953E-16	 5.805239E-02	-1.469548E-15	-2.331622E-15	 2.162430E-02	 1.506709E-15	-1.395533E-15	 8.980357E-03	-9.152046E-16	-1.956019E-15	 4.028950E-03	-8.424182E-16	-6.845608E-16	 1.946862E-03	 3.634406E-15	 3.525688E-16	 1.004151E-03	 9.763206E-16	-4.548383E-16	 5.318943E-04	 2.717973E-16	-1.455728E-16	 2.718377E-04	 4.056998E-16	 2.816250E-16	 1.315969E-04	 5.650928E-16	-1.771136E-15	 6.250200E-05	 1.314762E-15	-7.340064E-17	 2.988303E-05	 7.806879E-16	 3.838945E-16	 1.233358E-05	 7.591899E-16	 1.271459E-15	 3.584751E-06	-4.858569E-16	 8.660661E-17	-3.274775E-08	-2.165779E-15	 6.989952E-16	-3.286943E-07	-2.349128E-15	 1.169496E-15	 5.935681E-07	-2.899172E-16	 2.417000E-16	 9.055556E-07	 7.315494E-16
0.45069	 4.021608E+00	-2.310431E-15	 1.053407E-16	 5.787360E-01	 9.274892E-17	 2.161787E-15	 1.834593E-01	-1.640612E-15	 3.703815E-16	 6.043393E-02	 2.585299E-15	-3.094190E-15	 2.272286E-02	 2.960902E-15	-1.882619E-15	 9.508707E-03	-2.542917E-15	-1.922544E-16	 4.314612E-03	-2.796595E-15	-6.925458E-16	 2.117516E-03	 1.299713E-15	-6.483211E-16	 1.107678E-03	-1.300328E-15	-1.960626E-15	 5.924221E-04	 1.189459E-15	-8.918638E-16	 3.074435E-04	 1.580724E-15	 1.108687E-16	 1.530428E-04	 1.265316E-16	-1.882312E-15	 7.466566E-05	 3.488834E-16	 3.028160E-16	 3.599212E-05	 5.525010E-16	 7.840662E-16	 1.479848E-05	 7.333921E-16	 8.418040E-16	 4.330276E-06	 1.091182E-15	 2.481494E-16	 3.416300E-08	-1.515923E-15	 7.610325E-16	-4.965383E-07	-9.873768E-16	 6.209878E-16	 4.198173E-07	-4.189057E-16	 1.270537E-15	 8.374025E-07	 8.052572E-16
0.46211	 4.009506E+00	 1.412425E-15	 6.751630E-15	 5.919805E-01	-1.023309E-15	 5.888328E-15	 1.888358E-01	-7.623224E-15	 3.168512E-15	 6.276177E-02	-4.923064E-16	 5.147258E-16	 2.380315E-02	 8.875642E-17	 4.139919E-16	 1.003104E-02	-5.108561E-15	 1.289886E-16	 4.597940E-03	-4.245567E-15	-1.137249E-15	 2.287465E-03	-7.370775E-17	-1.537114E-15	 1.212288E-03	-3.176190E-15	-3.094497E-15	 6.553569E-04	 1.972604E-15	-7.730101E-16	 3.454445E-04	 2.948310E-15	-1.770215E-15	 1.761179E-04	 2.088386E-17	-1.760694E-15	 8.781271E-05	-2.582842E-16	 1.637233E-15	 4.268627E-05	-8.875642E-17	 7.407629E-16	 1.760110E-05	 1.557383E-15	-3.408984E-16	 5.243840E-06	 1.420717E-15	-1.108687E-16	 1.553836E-07	 2.109884E-16	-3.074228E-16	-6.754154E-07	-6.182238E-16	 3.989432E-16	 2.026378E-07	-1.667638E-16	 1.031294E-15	 7.116098E-07	 8.906353E-16
0.47324	 3.997715E+00	-7.317644E-15	-1.264027E-14	 6.048398E-01	 8.338804E-15	-3.397006E-15	 1.940557E-01	 2.880130E-15	 2.333772E-15	 6.504496E-02	 3.932923E-15	 4.356128E-15	 2.486881E-02	 2.044776E-15	 3.232085E-15	 1.054825E-02	-3.916031E-15	 1.971375E-15	 4.878992E-03	-1.668559E-15	-6.679765E-16	 2.456629E-03	 1.218021E-15	 1.197751E-16	 1.317838E-03	-4.011544E-15	-1.124043E-16	 7.205173E-04	-1.870334E-16	-6.341938E-16	 3.857788E-04	 3.233928E-16	-1.566597E-15	 2.008917E-04	 2.530633E-16	-1.113908E-15	 1.020467E-04	 7.493622E-17	 8.851073E-16	 5.004152E-05	-3.473478E-16	-2.352506E-16	 2.078173E-05	 1.932986E-15	-1.131107E-15	 6.337223E-06	 8.967777E-16	 6.028680E-16	 3.264914E-07	-5.607932E-16	 1.286815E-15	-8.734733E-07	-4.453177E-17	 3.194003E-16	-6.141435E-08	-1.076747E-15	 1.415803E-16	 5.315102E-07	 4.907708E-16
0.48412	 3.986206E+00	-6.002882E-15	-9.796989E-16	 6.173325E-01	-5.482628E-15	 1.184852E-15	 1.991364E-01	-3.249283E-16	 3.358002E-15	 6.729200E-02	 5.956508E-15	 2.789531E-15	 2.592342E-02	 4.220076E-15	 4.941491E-16	 1.106144E-02	-3.700129E-15	-1.183624E-15	 5.157997E-03	-4.612877E-16	-1.478455E-15	 2.625022E-03	 1.208193E-15	 1.449893E-15	 1.424242E-03	-4.500165E-15	 2.315652E-15	 7.877706E-04	-1.611743E-15	 7.570400E-16	 4.283961E-04	-1.298792E-15	-2.438498E-16	 2.274145E-04	-2.478423E-16	-5.220966E-16	 1.174568E-04	 8.034145E-16	 2.450783E-16	 5.813821E-05	 3.580968E-16	-2.942168E-16	 2.439462E-05	 1.870641E-15	-5.337670E-16	 7.636669E-06	 1.078897E-15	 3.046587E-16	 5.524403E-07	-8.476392E-16	 2.140596E-16	-1.096536E-06	-3.866586E-16	-5.494299E-16	-3.792729E-07	 7.545831E-16	 4.947633E-16	 2.941956E-07	 2.834677E-16
0.49476	 3.974954E+00	-1.441601E-15	 9.867625E-16	 6.294756E-01	-8.083284E-16	 6.065534E-16	 2.040931E-01	 2.737936E-15	 1.556769E-15	 6.951003E-02	 8.883934E-15	 5.543437E-16	 2.697006E-02	 2.511899E-15	-2.691254E-15	 1.157159E-02	-6.381556E-15	-2.663000E-15	 5.435180E-03	-2.642730E-15	-2.432970E-15	 2.792640E-03	-1.606829E-15	-1.940971E-16	 1.531411E-03	-4.024443E-15	 1.804304E-15	 8.570017E-04	-7.103585E-16	 8.061785E-16	 4.732480E-04	-4.394825E-16	-1.639997E-16	 2.557152E-04	-4.023215E-16	 3.998646E-16	 1.341128E-04	-2.149809E-16	 1.113601E-15	 6.705235E-05	 7.809951E-16	 1.821196E-16	 2.850181E-05	 1.181474E-15	 8.175418E-16	 9.180503E-06	-8.817290E-16	-1.597001E-17	 8.480578E-07	-2.260371E-16	-9.886052E-16	-1.345912E-06	 1.221092E-15	-3.519545E-16	-7.585812E-07	 1.950799E-15	-7.051375E-16	-7.172821E-09	-5.052052E-16
0.50518	 3.963939E+00	-2.186970E-15	 3.172197E-15	 6.412860E-01	 7.739314E-17	 5.377902E-15	 2.089380E-01	 1.598537E-15	 4.840142E-15	 7.170435E-02	 4.161417E-15	 2.249622E-15	 2.801094E-02	-2.374925E-15	-2.522034E-15	 1.207939E-02	-7.838819E-15	-1.673166E-15	 5.710651E-03	-3.924938E-15	-1.639383E-15	 2.959405E-03	-3.534594E-15	-5.002914E-16	 1.639210E-03	-3.829732E-15	-7.045233E-16	 9.280770E-04	 4.253552E-16	-4.797146E-16	 5.202684E-04	 1.526979E-15	-1.526365E-16	 2.858013E-04	-1.600072E-16	 4.115350E-16	 1.520685E-04	 3.298422E-16	 4.941491E-16	 7.685195E-05	-8.292122E-18	 1.084118E-15	 3.316424E-05	-6.633698E-16	 1.750252E-15	 1.101170E-05	-1.006111E-15	 1.279137E-15	 1.235389E-06	-8.175418E-16	-4.680442E-16	-1.616923E-06	 1.747488E-16	-5.485085E-16	-1.204597E-06	 2.174993E-15	-1.190994E-15	-3.806375E-07	 5.131902E-16
0.51539	 3.953141E+00	-7.551973E-16	-2.183592E-15	 6.527794E-01	 6.231683E-15	-1.188845E-15	 2.136806E-01	 8.495740E-15	 9.483731E-16	 7.387917E-02	 7.562108E-15	 1.395226E-15	 2.904807E-02	-7.263285E-16	-1.996866E-15	 1.258563E-02	-6.869255E-15	-8.860286E-16	 5.984607E-03	-3.035224E-15	-1.618499E-16	 3.125275E-03	-4.335551E-15	-7.601112E-16	 1.747517E-03	-3.639013E-15	-5.911976E-16	 1.000868E-03	 6.169953E-16	-1.315991E-15	 5.693861E-04	 1.845151E-15	-2.239487E-15	 3.176720E-04	 1.130186E-15	-1.917937E-15	 1.713735E-04	 1.790484E-15	-8.857215E-16	 8.760117E-05	 1.981510E-15	-4.090780E-16	 3.843963E-05	 9.551296E-16	 4.388682E-16	 1.317342E-05	-7.327779E-16	 2.189734E-16	 1.740838E-06	-2.398573E-16	-1.022695E-16	-1.898845E-06	 4.397896E-16	-1.793555E-16	-1.718160E-06	 3.501118E-17	 7.306281E-16	-8.330611E-07	-4.029357E-16
0.52540	 3.942546E+00	-1.452350E-15	-3.878563E-15	 6.639698E-01	 5.740605E-15	-7.469974E-15	 2.183284E-01	 1.314731E-14	-5.141730E-15	 7.603803E-02	 1.195570E-14	-8.246055E-16	 3.008356E-02	 2.238259E-15	 8.129351E-16	 1.309136E-02	-4.976195E-15	 1.830716E-15	 6.257460E-03	-2.100364E-15	 2.821778E-15	 3.290326E-03	-4.957461E-15	 1.980896E-16	 1.856267E-03	-4.553911E-15	 7.017592E-16	 1.075274E-03	-9.542083E-16	-6.627555E-16	 6.205404E-04	-9.136690E-16	-1.734282E-15	 3.513299E-04	 5.712351E-16	-1.639997E-16	 1.920782E-04	-2.238873E-16	-1.380485E-15	 9.936150E-05	 1.239212E-15	-1.381406E-15	 4.438355E-05	 2.893029E-16	-5.681639E-16	 1.571021E-05	-5.911976E-16	-5.816770E-16	 2.395429E-06	-5.555722E-16	 3.737597E-16	-2.175333E-06	-6.283586E-16	 1.544792E-16	-2.295927E-06	-1.790484E-16	 5.862837E-16	-1.369695E-06	-7.367704E-16
0.53522	 3.932141E+00	-6.498874E-15	 1.554619E-15	 6.748718E-01	-2.392738E-15	 7.650250E-16	 2.228866E-01	 6.274065E-15	-9.013844E-16	 7.818267E-02	 5.064030E-15	-1.167039E-16	 3.111857E-02	-6.879390E-17	 1.382327E-15	 1.359724E-02	-3.409905E-15	 1.572739E-15	 6.529470E-03	 1.102545E-16	 1.921623E-15	 3.454565E-03	-4.622397E-15	 3.842017E-16	 1.965346E-03	-4.137769E-15	-7.401487E-17	 1.151150E-03	-4.099994E-16	 1.574582E-15	 6.736426E-04	-2.698932E-15	 1.873405E-17	 3.867630E-04	 1.931757E-16	 3.239763E-15	 2.142216E-04	-3.556399E-16	 5.460516E-16	 1.121824E-04	 1.059856E-15	-1.262859E-15	 5.104384E-05	 8.780436E-16	-4.142990E-16	 1.866534E-05	-2.257300E-16	-7.856018E-16	 3.233417E-06	-5.214824E-16	-5.724635E-16	-2.425503E-06	-5.417520E-16	 5.954972E-16	-2.931000E-06	 2.561344E-16	 6.108530E-16	-1.994011E-06	 8.854144E-16
0.54486	 3.921919E+00	-5.437789E-15	 9.868240E-15	 6.855020E-01	-8.210429E-15	 1.473479E-14	 2.273585E-01	-7.733172E-15	 1.112619E-14	 8.031260E-02	-7.792445E-15	 7.136753E-15	 3.215271E-02	-8.046123E-15	 4.926135E-15	 1.410307E-02	-5.989369E-15	 2.606798E-15	 6.800488E-03	-1.567211E-15	 5.958043E-17	 3.617804E-03	-4.304533E-15	-2.067502E-15	 2.074512E-03	-3.465800E-15	-2.168851E-15	 1.228255E-03	-5.405235E-17	 9.222683E-16	 7.285408E-04	-1.344245E-15	 1.324897E-15	 4.239253E-04	 1.449279E-15	 2.865082E-15	 2.378250E-04	 6.246732E-16	-1.145541E-16	 1.260983E-04	 1.572739E-15	-1.257331E-15	 5.845530E-05	 9.658787E-16	 2.853104E-16	 2.207321E-05	-4.477746E-16	 5.672426E-16	 4.285852E-06	-1.693743E-15	 8.844930E-17	-2.626882E-06	-7.075944E-16	 5.497370E-17	-3.612761E-06	-3.421268E-16	-1.572432E-16	-2.706029E-06	-2.862318E-16
0.55434	 3.911874E+00	 6.220320E-15	-3.921560E-15	 6.958762E-01	 1.214550E-14	-1.534964E-15	 2.317468E-01	-1.088725E-15	 1.456649E-15	 8.242704E-02	-3.797485E-15	 3.359845E-15	 3.318533E-02	-5.583055E-15	 3.414512E-15	 1.460849E-02	-4.630690E-15	 2.267435E-15	 7.070296E-03	-1.703878E-15	-2.733329E-16	 3.779845E-03	-3.956878E-15	-2.647030E-15	 2.183517E-03	-3.507261E-16	-1.225391E-15	 1.306321E-03	-5.715422E-16	-9.026129E-16	 7.850546E-04	-9.339386E-16	-1.713705E-16	 4.627589E-04	 9.551296E-16	 8.844930E-16	 2.629108E-04	 6.615271E-16	 7.579614E-16	 1.411444E-04	 8.712871E-16	 1.409354E-15	 6.664659E-05	-7.591899E-16	 1.381099E-15	 2.595851E-05	-1.218942E-15	 1.996252E-16	 5.577135E-06	-1.346395E-15	-2.352506E-16	-2.757632E-06	-1.603758E-15	-3.206287E-16	-4.326985E-06	-7.475195E-16	-6.173024E-17	-3.501225E-06	-5.773774E-16
0.56366	 3.901998E+00	 2.094529E-15	-1.082276E-15	 7.060067E-01	 8.034145E-16	-5.186262E-15	 2.360548E-01	-1.669788E-15	-3.148242E-15	 8.452659E-02	 1.922237E-15	 1.213107E-15	 3.421682E-02	 4.754150E-16	 1.369736E-15	 1.511374E-02	-2.194955E-15	 1.370043E-15	 7.339013E-03	-1.437301E-16	 2.528790E-15	 3.940689E-03	-4.619326E-15	-3.565613E-16	 2.292226E-03	 1.158747E-15	 1.574275E-15	 1.385140E-03	-9.603506E-16	 5.650928E-16	 8.430327E-04	-1.481833E-15	-3.989432E-16	 5.032215E-04	-3.439695E-17	 1.735203E-15	 2.895151E-04	-2.563187E-15	 1.023002E-15	 1.573676E-04	-1.151684E-16	 1.189459E-15	 7.565355E-05	 7.447554E-16	 1.656582E-15	 3.034724E-05	-8.608451E-16	 1.624642E-15	 7.129844E-06	-2.442184E-15	 1.294800E-15	-2.797088E-06	-1.816282E-15	-5.681639E-16	-5.058371E-06	-5.460516E-16	-5.838268E-16	-4.372465E-06	 1.012560E-15
0.57282	 3.892281E+00	-1.237830E-14	-3.196460E-15	 7.159027E-01	-1.005067E-14	 6.151526E-16	 2.402863E-01	-2.111727E-15	 2.799666E-15	 8.661326E-02	 2.118484E-15	 4.482967E-15	 3.524860E-02	 2.311045E-15	 4.970974E-15	 1.561962E-02	 2.469210E-16	 8.626878E-16	 7.607080E-03	 3.134115E-15	 1.509166E-15	 4.100513E-03	-2.721659E-15	-1.847608E-15	 2.400604E-03	 3.430175E-15	 9.182758E-17	 1.464573E-03	 2.549060E-16	 1.299099E-16	 9.023676E-04	 4.778719E-16	-1.139399E-15	 5.452892E-04	 5.687782E-16	 2.147967E-15	 3.176804E-04	-2.910228E-15	 1.034365E-15	 1.748224E-04	-1.353459E-15	 8.755867E-16	 8.552376E-05	-3.408984E-16	 1.845151E-15	 3.527575E-05	-5.586433E-16	 3.949507E-16	 8.971554E-06	 7.770026E-16	 1.590859E-16	-2.723938E-06	 1.302170E-16	 2.757898E-16	-5.792132E-06	-2.862318E-16	 6.667480E-16	-5.312277E-06	 9.661858E-16
0.58184	 3.882714E+00	-7.806572E-15	 3.373972E-15	 7.255717E-01	-1.102883E-14	 5.665976E-15	 2.444450E-01	-5.723714E-15	 5.864066E-15	 8.868939E-02	-2.904393E-15	 3.812841E-15	 3.628228E-02	-4.926135E-16	 4.354900E-15	 1.612711E-02	-1.185773E-15	 8.955492E-16	 7.875011E-03	 3.015876E-15	-8.371972E-16	 4.259523E-03	-6.842536E-16	-2.583150E-15	 2.508643E-03	 4.472218E-15	-2.875831E-15	 1.544509E-03	 1.768986E-15	-1.742574E-15	 9.629742E-04	 7.714745E-16	-2.760970E-15	 5.889399E-04	 2.411779E-15	 1.651975E-15	 3.474410E-04	-9.618862E-16	 3.421268E-16	 1.935599E-04	-7.659464E-16	-5.835197E-18	 9.631141E-05	-4.612877E-16	-3.906511E-16	 4.079091E-05	-2.042319E-16	 4.625161E-16	 1.113717E-05	 4.889281E-16	 5.678568E-16	-2.514492E-06	 1.175946E-15	 1.320597E-16	-6.513743E-06	 8.028003E-16	 1.214642E-15	-6.313546E-06	-6.173024E-17
0.59073	 3.873289E+00	 3.049658E-16	-3.551178E-15	 7.350218E-01	 8.743582E-16	-3.206287E-15	 2.485342E-01	-1.762844E-16	-8.577740E-16	 9.075645E-02	-4.505386E-16	-9.514442E-16	 3.731880E-02	-4.864712E-16	 1.329504E-15	 1.663676E-02	-1.744110E-15	 1.545099E-15	 8.143108E-03	 2.437577E-15	-1.535578E-16	 4.417807E-03	 9.886052E-16	-1.197751E-17	 2.616269E-03	 3.894533E-15	-6.688979E-16	 1.624816E-03	 1.549398E-15	 1.421945E-16	 1.024752E-03	 3.931080E-17	-1.936057E-15	 6.341300E-04	 3.041980E-15	-5.528081E-18	 3.788096E-04	-5.976470E-16	-1.772057E-16	 2.136178E-04	 5.012127E-16	-2.067502E-15	 1.080676E-04	 7.865231E-16	-1.754859E-15	 4.694269E-05	-4.582165E-16	-1.240747E-16	 1.366550E-05	-4.001717E-16	 1.093946E-15	-2.142831E-06	-1.547863E-16	 1.014403E-15	-7.207779E-06	 8.169276E-16	-1.655353E-16	-7.368549E-06	 6.486282E-16
0.59948	 3.864000E+00	 5.370838E-15	 1.469610E-14	 7.442619E-01	-1.041767E-14	 7.702460E-15	 2.525564E-01	-1.403058E-14	 4.995543E-15	 9.281500E-02	-9.582008E-15	 2.363562E-15	 3.835846E-02	-3.660204E-15	 2.882587E-15	 1.714875E-02	-2.383524E-15	 2.809494E-15	 8.411479E-03	 1.101010E-15	 2.059517E-15	 4.575355E-03	-3.068085E-16	 4.385611E-16	 2.723361E-03	 7.693247E-16	 6.348080E-16	 1.705334E-03	-7.727029E-16	 7.094371E-16	 1.087577E-03	-1.302477E-15	-1.607750E-15	 6.807923E-04	 1.327968E-15	-2.125240E-16	 4.117811E-04	-1.099167E-15	-4.216698E-16	 2.350214E-04	-4.465461E-16	-1.794477E-15	 1.208365E-04	 1.009796E-15	-1.070912E-15	 5.377791E-05	 1.054635E-15	-8.430324E-16	 1.659461E-05	-4.932277E-16	 6.388005E-16	-1.582051E-06	-9.152046E-17	-5.190254E-17	-7.856946E-06	 3.040445E-16	 2.512206E-16	-8.467608E-06	 3.648534E-16
0.60810	 3.854843E+00	 1.320352E-14	 6.874169E-15	 7.533005E-01	 8.830496E-15	-3.808541E-15	 2.565133E-01	-2.519270E-15	-5.624823E-15	 9.486529E-02	-3.447680E-15	-3.920331E-15	 3.940149E-02	 2.902857E-15	-1.905960E-15	 1.766330E-02	 1.178096E-15	-1.003961E-15	 8.680256E-03	 8.031074E-16	 7.481337E-16	 4.732181E-03	-1.570589E-15	-3.264639E-16	 2.829825E-03	-1.825802E-15	-1.472005E-15	 1.785916E-03	-3.209358E-15	-7.985007E-17	 1.151323E-03	-2.444948E-15	-9.566652E-16	 7.288502E-04	-1.314455E-15	-3.169433E-16	 4.463457E-04	-2.116948E-15	 9.437663E-16	 2.577934E-04	 3.746811E-16	 3.783665E-16	 1.346590E-04	-1.136328E-17	 1.124043E-16	 6.133984E-05	-5.036696E-16	 3.083441E-16	 1.996058E-05	-6.609128E-16	 1.366665E-16	-8.048871E-07	-1.017167E-15	-2.776325E-16	-8.441955E-06	-6.965383E-16	-5.961114E-16	-9.598693E-06	 6.630627E-16
0.61661	 3.845811E+00	-2.306131E-15	 1.012100E-14	 7.621449E-01	-1.013697E-14	-1.017781E-15	 2.604063E-01	-4.282420E-15	-4.325724E-15	 9.690777E-02	 5.816770E-16	-3.859522E-15	 4.044843E-02	 7.467210E-15	-2.113263E-15	 1.818078E-02	 5.049288E-15	-1.806761E-15	 8.949670E-03	 3.519238E-15	-4.505386E-16	 4.888378E-03	 1.275144E-15	-3.918796E-16	 2.935623E-03	-2.733329E-17	 6.621413E-16	 1.866444E-03	-2.587142E-15	 1.580110E-15	 1.215867E-03	-3.112310E-15	 1.643990E-15	 7.782288E-04	-1.975061E-15	 3.197074E-16	 4.824982E-04	 2.152881E-16	 9.668000E-16	 2.819594E-04	 9.907550E-16	 6.602986E-16	 1.495766E-04	 3.716099E-16	 1.712170E-15	 6.967074E-05	-5.217895E-16	 1.396762E-15	 2.379882E-05	-1.520222E-15	 6.971525E-17	 2.168987E-07	-6.753473E-16	-8.246055E-16	-8.941358E-06	-1.563219E-16	 1.007032E-15	-1.074745E-05	 4.585236E-16
0.62500	 3.836902E+00	-4.969745E-15	-9.657251E-15	 7.708022E-01	 4.937191E-15	-8.998795E-15	 2.642364E-01	 2.237030E-15	-5.332756E-15	 9.894275E-02	 2.717973E-15	-4.300233E-15	 4.149964E-02	 8.217493E-15	-1.616964E-15	 1.870141E-02	 5.544051E-15	-2.301525E-15	 9.219838E-03	 4.196121E-15	-3.513403E-16	 5.043996E-03	 3.847238E-15	 2.315652E-16	 3.040716E-03	 1.983353E-15	 1.862656E-15	 1.946800E-03	-1.624949E-15	 1.470777E-15	 1.281078E-03	-9.898337E-16	 2.070881E-15	 8.288412E-04	-1.455114E-15	 1.282515E-15	 5.202284E-04	 6.848679E-17	 1.642762E-15	 3.075421E-04	 7.036019E-16	 5.239393E-16	 1.656283E-04	 1.962469E-16	 5.908905E-16	 7.881012E-05	-1.079511E-15	 1.514387E-15	 2.814254E-05	-3.986361E-16	 1.128957E-15	 1.511070E-06	-1.051257E-15	 8.844930E-16	-9.332469E-06	-1.229691E-15	 4.529956E-16	-1.189741E-05	-9.299461E-16
0.63328	 3.828113E+00	 6.669630E-15	 1.438622E-14	 7.792802E-01	-4.302690E-15	 7.662228E-15	 2.680042E-01	-1.437762E-14	 3.888084E-15	 1.009702E-01	-9.350443E-15	-1.044807E-15	 4.255509E-02	-4.198271E-16	-2.223517E-15	 1.922494E-02	 1.887533E-15	-9.449948E-16	 9.490525E-03	 4.053926E-16	 5.905834E-16	 5.198893E-03	-3.378272E-16	 5.918118E-16	 3.144979E-03	-1.419181E-15	 3.651605E-16	 2.026811E-03	-3.100947E-15	-1.655968E-15	 1.346775E-03	 1.306777E-15	-4.880067E-16	 8.805691E-04	-8.230699E-17	-1.298485E-15	 5.595114E-04	-2.119098E-17	 5.150329E-16	 3.345567E-04	-8.368901E-16	 3.703815E-16	 1.828471E-04	-4.477746E-16	 1.523294E-16	 8.878998E-05	 3.154078E-16	 1.678080E-15	 3.301780E-05	 3.083441E-16	 7.472123E-16	 3.101483E-06	-2.257300E-16	 5.107333E-16	-9.592820E-06	-3.092654E-16	 1.153219E-15	-1.303001E-05	 5.617145E-16
0.64145	 3.819438E+00	 2.669756E-15	 6.131257E-15	 7.875829E-01	 1.378335E-15	 4.791004E-15	 2.717110E-01	-7.013907E-15	 4.634068E-15	 1.029923E-01	-6.169032E-15	-4.837071E-16	 4.361644E-02	 1.014403E-15	-2.256379E-15	 1.975194E-02	 1.684836E-15	-1.788027E-15	 9.761814E-03	 4.376398E-16	 4.302690E-16	 5.353091E-03	-6.480140E-17	-4.966060E-16	 3.248400E-03	 2.011607E-16	-2.704460E-15	 2.106373E-03	 9.032271E-16	-2.676513E-15	 1.412815E-03	 2.371547E-15	-3.587725E-15	 9.333196E-04	 1.598537E-15	-2.045083E-15	 6.003517E-04	 1.044807E-15	-9.615791E-16	 3.630467E-04	-1.287736E-15	-6.381863E-16	 2.012852E-04	-9.440735E-16	-1.231534E-16	 9.964996E-05	-1.213107E-16	 8.160062E-16	 3.845115E-05	-4.471604E-16	 1.432080E-15	 5.011261E-06	-1.249961E-16	 1.686065E-16	-9.699236E-06	 4.769506E-16	-5.036696E-17	-1.412461E-05	 1.169189E-15
0.64952	 3.810867E+00	-6.566747E-15	 1.040047E-14	 7.957053E-01	-1.492152E-14	 1.373175E-14	 2.753582E-01	-1.215932E-14	 1.356345E-14	 1.050159E-01	-5.974013E-15	 6.444515E-15	 4.468956E-02	-1.369122E-15	 1.847301E-15	 2.028538E-02	-1.858050E-16	-8.682159E-16	 1.003496E-02	 1.520222E-15	-1.326740E-15	 5.507215E-03	 4.048398E-15	-2.897022E-15	 3.351322E-03	 4.231132E-15	-4.028436E-15	 2.185608E-03	 3.937222E-15	-2.985164E-15	 1.479197E-03	 7.333921E-16	-2.754213E-15	 9.871023E-04	-9.403881E-16	-1.412425E-15	 6.428366E-04	 6.848679E-17	-9.026129E-16	 3.931238E-04	-9.382383E-16	-9.029200E-17	 2.210487E-04	-6.068605E-16	 6.059392E-16	 1.114664E-04	-5.635572E-16	-4.330330E-17	 4.449049E-05	 7.109727E-16	-7.499764E-16	 7.274467E-06	 1.170725E-15	-1.223549E-15	-9.623444E-06	 1.719848E-16	 3.163291E-17	-1.515823E-05	-1.329811E-16
0.65749	 3.802381E+00	-1.502533E-14	 6.101466E-15	 8.036339E-01	-2.412946E-14	 1.229906E-14	 2.789480E-01	-1.566658E-14	 1.378059E-14	 1.070528E-01	-2.780932E-15	 7.672056E-15	 4.578440E-02	 8.356616E-16	 1.712784E-15	 2.083065E-02	 1.059856E-15	-4.883139E-17	 1.031247E-02	 3.494976E-15	 9.621933E-16	 5.662519E-03	 4.511836E-15	 1.263474E-15	 3.454442E-03	 3.613830E-15	 2.294154E-16	 2.264864E-03	 1.902581E-15	-1.876477E-16	 1.546078E-03	 3.338347E-16	-7.705531E-16	 1.042042E-03	-4.701940E-16	-1.959398E-16	 6.871375E-04	-5.586433E-16	-6.351151E-16	 4.249690E-04	-6.971525E-17	-1.259174E-16	 2.423070E-04	-2.106813E-16	-6.817967E-17	 1.243697E-04	 2.174379E-16	-3.215501E-16	 5.122265E-05	 9.655716E-16	-4.093851E-16	 9.947234E-06	 1.302170E-15	-1.403211E-15	-9.328053E-06	 5.561864E-16	-1.030987E-15	-1.610559E-05	-9.489873E-17
0.66536	 3.793961E+00	-9.692877E-15	-8.553478E-15	 8.113523E-01	-9.019065E-15	-2.795674E-15	 2.824819E-01	-7.497921E-15	 3.668189E-15	 1.091158E-01	 2.850647E-15	 3.740976E-15	 4.691218E-02	 4.256930E-15	 1.271459E-16	 2.139382E-02	 5.528081E-16	 1.560762E-15	 1.059710E-02	 9.056840E-16	 3.762167E-15	 5.820324E-03	 1.294800E-15	 4.076960E-15	 3.558459E-03	-4.367184E-16	 2.697704E-15	 2.344494E-03	 7.828378E-16	 1.997480E-15	 1.613638E-03	-2.324865E-16	 6.894746E-16	 1.098285E-03	 1.573661E-15	 6.305084E-16	 7.334410E-04	 7.708602E-16	 4.453177E-16	 4.587801E-04	-1.458492E-15	-6.695121E-17	 2.652587E-04	-1.227541E-15	 1.885690E-16	 1.385270E-04	 2.665764E-16	 7.260214E-16	 5.876672E-05	-7.524333E-17	 1.480912E-15	 1.310642E-05	-2.570558E-16	 4.419394E-16	-8.766155E-06	 1.269616E-15	 5.789130E-16	-1.693823E-05	 7.186506E-17
0.67315	 3.785584E+00	 1.196830E-15	 8.117680E-15	 8.188375E-01	-8.667110E-15	 1.304934E-15	 2.859609E-01	-5.844718E-15	 2.435427E-15	 1.112206E-01	 1.630784E-15	 1.696200E-15	 4.808690E-02	 6.931600E-16	-7.303210E-16	 2.198289E-02	-3.632564E-15	-1.027302E-15	 1.089280E-02	-3.390864E-15	 9.769348E-16	 5.982600E-03	-1.349159E-15	 2.481494E-16	 3.664416E-03	-1.008261E-15	-6.983810E-16	 2.425048E-03	 1.200515E-15	 1.942814E-15	 1.682189E-03	-4.047784E-16	-8.752796E-17	 1.156077E-03	 1.577960E-15	 8.666803E-16	 7.820066E-04	 1.681765E-15	 1.357451E-16	 4.948169E-04	-4.812502E-16	-1.947113E-16	 2.901630E-04	-4.815573E-16	-1.431159E-16	 1.541633E-04	 5.405235E-16	 1.282208E-15	 6.728983E-05	 1.646140E-16	 2.025735E-15	 1.686173E-05	 1.449586E-16	 7.165008E-16	-7.872936E-06	 9.213469E-19	 1.212493E-15	-1.761996E-05	 1.370350E-15
0.68084	 3.777228E+00	-1.265624E-15	 7.876595E-15	 8.260682E-01	-4.703476E-15	 1.909338E-15	 2.893852E-01	 1.468934E-15	 3.477777E-15	 1.133813E-01	 1.184545E-15	 2.709988E-15	 4.932157E-02	-3.921560E-15	 6.007182E-16	 2.260548E-02	-6.630627E-15	-1.180553E-15	 1.120341E-02	-3.352474E-15	-2.257300E-16	 6.151271E-03	-5.675497E-16	-1.793555E-16	 3.773282E-03	-1.012867E-15	-4.652802E-16	 2.507008E-03	-6.044036E-16	 1.089953E-15	 1.752000E-03	-2.298761E-15	 2.432356E-16	 1.215634E-03	-1.926229E-15	-4.278121E-16	 8.330727E-04	 1.719848E-16	 7.235644E-16	 5.333304E-04	 1.729061E-16	 2.168236E-16	 3.172909E-04	 4.834000E-16	-1.492582E-16	 1.715303E-04	 1.153833E-15	 4.708083E-16	 7.699005E-05	 1.138478E-15	 7.960437E-16	 2.134838E-05	 1.109609E-15	 9.486802E-16	-6.567111E-06	 6.056320E-16	 8.691373E-16	-1.810537E-05	 8.651447E-16
0.68845	 3.768874E+00	-3.979297E-15	-3.240070E-15	 8.330249E-01	 2.126776E-15	-5.968178E-15	 2.927544E-01	 9.455783E-15	-3.049965E-15	 1.156103E-01	 7.257450E-15	-3.185403E-15	 5.062765E-02	-4.010930E-16	-4.213934E-15	 2.326862E-02	-1.893982E-15	-4.041335E-15	 1.153270E-02	 1.786185E-15	-3.308250E-15	 6.328278E-03	 4.886517E-15	-2.365098E-15	 3.886003E-03	 4.139305E-15	-1.276373E-15	 2.590806E-03	 1.936057E-15	-2.653479E-16	 1.823286E-03	-8.958563E-16	-4.314975E-16	 1.277133E-03	-2.076102E-16	-8.921709E-16	 8.868519E-04	 1.934829E-17	 7.410700E-16	 5.745615E-04	-7.401487E-16	 7.889801E-16	 3.469203E-04	-6.314297E-16	 8.562384E-16	 1.908996E-04	 1.232455E-15	 1.009182E-15	 8.809103E-05	 1.862349E-15	 9.597364E-16	 2.672561E-05	 3.501118E-16	 1.645218E-15	-4.749201E-06	 5.285460E-16	-2.251158E-16	-1.833698E-05	 1.051564E-15
0.69597	 3.760507E+00	-2.831299E-15	 5.781145E-15	 8.396929E-01	-1.199287E-14	 5.511190E-15	 2.960672E-01	-8.874721E-15	 7.922662E-15	 1.179163E-01	-2.867232E-15	 3.258190E-15	 5.201390E-02	-2.351892E-15	 8.605380E-16	 2.397797E-02	-3.539201E-15	-6.360365E-16	 1.188395E-02	-1.133257E-16	-8.307478E-16	 6.515351E-03	 3.788578E-15	-1.155062E-15	 4.003381E-03	 5.675804E-15	-9.333244E-16	 2.676739E-03	 4.229904E-15	-6.919315E-16	 1.896148E-03	 3.593253E-17	-1.096403E-15	 1.340658E-03	 1.393384E-15	-7.991149E-16	 9.434898E-04	 4.422465E-16	 8.310549E-16	 6.187114E-04	 8.679088E-16	 8.964705E-16	 3.793139E-04	 5.825984E-16	 6.206807E-16	 2.125432E-04	 9.029200E-17	 1.260710E-15	 1.008269E-04	-9.139761E-16	 2.052147E-15	 3.316830E-05	-1.601608E-15	 3.848159E-16	-2.303733E-06	-2.395502E-16	 8.470249E-16	-1.824382E-05	-4.993700E-16
0.70341	 3.752115E+00	-1.639076E-15	-3.610759E-15	 8.460594E-01	-4.607042E-15	 1.556462E-15	 2.993214E-01	-9.810502E-15	 8.444759E-15	 1.203060E-01	-3.197381E-15	 4.663244E-15	 5.348764E-02	 3.109239E-15	 3.402534E-15	 2.473881E-02	 6.200665E-16	 2.400723E-15	 1.226049E-02	 7.687104E-16	 2.680505E-15	 6.714360E-03	 1.749945E-15	 1.250882E-15	 4.126287E-03	 2.958445E-15	 3.464264E-16	 2.765102E-03	 2.154109E-15	-1.176867E-15	 1.970637E-03	 1.633241E-15	-2.095757E-15	 1.406237E-03	 1.937900E-15	-2.136296E-15	 1.003094E-03	 6.946956E-16	-3.614751E-16	 6.659645E-04	-8.497890E-16	 1.345166E-16	 4.147351E-04	 5.528081E-17	-5.147258E-16	 2.367438E-04	-3.550257E-16	-2.180521E-17	 1.154485E-04	-2.721352E-15	-4.852427E-17	 4.087124E-05	-4.595678E-15	-1.953255E-16	 9.039227E-07	-2.111727E-15	 4.394825E-16	-1.773921E-05	 1.962469E-16
0.71078	 3.743686E+00	-8.519081E-15	-1.856207E-15	 8.521134E-01	-8.314542E-15	 1.517765E-15	 3.025138E-01	-7.329315E-15	 2.037712E-15	 1.227844E-01	-2.981479E-15	-2.069038E-15	 5.505506E-02	 2.854026E-15	-2.168851E-15	 2.555606E-02	 4.820180E-15	-1.956019E-15	 1.266577E-02	 5.548044E-15	-1.077976E-16	 6.927353E-03	 6.078740E-15	 9.336315E-17	 4.255694E-03	 6.654889E-15	-2.017750E-16	 2.856209E-03	 3.790728E-15	-7.496693E-16	 2.046766E-03	 2.389974E-15	-8.817290E-16	 1.473844E-03	 1.903196E-15	-1.584717E-16	 1.065728E-03	 1.487668E-15	-3.593253E-16	 7.164826E-04	-4.536098E-16	-1.103159E-15	 4.534460E-04	 8.282909E-16	-1.105309E-15	 2.637953E-04	 7.370775E-17	 3.427410E-16	 1.322260E-04	-1.051871E-15	 9.394667E-16	 5.005192E-05	-5.807557E-16	 1.153833E-15	 5.030013E-06	-8.043359E-16	 1.347009E-15	-1.671890E-05	-4.569881E-16
0.71807	 3.735215E+00	-1.311353E-14	 5.089520E-15	 8.578471E-01	-1.754490E-14	 6.734125E-15	 3.056404E-01	-8.744196E-15	 4.386226E-15	 1.253540E-01	-5.680718E-15	 9.434592E-16	 5.672044E-02	-2.779397E-15	 1.185773E-15	 2.643382E-02	 7.997291E-16	 4.763364E-16	 1.310300E-02	 3.802399E-15	 7.539689E-16	 7.156341E-03	 5.702523E-15	 5.267033E-16	 4.392569E-03	 5.615917E-15	-2.929883E-16	 2.950334E-03	 5.321393E-15	 1.696814E-15	 2.124474E-03	 4.763364E-16	 2.112956E-16	 1.543368E-03	 1.990724E-15	 1.395226E-15	 1.131378E-03	 2.159944E-15	 8.817290E-16	 7.703729E-04	 1.645218E-15	-1.351309E-16	 4.956834E-04	 1.633241E-15	-8.694444E-16	 2.939878E-04	-1.879548E-16	-3.568684E-16	 1.514402E-04	-5.036696E-17	-1.504867E-16	 6.094618E-05	 6.910102E-17	-6.609128E-16	 1.025025E-05	-1.501795E-16	 6.305084E-16	-1.506176E-05	-3.491905E-16
0.72529	 3.726694E+00	-3.737904E-15	-4.576637E-15	 8.632536E-01	 5.006292E-15	-4.768584E-15	 3.086961E-01	 7.709831E-15	-3.641470E-15	 1.280160E-01	 4.867476E-15	-3.827889E-15	 5.848725E-02	 2.003315E-15	-1.709099E-15	 2.737596E-02	-3.731455E-16	-4.757221E-16	 1.357549E-02	-6.848679E-16	 5.497370E-16	 7.403532E-03	-4.311904E-16	 9.557439E-16	 4.538032E-03	 1.159054E-15	 2.539846E-16	 3.047815E-03	-7.462910E-16	 1.585638E-15	 2.203684E-03	-2.473509E-15	 1.297256E-15	 1.614645E-03	-3.154078E-16	 2.274498E-15	 1.199972E-03	 5.813699E-16	 2.154723E-15	 8.277021E-04	-6.388005E-17	 1.712170E-15	 5.416690E-04	-3.458122E-16	 1.340253E-15	 3.276160E-04	-2.582842E-16	 8.359688E-16	 1.733897E-04	-4.142990E-16	 6.341938E-16	 7.381429E-05	 8.476392E-17	 2.724116E-16	 1.676460E-05	-3.544114E-16	-5.601789E-16	-1.262666E-05	-6.366507E-16
0.73243	 3.718120E+00	 4.009702E-15	 9.603506E-16	 8.683268E-01	 5.924875E-15	-2.070574E-15	 3.116752E-01	 2.497771E-15	-2.834677E-15	 1.307705E-01	 7.201862E-16	-2.477502E-15	 6.035832E-02	-6.556919E-16	-2.217375E-15	 2.838622E-02	-1.992566E-15	-2.188199E-15	 1.408676E-02	-2.241637E-15	-1.765915E-16	 7.671385E-03	-2.085008E-15	-7.582685E-16	 4.693403E-03	 1.061699E-15	 4.296548E-16	 3.149099E-03	-8.135493E-16	 1.839930E-15	 2.284341E-03	-1.585638E-15	 1.766222E-15	 1.687476E-03	-1.188538E-16	 1.668559E-15	 1.271380E-03	 5.555722E-16	 1.318447E-15	 8.884874E-04	-2.957524E-16	 9.738637E-16	 5.916030E-04	-3.470407E-16	 5.270104E-16	 3.649770E-04	 3.344489E-16	 1.275758E-15	 1.983930E-04	-2.023892E-16	 9.302533E-16	 8.894452E-05	-1.208807E-15	 4.357971E-16	 2.480055E-05	-1.812904E-15	-8.811148E-16	-9.250025E-06	-5.964186E-16
0.73951	 3.709490E+00	 9.042713E-15	-5.823527E-15	 8.730633E-01	 1.069377E-14	-1.174625E-14	 3.145711E-01	 1.018703E-15	-8.083284E-15	 1.336157E-01	-1.075519E-15	-5.575991E-15	 6.233490E-02	-2.373390E-15	-1.631091E-15	 2.946752E-02	-3.474399E-15	-1.831023E-15	 1.464000E-02	-2.627067E-15	 2.014679E-16	 7.962340E-03	-8.844930E-16	-1.256103E-16	 4.860070E-03	 3.288594E-15	 2.582842E-16	 3.254669E-03	 3.019254E-15	 2.562266E-15	 2.366362E-03	 2.788303E-15	 1.507324E-15	 1.761591E-03	 3.629185E-15	 1.932986E-15	 1.345378E-03	 2.791067E-15	 5.967257E-16	 9.526590E-04	 4.007859E-16	-4.615948E-16	 6.456309E-04	-3.685388E-16	-4.926135E-16	 4.063454E-04	-5.730778E-16	 6.817967E-16	 2.267726E-04	-2.518348E-17	 6.068605E-16	 1.066450E-04	-5.009056E-16	-6.412574E-16	 3.460988E-05	-1.479069E-15	 2.112956E-16	-4.746588E-06	-5.466658E-17
0.74652	 3.700806E+00	-8.433395E-16	 6.486896E-15	 8.774611E-01	-6.055092E-15	 3.218879E-15	 3.173765E-01	-7.859089E-15	 2.643344E-15	 1.365487E-01	-7.978557E-15	 2.249315E-15	 6.441724E-02	-8.530137E-15	 1.276987E-15	 3.062220E-02	-6.355144E-15	 1.452964E-15	 1.523829E-02	-3.097568E-15	 3.560699E-15	 8.278922E-03	-1.262245E-16	 3.729919E-15	 5.039566E-03	 2.547524E-15	 2.703846E-15	 3.365114E-03	 1.761001E-15	 4.192743E-15	 2.449695E-03	 6.249803E-16	 2.363562E-15	 1.836685E-03	 9.661858E-16	 3.247134E-15	 1.421658E-03	-8.058714E-16	 1.565061E-15	 1.020064E-03	-1.436994E-15	-4.176773E-16	 7.038416E-04	-1.273301E-15	-3.040445E-16	 4.519694E-04	-3.430482E-16	 1.191302E-15	 2.588525E-04	-3.117224E-16	 1.698042E-15	 1.272440E-04	-7.727029E-16	 1.209728E-15	 4.647111E-05	-9.136690E-16	-3.992503E-16	 1.093504E-06	-7.198791E-16
0.75346	 3.692067E+00	-7.365247E-15	-3.810384E-15	 8.815177E-01	 1.576117E-15	 5.482014E-16	 3.200837E-01	 3.734219E-15	-1.179324E-16	 1.395664E-01	 5.466658E-16	-1.543870E-15	 6.660553E-02	 9.001559E-16	-4.455019E-15	 3.185269E-02	 1.644297E-15	-5.127910E-15	 1.588492E-02	 3.178033E-15	-1.213107E-15	 8.623984E-03	 4.826015E-15	-4.585236E-16	 5.233735E-03	 5.143880E-15	-4.714225E-16	 3.481235E-03	 3.139336E-15	 1.758851E-15	 2.534386E-03	 1.781885E-15	 1.959705E-15	 1.912464E-03	 2.741928E-15	 1.565983E-15	 1.499862E-03	-1.004268E-16	 1.207579E-15	 1.090482E-03	-1.575810E-15	 1.431159E-16	 7.662771E-04	-1.462792E-15	-4.397896E-16	 5.020778E-04	-3.279995E-16	-2.294154E-16	 2.949664E-04	 9.889123E-17	 9.152046E-17	 1.510986E-04	-4.496173E-16	 2.042319E-16	 6.069733E-05	-8.473320E-16	-6.142313E-19	 8.511281E-06	-3.961792E-17
0.76035	 3.683274E+00	 1.262552E-15	-3.398235E-15	 8.852316E-01	 3.774451E-15	-4.742787E-15	 3.226851E-01	 4.477132E-15	-2.284633E-15	 1.426650E-01	 2.775404E-15	-5.633422E-15	 6.889906E-02	 6.147534E-15	-5.661370E-15	 3.316078E-02	 5.685939E-15	-5.433183E-15	 1.658293E-02	 3.498661E-15	-2.458154E-15	 9.000394E-03	 4.332787E-15	-8.049501E-16	 5.444556E-03	 5.185033E-15	-1.911795E-15	 3.603962E-03	 1.850372E-15	-1.841158E-15	 2.620550E-03	 1.284358E-15	-1.236140E-15	 1.988621E-03	-4.873925E-16	-1.395533E-15	 1.579548E-03	-1.239212E-15	 2.733329E-17	 1.163587E-03	-9.182758E-16	-3.375201E-16	 8.328961E-04	-1.598537E-15	 1.879548E-16	 5.568500E-04	 1.228463E-17	 2.785539E-16	 3.354358E-04	 3.835874E-16	-3.909582E-16	 1.785824E-04	 1.022695E-16	 8.203059E-16	 7.763181E-05	-2.616625E-16	 7.333921E-16	 1.777912E-05	-1.267466E-15
0.76716	 3.674429E+00	-1.116672E-15	-1.544546E-14	 8.886002E-01	 1.244218E-14	-1.140720E-14	 3.251728E-01	 7.798587E-15	-4.208098E-15	 1.458410E-01	 3.673103E-15	-4.200728E-15	 7.129723E-02	 5.400628E-15	-2.389667E-15	 3.454838E-02	 4.893273E-15	-1.768679E-15	 1.733561E-02	 2.569022E-15	 1.627713E-17	 9.411365E-03	 1.944963E-15	 1.034058E-15	 5.674363E-03	 2.523262E-15	 1.746260E-15	 3.734512E-03	-1.823038E-15	 6.449428E-17	 2.708481E-03	 6.808754E-16	 1.170111E-16	 2.064920E-03	-1.552162E-15	-1.689136E-15	 1.660235E-03	-1.625870E-15	-1.466784E-15	 1.238978E-03	-1.165504E-15	-6.676694E-16	 9.035883E-04	-5.939616E-16	-3.172505E-16	 6.164229E-04	-3.218572E-16	 7.284783E-16	 3.805777E-04	-7.932797E-16	 1.517151E-15	 2.100942E-04	-1.288043E-15	 2.189734E-15	 9.765702E-05	-1.149534E-15	 7.472123E-16	 2.920949E-05	-6.219092E-16
0.77392	 3.665534E+00	-1.112588E-14	 3.657747E-16	 8.916231E-01	-1.083013E-14	-3.040445E-17	 3.275393E-01	 8.651447E-16	 1.840237E-15	 1.490899E-01	 4.138690E-15	-1.310770E-15	 7.379814E-02	 6.477683E-15	 7.214146E-16	 3.601632E-02	 2.581921E-15	 2.610483E-16	 1.814565E-02	 5.693924E-16	 6.381863E-16	 9.859921E-03	 3.571755E-16	-7.278641E-17	 5.925532E-03	 1.817817E-15	 4.133776E-16	 3.874212E-03	-1.376799E-15	 6.778042E-16	 2.798565E-03	 1.211264E-15	 1.202972E-15	 2.141136E-03	 1.147077E-15	-3.061943E-16	 1.741361E-03	 8.384257E-17	-9.142832E-16	 1.316125E-03	 3.740668E-16	-1.320597E-16	 9.781196E-04	 8.924780E-16	 1.962469E-16	 6.808390E-04	 4.907708E-16	 4.287334E-16	 4.306623E-04	 4.748008E-16	 1.400447E-16	 2.460293E-04	-1.114830E-15	 5.607932E-16	 1.211795E-04	-8.098639E-16	 1.492582E-15	 4.314987E-05	 3.052729E-16
0.78062	 3.656591E+00	 7.112798E-16	-1.583089E-14	 8.942981E-01	 1.948096E-14	-1.760448E-14	 3.297768E-01	 2.136911E-14	-1.322624E-14	 1.524080E-01	 1.629463E-14	-1.220662E-14	 7.640024E-02	 1.053806E-14	-8.012954E-15	 3.756565E-02	 1.397069E-15	-4.456862E-15	 1.901604E-02	-1.962469E-15	-1.530664E-15	 1.034946E-02	-2.163323E-15	-1.253646E-15	 6.200830E-03	 6.111601E-17	-9.145904E-16	 4.024738E-03	-1.509166E-15	 6.028680E-16	 2.891450E-03	 4.299619E-17	 1.073676E-15	 2.217183E-03	 1.802155E-15	 9.793918E-16	 1.822361E-03	 1.255489E-15	 5.641714E-16	 1.394426E-03	 1.253646E-15	-5.303887E-16	 1.056167E-03	 3.324527E-15	-9.796989E-16	 7.500675E-04	 3.310707E-15	-6.418717E-16	 4.859274E-04	 2.173764E-15	-6.406432E-16	 2.867923E-04	 8.405755E-16	 3.467336E-16	 1.486419E-04	 2.665764E-16	 2.060746E-16	 5.999489E-05	 1.111451E-15
0.78727	 3.647602E+00	-1.370964E-15	 2.367554E-15	 8.966231E-01	-9.985558E-15	-2.278798E-16	 3.318780E-01	-9.829543E-15	 3.101868E-15	 1.557914E-01	-8.730990E-15	 2.067502E-15	 7.910154E-02	-7.855404E-15	 1.756087E-15	 3.919700E-02	-7.454311E-15	 1.405975E-15	 1.994957E-02	-4.177080E-15	 3.355545E-15	 1.088345E-02	-5.700066E-16	 3.158070E-15	 6.503240E-03	 3.034610E-15	 1.878319E-15	 4.188024E-03	 3.079141E-15	 1.773286E-15	 2.988020E-03	 2.804887E-15	 1.176867E-15	 2.293107E-03	 2.571786E-15	 5.442089E-16	 1.902657E-03	 3.127051E-15	-2.972879E-16	 1.473186E-03	 2.334693E-15	 3.673103E-16	 1.137284E-03	 3.154385E-15	 8.461036E-16	 8.239636E-04	 2.620003E-15	 9.112121E-16	 5.465446E-04	 2.449554E-15	 6.053249E-16	 3.327722E-04	 1.811061E-15	 4.781790E-16	 1.805100E-04	 9.993543E-16	 6.784184E-16	 8.018345E-05	-3.141793E-16
0.79386	 3.638569E+00	-9.606577E-15	-6.445129E-15	 8.985972E-01	-6.747945E-15	-1.296642E-15	 3.338355E-01	-3.494055E-15	 2.637509E-15	 1.592357E-01	-7.809951E-16	 4.151589E-15	 8.189902E-02	-2.452318E-15	 4.891431E-15	 4.091009E-02	-2.146431E-15	 4.318660E-15	 2.094853E-02	-2.017135E-15	 4.797453E-15	 1.146522E-02	 6.136170E-16	 2.407172E-15	 6.835833E-03	 4.133469E-15	-1.778200E-16	 4.366214E-03	 4.430143E-15	-1.085654E-15	 3.089394E-03	 5.494299E-15	-1.390005E-15	 2.369106E-03	 3.151006E-15	-1.815668E-15	 1.981676E-03	 1.712784E-15	-2.831606E-16	 1.551616E-03	 1.130186E-15	-1.249961E-16	 1.220880E-03	 1.315991E-15	 1.237676E-15	 9.022345E-04	 2.194955E-15	 1.194987E-15	 6.125814E-04	 6.013324E-16	 1.937285E-15	 3.843118E-04	-1.465249E-15	 1.770215E-15	 2.172526E-04	-2.752985E-15	 6.897817E-16	 1.041903E-04	-2.503914E-15
0.80039	 3.629497E+00	-5.392643E-15	-6.456492E-15	 9.002199E-01	 6.928529E-15	-3.407755E-15	 3.356426E-01	 1.228585E-14	-4.445499E-15	 1.627364E-01	 1.133994E-14	-5.673961E-15	 8.478913E-02	 9.249709E-15	-4.609806E-15	 4.270401E-02	 5.970328E-15	-4.879760E-15	 2.201491E-02	 3.829118E-15	-3.036145E-15	 1.209805E-02	 2.380146E-15	-2.907464E-15	 7.201837E-03	 1.895211E-15	-3.531216E-15	 4.561715E-03	 7.942010E-16	-1.944963E-15	 3.196996E-03	 4.631304E-16	-1.384170E-15	 2.445598E-03	-2.456925E-18	-9.489873E-17	 2.058903E-03	-1.402290E-15	 3.307635E-16	 1.628875E-03	-1.026688E-15	 1.361751E-15	 1.306232E-03	-4.533027E-16	 1.169496E-15	 9.844324E-04	 1.950184E-16	 3.534901E-16	 6.839862E-04	 3.132579E-16	-6.940813E-17	 4.416904E-04	-4.020144E-16	-7.462910E-17	 2.593295E-04	-1.715548E-15	 8.863357E-16	 1.325222E-04	-9.803131E-16
0.80687	 3.620387E+00	-2.774483E-15	 4.800217E-15	 9.014907E-01	-3.920945E-15	 4.244645E-15	 3.372929E-01	 2.590828E-15	 6.142313E-15	 1.662896E-01	 9.379312E-16	 1.157212E-15	 8.776780E-02	 5.130674E-15	-8.694444E-16	 4.457726E-02	 4.439664E-15	-1.799698E-15	 2.315025E-02	 3.113231E-15	-2.697704E-15	 1.278510E-02	 1.603144E-15	-1.419488E-15	 7.604531E-03	-1.136942E-15	-2.341450E-15	 4.777142E-03	-2.813486E-15	 8.507103E-17	 3.312549E-03	-2.294768E-15	 9.480660E-16	 2.523243E-03	-4.062526E-15	 1.807068E-15	 2.133914E-03	-3.996803E-15	 1.867263E-15	 1.704088E-03	-3.434781E-15	 1.437915E-15	 1.392489E-03	-2.110499E-15	 9.496015E-16	 1.069935E-03	-1.483369E-16	-6.259017E-16	 7.605595E-04	 3.931080E-16	-1.311998E-15	 5.050945E-04	 5.497370E-17	-1.200208E-15	 3.071685E-04	-3.476549E-16	-1.248732E-15	 1.657060E-04	-2.533704E-16
0.81330	 3.611242E+00	 8.124744E-15	 4.883139E-16	 9.024065E-01	 8.058407E-15	-6.359443E-15	 3.387803E-01	 6.623870E-15	-3.085591E-15	 1.698920E-01	 5.906141E-15	-5.162000E-15	 9.083166E-02	 7.348970E-15	-4.956232E-15	 4.652881E-02	 4.795918E-15	-3.005741E-15	 2.435663E-02	 2.633517E-15	-2.404408E-15	 1.352998E-02	 1.435151E-15	-1.122508E-15	 8.047639E-03	 3.676174E-16	-3.451980E-16	 5.015582E-03	-1.602222E-15	-8.841859E-16	 3.438284E-03	-4.864712E-16	-8.989275E-16	 2.603106E-03	-2.518348E-15	-6.744259E-16	 2.206498E-03	-3.142100E-15	-7.822235E-16	 1.776447E-03	-1.087189E-15	-2.733329E-17	 1.478726E-03	-2.659621E-16	-1.052485E-15	 1.157979E-03	 7.757741E-16	 2.303367E-17	 8.419704E-04	-8.203059E-16	 1.575503E-16	 5.746240E-04	-1.500567E-15	-6.173024E-17	 3.611689E-04	-1.911488E-15	 1.470470E-15	 2.042943E-04	-2.369397E-15
0.81968	 3.602066E+00	 1.961609E-14	 2.751449E-15	 9.029685E-01	 1.947236E-14	-1.449187E-14	 3.401006E-01	 1.490125E-14	-1.648658E-14	 1.735396E-01	 1.492459E-14	-1.574090E-14	 9.397488E-02	 1.074383E-14	-1.151499E-14	 4.855524E-02	 3.878563E-15	-6.800154E-15	 2.563442E-02	 1.967997E-15	-2.493779E-15	 1.433525E-02	 4.932277E-16	-2.564416E-15	 8.534302E-03	 2.831606E-16	 3.786736E-16	 5.279958E-03	-2.010379E-15	 2.456925E-16	 3.576583E-03	-1.836552E-15	-3.934151E-16	 2.686477E-03	-2.468288E-15	-1.263781E-15	 2.276572E-03	-2.053989E-15	-2.331929E-15	 1.845145E-03	-3.593253E-16	-2.892415E-15	 1.563864E-03	 1.196830E-15	-1.895518E-15	 1.247554E-03	 1.575196E-15	-5.349954E-16	 9.276419E-04	 9.950547E-17	 3.799020E-16	 6.501795E-04	-1.416724E-15	 1.904117E-15	 4.216052E-04	-2.537389E-15	 1.073983E-15	 2.487945E-04	-1.310155E-15
0.82601	 3.592860E+00	 1.241269E-14	-1.192499E-14	 9.031767E-01	 2.633547E-14	-2.060132E-14	 3.412508E-01	 1.940787E-14	-2.087956E-14	 1.772293E-01	 1.708423E-14	-1.678172E-14	 9.719167E-02	 1.168759E-14	-9.479124E-15	 5.065307E-02	 3.912346E-15	-5.464509E-15	 2.698401E-02	 2.407479E-15	-1.956941E-15	 1.520355E-02	 1.375571E-15	-2.337457E-15	 9.067723E-03	 1.949570E-15	-1.168575E-15	 5.573408E-03	 7.742385E-16	 8.258339E-16	 3.730236E-03	 8.792721E-16	 2.638123E-16	 2.775054E-03	 1.443443E-17	 1.053100E-15	 2.344347E-03	-1.079511E-15	-7.088229E-16	 1.909530E-03	-6.713548E-16	-7.809951E-16	 1.646789E-03	 7.029877E-16	-6.652125E-16	 1.337491E-03	 4.628233E-16	-3.593253E-16	 1.016805E-03	-3.909582E-16	-1.132028E-15	 7.314895E-04	-4.287334E-16	-2.141824E-15	 4.886388E-04	-8.061785E-16	-1.583488E-15	 2.996743E-04	-4.603663E-16
0.83229	 3.583622E+00	-8.129044E-15	-7.509284E-15	 9.030265E-01	-4.118114E-15	-2.673442E-15	 3.422294E-01	-5.286996E-15	 1.785877E-15	 1.809595E-01	-5.093206E-15	 4.504772E-15	 1.004772E-01	-4.644203E-15	 5.420284E-15	 5.281980E-02	-6.757772E-15	 3.805163E-15	 2.840683E-02	-3.801170E-15	 3.343261E-15	 1.613820E-02	-1.989802E-15	 1.505481E-15	 9.651552E-03	-6.830252E-16	 2.116027E-16	 5.899523E-03	 3.184789E-16	 1.263167E-15	 3.902599E-03	 1.467706E-15	 1.875248E-15	 2.871068E-03	 3.470407E-16	 3.900061E-15	 2.410444E-03	 2.754827E-16	 3.900676E-15	 1.969208E-03	 3.178647E-16	 2.863239E-15	 1.726417E-03	 6.486282E-16	 2.142746E-15	 1.426503E-03	 5.525010E-16	 1.911488E-15	 1.108521E-03	 2.435427E-16	 1.081047E-15	 8.181187E-04	-9.059911E-17	 7.871374E-16	 5.623188E-04	-2.816250E-16	-8.504032E-16	 3.573616E-04	-4.287334E-16
0.83853	 3.574348E+00	-9.019986E-15	 2.467981E-15	 9.025157E-01	-1.350756E-14	 5.132209E-15	 3.430390E-01	-9.705775E-15	 1.088541E-14	 1.847277E-01	-1.053499E-14	 1.176744E-14	 1.038241E-01	-7.040933E-15	 9.468989E-15	 5.505146E-02	-7.321330E-15	 7.961973E-15	 2.990364E-02	-4.032735E-15	 4.964524E-15	 1.714217E-02	-1.699578E-15	 2.543532E-15	 1.028924E-02	-8.439538E-16	 9.800060E-16	 6.261996E-03	-1.709406E-15	-3.071156E-17	 4.097430E-03	-1.523294E-16	-4.023215E-16	 2.977225E-03	-2.351277E-15	-4.923064E-16	 2.475921E-03	 3.881942E-16	 2.066888E-16	 2.024074E-03	 1.696200E-15	 8.875642E-16	 1.801692E-03	 3.061022E-15	 9.753993E-16	 1.513152E-03	 2.645494E-15	-4.508458E-16	 1.201615E-03	 1.509166E-15	 8.289051E-16	 9.093748E-04	 6.173024E-16	 2.714902E-16	 6.424900E-04	 3.909582E-16	-7.309352E-17	 4.221664E-04	 4.364113E-16
0.84471	 3.565045E+00	 1.164060E-14	 5.493992E-15	 9.016622E-01	 1.297471E-14	-1.483983E-15	 3.436914E-01	 1.143084E-14	-2.285555E-15	 1.885260E-01	 5.138352E-15	-5.286074E-15	 1.072159E-01	 3.055801E-15	-4.729274E-15	 5.733618E-02	-1.389698E-15	-3.441845E-15	 3.146941E-02	-1.354994E-15	-1.710941E-15	 1.821438E-02	-6.473998E-16	-2.433277E-15	 1.098153E-02	 4.797146E-16	-2.795059E-15	 6.662996E-03	 1.461870E-16	-4.027207E-15	 4.317863E-03	 2.283098E-15	-5.314636E-15	 3.096111E-03	-1.093332E-16	-5.443625E-15	 2.541996E-03	 1.834095E-15	-4.111357E-15	 2.074197E-03	 2.956602E-15	-3.941215E-15	 1.871492E-03	 3.287673E-15	-3.139029E-15	 1.595727E-03	 3.942136E-15	-1.652896E-15	 1.294482E-03	 2.806116E-15	-1.045729E-15	 1.004069E-03	 1.426552E-15	-9.557439E-16	 7.285400E-04	 6.968454E-16	 1.434230E-16	 4.940460E-04	 9.803131E-16
0.85086	 3.555719E+00	 1.294738E-14	 1.364730E-14	 9.004943E-01	 8.988660E-15	 5.457138E-15	 3.442066E-01	 5.854852E-15	 1.658424E-15	 1.923436E-01	-1.339638E-15	-2.928040E-15	 1.106310E-01	-5.201310E-15	-1.829795E-15	 5.965803E-02	-8.344025E-15	-2.406865E-15	 3.309597E-02	-8.271238E-15	-3.178647E-16	 1.935143E-02	-6.945727E-15	-4.014001E-16	 1.172766E-02	-4.474061E-15	-6.277444E-16	 7.103919E-03	-3.082520E-15	-8.285980E-16	 4.566811E-03	-6.731975E-16	-1.413960E-15	 3.230430E-03	-6.913173E-16	-5.442089E-16	 2.610297E-03	-1.305241E-16	 1.051564E-15	 2.120083E-03	-4.238196E-17	-8.783507E-17	 1.934911E-03	-9.674143E-17	-3.028160E-16	 1.672515E-03	-7.226431E-16	-4.791004E-16	 1.385296E-03	-5.804486E-16	-2.321794E-16	 1.100644E-03	-1.799698E-16	 2.300296E-16	 8.194584E-04	 2.026963E-17	 1.023616E-15	 5.726101E-04	 1.891832E-16
0.85696	 3.546378E+00	 8.392549E-15	-1.096741E-14	 8.990503E-01	 2.149748E-14	-1.320567E-14	 3.446153E-01	 1.297195E-14	-1.404593E-14	 1.961689E-01	 9.889123E-15	-1.299529E-14	 1.140441E-01	 4.723746E-15	-8.409747E-15	 6.199731E-02	 1.382327E-15	-4.766435E-15	 3.477155E-02	-1.346702E-15	-5.862837E-16	 2.054687E-02	-1.697735E-15	 1.337796E-15	 1.252467E-02	-1.596387E-15	 1.367586E-15	 7.584889E-03	-2.121862E-15	 2.368783E-15	 4.846552E-03	-1.301249E-15	 2.287704E-15	 3.382717E-03	-2.521419E-16	 3.119374E-15	 2.682736E-03	-5.104262E-16	 3.040752E-15	 2.162670E-03	-1.502103E-15	 2.845119E-15	 1.991344E-03	-1.900739E-15	 2.280026E-15	 1.741936E-03	-1.983660E-15	 1.184545E-15	 1.472110E-03	-1.855900E-15	-8.967777E-17	 1.197227E-03	-2.317187E-15	-1.744417E-16	 9.138352E-04	-2.116334E-15	-8.289051E-16	 6.570733E-04	-1.013789E-15
0.86301	 3.537033E+00	-1.145541E-15	 4.285799E-15	 8.973826E-01	-9.553139E-15	 1.510088E-15	 3.449605E-01	-8.257111E-15	 1.221706E-15	 1.999899E-01	-1.293878E-15	-3.224714E-17	 1.174267E-01	-5.859766E-16	-1.459721E-15	 6.433002E-02	-2.327937E-16	 3.255426E-17	 3.647919E-02	-8.725155E-16	 1.163354E-15	 2.178948E-02	-1.195908E-15	 1.652282E-15	 1.336601E-02	 1.026688E-15	 1.273301E-15	 8.103579E-03	 1.393998E-15	 3.691530E-16	 5.157778E-03	 1.363901E-15	 8.801934E-16	 3.554667E-03	-3.083441E-16	-4.207484E-17	 2.761117E-03	 9.532869E-16	-1.870334E-16	 2.203114E-03	 5.018269E-16	-3.212430E-16	 2.040443E-03	 2.383217E-16	 8.362759E-16	 1.802601E-03	 6.639840E-16	 9.385454E-16	 1.552928E-03	 6.735046E-16	 5.417520E-16	 1.291662E-03	 4.686585E-16	 1.317526E-16	 1.009842E-03	-8.193845E-16	-3.009733E-16	 7.461781E-04	-1.263167E-15
0.86903	 3.527679E+00	-8.643770E-15	-7.779546E-15	 8.955303E-01	-4.826936E-15	-5.890785E-15	 3.452857E-01	-1.771443E-15	-3.842938E-15	 2.037994E-01	 5.001992E-15	-1.325818E-15	 1.207574E-01	 6.547705E-15	 2.337150E-16	 6.663816E-02	 2.616011E-15	-3.642391E-16	 3.820533E-02	 6.483211E-16	-8.743582E-16	 2.306965E-02	 4.907708E-16	-2.354348E-15	 1.424594E-02	 2.674363E-15	-3.627036E-15	 8.658101E-03	 2.828228E-15	-3.587418E-15	 5.501355E-03	 2.487022E-15	-2.630138E-15	 3.748193E-03	 1.105309E-15	-3.631335E-15	 2.847736E-03	 1.594544E-15	-2.014986E-15	 2.243156E-03	 2.001780E-15	-1.457571E-15	 2.082462E-03	 1.811982E-15	-1.702342E-15	 1.853683E-03	 2.419764E-15	-8.703657E-16	 1.626106E-03	 2.215532E-15	-5.890478E-16	 1.381943E-03	 2.123398E-15	 6.910102E-17	 1.105634E-03	 1.254874E-15	 3.488834E-16	 8.385316E-04	 1.204815E-15
0.87500	 3.518303E+00	-5.454374E-16	 1.541659E-14	 8.935283E-01	-7.354191E-15	 1.317158E-14	 3.456387E-01	-4.969438E-15	 8.015104E-15	 2.075924E-01	-2.290468E-15	 6.747023E-15	 1.240189E-01	 2.800895E-16	 5.697916E-15	 6.890697E-02	-4.391754E-15	 3.555785E-15	 3.993733E-02	-7.016057E-15	 3.482691E-15	 2.437745E-02	-7.392580E-15	 1.050335E-15	 1.515815E-02	-4.733573E-15	-5.798343E-16	 9.246000E-03	-3.682316E-15	-3.160220E-16	 5.877586E-03	-1.706949E-15	-1.474155E-17	 3.964957E-03	-1.760387E-15	 1.225391E-15	 2.945072E-03	-2.479345E-15	 2.025121E-15	 2.284871E-03	-2.102514E-15	 2.653172E-15	 2.118099E-03	-2.229352E-15	 1.118515E-15	 1.894824E-03	-1.529129E-15	 5.718493E-16	 1.690297E-03	-2.172843E-15	-2.515277E-16	 1.466192E-03	-2.249622E-15	-4.714225E-16	 1.199336E-03	-2.262214E-15	 1.139399E-16	 9.325812E-04	-2.001165E-15
0.88093	 3.508895E+00	-2.706917E-15	-1.128589E-14	 8.914239E-01	 1.603696E-14	-4.531798E-15	 3.460771E-01	 1.302785E-14	-7.642265E-15	 2.113636E-01	 1.200239E-14	-8.992039E-15	 1.271933E-01	 1.161081E-14	-7.530475E-15	 7.111930E-02	 5.167835E-15	-8.294886E-15	 4.165817E-02	 5.718493E-16	-3.022632E-15	 2.569862E-02	-2.199869E-15	-2.740393E-15	 1.609293E-02	-5.396022E-16	-2.234266E-15	 9.862102E-03	-8.301336E-16	-1.094560E-15	 6.284639E-03	 1.143699E-15	-1.023002E-15	 4.205342E-03	 1.508245E-15	 1.667638E-16	 3.055114E-03	 1.207272E-15	 6.735046E-16	 2.330240E-03	 4.677371E-16	 1.372193E-15	 2.148276E-03	-3.378272E-17	 1.296335E-15	 1.926020E-03	-3.534901E-16	 8.261411E-17	 1.744370E-03	-1.504867E-15	 6.722761E-16	 1.542579E-03	-1.985810E-15	 1.065998E-15	 1.288943E-03	-1.961240E-15	 1.097938E-15	 1.026487E-03	-1.201743E-15
0.88682	 3.499444E+00	-1.259696E-14	 7.032948E-17	 8.892729E-01	-1.887563E-14	 8.291201E-15	 3.466622E-01	-1.324805E-14	 1.318232E-14	 2.151064E-01	-1.017566E-14	 9.615176E-15	 1.302635E-01	-5.440553E-15	 7.606026E-15	 7.325776E-02	-3.590489E-15	 3.250512E-15	 4.334854E-02	-3.498968E-15	 3.633485E-15	 2.701629E-02	-4.818030E-15	 3.857680E-15	 1.703835E-02	-3.256040E-15	 1.891525E-15	 1.049916E-02	-2.651636E-15	 1.187923E-15	 6.718801E-03	-1.800005E-15	 3.359845E-16	 4.468512E-03	-4.238196E-17	 3.068085E-16	 3.179269E-03	-2.819322E-16	 1.062006E-15	 2.381052E-03	-5.251677E-16	 1.339331E-15	 2.174144E-03	 6.418717E-17	 2.602498E-15	 1.947692E-03	-2.263442E-16	 2.596048E-15	 1.787551E-03	-9.357813E-16	 3.399770E-15	 1.609516E-03	-2.226588E-16	 3.394242E-15	 1.372507E-03	-7.985007E-17	 2.312581E-15	 1.118266E-03	 1.161204E-15
0.89268	 3.489938E+00	-3.686309E-15	-6.442979E-15	 8.871241E-01	 9.695641E-16	-1.702956E-15	 3.474503E-01	 1.194987E-15	 3.460272E-15	 2.188147E-01	 2.646108E-15	 2.106506E-15	 1.332185E-01	 3.998031E-15	 2.802737E-15	 7.531000E-02	 2.579771E-15	 2.012222E-15	 4.499185E-02	-1.418874E-15	 2.964280E-15	 2.831533E-02	-3.527837E-15	 4.414173E-15	 1.798361E-02	-5.184726E-15	 3.563463E-15	 1.115017E-02	-6.150605E-15	 2.745614E-15	 7.176046E-03	-5.071708E-15	 1.883847E-15	 4.753410E-03	-4.395132E-15	 1.204200E-15	 3.318875E-03	-3.724084E-15	 1.939128E-15	 2.439159E-03	-2.819322E-15	 1.979975E-15	 2.197247E-03	-2.048461E-15	 1.044500E-15	 1.960815E-03	-1.551241E-15	 8.614594E-16	 1.819616E-03	-1.010103E-15	 3.356774E-16	 1.665913E-03	 5.374524E-17	-5.239393E-16	 1.448426E-03	 1.164582E-15	-6.817967E-17	 1.206101E-03	 9.585079E-16
0.89849	 3.480371E+00	 7.292461E-15	-4.127634E-15	 8.850437E-01	 1.553667E-14	-1.504007E-14	 3.485012E-01	 1.870027E-14	-1.615950E-14	 2.224811E-01	 1.848283E-14	-1.651484E-14	 1.360471E-01	 1.654862E-14	-1.333527E-14	 7.726058E-02	 1.176836E-14	-8.516931E-15	 4.656622E-02	 4.869933E-15	-4.622397E-15	 2.957568E-02	 1.808297E-15	-1.261631E-15	 1.891388E-02	 1.021159E-15	-9.898337E-16	 1.180444E-02	-1.741653E-15	 3.319920E-16	 7.649128E-03	-8.798863E-16	 7.505906E-16	 5.056688E-03	-8.525530E-16	 6.050178E-17	 3.473713E-03	-2.450783E-15	-9.290248E-16	 2.505479E-03	-2.828842E-15	-8.034145E-16	 2.218888E-03	-2.702003E-15	-6.538492E-16	 1.966508E-03	-1.176253E-15	-9.572794E-16	 1.840625E-03	 5.497370E-17	-2.196491E-15	 1.710983E-03	-3.599395E-16	-2.512820E-15	 1.515269E-03	-5.374524E-16	-2.252079E-15	 1.288148E-03	 4.867783E-16
0.90427	 3.470743E+00	 8.180946E-15	 1.355486E-14	 8.830920E-01	-9.406952E-16	-2.196184E-15	 3.498641E-01	 8.439845E-15	-4.222533E-15	 2.261003E-01	 7.408550E-15	-6.348080E-15	 1.387455E-01	 8.426332E-15	-7.236259E-15	 7.909891E-02	 6.320440E-15	-4.451641E-15	 4.805200E-02	 9.099836E-16	-3.534901E-15	 3.077849E-02	 4.539169E-16	-2.581921E-15	 1.981475E-02	 1.483061E-15	-3.312549E-15	 1.245082E-02	 1.167039E-16	-2.377996E-15	 8.129920E-03	-2.840820E-16	-2.168851E-15	 5.374181E-03	 5.448231E-16	-1.896439E-15	 3.642760E-03	-3.286137E-16	-1.235219E-15	 2.580368E-03	-1.546634E-15	-9.317888E-16	 2.240271E-03	-1.671938E-15	-2.241944E-17	 1.966095E-03	-8.897140E-16	 6.707405E-16	 1.851080E-03	-7.720887E-16	-3.396699E-16	 1.744483E-03	-7.204933E-16	-9.551296E-17	 1.572099E-03	-1.193758E-15	-2.410858E-16	 1.362922E-03	-1.507631E-15
0.91001	 3.461051E+00	 2.682655E-15	-7.934332E-15	 8.813054E-01	 1.566843E-14	-5.845332E-15	 3.515619E-01	 1.676544E-14	-5.386808E-15	 2.296715E-01	 1.376093E-14	-5.099962E-15	 1.413219E-01	 1.060132E-14	-4.146368E-15	 8.082488E-02	 6.665331E-15	-4.178308E-15	 4.943768E-02	-5.804486E-16	-3.191239E-15	 3.191072E-02	 1.105923E-15	-3.325755E-15	 2.067556E-02	 1.646754E-15	-2.827921E-15	 1.308018E-02	 9.244181E-17	-3.487912E-15	 8.611339E-03	 4.775648E-16	-3.148550E-15	 5.702161E-03	 1.090261E-16	-3.156227E-15	 3.824872E-03	 1.010103E-15	-1.729368E-15	 2.663982E-03	-5.736920E-16	-2.315038E-15	 2.262594E-03	 2.429285E-16	-4.170630E-16	 1.961022E-03	-5.743062E-17	-3.504189E-16	 1.851862E-03	-3.986361E-16	 2.152881E-16	 1.766697E-03	-1.216792E-15	 8.897140E-16	 1.618552E-03	-2.318416E-15	 1.010103E-15	 1.429478E-03	-1.957248E-15
0.91572	 3.451298E+00	-2.932954E-16	 4.900644E-15	 8.796913E-01	-3.323913E-15	 7.320408E-15	 3.535825E-01	-1.929915E-15	 7.039705E-15	 2.331984E-01	-3.439695E-16	 2.360798E-15	 1.437975E-01	 9.898337E-16	 2.893029E-16	 8.245002E-02	 1.945885E-15	 1.925615E-16	 5.072191E-02	-1.365129E-15	 2.288319E-15	 3.296661E-02	 2.088386E-17	 1.420410E-15	 2.149007E-02	 1.058935E-15	 2.256686E-15	 1.368614E-02	-1.173489E-15	 2.342985E-15	 9.088134E-03	 1.820581E-15	 5.546508E-16	 6.037907E-03	 5.322314E-16	-7.613397E-16	 4.019137E-03	 2.541382E-15	 3.835874E-16	 2.756524E-03	 1.332575E-15	-1.250575E-15	 2.287071E-03	 1.590245E-15	-1.447436E-15	 1.952721E-03	 1.185159E-15	-1.071834E-16	 1.844066E-03	 1.060777E-15	-7.693247E-16	 1.778258E-03	 8.138564E-16	-6.762686E-16	 1.654701E-03	-3.989432E-16	-8.427253E-16	 1.487361E-03	-2.942168E-16
0.92139	 3.441488E+00	-1.986424E-15	 8.190774E-16	 8.782185E-01	-7.865231E-15	 2.145817E-15	 3.558707E-01	-8.322834E-15	 2.332543E-15	 2.366900E-01	-2.413008E-15	-2.959059E-15	 1.462068E-01	 2.373083E-15	-3.733912E-15	 8.399969E-02	 5.168756E-15	-2.353120E-15	 5.191665E-02	 4.439664E-15	-2.705689E-16	 3.395021E-02	 6.023766E-15	 1.307698E-15	 2.225832E-02	 7.545524E-15	 2.305824E-15	 1.426670E-02	 3.975919E-15	 2.980250E-15	 9.558513E-03	 4.248945E-15	 2.483644E-15	 6.380952E-03	 1.339638E-15	 1.022388E-15	 4.225826E-03	 5.147258E-16	 1.833480E-15	 2.858967E-03	 1.811982E-17	 3.792878E-16	 2.315332E-03	 1.305241E-16	 8.875642E-17	 1.942746E-03	 2.094529E-16	-3.897297E-16	 1.828983E-03	 5.961114E-16	-3.878870E-16	 1.780020E-03	 3.264639E-16	-1.088418E-15	 1.680921E-03	-4.314975E-16	-1.527286E-15	 1.536531E-03	 1.246889E-16
0.92702	 3.431635E+00	-1.362089E-14	-1.425938E-15	 8.768194E-01	-1.647000E-14	 7.005615E-15	 3.583279E-01	-1.514387E-14	 1.245937E-14	 2.401601E-01	-1.547556E-14	 1.021067E-14	 1.485956E-01	-1.246613E-14	 9.297312E-15	 8.551183E-02	-8.830189E-15	 7.585142E-15	 5.304699E-02	-7.734400E-15	 7.427899E-15	 3.487490E-02	-2.832528E-15	 7.036326E-15	 2.298570E-02	-6.676694E-16	 6.298327E-15	 1.482374E-02	-1.542335E-15	 5.787594E-15	 1.002402E-02	-1.699885E-15	 6.107916E-15	 6.733058E-03	-2.968887E-15	 4.768584E-15	 4.446467E-03	-4.273207E-15	 4.179844E-15	 2.973211E-03	-4.071739E-15	 2.978715E-15	 2.349513E-03	-3.527837E-15	 2.554895E-15	 1.932746E-03	-2.979022E-15	 2.749913E-15	 1.807968E-03	-2.042933E-15	 1.823346E-15	 1.772835E-03	-2.172536E-15	 2.148274E-15	 1.697609E-03	-1.619728E-15	 1.519608E-15	 1.577100E-03	-1.062927E-15
0.93263	 3.421745E+00	-9.858412E-15	 3.329133E-16	 8.753696E-01	-7.199712E-15	 4.714532E-15	 3.608052E-01	-3.083748E-15	 7.027113E-15	 2.436254E-01	-6.888911E-15	 5.918425E-15	 1.510234E-01	-6.825645E-15	 3.880713E-15	 8.704258E-02	-5.892321E-15	 2.752370E-15	 5.415768E-02	-6.169953E-15	 2.563801E-15	 3.576914E-02	-1.941585E-15	 1.688829E-15	 2.368751E-02	-5.543437E-16	 1.291421E-15	 1.536674E-02	-7.766954E-16	-1.535578E-18	 1.049276E-02	 1.741346E-16	-1.105616E-16	 7.100780E-03	-1.145848E-15	 8.829575E-16	 4.685883E-03	-3.519545E-16	-2.631981E-16	 3.103648E-03	-4.824787E-16	-7.601112E-16	 2.393322E-03	 7.908228E-16	-2.862318E-16	 1.925088E-03	 1.417646E-15	-9.778562E-16	 1.782686E-03	 1.395533E-15	-1.876477E-16	 1.757577E-03	 1.577960E-15	-4.453177E-17	 1.705090E-03	 9.330173E-16	 7.981935E-16	 1.609223E-03	-1.059549E-16
0.93819	 3.411835E+00	-2.548446E-15	 1.348545E-14	 8.737261E-01	-1.317710E-14	 7.742999E-15	 3.631259E-01	-3.992810E-15	 7.935254E-15	 2.471027E-01	-3.272010E-15	 3.784586E-15	 1.535509E-01	-2.408401E-15	-1.513466E-15	 8.865251E-02	-5.005985E-17	-1.835630E-15	 5.530114E-02	 9.520585E-18	-8.669874E-16	 3.666713E-02	 3.324834E-15	-1.831638E-15	 2.438145E-02	 4.224683E-15	-1.735818E-15	 1.590707E-02	 2.143053E-15	-1.592395E-15	 1.097529E-02	 2.422835E-15	-1.977825E-15	 7.492583E-03	-8.952421E-16	-2.585914E-15	 4.950403E-03	-1.698349E-16	-1.826110E-15	 3.256253E-03	-1.273609E-15	-1.119129E-15	 2.451699E-03	 4.053926E-17	-1.478455E-15	 1.922824E-03	 1.050335E-15	-9.155117E-16	 1.755113E-03	 7.275569E-16	-5.128831E-16	 1.735061E-03	 8.052572E-16	 4.760292E-17	 1.703351E-03	 4.026286E-16	 5.061266E-16	 1.632656E-03	 5.491228E-16
0.94373	 3.401940E+00	-5.254441E-15	 5.233558E-15	 8.717425E-01	-1.034120E-14	 2.016521E-15	 3.650993E-01	-5.537602E-15	 4.955925E-15	 2.506086E-01	-4.156503E-15	 3.180182E-15	 1.562352E-01	-1.495346E-15	-9.793918E-16	 9.040049E-02	-7.981935E-16	-1.483369E-16	 5.653219E-02	 9.059911E-17	 2.440341E-15	 3.760459E-02	 3.301186E-15	 3.108624E-15	 2.508409E-02	 4.281499E-15	 2.529711E-15	 1.645515E-02	 1.665795E-15	 1.590552E-15	 1.148248E-02	 2.701389E-15	 1.468627E-15	 7.917109E-03	 1.007032E-15	 2.085315E-16	 5.246714E-03	 1.729061E-16	-4.886210E-16	 3.438028E-03	-9.130548E-16	-1.466170E-15	 2.530647E-03	-3.863515E-16	-1.115751E-15	 1.929781E-03	-2.057675E-16	-9.446877E-16	 1.727721E-03	-1.934829E-16	-7.960437E-16	 1.706219E-03	 1.107152E-15	-1.011639E-15	 1.692109E-03	 7.619539E-16	-1.440372E-15	 1.646667E-03	 1.338103E-15
0.94923	 3.392066E+00	 1.512299E-14	 5.927332E-16	 8.692092E-01	 1.711463E-14	-5.892628E-15	 3.665030E-01	 9.545154E-15	-9.667693E-15	 2.541646E-01	 9.062061E-15	-1.050520E-14	 1.591443E-01	 6.378792E-15	-1.069377E-14	 9.236233E-02	 3.488834E-15	-8.390706E-15	 5.792637E-02	 1.723226E-15	-4.283035E-15	 3.863418E-02	 3.588646E-15	-3.215808E-15	 2.582291E-02	 5.161078E-15	-2.067502E-15	 1.702980E-02	 3.052422E-15	-7.521262E-16	 1.203244E-02	 3.516167E-15	-1.653818E-15	 8.388103E-03	 3.280609E-15	-2.482109E-15	 5.585672E-03	 2.842969E-15	-2.369704E-15	 3.659954E-03	 2.228431E-15	-3.025703E-15	 2.639145E-03	 2.456925E-15	-2.818400E-15	 1.951679E-03	 2.342064E-15	-3.107703E-15	 1.704021E-03	 1.565983E-15	-3.461500E-15	 1.672255E-03	 2.008229E-15	-2.606490E-15	 1.670784E-03	 1.871256E-15	-2.451397E-15	 1.649994E-03	 1.836859E-15
0.95470	 3.382208E+00	 2.837871E-14	 3.441906E-14	 8.658875E-01	 2.220139E-15	 2.121678E-14	 3.671051E-01	-5.121767E-15	 1.689167E-14	 2.577938E-01	-8.596781E-15	 1.075703E-14	 1.623428E-01	-1.342341E-14	 4.037035E-15	 9.461464E-02	-1.141979E-14	 9.714068E-16	 5.956678E-02	-1.097263E-14	 1.529743E-15	 3.981578E-02	-7.059053E-15	-7.435270E-16	 2.662917E-02	-3.839867E-15	-1.618499E-15	 1.765346E-02	-2.027270E-15	 5.847482E-16	 1.264712E-02	-2.233038E-15	 5.337670E-16	 8.921923E-03	-1.529436E-15	-6.332724E-16	 5.981482E-03	-1.153219E-15	 3.688459E-16	 3.937543E-03	-1.951106E-15	-1.163968E-16	 2.790223E-03	-5.693924E-16	 2.063817E-16	 1.997553E-03	-1.489511E-15	-2.420071E-16	 1.690012E-03	-2.376768E-15	-1.222320E-16	 1.635773E-03	-1.846686E-15	-3.101868E-17	 1.639192E-03	-2.557045E-15	 3.378272E-17	 1.641081E-03	-2.012836E-15
0.96014	 3.372389E+00	 5.748898E-15	 3.289208E-16	 8.615679E-01	 6.981967E-15	-4.208406E-15	 3.666961E-01	 4.185986E-15	-2.691254E-15	 2.615361E-01	 2.763734E-15	-1.282515E-15	 1.658860E-01	-1.042350E-15	-1.691593E-15	 9.722148E-02	-2.312888E-15	-1.065998E-15	 6.153017E-02	-3.228707E-15	 3.498047E-16	 4.120110E-02	-7.607254E-16	 1.214642E-15	 2.752233E-02	-1.873405E-16	 6.102388E-16	 1.833842E-02	 1.216485E-15	 1.326125E-15	 1.333916E-02	 9.514442E-16	 1.381099E-15	 9.524777E-03	-2.472281E-16	-9.913693E-16	 6.441521E-03	 1.873405E-17	 5.660141E-16	 4.283335E-03	-9.210398E-16	-9.520585E-18	 2.995202E-03	-5.472801E-16	-9.182758E-17	 2.075993E-03	-1.198979E-15	 1.333803E-15	 1.692086E-03	-1.213107E-15	 5.199468E-16	 1.599541E-03	-8.485605E-16	-2.229660E-16	 1.596788E-03	-1.032523E-15	 2.561344E-16	 1.617484E-03	-8.405755E-16
0.96555	 3.362496E+00	-1.437055E-14	 7.407629E-15	 8.558243E-01	-2.906297E-14	 1.182395E-14	 3.649726E-01	-2.545866E-14	 1.384447E-14	 2.654117E-01	-2.225636E-14	 1.545129E-14	 1.698429E-01	-1.806669E-14	 1.367340E-14	 1.002913E-01	-1.459536E-14	 9.812959E-15	 6.395513E-02	-8.856601E-15	 9.494480E-15	 4.290082E-02	-2.366019E-15	 8.091576E-15	 2.857331E-02	-1.166425E-15	 7.638887E-15	 1.914414E-02	-2.122169E-16	 5.592883E-15	 1.415941E-02	 1.333496E-15	 4.777798E-15	 1.023137E-02	-6.854821E-16	 1.811368E-15	 6.999233E-03	 5.650928E-17	 1.665488E-15	 4.733220E-03	-4.926135E-16	 9.987400E-16	 3.283045E-03	 1.394305E-16	 1.173182E-16	 2.209336E-03	 9.815416E-16	-1.197751E-16	 1.726708E-03	 9.646502E-16	 5.177970E-16	 1.572384E-03	 7.582685E-16	 6.019466E-16	 1.546185E-03	-3.329133E-16	 1.285586E-15	 1.578092E-03	-4.333402E-16
0.97093	 3.352766E+00	-6.942963E-15	 5.273790E-15	 8.486634E-01	-8.011726E-15	 1.661188E-14	 3.618138E-01	-1.661588E-14	 1.039740E-14	 2.695349E-01	-1.378826E-14	 9.150203E-15	 1.742139E-01	-1.243603E-14	 7.165315E-15	 1.038001E-01	-1.067780E-14	 2.319030E-15	 6.684682E-02	-4.126406E-15	 7.054446E-16	 4.488560E-02	 4.455941E-15	-5.021341E-16	 2.972082E-02	 5.201003E-15	-5.423662E-16	 2.002644E-02	 6.466013E-15	 8.792721E-16	 1.507295E-02	 5.156779E-15	 6.378792E-16	 1.100106E-02	 1.374957E-15	 3.759095E-16	 7.634019E-03	 9.234967E-16	 4.201342E-16	 5.286646E-03	-8.421111E-16	 2.653479E-16	 3.656534E-03	-1.181781E-15	 9.812345E-16	 2.405853E-03	-1.559533E-15	 1.371578E-15	 1.805643E-03	-1.538342E-15	 1.235219E-15	 1.562614E-03	-1.289886E-15	 2.742543E-16	 1.491692E-03	-1.238290E-15	 8.445680E-17	 1.523771E-03	-2.877674E-16
0.97628	 3.342517E+00	-8.201062E-15	-1.034673E-15	 8.384444E-01	-4.715914E-15	 5.380820E-15	 3.562785E-01	-1.192561E-14	 2.354656E-15	 2.739921E-01	-1.332375E-14	 1.495653E-15	 1.792848E-01	-1.128251E-14	 2.759280E-15	 1.082315E-01	-1.030527E-14	 3.142100E-15	 7.076420E-02	-2.805194E-15	 2.976258E-15	 4.759048E-02	 4.842446E-15	 3.657440E-15	 3.127552E-02	 5.883721E-15	 1.482140E-15	 2.123678E-02	 9.655562E-15	 3.489294E-15	 1.625472E-02	 8.888080E-15	 8.120137E-16	 1.194364E-02	 6.697424E-15	 8.815754E-16	 8.456020E-03	 6.482290E-15	 6.008717E-16	 6.049008E-03	 3.519699E-15	-3.693066E-16	 4.195708E-03	 2.510056E-15	 2.636588E-16	 2.733031E-03	 2.227510E-15	-2.774790E-16	 1.979269E-03	 7.955831E-16	-8.150849E-16	 1.596417E-03	 9.439199E-16	-5.617145E-16	 1.443395E-03	 6.289728E-16	-1.462792E-15	 1.454583E-03	 6.294335E-16
0.98160	 3.331961E+00	 5.655227E-15	 6.081043E-15	 8.252653E-01	-5.334599E-15	 1.230305E-15	 3.483232E-01	-9.302993E-15	 4.412177E-15	 2.787149E-01	-1.348038E-14	 1.685297E-15	 1.848216E-01	-1.373836E-14	 3.824665E-15	 1.134035E-01	-1.412563E-14	 7.642419E-15	 7.561596E-02	-8.570676E-15	 7.252689E-15	 5.094384E-02	-3.619818E-15	 7.052296E-15	 3.323304E-02	-3.984211E-15	 4.588308E-15	 2.283753E-02	 2.451858E-15	 5.646782E-15	 1.772769E-02	 2.739625E-15	 3.126744E-15	 1.305547E-02	 2.196030E-15	 2.269124E-15	 9.500713E-03	 3.568069E-15	 1.642301E-15	 7.051743E-03	 2.126776E-16	 3.530294E-16	 4.926561E-03	 7.611861E-16	-3.230856E-16	 3.242977E-03	 1.249500E-15	-4.152203E-16	 2.301036E-03	 1.676851E-16	 7.929726E-16	 1.719557E-03	-2.966737E-16	 1.527900E-16	 1.442919E-03	 5.915047E-16	-3.068085E-16	 1.399941E-03	-2.172843E-16
0.98689	 3.322548E+00	 3.619818E-15	 2.399494E-15	 8.092852E-01	-5.638643E-16	-3.276924E-15	 3.373831E-01	 3.213965E-16	 2.721045E-16	 2.847981E-01	-1.959398E-15	-2.633517E-15	 1.912291E-01	-1.804151E-15	-2.101285E-15	 1.193022E-01	-3.231931E-15	 4.146061E-18	 8.122260E-02	-7.625681E-16	-1.273916E-15	 5.448443E-02	 2.704307E-15	-1.801233E-15	 3.514419E-02	 8.391935E-16	-2.739932E-15	 2.453648E-02	 3.842938E-15	-2.382296E-15	 1.917382E-02	 4.501855E-15	-1.899050E-15	 1.406422E-02	 2.583610E-15	-2.913913E-15	 1.064525E-02	 4.697794E-15	-2.609101E-15	 8.171905E-03	 2.920209E-15	-2.704921E-15	 5.744486E-03	 3.188782E-15	-1.630938E-15	 3.896852E-03	 2.147506E-15	-2.045851E-15	 2.739925E-03	 1.929608E-15	-1.808604E-15	 1.917787E-03	 1.381406E-15	-2.692176E-15	 1.504526E-03	 1.424402E-15	-1.691439E-15	 1.380442E-03	 7.538153E-16
0.99216	 3.309076E+00	-1.282361E-15	 1.109655E-14	 7.717362E-01	-1.091858E-14	 4.721749E-15	 3.111402E-01	-4.682285E-15	 1.171262E-14	 2.940357E-01	-1.203325E-14	 9.260918E-15	 2.005672E-01	-9.605502E-15	 5.805560E-15	 1.306051E-01	-9.599513E-15	 5.672886E-15	 9.361971E-02	-7.505599E-15	 2.160405E-15	 6.289194E-02	-5.021187E-15	 6.629091E-16	 4.068589E-02	-4.391754E-15	 6.887068E-16	 2.913144E-02	-2.134300E-15	 9.079874E-16	 2.218077E-02	-1.532046E-15	 1.040354E-15	 1.623731E-02	-1.704492E-17	 1.004422E-15	 1.320051E-02	 1.627252E-15	 1.388470E-15	 1.045104E-02	 1.733514E-15	 1.257639E-15	 7.762374E-03	 1.837319E-15	 1.056017E-15	 5.753720E-03	 2.391356E-15	 1.095021E-15	 4.066222E-03	 1.422867E-15	 9.448413E-16	 2.761088E-03	 1.573661E-15	 5.761489E-16	 1.968696E-03	-3.531830E-16	 4.279656E-16	 1.529608E-03	-1.064463E-15
0.99739	 3.287782E+00	-1.073523E-15	 2.959673E-15	 6.921230E-01	-6.665791E-15	-8.278302E-16	 2.597393E-01	-3.681856E-15	 6.950488E-15	 3.060962E-01	-1.072340E-14	 5.085067E-15	 2.040609E-01	-1.080586E-14	 4.625622E-15	 1.493799E-01	-1.313733E-14	 6.080122E-15	 1.184687E-01	-1.413791E-14	 4.119803E-15	 8.080278E-02	-1.216746E-14	 3.996496E-15	 5.649396E-02	-9.646963E-15	 4.673993E-15	 4.200638E-02	-9.299001E-15	 3.675406E-15	 2.972928E-02	-6.701877E-15	 4.039646E-15	 2.201689E-02	-3.233467E-15	 5.727860E-15	 1.818829E-02	-3.425107E-15	 5.604093E-15	 1.434147E-02	-5.683175E-16	 5.155857E-15	 1.201049E-02	 5.839804E-16	 4.811734E-15	 9.871913E-03	 1.374342E-16	 3.410673E-15	 7.940756E-03	 2.482262E-15	 3.809923E-15	 6.091351E-03	 2.841127E-15	 4.370102E-15	 4.530299E-03	 1.998555E-15	 1.912870E-15	 3.347656E-03	 1.884615E-15
