           1 -0.72255458568426023     
           2 -0.74415763059755169     
           3 -0.75807366931485620     
           4 -0.76881377095002257     
           5 -0.77770095952360196     
           6 -0.78534159892471511     
           7 -0.79209273034259342     
           8 -0.79817311965206061     
           9 -0.80373681503910921     
          10 -0.80889914881400804     
          11 -0.81373266643227016     
          12 -0.81829034907753007     
          13 -0.82261454862619443     
          14 -0.82673969160553828     
          15 -0.83069658538711644     
          16 -0.83450706424790100     
          17 -0.83818907110593932     
          18 -0.84175662521629258     
          19 -0.84522200528974201     
          20 -0.84859619313370882     
          21 -0.85188544097451424     
          22 -0.85509874997581736     
          23 -0.85823900150106969     
          24 -0.86131259441518859     
          25 -0.86432243149981980     
          26 -0.86727310483339892     
          27 -0.87016802560385997     
          28 -0.87301058765855544     
          29 -0.87580516965496669     
          30 -0.87855483932198686     
          31 -0.88126253393252973     
          32 -0.88393023035010510     
          33 -0.88655961548018802     
          34 -0.88915257159175909     
          35 -0.89171047552725968     
          36 -0.89423572000578522     
          37 -0.89672975847053726     
          38 -0.89919429337757140     
          39 -0.90163115273503802     
          40 -0.90404153407938326     
          41 -0.90642661206258157     
          42 -0.90878530798334478     
          43 -0.91111841330351195     
          44 -0.91342397413942300     
          45 -0.91570181965557129     
          46 -0.91795013398819614     
          47 -0.92016771179203571     
          48 -0.92235365441400263     
          49 -0.92450629268998497     
          50 -0.92662527903132386     
          51 -0.92870930948694297     
          52 -0.93075789271693044     
          53 -0.93277043402512949     
          54 -0.93474681828391248     
          55 -0.93668676971473086     
          56 -0.93859013684692438     
          57 -0.94045673468055180     
          58 -0.94228632813877100     
          59 -0.94407874456310237     
          60 -0.94583374395712472     
          61 -0.94755100476697807     
          62 -0.94923082489956123     
          63 -0.95087266538621329     
          64 -0.95247670515871707     
          65 -0.95404251097402082     
          66 -0.95557018071773192     
          67 -0.95705930697785313     
          68 -0.95850893934363390     
          69 -0.95991827485328030     
          70 -0.96128876415208675     
          71 -0.96262012819873732     
          72 -0.96391137150395034     
          73 -0.96516195245417458     
          74 -0.96637128991033117     
          75 -0.96753499144302602     
          76 -0.96865064979401039     
          77 -0.96971649537764926     
          78 -0.97072872328718840     
          79 -0.97168331788848827     
          80 -0.97257714057836675     
          81 -0.97340836896328076     
          82 -0.97417694177363579     
          83 -0.97488651541457072     
          84 -0.97554368518686929     
          85 -0.97615896266435753     
          86 -0.97674728515670473     
          87 -0.97732388325163444     
          88 -0.97790297421695760     
          89 -0.97849872321120790     
          90 -0.97911656812374293     
          91 -0.97977496485155124     
          92 -0.98044913632916897     
          93 -0.98116196334506045     
          94 -0.98205816361504028     
          95 -0.98320491936205778     
          96 -0.98485036421697725     
