r	R  2/ 2	R  3/ 2	R  4/ 2	R  5/ 2	I  2/ 2	I  3/ 2	I  4/ 2	I  5/ 2
 0.000000E+00	 0.00000000E+00	 0.00000000E+00	 0.00000000E+00	 0.00000000E+00	 0.00000000E+00	 0.00000000E+00	 0.00000000E+00	 0.00000000E+00
 5.000000E-03	-3.20959686E-05	 9.53975005E-07	-1.48732870E-05	 1.18459441E-06	 4.58304428E-05	-2.63180648E-05	-2.11689023E-06	 3.98452601E-07
 1.000000E-02	-1.18601750E-04	 2.30638466E-05	 1.05144714E-04	-1.81870433E-06	 1.27915588E-04	-1.54431104E-04	-4.35433723E-05	 1.37894565E-05
 1.500000E-02	 5.13676589E-04	 4.03678417E-05	 1.92270488E-04	-3.54748395E-06	 9.29748711E-05	-2.69277587E-04	-8.46216019E-05	 4.45550725E-05
 2.000000E-02	 1.45739328E-03	 6.84419528E-05	 2.28544901E-04	 2.43109040E-06	 4.24846443E-05	-2.78587010E-04	-9.50020483E-05	 7.78859105E-05
 2.500000E-02	 2.74533893E-03	 1.23938347E-04	 2.90155182E-04	 1.02506692E-05	-1.62404795E-05	-1.76830784E-04	-1.02819168E-04	 1.18271106E-04
 3.000000E-02	 4.27839362E-03	 1.91285602E-04	 3.55683811E-04	 1.27628695E-05	-1.30431642E-04	 1.53409919E-04	-9.57392929E-05	 1.83185005E-04
 3.500000E-02	 5.59586948E-03	 2.63556868E-04	 2.53054823E-04	 7.44999740E-06	-2.44098753E-04	 7.56020596E-04	 8.50214582E-06	 2.34155137E-04
 4.000000E-02	 6.11977479E-03	 3.48359969E-04	-4.94161347E-05	-9.50003378E-06	-2.61696625E-04	 1.36745517E-03	 2.18327261E-04	 1.90569795E-04
 4.500000E-02	 5.98668331E-03	 4.34471790E-04	-2.85476939E-04	-4.35735846E-05	-2.17206564E-04	 1.73413862E-03	 4.04540959E-04	 8.43552283E-05
 5.000000E-02	 5.59954318E-03	 4.80141069E-04	-3.03394870E-04	-9.41114940E-05	-2.19460499E-04	 2.03775739E-03	 5.06138110E-04	 4.39567832E-05
 5.500000E-02	 4.86515940E-03	 4.47747658E-04	-2.07829236E-04	-1.67968817E-04	-3.04297218E-04	 2.54039537E-03	 5.73902847E-04	 1.21468934E-04
 6.000000E-02	 3.45193654E-03	 2.96625666E-04	-1.61437472E-04	-2.82033531E-04	-4.65199444E-04	 3.36452463E-03	 6.68686693E-04	 3.09734110E-04
 6.500000E-02	 7.35032212E-04	-9.88832705E-07	-4.73745202E-04	-4.56004019E-04	-6.15459604E-04	 4.44317437E-03	 9.03887620E-04	 4.90436229E-04
 7.000000E-02	-3.80806654E-03	-4.53897960E-04	-1.25583708E-03	-7.07372950E-04	-6.08103306E-04	 5.16179512E-03	 1.27121127E-03	 4.12553822E-04
 7.500000E-02	-9.50161836E-03	-1.06932178E-03	-2.10242949E-03	-1.00083122E-03	-4.36473358E-04	 4.95811937E-03	 1.54775249E-03	 3.13548576E-05
 8.000000E-02	-1.52452571E-02	-1.83323133E-03	-2.65216383E-03	-1.26834885E-03	-1.90533787E-04	 3.90579491E-03	 1.58912740E-03	-4.85101199E-04
 8.500000E-02	-2.02290397E-02	-2.70478394E-03	-2.75584283E-03	-1.43720945E-03	 6.95212972E-05	 2.28845743E-03	 1.36117009E-03	-9.67810011E-04
 9.000000E-02	-2.38246625E-02	-3.61534783E-03	-2.39230939E-03	-1.44406617E-03	 2.68372854E-04	 6.14239968E-04	 9.15242914E-04	-1.23371634E-03
 9.500000E-02	-2.61053212E-02	-4.51698740E-03	-1.75085240E-03	-1.30008155E-03	 3.51037290E-04	-6.25467426E-04	 3.83803518E-04	-1.20715477E-03
 1.000000E-01	-2.74873274E-02	-5.38928607E-03	-1.07913575E-03	-1.05396901E-03	 3.03945890E-04	-1.17262643E-03	-1.05506398E-04	-9.06902123E-04
 1.050000E-01	-2.88263757E-02	-6.21377253E-03	-7.91653631E-04	-7.76835424E-04	 2.09223822E-04	-1.01747053E-03	-3.70061720E-04	-4.85357688E-04
 1.100000E-01	-3.08797241E-02	-6.99251672E-03	-1.08182312E-03	-5.49497389E-04	 2.33842861E-04	-8.17874955E-04	-3.83407384E-04	-2.94142564E-04
 1.150000E-01	-3.30923568E-02	-7.75905720E-03	-1.46405358E-03	-3.75773104E-04	 3.69985144E-04	-1.11027927E-03	-3.93691963E-04	-4.13997759E-04
 1.200000E-01	-3.46939256E-02	-8.54508900E-03	-1.53446202E-03	-2.12560982E-04	 4.59322054E-04	-1.57008388E-03	-5.35843991E-04	-5.67191014E-04
 1.250000E-01	-3.57621015E-02	-9.34963758E-03	-1.40674928E-03	-4.28133666E-05	 4.50174090E-04	-1.78663754E-03	-7.16836943E-04	-5.86544266E-04
 1.300000E-01	-3.66471054E-02	-1.01625614E-02	-1.28665852E-03	 1.29481534E-04	 3.70190963E-04	-1.63829048E-03	-8.31285584E-04	-4.65782966E-04
 1.350000E-01	-3.78059567E-02	-1.09795441E-02	-1.39258251E-03	 2.76808831E-04	 2.70588248E-04	-1.16343578E-03	-7.86902136E-04	-2.81128043E-04
 1.400000E-01	-3.95926799E-02	-1.18118495E-02	-1.82889476E-03	 3.64507428E-04	 2.49732189E-04	-7.30832913E-04	-5.78377870E-04	-2.17892847E-04
 1.450000E-01	-4.16934713E-02	-1.26785838E-02	-2.37880939E-03	 4.13493455E-04	 3.33886359E-04	-6.53820183E-04	-3.20491586E-04	-3.39508137E-04
 1.500000E-01	-4.36311814E-02	-1.35986758E-02	-2.80683425E-03	 4.66349281E-04	 4.52199458E-04	-8.57140854E-04	-8.54132650E-05	-5.36172311E-04
 1.550000E-01	-4.50749845E-02	-1.46097517E-02	-2.93583152E-03	 5.37712451E-04	 4.97473858E-04	-1.10181395E-03	 8.30191005E-05	-6.51525178E-04
 1.600000E-01	-4.59776038E-02	-1.57443784E-02	-2.77874538E-03	 6.31624301E-04	 3.30054412E-04	-8.64185035E-04	 2.44716547E-04	-4.48592718E-04
 1.650000E-01	-4.73978623E-02	-1.69879292E-02	-2.95903963E-03	 6.98441728E-04	 8.33332885E-06	 9.72497593E-05	 6.72151540E-04	 4.00610151E-05
 1.700000E-01	-5.02982748E-02	-1.83466818E-02	-3.89151699E-03	 6.54118329E-04	-1.72334196E-04	 9.32846497E-04	 1.40623845E-03	 3.35935587E-04
 1.750000E-01	-5.37495443E-02	-1.99112956E-02	-4.92056413E-03	 5.04509561E-04	-1.70701865E-04	 9.81990249E-04	 2.07080955E-03	 2.91912724E-04
 1.800000E-01	-5.66513304E-02	-2.17406279E-02	-5.47377172E-03	 3.24833215E-04	-2.59481001E-04	 8.99995968E-04	 2.49012487E-03	 3.42016973E-04
 1.850000E-01	-5.95292700E-02	-2.37879854E-02	-5.94781828E-03	 1.24320885E-04	-5.24006659E-04	 1.33338781E-03	 2.88895318E-03	 6.94830020E-04
 1.900000E-01	-6.31913348E-02	-2.60114358E-02	-6.79612869E-03	-1.43900586E-04	-8.11865303E-04	 2.04545660E-03	 3.40206450E-03	 1.13579516E-03
 1.950000E-01	-6.77078009E-02	-2.84164033E-02	-8.01533049E-03	-5.16019455E-04	-1.03296373E-03	 2.67411640E-03	 3.95677002E-03	 1.48708760E-03
 2.000000E-01	-7.28944969E-02	-3.10192769E-02	-9.48565509E-03	-1.00821029E-03	-1.15531102E-03	 3.00862767E-03	 4.44725797E-03	 1.66697717E-03
 2.050000E-01	-7.83373124E-02	-3.37989143E-02	-1.10438380E-02	-1.57008137E-03	-1.16032883E-03	 2.93228306E-03	 4.78145097E-03	 1.65040913E-03
 2.100000E-01	-8.35977187E-02	-3.67068577E-02	-1.25556321E-02	-2.12934500E-03	-1.08844289E-03	 2.54116453E-03	 4.93739787E-03	 1.50448138E-03
 2.150000E-01	-8.84343210E-02	-3.96922695E-02	-1.39784898E-02	-2.63392592E-03	-9.82772681E-04	 1.97809809E-03	 4.93853358E-03	 1.29464463E-03
 2.200000E-01	-9.27102781E-02	-4.26961165E-02	-1.53141419E-02	-3.04297571E-03	-8.89692421E-04	 1.40663951E-03	 4.84515002E-03	 1.08764153E-03
 2.250000E-01	-9.65419811E-02	-4.56771258E-02	-1.66577236E-02	-3.35647166E-03	-8.35697567E-04	 9.40437301E-04	 4.74457463E-03	 9.11680901E-04
 2.300000E-01	-1.00077225E-01	-4.86094538E-02	-1.80865742E-02	-3.58928545E-03	-7.91807372E-04	 5.22349040E-04	 4.68637424E-03	 7.24609028E-04
 2.350000E-01	-1.03296828E-01	-5.14884929E-02	-1.95709835E-02	-3.74793367E-03	-7.41146177E-04	 9.15368464E-05	 4.67961583E-03	 5.14040758E-04
 2.400000E-01	-1.06157780E-01	-5.43157745E-02	-2.10737240E-02	-3.83561220E-03	-7.00920861E-04	-3.28379340E-04	 4.74327234E-03	 3.13667202E-04
 2.450000E-01	-1.08700497E-01	-5.70971842E-02	-2.26043488E-02	-3.85538192E-03	-6.82549595E-04	-7.01801860E-04	 4.91427324E-03	 1.63211169E-04
 2.500000E-01	-1.10976759E-01	-5.98502441E-02	-2.41640530E-02	-3.82272254E-03	-7.02100312E-04	-9.97338966E-04	 5.21928695E-03	 1.04633677E-04
 2.550000E-01	-1.12977446E-01	-6.26526927E-02	-2.56602170E-02	-3.80817556E-03	-8.40341627E-04	-1.10694778E-03	 5.63777374E-03	 2.29976802E-04
 2.600000E-01	-1.14889260E-01	-6.55876731E-02	-2.71209214E-02	-3.89448277E-03	-1.25386066E-03	-6.92927088E-04	 6.18661092E-03	 6.94366508E-04
 2.650000E-01	-1.17775366E-01	-6.86509912E-02	-2.90939318E-02	-4.17480017E-03	-1.90140743E-03	 3.06511201E-04	 7.01702187E-03	 1.41367014E-03
 2.700000E-01	-1.22436428E-01	-7.18638228E-02	-3.19227239E-02	-4.74103433E-03	-2.34086868E-03	 9.64238754E-04	 8.01208370E-03	 1.87709177E-03
 2.750000E-01	-1.27542839E-01	-7.53073031E-02	-3.48439658E-02	-5.52295922E-03	-2.38156013E-03	 6.55562578E-04	 8.72349255E-03	 1.91440132E-03
 2.800000E-01	-1.31732840E-01	-7.89860028E-02	-3.72214622E-02	-6.38424917E-03	-2.47112267E-03	 2.66860248E-04	 9.05724633E-03	 2.03181280E-03
 2.850000E-01	-1.35944500E-01	-8.27509795E-02	-3.96884286E-02	-7.31097066E-03	-2.83264617E-03	 5.03918700E-04	 9.34631087E-03	 2.40729564E-03
 2.900000E-01	-1.41251831E-01	-8.64833708E-02	-4.28372981E-02	-8.34334753E-03	-3.05252888E-03	 6.36887615E-04	 9.65486738E-03	 2.55816552E-03
 2.950000E-01	-1.46730440E-01	-9.01829821E-02	-4.61541997E-02	-9.42169064E-03	-2.88730654E-03	 2.41648336E-05	 9.69073274E-03	 2.24645333E-03
 3.000000E-01	-1.51242802E-01	-9.38217774E-02	-4.90922473E-02	-1.04336338E-02	-2.61310956E-03	-8.65954910E-04	 9.38659970E-03	 1.77254034E-03
 3.050000E-01	-1.55014682E-01	-9.72772574E-02	-5.18710074E-02	-1.13147517E-02	-2.41526636E-03	-1.57217605E-03	 8.95239064E-03	 1.30762230E-03
 3.100000E-01	-1.58462308E-01	-1.00440613E-01	-5.47567178E-02	-1.20343437E-02	-2.16482511E-03	-2.29472322E-03	 8.51682961E-03	 7.20317017E-04
 3.150000E-01	-1.61285191E-01	-1.03304635E-01	-5.75741347E-02	-1.25663647E-02	-1.79553547E-03	-3.22937626E-03	 8.06211045E-03	-2.69008193E-05
 3.200000E-01	-1.63125117E-01	-1.05879940E-01	-6.01275505E-02	-1.28829501E-02	-1.44728488E-03	-4.17314081E-03	 7.64069523E-03	-7.63774100E-04
 3.250000E-01	-1.64181173E-01	-1.08181677E-01	-6.25109521E-02	-1.29982388E-02	-1.23430439E-03	-4.92145327E-03	 7.38961325E-03	-1.35258806E-03
 3.300000E-01	-1.64773701E-01	-1.10247279E-01	-6.48605053E-02	-1.29515562E-02	-1.15854828E-03	-5.48547560E-03	 7.39970932E-03	-1.76643597E-03
 3.350000E-01	-1.65101658E-01	-1.12170016E-01	-6.72149799E-02	-1.28099599E-02	-1.22593453E-03	-5.89942903E-03	 7.70429995E-03	-1.97011742E-03
 3.400000E-01	-1.65366518E-01	-1.14057276E-01	-6.96184582E-02	-1.26457108E-02	-1.46402627E-03	-6.14161075E-03	 8.30902968E-03	-1.91761683E-03
 3.450000E-01	-1.65897071E-01	-1.15996961E-01	-7.22047373E-02	-1.25226885E-02	-1.86519097E-03	-6.22102888E-03	 9.22728461E-03	-1.59916642E-03
 3.500000E-01	-1.66976209E-01	-1.18079891E-01	-7.50837109E-02	-1.25084881E-02	-2.35008085E-03	-6.27265139E-03	 1.04144879E-02	-1.08343127E-03
 3.550000E-01	-1.68525127E-01	-1.20416800E-01	-7.81637490E-02	-1.26670647E-02	-2.89652836E-03	-6.35943013E-03	 1.17652159E-02	-3.88849491E-04
 3.600000E-01	-1.70530803E-01	-1.23094291E-01	-8.14158385E-02	-1.30522461E-02	-3.62735983E-03	-6.25017639E-03	 1.32162289E-02	 5.86071438E-04
 3.650000E-01	-1.73657153E-01	-1.26096448E-01	-8.52054407E-02	-1.37186203E-02	-4.55341914E-03	-5.84422803E-03	 1.47862569E-02	 1.79520016E-03
 3.700000E-01	-1.78463454E-01	-1.29397029E-01	-8.98244227E-02	-1.47125717E-02	-5.35526279E-03	-5.63569321E-03	 1.63581610E-02	 2.85616811E-03
 3.750000E-01	-1.84276031E-01	-1.32961472E-01	-9.49631912E-02	-1.59435924E-02	-5.78362501E-03	-6.05088677E-03	 1.77000804E-02	 3.49162130E-03
 3.800000E-01	-1.90190250E-01	-1.36723662E-01	-1.00235914E-01	-1.72705619E-02	-5.92408515E-03	-6.94137379E-03	 1.87306240E-02	 3.78957646E-03
 3.850000E-01	-1.95751887E-01	-1.40594353E-01	-1.05481794E-01	-1.85989846E-02	-5.93381719E-03	-8.02188999E-03	 1.94689290E-02	 3.90081735E-03
 3.900000E-01	-2.00811808E-01	-1.44470310E-01	-1.10692450E-01	-1.98588165E-02	-6.01415287E-03	-8.93360971E-03	 2.00114216E-02	 4.02763211E-03
 3.950000E-01	-2.06032598E-01	-1.48223426E-01	-1.16261070E-01	-2.10539293E-02	-6.23390516E-03	-9.51547309E-03	 2.05128535E-02	 4.22021479E-03
 4.000000E-01	-2.11970955E-01	-1.51763381E-01	-1.22470090E-01	-2.22160956E-02	-6.28678583E-03	-1.02774934E-02	 2.09762640E-02	 4.12774513E-03
 4.050000E-01	-2.17786608E-01	-1.55100785E-01	-1.28860188E-01	-2.32876876E-02	-5.97266020E-03	-1.16212945E-02	 2.12641237E-02	 3.55462134E-03
 4.100000E-01	-2.22487473E-01	-1.58249300E-01	-1.34931154E-01	-2.41776976E-02	-5.53851752E-03	-1.31929159E-02	 2.13941683E-02	 2.82165636E-03
 4.150000E-01	-2.26077549E-01	-1.61213996E-01	-1.40681866E-01	-2.49060092E-02	-5.26741510E-03	-1.45412467E-02	 2.14935190E-02	 2.27768491E-03
 4.200000E-01	-2.29006999E-01	-1.63984739E-01	-1.46337756E-01	-2.55324429E-02	-5.33261900E-03	-1.53571449E-02	 2.16676414E-02	 2.13590727E-03
 4.250000E-01	-2.32490227E-01	-1.66474312E-01	-1.52548483E-01	-2.61360204E-02	-5.70080404E-03	-1.56257237E-02	 2.20459223E-02	 2.35945026E-03
 4.300000E-01	-2.37413112E-01	-1.68640062E-01	-1.59724700E-01	-2.68224125E-02	-5.85969233E-03	-1.61690589E-02	 2.25420799E-02	 2.31278624E-03
 4.350000E-01	-2.42303372E-01	-1.70650477E-01	-1.66967496E-01	-2.76033163E-02	-5.54042963E-03	-1.75257693E-02	 2.28496489E-02	 1.64692102E-03
 4.400000E-01	-2.45659875E-01	-1.72627914E-01	-1.73471413E-01	-2.83924744E-02	-5.25832517E-03	-1.88717545E-02	 2.29145213E-02	 9.97609791E-04
 4.450000E-01	-2.48661314E-01	-1.74344673E-01	-1.80017274E-01	-2.90901138E-02	-5.31484894E-03	-1.95690447E-02	 2.29947567E-02	 7.55867116E-04
 4.500000E-01	-2.52637884E-01	-1.75582806E-01	-1.87375956E-01	-2.96761168E-02	-5.23963795E-03	-2.03384163E-02	 2.31722281E-02	 3.14882091E-04
 4.550000E-01	-2.56395445E-01	-1.76500561E-01	-1.94782127E-01	-3.01839816E-02	-4.75900199E-03	-2.17613884E-02	 2.32467898E-02	-7.18309704E-04
 4.600000E-01	-2.58548397E-01	-1.77277201E-01	-2.01434533E-01	-3.05833805E-02	-4.29474746E-03	-2.32286889E-02	 2.31821168E-02	-1.78488843E-03
 4.650000E-01	-2.59904544E-01	-1.77774453E-01	-2.07884734E-01	-3.07884105E-02	-4.12126189E-03	-2.42273747E-02	 2.31949760E-02	-2.46343331E-03
 4.700000E-01	-2.61495369E-01	-1.77850362E-01	-2.14748615E-01	-3.07791137E-02	-3.97937368E-03	-2.51833262E-02	 2.34049409E-02	-3.08679313E-03
 4.750000E-01	-2.62700173E-01	-1.77696668E-01	-2.21570487E-01	-3.06589214E-02	-3.74555345E-03	-2.64396978E-02	 2.37242907E-02	-3.86097646E-03
 4.800000E-01	-2.62850885E-01	-1.77512939E-01	-2.27926973E-01	-3.04840571E-02	-3.71699278E-03	-2.75743878E-02	 2.41276939E-02	-4.35716547E-03
 4.850000E-01	-2.63057233E-01	-1.77137496E-01	-2.34584907E-01	-3.01583210E-02	-3.98995262E-03	-2.83509042E-02	 2.47926494E-02	-4.35781874E-03
 4.900000E-01	-2.64333308E-01	-1.76428970E-01	-2.42195932E-01	-2.96487964E-02	-4.14603159E-03	-2.94815845E-02	 2.57977294E-02	-4.49002231E-03
 4.950000E-01	-2.65091668E-01	-1.75785705E-01	-2.49714106E-01	-2.91229447E-02	-4.06471432E-03	-3.13781111E-02	 2.69516400E-02	-5.03531208E-03
 5.000000E-01	-2.63857451E-01	-1.75590385E-01	-2.56271008E-01	-2.86648670E-02	-4.37847033E-03	-3.30662457E-02	 2.81977537E-02	-4.92056357E-03
 5.050000E-01	-2.62872028E-01	-1.75488672E-01	-2.63418540E-01	-2.81454410E-02	-5.36933117E-03	-3.38967741E-02	 2.98178916E-02	-3.44888197E-03
 5.100000E-01	-2.64584876E-01	-1.75068736E-01	-2.72727895E-01	-2.75473528E-02	-6.39585774E-03	-3.48420679E-02	 3.19109677E-02	-1.68739407E-03
 5.150000E-01	-2.67698336E-01	-1.74672618E-01	-2.83281968E-01	-2.71178924E-02	-7.08230529E-03	-3.66620650E-02	 3.41923420E-02	-5.05284817E-04
 5.200000E-01	-2.70449054E-01	-1.74713862E-01	-2.93968841E-01	-2.70172334E-02	-7.79630213E-03	-3.87395217E-02	 3.64330794E-02	 7.05204586E-04
 5.250000E-01	-2.73674426E-01	-1.74946914E-01	-3.05461972E-01	-2.71132553E-02	-8.74026630E-03	-4.05104599E-02	 3.86702519E-02	 2.46837243E-03
 5.300000E-01	-2.78664285E-01	-1.74977527E-01	-3.18684389E-01	-2.72665926E-02	-9.64750829E-03	-4.22294647E-02	 4.09280903E-02	 4.31474186E-03
 5.350000E-01	-2.85453024E-01	-1.74637945E-01	-3.33691608E-01	-2.74055762E-02	-1.02518110E-02	-4.42356133E-02	 4.31251351E-02	 5.63181366E-03
 5.400000E-01	-2.93425553E-01	-1.73916756E-01	-3.50069907E-01	-2.75144285E-02	-1.03962038E-02	-4.67808453E-02	 4.51695513E-02	 5.94000201E-03
 5.450000E-01	-3.00647485E-01	-1.73179235E-01	-3.66436586E-01	-2.77603587E-02	-1.01780816E-02	-4.97764530E-02	 4.68636615E-02	 5.19900327E-03
 5.500000E-01	-3.05676605E-01	-1.72687664E-01	-3.81818219E-01	-2.81662852E-02	-1.01057217E-02	-5.22780225E-02	 4.81199999E-02	 4.63457103E-03
 5.550000E-01	-3.11054751E-01	-1.71591093E-01	-3.98111230E-01	-2.82108892E-02	-1.02432947E-02	-5.38469473E-02	 4.92349789E-02	 4.90776488E-03
 5.600000E-01	-3.19176323E-01	-1.69074577E-01	-4.16924998E-01	-2.75757178E-02	-9.90045198E-03	-5.56986352E-02	 5.04647660E-02	 4.22965321E-03
 5.650000E-01	-3.26577418E-01	-1.66125786E-01	-4.35520907E-01	-2.68681111E-02	-8.96894585E-03	-5.85143267E-02	 5.15222591E-02	 1.41247516E-03
 5.700000E-01	-3.29513032E-01	-1.63901703E-01	-4.51145242E-01	-2.65216362E-02	-8.27620897E-03	-6.10089399E-02	 5.21369386E-02	-1.46210998E-03
 5.750000E-01	-3.30686070E-01	-1.61570451E-01	-4.65946580E-01	-2.58906102E-02	-8.09031765E-03	-6.23792634E-02	 5.26495565E-02	-2.69258820E-03
 5.800000E-01	-3.33560952E-01	-1.58029455E-01	-4.82474213E-01	-2.44313595E-02	-7.85511643E-03	-6.36376004E-02	 5.34817078E-02	-3.69244825E-03
 5.850000E-01	-3.36585761E-01	-1.53897695E-01	-4.99409120E-01	-2.25944394E-02	-7.42101739E-03	-6.55593323E-02	 5.45868384E-02	-5.77124160E-03
 5.900000E-01	-3.37321396E-01	-1.50159105E-01	-5.14892142E-01	-2.08714096E-02	-7.17596389E-03	-6.77746057E-02	 5.58060924E-02	-8.06872613E-03
 5.950000E-01	-3.35894614E-01	-1.46937085E-01	-5.29162144E-01	-1.92337859E-02	-7.34858987E-03	-6.99381582E-02	 5.72083145E-02	-9.47950914E-03
 6.000000E-01	-3.33312290E-01	-1.44030225E-01	-5.43165034E-01	-1.75269263E-02	-7.96516648E-03	-7.20272523E-02	 5.89273751E-02	-9.43495030E-03
 6.050000E-01	-3.31262966E-01	-1.40992954E-01	-5.58385329E-01	-1.55497237E-02	-8.94070340E-03	-7.42160564E-02	 6.11161320E-02	-7.76748681E-03
 6.100000E-01	-3.31258970E-01	-1.37377440E-01	-5.76152268E-01	-1.31986259E-02	-1.00502552E-02	-7.69301293E-02	 6.38642766E-02	-5.32808313E-03
 6.150000E-01	-3.32909587E-01	-1.33383935E-01	-5.96273356E-01	-1.07009278E-02	-1.12087343E-02	-8.04015846E-02	 6.70976975E-02	-2.91647816E-03
 6.200000E-01	-3.35407834E-01	-1.29349596E-01	-6.18281358E-01	-8.28004926E-03	-1.24554431E-02	-8.44861341E-02	 7.06748531E-02	-4.75143374E-04
 6.250000E-01	-3.38592641E-01	-1.25295006E-01	-6.42233881E-01	-5.93997576E-03	-1.37784087E-02	-8.89960565E-02	 7.45027252E-02	 2.21529750E-03
 6.300000E-01	-3.42651975E-01	-1.21058818E-01	-6.68475611E-01	-3.57316501E-03	-1.51191519E-02	-9.37566475E-02	 7.85237412E-02	 5.36186229E-03
 6.350000E-01	-3.48535413E-01	-1.16094147E-01	-6.97944448E-01	-8.36760308E-04	-1.63287169E-02	-9.86955909E-02	 8.27539305E-02	 8.90370297E-03
 6.400000E-01	-3.56997757E-01	-1.09895860E-01	-7.31331383E-01	 2.51531000E-03	-1.72440774E-02	-1.03923273E-01	 8.72405542E-02	 1.19030945E-02
 6.450000E-01	-3.66796294E-01	-1.02840972E-01	-7.67501621E-01	 6.16994833E-03	-1.78951364E-02	-1.09333927E-01	 9.18595799E-02	 1.36178149E-02
 6.500000E-01	-3.76454939E-01	-9.54538558E-02	-8.05137046E-01	 9.84095385E-03	-1.83742053E-02	-1.14551871E-01	 9.64326492E-02	 1.45384900E-02
 6.550000E-01	-3.86229870E-01	-8.74426796E-02	-8.44438447E-01	 1.38293823E-02	-1.86007271E-02	-1.19349223E-01	 1.00951785E-01	 1.51457692E-02
 6.600000E-01	-3.96559771E-01	-7.84252472E-02	-8.85691595E-01	 1.84238619E-02	-1.85052336E-02	-1.23735672E-01	 1.05510509E-01	 1.50885159E-02
 6.650000E-01	-4.06451322E-01	-6.87658413E-02	-9.27821340E-01	 2.33294769E-02	-1.81891216E-02	-1.27603047E-01	 1.10063400E-01	 1.41379507E-02
 6.700000E-01	-4.14903829E-01	-5.88815562E-02	-9.69765563E-01	 2.82929566E-02	-1.77210454E-02	-1.30697828E-01	 1.14498146E-01	 1.29987745E-02
 6.750000E-01	-4.22893944E-01	-4.81891319E-02	-1.01230675E+00	 3.38019542E-02	-1.69690059E-02	-1.32967523E-01	 1.18901505E-01	 1.21319792E-02
 6.800000E-01	-4.31488373E-01	-3.60474215E-02	-1.05622229E+00	 4.02949167E-02	-1.58833924E-02	-1.34530452E-01	 1.23467880E-01	 1.05913556E-02
 6.850000E-01	-4.39411781E-01	-2.31304211E-02	-1.10003739E+00	 4.72844485E-02	-1.46601130E-02	-1.35290063E-01	 1.28201612E-01	 7.56536223E-03
 6.900000E-01	-4.44862632E-01	-1.05003153E-02	-1.14181743E+00	 5.41348053E-02	-1.34803739E-02	-1.35109795E-01	 1.32986822E-01	 3.69732522E-03
 6.950000E-01	-4.46952890E-01	 1.25198470E-03	-1.18063357E+00	 6.05258161E-02	-1.24170485E-02	-1.33991460E-01	 1.37726147E-01	 3.70979731E-05
 7.000000E-01	-4.45646372E-01	 1.20204377E-02	-1.21645674E+00	 6.64974749E-02	-1.13725149E-02	-1.32023948E-01	 1.42334916E-01	-2.00093713E-03
 7.050000E-01	-4.43735987E-01	 2.33899146E-02	-1.25213782E+00	 7.32856797E-02	-1.00273204E-02	-1.29607997E-01	 1.47018242E-01	-1.79650168E-03
 7.100000E-01	-4.43830191E-01	 3.69683032E-02	-1.29023355E+00	 8.18805067E-02	-8.37282832E-03	-1.26934717E-01	 1.52104230E-01	-1.48794762E-03
 7.150000E-01	-4.43500892E-01	 5.13180939E-02	-1.32811935E+00	 9.09636381E-02	-6.90294148E-03	-1.23605348E-01	 1.57385979E-01	-2.79288204E-03
 7.200000E-01	-4.39957120E-01	 6.46319277E-02	-1.36288853E+00	 9.92596012E-02	-5.69402445E-03	-1.19349093E-01	 1.62338691E-01	-4.20742952E-03
 7.250000E-01	-4.35890105E-01	 7.84674053E-02	-1.39718966E+00	 1.08220689E-01	-4.25684426E-03	-1.14519823E-01	 1.66997720E-01	-4.76535124E-03
 7.300000E-01	-4.34243042E-01	 9.46517788E-02	-1.43369853E+00	 1.19186983E-01	-2.59667278E-03	-1.09114660E-01	 1.71716710E-01	-7.00969893E-03
 7.350000E-01	-4.31284464E-01	 1.10730025E-01	-1.46801713E+00	 1.30046515E-01	-1.33025160E-03	-1.02380566E-01	 1.76141917E-01	-1.27084819E-02
 7.400000E-01	-4.23011220E-01	 1.23778799E-01	-1.49543613E+00	 1.38597375E-01	-4.98291955E-04	-9.44323092E-02	 1.79518008E-01	-1.91865486E-02
 7.450000E-01	-4.13022764E-01	 1.35883290E-01	-1.51940339E+00	 1.46754037E-01	 5.41838187E-04	-8.63958420E-02	 1.81868747E-01	-2.43797088E-02
 7.500000E-01	-4.05632973E-01	 1.49898964E-01	-1.54410886E+00	 1.56713833E-01	 1.88575804E-03	-7.83596048E-02	 1.83664265E-01	-3.07862831E-02
 7.550000E-01	-3.98303574E-01	 1.64039672E-01	-1.56618952E+00	 1.66751472E-01	 2.99085537E-03	-6.93878554E-02	 1.84672645E-01	-4.04747297E-02
 7.600000E-01	-3.87716499E-01	 1.75673688E-01	-1.58141354E+00	 1.74764846E-01	 3.69731551E-03	-5.95606955E-02	 1.84323797E-01	-5.19224103E-02
 7.650000E-01	-3.76112404E-01	 1.85893607E-01	-1.59160865E+00	 1.81866804E-01	 4.43226312E-03	-4.97606898E-02	 1.82688885E-01	-6.38894500E-02
 7.700000E-01	-3.66047138E-01	 1.96261462E-01	-1.59896389E+00	 1.89297216E-01	 5.32330801E-03	-3.97973880E-02	 1.80132639E-01	-7.78267473E-02
 7.750000E-01	-3.54287335E-01	 2.04279965E-01	-1.59932107E+00	 1.94763509E-01	 5.94843667E-03	-2.87937986E-02	 1.76389453E-01	-9.43664753E-02
 7.800000E-01	-3.37668278E-01	 2.07149613E-01	-1.58860352E+00	 1.96000843E-01	 6.12029216E-03	-1.77948514E-02	 1.70989555E-01	-1.10622086E-01
 7.850000E-01	-3.20346077E-01	 2.07536385E-01	-1.57146374E+00	 1.95550367E-01	 6.24351777E-03	-8.83608375E-03	 1.64333453E-01	-1.24600608E-01
 7.900000E-01	-3.06864080E-01	 2.09014979E-01	-1.55333940E+00	 1.96330482E-01	 6.69409548E-03	-1.30542004E-03	 1.57138973E-01	-1.38445407E-01
 7.950000E-01	-2.94838763E-01	 2.10034495E-01	-1.53143004E+00	 1.96599222E-01	 7.39175808E-03	 6.78625960E-03	 1.49391775E-01	-1.53780651E-01
 8.000000E-01	-2.80927804E-01	 2.07860749E-01	-1.50148828E+00	 1.93765938E-01	 8.13694249E-03	 1.53816978E-02	 1.40849504E-01	-1.69106991E-01
 8.050000E-01	-2.65489659E-01	 2.02522666E-01	-1.46383904E+00	 1.87904247E-01	 8.98175248E-03	 2.34612088E-02	 1.31682756E-01	-1.82707602E-01
 8.100000E-01	-2.49532938E-01	 1.94785577E-01	-1.41985948E+00	 1.79689097E-01	 9.90468176E-03	 3.04661726E-02	 1.22178078E-01	-1.93788174E-01
 8.150000E-01	-2.32740039E-01	 1.84755729E-01	-1.37008337E+00	 1.69379039E-01	 1.06676412E-02	 3.59633909E-02	 1.12519705E-01	-2.01627425E-01
 8.200000E-01	-2.15289315E-01	 1.72943513E-01	-1.31592236E+00	 1.57657378E-01	 1.10083198E-02	 3.89177343E-02	 1.02938310E-01	-2.05490404E-01
 8.250000E-01	-2.01145335E-01	 1.62717793E-01	-1.26323896E+00	 1.47969971E-01	 1.11977303E-02	 3.85325735E-02	 9.40516271E-02	-2.05504852E-01
 8.300000E-01	-1.92518209E-01	 1.57118790E-01	-1.21641753E+00	 1.43076315E-01	 1.22037472E-02	 3.82394867E-02	 8.61927983E-02	-2.04538983E-01
 8.350000E-01	-1.83111724E-01	 1.51744629E-01	-1.16760472E+00	 1.38447024E-01	 1.41221975E-02	 4.19512381E-02	 7.86312773E-02	-2.04133856E-01
 8.400000E-01	-1.68064472E-01	 1.41500558E-01	-1.10885059E+00	 1.29063563E-01	 1.56578840E-02	 4.64269834E-02	 7.09517234E-02	-2.01255487E-01
 8.450000E-01	-1.52348305E-01	 1.29597279E-01	-1.04639942E+00	 1.18625661E-01	 1.60431650E-02	 4.69588655E-02	 6.36959783E-02	-1.93591551E-01
 8.500000E-01	-1.40748090E-01	 1.20351997E-01	-9.88109215E-01	 1.11894878E-01	 1.61429256E-02	 4.53013525E-02	 5.72734885E-02	-1.83051034E-01
 8.550000E-01	-1.30500211E-01	 1.12405217E-01	-9.31562105E-01	 1.07305898E-01	 1.66807857E-02	 4.46979484E-02	 5.15412562E-02	-1.71260646E-01
 8.600000E-01	-1.18887337E-01	 1.03492817E-01	-8.73385039E-01	 1.02278145E-01	 1.70944177E-02	 4.39978832E-02	 4.62883471E-02	-1.57745589E-01
 8.650000E-01	-1.08356261E-01	 9.55760314E-02	-8.17185718E-01	 9.88276111E-02	 1.70419797E-02	 4.14186058E-02	 4.18442270E-02	-1.42048916E-01
 8.700000E-01	-1.00560283E-01	 9.04674301E-02	-7.66505203E-01	 9.89033846E-02	 1.75094155E-02	 3.96970017E-02	 3.80829398E-02	-1.26118719E-01
 8.750000E-01	-9.10655139E-02	 8.52352084E-02	-7.14973859E-01	 9.81426551E-02	 1.88180658E-02	 4.14982048E-02	 3.47900147E-02	-1.10745124E-01
 8.800000E-01	-7.77813225E-02	 7.68537558E-02	-6.57659524E-01	 9.24595471E-02	 1.89163129E-02	 4.14857288E-02	 3.18725294E-02	-9.46297985E-02
 8.850000E-01	-6.70782138E-02	 7.03055663E-02	-6.05277848E-01	 8.90734053E-02	 1.65240162E-02	 3.48409902E-02	 3.02479857E-02	-7.68711063E-02
 8.900000E-01	-6.30414896E-02	 6.98184412E-02	-5.68301678E-01	 9.52414856E-02	 1.49182912E-02	 2.96330253E-02	 2.94969476E-02	-6.16664095E-02
 8.950000E-01	-5.79574657E-02	 7.03189219E-02	-5.32367945E-01	 1.01241889E-01	 1.67222051E-02	 3.40795754E-02	 2.88222031E-02	-4.99610424E-02
 9.000000E-01	-4.70443874E-02	 6.51322851E-02	-4.82846930E-01	 9.52300321E-02	 1.88841271E-02	 3.98230194E-02	 2.72780391E-02	-3.91385598E-02
 9.050000E-01	-3.53193119E-02	 5.83209093E-02	-4.29350640E-01	 8.45575071E-02	 1.77070303E-02	 3.74511847E-02	 2.59093621E-02	-2.72807016E-02
 9.100000E-01	-2.80463368E-02	 5.39744001E-02	-3.86520136E-01	 7.93969359E-02	 1.50293686E-02	 3.07249341E-02	 2.48696641E-02	-1.70470960E-02
 9.150000E-01	-2.36859934E-02	 5.25396740E-02	-3.53407288E-01	 8.11630857E-02	 1.26869727E-02	 2.54518778E-02	 2.38903362E-02	-9.44996365E-03
 9.200000E-01	-2.01459823E-02	 5.17135891E-02	-3.26192168E-01	 8.46590283E-02	 1.27719061E-02	 2.53124898E-02	 2.35442962E-02	-3.62372251E-03
 9.250000E-01	-1.53232561E-02	 4.94867881E-02	-2.95344338E-01	 8.58477594E-02	 1.42684303E-02	 2.86532158E-02	 2.16006846E-02	 2.38830239E-04
 9.300000E-01	-7.51879199E-03	 4.50315364E-02	-2.56537021E-01	 7.47713194E-02	 1.62170701E-02	 3.21546947E-02	 2.21067182E-02	 6.41099001E-03
 9.350000E-01	-3.05819465E-03	 3.91354503E-02	-2.18486492E-01	 6.65425009E-02	 1.33565973E-02	 2.59884121E-02	 1.87987253E-02	 8.76157098E-03
 9.400000E-01	 5.71493455E-04	 3.59328863E-02	-1.93205265E-01	 6.10371955E-02	 1.23092772E-02	 2.34307659E-02	 2.13797662E-02	 1.57011476E-02
 9.450000E-01	-2.72072880E-04	 2.95312734E-02	-1.72517196E-01	 6.33480885E-02	 9.37707403E-03	 1.88816660E-02	 1.58281559E-02	 1.62940434E-02
 9.500000E-01	 6.53334835E-03	 2.49761790E-02	-1.50391714E-01	 4.99527470E-02	 9.14035973E-03	 2.16110614E-02	 2.04589997E-02	 2.67568107E-02
 9.550000E-01	 4.50136988E-03	 1.23062345E-02	-1.31470240E-01	 3.86801403E-02	 1.15184359E-03	 9.83492556E-03	 1.32031745E-02	 2.64619809E-02
 9.600000E-01	 1.49353249E-02	 1.06425208E-02	-1.19008726E-01	 2.18087413E-02	-4.11481123E-03	 5.87585250E-03	 1.21546684E-02	 3.84743926E-02
 9.650000E-01	 5.74533777E-03	 5.86587882E-03	-1.15289015E-01	-8.36557692E-03	-1.11468899E-02	-3.96952073E-04	-5.47174086E-03	 2.92859519E-02
 9.700000E-01	-4.65757098E-03	 5.05183516E-02	-4.30968713E-02	-1.21537106E-01	 8.95768258E-04	-1.30703436E-02	-8.44483824E-03	 4.53347819E-02
 9.750000E-01	 2.84897153E-02	 6.06035087E-02	-6.12807716E-02	-7.08221150E-02	 7.96069505E-03	 8.77588597E-02	 1.01111239E-01	 1.06818566E-02
 9.800000E-01	-2.10502705E-02	-2.78445528E-02	-3.84353084E-02	-2.17497168E-02	 4.04276993E-02	 5.96870898E-03	 3.20834711E-02	 4.73235797E-02
 9.850000E-01	 6.24591748E-02	 9.88690823E-03	-2.25812763E-02	 3.34699116E-02	 1.41945535E-02	 1.69746726E-02	 6.88530473E-03	 1.44300195E-02
 9.900000E-01	 2.30575757E-03	-1.80223400E-03	 1.68418233E-03	-3.63048364E-04	 1.45685042E-02	-2.58781397E-03	 2.84140748E-02	-5.26807682E-03
 9.950000E-01	 7.13228249E-02	 3.47451895E-02	 1.61092354E-02	 3.60968344E-02	-2.14574020E-02	 1.01430688E-02	-5.16901773E-02	 1.16241506E-03
 1.000000E+00	 0.00000000E+00	 0.00000000E+00	 0.00000000E+00	 0.00000000E+00	 0.00000000E+00	 0.00000000E+00	 0.00000000E+00	 0.00000000E+00
