r	R  2/ 2	R  3/ 2	R  4/ 2	R  5/ 2	I  2/ 2	I  3/ 2	I  4/ 2	I  5/ 2
 0.000000E+00	 0.00000000E+00	 0.00000000E+00	 0.00000000E+00	 0.00000000E+00	 0.00000000E+00	 0.00000000E+00	 0.00000000E+00	 0.00000000E+00
 5.000000E-03	 1.72200526E-04	 1.21230537E-06	 2.56175110E-06	 1.11665645E-08	 3.03475114E-07	 5.23719764E-07	 7.49282092E-09	-5.36074562E-08
 1.000000E-02	 7.00770781E-04	 8.38001141E-06	 2.85328648E-06	 1.00573993E-07	 1.45562064E-06	 1.83565095E-06	-1.42728773E-07	 1.37896056E-07
 1.500000E-02	 1.58043948E-03	 2.77910065E-05	 3.58840000E-06	 2.45124434E-07	 3.64574010E-06	 2.87854049E-06	-4.84418600E-07	 4.37471395E-07
 2.000000E-02	 2.81074062E-03	 6.55887672E-05	 5.10956002E-06	 4.07211114E-07	 6.98176841E-06	 2.77559002E-06	-8.33995600E-07	 7.89276327E-07
 2.500000E-02	 4.39163876E-03	 1.27941412E-04	 7.98002791E-06	 6.08753988E-07	 1.14152282E-05	 9.57743276E-07	-1.07374003E-06	 1.27381178E-06
 3.000000E-02	 6.32341293E-03	 2.20896885E-04	 1.27476624E-05	 8.23483927E-07	 1.68407622E-05	-3.61334852E-06	-9.12684306E-07	 1.92250680E-06
 3.500000E-02	 8.60692073E-03	 3.50168132E-04	 1.99849144E-05	 8.48401480E-07	 2.29523286E-05	-1.09983836E-05	 2.43426753E-07	 2.34572191E-06
 4.000000E-02	 1.12425183E-02	 5.21086035E-04	 3.06779475E-05	 4.30112129E-07	 2.93340667E-05	-1.88332273E-05	 2.62217411E-06	 2.02431934E-06
 4.500000E-02	 1.42286773E-02	 7.38694460E-04	 4.63542344E-05	-3.74845812E-07	 3.58196823E-05	-2.49077391E-05	 5.54722034E-06	 1.23773506E-06
 5.000000E-02	 1.75625937E-02	 1.00802318E-03	 6.84997024E-05	-1.26354170E-06	 4.25078902E-05	-3.01348005E-05	 8.30926160E-06	 8.73617527E-07
 5.500000E-02	 2.12417339E-02	 1.33404154E-03	 9.82064618E-05	-2.05147867E-06	 4.93757895E-05	-3.69692223E-05	 1.10267110E-05	 1.33362677E-06
 6.000000E-02	 2.52638823E-02	 1.72132574E-03	 1.36407561E-04	-2.74397174E-06	 5.60935123E-05	-4.67300357E-05	 1.44879636E-05	 2.21997199E-06
 6.500000E-02	 2.96263392E-02	 2.17387270E-03	 1.84166354E-04	-3.53147791E-06	 6.19603066E-05	-5.76203921E-05	 1.99459323E-05	 2.25635816E-06
 7.000000E-02	 3.43238920E-02	 2.69521084E-03	 2.43459648E-04	-4.50169134E-06	 6.61657403E-05	-6.36734962E-05	 2.79220681E-05	-9.76676736E-08
 7.500000E-02	 3.93467817E-02	 3.28924088E-03	 3.17633900E-04	-4.91040756E-06	 6.85637477E-05	-5.89521909E-05	 3.67684179E-05	-4.84533303E-06
 8.000000E-02	 4.46819539E-02	 3.96095105E-03	 4.10422915E-04	-3.11676989E-06	 6.98454205E-05	-4.23051058E-05	 4.36666761E-05	-1.02951553E-05
 8.500000E-02	 5.03153127E-02	 4.71702767E-03	 5.25263825E-04	 2.78123341E-06	 7.11009303E-05	-1.67715209E-05	 4.61187980E-05	-1.44317187E-05
 9.000000E-02	 5.62333733E-02	 5.56562073E-03	 6.64954580E-04	 1.44259258E-05	 7.34626161E-05	 1.22557631E-05	 4.26568959E-05	-1.57803046E-05
 9.500000E-02	 6.24242144E-02	 6.51600078E-03	 8.31739922E-04	 3.27284179E-05	 7.76534647E-05	 3.90423909E-05	 3.34950572E-05	-1.40293721E-05
 1.000000E-01	 6.88775385E-02	 7.57814467E-03	 1.02782056E-03	 5.79132261E-05	 8.37385160E-05	 5.97447473E-05	 2.03814165E-05	-1.01136814E-05
 1.050000E-01	 7.55826584E-02	 8.76516433E-03	 1.25670593E-03	 8.95568639E-05	 9.09765643E-05	 7.44820713E-05	 6.32152029E-06	-6.06806948E-06
 1.100000E-01	 8.25271889E-02	 1.00927629E-02	 1.52403764E-03	 1.27221992E-04	 9.81400146E-05	 8.83825078E-05	-5.98492612E-06	-4.13383391E-06
 1.150000E-01	 8.96961410E-02	 1.15784034E-02	 1.83839548E-03	 1.71451177E-04	 1.04723859E-04	 1.06369154E-04	-1.66672780E-05	-4.60766378E-06
 1.200000E-01	 9.70751290E-02	 1.32398527E-02	 2.20889962E-03	 2.23968841E-04	 1.11250305E-04	 1.27632442E-04	-2.77144030E-05	-5.86406611E-06
 1.250000E-01	 1.04651544E-01	 1.50862057E-02	 2.64108119E-03	 2.87613862E-04	 1.18281252E-04	 1.48468449E-04	-4.01211655E-05	-6.66705538E-06
 1.300000E-01	 1.12410748E-01	 1.71247838E-02	 3.13995931E-03	 3.65184440E-04	 1.25871341E-04	 1.66692166E-04	-5.33788343E-05	-7.01855159E-06
 1.350000E-01	 1.20336784E-01	 1.93695397E-02	 3.71258341E-03	 4.59000828E-04	 1.33565177E-04	 1.82716679E-04	-6.60683057E-05	-7.67400272E-06
 1.400000E-01	 1.28411604E-01	 2.18378113E-02	 4.36801478E-03	 5.71651743E-04	 1.40644522E-04	 1.99491417E-04	-7.68330384E-05	-9.43087237E-06
 1.450000E-01	 1.36619065E-01	 2.45413023E-02	 5.11590778E-03	 7.06003288E-04	 1.46873591E-04	 2.20057310E-04	-8.59240277E-05	-1.21600421E-05
 1.500000E-01	 1.44954663E-01	 2.74600448E-02	 5.96013547E-03	 8.65402014E-04	 1.52802580E-04	 2.44716850E-04	-9.51398816E-05	-1.47779675E-05
 1.550000E-01	 1.53411027E-01	 3.05686596E-02	 6.90342253E-03	 1.05215562E-03	 1.59443261E-04	 2.70743578E-04	-1.06671405E-04	-1.60301948E-05
 1.600000E-01	 1.61971801E-01	 3.38596912E-02	 7.94947797E-03	 1.26780119E-03	 1.67784441E-04	 2.93429765E-04	-1.21778175E-04	-1.53655897E-05
 1.650000E-01	 1.70618972E-01	 3.73215885E-02	 9.09955615E-03	 1.51357333E-03	 1.77496735E-04	 3.10845770E-04	-1.38567144E-04	-1.39401009E-05
 1.700000E-01	 1.79330900E-01	 4.09347234E-02	 1.03535075E-02	 1.78981684E-03	 1.86659555E-04	 3.27941093E-04	-1.53348585E-04	-1.34625928E-05
 1.750000E-01	 1.88078458E-01	 4.46695757E-02	 1.17095422E-02	 2.09746013E-03	 1.94187745E-04	 3.49800390E-04	-1.66015724E-04	-1.34116117E-05
 1.800000E-01	 1.96825874E-01	 4.85194556E-02	 1.31710240E-02	 2.43627134E-03	 2.01022483E-04	 3.74002722E-04	-1.79978944E-04	-1.18103581E-05
 1.850000E-01	 2.05544392E-01	 5.25050457E-02	 1.47449703E-02	 2.80496460E-03	 2.07992143E-04	 3.95716766E-04	-1.96649572E-04	-8.33783022E-06
 1.900000E-01	 2.14211918E-01	 5.66266124E-02	 1.64329183E-02	 3.20392717E-03	 2.14397656E-04	 4.14773720E-04	-2.14251524E-04	-4.27797453E-06
 1.950000E-01	 2.22804678E-01	 6.08622355E-02	 1.82319429E-02	 3.63383576E-03	 2.18948093E-04	 4.34153819E-04	-2.30793599E-04	-5.64837848E-07
 2.000000E-01	 2.31296864E-01	 6.51855522E-02	 2.01373083E-02	 4.09453393E-03	 2.20670722E-04	 4.56639664E-04	-2.45473989E-04	 2.75083919E-06
 2.050000E-01	 2.39676290E-01	 6.95777675E-02	 2.21446218E-02	 4.58709263E-03	 2.19257640E-04	 4.83924654E-04	-2.58746989E-04	 6.10683938E-06
 2.100000E-01	 2.47970680E-01	 7.40495039E-02	 2.42563461E-02	 5.11662250E-03	 2.15161118E-04	 5.16298516E-04	-2.71977093E-04	 9.98414840E-06
 2.150000E-01	 2.56206914E-01	 7.86119576E-02	 2.64776141E-02	 5.68805023E-03	 2.09162620E-04	 5.52948316E-04	-2.86636191E-04	 1.45886441E-05
 2.200000E-01	 2.64381699E-01	 8.32534104E-02	 2.88088666E-02	 6.30268815E-03	 2.02027318E-04	 5.92595484E-04	-3.03837926E-04	 1.97558717E-05
 2.250000E-01	 2.72487470E-01	 8.79588692E-02	 3.12498069E-02	 6.96072343E-03	 1.94263388E-04	 6.34190248E-04	-3.23934749E-04	 2.50281525E-05
 2.300000E-01	 2.80505904E-01	 9.27161387E-02	 3.38007567E-02	 7.66194011E-03	 1.85967305E-04	 6.77473800E-04	-3.46561285E-04	 2.99830540E-05
 2.350000E-01	 2.88400675E-01	 9.75184201E-02	 3.64628866E-02	 8.40580958E-03	 1.77188178E-04	 7.22502239E-04	-3.71433758E-04	 3.44798305E-05
 2.400000E-01	 2.96142519E-01	 1.02356317E-01	 3.92357698E-02	 9.19202126E-03	 1.68239327E-04	 7.68993792E-04	-3.98767683E-04	 3.85442666E-05
 2.450000E-01	 3.03717290E-01	 1.07215076E-01	 4.21170596E-02	 1.00201134E-02	 1.59593147E-04	 8.16414342E-04	-4.29034428E-04	 4.22035142E-05
 2.500000E-01	 3.11116385E-01	 1.12079029E-01	 4.51030482E-02	 1.08890051E-02	 1.51784848E-04	 8.64125304E-04	-4.62827124E-04	 4.54385377E-05
 2.550000E-01	 3.18347190E-01	 1.16931077E-01	 4.81882015E-02	 1.17974423E-02	 1.45612282E-04	 9.10834323E-04	-5.01122650E-04	 4.81084855E-05
 2.600000E-01	 3.25420100E-01	 1.21754064E-01	 5.13668986E-02	 1.27438832E-02	 1.41888931E-04	 9.54265778E-04	-5.44557872E-04	 4.95808755E-05
 2.650000E-01	 3.32334403E-01	 1.26533132E-01	 5.46348480E-02	 1.37261889E-02	 1.39570816E-04	 9.93799283E-04	-5.90670855E-04	 4.91323414E-05
 2.700000E-01	 3.39102494E-01	 1.31258632E-01	 5.79899912E-02	 1.47425596E-02	 1.35051824E-04	 1.03332539E-03	-6.34273533E-04	 4.78158747E-05
 2.750000E-01	 3.45807065E-01	 1.35948184E-01	 6.14416650E-02	 1.57939862E-02	 1.26224510E-04	 1.07711712E-03	-6.74083989E-04	 4.81688616E-05
 2.800000E-01	 3.52548305E-01	 1.40627070E-01	 6.50025333E-02	 1.68830897E-02	 1.15118139E-04	 1.12391390E-03	-7.14407908E-04	 5.08060221E-05
 2.850000E-01	 3.59373347E-01	 1.45295158E-01	 6.86751083E-02	 1.80114747E-02	 1.03387071E-04	 1.17065008E-03	-7.57088495E-04	 5.40731718E-05
 2.900000E-01	 3.66272325E-01	 1.49927303E-01	 7.24547698E-02	 1.91790711E-02	 8.88109712E-05	 1.21889958E-03	-7.98316247E-04	 5.76053159E-05
 2.950000E-01	 3.73145906E-01	 1.54457665E-01	 7.63213645E-02	 2.03823053E-02	 6.90938857E-05	 1.27206829E-03	-8.35439044E-04	 6.28032894E-05
 3.000000E-01	 3.79905963E-01	 1.58827973E-01	 8.02580409E-02	 2.16180086E-02	 4.52771458E-05	 1.33026570E-03	-8.70472466E-04	 6.99024902E-05
 3.050000E-01	 3.86528729E-01	 1.63024060E-01	 8.42673192E-02	 2.28844690E-02	 1.92474169E-05	 1.39184435E-03	-9.05535620E-04	 7.75554136E-05
 3.100000E-01	 3.92947715E-01	 1.67017520E-01	 8.83438630E-02	 2.41764234E-02	-8.71663220E-06	 1.45656928E-03	-9.40160502E-04	 8.48452263E-05
 3.150000E-01	 3.99065102E-01	 1.70769755E-01	 9.24773701E-02	 2.54856588E-02	-3.84961866E-05	 1.52495492E-03	-9.74027358E-04	 9.15997514E-05
 3.200000E-01	 4.04827085E-01	 1.74262961E-01	 9.66602397E-02	 2.68031738E-02	-6.86687389E-05	 1.59649566E-03	-1.00868763E-03	 9.71955197E-05
 3.250000E-01	 4.10201215E-01	 1.77477810E-01	 1.00877646E-01	 2.81196975E-02	-9.74631099E-05	 1.66988115E-03	-1.04594599E-03	 1.00548414E-04
 3.300000E-01	 4.15149209E-01	 1.80391931E-01	 1.05112054E-01	 2.94248312E-02	-1.23804397E-04	 1.74402450E-03	-1.08670567E-03	 1.00947235E-04
 3.350000E-01	 4.19635747E-01	 1.82982352E-01	 1.09342221E-01	 3.07073638E-02	-1.47054129E-04	 1.81806662E-03	-1.13158342E-03	 9.82256396E-05
 3.400000E-01	 4.23734905E-01	 1.85269501E-01	 1.13567475E-01	 3.19629221E-02	-1.66680310E-04	 1.89135819E-03	-1.18150392E-03	 9.25096602E-05
 3.450000E-01	 4.27721421E-01	 1.87359759E-01	 1.17836844E-01	 3.32016520E-02	-1.82551077E-04	 1.96403713E-03	-1.23751693E-03	 8.42697760E-05
 3.500000E-01	 4.31816623E-01	 1.89335058E-01	 1.22197433E-01	 3.44342051E-02	-1.95167498E-04	 2.03653132E-03	-1.30007236E-03	 7.45110854E-05
 3.550000E-01	 4.36069903E-01	 1.91203918E-01	 1.26665025E-01	 3.56624399E-02	-2.04921229E-04	 2.10871170E-03	-1.36957989E-03	 6.42719919E-05
 3.600000E-01	 4.40502544E-01	 1.92965889E-01	 1.31256273E-01	 3.68883578E-02	-2.11661422E-04	 2.17973005E-03	-1.44689482E-03	 5.38791291E-05
 3.650000E-01	 4.45140786E-01	 1.94633757E-01	 1.35997286E-01	 3.81141677E-02	-2.16323972E-04	 2.24882262E-03	-1.53126291E-03	 4.39057252E-05
 3.700000E-01	 4.49987766E-01	 1.96210258E-01	 1.40907363E-01	 3.93393533E-02	-2.21991585E-04	 2.31651029E-03	-1.61935485E-03	 3.68171106E-05
 3.750000E-01	 4.54995602E-01	 1.97661631E-01	 1.45984742E-01	 4.05606815E-02	-2.31482917E-04	 2.38408316E-03	-1.70821149E-03	 3.56025840E-05
 3.800000E-01	 4.60135023E-01	 1.98964392E-01	 1.51234285E-01	 4.17765882E-02	-2.45101759E-04	 2.45241646E-03	-1.79767363E-03	 4.12007921E-05
 3.850000E-01	 4.65360725E-01	 2.00104917E-01	 1.56665597E-01	 4.29833771E-02	-2.61373500E-04	 2.52152264E-03	-1.88909969E-03	 5.23351170E-05
 3.900000E-01	 4.70587673E-01	 2.01055514E-01	 1.62272280E-01	 4.41722795E-02	-2.78391006E-04	 2.59078177E-03	-1.98377696E-03	 6.65059845E-05
 3.950000E-01	 4.75760491E-01	 2.01792991E-01	 1.68045800E-01	 4.53356948E-02	-2.95639829E-04	 2.65969113E-03	-2.08132668E-03	 8.19494437E-05
 4.000000E-01	 4.80748496E-01	 2.02256450E-01	 1.73951216E-01	 4.64610699E-02	-3.14959616E-04	 2.72830749E-03	-2.17860093E-03	 9.95467157E-05
 4.050000E-01	 4.85395435E-01	 2.02384907E-01	 1.79947012E-01	 4.75317493E-02	-3.37638277E-04	 2.79726380E-03	-2.27311594E-03	 1.20707274E-04
 4.100000E-01	 4.89726571E-01	 2.02197690E-01	 1.86038417E-01	 4.85422643E-02	-3.61906517E-04	 2.86740126E-03	-2.36640489E-03	 1.44098845E-04
 4.150000E-01	 4.93928351E-01	 2.01754389E-01	 1.92266218E-01	 4.95035345E-02	-3.84630452E-04	 2.93929827E-03	-2.46215199E-03	 1.66446491E-04
 4.200000E-01	 4.98125403E-01	 2.01083767E-01	 1.98663856E-01	 5.04258316E-02	-4.03668302E-04	 3.01272395E-03	-2.56288620E-03	 1.84811790E-04
 4.250000E-01	 5.02267223E-01	 2.00170023E-01	 2.05230030E-01	 5.13042225E-02	-4.19739184E-04	 3.08653930E-03	-2.66759062E-03	 1.98901933E-04
 4.300000E-01	 5.06271787E-01	 1.98991110E-01	 2.11951543E-01	 5.21296045E-02	-4.36800873E-04	 3.16009323E-03	-2.77183016E-03	 2.12716690E-04
 4.350000E-01	 5.10127587E-01	 1.97543842E-01	 2.18831053E-01	 5.28986921E-02	-4.57294216E-04	 3.23392743E-03	-2.87284512E-03	 2.30030203E-04
 4.400000E-01	 5.13870571E-01	 1.95844157E-01	 2.25886072E-01	 5.36121599E-02	-4.78717113E-04	 3.30851106E-03	-2.97291593E-03	 2.48929684E-04
 4.450000E-01	 5.17517310E-01	 1.93899015E-01	 2.33125230E-01	 5.42693367E-02	-4.98707875E-04	 3.38329371E-03	-3.07412796E-03	 2.66154638E-04
 4.500000E-01	 5.21012590E-01	 1.91681136E-01	 2.40527410E-01	 5.48633758E-02	-5.19359028E-04	 3.45747605E-03	-3.17376397E-03	 2.83459233E-04
 4.550000E-01	 5.24286631E-01	 1.89158888E-01	 2.48065334E-01	 5.53853275E-02	-5.42659279E-04	 3.53112803E-03	-3.26888426E-03	 3.03725870E-04
 4.600000E-01	 5.27260417E-01	 1.86298515E-01	 2.55703858E-01	 5.58244539E-02	-5.66329129E-04	 3.60457014E-03	-3.36061813E-03	 3.24926455E-04
 4.650000E-01	 5.29834641E-01	 1.83063373E-01	 2.63395532E-01	 5.61671083E-02	-5.87585221E-04	 3.67734343E-03	-3.45083096E-03	 3.43489253E-04
 4.700000E-01	 5.31964484E-01	 1.79444688E-01	 2.71111501E-01	 5.64025095E-02	-6.06741963E-04	 3.74878658E-03	-3.53898354E-03	 3.59573897E-04
 4.750000E-01	 5.33640448E-01	 1.75442503E-01	 2.78831844E-01	 5.65228034E-02	-6.24367021E-04	 3.81874074E-03	-3.62445787E-03	 3.74457748E-04
 4.800000E-01	 5.34849893E-01	 1.71056466E-01	 2.86535776E-01	 5.65214254E-02	-6.38721698E-04	 3.88729243E-03	-3.70894576E-03	 3.86546097E-04
 4.850000E-01	 5.35581455E-01	 1.66297292E-01	 2.94206132E-01	 5.63913492E-02	-6.48777361E-04	 3.95390930E-03	-3.79398672E-03	 3.94623068E-04
 4.900000E-01	 5.35879364E-01	 1.61195923E-01	 3.01849395E-01	 5.61300916E-02	-6.56507666E-04	 4.01776797E-03	-3.87875526E-03	 4.01855166E-04
 4.950000E-01	 5.35956086E-01	 1.55835167E-01	 3.09558170E-01	 5.57520585E-02	-6.62501234E-04	 4.08010270E-03	-3.96425596E-03	 4.10406575E-04
 5.000000E-01	 5.36017879E-01	 1.50288404E-01	 3.17434429E-01	 5.52739141E-02	-6.62660501E-04	 4.14372692E-03	-4.05608751E-03	 4.15344595E-04
 5.050000E-01	 5.36119021E-01	 1.44571533E-01	 3.25507295E-01	 5.46998919E-02	-6.54151955E-04	 4.20939927E-03	-4.15927234E-03	 4.12190507E-04
 5.100000E-01	 5.36310059E-01	 1.38701138E-01	 3.33811619E-01	 5.40337855E-02	-6.40448780E-04	 4.27507422E-03	-4.27353512E-03	 4.05855646E-04
 5.150000E-01	 5.36767979E-01	 1.32747746E-01	 3.42470685E-01	 5.32886120E-02	-6.25780621E-04	 4.33959493E-03	-4.39731719E-03	 4.03551589E-04
 5.200000E-01	 5.37690265E-01	 1.26780232E-01	 3.51624975E-01	 5.24781743E-02	-6.09744283E-04	 4.40430294E-03	-4.53247086E-03	 4.05430364E-04
 5.250000E-01	 5.39106079E-01	 1.20773676E-01	 3.61307763E-01	 5.16069324E-02	-5.90849511E-04	 4.46981383E-03	-4.68121293E-03	 4.09039004E-04
 5.300000E-01	 5.40960424E-01	 1.14674300E-01	 3.71514513E-01	 5.06741779E-02	-5.70633026E-04	 4.53441565E-03	-4.84267190E-03	 4.16346095E-04
 5.350000E-01	 5.43092862E-01	 1.08429230E-01	 3.82189171E-01	 4.96664646E-02	-5.52324412E-04	 4.59473355E-03	-5.01258003E-03	 4.32259629E-04
 5.400000E-01	 5.45333002E-01	 1.01995974E-01	 3.93256384E-01	 4.85672119E-02	-5.38452326E-04	 4.64782368E-03	-5.18566864E-03	 4.60907589E-04
 5.450000E-01	 5.47666061E-01	 9.53853224E-02	 4.04725364E-01	 4.73686897E-02	-5.28798974E-04	 4.69391197E-03	-5.35888509E-03	 5.01751533E-04
 5.500000E-01	 5.50051848E-01	 8.85992660E-02	 4.16577952E-01	 4.60626127E-02	-5.19737932E-04	 4.73589162E-03	-5.53217048E-03	 5.47411617E-04
 5.550000E-01	 5.52176607E-01	 8.15596789E-02	 4.28598163E-01	 4.46259547E-02	-5.09599040E-04	 4.77317982E-03	-5.70370377E-03	 5.93142891E-04
 5.600000E-01	 5.53745254E-01	 7.41966183E-02	 4.40555563E-01	 4.30377407E-02	-5.02606732E-04	 4.80005713E-03	-5.86677518E-03	 6.45761850E-04
 5.650000E-01	 5.54745650E-01	 6.64920998E-02	 4.52404232E-01	 4.13011050E-02	-5.01331935E-04	 4.81406027E-03	-6.01511422E-03	 7.10662430E-04
 5.700000E-01	 5.55139148E-01	 5.84355268E-02	 4.64090302E-01	 3.94170203E-02	-5.00532187E-04	 4.82007831E-03	-6.14797745E-03	 7.78031686E-04
 5.750000E-01	 5.54760055E-01	 5.00379341E-02	 4.75459881E-01	 3.73712345E-02	-4.94963818E-04	 4.82251251E-03	-6.26762599E-03	 8.36498158E-04
 5.800000E-01	 5.53641906E-01	 4.13612720E-02	 4.86494572E-01	 3.51607896E-02	-4.86391036E-04	 4.81985959E-03	-6.37494341E-03	 8.88941823E-04
 5.850000E-01	 5.52053184E-01	 3.24894329E-02	 4.97363510E-01	 3.27991576E-02	-4.77844140E-04	 4.81038068E-03	-6.46998120E-03	 9.42395971E-04
 5.900000E-01	 5.50110930E-01	 2.34554670E-02	 5.08129343E-01	 3.02959098E-02	-4.67604198E-04	 4.79647909E-03	-6.55382365E-03	 9.94536586E-04
 5.950000E-01	 5.47822444E-01	 1.42726232E-02	 5.18775762E-01	 2.76563173E-02	-4.51711089E-04	 4.78290420E-03	-6.63020718E-03	 1.03783810E-03
 6.000000E-01	 5.45411450E-01	 4.98998171E-03	 5.29485790E-01	 2.48932073E-02	-4.27527587E-04	 4.77491576E-03	-6.70683246E-03	 1.06734966E-03
 6.050000E-01	 5.43149752E-01	-4.34499730E-03	 5.40510075E-01	 2.20166147E-02	-3.94749512E-04	 4.77518374E-03	-6.79211297E-03	 1.08332775E-03
 6.100000E-01	 5.41143614E-01	-1.37143271E-02	 5.51966225E-01	 1.90255606E-02	-3.55426023E-04	 4.78154264E-03	-6.89085087E-03	 1.09151060E-03
 6.150000E-01	 5.39373094E-01	-2.31254545E-02	 5.63860344E-01	 1.59159006E-02	-3.11872463E-04	 4.79000132E-03	-7.00415823E-03	 1.09838162E-03
 6.200000E-01	 5.37753582E-01	-3.25963412E-02	 5.76134137E-01	 1.26832911E-02	-2.64874576E-04	 4.79819517E-03	-7.13185650E-03	 1.10660141E-03
 6.250000E-01	 5.36397203E-01	-4.21100465E-02	 5.88923280E-01	 9.32153724E-03	-2.14459057E-04	 4.80659732E-03	-7.27627411E-03	 1.11666816E-03
 6.300000E-01	 5.35448711E-01	-5.16504793E-02	 6.02404835E-01	 5.82289211E-03	-1.60787692E-04	 4.81598905E-03	-7.44026862E-03	 1.12896163E-03
 6.350000E-01	 5.34720755E-01	-6.12442746E-02	 6.16413200E-01	 2.18413620E-03	-1.04848626E-04	 4.82343029E-03	-7.62231285E-03	 1.14536115E-03
 6.400000E-01	 5.34044839E-01	-7.08917222E-02	 6.30777042E-01	-1.60150395E-03	-4.90510057E-05	 4.82336127E-03	-7.81876411E-03	 1.17128615E-03
 6.450000E-01	 5.33461096E-01	-8.05876284E-02	 6.45515533E-01	-5.53846834E-03	 4.53576908E-06	 4.81190114E-03	-8.02596803E-03	 1.21136508E-03
 6.500000E-01	 5.32863014E-01	-9.03771091E-02	 6.60504625E-01	-9.60737609E-03	 5.59360526E-05	 4.78802534E-03	-8.23866143E-03	 1.26433350E-03
 6.550000E-01	 5.32023959E-01	-1.00292251E-01	 6.75495704E-01	-1.37819512E-02	 1.05673860E-04	 4.75134002E-03	-8.45104059E-03	 1.32711712E-03
 6.600000E-01	 5.30767395E-01	-1.10287920E-01	 6.90262469E-01	-1.80503564E-02	 1.53135397E-04	 4.69989880E-03	-8.65690370E-03	 1.39941649E-03
 6.650000E-01	 5.29037225E-01	-1.20308302E-01	 7.04698185E-01	-2.23926251E-02	 1.97803449E-04	 4.63274790E-03	-8.85073506E-03	 1.48066298E-03
 6.700000E-01	 5.26844678E-01	-1.30349641E-01	 7.18806954E-01	-2.67734059E-02	 2.40388860E-04	 4.55206998E-03	-9.02947859E-03	 1.56713606E-03
 6.750000E-01	 5.24116020E-01	-1.40452136E-01	 7.32518308E-01	-3.11421123E-02	 2.81361182E-04	 4.45928496E-03	-9.19088730E-03	 1.65604601E-03
 6.800000E-01	 5.20781120E-01	-1.50603322E-01	 7.45768759E-01	-3.54750097E-02	 3.19458334E-04	 4.35180078E-03	-9.33173584E-03	 1.75007058E-03
 6.850000E-01	 5.16853507E-01	-1.60730341E-01	 7.58541089E-01	-3.97690430E-02	 3.53339755E-04	 4.22685904E-03	-9.44707677E-03	 1.85192564E-03
 6.900000E-01	 5.12323087E-01	-1.70840198E-01	 7.70827050E-01	-4.39886792E-02	 3.83830325E-04	 4.08639166E-03	-9.53286187E-03	 1.95817198E-03
 6.950000E-01	 5.07193105E-01	-1.80932551E-01	 7.82675719E-01	-4.81171854E-02	 4.13118234E-04	 3.93638159E-03	-9.58828371E-03	 2.06154240E-03
 7.000000E-01	 5.01529871E-01	-1.90942066E-01	 7.94159187E-01	-5.21672468E-02	 4.43303640E-04	 3.78429376E-03	-9.61582270E-03	 2.15448889E-03
 7.050000E-01	 4.95363437E-01	-2.00821310E-01	 8.05307973E-01	-5.61376680E-02	 4.74766000E-04	 3.63347012E-03	-9.62039045E-03	 2.23542862E-03
 7.100000E-01	 4.88689100E-01	-2.10550285E-01	 8.16125598E-01	-6.00226303E-02	 5.05008953E-04	 3.47862827E-03	-9.60500831E-03	 2.31295515E-03
 7.150000E-01	 4.81517749E-01	-2.20119203E-01	 8.26634460E-01	-6.38298566E-02	 5.31590318E-04	 3.31392365E-03	-9.56800741E-03	 2.39474292E-03
 7.200000E-01	 4.73882127E-01	-2.29502125E-01	 8.36876418E-01	-6.75819170E-02	 5.54804938E-04	 3.14190426E-03	-9.50745104E-03	 2.47795273E-03
 7.250000E-01	 4.65717213E-01	-2.38622785E-01	 8.46695550E-01	-7.12896221E-02	 5.74795248E-04	 2.96511702E-03	-9.42251183E-03	 2.55996688E-03
 7.300000E-01	 4.56886316E-01	-2.47377433E-01	 8.55774529E-01	-7.49461704E-02	 5.88815894E-04	 2.77678782E-03	-9.30929978E-03	 2.64839326E-03
 7.350000E-01	 4.47365142E-01	-2.55695522E-01	 8.63976111E-01	-7.85595648E-02	 5.94730728E-04	 2.57172280E-03	-9.16084298E-03	 2.74805546E-03
 7.400000E-01	 4.37153161E-01	-2.63494872E-01	 8.71165359E-01	-8.21424442E-02	 5.94390305E-04	 2.35776884E-03	-8.97195353E-03	 2.84861385E-03
 7.450000E-01	 4.26295038E-01	-2.70712743E-01	 8.77268869E-01	-8.57114038E-02	 5.90126552E-04	 2.14467597E-03	-8.74541057E-03	 2.94061534E-03
 7.500000E-01	 4.14953122E-01	-2.77348364E-01	 8.82498298E-01	-8.93178515E-02	 5.80727865E-04	 1.93023498E-03	-8.48717757E-03	 3.03051606E-03
 7.550000E-01	 4.03180699E-01	-2.83336861E-01	 8.86812269E-01	-9.29850897E-02	 5.64046838E-04	 1.70888404E-03	-8.19533594E-03	 3.12508554E-03
 7.600000E-01	 3.90942786E-01	-2.88578121E-01	 8.89923339E-01	-9.66876593E-02	 5.40884870E-04	 1.48466722E-03	-7.86598261E-03	 3.21808991E-03
 7.650000E-01	 3.78294025E-01	-2.93033202E-01	 8.91760041E-01	-1.00416280E-01	 5.13117721E-04	 1.26449158E-03	-7.50191885E-03	 3.30254847E-03
 7.700000E-01	 3.65350497E-01	-2.96707138E-01	 8.92423315E-01	-1.04190557E-01	 4.80730689E-04	 1.04845602E-03	-7.10774243E-03	 3.38038089E-03
 7.750000E-01	 3.52158129E-01	-2.99579930E-01	 8.91818315E-01	-1.07994977E-01	 4.44015340E-04	 8.37720421E-04	-6.68424126E-03	 3.45032026E-03
 7.800000E-01	 3.38918592E-01	-3.01728290E-01	 8.90282600E-01	-1.11886021E-01	 4.06732773E-04	 6.43467735E-04	-6.23863401E-03	 3.50179852E-03
 7.850000E-01	 3.25941490E-01	-3.03295057E-01	 8.88544670E-01	-1.15983950E-01	 3.72739344E-04	 4.75155573E-04	-5.78582448E-03	 3.52965364E-03
 7.900000E-01	 3.13111497E-01	-3.04246678E-01	 8.86159484E-01	-1.20105916E-01	 3.41251315E-04	 3.28801874E-04	-5.33074984E-03	 3.53887017E-03
 7.950000E-01	 3.00323024E-01	-3.04598035E-01	 8.82789749E-01	-1.24091722E-01	 3.10210589E-04	 1.97547989E-04	-4.87382326E-03	 3.53514210E-03
 8.000000E-01	 2.87654990E-01	-3.04447201E-01	 8.78681203E-01	-1.27933634E-01	 2.80383837E-04	 8.25561076E-05	-4.41847673E-03	 3.51622105E-03
 8.050000E-01	 2.75045880E-01	-3.03833338E-01	 8.73651385E-01	-1.31540471E-01	 2.53746311E-04	-1.16336954E-05	-3.96856980E-03	 3.47519219E-03
 8.100000E-01	 2.62511481E-01	-3.02796945E-01	 8.67778183E-01	-1.34978015E-01	 2.31623420E-04	-8.33727654E-05	-3.53029598E-03	 3.40983967E-03
 8.150000E-01	 2.50321569E-01	-3.01488046E-01	 8.61937320E-01	-1.38530084E-01	 2.15063483E-04	-1.32761342E-04	-3.11223369E-03	 3.32262440E-03
 8.200000E-01	 2.38496619E-01	-2.99975471E-01	 8.56226813E-01	-1.42152265E-01	 2.04697869E-04	-1.60174328E-04	-2.71912159E-03	 3.21331267E-03
 8.250000E-01	 2.26939309E-01	-2.98356138E-01	 8.50492908E-01	-1.45631950E-01	 1.99467896E-04	-1.70123311E-04	-2.35431610E-03	 3.08480784E-03
 8.300000E-01	 2.15852260E-01	-2.96929106E-01	 8.45756629E-01	-1.49099936E-01	 1.95831747E-04	-1.73553084E-04	-2.02070971E-03	 2.94979200E-03
 8.350000E-01	 2.05075209E-01	-2.95682342E-01	 8.41777152E-01	-1.52553498E-01	 1.90585638E-04	-1.77388991E-04	-1.71391718E-03	 2.81229971E-03
 8.400000E-01	 1.94565543E-01	-2.94549284E-01	 8.38644674E-01	-1.56345385E-01	 1.85235893E-04	-1.76790866E-04	-1.43231705E-03	 2.66639942E-03
 8.450000E-01	 1.84526429E-01	-2.93629127E-01	 8.37214901E-01	-1.60933918E-01	 1.82484338E-04	-1.66690497E-04	-1.17874684E-03	 2.50950676E-03
 8.500000E-01	 1.74915043E-01	-2.92926566E-01	 8.37450238E-01	-1.66412185E-01	 1.81309604E-04	-1.51183209E-04	-9.53394873E-04	 2.34536352E-03
 8.550000E-01	 1.65817618E-01	-2.92531623E-01	 8.39862567E-01	-1.73020403E-01	 1.79781609E-04	-1.35631956E-04	-7.54525793E-04	 2.17939312E-03
 8.600000E-01	 1.57366694E-01	-2.92722919E-01	 8.45357233E-01	-1.80824208E-01	 1.78150858E-04	-1.19613792E-04	-5.80388748E-04	 2.01193234E-03
 8.650000E-01	 1.49264924E-01	-2.93449536E-01	 8.53140346E-01	-1.89398520E-01	 1.76620988E-04	-1.02531438E-04	-4.29129541E-04	 1.84044418E-03
 8.700000E-01	 1.41372021E-01	-2.94672835E-01	 8.63076504E-01	-1.98736847E-01	 1.74071960E-04	-8.76400695E-05	-2.99451068E-04	 1.66847376E-03
 8.750000E-01	 1.33744517E-01	-2.96383865E-01	 8.75773860E-01	-2.09252965E-01	 1.70041389E-04	-7.60479261E-05	-1.88458885E-04	 1.50024482E-03
 8.800000E-01	 1.26213938E-01	-2.98299000E-01	 8.90520173E-01	-2.20966468E-01	 1.66352499E-04	-6.28948827E-05	-9.24776962E-05	 1.33534274E-03
 8.850000E-01	 1.18799042E-01	-3.00532739E-01	 9.07775560E-01	-2.33902504E-01	 1.64689653E-04	-4.61552569E-05	-1.10745968E-05	 1.17791013E-03
 8.900000E-01	 1.11448311E-01	-3.03193457E-01	 9.27879045E-01	-2.48075609E-01	 1.62857463E-04	-3.26426063E-05	 5.53878931E-05	 1.03459379E-03
 8.950000E-01	 1.03856800E-01	-3.06050785E-01	 9.49661827E-01	-2.63217824E-01	 1.58155364E-04	-2.66650271E-05	 1.10073226E-04	 9.06595258E-04
 9.000000E-01	 9.58040726E-02	-3.09142961E-01	 9.72598157E-01	-2.79207579E-01	 1.52354819E-04	-2.18551028E-05	 1.58782591E-04	 7.92907832E-04
 9.050000E-01	 8.71678459E-02	-3.12222942E-01	 9.96349915E-01	-2.96576679E-01	 1.48527522E-04	-1.19769787E-05	 2.04235536E-04	 6.93247317E-04
 9.100000E-01	 7.77882288E-02	-3.14647271E-01	 1.01915795E+00	-3.15456658E-01	 1.46365606E-04	 6.92787595E-07	 2.45065724E-04	 6.07314515E-04
 9.150000E-01	 6.75602352E-02	-3.15818312E-01	 1.03912843E+00	-3.35666403E-01	 1.43868709E-04	 1.15901994E-05	 2.78806828E-04	 5.32009864E-04
 9.200000E-01	 5.62570684E-02	-3.15765494E-01	 1.05382735E+00	-3.56286341E-01	 1.39366249E-04	 1.79881729E-05	 3.04422929E-04	 4.66062972E-04
 9.250000E-01	 4.37163075E-02	-3.13556430E-01	 1.06098481E+00	-3.77236553E-01	 1.32539342E-04	 2.11184956E-05	 3.22967172E-04	 4.06129497E-04
 9.300000E-01	 3.03983692E-02	-3.07894573E-01	 1.05669927E+00	-3.98849804E-01	 1.24975165E-04	 2.48642403E-05	 3.34993306E-04	 3.52245423E-04
 9.350000E-01	 1.62093749E-02	-2.99499010E-01	 1.03797390E+00	-4.17766087E-01	 1.17709033E-04	 2.94620426E-05	 3.40043247E-04	 3.06406647E-04
 9.400000E-01	-5.36802095E-04	-2.91049571E-01	 1.00490784E+00	-4.26361548E-01	 1.07730121E-04	 3.08694723E-05	 3.42454989E-04	 2.73136639E-04
 9.450000E-01	-2.03939862E-02	-2.78797915E-01	 9.61208511E-01	-4.27118940E-01	 9.48296031E-05	 3.42201259E-05	 3.42841047E-04	 2.38502871E-04
 9.500000E-01	-4.29187426E-02	-2.66812974E-01	 9.04649659E-01	-4.26775308E-01	 8.04725469E-05	 3.48487179E-05	 3.33541903E-04	 2.00677653E-04
 9.550000E-01	-6.73359786E-02	-2.28027236E-01	 8.45937673E-01	-3.89429263E-01	 7.36882942E-05	 6.21797383E-05	 3.29760564E-04	 1.89450099E-04
 9.600000E-01	-1.03724740E-01	-2.34421258E-01	 6.99291535E-01	-3.06743317E-01	 8.44003369E-05	 8.53386178E-05	 3.25167464E-04	 2.00997536E-04
 9.650000E-01	-2.32188350E-01	-5.48403038E-01	-3.70681652E-01	-4.18091691E-01	 8.60666346E-05	 9.87645241E-05	 3.67869535E-04	 1.99761903E-04
 9.700000E-01	-2.34994521E-01	-1.01052034E+00	-1.71127897E-01	 1.75353858E+00	 7.39964223E-05	 1.18291150E-04	 3.27923641E-04	 3.89666833E-05
 9.750000E-01	 3.15860054E-02	-1.08285348E-01	 1.14021520E+00	 1.53419733E+00	 1.50949990E-04	 9.69285223E-05	 2.74841183E-04	 1.26294784E-04
 9.800000E-01	 3.88308552E-01	 5.33126681E-01	 1.35154526E+00	 1.29402921E+00	 2.79170365E-04	 5.99985827E-05	 3.83505052E-04	-3.13078667E-04
 9.850000E-01	 2.86307816E-01	 9.57109466E-01	 5.65939654E-01	-6.03758788E-01	-4.97216696E-05	 1.33008077E-04	-1.35119737E-04	-1.10942578E-04
 9.900000E-01	-8.48371018E+00	 1.54864757E+00	 1.08894711E+01	 3.07720505E+00	-4.89455497E-04	-1.31318603E-03	-8.13037543E-04	 5.61322593E-04
 9.950000E-01	 1.96060633E+02	 3.06119321E+01	-1.89487920E+02	-9.79630395E+01	-3.18836557E-04	 2.09127796E-02	 9.47550420E-03	-1.63349519E-02
 1.000000E+00	 0.00000000E+00	 0.00000000E+00	 0.00000000E+00	 0.00000000E+00	 0.00000000E+00	 0.00000000E+00	 0.00000000E+00	 0.00000000E+00
