&INSTATE
  DENSITY_MODEL = 1 
  MODEL_SHAPE = 2 
  NBDRY = 61 
  USE_INPED = 0 
  R0 = 4.0 
  A0 = 1.33 
  KAPPA = 2.0 
  DELTA = 0.6 
  B0 = 7.0 
  IP = 8.1 
  N_ION = 2 
  Z_ION = 1 1 
  A_ION = 2 3 
  F_ION = 0.5 0.5 
  N_IMP = 3 
  Z_IMP = 2 4 18 
  A_IMP = 4 9 40 
  F_IMP = 0.0 0.02 0.0005 
  N_MIN = 0 
  Z_MIN = 1 
  A_MIN = 1 
  N_BEAM = 1 
  Z_BEAM = 1 
  A_BEAM = 2 
  N_FUSION = 1 
  Z_FUSION = 2 
  A_FUSION = 4 
  NRHO = 101 
  NE_AXIS = 26.24 
  NE_PED = 14.56 
  NE_SEP = 7.28 
  NE_ALPHA = 1.5 
  NE_BETA = 1.1 
  NE_FIT = 1 
  NE_XMID = 0.952724 
  NE_XWID = 0.094552 
  TE_AXIS = 17.25 
  TE_PED = 3.274687 
  TE_SEP = 0.075 
  TE_ALPHA = 1.5 
  TE_BETA = 1.5 
  TE_FIT = 1 
  TE_XMID = 0.952724 
  TE_XWID = 0.094552 
  TI_AXIS = 15.0 
  TI_PED = 3.274687 
  TI_SEP = 0.075 
  TI_ALPHA = 1.5 
  TI_BETA = 1.5 
  TI_FIT = 1 
  TI_XMID = 0.952724 
  TI_XWID = 0.094552 
  ZEFF_AXIS = 1.7 
  OMEGA_AXIS = 5000.0 
  OMEGA_SEP = 0.0 
  OMEGA_ALPHA = 1.5 
  OMEGA_BETA = 1.5 
  JPAR_AXIS = 1.0 
  JPAR_SEP = 0.05 
  JPAR_ALPHA = 2.0 
  JPAR_BETA = 1.0 
  NBEAM_AXIS = 0.0 
  NBEAM_SEP = 0.0 
  NBEAM_ALPHA = 1.5 
  NBEAM_BETA = 1.5 
  TBEAMI = 20.0 20.0 20.0 20.0 20.0 20.0 20.0 20.0 20.0 20.0 20.0 20.0  
    20.0 20.0 20.0 20.0 20.0 20.0 20.0 20.0 20.0 20.0 20.0 20.0 20.0  
    20.0 20.0 20.0 20.0 20.0 20.0 20.0 20.0 20.0 20.0 20.0 20.0 20.0  
    20.0 20.0 20.0 20.0 20.0 20.0 20.0 20.0 20.0 20.0 20.0 20.0 20.0  
    20.0 20.0 20.0 20.0 20.0 20.0 20.0 20.0 20.0 20.0 20.0 20.0 20.0  
    20.0 20.0 20.0 20.0 20.0 20.0 20.0 20.0 20.0 20.0 20.0 20.0 20.0  
    20.0 20.0 20.0 20.0 20.0 20.0 20.0 20.0 20.0 20.0 20.0 20.0 20.0  
    20.0 20.0 20.0 20.0 20.0 20.0 20.0 20.0 20.0 20.0 20.0 
  BETAN_PED = -1.0 
  XMID = -1.0 
  XWID = -1.0 
  PRESSURE_MODEL = 'full' 
  H98_TARGET = 1.3 
  BETAN_TARGET = 3.0 
  BETAN_BEAM_TARGET = 0.0 
  CURRENT_MODEL = 'broad' 
  RHO_JBDRY = 0.85 
  RHO_JPEAK = 0.65 
  JAXIS = 0.6 
  JAXIS_PRIME = 1.0 
  JBDRY_PRIME = -1.0 
  NE = 26.29700715410043 26.259568995321615 26.21921795917607  
    26.17599177197339 26.12992816002316 26.08106484963496  
    26.0294395671184 25.97509003878304 25.918053990938482  
    25.858369149894312 25.79607324196012 25.73120399344548  
    25.663799130659996 25.593896379913236 25.521533467514804  
    25.44674811977428 25.36957806300124 25.29006102350527  
    25.208234727595954 25.12413690158287 25.03780527177558  
    24.949277564483655 24.858591506016637 24.765784822684058  
    24.67089524079542 24.57396048666019 24.475018286587744  
    24.374106366887386 24.271262453868264 24.166524273839304  
    24.05992955310909 23.95151601798572 23.841321394776525  
    23.72938340978772 23.615739789323808 23.500428259686746  
    23.383486547174662 23.26495237807993 23.144863478686272  
    23.023257575264473 22.90017239406584 22.77564566131248  
    22.649715103182697 22.522418445789054 22.39379341514554  
    22.263877737118275 22.132709137351647 22.000325341157616  
    21.866764073349803 21.732063057994832 21.59626001803995  
    21.459392674755012 21.32149874689691 21.182615949458214  
    21.04278199179363 20.90203457481525 20.760411386794534  
    20.617950097079827 20.47468834669596 20.33066373428092  
    20.185913795049984 20.040475969335752 19.894387555546245  
    19.74768563983567 19.60040699097788 19.452587903253214  
    19.30426396168287 19.155469691295973 19.006238033245296  
    18.85659956244676 18.706581319465535 18.55620506685819  
    18.40548468708353 18.25442230056677 18.10300247660548  
    17.951183604281344 17.798885038267592 17.645967967301324  
    17.492206974369644 17.337247833666567 17.18054504425926  
    17.021269723757815 16.85817457719976 16.689397666196268  
    16.51218108459077 16.322476175141688 16.114408425516743  
    15.879593838892031 15.606357174005947 15.279040671229811  
    14.877861038415965 14.380188364439752 13.764518273281077  
    13.018193780170137 12.148060705343466 11.189334262731277  
    10.204774034605446 9.269579145083881 8.44815153865784  
    7.776638048357366 7.260124811519935 
  TE = 17.32549593015158 17.26521360327734 17.199439985532106  
    17.128291571850387 17.05188485716671 16.970336336415556  
    16.883762504531454 16.792279856448904 16.69600488710243  
    16.595054091426526 16.489543964355708 16.379591000824487  
    16.26531169576737 16.146822544118866 16.02424004081348  
    15.897680680785736 15.767260958970125 15.63309737030117  
    15.49530640971338 15.354004572141257 15.209308352519315  
    15.061334245782067 14.910198746864012 14.75601835069967  
    14.598909552223542 14.438988846370142 14.276372728073975  
    14.111177692269555 13.943520233891377 13.773516847873955  
    13.601284029151788 13.426938272659369 13.250596073331192  
    13.072373926101724 12.892388325905424 12.71075576767672  
    12.527592746349974 12.343015756859472 12.157141294139358  
    11.97008585312356 11.781965928745667 11.592898015938696  
    11.402998609634764 11.212384204764572 11.021171296256526  
    10.829476379035365 10.637415948019996 10.445106498119975  
    10.25266452422994 10.060206521220744 9.867848983925219  
    9.675708407115621 9.483901285467562 9.292544113502604  
    9.10175338549682 8.911645595335223 8.722337236280053  
    8.533944800602116 8.346584778994373 8.160373659639534  
    7.975427926727807 7.791864058101413 7.609798521512299  
    7.42934776867823 7.2506282258443235 7.073756278798894  
    6.8988482490902845 6.726020356284741 6.555388658082329  
    6.387068955314147 6.22117664124213 6.057826462526478  
    5.897132140102855 5.739205767875606 5.584156859003382  
    5.432090833185719 5.283106617191873 5.137292838681425  
    4.994721788744384 4.855439846508167 4.7194522984501415  
    4.586699290934842 4.457017797229684 4.330081638038362  
    4.205307369530757 4.081707904953391 3.9576682604494198  
    3.830610910667237 3.696519339983369 3.549317749078909  
    3.380208450825832 3.1773272067776515 2.9265633171672927  
    2.6149405307753844 2.2376525412988646 1.8069818559049908  
    1.3561593674125079 0.930503957510913 0.5687762015978702  
    0.28908268431534034 0.08865492075750614 
  TI = 15.063153797304638 15.012891200970207 14.958057551458733  
    14.898749799034263 14.835064893960865 14.767099786502591  
    14.694951426923495 14.618716765487632 14.538492752459069  
    14.454376338101842 14.366464472680025 14.27485410645767  
    14.179642189698834 14.080925672667565 13.978801505627928  
    13.87336663884397 13.764718022579759 13.652952607099344  
    13.538167342666778 13.420459179546127 13.299925068001441  
    13.176661958296771 13.05076680069618 12.922336545463729  
    12.79146814286346 12.65825854315943 12.522804696615701  
    12.385203553496318 12.245552064065327 12.103947178586782  
    11.960485847324717 11.815265020543158 11.668381648506115  
    11.51993268147758 11.370015069721491 11.218725763501725  
    11.066161713082064 10.91241986872611 10.757597180697214  
    10.601790599258315 10.445097074671697 10.28761355719863  
    10.129436997098736 9.970664344629089 9.81139255004271  
    9.65171856358622 9.491739335496158 9.331551815993135  
    9.171252955272651 9.010939703490623 8.850709010740548  
    8.690657827017587 8.53088310216194 8.371481785769783  
    8.212550827053004 8.054187174618589 7.896487776121502  
    7.739549577718798 7.583469523211275 7.428344552694133  
    7.274271600436185 7.121347591547243 6.969669436742172  
    6.819334024115859 6.67043820622464 6.523078779798364  
    6.377352453882631 6.233355799817323 6.091185172699955  
    5.9509365880826515 5.812705528386747 5.676586638967834  
    5.542673250905473 5.411056631677614 5.281824808445669  
    5.155060719996782 5.030839314066007 4.90922298798905  
    4.790254427510966 4.673945361600883 4.560258914099929  
    4.4490819372588 4.340181729975191 4.233138573128651  
    4.1272412247108665 4.021326744635575 3.9135393710070483  
    3.8009786169116095 3.6792133465865984 3.5416788597319  
    3.379094725437998 3.1793142995261148 2.9284775478731406  
    2.614743885309292 2.235293411521588 1.8043303994614572  
    1.3554572165808565 0.9323368446756909 0.5715038878398799  
    0.2900793348611149 0.08584532263412173 
  OMEGA = 5000.0 4992.501875312617 4978.801803642982 4961.079525757888  
    4940.120160481929 4916.382264417142 4890.178959126129  
    4861.743180225447 4831.25802397416 4798.873089069974  
    4764.714176680347 4728.889465864889 4691.49365939023  
    4652.610885585978 4612.316799194642 4570.680145336043  
    4527.763951444465 4483.626454078613 4438.321832198482  
    4391.900796207038 4344.4110675304 4295.8977737896985  
    4246.40377795559 4195.969955213296 4144.635427940012  
    4092.4377667839985 4039.4131640577425 3985.596584330529  
    3931.0218961023397 3875.7219876732106 3819.7288697287104  
    3763.0737666988502 3705.7871985828315 3647.8990546422406  
    3589.438660133466 3530.4348370633697 3470.915959800813  
    3410.9100062532852 3350.4446052167536 3289.547080423742  
    3228.2444917459657 3166.5636739510987 3104.5312733661444  
    3042.173782760938 2979.517574732991 2916.588933848409  
    2853.414087771826 2790.0192376008504 2726.430587606626  
    2662.6743745715507 2598.7768969075605 2534.7645437334877  
    2470.6638240877164 2406.5013964525215 2342.304098769215  
    2278.098979128408 2213.9133273276425 2149.774707499308  
    2085.710992025642 2021.7503969748439 1957.9215193134894  
    1894.2533761760671 1830.7754465031953 1767.517715396928  
    1704.510721585523 1641.785608442535 1579.3741790678616  
    1517.308956013494 1455.6232463269953 1394.3512126945195  
    1333.5279515969085 1273.1895795526254 1213.3733287172934  
    1154.1176533507187 1095.4623489609633 1037.44868630746  
    980.1195629133316 923.5196753302642 867.6957161578887  
    812.6966007990841 758.5737302107872 705.3812975972637  
    653.176649248546 602.0207127844636 551.9785102731538  
    503.11977958382886 455.51973573603556 409.26001624745703  
    364.4298727407019 321.12769905204857 279.46303032201934  
    239.55922004571474 201.5571260162476 165.62035903570222  
    131.9430747558399 100.76217026861713 72.37775875708891  
    47.19105134553227 25.78549737185129 9.151104569478662 0.0 
  ZEFF = 1.393 1.393 1.3930000000000002 1.393 1.3929999999999998 1.393  
    1.393 1.3930000000000002 1.3930000000000002 1.393 1.393 1.393  
    1.3930000000000002 1.393 1.3929999999999998 1.3929999999999998  
    1.393 1.393 1.393 1.3929999999999998 1.393 1.393 1.3929999999999998  
    1.393 1.393 1.393 1.393 1.393 1.3930000000000002 1.393 1.393  
    1.3929999999999998 1.393 1.393 1.393 1.393 1.3929999999999998  
    1.3930000000000002 1.3929999999999998 1.393 1.3930000000000002  
    1.393 1.3930000000000002 1.393 1.3929999999999998 1.393 1.393  
    1.3929999999999998 1.393 1.3930000000000002 1.393  
    1.3930000000000002 1.3929999999999998 1.393 1.393 1.393 1.393 1.393  
    1.3929999999999998 1.393 1.393 1.3930000000000002  
    1.3929999999999998 1.3929999999999998 1.393 1.393  
    1.3930000000000002 1.3929999999999998 1.3930000000000002  
    1.3930000000000002 1.393 1.393 1.3929999999999998  
    1.3929999999999998 1.393 1.393 1.393 1.393 1.3929999999999998 1.393  
    1.393 1.393 1.393 1.393 1.3929999999999998 1.393 1.3930000000000002  
    1.393 1.393 1.3930000000000002 1.3930000000000002 1.393 1.393 1.393  
    1.393 1.3929999999999998 1.393 1.393 1.393 1.3929999999999998 1.393 
  J_OH = 0.0 0.0 0.0 0.0 0.0 0.0 0.0 0.0 0.0 0.0 0.0 0.0 0.0 0.0 0.0  
    0.0 0.0 0.0 0.0 0.0 0.0 0.0 0.0 0.0 0.0 0.0 0.0 0.0 0.0 0.0 0.0 0.0  
    0.0 0.0 0.0 0.0 0.0 0.0 0.0 0.0 0.0 0.0 0.0 0.0 0.0 0.0 0.0 0.0 0.0  
    0.0 0.0 0.0 0.0 0.0 0.0 0.0 0.0 0.0 0.0 0.0 0.0 0.0 0.0 0.0 0.0 0.0  
    0.0 0.0 0.0 0.0 0.0 0.0 0.0 0.0 0.0 0.0 0.0 0.0 0.0 0.0 0.0 0.0 0.0  
    0.0 0.0 0.0 0.0 0.0 0.0 0.0 0.0 0.0 0.0 0.0 0.0 0.0 0.0 0.0 0.0 0.0  
    0.0 
  J_BS = 0.0 0.0 0.0 0.0 0.0 0.0 0.0 0.0 0.0 0.0 0.0 0.0 0.0 0.0 0.0  
    0.0 0.0 0.0 0.0 0.0 0.0 0.0 0.0 0.0 0.0 0.0 0.0 0.0 0.0 0.0 0.0 0.0  
    0.0 0.0 0.0 0.0 0.0 0.0 0.0 0.0 0.0 0.0 0.0 0.0 0.0 0.0 0.0 0.0 0.0  
    0.0 0.0 0.0 0.0 0.0 0.0 0.0 0.0 0.0 0.0 0.0 0.0 0.0 0.0 0.0 0.0 0.0  
    0.0 0.0 0.0 0.0 0.0 0.0 0.0 0.0 0.0 0.0 0.0 0.0 0.0 0.0 0.0 0.0 0.0  
    0.0 0.0 0.0 0.0 0.0 0.0 0.0 0.0 0.0 0.0 0.0 0.0 0.0 0.0 0.0 0.0 0.0  
    0.0 
  J_NB = 0.0 0.0 0.0 0.0 0.0 0.0 0.0 0.0 0.0 0.0 0.0 0.0 0.0 0.0 0.0  
    0.0 0.0 0.0 0.0 0.0 0.0 0.0 0.0 0.0 0.0 0.0 0.0 0.0 0.0 0.0 0.0 0.0  
    0.0 0.0 0.0 0.0 0.0 0.0 0.0 0.0 0.0 0.0 0.0 0.0 0.0 0.0 0.0 0.0 0.0  
    0.0 0.0 0.0 0.0 0.0 0.0 0.0 0.0 0.0 0.0 0.0 0.0 0.0 0.0 0.0 0.0 0.0  
    0.0 0.0 0.0 0.0 0.0 0.0 0.0 0.0 0.0 0.0 0.0 0.0 0.0 0.0 0.0 0.0 0.0  
    0.0 0.0 0.0 0.0 0.0 0.0 0.0 0.0 0.0 0.0 0.0 0.0 0.0 0.0 0.0 0.0 0.0  
    0.0 
  J_EC = 0.0 0.0 0.0 0.0 0.0 0.0 0.0 0.0 0.0 0.0 0.0 0.0 0.0 0.0 0.0  
    0.0 0.0 0.0 0.0 0.0 0.0 0.0 0.0 0.0 0.0 0.0 0.0 0.0 0.0 0.0 0.0 0.0  
    0.0 0.0 0.0 0.0 0.0 0.0 0.0 0.0 0.0 0.0 0.0 0.0 0.0 0.0 0.0 0.0 0.0  
    0.0 0.0 0.0 0.0 0.0 0.0 0.0 0.0 0.0 0.0 0.0 0.0 0.0 0.0 0.0 0.0 0.0  
    0.0 0.0 0.0 0.0 0.0 0.0 0.0 0.0 0.0 0.0 0.0 0.0 0.0 0.0 0.0 0.0 0.0  
    0.0 0.0 0.0 0.0 0.0 0.0 0.0 0.0 0.0 0.0 0.0 0.0 0.0 0.0 0.0 0.0 0.0  
    0.0 
  J_IC = 0.0 0.0 0.0 0.0 0.0 0.0 0.0 0.0 0.0 0.0 0.0 0.0 0.0 0.0 0.0  
    0.0 0.0 0.0 0.0 0.0 0.0 0.0 0.0 0.0 0.0 0.0 0.0 0.0 0.0 0.0 0.0 0.0  
    0.0 0.0 0.0 0.0 0.0 0.0 0.0 0.0 0.0 0.0 0.0 0.0 0.0 0.0 0.0 0.0 0.0  
    0.0 0.0 0.0 0.0 0.0 0.0 0.0 0.0 0.0 0.0 0.0 0.0 0.0 0.0 0.0 0.0 0.0  
    0.0 0.0 0.0 0.0 0.0 0.0 0.0 0.0 0.0 0.0 0.0 0.0 0.0 0.0 0.0 0.0 0.0  
    0.0 0.0 0.0 0.0 0.0 0.0 0.0 0.0 0.0 0.0 0.0 0.0 0.0 0.0 0.0 0.0 0.0  
    0.0 
  J_LH = 0.0 0.0 0.0 0.0 0.0 0.0 0.0 0.0 0.0 0.0 0.0 0.0 0.0 0.0 0.0  
    0.0 0.0 0.0 0.0 0.0 0.0 0.0 0.0 0.0 0.0 0.0 0.0 0.0 0.0 0.0 0.0 0.0  
    0.0 0.0 0.0 0.0 0.0 0.0 0.0 0.0 0.0 0.0 0.0 0.0 0.0 0.0 0.0 0.0 0.0  
    0.0 0.0 0.0 0.0 0.0 0.0 0.0 0.0 0.0 0.0 0.0 0.0 0.0 0.0 0.0 0.0 0.0  
    0.0 0.0 0.0 0.0 0.0 0.0 0.0 0.0 0.0 0.0 0.0 0.0 0.0 0.0 0.0 0.0 0.0  
    0.0 0.0 0.0 0.0 0.0 0.0 0.0 0.0 0.0 0.0 0.0 0.0 0.0 0.0 0.0 0.0 0.0  
    0.0 
  PE_NB = 0.0 0.0 0.0 0.0 0.0 0.0 0.0 0.0 0.0 0.0 0.0 0.0 0.0 0.0 0.0  
    0.0 0.0 0.0 0.0 0.0 0.0 0.0 0.0 0.0 0.0 0.0 0.0 0.0 0.0 0.0 0.0 0.0  
    0.0 0.0 0.0 0.0 0.0 0.0 0.0 0.0 0.0 0.0 0.0 0.0 0.0 0.0 0.0 0.0 0.0  
    0.0 0.0 0.0 0.0 0.0 0.0 0.0 0.0 0.0 0.0 0.0 0.0 0.0 0.0 0.0 0.0 0.0  
    0.0 0.0 0.0 0.0 0.0 0.0 0.0 0.0 0.0 0.0 0.0 0.0 0.0 0.0 0.0 0.0 0.0  
    0.0 0.0 0.0 0.0 0.0 0.0 0.0 0.0 0.0 0.0 0.0 0.0 0.0 0.0 0.0 0.0 0.0  
    0.0 
  PE_EC = 0.0 0.0 0.0 0.0 0.0 0.0 0.0 0.0 0.0 0.0 0.0 0.0 0.0 0.0 0.0  
    0.0 0.0 0.0 0.0 0.0 0.0 0.0 0.0 0.0 0.0 0.0 0.0 0.0 0.0 0.0 0.0 0.0  
    0.0 0.0 0.0 0.0 0.0 0.0 0.0 0.0 0.0 0.0 0.0 0.0 0.0 0.0 0.0 0.0 0.0  
    0.0 0.0 0.0 0.0 0.0 0.0 0.0 0.0 0.0 0.0 0.0 0.0 0.0 0.0 0.0 0.0 0.0  
    0.0 0.0 0.0 0.0 0.0 0.0 0.0 0.0 0.0 0.0 0.0 0.0 0.0 0.0 0.0 0.0 0.0  
    0.0 0.0 0.0 0.0 0.0 0.0 0.0 0.0 0.0 0.0 0.0 0.0 0.0 0.0 0.0 0.0 0.0  
    0.0 
  PE_IC = 0.0 0.0 0.0 0.0 0.0 0.0 0.0 0.0 0.0 0.0 0.0 0.0 0.0 0.0 0.0  
    0.0 0.0 0.0 0.0 0.0 0.0 0.0 0.0 0.0 0.0 0.0 0.0 0.0 0.0 0.0 0.0 0.0  
    0.0 0.0 0.0 0.0 0.0 0.0 0.0 0.0 0.0 0.0 0.0 0.0 0.0 0.0 0.0 0.0 0.0  
    0.0 0.0 0.0 0.0 0.0 0.0 0.0 0.0 0.0 0.0 0.0 0.0 0.0 0.0 0.0 0.0 0.0  
    0.0 0.0 0.0 0.0 0.0 0.0 0.0 0.0 0.0 0.0 0.0 0.0 0.0 0.0 0.0 0.0 0.0  
    0.0 0.0 0.0 0.0 0.0 0.0 0.0 0.0 0.0 0.0 0.0 0.0 0.0 0.0 0.0 0.0 0.0  
    0.0 
  PE_LH = 0.0 0.0 0.0 0.0 0.0 0.0 0.0 0.0 0.0 0.0 0.0 0.0 0.0 0.0 0.0  
    0.0 0.0 0.0 0.0 0.0 0.0 0.0 0.0 0.0 0.0 0.0 0.0 0.0 0.0 0.0 0.0 0.0  
    0.0 0.0 0.0 0.0 0.0 0.0 0.0 0.0 0.0 0.0 0.0 0.0 0.0 0.0 0.0 0.0 0.0  
    0.0 0.0 0.0 0.0 0.0 0.0 0.0 0.0 0.0 0.0 0.0 0.0 0.0 0.0 0.0 0.0 0.0  
    0.0 0.0 0.0 0.0 0.0 0.0 0.0 0.0 0.0 0.0 0.0 0.0 0.0 0.0 0.0 0.0 0.0  
    0.0 0.0 0.0 0.0 0.0 0.0 0.0 0.0 0.0 0.0 0.0 0.0 0.0 0.0 0.0 0.0 0.0  
    0.0 
  PE_FUS = 0.0 0.0 0.0 0.0 0.0 0.0 0.0 0.0 0.0 0.0 0.0 0.0 0.0 0.0 0.0  
    0.0 0.0 0.0 0.0 0.0 0.0 0.0 0.0 0.0 0.0 0.0 0.0 0.0 0.0 0.0 0.0 0.0  
    0.0 0.0 0.0 0.0 0.0 0.0 0.0 0.0 0.0 0.0 0.0 0.0 0.0 0.0 0.0 0.0 0.0  
    0.0 0.0 0.0 0.0 0.0 0.0 0.0 0.0 0.0 0.0 0.0 0.0 0.0 0.0 0.0 0.0 0.0  
    0.0 0.0 0.0 0.0 0.0 0.0 0.0 0.0 0.0 0.0 0.0 0.0 0.0 0.0 0.0 0.0 0.0  
    0.0 0.0 0.0 0.0 0.0 0.0 0.0 0.0 0.0 0.0 0.0 0.0 0.0 0.0 0.0 0.0 0.0  
    0.0 
  PE_IONIZATION = 0.0 0.0 0.0 0.0 0.0 0.0 0.0 0.0 0.0 0.0 0.0 0.0 0.0  
    0.0 0.0 0.0 0.0 0.0 0.0 0.0 0.0 0.0 0.0 0.0 0.0 0.0 0.0 0.0 0.0 0.0  
    0.0 0.0 0.0 0.0 0.0 0.0 0.0 0.0 0.0 0.0 0.0 0.0 0.0 0.0 0.0 0.0 0.0  
    0.0 0.0 0.0 0.0 0.0 0.0 0.0 0.0 0.0 0.0 0.0 0.0 0.0 0.0 0.0 0.0 0.0  
    0.0 0.0 0.0 0.0 0.0 0.0 0.0 0.0 0.0 0.0 0.0 0.0 0.0 0.0 0.0 0.0 0.0  
    0.0 0.0 0.0 0.0 0.0 0.0 0.0 0.0 0.0 0.0 0.0 0.0 0.0 0.0 0.0 0.0 0.0  
    0.0 0.0 0.0 
  P_RAD = 0.0 0.0 0.0 0.0 0.0 0.0 0.0 0.0 0.0 0.0 0.0 0.0 0.0 0.0 0.0  
    0.0 0.0 0.0 0.0 0.0 0.0 0.0 0.0 0.0 0.0 0.0 0.0 0.0 0.0 0.0 0.0 0.0  
    0.0 0.0 0.0 0.0 0.0 0.0 0.0 0.0 0.0 0.0 0.0 0.0 0.0 0.0 0.0 0.0 0.0  
    0.0 0.0 0.0 0.0 0.0 0.0 0.0 0.0 0.0 0.0 0.0 0.0 0.0 0.0 0.0 0.0 0.0  
    0.0 0.0 0.0 0.0 0.0 0.0 0.0 0.0 0.0 0.0 0.0 0.0 0.0 0.0 0.0 0.0 0.0  
    0.0 0.0 0.0 0.0 0.0 0.0 0.0 0.0 0.0 0.0 0.0 0.0 0.0 0.0 0.0 0.0 0.0  
    0.0 
  PI_NB = 0.0 0.0 0.0 0.0 0.0 0.0 0.0 0.0 0.0 0.0 0.0 0.0 0.0 0.0 0.0  
    0.0 0.0 0.0 0.0 0.0 0.0 0.0 0.0 0.0 0.0 0.0 0.0 0.0 0.0 0.0 0.0 0.0  
    0.0 0.0 0.0 0.0 0.0 0.0 0.0 0.0 0.0 0.0 0.0 0.0 0.0 0.0 0.0 0.0 0.0  
    0.0 0.0 0.0 0.0 0.0 0.0 0.0 0.0 0.0 0.0 0.0 0.0 0.0 0.0 0.0 0.0 0.0  
    0.0 0.0 0.0 0.0 0.0 0.0 0.0 0.0 0.0 0.0 0.0 0.0 0.0 0.0 0.0 0.0 0.0  
    0.0 0.0 0.0 0.0 0.0 0.0 0.0 0.0 0.0 0.0 0.0 0.0 0.0 0.0 0.0 0.0 0.0  
    0.0 
  PI_IC = 0.0 0.0 0.0 0.0 0.0 0.0 0.0 0.0 0.0 0.0 0.0 0.0 0.0 0.0 0.0  
    0.0 0.0 0.0 0.0 0.0 0.0 0.0 0.0 0.0 0.0 0.0 0.0 0.0 0.0 0.0 0.0 0.0  
    0.0 0.0 0.0 0.0 0.0 0.0 0.0 0.0 0.0 0.0 0.0 0.0 0.0 0.0 0.0 0.0 0.0  
    0.0 0.0 0.0 0.0 0.0 0.0 0.0 0.0 0.0 0.0 0.0 0.0 0.0 0.0 0.0 0.0 0.0  
    0.0 0.0 0.0 0.0 0.0 0.0 0.0 0.0 0.0 0.0 0.0 0.0 0.0 0.0 0.0 0.0 0.0  
    0.0 0.0 0.0 0.0 0.0 0.0 0.0 0.0 0.0 0.0 0.0 0.0 0.0 0.0 0.0 0.0 0.0  
    0.0 
  PI_LH = 0.0 0.0 0.0 0.0 0.0 0.0 0.0 0.0 0.0 0.0 0.0 0.0 0.0 0.0 0.0  
    0.0 0.0 0.0 0.0 0.0 0.0 0.0 0.0 0.0 0.0 0.0 0.0 0.0 0.0 0.0 0.0 0.0  
    0.0 0.0 0.0 0.0 0.0 0.0 0.0 0.0 0.0 0.0 0.0 0.0 0.0 0.0 0.0 0.0 0.0  
    0.0 0.0 0.0 0.0 0.0 0.0 0.0 0.0 0.0 0.0 0.0 0.0 0.0 0.0 0.0 0.0 0.0  
    0.0 0.0 0.0 0.0 0.0 0.0 0.0 0.0 0.0 0.0 0.0 0.0 0.0 0.0 0.0 0.0 0.0  
    0.0 0.0 0.0 0.0 0.0 0.0 0.0 0.0 0.0 0.0 0.0 0.0 0.0 0.0 0.0 0.0 0.0  
    0.0 
  PI_FUS = 0.0 0.0 0.0 0.0 0.0 0.0 0.0 0.0 0.0 0.0 0.0 0.0 0.0 0.0 0.0  
    0.0 0.0 0.0 0.0 0.0 0.0 0.0 0.0 0.0 0.0 0.0 0.0 0.0 0.0 0.0 0.0 0.0  
    0.0 0.0 0.0 0.0 0.0 0.0 0.0 0.0 0.0 0.0 0.0 0.0 0.0 0.0 0.0 0.0 0.0  
    0.0 0.0 0.0 0.0 0.0 0.0 0.0 0.0 0.0 0.0 0.0 0.0 0.0 0.0 0.0 0.0 0.0  
    0.0 0.0 0.0 0.0 0.0 0.0 0.0 0.0 0.0 0.0 0.0 0.0 0.0 0.0 0.0 0.0 0.0  
    0.0 0.0 0.0 0.0 0.0 0.0 0.0 0.0 0.0 0.0 0.0 0.0 0.0 0.0 0.0 0.0 0.0  
    0.0 
  PI_IONIZATION = 0.0 0.0 0.0 0.0 0.0 0.0 0.0 0.0 0.0 0.0 0.0 0.0 0.0  
    0.0 0.0 0.0 0.0 0.0 0.0 0.0 0.0 0.0 0.0 0.0 0.0 0.0 0.0 0.0 0.0 0.0  
    0.0 0.0 0.0 0.0 0.0 0.0 0.0 0.0 0.0 0.0 0.0 0.0 0.0 0.0 0.0 0.0 0.0  
    0.0 0.0 0.0 0.0 0.0 0.0 0.0 0.0 0.0 0.0 0.0 0.0 0.0 0.0 0.0 0.0 0.0  
    0.0 0.0 0.0 0.0 0.0 0.0 0.0 0.0 0.0 0.0 0.0 0.0 0.0 0.0 0.0 0.0 0.0  
    0.0 0.0 0.0 0.0 0.0 0.0 0.0 0.0 0.0 0.0 0.0 0.0 0.0 0.0 0.0 0.0 0.0  
    0.0 0.0 0.0 
  PI_CX = 0.0 0.0 0.0 0.0 0.0 0.0 0.0 0.0 0.0 0.0 0.0 0.0 0.0 0.0 0.0  
    0.0 0.0 0.0 0.0 0.0 0.0 0.0 0.0 0.0 0.0 0.0 0.0 0.0 0.0 0.0 0.0 0.0  
    0.0 0.0 0.0 0.0 0.0 0.0 0.0 0.0 0.0 0.0 0.0 0.0 0.0 0.0 0.0 0.0 0.0  
    0.0 0.0 0.0 0.0 0.0 0.0 0.0 0.0 0.0 0.0 0.0 0.0 0.0 0.0 0.0 0.0 0.0  
    0.0 0.0 0.0 0.0 0.0 0.0 0.0 0.0 0.0 0.0 0.0 0.0 0.0 0.0 0.0 0.0 0.0  
    0.0 0.0 0.0 0.0 0.0 0.0 0.0 0.0 0.0 0.0 0.0 0.0 0.0 0.0 0.0 0.0 0.0  
    0.0 
  P_OHM = 0.0 0.0 0.0 0.0 0.0 0.0 0.0 0.0 0.0 0.0 0.0 0.0 0.0 0.0 0.0  
    0.0 0.0 0.0 0.0 0.0 0.0 0.0 0.0 0.0 0.0 0.0 0.0 0.0 0.0 0.0 0.0 0.0  
    0.0 0.0 0.0 0.0 0.0 0.0 0.0 0.0 0.0 0.0 0.0 0.0 0.0 0.0 0.0 0.0 0.0  
    0.0 0.0 0.0 0.0 0.0 0.0 0.0 0.0 0.0 0.0 0.0 0.0 0.0 0.0 0.0 0.0 0.0  
    0.0 0.0 0.0 0.0 0.0 0.0 0.0 0.0 0.0 0.0 0.0 0.0 0.0 0.0 0.0 0.0 0.0  
    0.0 0.0 0.0 0.0 0.0 0.0 0.0 0.0 0.0 0.0 0.0 0.0 0.0 0.0 0.0 0.0 0.0  
    0.0 
  P_EI = 0.0 0.0 0.0 0.0 0.0 0.0 0.0 0.0 0.0 0.0 0.0 0.0 0.0 0.0 0.0  
    0.0 0.0 0.0 0.0 0.0 0.0 0.0 0.0 0.0 0.0 0.0 0.0 0.0 0.0 0.0 0.0 0.0  
    0.0 0.0 0.0 0.0 0.0 0.0 0.0 0.0 0.0 0.0 0.0 0.0 0.0 0.0 0.0 0.0 0.0  
    0.0 0.0 0.0 0.0 0.0 0.0 0.0 0.0 0.0 0.0 0.0 0.0 0.0 0.0 0.0 0.0 0.0  
    0.0 0.0 0.0 0.0 0.0 0.0 0.0 0.0 0.0 0.0 0.0 0.0 0.0 0.0 0.0 0.0 0.0  
    0.0 0.0 0.0 0.0 0.0 0.0 0.0 0.0 0.0 0.0 0.0 0.0 0.0 0.0 0.0 0.0 0.0  
    0.0 
  TORQUE_NB = 0.0 0.0 0.0 0.0 0.0 0.0 0.0 0.0 0.0 0.0 0.0 0.0 0.0 0.0  
    0.0 0.0 0.0 0.0 0.0 0.0 0.0 0.0 0.0 0.0 0.0 0.0 0.0 0.0 0.0 0.0 0.0  
    0.0 0.0 0.0 0.0 0.0 0.0 0.0 0.0 0.0 0.0 0.0 0.0 0.0 0.0 0.0 0.0 0.0  
    0.0 0.0 0.0 0.0 0.0 0.0 0.0 0.0 0.0 0.0 0.0 0.0 0.0 0.0 0.0 0.0 0.0  
    0.0 0.0 0.0 0.0 0.0 0.0 0.0 0.0 0.0 0.0 0.0 0.0 0.0 0.0 0.0 0.0 0.0  
    0.0 0.0 0.0 0.0 0.0 0.0 0.0 0.0 0.0 0.0 0.0 0.0 0.0 0.0 0.0 0.0 0.0  
    0.0 0.0 
  TORQUE_IN = 0.0 0.0 0.0 0.0 0.0 0.0 0.0 0.0 0.0 0.0 0.0 0.0 0.0 0.0  
    0.0 0.0 0.0 0.0 0.0 0.0 0.0 0.0 0.0 0.0 0.0 0.0 0.0 0.0 0.0 0.0 0.0  
    0.0 0.0 0.0 0.0 0.0 0.0 0.0 0.0 0.0 0.0 0.0 0.0 0.0 0.0 0.0 0.0 0.0  
    0.0 0.0 0.0 0.0 0.0 0.0 0.0 0.0 0.0 0.0 0.0 0.0 0.0 0.0 0.0 0.0 0.0  
    0.0 0.0 0.0 0.0 0.0 0.0 0.0 0.0 0.0 0.0 0.0 0.0 0.0 0.0 0.0 0.0 0.0  
    0.0 0.0 0.0 0.0 0.0 0.0 0.0 0.0 0.0 0.0 0.0 0.0 0.0 0.0 0.0 0.0 0.0  
    0.0 0.0 
  SE_NB = 0.0 0.0 0.0 0.0 0.0 0.0 0.0 0.0 0.0 0.0 0.0 0.0 0.0 0.0 0.0  
    0.0 0.0 0.0 0.0 0.0 0.0 0.0 0.0 0.0 0.0 0.0 0.0 0.0 0.0 0.0 0.0 0.0  
    0.0 0.0 0.0 0.0 0.0 0.0 0.0 0.0 0.0 0.0 0.0 0.0 0.0 0.0 0.0 0.0 0.0  
    0.0 0.0 0.0 0.0 0.0 0.0 0.0 0.0 0.0 0.0 0.0 0.0 0.0 0.0 0.0 0.0 0.0  
    0.0 0.0 0.0 0.0 0.0 0.0 0.0 0.0 0.0 0.0 0.0 0.0 0.0 0.0 0.0 0.0 0.0  
    0.0 0.0 0.0 0.0 0.0 0.0 0.0 0.0 0.0 0.0 0.0 0.0 0.0 0.0 0.0 0.0 0.0  
    0.0 
  SE_IONIZATION = 0.0 0.0 0.0 0.0 0.0 0.0 0.0 0.0 0.0 0.0 0.0 0.0 0.0  
    0.0 0.0 0.0 0.0 0.0 0.0 0.0 0.0 0.0 0.0 0.0 0.0 0.0 0.0 0.0 0.0 0.0  
    0.0 0.0 0.0 0.0 0.0 0.0 0.0 0.0 0.0 0.0 0.0 0.0 0.0 0.0 0.0 0.0 0.0  
    0.0 0.0 0.0 0.0 0.0 0.0 0.0 0.0 0.0 0.0 0.0 0.0 0.0 0.0 0.0 0.0 0.0  
    0.0 0.0 0.0 0.0 0.0 0.0 0.0 0.0 0.0 0.0 0.0 0.0 0.0 0.0 0.0 0.0 0.0  
    0.0 0.0 0.0 0.0 0.0 0.0 0.0 0.0 0.0 0.0 0.0 0.0 0.0 0.0 0.0 0.0 0.0  
    0.0 0.0 0.0 
  SI_NB = 0.0 0.0 0.0 0.0 0.0 0.0 0.0 0.0 0.0 0.0 0.0 0.0 0.0 0.0 0.0  
    0.0 0.0 0.0 0.0 0.0 0.0 0.0 0.0 0.0 0.0 0.0 0.0 0.0 0.0 0.0 0.0 0.0  
    0.0 0.0 0.0 0.0 0.0 0.0 0.0 0.0 0.0 0.0 0.0 0.0 0.0 0.0 0.0 0.0 0.0  
    0.0 0.0 0.0 0.0 0.0 0.0 0.0 0.0 0.0 0.0 0.0 0.0 0.0 0.0 0.0 0.0 0.0  
    0.0 0.0 0.0 0.0 0.0 0.0 0.0 0.0 0.0 0.0 0.0 0.0 0.0 0.0 0.0 0.0 0.0  
    0.0 0.0 0.0 0.0 0.0 0.0 0.0 0.0 0.0 0.0 0.0 0.0 0.0 0.0 0.0 0.0 0.0  
    0.0 
  SI_IONIZATION = 0.0 0.0 0.0 0.0 0.0 0.0 0.0 0.0 0.0 0.0 0.0 0.0 0.0  
    0.0 0.0 0.0 0.0 0.0 0.0 0.0 0.0 0.0 0.0 0.0 0.0 0.0 0.0 0.0 0.0 0.0  
    0.0 0.0 0.0 0.0 0.0 0.0 0.0 0.0 0.0 0.0 0.0 0.0 0.0 0.0 0.0 0.0 0.0  
    0.0 0.0 0.0 0.0 0.0 0.0 0.0 0.0 0.0 0.0 0.0 0.0 0.0 0.0 0.0 0.0 0.0  
    0.0 0.0 0.0 0.0 0.0 0.0 0.0 0.0 0.0 0.0 0.0 0.0 0.0 0.0 0.0 0.0 0.0  
    0.0 0.0 0.0 0.0 0.0 0.0 0.0 0.0 0.0 0.0 0.0 0.0 0.0 0.0 0.0 0.0 0.0  
    0.0 0.0 0.0 
  SE_PELLET = 0.0 0.0 0.0 0.0 0.0 0.0 0.0 0.0 0.0 0.0 0.0 0.0 0.0 0.0  
    0.0 0.0 0.0 0.0 0.0 0.0 0.0 0.0 0.0 0.0 0.0 0.0 0.0 0.0 0.0 0.0 0.0  
    0.0 0.0 0.0 0.0 0.0 0.0 0.0 0.0 0.0 0.0 0.0 0.0 0.0 0.0 0.0 0.0 0.0  
    0.0 0.0 0.0 0.0 0.0 0.0 0.0 0.0 0.0 0.0 0.0 0.0 0.0 0.0 0.0 0.0 0.0  
    0.0 0.0 0.0 0.0 0.0 0.0 0.0 0.0 0.0 0.0 0.0 0.0 0.0 0.0 0.0 0.0 0.0  
    0.0 0.0 0.0 0.0 0.0 0.0 0.0 0.0 0.0 0.0 0.0 0.0 0.0 0.0 0.0 0.0 0.0  
    0.0 0.0 
  Q = 0.0 0.0 0.0 0.0 0.0 0.0 0.0 0.0 0.0 0.0 0.0 0.0 0.0 0.0 0.0 0.0  
    0.0 0.0 0.0 0.0 0.0 0.0 0.0 0.0 0.0 0.0 0.0 0.0 0.0 0.0 0.0 0.0 0.0  
    0.0 0.0 0.0 0.0 0.0 0.0 0.0 0.0 0.0 0.0 0.0 0.0 0.0 0.0 0.0 0.0 0.0  
    0.0 0.0 0.0 0.0 0.0 0.0 0.0 0.0 0.0 0.0 0.0 0.0 0.0 0.0 0.0 0.0 0.0  
    0.0 0.0 0.0 0.0 0.0 0.0 0.0 0.0 0.0 0.0 0.0 0.0 0.0 0.0 0.0 0.0 0.0  
    0.0 0.0 0.0 0.0 0.0 0.0 0.0 0.0 0.0 0.0 0.0 0.0 0.0 0.0 0.0 0.0 0.0 
  PSIPOL = 0.0 0.0 0.0 0.0 0.0 0.0 0.0 0.0 0.0 0.0 0.0 0.0 0.0 0.0 0.0  
    0.0 0.0 0.0 0.0 0.0 0.0 0.0 0.0 0.0 0.0 0.0 0.0 0.0 0.0 0.0 0.0 0.0  
    0.0 0.0 0.0 0.0 0.0 0.0 0.0 0.0 0.0 0.0 0.0 0.0 0.0 0.0 0.0 0.0 0.0  
    0.0 0.0 0.0 0.0 0.0 0.0 0.0 0.0 0.0 0.0 0.0 0.0 0.0 0.0 0.0 0.0 0.0  
    0.0 0.0 0.0 0.0 0.0 0.0 0.0 0.0 0.0 0.0 0.0 0.0 0.0 0.0 0.0 0.0 0.0  
    0.0 0.0 0.0 0.0 0.0 0.0 0.0 0.0 0.0 0.0 0.0 0.0 0.0 0.0 0.0 0.0 0.0  
    0.0 
  PSI = 0.0 0.0 0.0 0.0 0.0 0.0 0.0 0.0 0.0 0.0 0.0 0.0 0.0 0.0 0.0 0.0  
    0.0 0.0 0.0 0.0 0.0 0.0 0.0 0.0 0.0 0.0 0.0 0.0 0.0 0.0 0.0 0.0 0.0  
    0.0 0.0 0.0 0.0 0.0 0.0 0.0 0.0 0.0 0.0 0.0 0.0 0.0 0.0 0.0 0.0 0.0  
    0.0 0.0 0.0 0.0 0.0 0.0 0.0 0.0 0.0 0.0 0.0 0.0 0.0 0.0 0.0 0.0 0.0  
    0.0 0.0 0.0 0.0 0.0 0.0 0.0 0.0 0.0 0.0 0.0 0.0 0.0 0.0 0.0 0.0 0.0  
    0.0 0.0 0.0 0.0 0.0 0.0 0.0 0.0 0.0 0.0 0.0 0.0 0.0 0.0 0.0 0.0 0.0 
  DENSITY_BEAM = 0.0 0.0 0.0 0.0 0.0 0.0 0.0 0.0 0.0 0.0 0.0 0.0 0.0  
    0.0 0.0 0.0 0.0 0.0 0.0 0.0 0.0 0.0 0.0 0.0 0.0 0.0 0.0 0.0 0.0 0.0  
    0.0 0.0 0.0 0.0 0.0 0.0 0.0 0.0 0.0 0.0 0.0 0.0 0.0 0.0 0.0 0.0 0.0  
    0.0 0.0 0.0 0.0 0.0 0.0 0.0 0.0 0.0 0.0 0.0 0.0 0.0 0.0 0.0 0.0 0.0  
    0.0 0.0 0.0 0.0 0.0 0.0 0.0 0.0 0.0 0.0 0.0 0.0 0.0 0.0 0.0 0.0 0.0  
    0.0 0.0 0.0 0.0 0.0 0.0 0.0 0.0 0.0 0.0 0.0 0.0 0.0 0.0 0.0 0.0 0.0  
    0.0 0.0 0.0 
  WBEAM = 0.0 0.0 0.0 0.0 0.0 0.0 0.0 0.0 0.0 0.0 0.0 0.0 0.0 0.0 0.0  
    0.0 0.0 0.0 0.0 0.0 0.0 0.0 0.0 0.0 0.0 0.0 0.0 0.0 0.0 0.0 0.0 0.0  
    0.0 0.0 0.0 0.0 0.0 0.0 0.0 0.0 0.0 0.0 0.0 0.0 0.0 0.0 0.0 0.0 0.0  
    0.0 0.0 0.0 0.0 0.0 0.0 0.0 0.0 0.0 0.0 0.0 0.0 0.0 0.0 0.0 0.0 0.0  
    0.0 0.0 0.0 0.0 0.0 0.0 0.0 0.0 0.0 0.0 0.0 0.0 0.0 0.0 0.0 0.0 0.0  
    0.0 0.0 0.0 0.0 0.0 0.0 0.0 0.0 0.0 0.0 0.0 0.0 0.0 0.0 0.0 0.0 0.0  
    0.0 
  TBEAM = 0.0 0.0 0.0 0.0 0.0 0.0 0.0 0.0 0.0 0.0 0.0 0.0 0.0 0.0 0.0  
    0.0 0.0 0.0 0.0 0.0 0.0 0.0 0.0 0.0 0.0 0.0 0.0 0.0 0.0 0.0 0.0 0.0  
    0.0 0.0 0.0 0.0 0.0 0.0 0.0 0.0 0.0 0.0 0.0 0.0 0.0 0.0 0.0 0.0 0.0  
    0.0 0.0 0.0 0.0 0.0 0.0 0.0 0.0 0.0 0.0 0.0 0.0 0.0 0.0 0.0 0.0 0.0  
    0.0 0.0 0.0 0.0 0.0 0.0 0.0 0.0 0.0 0.0 0.0 0.0 0.0 0.0 0.0 0.0 0.0  
    0.0 0.0 0.0 0.0 0.0 0.0 0.0 0.0 0.0 0.0 0.0 0.0 0.0 0.0 0.0 0.0 0.0  
    0.0 
  DENSITY_ALPHA = 0.0 0.0 0.0 0.0 0.0 0.0 0.0 0.0 0.0 0.0 0.0 0.0 0.0  
    0.0 0.0 0.0 0.0 0.0 0.0 0.0 0.0 0.0 0.0 0.0 0.0 0.0 0.0 0.0 0.0 0.0  
    0.0 0.0 0.0 0.0 0.0 0.0 0.0 0.0 0.0 0.0 0.0 0.0 0.0 0.0 0.0 0.0 0.0  
    0.0 0.0 0.0 0.0 0.0 0.0 0.0 0.0 0.0 0.0 0.0 0.0 0.0 0.0 0.0 0.0 0.0  
    0.0 0.0 0.0 0.0 0.0 0.0 0.0 0.0 0.0 0.0 0.0 0.0 0.0 0.0 0.0 0.0 0.0  
    0.0 0.0 0.0 0.0 0.0 0.0 0.0 0.0 0.0 0.0 0.0 0.0 0.0 0.0 0.0 0.0 0.0  
    0.0 0.0 0.0 
  WALPHA = 0.0 0.0 0.0 0.0 0.0 0.0 0.0 0.0 0.0 0.0 0.0 0.0 0.0 0.0 0.0  
    0.0 0.0 0.0 0.0 0.0 0.0 0.0 0.0 0.0 0.0 0.0 0.0 0.0 0.0 0.0 0.0 0.0  
    0.0 0.0 0.0 0.0 0.0 0.0 0.0 0.0 0.0 0.0 0.0 0.0 0.0 0.0 0.0 0.0 0.0  
    0.0 0.0 0.0 0.0 0.0 0.0 0.0 0.0 0.0 0.0 0.0 0.0 0.0 0.0 0.0 0.0 0.0  
    0.0 0.0 0.0 0.0 0.0 0.0 0.0 0.0 0.0 0.0 0.0 0.0 0.0 0.0 0.0 0.0 0.0  
    0.0 0.0 0.0 0.0 0.0 0.0 0.0 0.0 0.0 0.0 0.0 0.0 0.0 0.0 0.0 0.0 0.0  
    0.0 
  TALPHA = 0.0 0.0 0.0 0.0 0.0 0.0 0.0 0.0 0.0 0.0 0.0 0.0 0.0 0.0 0.0  
    0.0 0.0 0.0 0.0 0.0 0.0 0.0 0.0 0.0 0.0 0.0 0.0 0.0 0.0 0.0 0.0 0.0  
    0.0 0.0 0.0 0.0 0.0 0.0 0.0 0.0 0.0 0.0 0.0 0.0 0.0 0.0 0.0 0.0 0.0  
    0.0 0.0 0.0 0.0 0.0 0.0 0.0 0.0 0.0 0.0 0.0 0.0 0.0 0.0 0.0 0.0 0.0  
    0.0 0.0 0.0 0.0 0.0 0.0 0.0 0.0 0.0 0.0 0.0 0.0 0.0 0.0 0.0 0.0 0.0  
    0.0 0.0 0.0 0.0 0.0 0.0 0.0 0.0 0.0 0.0 0.0 0.0 0.0 0.0 0.0 0.0 0.0  
    0.0 
  CHIE = 0.0 0.0 0.0 0.0 0.0 0.0 0.0 0.0 0.0 0.0 0.0 0.0 0.0 0.0 0.0  
    0.0 0.0 0.0 0.0 0.0 0.0 0.0 0.0 0.0 0.0 0.0 0.0 0.0 0.0 0.0 0.0 0.0  
    0.0 0.0 0.0 0.0 0.0 0.0 0.0 0.0 0.0 0.0 0.0 0.0 0.0 0.0 0.0 0.0 0.0  
    0.0 0.0 0.0 0.0 0.0 0.0 0.0 0.0 0.0 0.0 0.0 0.0 0.0 0.0 0.0 0.0 0.0  
    0.0 0.0 0.0 0.0 0.0 0.0 0.0 0.0 0.0 0.0 0.0 0.0 0.0 0.0 0.0 0.0 0.0  
    0.0 0.0 0.0 0.0 0.0 0.0 0.0 0.0 0.0 0.0 0.0 0.0 0.0 0.0 0.0 0.0 0.0  
    0.0 
  CHII = 0.0 0.0 0.0 0.0 0.0 0.0 0.0 0.0 0.0 0.0 0.0 0.0 0.0 0.0 0.0  
    0.0 0.0 0.0 0.0 0.0 0.0 0.0 0.0 0.0 0.0 0.0 0.0 0.0 0.0 0.0 0.0 0.0  
    0.0 0.0 0.0 0.0 0.0 0.0 0.0 0.0 0.0 0.0 0.0 0.0 0.0 0.0 0.0 0.0 0.0  
    0.0 0.0 0.0 0.0 0.0 0.0 0.0 0.0 0.0 0.0 0.0 0.0 0.0 0.0 0.0 0.0 0.0  
    0.0 0.0 0.0 0.0 0.0 0.0 0.0 0.0 0.0 0.0 0.0 0.0 0.0 0.0 0.0 0.0 0.0  
    0.0 0.0 0.0 0.0 0.0 0.0 0.0 0.0 0.0 0.0 0.0 0.0 0.0 0.0 0.0 0.0 0.0  
    0.0 
  P_EQ = 0.0 0.0 0.0 0.0 0.0 0.0 0.0 0.0 0.0 0.0 0.0 0.0 0.0 0.0 0.0  
    0.0 0.0 0.0 0.0 0.0 0.0 0.0 0.0 0.0 0.0 0.0 0.0 0.0 0.0 0.0 0.0 0.0  
    0.0 0.0 0.0 0.0 0.0 0.0 0.0 0.0 0.0 0.0 0.0 0.0 0.0 0.0 0.0 0.0 0.0  
    0.0 0.0 0.0 0.0 0.0 0.0 0.0 0.0 0.0 0.0 0.0 0.0 0.0 0.0 0.0 0.0 0.0  
    0.0 0.0 0.0 0.0 0.0 0.0 0.0 0.0 0.0 0.0 0.0 0.0 0.0 0.0 0.0 0.0 0.0  
    0.0 0.0 0.0 0.0 0.0 0.0 0.0 0.0 0.0 0.0 0.0 0.0 0.0 0.0 0.0 0.0 0.0  
    0.0 
  J_TOT = 0.999905 0.999905 0.9996200000000001 0.999145  
    0.9984799999999999 0.9976250000000001 0.9965799999999999 0.995345  
    0.99392 0.992305 0.9905 0.988505 0.9863200000000001 0.983945  
    0.98138 0.9786250000000001 0.97568 0.972545 0.96922 0.965705 0.962  
    0.958105 0.95402 0.9497450000000001 0.94528 0.940625  
    0.9357800000000001 0.930745 0.92552 0.9201050000000001 0.9145  
    0.908705 0.90272 0.896545 0.89018 0.8836250000000001  
    0.8768800000000001 0.869945 0.86282 0.855505 0.848  
    0.8403050000000001 0.83242 0.8243450000000001 0.81608 0.807625  
    0.79898 0.790145 0.78112 0.7719050000000001 0.7625 0.752905 0.74312  
    0.7331449999999999 0.72298 0.7126250000000001 0.7020799999999999  
    0.6913450000000001 0.68042 0.669305 0.658 0.646505  
    0.6348199999999999 0.622945 0.6108800000000001 0.598625 0.58618  
    0.573545 0.5607199999999999 0.547705 0.5345 0.521105 0.50752  
    0.49374500000000004 0.47978 0.46562499999999996 0.45127999999999996  
    0.436745 0.4220199999999999 0.4071049999999999 0.39199999999999985  
    0.37670499999999985 0.3612200000000001 0.345545 0.3296800000000001  
    0.31362500000000004 0.2973800000000001 0.280945 0.26432  
    0.24750499999999998 0.23049999999999993 0.21330499999999997  
    0.19591999999999998 0.17834499999999986 0.16058000000000006  
    0.14262500000000003 0.12448000000000002 0.10614500000000004  
    0.08762000000000009 0.06890500000000002 0.05 
  RBDRY = 5.33 5.318342593343686 5.283498094361539 5.225848266676087  
    5.146024733863454 5.044902059253285 4.923588164029888  
    4.783412188615895 4.62590993033165 4.452807016878383 4.266  
    4.0675355764653025 3.859588164029888 3.644436078060192  
    3.4244365698335666 3.202 3.1463908575416086 3.091390980484952  
    3.037602958992528 2.9856161058836745 2.936 2.889298245780404  
    2.8460225174170874 2.8066469528460263 2.771602958992528  
    2.7412744851866786 2.7159938165341364 2.6960379333309783  
    2.6816254764096152 2.6729143516640788 2.67 2.6729143516640783  
    2.6816254764096152 2.6960379333309783 2.715993816534136  
    2.7412744851866786 2.7716029589925277 2.806646952846026  
    2.8460225174170874 2.889298245780404 2.936 2.985616105883674  
    3.0376029589925277 3.091390980484952 3.1463908575416077  
    3.2020000000000004 3.4244365698335653 3.64443607806019  
    3.8595881640298875 4.067535576465302 4.265999999999998  
    4.452807016878382 4.625909930331649 4.783412188615894  
    4.923588164029888 5.044902059253285 5.146024733863454  
    5.225848266676087 5.283498094361539 5.318342593343686 5.33 
  ZBDRY = 0.0 0.23535113765686597 0.4652724865098506 0.6905906201336312  
    0.9102913102803188 1.1231657674595437 1.3279956054538342  
    1.5236213693222256 1.7089805745491784 1.8831339788886716  
    2.0452858176211626 2.194800069633431 2.3312135259246296  
    2.454245888084394 2.5638068553907556 2.66 2.5169520006434856  
    2.3666218923483946 2.2094269832145708 2.045820686161913  
    1.8762930788893706 1.701371539188396 1.521621722665165  
    1.3376493633547748 1.1501037994334113 0.9596850412410337  
    0.7671584243735222 0.5733871841793019 0.37941544064214977  
    0.18674733587679238 0.0 -0.18674733587679165 -0.3794154406421486  
    -0.5733871841793005 -0.7671584243735206 -0.9596850412410403  
    -1.1501037994334022 -1.3376493633547701 -1.521621722665163  
    -1.7013715391883915 -1.876293078889371 -2.0458206861619135  
    -2.209426983214567 -2.366621892348393 -2.5169520006434807 -2.66  
    -2.5638068553907565 -2.4542458880843947 -2.33121352592463  
    -2.1948000696334318 -2.045285817621164 -1.8831339788886723  
    -1.7089805745491797 -1.5236213693222267 -1.3279956054538342  
    -1.1231657674595437 -0.9102913102803188 -0.6905906201336312  
    -0.4652724865098506 -0.23535113765686597 0.0 
  NLIM = 5 
  RLIM = 5.38 2.62 2.62 5.38 5.38 
  ZLIM = 2.71 2.71 -2.71 -2.71 2.71 
  RHO = 0.0 0.01 0.02 0.03 0.04 0.05 0.06 0.07 0.08 0.09 0.1 0.11 0.12  
    0.13 0.14 0.15 0.16 0.17 0.18 0.19 0.2 0.21 0.22 0.23 0.24 0.25  
    0.26 0.27 0.28 0.29 0.3 0.31 0.32 0.33 0.34 0.35 0.36 0.37 0.38  
    0.39 0.4 0.41 0.42 0.43 0.44 0.45 0.46 0.47 0.48 0.49 0.5 0.51 0.52  
    0.53 0.54 0.55 0.56 0.57 0.58 0.59 0.6 0.61 0.62 0.63 0.64 0.65  
    0.66 0.67 0.68 0.69 0.7 0.71 0.72 0.73 0.74 0.75 0.76 0.77 0.78  
    0.79 0.8 0.81 0.82 0.83 0.84 0.85 0.86 0.87 0.88 0.89 0.9 0.91 0.92  
    0.93 0.94 0.95 0.96 0.97 0.98 0.99 1.0 
  MODEL_PROFILE_NE = 'ped' 
  MODEL_PROFILE_TE = 'ped' 
  MODEL_PROFILE_TI = 'ped' 
  MODEL_PROFILE_DENSITY_BEAM = 'parab' 
  MODEL_PROFILE_J_TOT = 'parab' 
  MODEL_PROFILE_OMEGA = 'parab' 
  MODEL_PROFILE_ZEFF = 'const' 
  MODEL_PROFILE_TBEAMI = 'const' 
  MODEL_PROFILE_DENSITY_ALPHA = 'zero' 
  MODEL_PROFILE_WALPHA = 'zero' 
  MODEL_PROFILE_WBEAM = 'derived' 
  J_TOT_AXIS = 1.0 
  J_TOT_SEP = 0.05 
  J_TOT_ALPHA = 2.0 
  J_TOT_BETA = 1.0 
  DENSITY_BEAM_AXIS = 0.0 
  DENSITY_BEAM_SEP = 0.0 
  DENSITY_BEAM_ALPHA = 1.5 
  DENSITY_BEAM_BETA = 1.5 
  TBEAMI_AXIS = 20.0 
  DENSITY_ION_0 = 11.978286758692747 11.961233677368996  
    11.9428537804047 11.923164252133878 11.902182276890548  
    11.879925039008723 11.85640972282243 11.831653512665675  
    11.805673592872479 11.77848714777686 11.750111361712834  
    11.720563419014416 11.689860504015629 11.658019801050479  
    11.625058494452992 11.590993768557183 11.555842807697065  
    11.51962279620665 11.482350918419957 11.444044358670997  
    11.404720301293775 11.364395930622305 11.323088430990577  
    11.280814986732588 11.237592782182315 11.193439001673717  
    11.148370829540719 11.102405450117205 11.055560047736995  
    11.007851806733802 10.95929791144119 10.909915546192495  
    10.859721895320707 10.808734143158306 10.756969474036994  
    10.704445072287314 10.65117812223806 10.597185808215409  
    10.542485314541596 10.487093825532968 10.431028525496991  
    10.374306598727834 10.31694522949972 10.258961602056914  
    10.200372900598794 10.141196309257374 10.081449012063675  
    10.021148192897293 9.960311035410834 9.898954722916647  
    9.837096438217197 9.774753363350909 9.711942679211543  
    9.648681564978215 9.584987197261997 9.520876748828346  
    9.45636738668491 9.391476269219861 9.326220541920009  
    9.26061733096496 9.194683733645268 9.128436804032436  
    9.061893531551314 8.995070808945147 8.927985384390425  
    8.860653789931838 8.793092234546549 8.725316444385316  
    8.657341424143233 8.5891811006945 8.520847791016552  
    8.452351407953905 8.383698274966546 8.314889357908163  
    8.245917628093796 8.176764131750152 8.107392134930889  
    8.037738409105753 7.967700276825372 7.897116388235121  
    7.8257382676600935 7.753188359171685 7.678898519914491  
    7.602020636952401 7.521298484031096 7.434887897777039  
    7.340113037822876 7.23315499361532 7.108695692759709  
    6.95960302574518 6.776865702998472 6.550175800002307  
    6.269738073479531 5.929787266867497 5.533441651283949  
    5.0967417566740965 4.648274572762781 4.222293300585708  
    3.8481330258586457 3.5422586310267805 3.30698685164733 
  DENSITY_ION_1 = 11.978286758692747 11.961233677368996  
    11.9428537804047 11.923164252133878 11.902182276890548  
    11.879925039008723 11.85640972282243 11.831653512665675  
    11.805673592872479 11.77848714777686 11.750111361712834  
    11.720563419014416 11.689860504015629 11.658019801050479  
    11.625058494452992 11.590993768557183 11.555842807697065  
    11.51962279620665 11.482350918419957 11.444044358670997  
    11.404720301293775 11.364395930622305 11.323088430990577  
    11.280814986732588 11.237592782182315 11.193439001673717  
    11.148370829540719 11.102405450117205 11.055560047736995  
    11.007851806733802 10.95929791144119 10.909915546192495  
    10.859721895320707 10.808734143158306 10.756969474036994  
    10.704445072287314 10.65117812223806 10.597185808215409  
    10.542485314541596 10.487093825532968 10.431028525496991  
    10.374306598727834 10.31694522949972 10.258961602056914  
    10.200372900598794 10.141196309257374 10.081449012063675  
    10.021148192897293 9.960311035410834 9.898954722916647  
    9.837096438217197 9.774753363350909 9.711942679211543  
    9.648681564978215 9.584987197261997 9.520876748828346  
    9.45636738668491 9.391476269219861 9.326220541920009  
    9.26061733096496 9.194683733645268 9.128436804032436  
    9.061893531551314 8.995070808945147 8.927985384390425  
    8.860653789931838 8.793092234546549 8.725316444385316  
    8.657341424143233 8.5891811006945 8.520847791016552  
    8.452351407953905 8.383698274966546 8.314889357908163  
    8.245917628093796 8.176764131750152 8.107392134930889  
    8.037738409105753 7.967700276825372 7.897116388235121  
    7.8257382676600935 7.753188359171685 7.678898519914491  
    7.602020636952401 7.521298484031096 7.434887897777039  
    7.340113037822876 7.23315499361532 7.108695692759709  
    6.95960302574518 6.776865702998472 6.550175800002307  
    6.269738073479531 5.929787266867497 5.533441651283949  
    5.0967417566740965 4.648274572762781 4.222293300585708  
    3.8481330258586457 3.5422586310267805 3.30698685164733 
  DENSITY_IMP_0 = 0.0 0.0 0.0 0.0 0.0 0.0 0.0 0.0 0.0 0.0 0.0 0.0 0.0  
    0.0 0.0 0.0 0.0 0.0 0.0 0.0 0.0 0.0 0.0 0.0 0.0 0.0 0.0 0.0 0.0 0.0  
    0.0 0.0 0.0 0.0 0.0 0.0 0.0 0.0 0.0 0.0 0.0 0.0 0.0 0.0 0.0 0.0 0.0  
    0.0 0.0 0.0 0.0 0.0 0.0 0.0 0.0 0.0 0.0 0.0 0.0 0.0 0.0 0.0 0.0 0.0  
    0.0 0.0 0.0 0.0 0.0 0.0 0.0 0.0 0.0 0.0 0.0 0.0 0.0 0.0 0.0 0.0 0.0  
    0.0 0.0 0.0 0.0 0.0 0.0 0.0 0.0 0.0 0.0 0.0 0.0 0.0 0.0 0.0 0.0 0.0  
    0.0 0.0 0.0 
  DENSITY_IMP_1 = 0.5259401430820086 0.5251913799064323  
    0.5243843591835214 0.5235198354394678 0.5225985632004632  
    0.5216212969926992 0.520588791342368 0.5195018007756608  
    0.5183610798187697 0.5171673829978862 0.5159214648392024  
    0.5146240798689096 0.5132759826132 0.5118779275982648  
    0.5104306693502961 0.5089349623954856 0.5073915612600248  
    0.5058012204701055 0.5041646945519191 0.5024827380316574  
    0.5007561054355116 0.4989855512896731 0.4971718301203328  
    0.4953156964536812 0.4934179048159084 0.4914792097332038  
    0.48950036573175487 0.4874821273377477 0.4854252490773653  
    0.4833304854767861 0.4811985910621818 0.47903032035971443  
    0.47682642789553054 0.4745876681957544 0.47231479578647617  
    0.4700085651937349 0.46766973094349323 0.46529904756159857  
    0.46289726957372546 0.4604651515052895 0.4580034478813168  
    0.45551291322624965 0.45299430206365393 0.4504483689157811  
    0.4478758683029108 0.4452775547423655 0.44265418274703294  
    0.44000650682315234 0.4373352814669961 0.43464126115989665  
    0.431925200360799 0.42918785349510025 0.4264299749379382  
    0.4236523189891643 0.4208556398358726 0.418040691496305  
    0.41520822773589067 0.4123590019415966 0.4094937669339192  
    0.4066132746856184 0.4037182759009997 0.40080951938671505  
    0.3978877511109249 0.3949537127967134 0.3920081398195576  
    0.3890517580650643 0.38608527923365743 0.38310939382591946  
    0.3801247606649059 0.3771319912489352 0.3741316263893107  
    0.37112410133716384 0.3681096937416706 0.3650884460113354  
    0.3620600495321096 0.35902367208562685 0.35597770076535185  
    0.3529193593460265 0.3498441394873929 0.34674495667333133  
    0.34361090088518526 0.3404253944751563 0.3371634915439952  
    0.33378795332392536 0.3302436216918154 0.32644952350283374  
    0.32228816851033487 0.3175918767778406 0.31212714348011894  
    0.30558081342459625 0.2975572207683193 0.28760376728879505  
    0.2752903654656215 0.26036387560340274 0.24296121410686933  
    0.22378668525462556 0.20409548069210892 0.18539158290167762  
    0.1689630307731568 0.15553276096714733 0.14520249623039871 
  DENSITY_IMP_2 = 0.013148503577050216 0.013129784497660809  
    0.013109608979588036 0.013087995885986695 0.013064964080011579  
    0.01304053242481748 0.0130147197835592 0.012987545019391521  
    0.012959026995469242 0.012929184574947156 0.01289803662098006  
    0.01286560199672274 0.012831899565329999 0.012796948189956619  
    0.012760766733757402 0.012723374059887141 0.01268478903150062  
    0.012645030511752635 0.012604117363797978 0.012562068450791435  
    0.012518902635887789 0.012474638782241828 0.012429295753008319  
    0.01238289241134203 0.01233544762039771 0.012286980243330095  
    0.012237509143293872 0.012187053183443692 0.012135631226934132  
    0.012083262136919652 0.012029964776554545 0.011975758008992862  
    0.011920660697388263 0.01186469170489386 0.011807869894661904  
    0.011750214129843374 0.01169174327358733 0.011632476189039965  
    0.011572431739343136 0.011511628787632237 0.011450086197032921  
    0.01138782283065624 0.011324857551591348 0.011261209222894527  
    0.01119689670757277 0.011131938868559137 0.011066354568675824  
    0.011000162670578809 0.010933382036674901 0.010866031528997417  
    0.010798130009019975 0.010729696337377507 0.010660749373448455  
    0.010591307974729108 0.010521390995896815 0.010451017287407625  
    0.010380205693397267 0.010308975048539913 0.01023734417334798  
    0.010165331867140462 0.010092956897524992 0.010020237984667876  
    0.009947193777773124 0.009873842819917836 0.00980020349548894  
    0.009726293951626608 0.009652131980841435 0.009577734845647987  
    0.009503119016622649 0.00942829978122338 0.009353290659732767  
    0.009278102533429096 0.009202742343541764 0.009127211150283384  
    0.00905150123830274 0.008975591802140671 0.008899442519133795  
    0.008822983983650662 0.008746103487184822 0.008668623916833283  
    0.00859027252212963 0.008510634861878908 0.008429087288599882  
    0.008344698833098133 0.008256090542295386 0.008161238087570844  
    0.008057204212758372 0.007939796919446017 0.007803178587002973  
    0.007639520335614906 0.007438930519207983 0.007190094182219876  
    0.006882259136640538 0.006509096890085069 0.006074030352671733  
    0.005594667131365639 0.005102387017302723 0.00463478957254194  
    0.00422407576932892 0.0038883190241786833 0.0036300624057599676 
  DENSITY_TH = 24.49566216404455 24.460788519142085 24.42320152897251  
    24.38293633559321 24.340028081061572 24.294511907434963  
    24.24642295677079 24.195796371126402 24.142667292559196  
    24.087070863126552 24.029042224885853 23.968616519894464  
    23.90582889020979 23.84071447788918 23.773308424990034  
    23.70364587356974 23.631761965685655 23.55769184339516  
    23.48147064875563 23.40313352382444 23.322715610658946  
    23.240252051316524 23.155777987854496 23.0693285623302  
    22.980938916800934 22.89064419332397 22.798479533956485  
    22.7044800807556 22.608680975778288 22.511117361081308  
    22.411824378721118 22.3108371707537 22.208190879234333  
    22.10392064621726 21.998061613755127 21.890648923898205  
    21.7817177186932 21.671303140181454 21.55944033039626  
    21.44616443135886 21.331510585072333 21.215513933512575  
    21.098209618614685 20.9796327822525 20.859818566208073  
    20.738802112125672 20.61661856144306 20.49330305528832  
    20.36889073432534 20.24341673852219 20.116916206804213  
    19.989424276534297 19.860976082734474 19.73160675692032  
    19.601351425355762 19.470245206440406 19.33832320679911  
    19.20562051542986 19.072172194947285 18.938013268482678  
    18.803178700089063 18.667703365436257 18.531622007991327  
    18.394969173506926 18.257779112095896 18.120085631880368  
    17.9819218803076 17.8433200174422 17.704310727967993  
    17.564922492419157 17.425180499082146 17.285105019778403  
    17.144708986018305 17.003994372977942 16.862946806958007  
    16.721527527388073 16.579661413146262 16.437219161541183  
    16.29399079662532 16.149646357060405 16.0036777087275  
    15.855312747680406 15.703389618661577 15.546173926061824  
    15.381096680296302 15.204386557144483 15.010571448368845  
    14.791841660927926 14.53732170758654 14.232426385250571  
    13.858727557284471 13.39514546147563 12.821648771561325  
    12.126447506228482 11.31591854702744 10.422864865734184  
    9.505747013234974 8.634612973645636 7.869453158259778  
    7.243938342044887 6.762806261930819 
  NI = 23.956573517385493 23.922467354737993 23.8857075608094  
    23.846328504267756 23.804364553781095 23.759850078017447  
    23.71281944564486 23.66330702533135 23.611347185744957  
    23.55697429555372 23.50022272342567 23.441126838028833  
    23.379721008031257 23.316039602100957 23.250116988905983  
    23.181987537114367 23.11168561539413 23.0392455924133  
    22.964701836839915 22.888088717341994 22.80944060258755  
    22.72879186124461 22.646176861981154 22.561629973465177  
    22.47518556436463 22.386878003347434 22.296741659081437  
    22.20481090023441 22.11112009547399 22.015703613467604  
    21.91859582288238 21.81983109238499 21.719443790641414  
    21.617468286316612 21.51393894807399 21.408890144574627  
    21.30235624447612 21.194371616430818 21.08497062908319  
    20.974187651065936 20.862057050993982 20.74861319745567  
    20.63389045899944 20.517923204113828 20.400745801197587  
    20.28239261851475 20.16289802412735 20.042296385794586  
    19.92062207082167 19.797909445833294 19.674192876434393  
    19.549506726701818 19.423885358423085 19.29736312995643  
    19.169974394523994 19.041753497656693 18.91273477336982  
    18.782952538439723 18.652441083840017 18.52123466192992  
    18.389367467290537 18.256873608064872 18.12378706310263  
    17.990141617890295 17.85597076878085 17.721307579863677  
    17.586184469093098 17.45063288877063 17.314682848286466  
    17.178362201389 17.041695582033103 16.90470281590781  
    16.767396549933093 16.629778715816325 16.491835256187592  
    16.353528263500305 16.214784269861777 16.075476818211506  
    15.935400553650744 15.794232776470242 15.651476535320187  
    15.50637671834337 15.357797039828982 15.204041273904801  
    15.042596968062192 14.869775795554078 14.680226075645752  
    14.46630998723064 14.217391385519418 13.91920605149036  
    13.553731405996944 13.100351600004615 12.539476146959062  
    11.859574533734994 11.066883302567899 10.193483513348193  
    9.296549145525562 8.444586601171416 7.696266051717291  
    7.084517262053561 6.61397370329466 
  NZ = 0.5390886466590589 0.538321164404093 0.5374939681631095  
    0.5366078313254545 0.5356635272804747 0.5346618294175167  
    0.5336035111259272 0.5324893457950522 0.5313201068142389  
    0.5300965675728334 0.5288195014601825 0.5274896818656323  
    0.52610788217853 0.5246748757882214 0.5231914360840535  
    0.5216583364553727 0.5200763502915254 0.518446250981858  
    0.5167688119157171 0.5150448064824489 0.5132750080713995  
    0.5114601900719149 0.509601125873341 0.5076985888650232  
    0.5057533524363061 0.5037661899765339 0.5017378748750487  
    0.4996691805211914 0.4975608803042994 0.4954137476137057  
    0.49322855583873637 0.4910060783687073 0.4887470885929188  
    0.4864523599006482 0.4841226656811381 0.4817587793235783  
    0.4793614742170806 0.4769315237506385 0.4744697013130686  
    0.4719767802929217 0.4694535340783497 0.4669007360569059  
    0.4643191596152453 0.46170957813867564 0.4590727650104836  
    0.45640949361092464 0.45372053731570877 0.45100666949373114  
    0.44826866350367095 0.44550729268889405 0.442723330369819  
    0.43991754983247777 0.4370907243113867 0.4342436269638934  
    0.4313770308317694 0.4284917087837126 0.4255884334292879  
    0.4226679769901365 0.4197311111072672 0.4167786065527589  
    0.41381123279852466 0.41082975737138294 0.40783494488869804  
    0.4048275556166312 0.40180834331504656 0.3987780520166909  
    0.39573741121449885 0.39268712867156746 0.38962787968152857  
    0.3865602910301586 0.38348491704904347 0.3804022038705929  
    0.37731243608521237 0.37421565716161875 0.3711115507704123  
    0.36799926388776755 0.3648771432844856 0.36174234332967714  
    0.3585902429745777 0.3554135805901646 0.3522011734073149  
    0.3489360293370352 0.3455925788325951 0.3421326521570235  
    0.3384997122341108 0.3346107615904046 0.3303453727230932  
    0.32553167369728664 0.3199303220671219 0.31322033376021113  
    0.3049961512875273 0.29479386147101494 0.28217262460226206  
    0.2668729724934878 0.24903524445954106 0.2293813523859912  
    0.20919786770941165 0.19002637247421955 0.17318710654248573  
    0.15942107999132601 0.14883255863615868 
/

