 15-Aug-25 07/09/2014
     1               1
  0.100000000E+01
*   1.000             1               0 DN    3   2 CLC    40   41
  0.000000000E+00 0.170000000E+03 0.200000000E+01 0.983571429E+06
  0.983571429E+06 0.170433207E+03-0.888779552E-01 0.569102126E+02
  0.198239194E+01 0.608295599E+00 0.609232163E+00 0.186107182E+08
  0.168204202E+03-0.510402500E-01 0.840501981E+01 0.672043892E+00
  0.509592338E+00 0.639468588E+00 0.100000000E+11 0.130657987E+01
  0.100000000E+11 0.100000000E+11 0.573743365E+01-0.603000876E+00
  0.214927197E+03 0.149985402E+03 0.110156058E+03
  0.000000000E+00 0.000000000E+00 0.000000000E+00
  0.113820425E+03 0.111766364E+03
  0.000000000E+00 0.000000000E+00
  0.201461914E+01 0.229093134E+00 0.208456334E+01 0.662386685E+00
  0.738216936E+00 0.101142341E+02-0.500000000E+02-0.500000000E+02
 -0.500000000E+02 0.170540888E+00 0.179970002E+05 0.297071886E+06
  0.844503346E-04 0.191997877E+01 0.505266472E+01 0.128574585E-01
  0.152760851E+01 0.151706778E+03 0.000000000E+00 0.000000000E+00
  0.135761676E+03-0.112907225E+03 0.135814976E+03 0.112729469E+03
 -0.100000000E+03-0.500000000E+02 0.204977604E+01 0.201959500E+01
  0.100000000E+03 0.100000000E+03 0.100000000E+03 0.130657987E+01
  0.168350585E+03-0.182871426E-01 0.319101098E+00 0.000000000E+00
  0.107792046E+01 0.142154779E+01 0.628384378E+06 0.000000000E+00
  0.000000000E+00 0.000000000E+00 0.143968745E+01 0.100000000E+02
    44   60   18    6
  0.816871848E-01 0.809130361E-01 0.913281319E-01 0.113368457E+00
  0.217205649E+00-0.157205501E-02-0.615471227E-01 0.312348389E+00
  0.238258400E-01 0.810391105E-01 0.817655621E-01 0.889678136E-01
  0.116454252E+00 0.224488924E+00-0.971043795E-03-0.643181809E-01
  0.305229460E+00 0.324551070E-01 0.923626368E-01 0.907754903E-01
  0.926566527E-01 0.105575671E+00 0.156234154E+00 0.242051380E+00
  0.502679770E-01-0.442618529E-01-0.219738094E-01-0.258659853E-01
  0.153334359E-01 0.910460277E-01 0.919205575E-01 0.105431427E+00
  0.158173942E+00 0.240463216E+00 0.345739259E-01-0.458945041E-01
 -0.201160091E-01-0.260708600E-01 0.163280796E-01 0.208176352E+00
  0.107109439E+00 0.176358388E+00 0.125401766E+00 0.809432255E-01
  0.355134447E+00 0.348312083E+00 0.301521207E+00 0.218324839E+00
  0.226829874E+00-0.539237316E-01-0.304370620E+00 0.498655132E-01
  0.173912165E+00 0.187309685E+00 0.233516081E+00 0.202856600E+00
  0.227163699E+00 0.214751370E+00 0.191105881E+00 0.350708316E+00
  0.296670946E+00 0.228390271E+00 0.223370276E+00-0.952130401E-01
 -0.295065430E+00-0.389889634E-01 0.176350740E+00 0.135042185E+00
  0.212235425E+00 0.234048552E+00 0.206310465E+00 0.229388900E+00
  0.211798474E+00-0.323792716E+00-0.137575523E+00 0.108284771E+00
  0.176320756E+00 0.157071705E+00 0.195943730E+00 0.223961854E+00
  0.201294384E+00 0.204094746E+00 0.214562830E+00 0.189295255E+00
  0.212867445E+00 0.206193231E+00 0.206225555E+00 0.229319680E+00
  0.209497966E+00 0.135608728E+00 0.172927745E+00-0.218226724E-01
 -0.288314083E+00-0.880791850E-01 0.223767841E+00 0.228769396E+00
  0.297624327E+00 0.350796393E+00 0.355114382E+00 0.348371467E+00
  0.302661295E+00 0.220687098E+00 0.230441362E+00-0.715699691E-01
 -0.410113654E+05-0.394383674E+05-0.437215808E+04-0.145139666E+05
  0.187647638E+06-0.115226727E+06-0.170481594E+06 0.400843147E+06
 -0.179329486E+06-0.453354242E+05-0.322093907E+05-0.153465425E+05
 -0.828758228E+04 0.206511007E+06-0.113530624E+06-0.175456686E+06
  0.374331918E+06-0.164682469E+06
  0.000000000E+00 0.000000000E+00 0.000000000E+00 0.000000000E+00
  0.000000000E+00 0.000000000E+00
  0.000000000E+00 0.129867372E+03 0.115175000E+03 0.136974988E+03
  0.115175000E+03 0.000000000E+00 0.000000000E+00 0.000000000E+00
  0.000000000E+00 0.000000000E+00 0.754915026E+02 0.000000000E+00
  0.985883060E+00 0.716512210E+02 0.115291319E-01-0.447742878E+00
 -0.446230278E+00 0.000000000E+00 0.999000000E+03 0.843841686E+00
  0.100695734E+02 0.346320004E+01 0.000000000E+00-0.983586268E+00
 -0.999000000E+03-0.999000000E+03 0.318929003E+01 0.682956358E+00
  0.158849868E+00-0.152019179E+01 0.113522995E+01 0.227125095E+01
  0.550067804E+02 0.138562395E+00 0.245869001E+02 0.245167842E+02
 -0.890000000E+02-0.890000000E+02-0.890000000E+02-0.890000000E+02
  0.129642805E+01 0.129867372E+03 0.115175000E+03 0.129962342E+03
 -0.115175000E+03 0.136974988E+03 0.115175000E+03 0.136897096E+03
 -0.115175000E+03 0.000000000E+00-0.990000000E+02-0.990000000E+02
 -0.990000000E+02-0.990000000E+02 0.000000000E+00 0.479789461E+00
  0.100000000E+01 0.000000000E+00 0.000000000E+00 0.000000000E+00
                                            EQG
