&IN1
  ICONVR = 3 
  MXITER = -1 
  NXITER = 51 
  ERROR = 0.0001 
  RELAX = 0.5 
  IOUT = 4 
  ICURRT = 2 
  KPPFNC = 6 
  KPPCUR = 3 
  KFFFNC = 6 
  KFFCUR = 3 
  ISHOT = 1 
  ITIME = 1 
  ITIMEU = 0 
  ITEK = 0 
  ITRACE = 1 
  PLASMA = 983571.4285714284 
  BTOR = 2.0 
  RCENTR = 1.7 
  RZERO = 1.7 
  LIMITR = 5 
  XLIM = 2.2864999999999998 1.1135 1.1135 2.2864999999999998  
    2.2864999999999998 
  YLIM = 1.15175 1.15175 -1.15175 -1.15175 1.15175 
  NBDRY = 61 
  RBDRY = 2.26525 2.2602956021710665 2.245486690103654  
    2.220985513337337 2.187060511891968 2.144083375182646  
    2.092524969712702 2.0329501801617553 1.9660117203909513  
    1.8924429821733129 1.81305 1.7287026199977535 1.6403249697127023  
    1.5488853331755814 1.4553855421792659 1.36085 1.3372161144551835  
    1.3138411667061045 1.2909812575718245 1.2688868450005617 1.2478  
    1.2279517544566718 1.209559569902262 1.192824954959561  
    1.1779312575718244 1.1650416562043384 1.154297372027008  
    1.1458161216656657 1.1396908274740865 1.1359885994572334 1.13475  
    1.1359885994572332 1.1396908274740865 1.1458161216656657  
    1.1542973720270078 1.1650416562043384 1.1779312575718242  
    1.1928249549595609 1.209559569902262 1.2279517544566718 1.2478  
    1.2688868450005615 1.2909812575718242 1.3138411667061045  
    1.3372161144551833 1.3608500000000001 1.4553855421792652  
    1.5488853331755807 1.640324969712702 1.728702619997753  
    1.8130499999999992 1.8924429821733124 1.9660117203909508  
    2.032950180161755 2.092524969712702 2.144083375182646  
    2.187060511891968 2.220985513337337 2.245486690103654  
    2.2602956021710665 2.26525 
  ZBDRY = 0.0 0.10002423350416803 0.19774080676668648  
    0.29350101355679326 0.3868738068691355 0.477345451170306  
    0.5643981323178795 0.6475390819619459 0.7263167441834008  
    0.8003319410276855 0.8692464724889941 0.9327900295942081  
    0.9907657485179675 1.0430545024358673 1.089617913541071 1.1305  
    1.0697046002734814 1.0058143042480676 0.9390064678661926  
    0.869473791618813 0.7974245585279824 0.7230829041550683  
    0.646689232132695 0.5685009794257793 0.4887941147591998  
    0.4078661425274393 0.3260423303587469 0.2436895532762033  
    0.16125156227291365 0.07936761774763676 0.0 -0.07936761774763645  
    -0.16125156227291315 -0.24368955327620268 -0.32604233035874625  
    -0.4078661425274421 -0.48879411475919593 -0.5685009794257773  
    -0.6466892321326942 -0.7230829041550664 -0.7974245585279827  
    -0.8694737916188132 -0.939006467866191 -1.005814304248067  
    -1.0697046002734794 -1.1305 -1.0896179135410715 -1.0430545024358677  
    -0.9907657485179677 -0.9327900295942084 -0.8692464724889947  
    -0.8003319410276857 -0.7263167441834013 -0.6475390819619463  
    -0.5643981323178795 -0.477345451170306 -0.3868738068691355  
    -0.29350101355679326 -0.19774080676668648 -0.10002423350416803 0.0 
  IERCHK = 0 
  NEXTRA = 0 
  SCRAPE = 0.01 
  PSIBRY = 0.0 
  CFCOIL = -10.0 
  ENP = 1.0 
  EMP = 1.0 
  FCURBD = 0 
  PCURBD = 0 
  FCZERO = 1.0 1.0 1.0 1.0 1.0 1.0 1.0 1.0 1.0 1.0 1.0 1.0 1.0 1.0 1.0  
    1.0 
  FCSUM = 1.0 1.0 1.0 1.0 1.0 1.0 1.0 1.0 1.0 1.0 1.0 1.0 1.0 1.0 1.0  
    1.0 
  IFREF = 2 
  PRBDRY = 132.67029818715724 
  KBETAPR = 1 
  FWTBDRY = 1.0 1.0 1.0 1.0 1.0 1.0 1.0 1.0 1.0 1.0 1.0 1.0 1.0 10.0  
    10.0 10.0 10.0 1.0 1.0 1.0 1.0 1.0 1.0 1.0 1.0 1.0 1.0 1.0 1.0 1.0  
    1.0 1.0 1.0 1.0 1.0 1.0 1.0 1.0 1.0 1.0 1.0 1.0 1.0 10.0 10.0 10.0  
    10.0 1.0 1.0 1.0 1.0 1.0 1.0 1.0 1.0 1.0 1.0 1.0 1.0 1.0 1.0 
/

&PROFILE_EXT
  NPSI_EXT = 101 
  PSIN_EXT = 0.0 0.01 0.02 0.03 0.04 0.05 0.06 0.07 0.08 0.09 0.1 0.11  
    0.12 0.13 0.14 0.15 0.16 0.17 0.18 0.19 0.2 0.21 0.22 0.23 0.24  
    0.25 0.26 0.27 0.28 0.29 0.3 0.31 0.32 0.33 0.34 0.35 0.36 0.37  
    0.38 0.39 0.4 0.41 0.42 0.43 0.44 0.45 0.46 0.47 0.48 0.49 0.5 0.51  
    0.52 0.53 0.54 0.55 0.56 0.57 0.58 0.59 0.6 0.61 0.62 0.63 0.64  
    0.65 0.66 0.67 0.68 0.69 0.7 0.71 0.72 0.73 0.74 0.75 0.76 0.77  
    0.78 0.79 0.8 0.81 0.82 0.83 0.84 0.85 0.86 0.87 0.88 0.89 0.9 0.91  
    0.92 0.93 0.94 0.95 0.96 0.97 0.98 0.99 1.0 
  PPRIME_EXT = -439472.05878273287 -418718.0148837128  
    -398714.4317742088 -379461.3094542208 -360958.64792374877  
    -343206.44718279265 -326204.7072313526 -309953.42806942837  
    -294452.6096970202 -279702.252114128 -265702.35532075167  
    -251652.39184255936 -238954.19971538792 -227382.98167296447  
    -216763.52770569222 -206959.7831966099 -197862.48437916525  
    -189382.9045381402 -181448.0439219749 -173997.2422533622  
    -166978.73081036736 -160348.9813149115 -154071.5052889285  
    -148113.26019586629 -142445.69392388553 -137045.5950252812  
    -131890.0119108944 -126960.137382364 -122239.53992767484  
    -117711.71375001266 -113364.32306178685 -109184.40402957423  
    -105160.46035083669 -101283.17102375747 -97543.07896408103  
    -93931.51513904831 -90440.87628153608 -87064.39187000209  
    -83795.54555285818 -80628.17368473312 -77556.70977075625  
    -74576.16994913515 -71681.8484859877 -68869.31208214378  
    -66134.14417289125 -63472.09177053393 -60879.100075267226  
    -58352.04692758679 -55888.90165705501 -53488.30888824944  
    -51149.71458250268 -48872.53793220201 -46654.90591659208  
    -44493.44410805808 -42384.14564867187 -40322.149699039874  
    -38301.98631501482 -36317.06743105826 -34359.88661206939  
    -32422.852191278933 -30496.30003553628 -28569.807183838046  
    -26630.50016673024 -24662.94245486761 -22649.928810089907  
    -20567.508622161702 -18389.83646980765 -16080.765683279338  
    -13596.02822004676 -10882.209564388133 -7861.90633161328  
    -4448.880633685761 -517.0622449384589 4091.353123243069  
    9572.750068305795 16214.640124706999 24350.489668246755  
    34452.31909376897 47144.95715687079 63176.24473719299  
    83594.11239045224 109649.6894540402 142812.32687394257  
    184888.86332999292 237680.6065922206 302851.76913762226  
    381325.19232937193 472110.63776950416 571773.0180640526  
    672871.0981571354 763754.4960884041 831327.8859373222  
    862874.8712947788 851059.134813484 797331.8139924997  
    709587.8794450447 602837.1157953469 491226.313453895  
    387460.7510415192 301287.8790532438 232707.69748923168 
  FFPRIM_EXT = 2.536636626031688 2.5787136843509058 2.561180182526099  
    2.5338634174287997 2.502331976589183 2.468802799941252  
    2.4344601899852583 2.400033976652233 2.3660156411800566  
    2.332758014455013 2.300527506553478 2.2666706872231708  
    2.236346006331805 2.208886303244839 2.183779200296972  
    2.1606312423852025 2.1391308880340723 2.1190285925676613  
    2.1001217329539825 2.082244079213776 2.06525526900816  
    2.049038950552244 2.0334995231504354 2.018550446727738  
    2.0041176084824 1.9901432442765012 1.9765686002519298  
    1.9633471831972256 1.9504393817457097 1.9378036443747237  
    1.9254119377346721 1.9132327999163377 1.901238796144341  
    1.8894091060682408 1.8777217643317177 1.8661566223866493  
    1.854696744719949 1.8433271678761565 1.8320333824240886  
    1.8208024662269477 1.8096195401612662 1.7984777424841745  
    1.78737485778808 1.7762577434880396 1.7651830668976891  
    1.754226862963981 1.7427203182204423 1.7291924301057067  
    1.711680650319415 1.689259771706784 1.6618675397625382  
    1.6300815824431225 1.5944120690029304 1.555272540221088  
    1.5130828549154207 1.4682321093179074 1.4210741347794371  
    1.3719393192650906 1.3211399393991736 1.268971218147191  
    1.2157062149377913 1.1616045134392734 1.1069091030536193  
    1.0518479749152951 0.9966384020852652 0.9414725909332732  
    0.8865368607164774 0.8319851330747458 0.7779482645893869  
    0.7245357586125508 0.6717834807471726 0.6197062045535172  
    0.5682308359293833 0.5171848242964854 0.46617924265198035  
    0.4148062707849102 0.3627553118739358 0.307680434791958  
    0.24848468067897925 0.19063390978933167 0.13636242509417565  
    0.0822275495661458 0.01826852589103522 -0.062495736264853656  
    -0.16107554165170157 -0.27993008732211894 -0.4204551360010401  
    -0.579805294179217 -0.7517102306184898 -0.9231887442627015  
    -1.074237543453743 -1.1852623721423012 -1.2379744787025102  
    -1.2244709429509264 -1.1533320634827302 -1.040312696070183  
    -0.9102225656050111 -0.7859704826880459 -0.6851481515800657  
    -0.59684544721969 -0.5210623696072375 
/


