@R IP 1 []
  5.845844615e+05
@R BCENTR 1 []
  1.792385008e+00
@R RMAJOR 1 []
  1.765979106e+00
@R AMINOR 1 []
  4.590442365e-01
@R KAPPA 1 []
  1.624507242e+00
@R DELTA 1 []
  6.756478782e-01
@I NRHO 1 []
              101
@R RHOB 1 []
  5.788941960e-01
@R RHO 101 []
  0.000000000e+00  1.000000000e-02  2.000000000e-02  3.000000000e-02
  4.000000000e-02  5.000000000e-02  6.000000000e-02  7.000000000e-02
  8.000000000e-02  9.000000000e-02  1.000000000e-01  1.100000000e-01
  1.200000000e-01  1.300000000e-01  1.400000000e-01  1.500000000e-01
  1.600000000e-01  1.700000000e-01  1.800000000e-01  1.900000000e-01
  2.000000000e-01  2.100000000e-01  2.200000000e-01  2.300000000e-01
  2.400000000e-01  2.500000000e-01  2.600000000e-01  2.700000000e-01
  2.800000000e-01  2.900000000e-01  3.000000000e-01  3.100000000e-01
  3.200000000e-01  3.300000000e-01  3.400000000e-01  3.500000000e-01
  3.600000000e-01  3.700000000e-01  3.800000000e-01  3.900000000e-01
  4.000000000e-01  4.100000000e-01  4.200000000e-01  4.300000000e-01
  4.400000000e-01  4.500000000e-01  4.600000000e-01  4.700000000e-01
  4.800000000e-01  4.900000000e-01  5.000000000e-01  5.100000000e-01
  5.200000000e-01  5.300000000e-01  5.400000000e-01  5.500000000e-01
  5.600000000e-01  5.700000000e-01  5.800000000e-01  5.900000000e-01
  6.000000000e-01  6.100000000e-01  6.200000000e-01  6.300000000e-01
  6.400000000e-01  6.500000000e-01  6.600000000e-01  6.700000000e-01
  6.800000000e-01  6.900000000e-01  7.000000000e-01  7.100000000e-01
  7.200000000e-01  7.300000000e-01  7.400000000e-01  7.500000000e-01
  7.600000000e-01  7.700000000e-01  7.800000000e-01  7.900000000e-01
  8.000000000e-01  8.100000000e-01  8.200000000e-01  8.300000000e-01
  8.400000000e-01  8.500000000e-01  8.600000000e-01  8.700000000e-01
  8.800000000e-01  8.900000000e-01  9.000000000e-01  9.100000000e-01
  9.200000000e-01  9.300000000e-01  9.400000000e-01  9.500000000e-01
  9.600000000e-01  9.700000000e-01  9.800000000e-01  9.900000000e-01
  1.000000000e+00
@R VOLP 101 []
  0.000000000e+00  4.612478934e-01  9.221847578e-01  1.382518925e+00
  1.841947413e+00  2.300193372e+00  2.756998810e+00  3.212107294e+00
  3.665263585e+00  4.116225693e+00  4.564782922e+00  5.010747890e+00
  5.453940558e+00  5.894196707e+00  6.331366672e+00  6.765327469e+00
  7.195975642e+00  7.623224875e+00  8.047006393e+00  8.467268345e+00
  8.883985385e+00  9.297137167e+00  9.706722721e+00  1.011275764e+01
  1.051527633e+01  1.091432459e+01  1.130996189e+01  1.170226258e+01
  1.209130892e+01  1.247716624e+01  1.285978980e+01  1.323908317e+01
  1.361512542e+01  1.398821793e+01  1.435870052e+01  1.472679034e+01
  1.509249941e+01  1.545572193e+01  1.581636572e+01  1.617436415e+01
  1.652972233e+01  1.688259153e+01  1.723314358e+01  1.758144952e+01
  1.792753666e+01  1.827145192e+01  1.861328059e+01  1.895315824e+01
  1.929128182e+01  1.962788319e+01  1.996314400e+01  2.029713229e+01
  2.062977833e+01  2.096089866e+01  2.129026814e+01  2.161774066e+01
  2.194332982e+01  2.226718850e+01  2.258955952e+01  2.291070970e+01
  2.323081327e+01  2.354984505e+01  2.386762609e+01  2.418397289e+01
  2.449878544e+01  2.481199376e+01  2.512329252e+01  2.543199257e+01
  2.573723140e+01  2.603811334e+01  2.633387143e+01  2.662379570e+01
  2.690716218e+01  2.718329869e+01  2.745156247e+01  2.771137389e+01
  2.796219346e+01  2.820355161e+01  2.843505619e+01  2.865628164e+01
  2.886684958e+01  2.906648603e+01  2.925486069e+01  2.943178303e+01
  2.959738721e+01  2.975216728e+01  2.989687333e+01  3.003170225e+01
  3.015547343e+01  3.026606781e+01  3.036118109e+01  3.043840801e+01
  3.049508757e+01  3.052833197e+01  3.053510883e+01  3.051126559e+01
  3.045180561e+01  3.034038478e+01  3.016497524e+01  2.979208702e+01
  2.911706388e+01
@R IPOL 101 []
  9.810555325e-01  9.810691651e-01  9.811100508e-01  9.811781534e-01
  9.812733915e-01  9.813956173e-01  9.815445832e-01  9.817199071e-01
  9.819210424e-01  9.821472518e-01  9.823976334e-01  9.826711501e-01
  9.829667130e-01  9.832832430e-01  9.836195297e-01  9.839742160e-01
  9.843458555e-01  9.847329815e-01  9.851340713e-01  9.855476157e-01
  9.859720000e-01  9.864056473e-01  9.868469325e-01  9.872942552e-01
  9.877460119e-01  9.882006179e-01  9.886565238e-01  9.891122125e-01
  9.895662214e-01  9.900171404e-01  9.904646534e-01  9.909098610e-01
  9.913519841e-01  9.917870046e-01  9.922109700e-01  9.926214693e-01
  9.930190158e-01  9.934050523e-01  9.937801077e-01  9.941450558e-01
  9.945000566e-01  9.948433895e-01  9.951734283e-01  9.954897574e-01
  9.957921428e-01  9.960801774e-01  9.963530927e-01  9.966096688e-01
  9.968483955e-01  9.970673485e-01  9.972652671e-01  9.974421059e-01
  9.975984938e-01  9.977361461e-01  9.978575190e-01  9.979636802e-01
  9.980545806e-01  9.981295525e-01  9.981867886e-01  9.982243403e-01
  9.982414116e-01  9.982382457e-01  9.982159657e-01  9.981760991e-01
  9.981199727e-01  9.980490466e-01  9.979654324e-01  9.978726523e-01
  9.977754848e-01  9.976787741e-01  9.975870511e-01  9.975045814e-01
  9.974352681e-01  9.973824538e-01  9.973484926e-01  9.973344713e-01
  9.973410145e-01  9.973681359e-01  9.974149056e-01  9.974801769e-01
  9.975626492e-01  9.976599970e-01  9.977693119e-01  9.978877454e-01
  9.980121644e-01  9.981390533e-01  9.982653980e-01  9.983904298e-01
  9.985156067e-01  9.986430385e-01  9.987747301e-01  9.989124727e-01
  9.990572196e-01  9.992084377e-01  9.993631622e-01  9.995157416e-01
  9.996588376e-01  9.997851808e-01  9.998904199e-01  9.999667312e-01
  9.999992025e-01
@R G11 101 []
  0.000000000e+00  4.572074387e-01  9.175082306e-01  1.380511579e+00
  1.845314284e+00  2.311739608e+00  2.779361188e+00  3.246442285e+00
  3.712862528e+00  4.180004515e+00  4.650601136e+00  5.126837773e+00
  5.607578132e+00  6.089713877e+00  6.572577330e+00  7.058341995e+00
  7.547363538e+00  8.040274746e+00  8.534797522e+00  9.030958104e+00
  9.529649583e+00  1.002976612e+01  1.053220448e+01  1.103555873e+01
  1.154026276e+01  1.204593868e+01  1.255193480e+01  1.305798477e+01
  1.356399051e+01  1.406996507e+01  1.457634307e+01  1.508315484e+01
  1.559000674e+01  1.609614175e+01  1.660038257e+01  1.710211108e+01
  1.760160202e+01  1.809960819e+01  1.859693892e+01  1.909408399e+01
  1.959108676e+01  2.008767493e+01  2.058346498e+01  2.107827087e+01
  2.157216056e+01  2.206534810e+01  2.255763802e+01  2.304883645e+01
  2.353851809e+01  2.402603979e+01  2.451106660e+01  2.499374985e+01
  2.547468274e+01  2.595470079e+01  2.643487590e+01  2.691569999e+01
  2.739720047e+01  2.787896444e+01  2.836032998e+01  2.884071838e+01
  2.931979333e+01  2.979779417e+01  3.027528784e+01  3.075274494e+01
  3.123052114e+01  3.170918455e+01  3.219028122e+01  3.267699030e+01
  3.317210682e+01  3.367851829e+01  3.420005252e+01  3.473971959e+01
  3.530022592e+01  3.588434589e+01  3.649510549e+01  3.713627626e+01
  3.781141767e+01  3.852398837e+01  3.927809303e+01  4.007883421e+01
  4.093220131e+01  4.184437425e+01  4.282165652e+01  4.387180903e+01
  4.500232005e+01  4.621609487e+01  4.751523870e+01  4.890705721e+01
  5.041052111e+01  5.204724652e+01  5.385156981e+01  5.587205232e+01
  5.815709730e+01  6.078245182e+01  6.387075944e+01  6.754997016e+01
  7.208540121e+01  7.806370246e+01  8.670427899e+01  1.034133294e+02
  1.450807104e+02
@R G22 101 []
  0.000000000e+00  5.848353703e-03  1.173633785e-02  1.765899301e-02
  2.360467206e-02  2.957136746e-02  3.555390770e-02  4.153022248e-02
  4.749887282e-02  5.347775264e-02  5.950230688e-02  6.560102161e-02
  7.175981136e-02  7.793945299e-02  8.413196267e-02  9.036588221e-02
  9.664653542e-02  1.029828362e-01  1.093464151e-01  1.157385478e-01
  1.221717220e-01  1.286326928e-01  1.351339466e-01  1.416585143e-01
  1.482130752e-01  1.547938719e-01  1.613937701e-01  1.680106212e-01
  1.746442972e-01  1.812957026e-01  1.879696945e-01  1.946655683e-01
  2.013794989e-01  2.081055186e-01  2.148325015e-01  2.215544450e-01
  2.282742130e-01  2.349994624e-01  2.417387453e-01  2.484971958e-01
  2.552753038e-01  2.620713734e-01  2.688824542e-01  2.757066303e-01
  2.825446264e-01  2.893994320e-01  2.962691499e-01  3.031524587e-01
  3.100459013e-01  3.169436921e-01  3.238432343e-01  3.307466053e-01
  3.376597386e-01  3.445903554e-01  3.515491911e-01  3.585404992e-01
  3.655648582e-01  3.726192138e-01  3.796980303e-01  3.867968513e-01
  3.939133306e-01  4.010499795e-01  4.082117687e-01  4.154026177e-01
  4.226259723e-01  4.298887116e-01  4.372053285e-01  4.446070678e-01
  4.521200101e-01  4.597715264e-01  4.676026829e-01  4.756438343e-01
  4.839240996e-01  4.924743631e-01  5.013282087e-01  5.105307016e-01
  5.201243993e-01  5.301514434e-01  5.406642398e-01  5.517279248e-01
  5.634186204e-01  5.758186580e-01  5.890127151e-01  6.031052295e-01
  6.182034370e-01  6.343650256e-01  6.516468171e-01  6.701647872e-01
  6.901661226e-01  7.119133675e-01  7.358384446e-01  7.625667636e-01
  7.927202443e-01  8.272966524e-01  8.679544678e-01  9.164384986e-01
  9.764043129e-01  1.055747583e+00  1.171258110e+00  1.394788227e+00
  1.958750916e+00
@R G33 101 []
  8.917966815e-01  8.918883093e-01  8.921519400e-01  8.925792632e-01
  8.931763905e-01  8.939351938e-01  8.948477162e-01  8.959110473e-01
  8.971244665e-01  8.984857998e-01  8.999886988e-01  9.016259856e-01
  9.033925975e-01  9.052834521e-01  9.072937515e-01  9.094172981e-01
  9.116477701e-01  9.139789624e-01  9.164047091e-01  9.189188465e-01
  9.215142841e-01  9.241851786e-01  9.269253390e-01  9.297284484e-01
  9.325878645e-01  9.354972501e-01  9.384502685e-01  9.414404503e-01
  9.444616870e-01  9.475100294e-01  9.505892449e-01  9.537051464e-01
  9.568523879e-01  9.600141397e-01  9.631728860e-01  9.663195571e-01
  9.694563534e-01  9.725916960e-01  9.757332209e-01  9.788860208e-01
  9.820511624e-01  9.852229463e-01  9.883949218e-01  9.915656525e-01
  9.947360448e-01  9.979060369e-01  1.001073874e+00  1.004235723e+00
  1.007385118e+00  1.010514650e+00  1.013619284e+00  1.016698749e+00
  1.019758867e+00  1.022809512e+00  1.025861161e+00  1.028921268e+00
  1.031990494e+00  1.035063630e+00  1.038132785e+00  1.041189565e+00
  1.044228993e+00  1.047254099e+00  1.050273591e+00  1.053295499e+00
  1.056324048e+00  1.059361785e+00  1.062420336e+00  1.065525352e+00
  1.068707235e+00  1.071996428e+00  1.075417301e+00  1.078991369e+00
  1.082740477e+00  1.086684499e+00  1.090842899e+00  1.095233877e+00
  1.099874593e+00  1.104780316e+00  1.109964658e+00  1.115443235e+00
  1.121230521e+00  1.127338716e+00  1.133783595e+00  1.140576247e+00
  1.147716354e+00  1.155190912e+00  1.162977078e+00  1.171071433e+00
  1.179522302e+00  1.188415261e+00  1.197845469e+00  1.207915392e+00
  1.218742828e+00  1.230462190e+00  1.243224436e+00  1.257240138e+00
  1.272772747e+00  1.290590452e+00  1.311339636e+00  1.341198962e+00
  1.386108606e+00
@R GRADRHO 101 []
  1.003237942e+00  9.865362371e-01  9.883689061e-01  9.899407236e-01
  9.911526221e-01  9.922193791e-01  9.931580835e-01  9.937545517e-01
  9.941165136e-01  9.944827370e-01  9.951491850e-01  9.962577196e-01
  9.976174426e-01  9.989347755e-01  1.000179872e+00  1.001534503e+00
  1.003018106e+00  1.004663008e+00  1.006321073e+00  1.008007547e+00
  1.009781247e+00  1.011586930e+00  1.013475664e+00  1.015383868e+00
  1.017338929e+00  1.019329920e+00  1.021338773e+00  1.023363511e+00
  1.025404080e+00  1.027460161e+00  1.029538731e+00  1.031632299e+00
  1.033732461e+00  1.035833393e+00  1.037918483e+00  1.039974931e+00
  1.042004096e+00  1.044016666e+00  1.046023991e+00  1.048032101e+00
  1.050040236e+00  1.052045369e+00  1.054041844e+00  1.056024316e+00
  1.057992169e+00  1.059949542e+00  1.061891268e+00  1.063813093e+00
  1.065708138e+00  1.067566932e+00  1.069384211e+00  1.071160703e+00
  1.072904012e+00  1.074624916e+00  1.076339593e+00  1.078054326e+00
  1.079769251e+00  1.081479318e+00  1.083173938e+00  1.084842277e+00
  1.086478458e+00  1.088086345e+00  1.089676347e+00  1.091258153e+00
  1.092837829e+00  1.094423299e+00  1.096025333e+00  1.097671980e+00
  1.099396867e+00  1.101237569e+00  1.103228221e+00  1.105387623e+00
  1.107742213e+00  1.110317598e+00  1.113135444e+00  1.116221253e+00
  1.119590665e+00  1.123254915e+00  1.127229470e+00  1.131532768e+00
  1.136178572e+00  1.141181442e+00  1.146558566e+00  1.152321451e+00
  1.158471815e+00  1.164997768e+00  1.171888416e+00  1.179155629e+00
  1.186892764e+00  1.195149872e+00  1.204062836e+00  1.213833536e+00
  1.224542317e+00  1.236395485e+00  1.249856669e+00  1.264951245e+00
  1.282440635e+00  1.303723925e+00  1.334270330e+00  1.384297771e+00
  1.501141275e+00
@R AREA 101 []
  0.000000000e+00  4.596889348e-01  9.177508005e-01  1.374468546e+00
  1.830116365e+00  2.284816875e+00  2.738515627e+00  3.191270576e+00
  3.643167511e+00  4.094219274e+00  4.544336127e+00  4.993328329e+00
  5.441018400e+00  5.887332320e+00  6.332286994e+00  6.775854191e+00
  7.217962005e+00  7.658548250e+00  8.097548584e+00  8.534989987e+00
  8.970819946e+00  9.405044507e+00  9.837633057e+00  1.026858568e+01
  1.069790430e+01  1.112559158e+01  1.155165695e+01  1.197611443e+01
  1.239898101e+01  1.282028086e+01  1.324003534e+01  1.365825488e+01
  1.407495081e+01  1.449014358e+01  1.490386679e+01  1.531616445e+01
  1.572708438e+01  1.613666459e+01  1.654493234e+01  1.695190756e+01
  1.735760682e+01  1.776204753e+01  1.816525179e+01  1.856724468e+01
  1.896805154e+01  1.936769505e+01  1.976619692e+01  2.016358275e+01
  2.055988044e+01  2.095512310e+01  2.134934540e+01  2.174258476e+01
  2.213487514e+01  2.252624416e+01  2.291671032e+01  2.330628420e+01
  2.369497433e+01  2.408279021e+01  2.446974576e+01  2.485586281e+01
  2.524117002e+01  2.562569618e+01  2.600946375e+01  2.639248453e+01
  2.677476314e+01  2.715630164e+01  2.753710382e+01  2.791718183e+01
  2.829654924e+01  2.867520673e+01  2.905315233e+01  2.943040099e+01
  2.980697174e+01  3.018288048e+01  3.055814334e+01  3.093278251e+01
  3.130683048e+01  3.168033559e+01  3.205335912e+01  3.242598044e+01
  3.279830357e+01  3.317046707e+01  3.354263481e+01  3.391500657e+01
  3.428783484e+01  3.466141281e+01  3.503606057e+01  3.541215197e+01
  3.579012325e+01  3.617050533e+01  3.655398760e+01  3.694142070e+01
  3.733394355e+01  3.773312089e+01  3.814110918e+01  3.856107501e+01
  3.899810492e+01  3.946042696e+01  3.996308287e+01  4.054003392e+01
  4.130264180e+01
@R A 101 []
  0.000000000e+00  4.960401352e-03  9.923706947e-03  1.488790242e-02
  1.985279267e-02  2.482020695e-02  2.979189965e-02  3.477042522e-02
  3.975819922e-02  4.475624765e-02  4.976373619e-02  5.477834911e-02
  5.979860305e-02  6.482437803e-02  6.985664757e-02  7.489534932e-02
  7.993981898e-02  8.498951357e-02  9.004345774e-02  9.510183615e-02
  1.001637068e-01  1.052287638e-01  1.102959976e-01  1.153648684e-01
  1.204346537e-01  1.255044369e-01  1.305734603e-01  1.356412024e-01
  1.407070028e-01  1.457699336e-01  1.508292193e-01  1.558844739e-01
  1.609351540e-01  1.659802078e-01  1.710192475e-01  1.760518231e-01
  1.810771975e-01  1.860949278e-01  1.911045543e-01  1.961056673e-01
  2.010980257e-01  2.060813331e-01  2.110553069e-01  2.160197506e-01
  2.209745192e-01  2.259194393e-01  2.308543295e-01  2.357790086e-01
  2.406931544e-01  2.455966302e-01  2.504894419e-01  2.553715316e-01
  2.602428788e-01  2.651034206e-01  2.699529658e-01  2.747915512e-01
  2.796192306e-01  2.844360826e-01  2.892422031e-01  2.940375349e-01
  2.988218946e-01  3.035952549e-01  3.083577492e-01  3.131095663e-01
  3.178509282e-01  3.225819035e-01  3.273025039e-01  3.320119490e-01
  3.367089144e-01  3.413928234e-01  3.460618931e-01  3.507136681e-01
  3.553454629e-01  3.599542501e-01  3.645369442e-01  3.690900390e-01
  3.736097595e-01  3.780921784e-01  3.825331882e-01  3.869284050e-01
  3.912732848e-01  3.955629264e-01  3.997925584e-01  4.039575771e-01
  4.080523369e-01  4.120718956e-01  4.160124822e-01  4.198703933e-01
  4.236420724e-01  4.273236323e-01  4.309108951e-01  4.343984441e-01
  4.377798385e-01  4.410467700e-01  4.441878885e-01  4.471892044e-01
  4.500335792e-01  4.526972103e-01  4.551451285e-01  4.573118540e-01
  4.590442365e-01
@R RTOR 101 []
  1.870047487e+00  1.870007944e+00  1.869895800e+00  1.869717337e+00
  1.869467906e+00  1.869148688e+00  1.868763098e+00  1.868313308e+00
  1.867800030e+00  1.867223720e+00  1.866585920e+00  1.865889230e+00
  1.865135878e+00  1.864328140e+00  1.863467843e+00  1.862557139e+00
  1.861598522e+00  1.860594446e+00  1.859547518e+00  1.858460015e+00
  1.857334832e+00  1.856174473e+00  1.854981600e+00  1.853758855e+00
  1.852508944e+00  1.851234482e+00  1.849937996e+00  1.848622234e+00
  1.847289861e+00  1.845943639e+00  1.844585755e+00  1.843217410e+00
  1.841839704e+00  1.840454410e+00  1.839063840e+00  1.837670862e+00
  1.836278276e+00  1.834888050e+00  1.833501323e+00  1.832118824e+00
  1.830740991e+00  1.829368443e+00  1.828002227e+00  1.826643297e+00
  1.825292401e+00  1.823950208e+00  1.822617332e+00  1.821294334e+00
  1.819981876e+00  1.818680785e+00  1.817392090e+00  1.816116810e+00
  1.814855756e+00  1.813609303e+00  1.812377580e+00  1.811160377e+00
  1.809957462e+00  1.808768784e+00  1.807594374e+00  1.806434401e+00
  1.805289200e+00  1.804159129e+00  1.803044378e+00  1.801945083e+00
  1.800861216e+00  1.799792537e+00  1.798738490e+00  1.797698378e+00
  1.796671932e+00  1.795658122e+00  1.794655972e+00  1.793664126e+00
  1.792681313e+00  1.791706506e+00  1.790738340e+00  1.789775605e+00
  1.788817294e+00  1.787862524e+00  1.786910623e+00  1.785961226e+00
  1.785013951e+00  1.784068918e+00  1.783126591e+00  1.782187460e+00
  1.781252206e+00  1.780321390e+00  1.779395837e+00  1.778477299e+00
  1.777567569e+00  1.776668310e+00  1.775781043e+00  1.774907657e+00
  1.774050265e+00  1.773210605e+00  1.772390539e+00  1.771593340e+00
  1.770824321e+00  1.770091404e+00  1.769406321e+00  1.768790550e+00
  1.768292688e+00
@R SHIFT 101 []
  1.040683813e-01  1.040288382e-01  1.039166945e-01  1.037382307e-01
  1.034887997e-01  1.031695824e-01  1.027839922e-01  1.023342024e-01
  1.018209236e-01  1.012446143e-01  1.006068140e-01  9.991012367e-02
  9.915677183e-02  9.834903366e-02  9.748873728e-02  9.657803286e-02
  9.561941599e-02  9.461534033e-02  9.356841153e-02  9.248090946e-02
  9.135572558e-02  9.019536654e-02  8.900249425e-02  8.777974919e-02
  8.652983818e-02  8.525537555e-02  8.395889014e-02  8.264312772e-02
  8.131075456e-02  7.996453278e-02  7.860664919e-02  7.723830371e-02
  7.586059764e-02  7.447530390e-02  7.308473366e-02  7.169175607e-02
  7.029916965e-02  6.890894420e-02  6.752221695e-02  6.613971813e-02
  6.476188504e-02  6.338933683e-02  6.202312143e-02  6.066419062e-02
  5.931329514e-02  5.797110209e-02  5.663822563e-02  5.531522762e-02
  5.400276987e-02  5.270167921e-02  5.141298383e-02  5.013770414e-02
  4.887664963e-02  4.763019750e-02  4.639847351e-02  4.518127112e-02
  4.397835626e-02  4.278967835e-02  4.161526797e-02  4.045529495e-02
  3.931009430e-02  3.818002296e-02  3.706527185e-02  3.596597655e-02
  3.488211008e-02  3.381343147e-02  3.275938415e-02  3.171927225e-02
  3.069282585e-02  2.967901578e-02  2.867686619e-02  2.768502004e-02
  2.670220692e-02  2.572739996e-02  2.475923377e-02  2.379649888e-02
  2.283818816e-02  2.188341821e-02  2.093151739e-02  1.998212014e-02
  1.903484451e-02  1.808981246e-02  1.714748503e-02  1.620835417e-02
  1.527310037e-02  1.434228431e-02  1.341673120e-02  1.249819310e-02
  1.158846323e-02  1.068920375e-02  9.801937110e-03  8.928550930e-03
  8.071158526e-03  7.231498731e-03  6.411432568e-03  5.614234387e-03
  4.845214873e-03  4.112298397e-03  3.427214564e-03  2.811444435e-03
  2.313582461e-03
@R ELONG 101 []
  1.487932740e+00  1.486312796e+00  1.481452966e+00  1.477645381e+00
  1.474640975e+00  1.471887204e+00  1.469069615e+00  1.466122169e+00
  1.463028843e+00  1.459821975e+00  1.456559333e+00  1.453301143e+00
  1.450054146e+00  1.446795661e+00  1.443516420e+00  1.440226327e+00
  1.436935379e+00  1.433650397e+00  1.430384600e+00  1.427146706e+00
  1.423947437e+00  1.420795155e+00  1.417700100e+00  1.414669870e+00
  1.411714750e+00  1.408843703e+00  1.406061500e+00  1.403371187e+00
  1.400779712e+00  1.398295559e+00  1.395922555e+00  1.393658202e+00
  1.391500777e+00  1.389453179e+00  1.387514457e+00  1.385688555e+00
  1.383982004e+00  1.382394503e+00  1.380922909e+00  1.379563596e+00
  1.378311844e+00  1.377163453e+00  1.376114937e+00  1.375164075e+00
  1.374308320e+00  1.373544442e+00  1.372869098e+00  1.372280710e+00
  1.371778585e+00  1.371360620e+00  1.371023840e+00  1.370767496e+00
  1.370590182e+00  1.370489658e+00  1.370463302e+00  1.370506756e+00
  1.370615687e+00  1.370785967e+00  1.371014591e+00  1.371302194e+00
  1.371649691e+00  1.372056474e+00  1.372519361e+00  1.373032164e+00
  1.373589345e+00  1.374186733e+00  1.374825572e+00  1.375516920e+00
  1.376266795e+00  1.377071401e+00  1.377939966e+00  1.378896306e+00
  1.379960234e+00  1.381149602e+00  1.382483657e+00  1.383985415e+00
  1.385679064e+00  1.387590424e+00  1.389743456e+00  1.392164581e+00
  1.394886059e+00  1.397943950e+00  1.401366783e+00  1.405191136e+00
  1.409467935e+00  1.414234627e+00  1.419512667e+00  1.425338427e+00
  1.431756827e+00  1.438819316e+00  1.446585039e+00  1.455128411e+00
  1.464553175e+00  1.474999713e+00  1.486645456e+00  1.499729840e+00
  1.514659729e+00  1.532107511e+00  1.553376449e+00  1.581666889e+00
  1.624507242e+00
@R TRIAG 101 []
  0.000000000e+00  6.089449072e-03  1.223236189e-02  1.864583132e-02
  2.475465179e-02  3.062026144e-02  3.630740526e-02  4.183527002e-02
  4.721839185e-02  5.245790744e-02  5.755935321e-02  6.252610988e-02
  6.734001788e-02  7.200526525e-02  7.653532128e-02  8.094741447e-02
  8.524430280e-02  8.941821905e-02  9.346859172e-02  9.740033404e-02
  1.012212423e-01  1.049366935e-01  1.085543203e-01  1.120799236e-01
  1.155135098e-01  1.188581668e-01  1.221211754e-01  1.253129651e-01
  1.284422009e-01  1.315167925e-01  1.345395339e-01  1.375054772e-01
  1.404116119e-01  1.432645193e-01  1.460757503e-01  1.488561072e-01
  1.516107085e-01  1.543379512e-01  1.570334640e-01  1.596983419e-01
  1.623361880e-01  1.649506513e-01  1.675472690e-01  1.701301197e-01
  1.727004646e-01  1.752600238e-01  1.778092954e-01  1.803458685e-01
  1.828675593e-01  1.853748293e-01  1.878697230e-01  1.903545620e-01
  1.928293830e-01  1.952924319e-01  1.977419536e-01  2.001812898e-01
  2.026146628e-01  2.050458196e-01  2.074772135e-01  2.099022092e-01
  2.123185224e-01  2.147250136e-01  2.171236787e-01  2.195281968e-01
  2.219417320e-01  2.243616607e-01  2.267795364e-01  2.291844796e-01
  2.316059988e-01  2.340698960e-01  2.366117656e-01  2.392477709e-01
  2.420044127e-01  2.449114573e-01  2.480036548e-01  2.513206046e-01
  2.549002375e-01  2.587842689e-01  2.630165824e-01  2.676486695e-01
  2.727342430e-01  2.783356104e-01  2.845235489e-01  2.913705882e-01
  2.989291351e-01  3.072620480e-01  3.164851344e-01  3.266896117e-01
  3.379356377e-01  3.502719088e-01  3.638088314e-01  3.787500767e-01
  3.953737358e-01  4.139504858e-01  4.347694335e-01  4.585356187e-01
  4.863964844e-01  5.201639724e-01  5.637083780e-01  6.152877319e-01
  6.756478782e-01
@R PMHD 101 []
  9.817597646e+04  9.814032804e+04  9.803333076e+04  9.785482993e+04
  9.760462654e+04  9.728253940e+04  9.688850407e+04  9.642268410e+04
  9.588557903e+04  9.527813346e+04  9.460171956e+04  9.385811759e+04
  9.304935909e+04  9.217747556e+04  9.124451581e+04  9.025280784e+04
  8.920495965e+04  8.810373096e+04  8.695204200e+04  8.575270326e+04
  8.450884788e+04  8.322353780e+04  8.190000328e+04  8.054143379e+04
  7.915106298e+04  7.773213341e+04  7.628785335e+04  7.482139317e+04
  7.333583399e+04  7.183417625e+04  7.031683195e+04  6.878083677e+04
  6.722778710e+04  6.566715635e+04  6.410837251e+04  6.255720026e+04
  6.101229060e+04  5.947005615e+04  5.792913140e+04  5.638731647e+04
  5.484420075e+04  5.330408190e+04  5.177110007e+04  5.024638911e+04
  4.873067508e+04  4.722516820e+04  4.573202854e+04  4.425461762e+04
  4.279712093e+04  4.136484108e+04  3.996144259e+04  3.858748826e+04
  3.724183017e+04  3.592047452e+04  3.461750490e+04  3.333061288e+04
  3.206047861e+04  3.080946013e+04  2.958300071e+04  2.838701082e+04
  2.722438899e+04  2.609529491e+04  2.499753313e+04  2.392781496e+04
  2.288334620e+04  2.186157688e+04  2.086195953e+04  1.988649239e+04
  1.893795535e+04  1.801926065e+04  1.713300600e+04  1.628107082e+04
  1.546453877e+04  1.468392635e+04  1.394017202e+04  1.323529872e+04
  1.257009711e+04  1.194447923e+04  1.135855032e+04  1.081059319e+04
  1.029710446e+04  9.815521943e+03  9.363203182e+03  8.935895754e+03
  8.529097349e+03  8.138188855e+03  7.757499262e+03  7.380414656e+03
  7.000326856e+03  6.610695329e+03  6.205072773e+03  5.777508191e+03
  5.324462831e+03  4.846972818e+03  4.353752089e+03  3.862353141e+03
  3.396327294e+03  2.979764793e+03  2.627762659e+03  2.368293780e+03
  2.254977358e+03
@R QMHD 101 []
  2.179140697e+00  2.177587412e+00  2.173022727e+00  2.165727479e+00
  2.156155799e+00  2.144910751e+00  2.132706442e+00  2.120312129e+00
  2.108474904e+00  2.097819286e+00  2.088722147e+00  2.081168974e+00
  2.074592752e+00  2.068149190e+00  2.061852587e+00  2.055962925e+00
  2.050589489e+00  2.045569404e+00  2.040734149e+00  2.036087000e+00
  2.031619991e+00  2.027269108e+00  2.022988450e+00  2.018758651e+00
  2.014558348e+00  2.010367051e+00  2.006175412e+00  2.001991454e+00
  1.997752621e+00  1.993405118e+00  1.989026308e+00  1.984787059e+00
  1.980699895e+00  1.976583301e+00  1.972311584e+00  1.967877396e+00
  1.963377918e+00  1.958929128e+00  1.954584537e+00  1.950400388e+00
  1.946394975e+00  1.942515353e+00  1.938723243e+00  1.935049419e+00
  1.931530790e+00  1.928174622e+00  1.924982936e+00  1.921959552e+00
  1.919079316e+00  1.916325184e+00  1.913687240e+00  1.911184966e+00
  1.908856265e+00  1.906742923e+00  1.904890755e+00  1.903331460e+00
  1.902066740e+00  1.901082635e+00  1.900366523e+00  1.899910463e+00
  1.899709576e+00  1.899777517e+00  1.900113697e+00  1.900684002e+00
  1.901453959e+00  1.902454451e+00  1.904033987e+00  1.906809477e+00
  1.911439142e+00  1.918582202e+00  1.928850749e+00  1.942810050e+00
  1.960843349e+00  1.983282478e+00  2.010450912e+00  2.042672898e+00
  2.080279199e+00  2.123587774e+00  2.172892400e+00  2.228536226e+00
  2.290926566e+00  2.360374498e+00  2.437136379e+00  2.521530264e+00
  2.613689112e+00  2.713376685e+00  2.820210367e+00  2.934325691e+00
  3.056588438e+00  3.188561624e+00  3.332251629e+00  3.490302934e+00
  3.666327187e+00  3.865524329e+00  4.095206547e+00  4.366139440e+00
  4.696826731e+00  5.122232862e+00  5.681654904e+00  6.707171168e+00
  8.764185263e+00
@R ER 101 []
  0.000000000e+00  0.000000000e+00  0.000000000e+00  0.000000000e+00
  0.000000000e+00  0.000000000e+00  0.000000000e+00  0.000000000e+00
  0.000000000e+00  0.000000000e+00  0.000000000e+00  0.000000000e+00
  0.000000000e+00  0.000000000e+00  0.000000000e+00  0.000000000e+00
  0.000000000e+00  0.000000000e+00  0.000000000e+00  0.000000000e+00
  0.000000000e+00  0.000000000e+00  0.000000000e+00  0.000000000e+00
  0.000000000e+00  0.000000000e+00  0.000000000e+00  0.000000000e+00
  0.000000000e+00  0.000000000e+00  0.000000000e+00  0.000000000e+00
  0.000000000e+00  0.000000000e+00  0.000000000e+00  0.000000000e+00
  0.000000000e+00  0.000000000e+00  0.000000000e+00  0.000000000e+00
  0.000000000e+00  0.000000000e+00  0.000000000e+00  0.000000000e+00
  0.000000000e+00  0.000000000e+00  0.000000000e+00  0.000000000e+00
  0.000000000e+00  0.000000000e+00  0.000000000e+00  0.000000000e+00
  0.000000000e+00  0.000000000e+00  0.000000000e+00  0.000000000e+00
  0.000000000e+00  0.000000000e+00  0.000000000e+00  0.000000000e+00
  0.000000000e+00  0.000000000e+00  0.000000000e+00  0.000000000e+00
  0.000000000e+00  0.000000000e+00  0.000000000e+00  0.000000000e+00
  0.000000000e+00  0.000000000e+00  0.000000000e+00  0.000000000e+00
  0.000000000e+00  0.000000000e+00  0.000000000e+00  0.000000000e+00
  0.000000000e+00  0.000000000e+00  0.000000000e+00  0.000000000e+00
  0.000000000e+00  0.000000000e+00  0.000000000e+00  0.000000000e+00
  0.000000000e+00  0.000000000e+00  0.000000000e+00  0.000000000e+00
  0.000000000e+00  0.000000000e+00  0.000000000e+00  0.000000000e+00
  0.000000000e+00  0.000000000e+00  0.000000000e+00  0.000000000e+00
  0.000000000e+00  0.000000000e+00  0.000000000e+00  0.000000000e+00
  0.000000000e+00
@R NC1 101 []
  9.985000530e-01  9.357857880e-01  9.122871185e-01  8.954561277e-01
  8.820707918e-01  8.708539672e-01  8.611567297e-01  8.525993670e-01
  8.449351178e-01  8.379891617e-01  8.316297981e-01  8.257608686e-01
  8.203111278e-01  8.152219001e-01  8.104423230e-01  8.059294884e-01
  8.016492505e-01  7.975723862e-01  7.936747579e-01  7.899336220e-01
  7.863301713e-01  7.828483815e-01  7.794747077e-01  7.761963960e-01
  7.730018168e-01  7.698815484e-01  7.668272872e-01  7.638312346e-01
  7.608858616e-01  7.579872572e-01  7.551410359e-01  7.523525020e-01
  7.496132826e-01  7.469076203e-01  7.442206363e-01  7.415452727e-01
  7.388873115e-01  7.362572552e-01  7.336620875e-01  7.311059456e-01
  7.285886625e-01  7.261041384e-01  7.236473538e-01  7.212177696e-01
  7.188159032e-01  7.164414421e-01  7.140930168e-01  7.117672629e-01
  7.094598177e-01  7.071666304e-01  7.048847931e-01  7.026147950e-01
  7.003614532e-01  6.981305345e-01  6.959286920e-01  6.937601162e-01
  6.916232672e-01  6.895143846e-01  6.874280001e-01  6.853577803e-01
  6.833008820e-01  6.812600924e-01  6.792401217e-01  6.772452287e-01
  6.752771599e-01  6.733374259e-01  6.714280142e-01  6.695496632e-01
  6.677184330e-01  6.659453794e-01  6.642307800e-01  6.625800251e-01
  6.609956548e-01  6.594842296e-01  6.580505962e-01  6.566957090e-01
  6.554223929e-01  6.542328506e-01  6.531273080e-01  6.521089701e-01
  6.511777543e-01  6.503328174e-01  6.495814459e-01  6.489205570e-01
  6.483475715e-01  6.478673315e-01  6.474712002e-01  6.471558777e-01
  6.469368961e-01  6.468362494e-01  6.468744465e-01  6.470705715e-01
  6.474475466e-01  6.480265915e-01  6.488290936e-01  6.498745270e-01
  6.511941569e-01  6.528965208e-01  6.551354847e-01  6.587413106e-01
  6.653231979e-01
@R HFAC1 101 []
  1.000000000e+00  9.973753927e-01  9.948019376e-01  9.922788819e-01
  9.898066769e-01  9.873797652e-01  9.849939340e-01  9.826466810e-01
  9.803359713e-01  9.780595059e-01  9.758142166e-01  9.735980321e-01
  9.714094055e-01  9.692460503e-01  9.671050191e-01  9.649833182e-01
  9.628784850e-01  9.607880273e-01  9.587098701e-01  9.566411382e-01
  9.545794705e-01  9.525226828e-01  9.504689136e-01  9.484160430e-01
  9.463619452e-01  9.443048248e-01  9.422427839e-01  9.401739096e-01
  9.380965332e-01  9.360104200e-01  9.339191546e-01  9.318264153e-01
  9.297298376e-01  9.276222906e-01  9.254964818e-01  9.233494503e-01
  9.211843793e-01  9.190071057e-01  9.168224034e-01  9.146335278e-01
  9.124413579e-01  9.102433738e-01  9.080371331e-01  9.058227287e-01
  9.036011392e-01  9.013728071e-01  8.991374125e-01  8.968935168e-01
  8.946386042e-01  8.923698438e-01  8.900854661e-01  8.877861195e-01
  8.854753815e-01  8.831582057e-01  8.808399143e-01  8.785241411e-01
  8.762108377e-01  8.738975117e-01  8.715804851e-01  8.692558047e-01
  8.669215124e-01  8.645796367e-01  8.622342772e-01  8.598890791e-01
  8.575459464e-01  8.552062943e-01  8.528749128e-01  8.505601254e-01
  8.482759214e-01  8.460347101e-01  8.438444959e-01  8.417147768e-01
  8.396533747e-01  8.376689877e-01  8.357701607e-01  8.339638562e-01
  8.322577172e-01  8.306587908e-01  8.291729604e-01  8.278081880e-01
  8.265718340e-01  8.254699582e-01  8.245122623e-01  8.237043323e-01
  8.230487324e-01  8.225454367e-01  8.221857970e-01  8.219693851e-01
  8.219176405e-01  8.220654174e-01  8.224496562e-01  8.231095558e-01
  8.240907101e-01  8.254437766e-01  8.272249014e-01  8.295113063e-01
  8.324008435e-01  8.361764075e-01  8.410678770e-01  8.492587451e-01
  8.626639361e-01
@R HFAC2 101 []
  1.000000000e+00  9.947611779e-01  9.896448546e-01  9.846486329e-01
  9.797725195e-01  9.750046975e-01  9.703361376e-01  9.657612670e-01
  9.612754938e-01  9.568737421e-01  9.525494620e-01  9.482980843e-01
  9.441161300e-01  9.399987457e-01  9.359398393e-01  9.319332672e-01
  9.279739653e-01  9.240568584e-01  9.201776999e-01  9.163307822e-01
  9.125114071e-01  9.087152631e-01  9.049386750e-01  9.011775156e-01
  8.974276694e-01  8.936856893e-01  8.899479987e-01  8.862110169e-01
  8.824716009e-01  8.787292923e-01  8.749907794e-01  8.712628895e-01
  8.675411651e-01  8.638124081e-01  8.600632996e-01  8.562885441e-01
  8.524941412e-01  8.486909110e-01  8.448875879e-01  8.410900752e-01
  8.372999367e-01  8.335125776e-01  8.297235981e-01  8.259331930e-01
  8.221431404e-01  8.183542475e-01  8.145659420e-01  8.107756425e-01
  8.069789115e-01  8.031708741e-01  7.993485468e-01  7.955131710e-01
  7.916711509e-01  7.878312058e-01  7.840026216e-01  7.801916807e-01
  7.763981870e-01  7.726177635e-01  7.688439869e-01  7.650699356e-01
  7.612922519e-01  7.575145458e-01  7.537440076e-01  7.499869900e-01
  7.462466832e-01  7.425253489e-01  7.388304492e-01  7.351749652e-01
  7.315821326e-01  7.280723939e-01  7.246574822e-01  7.213514706e-01
  7.181661800e-01  7.151148614e-01  7.122101546e-01  7.094617853e-01
  7.068804814e-01  7.044760132e-01  7.022561792e-01  7.002320037e-01
  6.984129566e-01  6.968066734e-01  6.954274361e-01  6.942817880e-01
  6.933714424e-01  6.926963587e-01  6.922427331e-01  6.920089694e-01
  6.920282389e-01  6.923543920e-01  6.930441720e-01  6.941572889e-01
  6.957635490e-01  6.979403437e-01  7.007743215e-01  7.043826180e-01
  7.089156648e-01  7.148061810e-01  7.224363460e-01  7.351349079e-01
  7.561970592e-01
