@R IP 1 []
  5.845844615e+05
@R BCENTR 1 []
  1.792385008e+00
@R RMAJOR 1 []
  1.765979106e+00
@R AMINOR 1 []
  4.590371209e-01
@R KAPPA 1 []
  1.625801265e+00
@R DELTA 1 []
  6.753362217e-01
@I NRHO 1 []
              101
@R RHOB 1 []
  5.788844410e-01
@R RHO 101 []
  0.000000000e+00  1.000000000e-02  2.000000000e-02  3.000000000e-02
  4.000000000e-02  5.000000000e-02  6.000000000e-02  7.000000000e-02
  8.000000000e-02  9.000000000e-02  1.000000000e-01  1.100000000e-01
  1.200000000e-01  1.300000000e-01  1.400000000e-01  1.500000000e-01
  1.600000000e-01  1.700000000e-01  1.800000000e-01  1.900000000e-01
  2.000000000e-01  2.100000000e-01  2.200000000e-01  2.300000000e-01
  2.400000000e-01  2.500000000e-01  2.600000000e-01  2.700000000e-01
  2.800000000e-01  2.900000000e-01  3.000000000e-01  3.100000000e-01
  3.200000000e-01  3.300000000e-01  3.400000000e-01  3.500000000e-01
  3.600000000e-01  3.700000000e-01  3.800000000e-01  3.900000000e-01
  4.000000000e-01  4.100000000e-01  4.200000000e-01  4.300000000e-01
  4.400000000e-01  4.500000000e-01  4.600000000e-01  4.700000000e-01
  4.800000000e-01  4.900000000e-01  5.000000000e-01  5.100000000e-01
  5.200000000e-01  5.300000000e-01  5.400000000e-01  5.500000000e-01
  5.600000000e-01  5.700000000e-01  5.800000000e-01  5.900000000e-01
  6.000000000e-01  6.100000000e-01  6.200000000e-01  6.300000000e-01
  6.400000000e-01  6.500000000e-01  6.600000000e-01  6.700000000e-01
  6.800000000e-01  6.900000000e-01  7.000000000e-01  7.100000000e-01
  7.200000000e-01  7.300000000e-01  7.400000000e-01  7.500000000e-01
  7.600000000e-01  7.700000000e-01  7.800000000e-01  7.900000000e-01
  8.000000000e-01  8.100000000e-01  8.200000000e-01  8.300000000e-01
  8.400000000e-01  8.500000000e-01  8.600000000e-01  8.700000000e-01
  8.800000000e-01  8.900000000e-01  9.000000000e-01  9.100000000e-01
  9.200000000e-01  9.300000000e-01  9.400000000e-01  9.500000000e-01
  9.600000000e-01  9.700000000e-01  9.800000000e-01  9.900000000e-01
  1.000000000e+00
@R VOLP 101 []
  0.000000000e+00  4.595310316e-01  9.187782835e-01  1.377470031e+00
  1.835333379e+00  2.292112643e+00  2.747565541e+00  3.201451603e+00
  3.653532622e+00  4.103584659e+00  4.551406743e+00  4.996809555e+00
  5.439615232e+00  5.879656704e+00  6.316781585e+00  6.750858128e+00
  7.181766530e+00  7.609406667e+00  8.033690274e+00  8.454542983e+00
  8.871912803e+00  9.285757298e+00  9.696049426e+00  1.010277595e+01
  1.050594358e+01  1.090556721e+01  1.130167882e+01  1.169433108e+01
  1.208358754e+01  1.246950633e+01  1.285211789e+01  1.323142934e+01
  1.360746235e+01  1.398030037e+01  1.435017153e+01  1.471741110e+01
  1.508226910e+01  1.544488210e+01  1.580534146e+01  1.616370648e+01
  1.651997650e+01  1.687409947e+01  1.722604941e+01  1.757586993e+01
  1.792363612e+01  1.826943677e+01  1.861333123e+01  1.895532437e+01
  1.929541044e+01  1.963360798e+01  1.996993995e+01  2.030448719e+01
  2.063743129e+01  2.096889535e+01  2.129883796e+01  2.162721500e+01
  2.195406093e+01  2.227934879e+01  2.260303893e+01  2.292517868e+01
  2.324578258e+01  2.356473983e+01  2.388193007e+01  2.419734049e+01
  2.451106180e+01  2.482321820e+01  2.513363630e+01  2.544164279e+01
  2.574637125e+01  2.604687762e+01  2.634238682e+01  2.663217209e+01
  2.691545676e+01  2.719155215e+01  2.745976086e+01  2.771949412e+01
  2.797018766e+01  2.821132862e+01  2.844250279e+01  2.866331113e+01
  2.887339976e+01  2.907248430e+01  2.926027841e+01  2.943662213e+01
  2.960170363e+01  2.975604770e+01  2.990036549e+01  3.003485590e+01
  3.015834124e+01  3.026866601e+01  3.036352745e+01  3.044055320e+01
  3.049707154e+01  3.053019441e+01  3.053690632e+01  3.051309756e+01
  3.045376204e+01  3.034256567e+01  3.016718136e+01  2.979616658e+01
  2.912735211e+01
@R IPOL 101 []
  9.818643119e-01  9.818763058e-01  9.819122874e-01  9.819722559e-01
  9.820561918e-01  9.821640390e-01  9.822956753e-01  9.824508822e-01
  9.826293167e-01  9.828304871e-01  9.830537713e-01  9.832984443e-01
  9.835637426e-01  9.838489246e-01  9.841531280e-01  9.844753535e-01
  9.848145161e-01  9.851695098e-01  9.855391587e-01  9.859222981e-01
  9.863176330e-01  9.867238912e-01  9.871397164e-01  9.875637549e-01
  9.879946117e-01  9.884308695e-01  9.888711025e-01  9.893138627e-01
  9.897577041e-01  9.902011581e-01  9.906431114e-01  9.910831165e-01
  9.915205140e-01  9.919537875e-01  9.923802293e-01  9.927960226e-01
  9.931983542e-01  9.935859842e-01  9.939582576e-01  9.943146555e-01
  9.946554704e-01  9.949815506e-01  9.952932805e-01  9.955903780e-01
  9.958724180e-01  9.961385964e-01  9.963884959e-01  9.966224809e-01
  9.968408143e-01  9.970431872e-01  9.972296417e-01  9.973999487e-01
  9.975522363e-01  9.976854127e-01  9.978008022e-01  9.978990657e-01
  9.979792564e-01  9.980422012e-01  9.980891342e-01  9.981192905e-01
  9.981327915e-01  9.981311331e-01  9.981144922e-01  9.980824975e-01
  9.980355962e-01  9.979737035e-01  9.978975661e-01  9.978109342e-01
  9.977187208e-01  9.976256963e-01  9.975368175e-01  9.974566822e-01
  9.973891186e-01  9.973378118e-01  9.973055538e-01  9.972935223e-01
  9.973023326e-01  9.973322398e-01  9.973825038e-01  9.974516138e-01
  9.975379882e-01  9.976394427e-01  9.977529007e-01  9.978750281e-01
  9.980025699e-01  9.981321273e-01  9.982606683e-01  9.983873990e-01
  9.985138965e-01  9.986424461e-01  9.987750982e-01  9.989135252e-01
  9.990586782e-01  9.992100710e-01  9.993647417e-01  9.995170580e-01
  9.996597753e-01  9.997857086e-01  9.998905869e-01  9.999667057e-01
  9.999992100e-01
@R G11 101 []
  0.000000000e+00  4.552482599e-01  9.146016088e-01  1.375652111e+00
  1.837912455e+00  2.302357313e+00  2.767813110e+00  3.232387543e+00
  3.695805371e+00  4.159736030e+00  4.626879288e+00  5.099295099e+00
  5.576157878e+00  6.054301387e+00  6.533022903e+00  7.014567375e+00
  7.499257725e+00  7.988154221e+00  8.478672535e+00  8.970936023e+00
  9.466059624e+00  9.962948875e+00  1.046267724e+01  1.096364735e+01
  1.146672308e+01  1.197134683e+01  1.247700122e+01  1.298354624e+01
  1.349077491e+01  1.399843854e+01  1.450653376e+01  1.501508359e+01
  1.552399189e+01  1.603293604e+01  1.654110810e+01  1.704752045e+01
  1.755147081e+01  1.805266708e+01  1.855114039e+01  1.904715565e+01
  1.954113884e+01  2.003358270e+01  2.052493063e+01  2.101527037e+01
  2.150450752e+01  2.199272210e+01  2.247981627e+01  2.296604128e+01
  2.345163854e+01  2.393674369e+01  2.442143072e+01  2.490554044e+01
  2.538880055e+01  2.587095573e+01  2.635232725e+01  2.683311290e+01
  2.731347863e+01  2.779367399e+01  2.827390461e+01  2.875427491e+01
  2.923490370e+01  2.971615039e+01  3.019830006e+01  3.068126463e+01
  3.116472113e+01  3.164862530e+01  3.213420765e+01  3.262464026e+01
  3.312268857e+01  3.363148818e+01  3.415488258e+01  3.469592950e+01
  3.525755059e+01  3.584248041e+01  3.645395211e+01  3.709579060e+01
  3.777162557e+01  3.848503384e+01  3.924021361e+01  4.004219424e+01
  4.089693542e+01  4.181067722e+01  4.278956018e+01  4.384124168e+01
  4.497303927e+01  4.618780658e+01  4.748775677e+01  4.888022565e+01
  5.038417835e+01  5.202139912e+01  5.382603700e+01  5.584651557e+01
  5.813131365e+01  6.075614433e+01  6.384337205e+01  6.752029769e+01
  7.205241019e+01  7.802343525e+01  8.666225536e+01  1.031702460e+02
  1.436028915e+02
@R G22 101 []
  0.000000000e+00  5.840201382e-03  1.173312757e-02  1.764793081e-02
  2.357837377e-02  2.953714904e-02  3.550941728e-02  4.147104138e-02
  4.741861823e-02  5.337381649e-02  5.937167516e-02  6.543897782e-02
  7.156552921e-02  7.771114609e-02  8.386732147e-02  9.006347673e-02
  9.630435158e-02  1.026042798e-01  1.089307293e-01  1.152860614e-01
  1.216854616e-01  1.281157328e-01  1.345915231e-01  1.410932212e-01
  1.476329701e-01  1.542045475e-01  1.608023851e-01  1.674259239e-01
  1.740736926e-01  1.807434355e-01  1.874356111e-01  1.941507211e-01
  2.008878808e-01  2.076440406e-01  2.144117574e-01  2.211821402e-01
  2.279484135e-01  2.347077026e-01  2.414607199e-01  2.482106267e-01
  2.549620513e-01  2.617200781e-01  2.684895672e-01  2.752716916e-01
  2.820657548e-01  2.888735263e-01  2.956940359e-01  3.025301735e-01
  3.093845690e-01  3.162588343e-01  3.231539804e-01  3.300687606e-01
  3.370015459e-01  3.439502285e-01  3.509183723e-01  3.579076182e-01
  3.649199681e-01  3.719582308e-01  3.790245938e-01  3.861206009e-01
  3.932479545e-01  4.004102332e-01  4.076097653e-01  4.148455721e-01
  4.221153558e-01  4.294206118e-01  4.367732779e-01  4.442047791e-01
  4.517403652e-01  4.594099367e-01  4.672546500e-01  4.753051838e-01
  4.835926987e-01  4.921472304e-01  5.010045096e-01  5.102100898e-01
  5.198069982e-01  5.298382980e-01  5.403574281e-01  5.514288184e-01
  5.631284720e-01  5.755395222e-01  5.887448332e-01  6.028482779e-01
  6.179557109e-01  6.341245054e-01  6.514123886e-01  6.699354992e-01
  6.899414229e-01  7.116939680e-01  7.356222789e-01  7.623507831e-01
  7.925018676e-01  8.270734127e-01  8.677213441e-01  9.161834223e-01
  9.761205264e-01  1.055388312e+00  1.170902086e+00  1.391762622e+00
  1.939123702e+00
@R G33 101 []
  8.943842333e-01  8.944695291e-01  8.947130132e-01  8.951113270e-01
  8.956655383e-01  8.963697532e-01  8.972183185e-01  8.982090506e-01
  8.993411286e-01  9.006118703e-01  9.020160234e-01  9.035490017e-01
  9.052066351e-01  9.069850781e-01  9.088802631e-01  9.108872108e-01
  9.130013782e-01  9.152175492e-01  9.175309244e-01  9.199367111e-01
  9.224293400e-01  9.250037583e-01  9.276548280e-01  9.303773879e-01
  9.331657194e-01  9.360146026e-01  9.389184555e-01  9.418710730e-01
  9.448664363e-01  9.478999109e-01  9.509693175e-01  9.540739298e-01
  9.572123814e-01  9.603801431e-01  9.635647324e-01  9.667490839e-01
  9.699224212e-01  9.730806680e-01  9.762223408e-01  9.793478758e-01
  9.824604250e-01  9.855652868e-01  9.886662394e-01  9.917634744e-01
  9.948555532e-01  9.979407618e-01  1.001018712e+00  1.004091134e+00
  1.007160256e+00  1.010227460e+00  1.013293463e+00  1.016356300e+00
  1.019410803e+00  1.022454215e+00  1.025489401e+00  1.028519785e+00
  1.031546529e+00  1.034571790e+00  1.037597717e+00  1.040624407e+00
  1.043652529e+00  1.046686827e+00  1.049733557e+00  1.052794600e+00
  1.055866455e+00  1.058944865e+00  1.062037424e+00  1.065169121e+00
  1.068370626e+00  1.071674677e+00  1.075105684e+00  1.078685624e+00
  1.082438650e+00  1.086384977e+00  1.090545791e+00  1.094939542e+00
  1.099584355e+00  1.104496901e+00  1.109691405e+00  1.115182821e+00
  1.120984982e+00  1.127110350e+00  1.133573211e+00  1.140384063e+00
  1.147540693e+00  1.155028817e+00  1.162827165e+00  1.170932293e+00
  1.179392285e+00  1.188293930e+00  1.197732280e+00  1.207808642e+00
  1.218641228e+00  1.230364384e+00  1.243128343e+00  1.257141815e+00
  1.272668341e+00  1.290475263e+00  1.311221423e+00  1.340992767e+00
  1.385595652e+00
@R GRADRHO 101 []
  1.001110700e+00  9.865079262e-01  9.888766012e-01  9.903347935e-01
  9.913687636e-01  9.924504664e-01  9.933848670e-01  9.939464061e-01
  9.942368408e-01  9.945387938e-01  9.951425306e-01  9.961757572e-01
  9.974744686e-01  9.987330652e-01  9.999164311e-01  1.001210052e+00
  1.002627318e+00  1.004226123e+00  1.005833289e+00  1.007466388e+00
  1.009194084e+00  1.010959444e+00  1.012819386e+00  1.014698264e+00
  1.016642428e+00  1.018629617e+00  1.020643952e+00  1.022687174e+00
  1.024756278e+00  1.026844963e+00  1.028953398e+00  1.031079998e+00
  1.033220504e+00  1.035369619e+00  1.037515891e+00  1.039643532e+00
  1.041739272e+00  1.043798262e+00  1.045821134e+00  1.047810133e+00
  1.049769953e+00  1.051707983e+00  1.053631099e+00  1.055538515e+00
  1.057427231e+00  1.059299747e+00  1.061152703e+00  1.062989114e+00
  1.064811594e+00  1.066621636e+00  1.068420119e+00  1.070203554e+00
  1.071966863e+00  1.073705323e+00  1.075424938e+00  1.077127498e+00
  1.078814214e+00  1.080489346e+00  1.082155336e+00  1.083811294e+00
  1.085458121e+00  1.087101975e+00  1.088749126e+00  1.090400784e+00
  1.092053941e+00  1.093707610e+00  1.095367724e+00  1.097062728e+00
  1.098825154e+00  1.100696244e+00  1.102710768e+00  1.104888591e+00
  1.107258968e+00  1.109846670e+00  1.112676752e+00  1.115775513e+00
  1.119159356e+00  1.122840574e+00  1.126835842e+00  1.131162223e+00
  1.135832602e+00  1.140862688e+00  1.146267156e+00  1.152055744e+00
  1.158228521e+00  1.164774561e+00  1.171683320e+00  1.178965456e+00
  1.186716597e+00  1.194988017e+00  1.203912116e+00  1.213691018e+00
  1.224405555e+00  1.236265296e+00  1.249731351e+00  1.264822489e+00
  1.282313193e+00  1.303592095e+00  1.334187361e+00  1.382998479e+00
  1.494404573e+00
@R AREA 101 []
  0.000000000e+00  4.583219033e-01  9.148189302e-01  1.369953023e+00
  1.824110617e+00  2.277383136e+00  2.729716753e+00  3.181181354e+00
  3.631876141e+00  4.081826765e+00  4.530946193e+00  4.979053405e+00
  5.425969134e+00  5.871615935e+00  6.316011434e+00  6.759126791e+00
  7.200887542e+00  7.641227147e+00  8.080066892e+00  8.517438515e+00
  8.953275646e+00  9.387580866e+00  9.820307469e+00  1.025145067e+01
  1.068099841e+01  1.110893975e+01  1.153527468e+01  1.196000709e+01
  1.238314371e+01  1.280469692e+01  1.322468044e+01  1.364310702e+01
  1.405999081e+01  1.447534633e+01  1.488919184e+01  1.530156050e+01
  1.571250001e+01  1.612205994e+01  1.653028606e+01  1.693722196e+01
  1.734290966e+01  1.774738475e+01  1.815067445e+01  1.855280331e+01
  1.895379778e+01  1.935368360e+01  1.975248512e+01  2.015022729e+01
  2.054693118e+01  2.094261755e+01  2.133730349e+01  2.173100763e+01
  2.212375088e+01  2.251555916e+01  2.290645586e+01  2.329646010e+01
  2.368559047e+01  2.407386360e+01  2.446129318e+01  2.484789422e+01
  2.523368389e+01  2.561867782e+01  2.600288593e+01  2.638631138e+01
  2.676895515e+01  2.715082037e+01  2.753191563e+01  2.791225907e+01
  2.829186961e+01  2.867075342e+01  2.904891167e+01  2.942636308e+01
  2.980312798e+01  3.017922422e+01  3.055466865e+01  3.092948337e+01
  3.130370002e+01  3.167736596e+01  3.205054100e+01  3.242330298e+01
  3.279575531e+01  3.316803597e+01  3.354030756e+01  3.391277040e+01
  3.428567914e+01  3.465932826e+01  3.503403798e+01  3.541018419e+01
  3.578820475e+01  3.616863066e+01  3.655215209e+01  3.693962162e+01
  3.733217837e+01  3.773138767e+01  3.813940334e+01  3.855939416e+01
  3.899644603e+01  3.945877524e+01  3.996140074e+01  4.053826674e+01
  4.130029072e+01
@R A 101 []
  0.000000000e+00  4.974952393e-03  9.944340434e-03  1.491482244e-02
  1.988858385e-02  2.486362338e-02  2.984137428e-02  3.482500360e-02
  3.981741839e-02  4.481943207e-02  4.982965394e-02  5.484607394e-02
  5.986706617e-02  6.489246311e-02  6.992327811e-02  7.495946337e-02
  8.000049575e-02  8.504582207e-02  9.009460294e-02  9.514715604e-02
  1.002025731e-01  1.052607856e-01  1.103208446e-01  1.153823706e-01
  1.204447511e-01  1.255072993e-01  1.305693284e-01  1.356303224e-01
  1.406896877e-01  1.457467121e-01  1.508007682e-01  1.558511929e-01
  1.608973121e-01  1.659385377e-01  1.709745528e-01  1.760047183e-01
  1.810283283e-01  1.860446895e-01  1.910532161e-01  1.960534313e-01
  2.010448572e-01  2.060271741e-01  2.110001825e-01  2.159636231e-01
  2.209172473e-01  2.258608525e-01  2.307942944e-01  2.357174403e-01
  2.406301959e-01  2.455325066e-01  2.504243601e-01  2.553057784e-01
  2.601766433e-01  2.650367894e-01  2.698861532e-01  2.747248009e-01
  2.795528042e-01  2.843702385e-01  2.891771133e-01  2.939733587e-01
  2.987588687e-01  3.035335820e-01  3.082975763e-01  3.130509882e-01
  3.177939541e-01  3.225266072e-01  3.272490019e-01  3.319603155e-01
  3.366591641e-01  3.413449392e-01  3.460158486e-01  3.506694538e-01
  3.553030558e-01  3.599136224e-01  3.644980830e-01  3.690529291e-01
  3.735743824e-01  3.780585020e-01  3.825011528e-01  3.868979364e-01
  3.912443085e-01  3.955353567e-01  3.997663089e-01  4.039325678e-01
  4.080284939e-01  4.120491508e-01  4.159907818e-01  4.198496735e-01
  4.236222637e-01  4.273046658e-01  4.308926978e-01  4.343809384e-01
  4.377629551e-01  4.410304658e-01  4.441721377e-01  4.471739822e-01
  4.500188851e-01  4.526830840e-01  4.551316397e-01  4.572995029e-01
  4.590371209e-01
@R RTOR 101 []
  1.867340402e+00  1.867303645e+00  1.867202398e+00  1.867038698e+00
  1.866810583e+00  1.866519352e+00  1.866167038e+00  1.865755100e+00
  1.865284390e+00  1.864755768e+00  1.864170816e+00  1.863531074e+00
  1.862838248e+00  1.862094131e+00  1.861300199e+00  1.860458313e+00
  1.859570309e+00  1.858638237e+00  1.857664172e+00  1.856649905e+00
  1.855597733e+00  1.854509686e+00  1.853388007e+00  1.852234767e+00
  1.851052283e+00  1.849842736e+00  1.848608275e+00  1.847351233e+00
  1.846073990e+00  1.844778863e+00  1.843467914e+00  1.842143048e+00
  1.840805959e+00  1.839458111e+00  1.838101223e+00  1.836738033e+00
  1.835371234e+00  1.834003295e+00  1.832636551e+00  1.831273124e+00
  1.829914877e+00  1.828563252e+00  1.827219217e+00  1.825883603e+00
  1.824557142e+00  1.823240511e+00  1.821934431e+00  1.820639550e+00
  1.819356341e+00  1.818085174e+00  1.816826309e+00  1.815579915e+00
  1.814346277e+00  1.813125887e+00  1.811919199e+00  1.810726421e+00
  1.809547696e+00  1.808383074e+00  1.807232573e+00  1.806096225e+00
  1.804974059e+00  1.803866045e+00  1.802771984e+00  1.801691670e+00
  1.800624992e+00  1.799571860e+00  1.798531928e+00  1.797504775e+00
  1.796490281e+00  1.795487575e+00  1.794495848e+00  1.793513854e+00
  1.792540402e+00  1.791574525e+00  1.790614894e+00  1.789660327e+00
  1.788709807e+00  1.787762432e+00  1.786817517e+00  1.785874686e+00
  1.784933552e+00  1.783994235e+00  1.783057192e+00  1.782122932e+00
  1.781192203e+00  1.780265610e+00  1.779344023e+00  1.778429238e+00
  1.777523083e+00  1.776627238e+00  1.775743239e+00  1.774872982e+00
  1.774018593e+00  1.773181844e+00  1.772364606e+00  1.771570152e+00
  1.770803772e+00  1.770073352e+00  1.769390571e+00  1.768776698e+00
  1.768279108e+00
@R SHIFT 101 []
  1.013612956e-01  1.013245388e-01  1.012232924e-01  1.010595919e-01
  1.008314771e-01  1.005402464e-01  1.001879318e-01  9.977599439e-02
  9.930528382e-02  9.877666211e-02  9.819170976e-02  9.755196779e-02
  9.685914162e-02  9.611502511e-02  9.532109313e-02  9.447920704e-02
  9.359120325e-02  9.265913144e-02  9.168506563e-02  9.067079887e-02
  8.961862743e-02  8.853057991e-02  8.740890123e-02  8.625566148e-02
  8.507317654e-02  8.386362956e-02  8.262916876e-02  8.137212691e-02
  8.009488445e-02  7.879975663e-02  7.748880777e-02  7.616394195e-02
  7.482685350e-02  7.347900489e-02  7.212211710e-02  7.075892655e-02
  6.939212841e-02  6.802418927e-02  6.665744514e-02  6.529401761e-02
  6.393577103e-02  6.258414570e-02  6.124011086e-02  5.990449659e-02
  5.857803586e-02  5.726140529e-02  5.595532450e-02  5.466044352e-02
  5.337723453e-02  5.210606808e-02  5.084720311e-02  4.960080880e-02
  4.836717123e-02  4.714678083e-02  4.594009286e-02  4.474731535e-02
  4.356859019e-02  4.240396752e-02  4.125346726e-02  4.011711875e-02
  3.899495316e-02  3.788693923e-02  3.679287780e-02  3.571256370e-02
  3.464588630e-02  3.359275447e-02  3.255282241e-02  3.152566925e-02
  3.051117535e-02  2.950846928e-02  2.851674162e-02  2.753474789e-02
  2.656129556e-02  2.559541863e-02  2.463578756e-02  2.368122111e-02
  2.273070141e-02  2.178332622e-02  2.083841094e-02  1.989558011e-02
  1.895444592e-02  1.801512945e-02  1.707808557e-02  1.614382639e-02
  1.521309734e-02  1.428650369e-02  1.336491659e-02  1.245013167e-02
  1.154397671e-02  1.064813201e-02  9.764132546e-03  8.893876400e-03
  8.039486750e-03  7.202737665e-03  6.385499809e-03  5.591045841e-03
  4.824665726e-03  4.094245751e-03  3.411464884e-03  2.797591815e-03
  2.300002074e-03
@R ELONG 101 []
  1.477026332e+00  1.475871547e+00  1.472407192e+00  1.469113396e+00
  1.466218134e+00  1.463663802e+00  1.461124956e+00  1.458480518e+00
  1.455688199e+00  1.452794389e+00  1.449872732e+00  1.446969299e+00
  1.444090442e+00  1.441210200e+00  1.438315415e+00  1.435413242e+00
  1.432507681e+00  1.429603266e+00  1.426708101e+00  1.423830314e+00
  1.420977607e+00  1.418154932e+00  1.415370829e+00  1.412631521e+00
  1.409944547e+00  1.407316212e+00  1.404752256e+00  1.402257319e+00
  1.399838342e+00  1.397501711e+00  1.395250963e+00  1.393089257e+00
  1.391019341e+00  1.389041577e+00  1.387154118e+00  1.385362933e+00
  1.383676507e+00  1.382099703e+00  1.380633594e+00  1.379279064e+00
  1.378036959e+00  1.376905011e+00  1.375878728e+00  1.374955090e+00
  1.374131464e+00  1.373404453e+00  1.372770072e+00  1.372225403e+00
  1.371767106e+00  1.371391306e+00  1.371093780e+00  1.370871708e+00
  1.370723261e+00  1.370646921e+00  1.370640197e+00  1.370700043e+00
  1.370823367e+00  1.371006937e+00  1.371248168e+00  1.371546757e+00
  1.371902325e+00  1.372313772e+00  1.372777797e+00  1.373288375e+00
  1.373840549e+00  1.374430211e+00  1.375059009e+00  1.375738821e+00
  1.376476393e+00  1.377268529e+00  1.378124846e+00  1.379069150e+00
  1.380121441e+00  1.381299682e+00  1.382623067e+00  1.384114478e+00
  1.385798075e+00  1.387699646e+00  1.389843184e+00  1.392255028e+00
  1.394967290e+00  1.398015948e+00  1.401429772e+00  1.405245070e+00
  1.409512608e+00  1.414269937e+00  1.419538585e+00  1.425355007e+00
  1.431764183e+00  1.438817714e+00  1.446574684e+00  1.455109661e+00
  1.464526946e+00  1.474966858e+00  1.486606881e+00  1.499687044e+00
  1.514611417e+00  1.532042818e+00  1.553287623e+00  1.581730551e+00
  1.625801265e+00
@R TRIAG 101 []
  0.000000000e+00  5.750102769e-03  1.184505783e-02  1.795570631e-02
  2.384298605e-02  2.951536407e-02  3.497355991e-02  4.024707875e-02
  4.538319214e-02  5.041510603e-02  5.535631779e-02  6.019533757e-02
  6.491633576e-02  6.951875947e-02  7.400811249e-02  7.839566465e-02
  8.267960900e-02  8.685487834e-02  9.092186191e-02  9.488522537e-02
  9.874989437e-02  1.025199823e-01  1.062019314e-01  1.097998338e-01
  1.133150532e-01  1.167498840e-01  1.201091893e-01  1.233992564e-01
  1.266224604e-01  1.297809332e-01  1.328767910e-01  1.359148783e-01
  1.389024188e-01  1.418452542e-01  1.447507293e-01  1.476224904e-01
  1.504564823e-01  1.532495054e-01  1.560009017e-01  1.587163882e-01
  1.614026542e-01  1.640626189e-01  1.666967680e-01  1.693067494e-01
  1.718945476e-01  1.744621454e-01  1.770111128e-01  1.795447003e-01
  1.820646872e-01  1.845734906e-01  1.870723236e-01  1.895607356e-01
  1.920376616e-01  1.945038065e-01  1.969602646e-01  1.994088855e-01
  2.018512937e-01  2.042884810e-01  2.067209158e-01  2.091461747e-01
  2.115645393e-01  2.139770929e-01  2.163866544e-01  2.188040043e-01
  2.212314161e-01  2.236667285e-01  2.261011515e-01  2.285233475e-01
  2.309657832e-01  2.334515460e-01  2.360148584e-01  2.386688796e-01
  2.414439273e-01  2.443692273e-01  2.474793496e-01  2.508136940e-01
  2.544103568e-01  2.583109490e-01  2.625600524e-01  2.672085689e-01
  2.723103085e-01  2.779298374e-01  2.841351163e-01  2.909993914e-01
  2.985802591e-01  3.069412073e-01  3.161865623e-01  3.264101526e-01
  3.376746564e-01  3.500297782e-01  3.635833172e-01  3.785408081e-01
  3.951934221e-01  4.138188004e-01  4.346857218e-01  4.584599011e-01
  4.862735025e-01  5.199991667e-01  5.640705193e-01  6.164387228e-01
  6.753362217e-01
@R PMHD 101 []
  9.637551679e+04  9.634348921e+04  9.624733097e+04  9.608681622e+04
  9.586162048e+04  9.557137519e+04  9.521575700e+04  9.479458722e+04
  9.430793547e+04  9.375622162e+04  9.314021680e+04  9.246102260e+04
  9.171995950e+04  9.091832689e+04  9.005741367e+04  8.913875375e+04
  8.816414392e+04  8.713552786e+04  8.605504244e+04  8.492470234e+04
  8.374689905e+04  8.252397270e+04  8.125851579e+04  7.995311546e+04
  7.861049472e+04  7.723347352e+04  7.582492514e+04  7.438780267e+04
  7.292512632e+04  7.144000390e+04  6.993471845e+04  6.841000681e+04
  6.686714552e+04  6.530953339e+04  6.374353304e+04  6.217828943e+04
  6.062060752e+04  5.907349475e+04  5.753856880e+04  5.601714712e+04
  5.450856384e+04  5.301076578e+04  5.152288089e+04  5.004573854e+04
  4.858056358e+04  4.712956202e+04  4.569402079e+04  4.427325502e+04
  4.286686615e+04  4.147595581e+04  4.010076509e+04  3.874226254e+04
  3.740573837e+04  3.609452417e+04  3.480565097e+04  3.353792536e+04
  3.229440362e+04  3.107352723e+04  2.987263830e+04  2.869445066e+04
  2.753939176e+04  2.640418821e+04  2.528915129e+04  2.419609183e+04
  2.312457905e+04  2.207629302e+04  2.105448843e+04  2.006066278e+04
  1.909725967e+04  1.816740823e+04  1.727251515e+04  1.641354515e+04
  1.559175130e+04  1.480669443e+04  1.405805584e+04  1.334758334e+04
  1.267604221e+04  1.204265272e+04  1.144693199e+04  1.088817029e+04
  1.036365303e+04  9.870377848e+03  9.406168911e+03  8.968190685e+03
  8.552293745e+03  8.153532911e+03  7.766300716e+03  7.384123068e+03
  7.000038492e+03  6.607005770e+03  6.198437453e+03  5.768761959e+03
  5.314465889e+03  4.836431041e+03  4.343391891e+03  3.852850107e+03
  3.388077498e+03  2.972872923e+03  2.622095340e+03  2.363285004e+03
  2.249865487e+03
@R QMHD 101 []
  2.194021545e+00  2.192393535e+00  2.187605393e+00  2.179940231e+00
  2.169856504e+00  2.157964341e+00  2.144988571e+00  2.131713678e+00
  2.118907232e+00  2.107219531e+00  2.097057775e+00  2.088440170e+00
  2.080831797e+00  2.073380650e+00  2.066090083e+00  2.059230627e+00
  2.052933838e+00  2.047056782e+00  2.041436935e+00  2.036080185e+00
  2.030985929e+00  2.026101418e+00  2.021384565e+00  2.016814851e+00
  2.012370150e+00  2.008022167e+00  2.003747408e+00  1.999553472e+00
  1.995413252e+00  1.991285777e+00  1.987161771e+00  1.983075421e+00
  1.979069749e+00  1.975138979e+00  1.971215739e+00  1.967199799e+00
  1.963070210e+00  1.958847209e+00  1.954561677e+00  1.950252652e+00
  1.945968228e+00  1.941766927e+00  1.937689945e+00  1.933757881e+00
  1.929971092e+00  1.926320418e+00  1.922817069e+00  1.919491882e+00
  1.916371377e+00  1.913464864e+00  1.910789729e+00  1.908350705e+00
  1.906113790e+00  1.904060806e+00  1.902231851e+00  1.900657994e+00
  1.899335335e+00  1.898275967e+00  1.897505309e+00  1.897039486e+00
  1.896882531e+00  1.897050066e+00  1.897531334e+00  1.898268683e+00
  1.899201646e+00  1.900348877e+00  1.902060002e+00  1.904938417e+00
  1.909669414e+00  1.916897838e+00  1.927246271e+00  1.941261904e+00
  1.959341765e+00  1.981816109e+00  2.009017715e+00  2.041266367e+00
  2.078895190e+00  2.122227115e+00  2.171561408e+00  2.227233264e+00
  2.289653225e+00  2.359131174e+00  2.435925772e+00  2.520348205e+00
  2.612538379e+00  2.712232262e+00  2.819063359e+00  2.933178045e+00
  3.055433636e+00  3.187398119e+00  3.331087560e+00  3.489131977e+00
  3.665133954e+00  3.864292318e+00  4.093885361e+00  4.364714766e+00
  4.695182638e+00  5.120056797e+00  5.680117370e+00  6.699551702e+00
  8.727691443e+00
@R ER 101 []
  0.000000000e+00  0.000000000e+00  0.000000000e+00  0.000000000e+00
  0.000000000e+00  0.000000000e+00  0.000000000e+00  0.000000000e+00
  0.000000000e+00  0.000000000e+00  0.000000000e+00  0.000000000e+00
  0.000000000e+00  0.000000000e+00  0.000000000e+00  0.000000000e+00
  0.000000000e+00  0.000000000e+00  0.000000000e+00  0.000000000e+00
  0.000000000e+00  0.000000000e+00  0.000000000e+00  0.000000000e+00
  0.000000000e+00  0.000000000e+00  0.000000000e+00  0.000000000e+00
  0.000000000e+00  0.000000000e+00  0.000000000e+00  0.000000000e+00
  0.000000000e+00  0.000000000e+00  0.000000000e+00  0.000000000e+00
  0.000000000e+00  0.000000000e+00  0.000000000e+00  0.000000000e+00
  0.000000000e+00  0.000000000e+00  0.000000000e+00  0.000000000e+00
  0.000000000e+00  0.000000000e+00  0.000000000e+00  0.000000000e+00
  0.000000000e+00  0.000000000e+00  0.000000000e+00  0.000000000e+00
  0.000000000e+00  0.000000000e+00  0.000000000e+00  0.000000000e+00
  0.000000000e+00  0.000000000e+00  0.000000000e+00  0.000000000e+00
  0.000000000e+00  0.000000000e+00  0.000000000e+00  0.000000000e+00
  0.000000000e+00  0.000000000e+00  0.000000000e+00  0.000000000e+00
  0.000000000e+00  0.000000000e+00  0.000000000e+00  0.000000000e+00
  0.000000000e+00  0.000000000e+00  0.000000000e+00  0.000000000e+00
  0.000000000e+00  0.000000000e+00  0.000000000e+00  0.000000000e+00
  0.000000000e+00  0.000000000e+00  0.000000000e+00  0.000000000e+00
  0.000000000e+00  0.000000000e+00  0.000000000e+00  0.000000000e+00
  0.000000000e+00  0.000000000e+00  0.000000000e+00  0.000000000e+00
  0.000000000e+00  0.000000000e+00  0.000000000e+00  0.000000000e+00
  0.000000000e+00  0.000000000e+00  0.000000000e+00  0.000000000e+00
  0.000000000e+00
@R NC1 101 []
  9.985000533e-01  9.356166763e-01  9.120541396e-01  8.951521960e-01
  8.816726590e-01  8.703626734e-01  8.605777805e-01  8.519343349e-01
  8.441840636e-01  8.371517414e-01  8.307101442e-01  8.247652547e-01
  8.192453275e-01  8.140926081e-01  8.092561606e-01  8.046942912e-01
  8.003736962e-01  7.962653873e-01  7.923455390e-01  7.885916612e-01
  7.849855463e-01  7.815104757e-01  7.781528735e-01  7.748998056e-01
  7.717396151e-01  7.686625660e-01  7.656595954e-01  7.627218794e-01
  7.598415109e-01  7.570132073e-01  7.542344575e-01  7.515040111e-01
  7.488203228e-01  7.461794025e-01  7.435682715e-01  7.409723057e-01
  7.383852454e-01  7.358068875e-01  7.332391417e-01  7.306844955e-01
  7.281474988e-01  7.256345159e-01  7.231490170e-01  7.206908374e-01
  7.182589957e-01  7.158523157e-01  7.134703427e-01  7.111143792e-01
  7.087857601e-01  7.064851215e-01  7.042127761e-01  7.019663576e-01
  6.997411735e-01  6.975353820e-01  6.953518117e-01  6.931923985e-01
  6.910571434e-01  6.889466298e-01  6.868608038e-01  6.847985693e-01
  6.827596707e-01  6.807468792e-01  6.787633543e-01  6.768090860e-01
  6.748813837e-01  6.729787741e-01  6.711008179e-01  6.692483583e-01
  6.674382641e-01  6.656826159e-01  6.639823079e-01  6.623432957e-01
  6.607690904e-01  6.592666738e-01  6.578416352e-01  6.564951325e-01
  6.552304723e-01  6.540501527e-01  6.529546162e-01  6.519469321e-01
  6.510266917e-01  6.501931996e-01  6.494532426e-01  6.488031861e-01
  6.482398434e-01  6.477679743e-01  6.473793275e-01  6.470704906e-01
  6.468572591e-01  6.467620633e-01  6.468052313e-01  6.470056528e-01
  6.473863449e-01  6.479687392e-01  6.487739392e-01  6.498207635e-01
  6.511411054e-01  6.528438436e-01  6.550847506e-01  6.586669516e-01
  6.651557846e-01
@R HFAC1 101 []
  1.000000000e+00  9.973615281e-01  9.947750662e-01  9.922357733e-01
  9.897414569e-01  9.872899963e-01  9.848779873e-01  9.825026768e-01
  9.801618277e-01  9.778532419e-01  9.755749048e-01  9.733255346e-01
  9.711039128e-01  9.689082756e-01  9.667359034e-01  9.645843829e-01
  9.624518239e-01  9.603360916e-01  9.582355197e-01  9.561476321e-01
  9.540705619e-01  9.520021205e-01  9.499407366e-01  9.478844570e-01
  9.458313279e-01  9.437797135e-01  9.417277822e-01  9.396734559e-01
  9.376148585e-01  9.355509843e-01  9.334819494e-01  9.314085028e-01
  9.293310200e-01  9.272482164e-01  9.251545205e-01  9.230429686e-01
  9.209102313e-01  9.187560862e-01  9.165815414e-01  9.143883911e-01
  9.121796526e-01  9.099591731e-01  9.077295628e-01  9.054915365e-01
  9.032450531e-01  9.009898548e-01  8.987262481e-01  8.964556117e-01
  8.941794549e-01  8.918987550e-01  8.896141619e-01  8.873248347e-01
  8.850283980e-01  8.827238995e-01  8.804132782e-01  8.780984227e-01
  8.757800242e-01  8.734591357e-01  8.711366304e-01  8.688125662e-01
  8.664873577e-01  8.641634414e-01  8.618436364e-01  8.595284097e-01
  8.572159292e-01  8.549046632e-01  8.525974842e-01  8.503025847e-01
  8.480344092e-01  8.458064204e-01  8.436268723e-01  8.415056307e-01
  8.394515207e-01  8.374735276e-01  8.355809388e-01  8.337808556e-01
  8.320813626e-01  8.304899958e-01  8.290128394e-01  8.276576044e-01
  8.264313490e-01  8.253401946e-01  8.243932662e-01  8.235957849e-01
  8.229495848e-01  8.224542490e-01  8.221017178e-01  8.218916204e-01
  8.218453659e-01  8.219983365e-01  8.223874592e-01  8.230515348e-01
  8.240363336e-01  8.253924505e-01  8.271757843e-01  8.294629921e-01
  8.323518887e-01  8.361250475e-01  8.410165241e-01  8.491802210e-01
  8.624878559e-01
@R HFAC2 101 []
  1.000000000e+00  9.947335518e-01  9.895914885e-01  9.845632876e-01
  9.796437800e-01  9.748279954e-01  9.701085274e-01  9.654793304e-01
  9.609354420e-01  9.564719996e-01  9.520845255e-01  9.477699963e-01
  9.435255598e-01  9.393473636e-01  9.352297401e-01  9.311676462e-01
  9.271570931e-01  9.231936584e-01  9.192738415e-01  9.153926528e-01
  9.115462900e-01  9.077303895e-01  9.039417709e-01  9.001765737e-01
  8.964309619e-01  8.927017314e-01  8.889853510e-01  8.852778617e-01
  8.815756979e-01  8.778769479e-01  8.741818060e-01  8.704916250e-01
  8.668070585e-01  8.631257306e-01  8.594373964e-01  8.557292947e-01
  8.519954547e-01  8.482356999e-01  8.444520835e-01  8.406480085e-01
  8.368290671e-01  8.330023607e-01  8.291726746e-01  8.253413012e-01
  8.215081841e-01  8.176729112e-01  8.138360715e-01  8.100001356e-01
  8.061677820e-01  8.023407468e-01  7.985201798e-01  7.947045596e-01
  7.908896654e-01  7.870738633e-01  7.832606295e-01  7.794532679e-01
  7.756529399e-01  7.718614581e-01  7.680802617e-01  7.643093153e-01
  7.605492473e-01  7.568042279e-01  7.530791476e-01  7.493748351e-01
  7.456881051e-01  7.420162533e-01  7.383635299e-01  7.347427510e-01
  7.311779423e-01  7.276913718e-01  7.242952283e-01  7.210042343e-01
  7.178319057e-01  7.147919706e-01  7.118983269e-01  7.091609266e-01
  7.065912252e-01  7.041997737e-01  7.019947037e-01  6.999866224e-01
  6.981844929e-01  6.965960848e-01  6.952347221e-01  6.941063657e-01
  6.932115499e-01  6.925496469e-01  6.921078036e-01  6.918844553e-01
  6.919128082e-01  6.922475362e-01  6.929453015e-01  6.940652094e-01
  6.956773218e-01  6.978590299e-01  7.006965608e-01  7.043060415e-01
  7.088380794e-01  7.147249682e-01  7.223552948e-01  7.350066425e-01
  7.558986344e-01
