&innfreya

    NAMEB = 'd' 
    FDBEAM = 1.0 
    TIMBPLT = 0.0 
    ITERATE_BEAM = .true. 
    IMAXBEAMCONVG = 20 
    NPART = 500000 
    NPSKIP = 1 
    IBCUR = 1 
    ANGRCPLE = 1.0 
    NBEAMTCX = 1 
    MF = 51
    BEAMON = 4*-1.0 4*1.0e3
    BTIME  = 4*1.0e3 4*1.0
    NBEAMS = 4 
    NSOURC = 2
    SFRAC1 = 1.0 0.0 1.0 0.0 1.0 0.0 0.0 1.0
    EBKEV  = 4*120.0 4*120.0
!   BPTOR  = 2.5e6 2.5e6 2.5e6 2.5e6 4*1.0
    BPTOR  = 0.0e6 0.0e6  0.0e6 0.0e6 4*1.0
    ANGLEH = 19.5 19.5 19.5 19.5 19.5 19.5 -19.5 -19.5
    ANGLEV = 0.0 0.0 16.6513 16.4109  0.0 0.0 0.0 0.0
    RPIVOT = 8*286.560
    ZPIVOT = 0.0 0.0 5.35049 8.27793 0.0 0.0 0.0 0.0
    BLENP(3) = 583.041
    BLENP(4) = 581.335
    FBCUR  =      
     0.790331     0.155876    0.0537928
     0.782922     0.154399    0.0626787
     0.785208     0.154776    0.0600156
     0.785014     0.154742    0.0602438
     0.783763     0.154532    0.0617054
     0.784093     0.154586    0.0613208
     0.789614     0.155691    0.0546949
     0.789614     0.155691    0.0546949

/
