&INSTATE
  DENSITY_MODEL = 0 
  MODEL_SHAPE = 2 
  NBDRY = 61 
  USE_INPED = 0 
  R0 = 1.76597910596 
  A0 = 0.460260718934 
  KAPPA = 1.6568763532 
  DELTA = 0.759407533276 
  IP = 0.584584461385 
  B0 = 1.79238500846 
  N_ION = 1 
  Z_ION = 1 
  A_ION = 2 
  F_ION = 1.0 
  N_IMP = 1 
  Z_IMP = 6 
  A_IMP = 12 
  F_IMP = 1.0 
  N_MIN = 0 
  Z_MIN = 1 
  A_MIN = 1 
  N_BEAM = 1 
  Z_BEAM = 1 
  A_BEAM = 2 
  N_FUSION = 1 
  Z_FUSION = 2 
  A_FUSION = 4 
  NRHO = 101 
  NE_AXIS = 4.5106154 
  NE_PED = 1.92 
  NE_SEP = 1.7 
  NE_ALPHA = 1.8 
  NE_BETA = 1.3 
  NE_FIT = 1 
  NE_XMID = 0.96 
  NE_XWID = 0.08 
  TE_AXIS = 5.3181793 
  TE_PED = 0.85 
  TE_SEP = 0.5 
  TE_ALPHA = 1.6 
  TE_BETA = 1.8 
  TE_FIT = 1 
  TE_XMID = 0.9 
  TE_XWID = 0.2 
  TI_AXIS = 5.8919967 
  TI_PED = 1.3 
  TI_SEP = 0.3 
  TI_ALPHA = 1.5 
  TI_BETA = 1.7 
  TI_FIT = 1 
  TI_XMID = 0.95 
  TI_XWID = 0.1 
  ZEFF_AXIS = 1.7 
  OMEGA_AXIS = 173800.0 
  OMEGA_SEP = 11000.0 
  OMEGA_ALPHA = 1.0 
  OMEGA_BETA = 0.65 
  JPAR_AXIS = 1.1805549 
  JPAR_SEP = 0.0 
  JPAR_ALPHA = 1.9 
  JPAR_BETA = 1.2 
  NBEAM_AXIS = 0.0 
  NBEAM_SEP = 0.0 
  NBEAM_ALPHA = 1.5 
  NBEAM_BETA = 1.5 
  TBEAMI = 20.0 20.0 20.0 20.0 20.0 20.0 20.0 20.0 20.0 20.0 20.0 20.0  
    20.0 20.0 20.0 20.0 20.0 20.0 20.0 20.0 20.0 20.0 20.0 20.0 20.0  
    20.0 20.0 20.0 20.0 20.0 20.0 20.0 20.0 20.0 20.0 20.0 20.0 20.0  
    20.0 20.0 20.0 20.0 20.0 20.0 20.0 20.0 20.0 20.0 20.0 20.0 20.0  
    20.0 20.0 20.0 20.0 20.0 20.0 20.0 20.0 20.0 20.0 20.0 20.0 20.0  
    20.0 20.0 20.0 20.0 20.0 20.0 20.0 20.0 20.0 20.0 20.0 20.0 20.0  
    20.0 20.0 20.0 20.0 20.0 20.0 20.0 20.0 20.0 20.0 20.0 20.0 20.0  
    20.0 20.0 20.0 20.0 20.0 20.0 20.0 20.0 20.0 20.0 20.0 
  BETAN_PED = -1.0 
  XMID = -1.0 
  XWID = -1.0 
  PRESSURE_MODEL = 'full' 
  PTOT_AXIS = 108071.38 
  PTOT_ALPHA = 1.8 
  PTOT_BETA = 2.3 
  PTOT_PED = 900.0 
  PTOT_SEP = 0.0 
  PTOT_XMID = 0.95 
  PTOT_XWID = 0.1 
  CURRENT_MODEL = 'broad' 
  RHO_JBDRY = 0.85 
  RHO_JPEAK = 0.65 
  JAXIS = 0.6 
  JAXIS_PRIME = 1.0 
  JBDRY_PRIME = -1.0 
  NE = 4.495969983317064 4.496684509190219 4.496232570208295  
    4.494631991793455 4.491900599367864 4.488056218353685  
    4.483116674173083 4.477099792248221 4.470023398001263  
    4.4619053168543745 4.452763374229718 4.442615395549458  
    4.431479206235758 4.419372631710782 4.406313497396695  
    4.3923196287156605 4.377408851089841 4.361598989941404  
    4.344907870692509 4.327353318765323 4.308953159582009  
    4.289725218564731 4.269687321135653 4.248857292716939  
    4.2272529587307535 4.20489214459926 4.181792675744622  
    4.157972377589004 4.133449075554569 4.108240595063483  
    4.082364761537909 4.055839400400011 4.028682337071952  
    4.000911396975896 3.972544405534009 3.943599188168453  
    3.914093570301394 3.884045377354993 3.853472434751417  
    3.8223925679128277 3.7908236022613897 3.758783363219268  
    3.7262896762086255 3.6933603666516275 3.6600132599704356  
    3.626266181587215 3.59213695692413 3.557643411403345  
    3.522803370447023 3.4876346594773286 3.452155103916425  
    3.4163825291864764 3.3803347607096477 3.344029623908102  
    3.3074849442040035 3.2707185470195164 3.2337482577768037  
    3.1965919018980307 3.1592673048053603 3.1217922919209578  
    3.0841846886669853 3.046462320465608 3.0086430127389896  
    2.9707445909092947 2.9327848803986862 2.8947817066293284  
    2.8567528950233863 2.8187162710030225 2.7806896599904016  
    2.7426908874076874 2.7047377786770443 2.6668481592206352  
    2.6290398544606255 2.5913306898191775 2.5537384907184566  
    2.516281082580626 2.47897629082785 2.441841940882293  
    2.4048958581661184 2.36815586810149 2.331639796110573  
    2.2953654676155297 2.259350708038525 2.2236133428017224  
    2.1881711973272866 2.15304209703738 2.1182438673541686  
    2.0837943336998155 2.049711321496484 2.0160126561663394  
    1.9827161631315446 1.949839667814264 1.9174009956366616  
    1.8854179720209012 1.8539084223891473 1.822890172163563  
    1.7923810467663124 1.7623988715214187 1.7329510258380902  
    1.7091918436883704 1.7092403993950445 
  TE = 5.339826716436867 5.321253316700677 5.299717599007421  
    5.27529707341363 5.248069249975845 5.218111638750575  
    5.185501749794322 5.150317093163564 5.112635178914743  
    5.072533517104264 5.030089617788457 4.985380991023575  
    4.938485146865755 4.889479595370962 4.838441846594947  
    4.785449410593152 4.730579797420586 4.673910517131702  
    4.615519079780129 4.555482995418432 4.493879774097669  
    4.430786925866858 4.366281960772218 4.300442388856153  
    4.2333457201558335 4.165069464701315 4.095691132512919  
    4.025288233597732 3.9539382779447925 3.8817187755186016  
    3.808707236250298 3.734981170025719 3.660618086669227  
    3.5856954959218577 3.5102909074118007 3.4344818306145797  
    3.3583457747993872 3.281960248956857 3.205402761701968  
    3.1287508211436483 3.0520819347099395 2.97547360891381  
    2.899003349039966 2.8227486587265185 2.746787039407071  
    2.6711959895676873 2.5960530037588483 2.521435571283604  
    2.4474211744585506 2.374087286312199 2.301511367543673  
    2.2297708625105312 2.158943193944419 2.0891057560022825  
    2.020335905143224 1.9527109481684604 1.8863081265640584  
    1.821204596028974 1.7574773997357396 1.6952034334321586  
    1.6344593999139718 1.5753217496306295 1.5178666031574841  
    1.4621696498746535 1.4083060152843216 1.3563500867516731  
    1.306375283739569 1.2584537533327111 1.2126559642847925  
    1.16905016189682 1.1277016301759881 1.088671684678639  
    1.0520162860625653 1.01778411646813 0.9860138932472964  
    0.9567306018696167 0.929940208752861 0.905622269778467  
    0.883719705922108 0.8641249423305484 0.8466617552516766  
    0.8310628409382748 0.8169448074774162 0.8037856398507464  
    0.7909151247455504 0.7775354071493694 0.7627928896229328  
    0.7459159051027922 0.7264059371639358 0.7042257853549363  
    0.6798932437964902 0.6544063801205848 0.6290081951675509  
    0.6048901374236377 0.5829593600077101 0.5637391691790217  
    0.5473928210970829 0.5338159969825037 0.5227434337846859  
    0.5138375559708213 0.5067489416246275 
  TI = 5.924751309324338 5.901174168028857 5.875612382885711  
    5.848113319762268 5.818724344525882 5.787492823043923  
    5.754466121183758 5.719691604812743 5.683216639798244  
    5.645088592007632 5.60535482730826 5.564062711567497  
    5.521259610652706 5.476992890431251 5.431309916770497  
    5.384258055537802 5.335884672600536 5.2862371338260585  
    5.235362805081732 5.183309052234922 5.130123241152988  
    5.075852737703291 5.020544907753192 4.964247117170049  
    4.9070067318212125 4.848871117574035 4.7898876402958575  
    4.730103665854011 4.6695665601158085 4.608323688948543  
    4.546422418219456 4.483910113795743 4.420834141544508  
    4.357241867332719 4.2931806570271425 4.2286978764942456  
    4.163840891600036 4.098657068209829 4.033193772187904  
    3.967498369396964 3.901618225697361 3.8356007069458866  
    3.769493178993987 3.7033430076850524 3.6371975588503687  
    3.5711041983030163 3.5051102918287103 3.4392632051720535  
    3.37361030401588 3.308198953950289 3.2430765204261482  
    3.1782903686853907 3.113887863656472 3.0499163697976654  
    2.986423250862192 2.9234558695462893 2.8610615869619482  
    2.7992877618471286 2.738181749382849 2.6777908994217254  
    2.618162553835208 2.55934404254127 2.5013826775560424  
    2.444325744085903 2.3882204871861084 2.33311409177622  
    2.2790536526979244 2.2260861298412387 2.17425828086997  
    2.123616560322865 2.0742069682127187 2.0260748227227947  
    1.9792644187415682 1.93381851456221 1.8897775597416304  
    1.847178532787784 1.8060531903792039 1.7664254287837813  
    1.7283073061266858 1.691693046643096 1.6565500106963578  
    1.6228051220327593 1.5903245447988632 1.5588834581836952  
    1.5281216168643912 1.497479256558043 1.4661075987203764  
    1.4327507434627011 1.3956055146364048 1.352190913320375  
    1.2993100999624274 1.2332684134485445 1.1505830914921038  
    1.0493521676016864 0.9310341394412313 0.8016437323707828  
    0.6710162166251484 0.5498480094364344 0.44616663263657375  
    0.3634545055127779 0.3010815102178198 
  OMEGA = 173800.0 172739.9397673863 171676.12513941622  
    170608.50430312057 169537.02418793773 168461.63042174588  
    167382.2672848782 166298.87766200598 165211.40299176643  
    164119.78321400416 163023.9567144857 161923.8602669363  
    160819.42897223777 159710.5961946149 158597.29349462382  
    157479.45055874434 156356.99512536055 155229.8529069004  
    154097.9475078854 152961.20033862302 151819.53052425393  
    150672.85480884183 149521.0874541702 148364.1401328813  
    147201.92181556407 146034.33865136342 144861.29384164765  
    143682.68750623122 142498.41654160552 141308.37447058232  
    140112.45128270122 138910.53326469328 137702.50282022753  
    136488.2382780952 135267.6136879057 134040.49860227865  
    132806.75784441823 131566.25125984347 130318.8334509255  
    129064.35349274286 127802.65462861248 126533.57394347744  
    125256.9420131371 123972.58252708481 122680.3118824668  
    121379.93874639452 120071.26358352095 118754.07814542789  
    117428.16491795452 116093.29652212489 114749.23506378794  
    113395.73142646131 112032.52450115347 110659.34034611144  
    109275.89126848467 107881.87481878563 106476.97268773452  
    105060.8494935665 103633.15144611124 102193.50487187464  
    100741.51458189855 99276.76206126675 97798.80345566722  
    96307.16732628926 94801.35213937919 93280.82345080367  
    91745.01073873488 90193.30382876241 88625.04884495355  
    87039.54360710709 85436.03237799973 83813.69984392228  
    82171.66418606386 80508.96906775853 78824.57432113301  
    77117.34506339757 75386.03890391944 73629.29081275972  
    71845.59510171149 70033.28380885787 68190.50056104263  
    66315.16869150827 64404.95197648478 62457.20577003126  
    60468.91547575619 58436.61806143013 56356.30047617271  
    54223.2659972026 52031.955067990995 49775.6999312256  
    47446.38013589256 45033.92454655174 42525.56597079167  
    39904.67739389581 37148.8571957972 34226.56056475978  
    31090.622570163523 27664.151915578543 23803.358253131075  
    19159.328163451995 11000.0 
  ZEFF = 1.7 1.7 1.7 1.7 1.7 1.7 1.7 1.7 1.7 1.7 1.7 1.7 1.7 1.7 1.7  
    1.7 1.7 1.7 1.7 1.7 1.7 1.7 1.7 1.7 1.7 1.7 1.7 1.7 1.7 1.7 1.7 1.7  
    1.7 1.7 1.7 1.7 1.7 1.7 1.7 1.7 1.7 1.7 1.7 1.7 1.7 1.7 1.7 1.7 1.7  
    1.7 1.7 1.7 1.7 1.7 1.7 1.7 1.7 1.7 1.7 1.7 1.7 1.7 1.7 1.7 1.7 1.7  
    1.7 1.7 1.7 1.7 1.7 1.7 1.7 1.7 1.7 1.7 1.7 1.7 1.7 1.7 1.7 1.7 1.7  
    1.7 1.7 1.7 1.7 1.7 1.7 1.7 1.7 1.7 1.7 1.7 1.7 1.7 1.7 1.7 1.7 1.7  
    1.7 
  J_OH = 0.0 0.0 0.0 0.0 0.0 0.0 0.0 0.0 0.0 0.0 0.0 0.0 0.0 0.0 0.0  
    0.0 0.0 0.0 0.0 0.0 0.0 0.0 0.0 0.0 0.0 0.0 0.0 0.0 0.0 0.0 0.0 0.0  
    0.0 0.0 0.0 0.0 0.0 0.0 0.0 0.0 0.0 0.0 0.0 0.0 0.0 0.0 0.0 0.0 0.0  
    0.0 0.0 0.0 0.0 0.0 0.0 0.0 0.0 0.0 0.0 0.0 0.0 0.0 0.0 0.0 0.0 0.0  
    0.0 0.0 0.0 0.0 0.0 0.0 0.0 0.0 0.0 0.0 0.0 0.0 0.0 0.0 0.0 0.0 0.0  
    0.0 0.0 0.0 0.0 0.0 0.0 0.0 0.0 0.0 0.0 0.0 0.0 0.0 0.0 0.0 0.0 0.0  
    0.0 
  J_BS = 0.0 0.0 0.0 0.0 0.0 0.0 0.0 0.0 0.0 0.0 0.0 0.0 0.0 0.0 0.0  
    0.0 0.0 0.0 0.0 0.0 0.0 0.0 0.0 0.0 0.0 0.0 0.0 0.0 0.0 0.0 0.0 0.0  
    0.0 0.0 0.0 0.0 0.0 0.0 0.0 0.0 0.0 0.0 0.0 0.0 0.0 0.0 0.0 0.0 0.0  
    0.0 0.0 0.0 0.0 0.0 0.0 0.0 0.0 0.0 0.0 0.0 0.0 0.0 0.0 0.0 0.0 0.0  
    0.0 0.0 0.0 0.0 0.0 0.0 0.0 0.0 0.0 0.0 0.0 0.0 0.0 0.0 0.0 0.0 0.0  
    0.0 0.0 0.0 0.0 0.0 0.0 0.0 0.0 0.0 0.0 0.0 0.0 0.0 0.0 0.0 0.0 0.0  
    0.0 
  J_NB = 0.0 0.0 0.0 0.0 0.0 0.0 0.0 0.0 0.0 0.0 0.0 0.0 0.0 0.0 0.0  
    0.0 0.0 0.0 0.0 0.0 0.0 0.0 0.0 0.0 0.0 0.0 0.0 0.0 0.0 0.0 0.0 0.0  
    0.0 0.0 0.0 0.0 0.0 0.0 0.0 0.0 0.0 0.0 0.0 0.0 0.0 0.0 0.0 0.0 0.0  
    0.0 0.0 0.0 0.0 0.0 0.0 0.0 0.0 0.0 0.0 0.0 0.0 0.0 0.0 0.0 0.0 0.0  
    0.0 0.0 0.0 0.0 0.0 0.0 0.0 0.0 0.0 0.0 0.0 0.0 0.0 0.0 0.0 0.0 0.0  
    0.0 0.0 0.0 0.0 0.0 0.0 0.0 0.0 0.0 0.0 0.0 0.0 0.0 0.0 0.0 0.0 0.0  
    0.0 
  J_EC = 0.0 0.0 0.0 0.0 0.0 0.0 0.0 0.0 0.0 0.0 0.0 0.0 0.0 0.0 0.0  
    0.0 0.0 0.0 0.0 0.0 0.0 0.0 0.0 0.0 0.0 0.0 0.0 0.0 0.0 0.0 0.0 0.0  
    0.0 0.0 0.0 0.0 0.0 0.0 0.0 0.0 0.0 0.0 0.0 0.0 0.0 0.0 0.0 0.0 0.0  
    0.0 0.0 0.0 0.0 0.0 0.0 0.0 0.0 0.0 0.0 0.0 0.0 0.0 0.0 0.0 0.0 0.0  
    0.0 0.0 0.0 0.0 0.0 0.0 0.0 0.0 0.0 0.0 0.0 0.0 0.0 0.0 0.0 0.0 0.0  
    0.0 0.0 0.0 0.0 0.0 0.0 0.0 0.0 0.0 0.0 0.0 0.0 0.0 0.0 0.0 0.0 0.0  
    0.0 
  J_IC = 0.0 0.0 0.0 0.0 0.0 0.0 0.0 0.0 0.0 0.0 0.0 0.0 0.0 0.0 0.0  
    0.0 0.0 0.0 0.0 0.0 0.0 0.0 0.0 0.0 0.0 0.0 0.0 0.0 0.0 0.0 0.0 0.0  
    0.0 0.0 0.0 0.0 0.0 0.0 0.0 0.0 0.0 0.0 0.0 0.0 0.0 0.0 0.0 0.0 0.0  
    0.0 0.0 0.0 0.0 0.0 0.0 0.0 0.0 0.0 0.0 0.0 0.0 0.0 0.0 0.0 0.0 0.0  
    0.0 0.0 0.0 0.0 0.0 0.0 0.0 0.0 0.0 0.0 0.0 0.0 0.0 0.0 0.0 0.0 0.0  
    0.0 0.0 0.0 0.0 0.0 0.0 0.0 0.0 0.0 0.0 0.0 0.0 0.0 0.0 0.0 0.0 0.0  
    0.0 
  J_LH = 0.0 0.0 0.0 0.0 0.0 0.0 0.0 0.0 0.0 0.0 0.0 0.0 0.0 0.0 0.0  
    0.0 0.0 0.0 0.0 0.0 0.0 0.0 0.0 0.0 0.0 0.0 0.0 0.0 0.0 0.0 0.0 0.0  
    0.0 0.0 0.0 0.0 0.0 0.0 0.0 0.0 0.0 0.0 0.0 0.0 0.0 0.0 0.0 0.0 0.0  
    0.0 0.0 0.0 0.0 0.0 0.0 0.0 0.0 0.0 0.0 0.0 0.0 0.0 0.0 0.0 0.0 0.0  
    0.0 0.0 0.0 0.0 0.0 0.0 0.0 0.0 0.0 0.0 0.0 0.0 0.0 0.0 0.0 0.0 0.0  
    0.0 0.0 0.0 0.0 0.0 0.0 0.0 0.0 0.0 0.0 0.0 0.0 0.0 0.0 0.0 0.0 0.0  
    0.0 
  PE_NB = 0.0 0.0 0.0 0.0 0.0 0.0 0.0 0.0 0.0 0.0 0.0 0.0 0.0 0.0 0.0  
    0.0 0.0 0.0 0.0 0.0 0.0 0.0 0.0 0.0 0.0 0.0 0.0 0.0 0.0 0.0 0.0 0.0  
    0.0 0.0 0.0 0.0 0.0 0.0 0.0 0.0 0.0 0.0 0.0 0.0 0.0 0.0 0.0 0.0 0.0  
    0.0 0.0 0.0 0.0 0.0 0.0 0.0 0.0 0.0 0.0 0.0 0.0 0.0 0.0 0.0 0.0 0.0  
    0.0 0.0 0.0 0.0 0.0 0.0 0.0 0.0 0.0 0.0 0.0 0.0 0.0 0.0 0.0 0.0 0.0  
    0.0 0.0 0.0 0.0 0.0 0.0 0.0 0.0 0.0 0.0 0.0 0.0 0.0 0.0 0.0 0.0 0.0  
    0.0 
  PE_EC = 0.0 0.0 0.0 0.0 0.0 0.0 0.0 0.0 0.0 0.0 0.0 0.0 0.0 0.0 0.0  
    0.0 0.0 0.0 0.0 0.0 0.0 0.0 0.0 0.0 0.0 0.0 0.0 0.0 0.0 0.0 0.0 0.0  
    0.0 0.0 0.0 0.0 0.0 0.0 0.0 0.0 0.0 0.0 0.0 0.0 0.0 0.0 0.0 0.0 0.0  
    0.0 0.0 0.0 0.0 0.0 0.0 0.0 0.0 0.0 0.0 0.0 0.0 0.0 0.0 0.0 0.0 0.0  
    0.0 0.0 0.0 0.0 0.0 0.0 0.0 0.0 0.0 0.0 0.0 0.0 0.0 0.0 0.0 0.0 0.0  
    0.0 0.0 0.0 0.0 0.0 0.0 0.0 0.0 0.0 0.0 0.0 0.0 0.0 0.0 0.0 0.0 0.0  
    0.0 
  PE_IC = 0.0 0.0 0.0 0.0 0.0 0.0 0.0 0.0 0.0 0.0 0.0 0.0 0.0 0.0 0.0  
    0.0 0.0 0.0 0.0 0.0 0.0 0.0 0.0 0.0 0.0 0.0 0.0 0.0 0.0 0.0 0.0 0.0  
    0.0 0.0 0.0 0.0 0.0 0.0 0.0 0.0 0.0 0.0 0.0 0.0 0.0 0.0 0.0 0.0 0.0  
    0.0 0.0 0.0 0.0 0.0 0.0 0.0 0.0 0.0 0.0 0.0 0.0 0.0 0.0 0.0 0.0 0.0  
    0.0 0.0 0.0 0.0 0.0 0.0 0.0 0.0 0.0 0.0 0.0 0.0 0.0 0.0 0.0 0.0 0.0  
    0.0 0.0 0.0 0.0 0.0 0.0 0.0 0.0 0.0 0.0 0.0 0.0 0.0 0.0 0.0 0.0 0.0  
    0.0 
  PE_LH = 0.0 0.0 0.0 0.0 0.0 0.0 0.0 0.0 0.0 0.0 0.0 0.0 0.0 0.0 0.0  
    0.0 0.0 0.0 0.0 0.0 0.0 0.0 0.0 0.0 0.0 0.0 0.0 0.0 0.0 0.0 0.0 0.0  
    0.0 0.0 0.0 0.0 0.0 0.0 0.0 0.0 0.0 0.0 0.0 0.0 0.0 0.0 0.0 0.0 0.0  
    0.0 0.0 0.0 0.0 0.0 0.0 0.0 0.0 0.0 0.0 0.0 0.0 0.0 0.0 0.0 0.0 0.0  
    0.0 0.0 0.0 0.0 0.0 0.0 0.0 0.0 0.0 0.0 0.0 0.0 0.0 0.0 0.0 0.0 0.0  
    0.0 0.0 0.0 0.0 0.0 0.0 0.0 0.0 0.0 0.0 0.0 0.0 0.0 0.0 0.0 0.0 0.0  
    0.0 
  PE_FUS = 0.0 0.0 0.0 0.0 0.0 0.0 0.0 0.0 0.0 0.0 0.0 0.0 0.0 0.0 0.0  
    0.0 0.0 0.0 0.0 0.0 0.0 0.0 0.0 0.0 0.0 0.0 0.0 0.0 0.0 0.0 0.0 0.0  
    0.0 0.0 0.0 0.0 0.0 0.0 0.0 0.0 0.0 0.0 0.0 0.0 0.0 0.0 0.0 0.0 0.0  
    0.0 0.0 0.0 0.0 0.0 0.0 0.0 0.0 0.0 0.0 0.0 0.0 0.0 0.0 0.0 0.0 0.0  
    0.0 0.0 0.0 0.0 0.0 0.0 0.0 0.0 0.0 0.0 0.0 0.0 0.0 0.0 0.0 0.0 0.0  
    0.0 0.0 0.0 0.0 0.0 0.0 0.0 0.0 0.0 0.0 0.0 0.0 0.0 0.0 0.0 0.0 0.0  
    0.0 
  PE_IONIZATION = 0.0 0.0 0.0 0.0 0.0 0.0 0.0 0.0 0.0 0.0 0.0 0.0 0.0  
    0.0 0.0 0.0 0.0 0.0 0.0 0.0 0.0 0.0 0.0 0.0 0.0 0.0 0.0 0.0 0.0 0.0  
    0.0 0.0 0.0 0.0 0.0 0.0 0.0 0.0 0.0 0.0 0.0 0.0 0.0 0.0 0.0 0.0 0.0  
    0.0 0.0 0.0 0.0 0.0 0.0 0.0 0.0 0.0 0.0 0.0 0.0 0.0 0.0 0.0 0.0 0.0  
    0.0 0.0 0.0 0.0 0.0 0.0 0.0 0.0 0.0 0.0 0.0 0.0 0.0 0.0 0.0 0.0 0.0  
    0.0 0.0 0.0 0.0 0.0 0.0 0.0 0.0 0.0 0.0 0.0 0.0 0.0 0.0 0.0 0.0 0.0  
    0.0 0.0 0.0 
  P_RAD = 0.0 0.0 0.0 0.0 0.0 0.0 0.0 0.0 0.0 0.0 0.0 0.0 0.0 0.0 0.0  
    0.0 0.0 0.0 0.0 0.0 0.0 0.0 0.0 0.0 0.0 0.0 0.0 0.0 0.0 0.0 0.0 0.0  
    0.0 0.0 0.0 0.0 0.0 0.0 0.0 0.0 0.0 0.0 0.0 0.0 0.0 0.0 0.0 0.0 0.0  
    0.0 0.0 0.0 0.0 0.0 0.0 0.0 0.0 0.0 0.0 0.0 0.0 0.0 0.0 0.0 0.0 0.0  
    0.0 0.0 0.0 0.0 0.0 0.0 0.0 0.0 0.0 0.0 0.0 0.0 0.0 0.0 0.0 0.0 0.0  
    0.0 0.0 0.0 0.0 0.0 0.0 0.0 0.0 0.0 0.0 0.0 0.0 0.0 0.0 0.0 0.0 0.0  
    0.0 
  PI_NB = 0.0 0.0 0.0 0.0 0.0 0.0 0.0 0.0 0.0 0.0 0.0 0.0 0.0 0.0 0.0  
    0.0 0.0 0.0 0.0 0.0 0.0 0.0 0.0 0.0 0.0 0.0 0.0 0.0 0.0 0.0 0.0 0.0  
    0.0 0.0 0.0 0.0 0.0 0.0 0.0 0.0 0.0 0.0 0.0 0.0 0.0 0.0 0.0 0.0 0.0  
    0.0 0.0 0.0 0.0 0.0 0.0 0.0 0.0 0.0 0.0 0.0 0.0 0.0 0.0 0.0 0.0 0.0  
    0.0 0.0 0.0 0.0 0.0 0.0 0.0 0.0 0.0 0.0 0.0 0.0 0.0 0.0 0.0 0.0 0.0  
    0.0 0.0 0.0 0.0 0.0 0.0 0.0 0.0 0.0 0.0 0.0 0.0 0.0 0.0 0.0 0.0 0.0  
    0.0 
  PI_IC = 0.0 0.0 0.0 0.0 0.0 0.0 0.0 0.0 0.0 0.0 0.0 0.0 0.0 0.0 0.0  
    0.0 0.0 0.0 0.0 0.0 0.0 0.0 0.0 0.0 0.0 0.0 0.0 0.0 0.0 0.0 0.0 0.0  
    0.0 0.0 0.0 0.0 0.0 0.0 0.0 0.0 0.0 0.0 0.0 0.0 0.0 0.0 0.0 0.0 0.0  
    0.0 0.0 0.0 0.0 0.0 0.0 0.0 0.0 0.0 0.0 0.0 0.0 0.0 0.0 0.0 0.0 0.0  
    0.0 0.0 0.0 0.0 0.0 0.0 0.0 0.0 0.0 0.0 0.0 0.0 0.0 0.0 0.0 0.0 0.0  
    0.0 0.0 0.0 0.0 0.0 0.0 0.0 0.0 0.0 0.0 0.0 0.0 0.0 0.0 0.0 0.0 0.0  
    0.0 
  PI_LH = 0.0 0.0 0.0 0.0 0.0 0.0 0.0 0.0 0.0 0.0 0.0 0.0 0.0 0.0 0.0  
    0.0 0.0 0.0 0.0 0.0 0.0 0.0 0.0 0.0 0.0 0.0 0.0 0.0 0.0 0.0 0.0 0.0  
    0.0 0.0 0.0 0.0 0.0 0.0 0.0 0.0 0.0 0.0 0.0 0.0 0.0 0.0 0.0 0.0 0.0  
    0.0 0.0 0.0 0.0 0.0 0.0 0.0 0.0 0.0 0.0 0.0 0.0 0.0 0.0 0.0 0.0 0.0  
    0.0 0.0 0.0 0.0 0.0 0.0 0.0 0.0 0.0 0.0 0.0 0.0 0.0 0.0 0.0 0.0 0.0  
    0.0 0.0 0.0 0.0 0.0 0.0 0.0 0.0 0.0 0.0 0.0 0.0 0.0 0.0 0.0 0.0 0.0  
    0.0 
  PI_FUS = 0.0 0.0 0.0 0.0 0.0 0.0 0.0 0.0 0.0 0.0 0.0 0.0 0.0 0.0 0.0  
    0.0 0.0 0.0 0.0 0.0 0.0 0.0 0.0 0.0 0.0 0.0 0.0 0.0 0.0 0.0 0.0 0.0  
    0.0 0.0 0.0 0.0 0.0 0.0 0.0 0.0 0.0 0.0 0.0 0.0 0.0 0.0 0.0 0.0 0.0  
    0.0 0.0 0.0 0.0 0.0 0.0 0.0 0.0 0.0 0.0 0.0 0.0 0.0 0.0 0.0 0.0 0.0  
    0.0 0.0 0.0 0.0 0.0 0.0 0.0 0.0 0.0 0.0 0.0 0.0 0.0 0.0 0.0 0.0 0.0  
    0.0 0.0 0.0 0.0 0.0 0.0 0.0 0.0 0.0 0.0 0.0 0.0 0.0 0.0 0.0 0.0 0.0  
    0.0 
  PI_IONIZATION = 0.0 0.0 0.0 0.0 0.0 0.0 0.0 0.0 0.0 0.0 0.0 0.0 0.0  
    0.0 0.0 0.0 0.0 0.0 0.0 0.0 0.0 0.0 0.0 0.0 0.0 0.0 0.0 0.0 0.0 0.0  
    0.0 0.0 0.0 0.0 0.0 0.0 0.0 0.0 0.0 0.0 0.0 0.0 0.0 0.0 0.0 0.0 0.0  
    0.0 0.0 0.0 0.0 0.0 0.0 0.0 0.0 0.0 0.0 0.0 0.0 0.0 0.0 0.0 0.0 0.0  
    0.0 0.0 0.0 0.0 0.0 0.0 0.0 0.0 0.0 0.0 0.0 0.0 0.0 0.0 0.0 0.0 0.0  
    0.0 0.0 0.0 0.0 0.0 0.0 0.0 0.0 0.0 0.0 0.0 0.0 0.0 0.0 0.0 0.0 0.0  
    0.0 0.0 0.0 
  PI_CX = 0.0 0.0 0.0 0.0 0.0 0.0 0.0 0.0 0.0 0.0 0.0 0.0 0.0 0.0 0.0  
    0.0 0.0 0.0 0.0 0.0 0.0 0.0 0.0 0.0 0.0 0.0 0.0 0.0 0.0 0.0 0.0 0.0  
    0.0 0.0 0.0 0.0 0.0 0.0 0.0 0.0 0.0 0.0 0.0 0.0 0.0 0.0 0.0 0.0 0.0  
    0.0 0.0 0.0 0.0 0.0 0.0 0.0 0.0 0.0 0.0 0.0 0.0 0.0 0.0 0.0 0.0 0.0  
    0.0 0.0 0.0 0.0 0.0 0.0 0.0 0.0 0.0 0.0 0.0 0.0 0.0 0.0 0.0 0.0 0.0  
    0.0 0.0 0.0 0.0 0.0 0.0 0.0 0.0 0.0 0.0 0.0 0.0 0.0 0.0 0.0 0.0 0.0  
    0.0 
  P_OHM = 0.0 0.0 0.0 0.0 0.0 0.0 0.0 0.0 0.0 0.0 0.0 0.0 0.0 0.0 0.0  
    0.0 0.0 0.0 0.0 0.0 0.0 0.0 0.0 0.0 0.0 0.0 0.0 0.0 0.0 0.0 0.0 0.0  
    0.0 0.0 0.0 0.0 0.0 0.0 0.0 0.0 0.0 0.0 0.0 0.0 0.0 0.0 0.0 0.0 0.0  
    0.0 0.0 0.0 0.0 0.0 0.0 0.0 0.0 0.0 0.0 0.0 0.0 0.0 0.0 0.0 0.0 0.0  
    0.0 0.0 0.0 0.0 0.0 0.0 0.0 0.0 0.0 0.0 0.0 0.0 0.0 0.0 0.0 0.0 0.0  
    0.0 0.0 0.0 0.0 0.0 0.0 0.0 0.0 0.0 0.0 0.0 0.0 0.0 0.0 0.0 0.0 0.0  
    0.0 
  P_EI = 0.0 0.0 0.0 0.0 0.0 0.0 0.0 0.0 0.0 0.0 0.0 0.0 0.0 0.0 0.0  
    0.0 0.0 0.0 0.0 0.0 0.0 0.0 0.0 0.0 0.0 0.0 0.0 0.0 0.0 0.0 0.0 0.0  
    0.0 0.0 0.0 0.0 0.0 0.0 0.0 0.0 0.0 0.0 0.0 0.0 0.0 0.0 0.0 0.0 0.0  
    0.0 0.0 0.0 0.0 0.0 0.0 0.0 0.0 0.0 0.0 0.0 0.0 0.0 0.0 0.0 0.0 0.0  
    0.0 0.0 0.0 0.0 0.0 0.0 0.0 0.0 0.0 0.0 0.0 0.0 0.0 0.0 0.0 0.0 0.0  
    0.0 0.0 0.0 0.0 0.0 0.0 0.0 0.0 0.0 0.0 0.0 0.0 0.0 0.0 0.0 0.0 0.0  
    0.0 
  TORQUE_NB = 0.0 0.0 0.0 0.0 0.0 0.0 0.0 0.0 0.0 0.0 0.0 0.0 0.0 0.0  
    0.0 0.0 0.0 0.0 0.0 0.0 0.0 0.0 0.0 0.0 0.0 0.0 0.0 0.0 0.0 0.0 0.0  
    0.0 0.0 0.0 0.0 0.0 0.0 0.0 0.0 0.0 0.0 0.0 0.0 0.0 0.0 0.0 0.0 0.0  
    0.0 0.0 0.0 0.0 0.0 0.0 0.0 0.0 0.0 0.0 0.0 0.0 0.0 0.0 0.0 0.0 0.0  
    0.0 0.0 0.0 0.0 0.0 0.0 0.0 0.0 0.0 0.0 0.0 0.0 0.0 0.0 0.0 0.0 0.0  
    0.0 0.0 0.0 0.0 0.0 0.0 0.0 0.0 0.0 0.0 0.0 0.0 0.0 0.0 0.0 0.0 0.0  
    0.0 0.0 
  TORQUE_IN = 0.0 0.0 0.0 0.0 0.0 0.0 0.0 0.0 0.0 0.0 0.0 0.0 0.0 0.0  
    0.0 0.0 0.0 0.0 0.0 0.0 0.0 0.0 0.0 0.0 0.0 0.0 0.0 0.0 0.0 0.0 0.0  
    0.0 0.0 0.0 0.0 0.0 0.0 0.0 0.0 0.0 0.0 0.0 0.0 0.0 0.0 0.0 0.0 0.0  
    0.0 0.0 0.0 0.0 0.0 0.0 0.0 0.0 0.0 0.0 0.0 0.0 0.0 0.0 0.0 0.0 0.0  
    0.0 0.0 0.0 0.0 0.0 0.0 0.0 0.0 0.0 0.0 0.0 0.0 0.0 0.0 0.0 0.0 0.0  
    0.0 0.0 0.0 0.0 0.0 0.0 0.0 0.0 0.0 0.0 0.0 0.0 0.0 0.0 0.0 0.0 0.0  
    0.0 0.0 
  SE_NB = 0.0 0.0 0.0 0.0 0.0 0.0 0.0 0.0 0.0 0.0 0.0 0.0 0.0 0.0 0.0  
    0.0 0.0 0.0 0.0 0.0 0.0 0.0 0.0 0.0 0.0 0.0 0.0 0.0 0.0 0.0 0.0 0.0  
    0.0 0.0 0.0 0.0 0.0 0.0 0.0 0.0 0.0 0.0 0.0 0.0 0.0 0.0 0.0 0.0 0.0  
    0.0 0.0 0.0 0.0 0.0 0.0 0.0 0.0 0.0 0.0 0.0 0.0 0.0 0.0 0.0 0.0 0.0  
    0.0 0.0 0.0 0.0 0.0 0.0 0.0 0.0 0.0 0.0 0.0 0.0 0.0 0.0 0.0 0.0 0.0  
    0.0 0.0 0.0 0.0 0.0 0.0 0.0 0.0 0.0 0.0 0.0 0.0 0.0 0.0 0.0 0.0 0.0  
    0.0 
  SE_IONIZATION = 0.0 0.0 0.0 0.0 0.0 0.0 0.0 0.0 0.0 0.0 0.0 0.0 0.0  
    0.0 0.0 0.0 0.0 0.0 0.0 0.0 0.0 0.0 0.0 0.0 0.0 0.0 0.0 0.0 0.0 0.0  
    0.0 0.0 0.0 0.0 0.0 0.0 0.0 0.0 0.0 0.0 0.0 0.0 0.0 0.0 0.0 0.0 0.0  
    0.0 0.0 0.0 0.0 0.0 0.0 0.0 0.0 0.0 0.0 0.0 0.0 0.0 0.0 0.0 0.0 0.0  
    0.0 0.0 0.0 0.0 0.0 0.0 0.0 0.0 0.0 0.0 0.0 0.0 0.0 0.0 0.0 0.0 0.0  
    0.0 0.0 0.0 0.0 0.0 0.0 0.0 0.0 0.0 0.0 0.0 0.0 0.0 0.0 0.0 0.0 0.0  
    0.0 0.0 0.0 
  SI_NB = 0.0 0.0 0.0 0.0 0.0 0.0 0.0 0.0 0.0 0.0 0.0 0.0 0.0 0.0 0.0  
    0.0 0.0 0.0 0.0 0.0 0.0 0.0 0.0 0.0 0.0 0.0 0.0 0.0 0.0 0.0 0.0 0.0  
    0.0 0.0 0.0 0.0 0.0 0.0 0.0 0.0 0.0 0.0 0.0 0.0 0.0 0.0 0.0 0.0 0.0  
    0.0 0.0 0.0 0.0 0.0 0.0 0.0 0.0 0.0 0.0 0.0 0.0 0.0 0.0 0.0 0.0 0.0  
    0.0 0.0 0.0 0.0 0.0 0.0 0.0 0.0 0.0 0.0 0.0 0.0 0.0 0.0 0.0 0.0 0.0  
    0.0 0.0 0.0 0.0 0.0 0.0 0.0 0.0 0.0 0.0 0.0 0.0 0.0 0.0 0.0 0.0 0.0  
    0.0 
  SI_IONIZATION = 0.0 0.0 0.0 0.0 0.0 0.0 0.0 0.0 0.0 0.0 0.0 0.0 0.0  
    0.0 0.0 0.0 0.0 0.0 0.0 0.0 0.0 0.0 0.0 0.0 0.0 0.0 0.0 0.0 0.0 0.0  
    0.0 0.0 0.0 0.0 0.0 0.0 0.0 0.0 0.0 0.0 0.0 0.0 0.0 0.0 0.0 0.0 0.0  
    0.0 0.0 0.0 0.0 0.0 0.0 0.0 0.0 0.0 0.0 0.0 0.0 0.0 0.0 0.0 0.0 0.0  
    0.0 0.0 0.0 0.0 0.0 0.0 0.0 0.0 0.0 0.0 0.0 0.0 0.0 0.0 0.0 0.0 0.0  
    0.0 0.0 0.0 0.0 0.0 0.0 0.0 0.0 0.0 0.0 0.0 0.0 0.0 0.0 0.0 0.0 0.0  
    0.0 0.0 0.0 
  SE_PELLET = 0.0 0.0 0.0 0.0 0.0 0.0 0.0 0.0 0.0 0.0 0.0 0.0 0.0 0.0  
    0.0 0.0 0.0 0.0 0.0 0.0 0.0 0.0 0.0 0.0 0.0 0.0 0.0 0.0 0.0 0.0 0.0  
    0.0 0.0 0.0 0.0 0.0 0.0 0.0 0.0 0.0 0.0 0.0 0.0 0.0 0.0 0.0 0.0 0.0  
    0.0 0.0 0.0 0.0 0.0 0.0 0.0 0.0 0.0 0.0 0.0 0.0 0.0 0.0 0.0 0.0 0.0  
    0.0 0.0 0.0 0.0 0.0 0.0 0.0 0.0 0.0 0.0 0.0 0.0 0.0 0.0 0.0 0.0 0.0  
    0.0 0.0 0.0 0.0 0.0 0.0 0.0 0.0 0.0 0.0 0.0 0.0 0.0 0.0 0.0 0.0 0.0  
    0.0 0.0 
  Q = 0.0 0.0 0.0 0.0 0.0 0.0 0.0 0.0 0.0 0.0 0.0 0.0 0.0 0.0 0.0 0.0  
    0.0 0.0 0.0 0.0 0.0 0.0 0.0 0.0 0.0 0.0 0.0 0.0 0.0 0.0 0.0 0.0 0.0  
    0.0 0.0 0.0 0.0 0.0 0.0 0.0 0.0 0.0 0.0 0.0 0.0 0.0 0.0 0.0 0.0 0.0  
    0.0 0.0 0.0 0.0 0.0 0.0 0.0 0.0 0.0 0.0 0.0 0.0 0.0 0.0 0.0 0.0 0.0  
    0.0 0.0 0.0 0.0 0.0 0.0 0.0 0.0 0.0 0.0 0.0 0.0 0.0 0.0 0.0 0.0 0.0  
    0.0 0.0 0.0 0.0 0.0 0.0 0.0 0.0 0.0 0.0 0.0 0.0 0.0 0.0 0.0 0.0 0.0 
  PSIPOL = 0.0 0.0 0.0 0.0 0.0 0.0 0.0 0.0 0.0 0.0 0.0 0.0 0.0 0.0 0.0  
    0.0 0.0 0.0 0.0 0.0 0.0 0.0 0.0 0.0 0.0 0.0 0.0 0.0 0.0 0.0 0.0 0.0  
    0.0 0.0 0.0 0.0 0.0 0.0 0.0 0.0 0.0 0.0 0.0 0.0 0.0 0.0 0.0 0.0 0.0  
    0.0 0.0 0.0 0.0 0.0 0.0 0.0 0.0 0.0 0.0 0.0 0.0 0.0 0.0 0.0 0.0 0.0  
    0.0 0.0 0.0 0.0 0.0 0.0 0.0 0.0 0.0 0.0 0.0 0.0 0.0 0.0 0.0 0.0 0.0  
    0.0 0.0 0.0 0.0 0.0 0.0 0.0 0.0 0.0 0.0 0.0 0.0 0.0 0.0 0.0 0.0 0.0  
    0.0 
  PSI = 0.0 0.0 0.0 0.0 0.0 0.0 0.0 0.0 0.0 0.0 0.0 0.0 0.0 0.0 0.0 0.0  
    0.0 0.0 0.0 0.0 0.0 0.0 0.0 0.0 0.0 0.0 0.0 0.0 0.0 0.0 0.0 0.0 0.0  
    0.0 0.0 0.0 0.0 0.0 0.0 0.0 0.0 0.0 0.0 0.0 0.0 0.0 0.0 0.0 0.0 0.0  
    0.0 0.0 0.0 0.0 0.0 0.0 0.0 0.0 0.0 0.0 0.0 0.0 0.0 0.0 0.0 0.0 0.0  
    0.0 0.0 0.0 0.0 0.0 0.0 0.0 0.0 0.0 0.0 0.0 0.0 0.0 0.0 0.0 0.0 0.0  
    0.0 0.0 0.0 0.0 0.0 0.0 0.0 0.0 0.0 0.0 0.0 0.0 0.0 0.0 0.0 0.0 0.0 
  DENSITY_BEAM = 0.0 0.0 0.0 0.0 0.0 0.0 0.0 0.0 0.0 0.0 0.0 0.0 0.0  
    0.0 0.0 0.0 0.0 0.0 0.0 0.0 0.0 0.0 0.0 0.0 0.0 0.0 0.0 0.0 0.0 0.0  
    0.0 0.0 0.0 0.0 0.0 0.0 0.0 0.0 0.0 0.0 0.0 0.0 0.0 0.0 0.0 0.0 0.0  
    0.0 0.0 0.0 0.0 0.0 0.0 0.0 0.0 0.0 0.0 0.0 0.0 0.0 0.0 0.0 0.0 0.0  
    0.0 0.0 0.0 0.0 0.0 0.0 0.0 0.0 0.0 0.0 0.0 0.0 0.0 0.0 0.0 0.0 0.0  
    0.0 0.0 0.0 0.0 0.0 0.0 0.0 0.0 0.0 0.0 0.0 0.0 0.0 0.0 0.0 0.0 0.0  
    0.0 0.0 0.0 
  WBEAM = 0.0 0.0 0.0 0.0 0.0 0.0 0.0 0.0 0.0 0.0 0.0 0.0 0.0 0.0 0.0  
    0.0 0.0 0.0 0.0 0.0 0.0 0.0 0.0 0.0 0.0 0.0 0.0 0.0 0.0 0.0 0.0 0.0  
    0.0 0.0 0.0 0.0 0.0 0.0 0.0 0.0 0.0 0.0 0.0 0.0 0.0 0.0 0.0 0.0 0.0  
    0.0 0.0 0.0 0.0 0.0 0.0 0.0 0.0 0.0 0.0 0.0 0.0 0.0 0.0 0.0 0.0 0.0  
    0.0 0.0 0.0 0.0 0.0 0.0 0.0 0.0 0.0 0.0 0.0 0.0 0.0 0.0 0.0 0.0 0.0  
    0.0 0.0 0.0 0.0 0.0 0.0 0.0 0.0 0.0 0.0 0.0 0.0 0.0 0.0 0.0 0.0 0.0  
    0.0 
  TBEAM = 0.0 0.0 0.0 0.0 0.0 0.0 0.0 0.0 0.0 0.0 0.0 0.0 0.0 0.0 0.0  
    0.0 0.0 0.0 0.0 0.0 0.0 0.0 0.0 0.0 0.0 0.0 0.0 0.0 0.0 0.0 0.0 0.0  
    0.0 0.0 0.0 0.0 0.0 0.0 0.0 0.0 0.0 0.0 0.0 0.0 0.0 0.0 0.0 0.0 0.0  
    0.0 0.0 0.0 0.0 0.0 0.0 0.0 0.0 0.0 0.0 0.0 0.0 0.0 0.0 0.0 0.0 0.0  
    0.0 0.0 0.0 0.0 0.0 0.0 0.0 0.0 0.0 0.0 0.0 0.0 0.0 0.0 0.0 0.0 0.0  
    0.0 0.0 0.0 0.0 0.0 0.0 0.0 0.0 0.0 0.0 0.0 0.0 0.0 0.0 0.0 0.0 0.0  
    0.0 
  DENSITY_ALPHA = 0.0 0.0 0.0 0.0 0.0 0.0 0.0 0.0 0.0 0.0 0.0 0.0 0.0  
    0.0 0.0 0.0 0.0 0.0 0.0 0.0 0.0 0.0 0.0 0.0 0.0 0.0 0.0 0.0 0.0 0.0  
    0.0 0.0 0.0 0.0 0.0 0.0 0.0 0.0 0.0 0.0 0.0 0.0 0.0 0.0 0.0 0.0 0.0  
    0.0 0.0 0.0 0.0 0.0 0.0 0.0 0.0 0.0 0.0 0.0 0.0 0.0 0.0 0.0 0.0 0.0  
    0.0 0.0 0.0 0.0 0.0 0.0 0.0 0.0 0.0 0.0 0.0 0.0 0.0 0.0 0.0 0.0 0.0  
    0.0 0.0 0.0 0.0 0.0 0.0 0.0 0.0 0.0 0.0 0.0 0.0 0.0 0.0 0.0 0.0 0.0  
    0.0 0.0 0.0 
  WALPHA = 0.0 0.0 0.0 0.0 0.0 0.0 0.0 0.0 0.0 0.0 0.0 0.0 0.0 0.0 0.0  
    0.0 0.0 0.0 0.0 0.0 0.0 0.0 0.0 0.0 0.0 0.0 0.0 0.0 0.0 0.0 0.0 0.0  
    0.0 0.0 0.0 0.0 0.0 0.0 0.0 0.0 0.0 0.0 0.0 0.0 0.0 0.0 0.0 0.0 0.0  
    0.0 0.0 0.0 0.0 0.0 0.0 0.0 0.0 0.0 0.0 0.0 0.0 0.0 0.0 0.0 0.0 0.0  
    0.0 0.0 0.0 0.0 0.0 0.0 0.0 0.0 0.0 0.0 0.0 0.0 0.0 0.0 0.0 0.0 0.0  
    0.0 0.0 0.0 0.0 0.0 0.0 0.0 0.0 0.0 0.0 0.0 0.0 0.0 0.0 0.0 0.0 0.0  
    0.0 
  TALPHA = 0.0 0.0 0.0 0.0 0.0 0.0 0.0 0.0 0.0 0.0 0.0 0.0 0.0 0.0 0.0  
    0.0 0.0 0.0 0.0 0.0 0.0 0.0 0.0 0.0 0.0 0.0 0.0 0.0 0.0 0.0 0.0 0.0  
    0.0 0.0 0.0 0.0 0.0 0.0 0.0 0.0 0.0 0.0 0.0 0.0 0.0 0.0 0.0 0.0 0.0  
    0.0 0.0 0.0 0.0 0.0 0.0 0.0 0.0 0.0 0.0 0.0 0.0 0.0 0.0 0.0 0.0 0.0  
    0.0 0.0 0.0 0.0 0.0 0.0 0.0 0.0 0.0 0.0 0.0 0.0 0.0 0.0 0.0 0.0 0.0  
    0.0 0.0 0.0 0.0 0.0 0.0 0.0 0.0 0.0 0.0 0.0 0.0 0.0 0.0 0.0 0.0 0.0  
    0.0 
  CHIE = 0.0 0.0 0.0 0.0 0.0 0.0 0.0 0.0 0.0 0.0 0.0 0.0 0.0 0.0 0.0  
    0.0 0.0 0.0 0.0 0.0 0.0 0.0 0.0 0.0 0.0 0.0 0.0 0.0 0.0 0.0 0.0 0.0  
    0.0 0.0 0.0 0.0 0.0 0.0 0.0 0.0 0.0 0.0 0.0 0.0 0.0 0.0 0.0 0.0 0.0  
    0.0 0.0 0.0 0.0 0.0 0.0 0.0 0.0 0.0 0.0 0.0 0.0 0.0 0.0 0.0 0.0 0.0  
    0.0 0.0 0.0 0.0 0.0 0.0 0.0 0.0 0.0 0.0 0.0 0.0 0.0 0.0 0.0 0.0 0.0  
    0.0 0.0 0.0 0.0 0.0 0.0 0.0 0.0 0.0 0.0 0.0 0.0 0.0 0.0 0.0 0.0 0.0  
    0.0 
  CHII = 0.0 0.0 0.0 0.0 0.0 0.0 0.0 0.0 0.0 0.0 0.0 0.0 0.0 0.0 0.0  
    0.0 0.0 0.0 0.0 0.0 0.0 0.0 0.0 0.0 0.0 0.0 0.0 0.0 0.0 0.0 0.0 0.0  
    0.0 0.0 0.0 0.0 0.0 0.0 0.0 0.0 0.0 0.0 0.0 0.0 0.0 0.0 0.0 0.0 0.0  
    0.0 0.0 0.0 0.0 0.0 0.0 0.0 0.0 0.0 0.0 0.0 0.0 0.0 0.0 0.0 0.0 0.0  
    0.0 0.0 0.0 0.0 0.0 0.0 0.0 0.0 0.0 0.0 0.0 0.0 0.0 0.0 0.0 0.0 0.0  
    0.0 0.0 0.0 0.0 0.0 0.0 0.0 0.0 0.0 0.0 0.0 0.0 0.0 0.0 0.0 0.0 0.0  
    0.0 
  P_EQ = 0.0 0.0 0.0 0.0 0.0 0.0 0.0 0.0 0.0 0.0 0.0 0.0 0.0 0.0 0.0  
    0.0 0.0 0.0 0.0 0.0 0.0 0.0 0.0 0.0 0.0 0.0 0.0 0.0 0.0 0.0 0.0 0.0  
    0.0 0.0 0.0 0.0 0.0 0.0 0.0 0.0 0.0 0.0 0.0 0.0 0.0 0.0 0.0 0.0 0.0  
    0.0 0.0 0.0 0.0 0.0 0.0 0.0 0.0 0.0 0.0 0.0 0.0 0.0 0.0 0.0 0.0 0.0  
    0.0 0.0 0.0 0.0 0.0 0.0 0.0 0.0 0.0 0.0 0.0 0.0 0.0 0.0 0.0 0.0 0.0  
    0.0 0.0 0.0 0.0 0.0 0.0 0.0 0.0 0.0 0.0 0.0 0.0 0.0 0.0 0.0 0.0 0.0  
    0.0 
  J_TOT = 1.1803303771477338 1.1803303771477338 1.1797169873781  
    1.1787446344242747 1.1774282053022465 1.1757778059772679  
    1.1738011131112616 1.1715043387093362 1.1688927221566416  
    1.165970815203344 1.1627426616841443 1.1592119180473113  
    1.1553819380645496 1.1512558346126125 1.1468365261114668  
    1.1421267723178319 1.137129202510404 1.1318463380991064  
    1.1262806110599644 1.1204343791874138 1.1143099388817805  
    1.1079095360017108 1.101235375179525 1.0942896279032328  
    1.0870744396003882 1.0795919359082855 1.0718442282770473  
    1.0638334190233492 1.055561605930436 1.047030886472969  
    1.0382433617318645 1.029201140053765 1.0199063405014313  
    1.0103610961347207 1.000567557156507 0.9905278939536731  
    0.9802443000599295 0.9697189950645253 0.958954227488822  
    0.9479522776510715 0.9367154605385193 0.9252461287050976  
    0.9135466752124184 0.9016195366315034 0.8894671961226935  
    0.8770921866114048 0.8644970940778963 0.8516845609799364  
    0.8386572898282307 0.8254180469357192 0.8119696663633696  
    0.7983150540869268 0.7844571924112463 0.7703991446614014  
    0.7561440601827318 0.7416951796855021 0.7270558409738889  
    0.7122294851037507 0.697219663019143 0.6820300427239715  
    0.66666441705269 0.6511267121127549 0.6354209964819006  
    0.6195514912555015 0.6035225810537148 0.5873388261152586  
    0.571004975625122 0.5545259824480238 0.5379070194689358  
    0.5211534977777158 0.5042710869783511 0.487265737956534  
    0.47014370850483506 0.45291159228603367 0.4355763517167062  
    0.41814535548097187 0.4006264215464888 0.38302786676244466  
    0.36535856438769243 0.34762801124770526 0.32984640668191895  
    0.3120247460617877 0.29417493249802035 0.27630991150736245  
    0.25844383501796314 0.24059226337903852 0.2227724173557268  
    0.20500349700358453 0.18730709178350652 0.1697077179493832  
    0.15223353808974022 0.1349173493175696 0.11779798203532436  
    0.10092235371410771 0.08434862441434045 0.06815133372639959  
    0.052430428196478175 0.03732891190665111 0.023073406458011307  
    0.01009809004670867 0.0 
  RBDRY = 2.226239824894 2.221803731491651 2.20854405405223  
    2.1866060683765314 2.156230131626436 2.1177490489215507  
    2.071584427056675 2.018242055289529 1.9583063638078015  
    1.892434020589717 1.8213467368122465 1.7458233596324264  
    1.6666913389749214 1.5848176618174956 1.5010993533002537  
    1.4164536487304928 1.404878661994981 1.3934304932363648  
    1.3822345709872472 1.3714135601146873 1.3610860178782465  
    1.3513650949918445 1.3423572959208587 1.334161311996914  
    1.3268669401350008 1.320554098999684 1.315291953399489  
    1.311138156502786 1.3081382181776133 1.306325006376039  
    1.305718387026 1.306325006376039 1.308138218177613  
    1.3111381565027858 1.315291953399489 1.320554098999684  
    1.3268669401350008 1.334161311996914 1.3423572959208587  
    1.3513650949918445 1.3610860178782465 1.3714135601146873  
    1.3822345709872472 1.3934304932363646 1.4048786619949807  
    1.416453648730493 1.501099353300253 1.5848176618174947  
    1.6666913389749212 1.7458233596324257 1.8213467368122458  
    1.8924340205897168 1.958306363807801 2.0182420552895284  
    2.071584427056675 2.1177490489215507 2.156230131626436  
    2.1866060683765314 2.20854405405223 2.221803731491651  
    2.226239824894 
  ZBDRY = 0.0 0.07063382025355233 0.13956229569639775  
    0.2069600917772117 0.2724515942818661 0.33560578230243954  
    0.3959925789710507 0.4532043058314712 0.5068680334075645  
    0.5566544550142968 0.6022850186580593 0.6435379576537817  
    0.6802534760142823 0.7123381845096289 0.7397688037725323  
    0.7625951015085768 0.7133935426809742 0.6623510106446683  
    0.6097306675386777 0.5558156562499412 0.5009104732265385  
    0.4453430925549142 0.38946832877452814 0.33367328033216354  
    0.27838639348546074 0.22409317939808135 0.1713651667739547  
    0.12091840597485598 0.07375072909473912 0.03156537583468305  
    -8.939383969681655e-10 -0.03156537583468305 -0.07375072909473346  
    -0.12091840597485178 -0.17136516677395455 -0.2240931793980811  
    -0.27838639348546046 -0.33367328033216315 -0.38946832877452764  
    -0.4453430925549136 -0.5009104732265396 -0.555815656249942  
    -0.6097306675386776 -0.6623510106446673 -0.7133935426809731  
    -0.762595101508576 -0.7397688037725325 -0.7123381845096293  
    -0.6802534760142824 -0.6435379576537822 -0.6022850186580597  
    -0.5566544550142969 -0.5068680334075649 -0.45320430583147164  
    -0.3959925789710507 -0.33560578230243954 -0.2724515942818663  
    -0.2069600917772117 -0.13956229569639775 -0.07063382025355233 0.0 
  NLIM = 5 
  RLIM = 2.2762398248939997 1.255718387026 1.255718387026  
    2.2762398248939997 2.2762398248939997 
  ZLIM = 0.8125951015085768 0.8125951015085768 -0.8125951015085761  
    -0.8125951015085761 0.8125951015085768 
  RHO = 0.0 0.01 0.02 0.03 0.04 0.05 0.06 0.07 0.08 0.09 0.1 0.11 0.12  
    0.13 0.14 0.15 0.16 0.17 0.18 0.19 0.2 0.21 0.22 0.23 0.24 0.25  
    0.26 0.27 0.28 0.29 0.3 0.31 0.32 0.33 0.34 0.35 0.36 0.37 0.38  
    0.39 0.4 0.41 0.42 0.43 0.44 0.45 0.46 0.47 0.48 0.49 0.5 0.51 0.52  
    0.53 0.54 0.55 0.56 0.57 0.58 0.59 0.6 0.61 0.62 0.63 0.64 0.65  
    0.66 0.67 0.68 0.69 0.7 0.71 0.72 0.73 0.74 0.75 0.76 0.77 0.78  
    0.79 0.8 0.81 0.82 0.83 0.84 0.85 0.86 0.87 0.88 0.89 0.9 0.91 0.92  
    0.93 0.94 0.95 0.96 0.97 0.98 0.99 1.0 
  MODEL_PROFILE_NE = 'ped' 
  MODEL_PROFILE_TE = 'ped' 
  MODEL_PROFILE_TI = 'ped' 
  MODEL_PROFILE_DENSITY_BEAM = 'parab' 
  MODEL_PROFILE_J_TOT = 'parab' 
  MODEL_PROFILE_OMEGA = 'parab' 
  MODEL_PROFILE_ZEFF = 'const' 
  MODEL_PROFILE_TBEAMI = 'const' 
  MODEL_PROFILE_DENSITY_ALPHA = 'zero' 
  MODEL_PROFILE_WALPHA = 'zero' 
  MODEL_PROFILE_WBEAM = 'derived' 
  J_TOT_AXIS = 1.1805549 
  J_TOT_SEP = 0.0 
  J_TOT_ALPHA = 1.9 
  J_TOT_BETA = 1.2 
  DENSITY_BEAM_AXIS = 0.0 
  DENSITY_BEAM_SEP = 0.0 
  DENSITY_BEAM_ALPHA = 1.5 
  DENSITY_BEAM_BETA = 1.5 
  TBEAMI_AXIS = 20.0 
  DENSITY_ION_0 = 3.8665341856526756 3.867148677903588  
    3.8667600103791333 3.8653835129423717 3.8630345154563637  
    3.859728347784169 3.855480339788851 3.8503058213334698  
    3.844220122281086 3.8372385724947624 3.829376501837558  
    3.8206492401725343 3.8110721173627513 3.8006604632712735  
    3.789429607761158 3.7773948806954682 3.764571611937263  
    3.750975131349608 3.736620768795558 3.721523854138178  
    3.705699717240528 3.689163687965669 3.6719310961766625  
    3.654017271736568 3.6354375445084477 3.6162072443553632  
    3.596341701140375 3.5758562447265434 3.554766204976929  
    3.5330869117545958 3.5108336949226024 3.4880218843440094  
    3.4646668098818783 3.44078380139927 3.416388188759248  
    3.39149530182487 3.366120470459199 3.340279024525294  
    3.3139862938862183 3.287257608405032 3.2601082979447953  
    3.2325536923685703 3.2046091215394177 3.176289915320399  
    3.147611403574574 3.118588916165004 3.089237782954752  
    3.0595733338068767 3.0296108985844397 2.9993658071505025  
    2.968853389368126 2.93808897510037 2.907087894210297  
    2.8758654765609677 2.844437052015443 2.812817950436784  
    2.7810235016880513 2.749069035632307 2.71696988213261  
    2.684741371052024 2.6523988322536076 2.619957595600423  
    2.587432990955531 2.5548403481819935 2.52219499714287  
    2.4895122677012225 2.4568074897201124 2.4240959930625996  
    2.391393107591745 2.358714163170611 2.326074489662258  
    2.293489416929746 2.260974274836138 2.2285443932444924  
    2.196215102017873 2.1640017310193382 2.1319196101119515  
    2.0999840691587717 2.0682104380228616 2.0366140465672813  
    2.0052102246550927 1.9740143021493557 1.9430416089131315  
    1.9123074748094813 1.8818272297014664 1.8516162034521466  
    1.8216897259245848 1.792063126981841 1.7627517364869763  
    1.733770884303052 1.7051359002931286 1.6768621143202673  
    1.6489648562475285 1.621459455937975 1.5943612432546665  
    1.5676855480606642 1.5414477002190285 1.5156630295084204  
    1.4903378822207576 1.4699049855719983 1.4699467434797382 
  DENSITY_IMP_0 = 0.10490596627739815 0.10492263854777176  
    0.10491209330486019 0.10487474647518062 0.10481101398525014  
    0.10472131176158597 0.10460605573070524 0.10446566181912514  
    0.1043005459533628 0.1041111240599354 0.10389781206536007  
    0.10366102589615402 0.10340118147883433 0.10311869473991825  
    0.10281398160592288 0.1024874580033654 0.10213953985876296  
    0.10177064309863276 0.10138118364949188 0.10097157743785753  
    0.10054224039024688 0.10009358843317706 0.09962603749316523  
    0.09914000349672855 0.09863590237038423 0.09811415004064937  
    0.09757516243404117 0.09701935547707675 0.09644714509627329  
    0.09585894721814793 0.09525517776921788 0.09463625267600025  
    0.09400258786501219 0.09335459926277091 0.09269270279579353  
    0.09201731439059722 0.0913288499736992 0.09062772547161652  
    0.0899143568108664 0.08918915991796598 0.08845255071943242  
    0.08770494514178291 0.08694675911153459 0.08617840855520464  
    0.08540030939931015 0.08461287757036834 0.08381652899489636  
    0.08301167959941139 0.08219874531043052 0.08137814205447101  
    0.08055028575804991 0.07971559234768444 0.07887447774989177  
    0.07802735789118904 0.0771746486980934 0.07631676609712204  
    0.0754541260147921 0.0745871443776207 0.07371623711212508  
    0.07284182014482234 0.07196430940222966 0.07108412081086417  
    0.07020167029724309 0.06931737378788355 0.06843164720930268  
    0.06754490648801766 0.06665756755054568 0.06577004632340384  
    0.06488275873310938 0.06399612070617937 0.06311054816913103  
    0.06222645704848149 0.061344263270747934 0.060464382762447484  
    0.059587231450097325 0.058713225260214615 0.057842780119316504  
    0.05697631195392017 0.056114236690542746 0.05525697025570144  
    0.054404928575913364 0.053558527577695685 0.05271818318756559  
    0.05188431133204019 0.05105732793763669 0.050237648930872195  
    0.04942569023826393 0.04862186778632903 0.04782659750158462  
    0.04704029531054791 0.04626337713973604 0.04549625891566615  
    0.044739356564855434 0.04399308601382103 0.043257863189080106  
    0.04253410401714981 0.041822224424547284 0.04112264033549976  
    0.04043552393622211 0.0398811430193953 0.03988227598588437 
  DENSITY_TH = 3.9714401519300737 3.97207131645136 3.9716721036839937  
    3.970258259417552 3.9678455294416137 3.964449659545755  
    3.960086395519556 3.954771483152595 3.948520668234449  
    3.9413496965546977 3.9332743139029183 3.924310266068688  
    3.914473298841586 3.903779158011192 3.892243589367081  
    3.8798823386988337 3.866711151796026 3.8527457744482407  
    3.83800195244505 3.8224954315760353 3.8062419576307747  
    3.789257276398846 3.7715571336698277 3.7531572752332965  
    3.734073446878832 3.7143213943960127 3.693916863574416  
    3.67287560020362 3.6512133500732022 3.628945858972744  
    3.6060888726918203 3.5826581370200095 3.5586693977468906  
    3.5341384006620413 3.5090808915550418 3.4835126162154673  
    3.4574493204328984 3.4309067499969106 3.403900650697085  
    3.376446768322998 3.3485608486642278 3.3202586375103533  
    3.2915558806509524 3.262468323875604 3.2330117129738842  
    3.2032017937353725 3.1730543119496484 3.142585013406288  
    3.1118096438948704 3.0807439492049733 3.0494036751261757  
    3.0178045674480543 2.985962371960189 2.953892834452157  
    2.9216117007135365 2.889134716533906 2.8564776277028434  
    2.8236561800099276 2.790686119244735 2.7575831911968463  
    2.724363141655837 2.6910417164112874 2.657634661252774  
    2.624157721969877 2.5906266443521724 2.5570571741892403  
    2.5234650572706583 2.4898660393860035 2.4562758663248547  
    2.42271028387679 2.389185037831389 2.3557158739782276  
    2.322318538106886 2.28900877600694 2.25580233346797  
    2.2227149562795527 2.189762390231268 2.156960381112692  
    2.1243246747134044 2.091871016822983 2.059615153231006  
    2.027572829727051 1.995759792100697 1.9641917861415215  
    1.9328845576391032 1.9018538523830189 1.8711154161628487  
    1.84068499476817 1.8105783339885608 1.7808111796136  
    1.7513992774328646 1.7223583732359335 1.693704212812384  
    1.665452541951796 1.6376191064437466 1.610219652077814  
    1.5832699246435757 1.5567856698439202 1.5307734061569798  
    1.5097861285913936 1.5098290194656225 
  NI = 3.8665341856526756 3.867148677903588 3.8667600103791333  
    3.8653835129423717 3.8630345154563637 3.859728347784169  
    3.855480339788851 3.8503058213334698 3.844220122281086  
    3.8372385724947624 3.829376501837558 3.8206492401725343  
    3.8110721173627513 3.8006604632712735 3.789429607761158  
    3.7773948806954682 3.764571611937263 3.750975131349608  
    3.736620768795558 3.721523854138178 3.705699717240528  
    3.689163687965669 3.6719310961766625 3.654017271736568  
    3.6354375445084477 3.6162072443553632 3.596341701140375  
    3.5758562447265434 3.554766204976929 3.5330869117545958  
    3.5108336949226024 3.4880218843440094 3.4646668098818783  
    3.44078380139927 3.416388188759248 3.39149530182487  
    3.366120470459199 3.340279024525294 3.3139862938862183  
    3.287257608405032 3.2601082979447953 3.2325536923685703  
    3.2046091215394177 3.176289915320399 3.147611403574574  
    3.118588916165004 3.089237782954752 3.0595733338068767  
    3.0296108985844397 2.9993658071505025 2.968853389368126  
    2.93808897510037 2.907087894210297 2.8758654765609677  
    2.844437052015443 2.812817950436784 2.7810235016880513  
    2.749069035632307 2.71696988213261 2.684741371052024  
    2.6523988322536076 2.619957595600423 2.587432990955531  
    2.5548403481819935 2.52219499714287 2.4895122677012225  
    2.4568074897201124 2.4240959930625996 2.391393107591745  
    2.358714163170611 2.326074489662258 2.293489416929746  
    2.260974274836138 2.2285443932444924 2.196215102017873  
    2.1640017310193382 2.1319196101119515 2.0999840691587717  
    2.0682104380228616 2.0366140465672813 2.0052102246550927  
    1.9740143021493557 1.9430416089131315 1.9123074748094813  
    1.8818272297014664 1.8516162034521466 1.8216897259245848  
    1.792063126981841 1.7627517364869763 1.733770884303052  
    1.7051359002931286 1.6768621143202673 1.6489648562475285  
    1.621459455937975 1.5943612432546665 1.5676855480606642  
    1.5414477002190285 1.5156630295084204 1.4903378822207576  
    1.4699049855719983 1.4699467434797382 
  NZ = 0.10490596627739815 0.10492263854777176 0.10491209330486019  
    0.10487474647518062 0.10481101398525014 0.10472131176158597  
    0.10460605573070524 0.10446566181912514 0.1043005459533628  
    0.1041111240599354 0.10389781206536007 0.10366102589615402  
    0.10340118147883433 0.10311869473991825 0.10281398160592288  
    0.1024874580033654 0.10213953985876296 0.10177064309863276  
    0.10138118364949188 0.10097157743785753 0.10054224039024688  
    0.10009358843317706 0.09962603749316523 0.09914000349672855  
    0.09863590237038423 0.09811415004064937 0.09757516243404117  
    0.09701935547707675 0.09644714509627329 0.09585894721814793  
    0.09525517776921788 0.09463625267600025 0.09400258786501219  
    0.09335459926277091 0.09269270279579353 0.09201731439059722  
    0.0913288499736992 0.09062772547161652 0.0899143568108664  
    0.08918915991796598 0.08845255071943242 0.08770494514178291  
    0.08694675911153459 0.08617840855520464 0.08540030939931015  
    0.08461287757036834 0.08381652899489636 0.08301167959941139  
    0.08219874531043052 0.08137814205447101 0.08055028575804991  
    0.07971559234768444 0.07887447774989177 0.07802735789118904  
    0.0771746486980934 0.07631676609712204 0.0754541260147921  
    0.0745871443776207 0.07371623711212508 0.07284182014482234  
    0.07196430940222966 0.07108412081086417 0.07020167029724309  
    0.06931737378788355 0.06843164720930268 0.06754490648801766  
    0.06665756755054568 0.06577004632340384 0.06488275873310938  
    0.06399612070617937 0.06311054816913103 0.06222645704848149  
    0.061344263270747934 0.060464382762447484 0.059587231450097325  
    0.058713225260214615 0.057842780119316504 0.05697631195392017  
    0.056114236690542746 0.05525697025570144 0.054404928575913364  
    0.053558527577695685 0.05271818318756559 0.05188431133204019  
    0.05105732793763669 0.050237648930872195 0.04942569023826393  
    0.04862186778632903 0.04782659750158462 0.04704029531054791  
    0.04626337713973604 0.04549625891566615 0.044739356564855434  
    0.04399308601382103 0.043257863189080106 0.04253410401714981  
    0.041822224424547284 0.04112264033549976 0.04043552393622211  
    0.0398811430193953 0.03988227598588437 
/

