 31-Jan-26 07/09/2014
     1               1
  0.100000000E+01
*   1.000             1               0 DN    3   2 CLC    40   41
  0.000000000E+00 0.170000000E+03 0.200000000E+01 0.627927236E+06
  0.627927236E+06 0.170190308E+03-0.188943858E+00 0.442833350E+02
  0.164817813E+01 0.773743234E+00 0.771536735E+00 0.967215605E+07
  0.173005114E+03-0.589943028E-01 0.597101157E+01 0.167558648E+01
  0.154123009E+01 0.107003272E+01 0.100000000E+11 0.464711324E+01
  0.100000000E+11 0.100000000E+11 0.394647677E+01-0.823716560E+00
  0.140025823E+03 0.865602606E+02 0.428191312E+02
  0.000000000E+00 0.000000000E+00 0.000000000E+00
  0.885666700E+02 0.856453231E+02
  0.000000000E+00 0.000000000E+00
  0.521283368E+01 0.208302162E+00 0.267897517E+01 0.282950478E+01
  0.101261048E+01 0.106940211E+02-0.500000000E+02-0.500000000E+02
 -0.500000000E+02 0.781322129E-01 0.933919600E+04 0.386037692E+06
  0.974006656E-04 0.126779049E+01 0.117761541E+01-0.186227285E-02
  0.132089545E+01 0.168642574E+03 0.000000000E+00 0.000000000E+00
  0.136024088E+03-0.731757681E+02 0.135926377E+03 0.727978804E+02
 -0.100000000E+03-0.500000000E+02 0.192519281E+01 0.193481675E+01
  0.100000000E+03 0.327352442E+02 0.402632349E+02 0.464711324E+01
  0.175727236E+03-0.224977571E-01 0.229797966E+00 0.000000000E+00
  0.135078421E+01 0.146853852E+01 0.338335997E+06 0.000000000E+00
  0.000000000E+00 0.000000000E+00 0.100643173E+01 0.100000000E+02
    44   60   18    6
 -0.407776057E-01-0.219009041E-01 0.112167147E+00 0.176555766E+00
  0.194443230E+00-0.148727458E+00-0.314293065E+00 0.185696198E+00
  0.156828849E-01-0.409643828E-01-0.215999358E-01 0.113115153E+00
  0.174715631E+00 0.190958742E+00-0.149825924E+00-0.315957552E+00
  0.182159634E+00 0.238142365E-01-0.317579626E-01-0.275479581E-01
  0.488095184E-01 0.147093745E+00 0.172986457E+00 0.183297738E+00
  0.140299551E-01-0.256578275E+00-0.245898899E+00-0.183754583E+00
 -0.148086622E+00-0.274845150E-01 0.473356768E-01 0.145759448E+00
  0.170820065E+00 0.178817790E+00-0.312817888E-01-0.257183782E+00
 -0.240975207E+00-0.185367554E+00-0.148788825E+00 0.124195175E+00
  0.597162483E-01 0.103270488E+00 0.470756873E-01-0.107449716E-01
  0.300817750E+00 0.303886473E+00 0.289603179E+00-0.103115210E+00
 -0.163771191E+00-0.153796689E+00-0.138777069E+00-0.316133830E-01
  0.117113838E+00 0.217165627E+00 0.312312578E+00 0.228016021E+00
  0.203314011E+00 0.181334972E+00 0.171475405E+00 0.304608925E+00
  0.291420952E+00-0.994553613E-01-0.162121977E+00-0.152390823E+00
 -0.132761066E+00-0.565465393E-01-0.185159911E-01 0.140770169E+00
  0.278103410E+00 0.309268015E+00 0.231223975E+00 0.206730959E+00
  0.180474463E+00-0.145899363E+00-0.843601974E-01-0.193079746E-01
  0.117295510E+00 0.144873711E+00 0.234353682E+00 0.288216833E+00
  0.222843582E+00 0.198938423E+00 0.181433904E+00 0.169679680E+00
  0.181512574E+00 0.204118139E+00 0.230655017E+00 0.294697293E+00
  0.273172885E+00 0.141355667E+00-0.183666721E-01-0.514019193E-01
 -0.130717769E+00-0.151606083E+00-0.160078363E+00-0.931897733E-01
  0.289803106E+00 0.304262929E+00 0.300452686E+00 0.303498387E+00
  0.290762398E+00-0.903744407E-01-0.160234875E+00-0.159606218E+00
 -0.132405442E+06-0.209061048E+06 0.174705319E+06 0.251493968E+06
  0.192487104E+06-0.776579069E+05-0.320744215E+06 0.168118513E+06
 -0.207947646E+05-0.133783763E+06-0.208334430E+06 0.181734338E+06
  0.245876072E+06 0.183511084E+06-0.777576693E+05-0.325275319E+06
  0.160789817E+06-0.763623349E+04
  0.000000000E+00 0.000000000E+00 0.000000000E+00 0.000000000E+00
  0.000000000E+00 0.000000000E+00
  0.000000000E+00 0.120880323E+03 0.752957677E+02 0.120880323E+03
  0.753259325E+02 0.000000000E+00 0.000000000E+00 0.000000000E+00
  0.000000000E+00 0.000000000E+00 0.437576352E+02 0.000000000E+00
  0.164679507E+00 0.628498619E+00 0.665337341E-02-0.145730268E+00
 -0.108317164E+01 0.000000000E+00 0.999000000E+03 0.227575418E+01
  0.128461721E+02 0.117761541E+01 0.000000000E+00 0.127613697E+00
 -0.999000000E+03-0.999000000E+03 0.580681424E+01 0.000000000E+00
  0.166811315E-01-0.470206955E+00 0.125906973E+01 0.214473643E+01
  0.387419457E+02 0.344713025E+01 0.159944266E+02 0.159628873E+02
 -0.890000000E+02-0.890000000E+02-0.890000000E+02-0.890000000E+02
  0.157850767E+01 0.120880323E+03 0.752957677E+02 0.120880323E+03
 -0.756449551E+02-0.890000000E+02-0.890000000E+02 0.137217790E+03
 -0.782235587E+02 0.000000000E+00 0.329100912E+00 0.624549963E+00
  0.151057718E+03 0.165015625E+03 0.000000000E+00 0.847548728E+00
  0.100000000E+01 0.000000000E+00 0.000000000E+00 0.000000000E+00
                                            EQG
