r	R 11/11	R 12/11	R 13/11	R 14/11	I 11/11	I 12/11	I 13/11	I 14/11
 0.000000E+00	 0.00000000E+00	 0.00000000E+00	 0.00000000E+00	 0.00000000E+00	 0.00000000E+00	 0.00000000E+00	 0.00000000E+00	 0.00000000E+00
 5.000000E-03	-2.06404909E-27	 1.81573891E-28	 1.21952383E-27	-1.82499703E-28	 1.29830411E-24	 1.26584398E-26	 8.35477360E-25	-3.70709535E-25
 1.000000E-02	-1.08074374E-25	 1.05792360E-26	-6.51536410E-28	-2.49371326E-27	-2.81431783E-23	 2.14934910E-23	 1.01649774E-22	-1.58491628E-23
 1.500000E-02	-1.14682682E-24	 1.27817463E-25	-7.16876592E-25	-2.85026549E-28	-2.86101483E-21	 6.48506990E-22	 2.21576528E-21	-1.76277656E-22
 2.000000E-02	 2.07022365E-24	 5.73957983E-25	-1.10842993E-23	-1.95248965E-25	-5.56379855E-20	 7.87367732E-21	 2.29503584E-20	-7.19956750E-22
 2.500000E-02	 1.24150605E-22	 2.34808780E-24	-8.55501910E-23	-4.44603852E-24	-5.69140109E-19	 5.49603100E-20	 1.51163902E-19	 9.18188133E-22
 3.000000E-02	 1.20620189E-21	 3.30765856E-23	-4.27448053E-22	-4.37128841E-23	-3.90373488E-18	 2.55651585E-19	 7.31493978E-19	 2.78901512E-20
 3.500000E-02	 7.06930438E-21	 3.37714419E-22	-1.50446489E-21	-2.32838043E-22	-2.02259119E-17	 8.34638849E-19	 2.82873646E-18	 1.90332142E-19
 4.000000E-02	 3.07387690E-20	 2.27334226E-21	-4.18683356E-21	-9.08280237E-22	-8.49996468E-17	 1.78782537E-18	 9.21874164E-18	 8.75750086E-19
 4.500000E-02	 1.09945273E-19	 1.13496706E-20	-1.02779579E-20	-3.06406960E-21	-3.03607113E-16	 1.01122642E-18	 2.62283819E-17	 3.20788041E-18
 5.000000E-02	 3.41583231E-19	 4.51605863E-20	-2.22128877E-20	-9.01711348E-21	-9.52202897E-16	-1.20836823E-17	 6.67350494E-17	 1.00198914E-17
 5.500000E-02	 9.47485284E-19	 1.51825538E-19	-3.88648527E-20	-2.31683262E-20	-2.68489530E-15	-7.39918580E-17	 1.54390496E-16	 2.77128508E-17
 6.000000E-02	 2.38142395E-18	 4.46191198E-19	-3.75201118E-20	-4.93188484E-20	-6.92765583E-15	-2.88352170E-16	 3.28397727E-16	 6.94935048E-17
 6.500000E-02	 5.47443288E-18	 1.17656298E-18	 6.84310029E-20	-8.10469725E-20	-1.65807465E-14	-9.14001227E-16	 6.46541515E-16	 1.60531740E-16
 7.000000E-02	 1.16453052E-17	 2.86146191E-18	 4.61705804E-19	-1.01269742E-19	-3.72052082E-14	-2.53860140E-15	 1.18105086E-15	 3.45399304E-16
 7.500000E-02	 2.32686943E-17	 6.52970551E-18	 1.45152920E-18	-9.05703829E-20	-7.89356955E-14	-6.39997711E-15	 1.99630550E-15	 6.97519512E-16
 8.000000E-02	 4.42465980E-17	 1.41037919E-17	 3.57865909E-18	-3.18662739E-20	-1.59441623E-13	-1.49496838E-14	 3.08835964E-15	 1.32877998E-15
 8.500000E-02	 8.08187316E-17	 2.90135522E-17	 7.81430409E-18	 1.00071136E-19	-3.08348902E-13	-3.27962856E-14	 4.25241069E-15	 2.39435656E-15
 9.000000E-02	 1.42586637E-16	 5.70308419E-17	 1.60439931E-17	 4.77112369E-19	-5.73636832E-13	-6.82220228E-14	 4.82404302E-15	 4.08246601E-15
 9.500000E-02	 2.43495910E-16	 1.07363775E-16	 3.19635576E-17	 1.75733403E-18	-1.03062567E-12	-1.35533900E-13	 3.21202107E-15	 6.56986399E-15
 1.000000E-01	 4.02273745E-16	 1.93727501E-16	 6.27309099E-17	 6.00693991E-18	-1.79428725E-12	-2.58594388E-13	-3.89748806E-15	 9.91083886E-15
 1.050000E-01	 6.41642815E-16	 3.35537694E-16	 1.21101592E-16	 1.79221883E-17	-3.03570814E-12	-4.75970676E-13	-2.28338603E-14	 1.38081112E-14
 1.100000E-01	 9.88184786E-16	 5.61141795E-16	 2.25806180E-16	 4.45156348E-17	-5.00372283E-12	-8.48271250E-13	-6.49633779E-14	 1.71883801E-14
 1.150000E-01	 1.47482553E-15	 9.11828294E-16	 4.02193254E-16	 9.54222619E-17	-8.05271828E-12	-1.46836832E-12	-1.49758968E-13	 1.74659482E-14
 1.200000E-01	 2.14060113E-15	 1.44255908E-15	 6.88293606E-16	 1.88109999E-16	-1.26779447E-11	-2.47537579E-12	-3.09330265E-13	 9.32794525E-15
 1.250000E-01	 3.02383415E-15	 2.22090616E-15	 1.14272610E-15	 3.55045632E-16	-1.95592477E-11	-4.07327465E-12	-5.94907565E-13	-1.71844776E-14
 1.300000E-01	 4.15200923E-15	 3.32464060E-15	 1.85000306E-15	 6.51023177E-16	-2.96134360E-11	-6.55502886E-12	-1.08585189E-12	-7.95849429E-14
 1.350000E-01	 5.52856775E-15	 4.83711769E-15	 2.92408349E-15	 1.16040156E-15	-4.40574673E-11	-1.03335929E-11	-1.90192861E-12	-2.07194189E-13
 1.400000E-01	 7.12157888E-15	 6.84805348E-15	 4.50585534E-15	 1.99719918E-15	-6.44827685E-11	-1.59809473E-11	-3.21965936E-12	-4.47178207E-13
 1.450000E-01	 8.85994889E-15	 9.45470582E-15	 6.75830574E-15	 3.30617563E-15	-9.29414997E-11	-2.42765238E-11	-5.29370904E-12	-8.72900792E-13
 1.500000E-01	 1.06276288E-14	 1.27549094E-14	 9.86554182E-15	 5.27132662E-15	-1.32044164E-10	-3.62660312E-11	-8.48442645E-12	-1.59524299E-12
 1.550000E-01	 1.22517736E-14	 1.68263263E-14	 1.40307345E-14	 8.13311364E-15	-1.85064678E-10	-5.33306618E-11	-1.32925466E-11	-2.77759316E-12
 1.600000E-01	 1.34568393E-14	 2.16374982E-14	 1.94818425E-14	 1.22513568E-14	-2.56064043E-10	-7.72703232E-11	-2.04012421E-11	-4.65485275E-12
 1.650000E-01	 1.37727659E-14	 2.69533277E-14	 2.64541772E-14	 1.81224260E-14	-3.50022006E-10	-1.10399533E-10	-3.07272650E-11	-7.55722076E-12
 1.700000E-01	 1.25543759E-14	 3.24647509E-14	 3.50928933E-14	 2.61840688E-14	-4.72976722E-10	-1.55656765E-10	-4.54819609E-11	-1.19393182E-11
 1.750000E-01	 9.16164695E-15	 3.79590789E-14	 4.53629357E-14	 3.66670522E-14	-6.32169036E-10	-2.16727921E-10	-6.62434451E-11	-1.84153805E-11
 1.800000E-01	 2.97351639E-15	 4.30785232E-14	 5.70833627E-14	 4.98190537E-14	-8.36184181E-10	-2.98180361E-10	-9.50387294E-11	-2.78005711E-11
 1.850000E-01	-6.83949477E-15	 4.69906319E-14	 6.99607205E-14	 6.60678293E-14	-1.09514878E-09	-4.05624196E-10	-1.34434946E-10	-4.11574675E-11
 1.900000E-01	-2.13607873E-14	 4.85261489E-14	 8.34735032E-14	 8.57163467E-14	-1.42092143E-09	-5.45889651E-10	-1.87649823E-10	-5.98509512E-11
 1.950000E-01	-4.17346207E-14	 4.64603471E-14	 9.67519662E-14	 1.08619973E-13	-1.82724533E-09	-7.27207762E-10	-2.58677761E-10	-8.56119682E-11
 2.000000E-01	-6.90509467E-14	 3.95990854E-14	 1.08600975E-13	 1.34135243E-13	-2.32992465E-09	-9.59409095E-10	-3.52425521E-10	-1.20608196E-10
 2.050000E-01	-1.04303689E-13	 2.68206095E-14	 1.17579409E-13	 1.61131595E-13	-2.94700481E-09	-1.25413563E-09	-4.74862297E-10	-1.67523048E-10
 2.100000E-01	-1.48357543E-13	 7.08198490E-15	 1.22064652E-13	 1.88019149E-13	-3.69893229E-09	-1.62505378E-09	-6.33182995E-10	-2.29643773E-10
 2.150000E-01	-2.01958351E-13	-2.05940799E-14	 1.20329685E-13	 2.12796599E-13	-4.60866997E-09	-2.08805673E-09	-8.35979406E-10	-3.10957090E-10
 2.200000E-01	-2.65777226E-13	-5.71889651E-14	 1.10609308E-13	 2.33153036E-13	-5.70187212E-09	-2.66149365E-09	-1.09341598E-09	-4.16249177E-10
 2.250000E-01	-3.40508516E-13	-1.03755497E-13	 9.11795079E-14	 2.46570409E-13	-7.00704181E-09	-3.36640117E-09	-1.41742216E-09	-5.51217107E-10
 2.300000E-01	-4.26916325E-13	-1.61153848E-13	 6.05628856E-14	 2.50312485E-13	-8.55567633E-09	-4.22673095E-09	-1.82189307E-09	-7.22591093E-10
 2.350000E-01	-5.25804065E-13	-2.29772825E-13	 1.77756159E-14	 2.41584199E-13	-1.03824492E-08	-5.26959596E-09	-2.32289914E-09	-9.38267305E-10
 2.400000E-01	-6.38103987E-13	-3.09757891E-13	-3.75627683E-14	 2.18034319E-13	-1.25254080E-08	-6.52552395E-09	-2.93890555E-09	-1.20745378E-09
 2.450000E-01	-7.65065204E-13	-4.01297004E-13	-1.05189445E-13	 1.78145839E-13	-1.50260805E-08	-8.02865821E-09	-3.69098550E-09	-1.54082688E-09
 2.500000E-01	-9.08333945E-13	-5.04243158E-13	-1.83975539E-13	 1.21231188E-13	-1.79296311E-08	-9.81695953E-09	-4.60301780E-09	-1.95068918E-09
 2.550000E-01	-1.06982720E-12	-6.18200665E-13	-2.72167607E-13	 4.77610180E-14	-2.12850138E-08	-1.19323911E-08	-5.70187036E-09	-2.45112692E-09
 2.600000E-01	-1.25177476E-12	-7.46324362E-13	-3.70056842E-13	-3.94079693E-14	-2.51450601E-08	-1.44210413E-08	-7.01754410E-09	-3.05815392E-09
 2.650000E-01	-1.45762560E-12	-8.98432233E-13	-4.82105135E-13	-1.35520746E-13	-2.95667657E-08	-1.73333185E-08	-8.58330473E-09	-3.78984187E-09
 2.700000E-01	-1.69235612E-12	-1.08158260E-12	-6.10881136E-13	-2.37868283E-13	-3.46116649E-08	-2.07241935E-08	-1.04358316E-08	-4.66644925E-09
 2.750000E-01	-1.96003089E-12	-1.28987287E-12	-7.50982545E-13	-3.46659364E-13	-4.03460937E-08	-2.46533500E-08	-1.26153174E-08	-5.71052252E-09
 2.800000E-01	-2.26200365E-12	-1.51887235E-12	-8.99861634E-13	-4.59818225E-13	-4.68416077E-08	-2.91853849E-08	-1.51655469E-08	-6.94696703E-09
 2.850000E-01	-2.59954979E-12	-1.78335710E-12	-1.07002425E-12	-5.72585456E-13	-5.41753311E-08	-3.43899456E-08	-1.81338959E-08	-8.40303341E-09
 2.900000E-01	-2.97637022E-12	-2.10058300E-12	-1.27599638E-12	-6.84854624E-13	-6.24302419E-08	-4.03418287E-08	-2.15712661E-08	-1.01082191E-08
 2.950000E-01	-3.39614685E-12	-2.46734527E-12	-1.51760124E-12	-8.02883780E-13	-7.16955222E-08	-4.71212613E-08	-2.55321948E-08	-1.20942435E-08
 3.000000E-01	-3.85951142E-12	-2.87403159E-12	-1.79167130E-12	-9.33452991E-13	-8.20663502E-08	-5.48137311E-08	-3.00746811E-08	-1.43948655E-08
 3.050000E-01	-4.36569565E-12	-3.32628197E-12	-2.10824040E-12	-1.08262837E-12	-9.36448985E-08	-6.35104635E-08	-3.52602746E-08	-1.70458036E-08
 3.100000E-01	-4.91583777E-12	-3.83424465E-12	-2.47963672E-12	-1.25901943E-12	-1.06541871E-07	-7.33094485E-08	-4.11545605E-08	-2.00848431E-08
 3.150000E-01	-5.51314063E-12	-4.39520140E-12	-2.90513771E-12	-1.47265650E-12	-1.20876849E-07	-8.43158189E-08	-4.78273814E-08	-2.35518094E-08
 3.200000E-01	-6.16106519E-12	-5.00187291E-12	-3.37877353E-12	-1.73161823E-12	-1.36780032E-07	-9.66432850E-08	-5.53537240E-08	-2.74889361E-08
 3.250000E-01	-6.86312918E-12	-5.65634696E-12	-3.90169914E-12	-2.04201589E-12	-1.54392540E-07	-1.10414343E-07	-6.38137989E-08	-3.19407927E-08
 3.300000E-01	-7.62405392E-12	-6.36642190E-12	-4.47849954E-12	-2.40912989E-12	-1.73866600E-07	-1.25760432E-07	-7.32930880E-08	-3.69541781E-08
 3.350000E-01	-8.44944353E-12	-7.13815252E-12	-5.11113197E-12	-2.83692352E-12	-1.95366573E-07	-1.42822942E-07	-8.38831251E-08	-4.25784876E-08
 3.400000E-01	-9.34373003E-12	-7.97946711E-12	-5.80419525E-12	-3.32779396E-12	-2.19068541E-07	-1.61752958E-07	-9.56815850E-08	-4.88657906E-08
 3.450000E-01	-1.03092036E-11	-8.90463012E-12	-6.57025954E-12	-3.88384029E-12	-2.45160799E-07	-1.82711246E-07	-1.08792343E-07	-5.58709140E-08
 3.500000E-01	-1.13478704E-11	-9.92405992E-12	-7.41908732E-12	-4.50639765E-12	-2.73843485E-07	-2.05867648E-07	-1.23325083E-07	-6.36512074E-08
 3.550000E-01	-1.24615863E-11	-1.10348803E-11	-8.34946625E-12	-5.19505000E-12	-3.05329332E-07	-2.31402254E-07	-1.39396254E-07	-7.22670938E-08
 3.600000E-01	-1.36459512E-11	-1.22447702E-11	-9.37972466E-12	-5.95664935E-12	-3.39843821E-07	-2.59506079E-07	-1.57129519E-07	-8.17824280E-08
 3.650000E-01	-1.48894025E-11	-1.35966758E-11	-1.05735183E-11	-6.81662161E-12	-3.77626641E-07	-2.90382420E-07	-1.76656300E-07	-9.22649973E-08
 3.700000E-01	-1.61869854E-11	-1.51277997E-11	-1.19832734E-11	-7.80429432E-12	-4.18934952E-07	-3.24249913E-07	-1.98117244E-07	-1.03787547E-07
 3.750000E-01	-1.75486873E-11	-1.68179522E-11	-1.35861436E-11	-8.92758981E-12	-4.64042765E-07	-3.61342679E-07	-2.21661860E-07	-1.16427628E-07
 3.800000E-01	-1.89906105E-11	-1.86143947E-11	-1.53161205E-11	-1.01761242E-11	-5.13239048E-07	-4.01909447E-07	-2.47447812E-07	-1.30266979E-07
 3.850000E-01	-2.05244678E-11	-2.04798226E-11	-1.71249712E-11	-1.15389715E-11	-5.66829337E-07	-4.46215845E-07	-2.75643045E-07	-1.45392204E-07
 3.900000E-01	-2.21470864E-11	-2.24249539E-11	-1.90301462E-11	-1.30246750E-11	-6.25139974E-07	-4.94549211E-07	-3.06430110E-07	-1.61896421E-07
 3.950000E-01	-2.38390752E-11	-2.45218719E-11	-2.11323693E-11	-1.46750806E-11	-6.88517387E-07	-5.47218098E-07	-3.40006220E-07	-1.79878481E-07
 4.000000E-01	-2.55916151E-11	-2.68205695E-11	-2.34966593E-11	-1.65232661E-11	-7.57326873E-07	-6.04552626E-07	-3.76583038E-07	-1.99442271E-07
 4.050000E-01	-2.74231431E-11	-2.92571306E-11	-2.60336929E-11	-1.85390925E-11	-8.31954006E-07	-6.66906833E-07	-4.16388093E-07	-2.20697494E-07
 4.100000E-01	-2.93557869E-11	-3.17247659E-11	-2.86033021E-11	-2.06634289E-11	-9.12813394E-07	-7.34662600E-07	-4.59665885E-07	-2.43760444E-07
 4.150000E-01	-3.13920220E-11	-3.41882609E-11	-3.11667877E-11	-2.28753773E-11	-1.00034515E-06	-8.08224085E-07	-5.06672564E-07	-2.68750103E-07
 4.200000E-01	-3.35044995E-11	-3.67265272E-11	-3.38449423E-11	-2.52251250E-11	-1.09500295E-06	-8.88007609E-07	-5.57668469E-07	-2.95783025E-07
 4.250000E-01	-3.56428299E-11	-3.95220471E-11	-3.68974622E-11	-2.78345505E-11	-1.19726198E-06	-9.74452361E-07	-6.12926007E-07	-3.24977269E-07
 4.300000E-01	-3.77947675E-11	-4.26562305E-11	-4.04280362E-11	-3.07756176E-11	-1.30763197E-06	-1.06803467E-06	-6.72739532E-07	-3.56457349E-07
 4.350000E-01	-4.00179722E-11	-4.59191519E-11	-4.41390871E-11	-3.39453479E-11	-1.42665187E-06	-1.16926502E-06	-7.37424484E-07	-3.90353707E-07
 4.400000E-01	-4.23424834E-11	-4.91156710E-11	-4.77842271E-11	-3.72361712E-11	-1.55488750E-06	-1.27868661E-06	-8.07316588E-07	-4.26801833E-07
 4.450000E-01	-4.47040286E-11	-5.24194591E-11	-5.16362719E-11	-4.07535229E-11	-1.69293565E-06	-1.39687876E-06	-8.82772647E-07	-4.65941367E-07
 4.500000E-01	-4.70542612E-11	-5.60384675E-11	-5.59816999E-11	-4.46303410E-11	-1.84142572E-06	-1.52445860E-06	-9.64170857E-07	-5.07914996E-07
 4.550000E-01	-4.94454944E-11	-5.97868269E-11	-6.05451831E-11	-4.87673089E-11	-2.00102147E-06	-1.66208236E-06	-1.05191087E-06	-5.52867093E-07
 4.600000E-01	-5.19230119E-11	-6.34107772E-11	-6.49876539E-11	-5.30143650E-11	-2.17242635E-06	-1.81044782E-06	-1.14641312E-06	-6.00941357E-07
 4.650000E-01	-5.44368219E-11	-6.70279217E-11	-6.95030980E-11	-5.74381505E-11	-2.35638591E-06	-1.97029421E-06	-1.24811683E-06	-6.52277854E-07
 4.700000E-01	-5.69400094E-11	-7.08291944E-11	-7.43615149E-11	-6.21631354E-11	-2.55370020E-06	-2.14241085E-06	-1.35748254E-06	-7.07011693E-07
 4.750000E-01	-5.94676814E-11	-7.46761035E-11	-7.93632469E-11	-6.71352761E-11	-2.76522484E-06	-2.32763773E-06	-1.47499069E-06	-7.65269689E-07
 4.800000E-01	-6.20295515E-11	-7.84366304E-11	-8.43540655E-11	-7.23071809E-11	-2.99186185E-06	-2.52686188E-06	-1.60114069E-06	-8.27168554E-07
 4.850000E-01	-6.45347989E-11	-8.23941145E-11	-8.97740501E-11	-7.78724029E-11	-3.23456320E-06	-2.74102721E-06	-1.73645931E-06	-8.92818284E-07
 4.900000E-01	-6.69544728E-11	-8.67248846E-11	-9.58494672E-11	-8.39426327E-11	-3.49433373E-06	-2.97114795E-06	-1.88151304E-06	-9.62328120E-07
 4.950000E-01	-6.94296856E-11	-9.09136015E-11	-1.01794772E-10	-9.01907741E-11	-3.77221123E-06	-3.21830441E-06	-2.03691161E-06	-1.03580865E-06
 5.000000E-01	-7.20223098E-11	-9.45655941E-11	-1.07086004E-10	-9.63948319E-11	-4.06924208E-06	-3.48363777E-06	-2.20331130E-06	-1.11337366E-06
 5.050000E-01	-7.45290567E-11	-9.83510031E-11	-1.12788946E-10	-1.03061480E-10	-4.38647076E-06	-3.76836367E-06	-2.38143102E-06	-1.19514764E-06
 5.100000E-01	-7.67761409E-11	-1.03033032E-10	-1.20018600E-10	-1.10770071E-10	-4.72492401E-06	-4.07377821E-06	-2.57205984E-06	-1.28126642E-06
 5.150000E-01	-7.88700004E-11	-1.08228068E-10	-1.28163475E-10	-1.19345104E-10	-5.08560297E-06	-4.40127483E-06	-2.77607916E-06	-1.37188987E-06
 5.200000E-01	-8.09425592E-11	-1.13238835E-10	-1.36232428E-10	-1.28418260E-10	-5.46949811E-06	-4.75237927E-06	-2.99449326E-06	-1.46721598E-06
 5.250000E-01	-8.28984875E-11	-1.18262030E-10	-1.44613382E-10	-1.38223021E-10	-5.87755932E-06	-5.12873205E-06	-3.22841420E-06	-1.56746496E-06
 5.300000E-01	-8.45521142E-11	-1.23949401E-10	-1.54332891E-10	-1.49273047E-10	-6.31064045E-06	-5.53203553E-06	-3.47902000E-06	-1.67284937E-06
 5.350000E-01	-8.58191460E-11	-1.30555823E-10	-1.65776124E-10	-1.61783175E-10	-6.76955214E-06	-5.96410520E-06	-3.74758145E-06	-1.78357788E-06
 5.400000E-01	-8.67966940E-11	-1.37604715E-10	-1.78203139E-10	-1.75471023E-10	-7.25509429E-06	-6.42692843E-06	-4.03551580E-06	-1.89988229E-06
 5.450000E-01	-8.77249608E-11	-1.43910245E-10	-1.89843440E-10	-1.89602174E-10	-7.76801567E-06	-6.92265536E-06	-4.34439616E-06	-2.02202131E-06
 5.500000E-01	-8.86128401E-11	-1.49007908E-10	-2.00139792E-10	-2.03941330E-10	-8.30903703E-06	-7.45363769E-06	-4.67597296E-06	-2.15027458E-06
 5.550000E-01	-8.90279074E-11	-1.54466490E-10	-2.11608853E-10	-2.19571472E-10	-8.87883787E-06	-8.02241863E-06	-5.03217154E-06	-2.28493728E-06
 5.600000E-01	-8.87501814E-11	-1.61403576E-10	-2.25860658E-10	-2.37212386E-10	-9.47810417E-06	-8.63175421E-06	-5.41508409E-06	-2.42629624E-06
 5.650000E-01	-8.82654613E-11	-1.67692464E-10	-2.39506989E-10	-2.55452544E-10	-1.01075177E-05	-9.28456595E-06	-5.82690321E-06	-2.57456931E-06
 5.700000E-01	-8.79667812E-11	-1.71059635E-10	-2.49185212E-10	-2.72865198E-10	-1.07676306E-05	-9.98382819E-06	-6.26985523E-06	-2.72987183E-06
 5.750000E-01	-8.74489897E-11	-1.73004706E-10	-2.57394729E-10	-2.90484600E-10	-1.14589551E-05	-1.07327311E-05	-6.74632178E-06	-2.89225212E-06
 5.800000E-01	-8.62349315E-11	-1.75936115E-10	-2.67785352E-10	-3.09832659E-10	-1.21819750E-05	-1.15348121E-05	-7.25898485E-06	-3.06176063E-06
 5.850000E-01	-8.45279949E-11	-1.79088678E-10	-2.78981932E-10	-3.30358687E-10	-1.29369729E-05	-1.23938984E-05	-7.81085843E-06	-3.23847882E-06
 5.900000E-01	-8.27950581E-11	-1.80255774E-10	-2.87464056E-10	-3.50633351E-10	-1.37238955E-05	-1.33140634E-05	-8.40529992E-06	-3.42252119E-06
 5.950000E-01	-8.12003850E-11	-1.78811041E-10	-2.92198911E-10	-3.70235412E-10	-1.45422916E-05	-1.42996500E-05	-9.04606731E-06	-3.61405965E-06
 6.000000E-01	-7.95772833E-11	-1.75729251E-10	-2.94688057E-10	-3.89859995E-10	-1.53912866E-05	-1.53553224E-05	-9.73737447E-06	-3.81332152E-06
 6.050000E-01	-7.75731157E-11	-1.72754010E-10	-2.97728339E-10	-4.10885372E-10	-1.62694866E-05	-1.64860549E-05	-1.04839212E-05	-4.02058542E-06
 6.100000E-01	-7.49360869E-11	-1.71211806E-10	-3.03408217E-10	-4.34394398E-10	-1.71749432E-05	-1.76972191E-05	-1.12910022E-05	-4.23620208E-06
 6.150000E-01	-7.17362673E-11	-1.70864048E-10	-3.11238751E-10	-4.60302970E-10	-1.81050983E-05	-1.89946398E-05	-1.21646027E-05	-4.46060821E-06
 6.200000E-01	-6.81817771E-11	-1.70705978E-10	-3.19536355E-10	-4.88015998E-10	-1.90566644E-05	-2.03845638E-05	-1.31114476E-05	-4.69434446E-06
 6.250000E-01	-6.43551489E-11	-1.70281633E-10	-3.27576119E-10	-5.17339503E-10	-2.00255253E-05	-2.18736785E-05	-1.41390915E-05	-4.93807451E-06
 6.300000E-01	-6.00725600E-11	-1.70144791E-10	-3.36401415E-10	-5.48773620E-10	-2.10066641E-05	-2.34692542E-05	-1.52561442E-05	-5.19264896E-06
 6.350000E-01	-5.48676175E-11	-1.71896845E-10	-3.48893587E-10	-5.83476926E-10	-2.19938954E-05	-2.51790957E-05	-1.64724538E-05	-5.45924096E-06
 6.400000E-01	-4.83801175E-11	-1.76568884E-10	-3.66936949E-10	-6.22067336E-10	-2.29795606E-05	-2.70114590E-05	-1.77992963E-05	-5.73952173E-06
 6.450000E-01	-4.07013544E-11	-1.82856404E-10	-3.88495860E-10	-6.63573494E-10	-2.39542437E-05	-2.89752785E-05	-1.92498982E-05	-6.03590231E-06
 6.500000E-01	-3.19415209E-11	-1.89000709E-10	-4.10936044E-10	-7.06793522E-10	-2.49058337E-05	-3.10796046E-05	-2.08395826E-05	-6.35187760E-06
 6.550000E-01	-2.17452279E-11	-1.95336153E-10	-4.35233845E-10	-7.51729137E-10	-2.58190014E-05	-3.33331889E-05	-2.25859254E-05	-6.69248557E-06
 6.600000E-01	-9.69064331E-12	-2.02557051E-10	-4.62863484E-10	-7.98418105E-10	-2.66747967E-05	-3.57444979E-05	-2.45091678E-05	-7.06457499E-06
 6.650000E-01	 4.24562100E-12	-2.09222660E-10	-4.91692331E-10	-8.45780186E-10	-2.74501281E-05	-3.83222853E-05	-2.66336650E-05	-7.47778938E-06
 6.700000E-01	 2.02546658E-11	-2.13974876E-10	-5.20154926E-10	-8.93246770E-10	-2.81171791E-05	-4.10747150E-05	-2.89876399E-05	-7.94497753E-06
 6.750000E-01	 3.93312278E-11	-2.18562339E-10	-5.52444679E-10	-9.42221312E-10	-2.86436866E-05	-4.40088158E-05	-3.16022634E-05	-8.48160981E-06
 6.800000E-01	 6.25040809E-11	-2.24930807E-10	-5.92781828E-10	-9.93556669E-10	-2.89920354E-05	-4.71292666E-05	-3.45112750E-05	-9.10628538E-06
 6.850000E-01	 8.97765917E-11	-2.31042734E-10	-6.37716825E-10	-1.04515997E-09	-2.91188456E-05	-5.04394469E-05	-3.77529885E-05	-9.84172430E-06
 6.900000E-01	 1.20318257E-10	-2.32455398E-10	-6.79066852E-10	-1.09366842E-09	-2.89745489E-05	-5.39407948E-05	-4.13702343E-05	-1.07151626E-05
 6.950000E-01	 1.53266608E-10	-2.25641388E-10	-7.10138340E-10	-1.13669479E-09	-2.85023309E-05	-5.76300871E-05	-4.54085552E-05	-1.17588930E-05
 7.000000E-01	 1.89109185E-10	-2.10961142E-10	-7.32593169E-10	-1.17560214E-09	-2.76375568E-05	-6.15002994E-05	-4.99182211E-05	-1.30112151E-05
 7.050000E-01	 2.30619144E-10	-1.94740616E-10	-7.61055725E-10	-1.21702383E-09	-2.63068416E-05	-6.55397965E-05	-5.49547905E-05	-1.45175228E-05
 7.100000E-01	 2.80068373E-10	-1.81824248E-10	-8.06297514E-10	-1.26505756E-09	-2.44279713E-05	-6.97307846E-05	-6.05779132E-05	-1.63306002E-05
 7.150000E-01	 3.36167936E-10	-1.66800605E-10	-8.56897349E-10	-1.31452458E-09	-2.19096406E-05	-7.40478008E-05	-6.68499734E-05	-1.85102032E-05
 7.200000E-01	 3.97726380E-10	-1.43194986E-10	-9.01193032E-10	-1.36208921E-09	-1.86504642E-05	-7.84561365E-05	-7.38357402E-05	-2.11237123E-05
 7.250000E-01	 4.68193532E-10	-1.15744687E-10	-9.53702794E-10	-1.41648127E-09	-1.45377972E-05	-8.29107141E-05	-8.16029110E-05	-2.42471869E-05
 7.300000E-01	 5.50551867E-10	-8.99133912E-11	-1.02738014E-09	-1.48274092E-09	-9.44652252E-06	-8.73545339E-05	-9.02222454E-05	-2.79663895E-05
 7.350000E-01	 6.40846080E-10	-5.75473247E-11	-1.10016560E-09	-1.54758570E-09	-3.23798919E-06	-9.17161398E-05	-9.97663691E-05	-3.23774348E-05
 7.400000E-01	 7.34909540E-10	-8.80696158E-12	-1.14950095E-09	-1.60109438E-09	 4.24071678E-06	-9.59068575E-05	-1.10307819E-04	-3.75868148E-05
 7.450000E-01	 8.37223308E-10	 5.13589436E-11	-1.19410148E-09	-1.65733074E-09	 1.31582312E-05	-9.98194836E-05	-1.21919713E-04	-4.37117569E-05
 7.500000E-01	 9.53623386E-10	 1.14456893E-10	-1.25811917E-09	-1.72935707E-09	 2.36989063E-05	-1.03324160E-04	-1.34671444E-04	-5.08791874E-05
 7.550000E-01	 1.08114585E-09	 1.84621139E-10	-1.32667843E-09	-1.80477892E-09	 3.60623836E-05	-1.06265845E-04	-1.48625248E-04	-5.92235263E-05
 7.600000E-01	 1.21490593E-09	 2.69899104E-10	-1.37751986E-09	-1.87026426E-09	 5.04675301E-05	-1.08462734E-04	-1.63840063E-04	-6.88889244E-05
 7.650000E-01	 1.35769902E-09	 3.68956622E-10	-1.42040439E-09	-1.93530950E-09	 6.71533352E-05	-1.09700611E-04	-1.80367099E-04	-8.00287972E-05
 7.700000E-01	 1.51176589E-09	 4.77517681E-10	-1.46592901E-09	-2.00450157E-09	 8.63767790E-05	-1.09731273E-04	-1.98244402E-04	-9.27991820E-05
 7.750000E-01	 1.66848330E-09	 5.98733800E-10	-1.48932607E-09	-2.05260777E-09	 1.08412268E-04	-1.08268456E-04	-2.17491788E-04	-1.07354615E-04
 7.800000E-01	 1.82016115E-09	 7.37510031E-10	-1.46914760E-09	-2.06314238E-09	 1.33554010E-04	-1.04986961E-04	-2.38113537E-04	-1.23845466E-04
 7.850000E-01	 1.97418601E-09	 8.91089590E-10	-1.42968019E-09	-2.06205224E-09	 1.62107157E-04	-9.95202347E-05	-2.60082159E-04	-1.42403101E-04
 7.900000E-01	 2.14003692E-09	 1.05361055E-09	-1.39998352E-09	-2.07356203E-09	 1.94392886E-04	-9.14558146E-05	-2.83340491E-04	-1.63139660E-04
 7.950000E-01	 2.31215661E-09	 1.22411552E-09	-1.36686770E-09	-2.07897730E-09	 2.30766936E-04	-8.03270617E-05	-3.07819881E-04	-1.86160983E-04
 8.000000E-01	 2.47841591E-09	 1.40378562E-09	-1.30323534E-09	-2.04947852E-09	 2.71597528E-04	-6.56085246E-05	-3.33401457E-04	-2.11536347E-04
 8.050000E-01	 2.63387052E-09	 1.59098061E-09	-1.20464095E-09	-1.98046119E-09	 3.17268015E-04	-4.67266690E-05	-3.59928744E-04	-2.39283643E-04
 8.100000E-01	 2.77734080E-09	 1.78194152E-09	-1.07748926E-09	-1.87617539E-09	 3.68171165E-04	-2.30645493E-05	-3.87205680E-04	-2.69353760E-04
 8.150000E-01	 2.90532999E-09	 1.97335734E-09	-9.22148145E-10	-1.73362050E-09	 4.24688327E-04	 6.00966688E-06	-4.14991719E-04	-3.01590898E-04
 8.200000E-01	 3.02043565E-09	 2.16681951E-09	-7.45288344E-10	-1.56446668E-09	 4.87189357E-04	 4.11314914E-05	-4.43009814E-04	-3.35720636E-04
 8.250000E-01	 3.13929497E-09	 2.36947439E-09	-5.72488719E-10	-1.40982907E-09	 5.56072493E-04	 8.29749304E-05	-4.70969566E-04	-3.71388200E-04
 8.300000E-01	 3.26893981E-09	 2.57951439E-09	-4.16774823E-10	-1.28165739E-09	 6.31759957E-04	 1.32260528E-04	-4.98543533E-04	-4.08137118E-04
 8.350000E-01	 3.38234258E-09	 2.77802724E-09	-2.47292503E-10	-1.11907519E-09	 7.14680951E-04	 1.89740569E-04	-5.25351333E-04	-4.45375823E-04
 8.400000E-01	 3.45203994E-09	 2.95229651E-09	-3.30367631E-11	-8.75795520E-10	 8.05280713E-04	 2.56149809E-04	-5.51015536E-04	-4.82363605E-04
 8.450000E-01	 3.49022448E-09	 3.11332785E-09	 2.08504655E-10	-5.94377623E-10	 9.03965844E-04	 3.32111844E-04	-5.75162870E-04	-5.18146604E-04
 8.500000E-01	 3.51945873E-09	 3.27216298E-09	 4.46373212E-10	-3.26766923E-10	 1.01117548E-03	 4.18147287E-04	-5.97513265E-04	-5.51632194E-04
 8.550000E-01	 3.53225474E-09	 3.41858014E-09	 6.80878594E-10	-5.94707606E-11	 1.12738251E-03	 5.14687832E-04	-6.17838516E-04	-5.81590035E-04
 8.600000E-01	 3.51347648E-09	 3.54363979E-09	 9.24699502E-10	 2.29987557E-10	 1.25307599E-03	 6.22085513E-04	-6.35876054E-04	-6.06609798E-04
 8.650000E-01	 3.47283869E-09	 3.66015584E-09	 1.17412669E-09	 5.17900489E-10	 1.38878679E-03	 7.40688170E-04	-6.51233670E-04	-6.25076000E-04
 8.700000E-01	 3.41854463E-09	 3.77113963E-09	 1.41760926E-09	 7.84849770E-10	 1.53505031E-03	 8.70804300E-04	-6.63303729E-04	-6.35073613E-04
 8.750000E-01	 3.32206174E-09	 3.84360365E-09	 1.65392363E-09	 1.06182747E-09	 1.69234886E-03	 1.01248857E-03	-6.71322050E-04	-6.34324789E-04
 8.800000E-01	 3.16078574E-09	 3.86616812E-09	 1.89265773E-09	 1.36547515E-09	 1.86111145E-03	 1.16537484E-03	-6.74481851E-04	-6.20248963E-04
 8.850000E-01	 2.97468226E-09	 3.89829482E-09	 2.14124611E-09	 1.64097851E-09	 2.04175989E-03	 1.32863604E-03	-6.71959500E-04	-5.90052076E-04
 8.900000E-01	 2.80352782E-09	 3.97626373E-09	 2.38720419E-09	 1.84236715E-09	 2.23466626E-03	 1.50097089E-03	-6.62743323E-04	-5.40714104E-04
 8.950000E-01	 2.59833510E-09	 4.02569501E-09	 2.59898912E-09	 2.00526534E-09	 2.44004296E-03	 1.68049534E-03	-6.45387093E-04	-4.68885228E-04
 9.000000E-01	 2.29105160E-09	 3.97763033E-09	 2.76268123E-09	 2.16936036E-09	 2.65776041E-03	 1.86464860E-03	-6.17679722E-04	-3.70789674E-04
 9.050000E-01	 1.90166260E-09	 3.88787854E-09	 2.89982018E-09	 2.30461758E-09	 2.88751558E-03	 2.05009557E-03	-5.76936252E-04	-2.42619687E-04
 9.100000E-01	 1.49010298E-09	 3.84752575E-09	 3.03043650E-09	 2.36580909E-09	 3.12826748E-03	 2.23228408E-03	-5.19511221E-04	-8.10577628E-05
 9.150000E-01	 1.07321116E-09	 3.87959942E-09	 3.14978701E-09	 2.35190788E-09	 3.37992832E-03	 2.40540201E-03	-4.43475202E-04	 1.15347304E-04
 9.200000E-01	 6.35483762E-10	 3.95474329E-09	 3.22149269E-09	 2.27187257E-09	 3.63766502E-03	 2.56296693E-03	-3.38901520E-04	 3.48674931E-04
 9.250000E-01	 1.42725333E-10	 4.01907812E-09	 3.18270857E-09	 2.11202674E-09	 3.90235387E-03	 2.69665098E-03	-2.05746884E-04	 6.16468038E-04
 9.300000E-01	-4.21805726E-10	 4.05357962E-09	 2.99283537E-09	 1.87668937E-09	 4.16151982E-03	 2.79751383E-03	-2.21297679E-05	 9.18777722E-04
 9.350000E-01	-1.01203902E-09	 4.13585959E-09	 2.69504686E-09	 1.63388329E-09	 4.39905235E-03	 2.86068516E-03	 2.39181657E-04	 1.24440860E-03
 9.400000E-01	-1.57170172E-09	 4.33663539E-09	 2.34335002E-09	 1.46711915E-09	 4.61744167E-03	 2.87312041E-03	 5.68233121E-04	 1.57614140E-03
 9.450000E-01	-2.08724562E-09	 4.64664070E-09	 1.83587190E-09	 1.33288142E-09	 4.82099146E-03	 2.80140405E-03	 9.46974923E-04	 1.92356208E-03
 9.500000E-01	-2.67846122E-09	 4.85287705E-09	 1.28902009E-09	 1.36831490E-09	 4.97240282E-03	 2.70524168E-03	 1.42019126E-03	 2.14773789E-03
 9.550000E-01	-2.84827931E-09	 4.87581717E-09	 3.41915735E-10	 1.55883762E-09	 4.98613190E-03	 2.46991156E-03	 2.01070661E-03	 2.38352929E-03
 9.600000E-01	-3.01453284E-09	 5.19101546E-09	-7.14640401E-10	 2.13181565E-09	 4.99440007E-03	 2.12870460E-03	 2.69190243E-03	 2.48073586E-03
 9.650000E-01	-2.58617040E-09	 4.71767818E-09	-1.07575793E-09	 1.96729793E-09	 4.71258048E-03	 2.07095256E-03	 3.02484101E-03	 2.70708017E-03
 9.700000E-01	-1.63782822E-09	 4.55433937E-09	-1.34636606E-09	 1.69563827E-09	 4.58669000E-03	 2.01656125E-03	 3.46418600E-03	 3.05233039E-03
 9.750000E-01	 3.50830025E-10	 4.22638465E-09	-2.86248885E-10	-1.86480659E-10	 7.57991314E-03	 8.60794059E-04	-7.18258656E-04	 2.05148083E-03
 9.800000E-01	-2.20230918E-09	-5.76740828E-10	 3.58842806E-09	-3.57083796E-09	 7.42347165E-02	 3.57229610E-03	-7.33317036E-02	-3.29167755E-03
 9.850000E-01	-1.73941057E-09	-6.54511974E-09	-2.18240953E-09	-6.04852039E-09	 1.70703387E-02	-3.46873738E-03	 1.37784800E-02	-1.11546281E-02
 9.900000E-01	 2.18509134E-09	-2.49359940E-09	-8.98819002E-10	-8.00573086E-09	-2.59621173E-02	-5.77089127E-03	 5.59488842E-04	-1.03070974E-04
 9.950000E-01	-2.04521653E-09	-2.82152514E-09	-5.13224571E-09	-5.50852092E-09	-1.66817325E-02	 8.84618858E-03	-1.63743310E-02	 8.58132002E-03
 1.000000E+00	 0.00000000E+00	 0.00000000E+00	 0.00000000E+00	 0.00000000E+00	 0.00000000E+00	 0.00000000E+00	 0.00000000E+00	 0.00000000E+00
