r	R 11/11	R 12/11	R 13/11	R 14/11	I 11/11	I 12/11	I 13/11	I 14/11
 0.000000E+00	 0.00000000E+00	 0.00000000E+00	 0.00000000E+00	 0.00000000E+00	 0.00000000E+00	 0.00000000E+00	 0.00000000E+00	 0.00000000E+00
 5.000000E-03	-1.77253116E-22	-2.28466581E-21	 7.28567845E-22	 2.18250738E-21	 3.07160965E-25	 1.17796527E-24	-2.81478122E-25	 8.62330918E-25
 1.000000E-02	-1.33249210E-20	-7.56998958E-20	 1.90244176E-20	 2.49879473E-20	 1.00941478E-23	-1.05710644E-23	-3.01620821E-25	 1.82201268E-23
 1.500000E-02	-3.65808145E-19	-9.25565960E-19	 2.44223692E-19	 1.21299169E-19	 9.04481323E-23	-3.64346011E-22	 6.12482802E-23	 1.30918698E-22
 2.000000E-02	-5.19929685E-18	-6.50900915E-18	 1.95565417E-18	 2.53156742E-19	-1.60965823E-22	-3.49520266E-21	 8.14138529E-22	 4.26885963E-22
 2.500000E-02	-4.65065075E-17	-3.19914575E-17	 1.11607099E-17	-2.72579237E-19	-8.67412729E-21	-1.95919265E-20	 5.51048050E-21	 2.63549934E-22
 3.000000E-02	-2.97277973E-16	-1.23256015E-16	 4.94656191E-17	-3.91232934E-18	-8.09345094E-20	-7.67661273E-20	 2.49378928E-20	-4.03081295E-21
 3.500000E-02	-1.47717284E-15	-4.02185375E-16	 1.80423750E-16	-1.57079941E-17	-4.60534748E-19	-2.39755623E-19	 7.86876078E-20	-1.86972659E-20
 4.000000E-02	-6.04256816E-15	-1.17529695E-15	 5.63621958E-16	-4.09457509E-17	-1.95411511E-18	-6.97036572E-19	 1.86917534E-19	-3.99340411E-20
 4.500000E-02	-2.11862408E-14	-3.20147081E-15	 1.55044895E-15	-7.33692489E-17	-6.85426152E-18	-2.01995588E-18	 3.80851164E-19	-5.61594339E-20
 5.000000E-02	-6.55583937E-14	-8.33928528E-15	 3.82926265E-15	-6.29448535E-17	-2.09828089E-17	-5.65185148E-18	 6.40257391E-19	-8.33132995E-20
 5.500000E-02	-1.82978047E-13	-2.10319295E-14	 8.60270226E-15	 1.52307036E-16	-5.75488590E-17	-1.47530371E-17	 6.10653239E-19	-2.66929248E-19
 6.000000E-02	-4.68347372E-13	-5.15010962E-14	 1.77180448E-14	 9.67266708E-16	-1.43298710E-16	-3.54278156E-17	-1.54738314E-18	-1.16334749E-18
 6.500000E-02	-1.11360765E-12	-1.22188324E-13	 3.35445199E-14	 3.19173179E-15	-3.26231459E-16	-8.02843793E-17	-1.25788636E-17	-3.61337187E-18
 7.000000E-02	-2.48493314E-12	-2.79999925E-13	 5.81540676E-14	 8.26769335E-15	-6.85984101E-16	-1.79242156E-16	-4.72437729E-17	-8.28393726E-18
 7.500000E-02	-5.24645111E-12	-6.18416938E-13	 9.09625061E-14	 1.84238547E-14	-1.35286858E-15	-3.96928972E-16	-1.30969801E-16	-1.67259511E-17
 8.000000E-02	-1.05505650E-11	-1.31558840E-12	 1.23358810E-13	 3.65213684E-14	-2.53749977E-15	-8.57051292E-16	-3.08269456E-16	-3.31638719E-17
 8.500000E-02	-2.03201896E-11	-2.69728159E-12	 1.27867724E-13	 6.50699341E-14	-4.57261195E-15	-1.77796258E-15	-6.54884025E-16	-6.95677878E-17
 9.000000E-02	-3.76539378E-11	-5.33702320E-12	 3.80412534E-14	 1.03465631E-13	-7.96567454E-15	-3.51051490E-15	-1.30597579E-15	-1.60732544E-16
 9.500000E-02	-6.73904741E-11	-1.02101347E-11	-2.86701952E-13	 1.41784254E-13	-1.34463264E-14	-6.57488618E-15	-2.50103696E-15	-3.93100260E-16
 1.000000E-01	-1.16873930E-10	-1.89234699E-11	-1.11957847E-12	 1.48471579E-13	-2.19762382E-14	-1.16752571E-14	-4.67767357E-15	-9.64765968E-16
 1.050000E-01	-1.96963500E-10	-3.40506291E-11	-2.96062211E-12	 4.76852064E-14	-3.46524334E-14	-1.97897990E-14	-8.66823871E-15	-2.23626990E-15
 1.100000E-01	-3.23339479E-10	-5.96082020E-11	-6.68264408E-12	-3.20079541E-13	-5.26277793E-14	-3.24943474E-14	-1.57690536E-14	-4.70683092E-15
 1.150000E-01	-5.18156871E-10	-1.01718111E-10	-1.37516540E-11	-1.26326529E-12	-7.72530683E-14	-5.21408707E-14	-2.76262213E-14	-9.12181346E-15
 1.200000E-01	-8.12109233E-10	-1.69507262E-10	-2.65474312E-11	-3.34207656E-12	-1.10082852E-13	-8.15739650E-14	-4.64500258E-14	-1.68618193E-14
 1.250000E-01	-1.24692571E-09	-2.76290568E-10	-4.88121659E-11	-7.52343527E-12	-1.52434549E-13	-1.23876196E-13	-7.54759307E-14	-3.03111383E-14
 1.300000E-01	-1.87827110E-09	-4.41115648E-10	-8.62787383E-11	-1.54119514E-11	-2.04760878E-13	-1.82183788E-13	-1.19257477E-13	-5.32189775E-14
 1.350000E-01	-2.77914334E-09	-6.90751466E-10	-1.47526864E-10	-2.95825383E-11	-2.65784817E-13	-2.59520726E-13	-1.84072665E-13	-9.11119684E-14
 1.400000E-01	-4.04371881E-09	-1.06218592E-09	-2.45121441E-10	-5.40462329E-11	-3.31718094E-13	-3.59247927E-13	-2.77926969E-13	-1.51228913E-13
 1.450000E-01	-5.79183642E-09	-1.60558178E-09	-3.97054918E-10	-9.48784299E-11	-3.96165212E-13	-4.85216909E-13	-4.09866639E-13	-2.42520320E-13
 1.500000E-01	-8.17454571E-09	-2.38733158E-09	-6.28410293E-10	-1.61008314E-10	-4.50139380E-13	-6.40989968E-13	-5.89161052E-13	-3.75950594E-13
 1.550000E-01	-1.13792237E-08	-3.49400311E-09	-9.73579097E-10	-2.65252129E-10	-4.82397688E-13	-8.27439307E-13	-8.22754778E-13	-5.64657149E-13
 1.600000E-01	-1.56346363E-08	-5.03733786E-09	-1.47899862E-09	-4.25633634E-10	-4.78028300E-13	-1.03537700E-12	-1.11417200E-12	-8.27148768E-13
 1.650000E-01	-2.12168563E-08	-7.15911481E-09	-2.20616130E-09	-6.66943378E-10	-4.11155212E-13	-1.24285380E-12	-1.47034807E-12	-1.18978899E-12
 1.700000E-01	-2.84549575E-08	-1.00363701E-08	-3.23506479E-09	-1.02257273E-09	-2.42976331E-13	-1.43143719E-12	-1.90280003E-12	-1.67515852E-12
 1.750000E-01	-3.77361218E-08	-1.38868441E-08	-4.66803983E-09	-1.53657845E-09	 6.33949731E-14	-1.59466006E-12	-2.40811115E-12	-2.28814120E-12
 1.800000E-01	-4.95089396E-08	-1.89759881E-08	-6.63466670E-09	-2.26619250E-09	 5.35004187E-13	-1.71078126E-12	-2.95555130E-12	-3.02701933E-12
 1.850000E-01	-6.42890874E-08	-2.56244237E-08	-9.29670979E-09	-3.28464894E-09	 1.20512653E-12	-1.72392280E-12	-3.50485084E-12	-3.89877257E-12
 1.900000E-01	-8.26646056E-08	-3.42122183E-08	-1.28523015E-08	-4.68388683E-09	 2.12262455E-12	-1.56688182E-12	-4.01892847E-12	-4.90438510E-12
 1.950000E-01	-1.05296772E-07	-4.51828900E-08	-1.75407157E-08	-6.57731713E-09	 3.34037069E-12	-1.18173163E-12	-4.45253236E-12	-6.01839445E-12
 2.000000E-01	-1.32919985E-07	-5.90478893E-08	-2.36471533E-08	-9.10267913E-09	 4.90604251E-12	-5.19502452E-13	-4.74536901E-12	-7.18599489E-12
 2.050000E-01	-1.66351876E-07	-7.63985253E-08	-3.15107762E-08	-1.24263569E-08	 6.85909051E-12	 4.59193412E-13	-4.82698811E-12	-8.32569138E-12
 2.100000E-01	-2.06525516E-07	-9.79383889E-08	-4.15428196E-08	-1.67521624E-08	 9.22947945E-12	 1.78528665E-12	-4.62289275E-12	-9.33649483E-12
 2.150000E-01	-2.54479143E-07	-1.24482810E-07	-5.42324293E-08	-2.23257830E-08	 1.20385448E-11	 3.48561212E-12	-4.05634703E-12	-1.01013047E-11
 2.200000E-01	-3.11325491E-07	-1.56937153E-07	-7.01410543E-08	-2.94344655E-08	 1.53001896E-11	 5.58944341E-12	-3.04938979E-12	-1.04924773E-11
 2.250000E-01	-3.78265246E-07	-1.96312069E-07	-8.99132084E-08	-3.84135532E-08	 1.90310755E-11	 8.13313898E-12	-1.53772457E-12	-1.03918430E-11
 2.300000E-01	-4.56569836E-07	-2.43724689E-07	-1.14281849E-07	-4.96512987E-08	 2.32587438E-11	 1.11434017E-11	 5.09910934E-13	-9.69861028E-12
 2.350000E-01	-5.47548424E-07	-3.00390983E-07	-1.44069080E-07	-6.35920685E-08	 2.80146423E-11	 1.46232073E-11	 3.09401483E-12	-8.32743015E-12
 2.400000E-01	-6.52572975E-07	-3.67633032E-07	-1.80192053E-07	-8.07417015E-08	 3.33330748E-11	 1.85711482E-11	 6.19493627E-12	-6.22870271E-12
 2.450000E-01	-7.73098380E-07	-4.46885056E-07	-2.23669286E-07	-1.01673299E-07	 3.92683982E-11	 2.29995497E-11	 9.75759291E-12	-3.42216577E-12
 2.500000E-01	-9.10645528E-07	-5.39688008E-07	-2.75620371E-07	-1.27030375E-07	 4.59012332E-11	 2.79046779E-11	 1.36781305E-11	 1.88761482E-14
 2.550000E-01	-1.06683652E-06	-6.47704773E-07	-3.37272897E-07	-1.57532567E-07	 5.32772202E-11	 3.32523832E-11	 1.79200513E-11	 4.08059457E-12
 2.600000E-01	-1.24337297E-06	-7.72708971E-07	-4.09958734E-07	-1.93976773E-07	 6.13470077E-11	 3.91903141E-11	 2.27315071E-11	 8.80009988E-12
 2.650000E-01	-1.44198410E-06	-9.16555302E-07	-4.95099341E-07	-2.37233155E-07	 7.01637459E-11	 4.62667361E-11	 2.84502946E-11	 1.38964997E-11
 2.700000E-01	-1.66453182E-06	-1.08123685E-06	-5.94231397E-07	-2.88257964E-07	 8.01211642E-11	 5.49061043E-11	 3.48639365E-11	 1.87173002E-11
 2.750000E-01	-1.91339897E-06	-1.26914154E-06	-7.09144339E-07	-3.48159960E-07	 9.15825612E-11	 6.47353382E-11	 4.14347880E-11	 2.31026544E-11
 2.800000E-01	-2.19139767E-06	-1.48300964E-06	-8.41863944E-07	-4.18195064E-07	 1.04346502E-10	 7.53259001E-11	 4.85121126E-11	 2.77768671E-11
 2.850000E-01	-2.50136061E-06	-1.72565792E-06	-9.94498569E-07	-4.99689799E-07	 1.18084500E-10	 8.73274975E-11	 5.72592724E-11	 3.31886601E-11
 2.900000E-01	-2.84596452E-06	-1.99984194E-06	-1.16914907E-06	-5.93990734E-07	 1.33076445E-10	 1.01683908E-10	 6.80415160E-11	 3.88077001E-11
 2.950000E-01	-3.22722974E-06	-2.30787719E-06	-1.36767120E-06	-7.02332570E-07	 1.49770475E-10	 1.18183754E-10	 8.02007842E-11	 4.43488323E-11
 3.000000E-01	-3.64710497E-06	-2.65201888E-06	-1.59187533E-06	-8.25924885E-07	 1.68009789E-10	 1.36051525E-10	 9.36401225E-11	 5.06817846E-11
 3.050000E-01	-4.10805396E-06	-3.03488881E-06	-1.84377887E-06	-9.66080382E-07	 1.87376497E-10	 1.55324221E-10	 1.09159980E-10	 5.87478275E-11
 3.100000E-01	-4.61203227E-06	-3.45871821E-06	-2.12515419E-06	-1.12397544E-06	 2.07879661E-10	 1.76480211E-10	 1.27071019E-10	 6.85582816E-11
 3.150000E-01	-5.16038216E-06	-3.92524164E-06	-2.43745121E-06	-1.30059907E-06	 2.29782184E-10	 1.99371874E-10	 1.46795244E-10	 7.99151992E-11
 3.200000E-01	-5.75471330E-06	-4.43634717E-06	-2.78217431E-06	-1.49694008E-06	 2.53086811E-10	 2.23458327E-10	 1.67903051E-10	 9.32046326E-11
 3.250000E-01	-6.39671363E-06	-4.99392070E-06	-3.16078379E-06	-1.71392403E-06	 2.77612544E-10	 2.48598634E-10	 1.90506675E-10	 1.08905104E-10
 3.300000E-01	-7.08773143E-06	-5.59952625E-06	-3.57451157E-06	-1.95231765E-06	 3.03332792E-10	 2.74995948E-10	 2.14671222E-10	 1.27014962E-10
 3.350000E-01	-7.82887501E-06	-6.25446964E-06	-4.02437908E-06	-2.21273230E-06	 3.30291039E-10	 3.02731046E-10	 2.40255037E-10	 1.47378426E-10
 3.400000E-01	-8.62327283E-06	-6.96160970E-06	-4.51235578E-06	-2.49625371E-06	 3.58426491E-10	 3.31912593E-10	 2.67448071E-10	 1.70100499E-10
 3.450000E-01	-9.47920351E-06	-7.72797227E-06	-5.04310467E-06	-2.80542489E-06	 3.87837495E-10	 3.63171028E-10	 2.96905089E-10	 1.95195047E-10
 3.500000E-01	-1.04057098E-05	-8.56131777E-06	-5.62182454E-06	-3.14308540E-06	 4.18903870E-10	 3.97151705E-10	 3.28877763E-10	 2.22144829E-10
 3.550000E-01	-1.14090660E-05	-9.46725302E-06	-6.25238318E-06	-3.51133580E-06	 4.51688635E-10	 4.33504851E-10	 3.63177843E-10	 2.51032136E-10
 3.600000E-01	-1.24954106E-05	-1.04513506E-05	-6.93868756E-06	-3.91228883E-06	 4.85233178E-10	 4.71671172E-10	 4.01064809E-10	 2.83871102E-10
 3.650000E-01	-1.36715567E-05	-1.15198670E-05	-7.68512023E-06	-4.34830752E-06	 5.18451808E-10	 5.12931612E-10	 4.45530692E-10	 3.22537533E-10
 3.700000E-01	-1.49442011E-05	-1.26790624E-05	-8.49604893E-06	-4.82173245E-06	 5.51939808E-10	 5.59630012E-10	 4.97838392E-10	 3.65745927E-10
 3.750000E-01	-1.63186586E-05	-1.39340538E-05	-9.37504215E-06	-5.33444887E-06	 5.87458189E-10	 6.12059379E-10	 5.55657095E-10	 4.10666401E-10
 3.800000E-01	-1.78009461E-05	-1.52906420E-05	-1.03260691E-05	-5.88855964E-06	 6.26079179E-10	 6.68272852E-10	 6.15848870E-10	 4.56481664E-10
 3.850000E-01	-1.93963775E-05	-1.67541875E-05	-1.13528619E-05	-6.48608365E-06	 6.67387385E-10	 7.25753383E-10	 6.77001412E-10	 5.05128939E-10
 3.900000E-01	-2.11080564E-05	-1.83282811E-05	-1.24580728E-05	-7.12844418E-06	 7.09416197E-10	 7.83000602E-10	 7.40747577E-10	 5.60570188E-10
 3.950000E-01	-2.29396591E-05	-2.00171202E-05	-1.36447881E-05	-7.81717394E-06	 7.50437252E-10	 8.41974143E-10	 8.11275677E-10	 6.25117449E-10
 4.000000E-01	-2.48901453E-05	-2.18209281E-05	-1.49134502E-05	-8.55218569E-06	 7.91628686E-10	 9.06225940E-10	 8.89347832E-10	 6.94630820E-10
 4.050000E-01	-2.69550985E-05	-2.37371833E-05	-1.62626761E-05	-9.33226264E-06	 8.35746167E-10	 9.75114297E-10	 9.69359031E-10	 7.62498355E-10
 4.100000E-01	-2.91390879E-05	-2.57712720E-05	-1.76963021E-05	-1.01590017E-05	 8.83403924E-10	 1.04404847E-09	 1.04598568E-09	 8.27853481E-10
 4.150000E-01	-3.14580637E-05	-2.79383698E-05	-1.92245564E-05	-1.10374564E-05	 9.32347369E-10	 1.10922642E-09	 1.11971028E-09	 8.96439253E-10
 4.200000E-01	-3.39266953E-05	-3.02525847E-05	-2.08568827E-05	-1.19721114E-05	 9.78436272E-10	 1.17038156E-09	 1.19703885E-09	 9.76829571E-10
 4.250000E-01	-3.65482662E-05	-3.27183766E-05	-2.25963441E-05	-1.29638426E-05	 1.01921394E-09	 1.23369270E-09	 1.28701487E-09	 1.07201961E-09
 4.300000E-01	-3.93226670E-05	-3.53374147E-05	-2.44441301E-05	-1.40124162E-05	 1.05930383E-09	 1.30736229E-09	 1.38932376E-09	 1.17105425E-09
 4.350000E-01	-4.22546350E-05	-3.81157648E-05	-2.64043406E-05	-1.51190846E-05	 1.10497464E-09	 1.38773793E-09	 1.49060125E-09	 1.26269673E-09
 4.400000E-01	-4.53530647E-05	-4.10634478E-05	-2.84837708E-05	-1.62865036E-05	 1.15253463E-09	 1.46242950E-09	 1.58541944E-09	 1.35651658E-09
 4.450000E-01	-4.86254625E-05	-4.41895376E-05	-3.06885748E-05	-1.75168059E-05	 1.19400229E-09	 1.53162030E-09	 1.68661458E-09	 1.46741008E-09
 4.500000E-01	-5.20721947E-05	-4.74968585E-05	-3.30205781E-05	-1.88094587E-05	 1.23198661E-09	 1.60721768E-09	 1.80055707E-09	 1.58687721E-09
 4.550000E-01	-5.56908856E-05	-5.09858890E-05	-3.54799301E-05	-2.01627780E-05	 1.27452458E-09	 1.68919398E-09	 1.91358793E-09	 1.69795680E-09
 4.600000E-01	-5.94762842E-05	-5.46545102E-05	-3.80648523E-05	-2.15737080E-05	 1.31936989E-09	 1.76464628E-09	 2.01640449E-09	 1.80578137E-09
 4.650000E-01	-6.34180714E-05	-5.84959210E-05	-4.07702121E-05	-2.30370457E-05	 1.35856800E-09	 1.83078390E-09	 2.11827207E-09	 1.92430740E-09
 4.700000E-01	-6.75100082E-05	-6.25069064E-05	-4.35931227E-05	-2.45485764E-05	 1.39330029E-09	 1.89673097E-09	 2.22509874E-09	 2.04809693E-09
 4.750000E-01	-7.17493473E-05	-6.66870906E-05	-4.65322937E-05	-2.61045915E-05	 1.42883852E-09	 1.96211100E-09	 2.32735510E-09	 2.16636704E-09
 4.800000E-01	-7.61319216E-05	-7.10346388E-05	-4.95852753E-05	-2.77004999E-05	 1.46036992E-09	 2.01697144E-09	 2.42308253E-09	 2.29020600E-09
 4.850000E-01	-8.06520466E-05	-7.55465519E-05	-5.27488653E-05	-2.93311196E-05	 1.48099756E-09	 2.06576198E-09	 2.52770871E-09	 2.43169971E-09
 4.900000E-01	-8.53118684E-05	-8.02273181E-05	-5.60250849E-05	-3.09940262E-05	 1.49968194E-09	 2.12447708E-09	 2.64170055E-09	 2.56914304E-09
 4.950000E-01	-9.01445912E-05	-8.51108265E-05	-5.94361876E-05	-3.26976239E-05	 1.52882024E-09	 2.18651341E-09	 2.73835586E-09	 2.67999277E-09
 5.000000E-01	-9.51891339E-05	-9.02376154E-05	-6.30093872E-05	-3.44526919E-05	 1.55695526E-09	 2.22602713E-09	 2.81199479E-09	 2.79478251E-09
 5.050000E-01	-1.00460170E-04	-9.56275469E-05	-6.67584406E-05	-3.62623932E-05	 1.56391764E-09	 2.24657982E-09	 2.90064677E-09	 2.95678805E-09
 5.100000E-01	-1.05972363E-04	-1.01302648E-04	-7.06993292E-05	-3.81308390E-05	 1.55679768E-09	 2.28192603E-09	 3.02679727E-09	 3.14806488E-09
 5.150000E-01	-1.11769936E-04	-1.07315624E-04	-7.48701771E-05	-4.00739174E-05	 1.55685547E-09	 2.34057268E-09	 3.16368586E-09	 3.32602847E-09
 5.200000E-01	-1.17909396E-04	-1.13734268E-04	-7.93203886E-05	-4.21127550E-05	 1.56268797E-09	 2.39797498E-09	 3.29000072E-09	 3.50205985E-09
 5.250000E-01	-1.24415327E-04	-1.20598879E-04	-8.40808756E-05	-4.42573180E-05	 1.55672994E-09	 2.44275810E-09	 3.42553821E-09	 3.71886294E-09
 5.300000E-01	-1.31292300E-04	-1.27933720E-04	-8.91721975E-05	-4.65111361E-05	 1.53327241E-09	 2.49029377E-09	 3.59667812E-09	 3.98759296E-09
 5.350000E-01	-1.38512451E-04	-1.35735378E-04	-9.45973331E-05	-4.88684425E-05	 1.50246657E-09	 2.55943973E-09	 3.80388786E-09	 4.28028582E-09
 5.400000E-01	-1.46035833E-04	-1.43991262E-04	-1.00354219E-04	-5.13209505E-05	 1.48252660E-09	 2.65451623E-09	 4.01731567E-09	 4.55199610E-09
 5.450000E-01	-1.53858296E-04	-1.52726212E-04	-1.06467618E-04	-5.38738663E-05	 1.48033775E-09	 2.74738023E-09	 4.19417454E-09	 4.79064195E-09
 5.500000E-01	-1.61964266E-04	-1.61957519E-04	-1.12958337E-04	-5.65296012E-05	 1.46787692E-09	 2.79666017E-09	 4.34034322E-09	 5.06429879E-09
 5.550000E-01	-1.70243061E-04	-1.71611764E-04	-1.19786753E-04	-5.92603120E-05	 1.41679955E-09	 2.81959846E-09	 4.52326057E-09	 5.42823624E-09
 5.600000E-01	-1.78571210E-04	-1.81602316E-04	-1.26904519E-04	-6.20339365E-05	 1.35808814E-09	 2.87975227E-09	 4.75157538E-09	 5.79371055E-09
 5.650000E-01	-1.86913494E-04	-1.91926652E-04	-1.34318472E-04	-6.48438347E-05	 1.33880209E-09	 2.96623824E-09	 4.92406546E-09	 6.04845205E-09
 5.700000E-01	-1.95221855E-04	-2.02568401E-04	-1.42025780E-04	-6.76782418E-05	 1.33418020E-09	 2.99290757E-09	 4.99046779E-09	 6.25994902E-09
 5.750000E-01	-2.03386149E-04	-2.13449422E-04	-1.49983322E-04	-7.05076050E-05	 1.28874618E-09	 2.94471868E-09	 5.03782696E-09	 6.55935446E-09
 5.800000E-01	-2.11362863E-04	-2.24558848E-04	-1.58194880E-04	-7.33251110E-05	 1.21259067E-09	 2.89611546E-09	 5.13043726E-09	 6.91131365E-09
 5.850000E-01	-2.19210244E-04	-2.35993437E-04	-1.66738944E-04	-7.61570822E-05	 1.15522756E-09	 2.87937683E-09	 5.20965463E-09	 7.19221214E-09
 5.900000E-01	-2.26931960E-04	-2.47800480E-04	-1.75663181E-04	-7.90144081E-05	 1.12728732E-09	 2.85165356E-09	 5.20507972E-09	 7.38180884E-09
 5.950000E-01	-2.34482041E-04	-2.59981979E-04	-1.84988390E-04	-8.18961752E-05	 1.10344479E-09	 2.77277178E-09	 5.11980597E-09	 7.55068114E-09
 6.000000E-01	-2.41915913E-04	-2.72656103E-04	-1.94818666E-04	-8.48365785E-05	 1.05867080E-09	 2.64138986E-09	 5.00428093E-09	 7.77295448E-09
 6.050000E-01	-2.49323855E-04	-2.85992686E-04	-2.05298578E-04	-8.78841590E-05	 9.82600291E-10	 2.48809087E-09	 4.91886884E-09	 8.08516842E-09
 6.100000E-01	-2.56720997E-04	-3.00095939E-04	-2.16534128E-04	-9.10685689E-05	 8.87639560E-10	 2.35514858E-09	 4.89067386E-09	 8.45722605E-09
 6.150000E-01	-2.64055983E-04	-3.15009513E-04	-2.28595526E-04	-9.44026031E-05	 7.95634153E-10	 2.25833202E-09	 4.89361389E-09	 8.83043154E-09
 6.200000E-01	-2.71233280E-04	-3.30737158E-04	-2.41531498E-04	-9.78897714E-05	 7.12846554E-10	 2.18073789E-09	 4.89366924E-09	 9.19017036E-09
 6.250000E-01	-2.78256114E-04	-3.47410585E-04	-2.55487973E-04	-1.01570992E-04	 6.28491824E-10	 2.10077904E-09	 4.88966930E-09	 9.57557374E-09
 6.300000E-01	-2.85145079E-04	-3.65204978E-04	-2.70652064E-04	-1.05499926E-04	 5.23082820E-10	 2.00964643E-09	 4.91586374E-09	 1.00490175E-08
 6.350000E-01	-2.91714825E-04	-3.84066960E-04	-2.87062337E-04	-1.09674557E-04	 3.84581590E-10	 1.92695952E-09	 5.02273949E-09	 1.06358730E-08
 6.400000E-01	-2.97759863E-04	-4.03928107E-04	-3.04761460E-04	-1.14101791E-04	 2.29680503E-10	 1.89032215E-09	 5.21931351E-09	 1.12717983E-08
 6.450000E-01	-3.03179346E-04	-4.24867700E-04	-3.23914236E-04	-1.18837479E-04	 8.25273171E-11	 1.90004245E-09	 5.45193130E-09	 1.18791395E-08
 6.500000E-01	-3.07763126E-04	-4.46846312E-04	-3.44620578E-04	-1.23921372E-04	-6.56226053E-11	 1.91495029E-09	 5.68711337E-09	 1.24775912E-08
 6.550000E-01	-3.11188599E-04	-4.69689251E-04	-3.66908492E-04	-1.29388018E-04	-2.37215408E-10	 1.92024769E-09	 5.95443038E-09	 1.31153041E-08
 6.600000E-01	-3.13107822E-04	-4.93196931E-04	-3.90820902E-04	-1.35307800E-04	-4.25348462E-10	 1.93772510E-09	 6.26144810E-09	 1.37448231E-08
 6.650000E-01	-3.13208462E-04	-5.17241198E-04	-4.16491781E-04	-1.41812139E-04	-6.14778728E-10	 1.95857505E-09	 6.55813084E-09	 1.43074892E-08
 6.700000E-01	-3.11209084E-04	-5.41763961E-04	-4.44139054E-04	-1.49080567E-04	-8.28402704E-10	 1.93811245E-09	 6.84117127E-09	 1.48743920E-08
 6.750000E-01	-3.06766557E-04	-5.66614265E-04	-4.73925767E-04	-1.57288508E-04	-1.10009581E-09	 1.87789436E-09	 7.19392769E-09	 1.55311839E-08
 6.800000E-01	-2.99507905E-04	-5.91583045E-04	-5.05997126E-04	-1.66644442E-04	-1.41492972E-09	 1.83481759E-09	 7.64938922E-09	 1.61859603E-08
 6.850000E-01	-2.89067867E-04	-6.16490097E-04	-5.40562998E-04	-1.77416696E-04	-1.72607507E-09	 1.83039234E-09	 8.11056318E-09	 1.66571782E-08
 6.900000E-01	-2.75074172E-04	-6.41134125E-04	-5.77829998E-04	-1.89885480E-04	-2.00838416E-09	 1.82120542E-09	 8.44980971E-09	 1.68687653E-08
 6.950000E-01	-2.57154008E-04	-6.65294631E-04	-6.18011619E-04	-2.04370304E-04	-2.27964645E-09	 1.72929808E-09	 8.60788200E-09	 1.69132506E-08
 7.000000E-01	-2.34922889E-04	-6.88754114E-04	-6.61375472E-04	-2.21257592E-04	-2.60888972E-09	 1.48488942E-09	 8.67114088E-09	 1.70485091E-08
 7.050000E-01	-2.07950786E-04	-7.11215893E-04	-7.08160335E-04	-2.40961685E-04	-3.05538415E-09	 1.13584727E-09	 8.85894423E-09	 1.74483618E-08
 7.100000E-01	-1.75786594E-04	-7.32310469E-04	-7.58560124E-04	-2.63910863E-04	-3.56611395E-09	 8.34850698E-10	 9.23794390E-09	 1.78799064E-08
 7.150000E-01	-1.37988950E-04	-7.51646797E-04	-8.12759983E-04	-2.90552125E-04	-4.05260487E-09	 5.96906050E-10	 9.59233868E-09	 1.80507659E-08
 7.200000E-01	-9.41140059E-05	-7.68802038E-04	-8.70940462E-04	-3.21363454E-04	-4.56345772E-09	 2.58502491E-10	 9.82401549E-09	 1.81801338E-08
 7.250000E-01	-4.36628376E-05	-7.83084727E-04	-9.33042007E-04	-3.56784110E-04	-5.19918704E-09	-2.05503869E-10	 1.01654165E-08	 1.85975643E-08
 7.300000E-01	 1.38540923E-05	-7.93561022E-04	-9.98738908E-04	-3.97184750E-04	-5.89322631E-09	-6.01963058E-10	 1.07084611E-08	 1.90172037E-08
 7.350000E-01	 7.88320909E-05	-7.99430708E-04	-1.06780809E-03	-4.42966294E-04	-6.50480524E-09	-8.94636310E-10	 1.11289005E-08	 1.89863877E-08
 7.400000E-01	 1.51619327E-04	-7.99842440E-04	-1.13994635E-03	-4.94509073E-04	-7.07957836E-09	-1.32146905E-09	 1.12204138E-08	 1.87540820E-08
 7.450000E-01	 2.32520247E-04	-7.93973083E-04	-1.21485802E-03	-5.52179267E-04	-7.76754410E-09	-1.97695533E-09	 1.12611795E-08	 1.88487855E-08
 7.500000E-01	 3.21848415E-04	-7.81268934E-04	-1.29257636E-03	-6.16437144E-04	-8.54603882E-09	-2.64986032E-09	 1.14961223E-08	 1.91431763E-08
 7.550000E-01	 4.19904989E-04	-7.60849806E-04	-1.37273971E-03	-6.87594674E-04	-9.27587157E-09	-3.22042095E-09	 1.17253591E-08	 1.91690296E-08
 7.600000E-01	 5.26888742E-04	-7.31515659E-04	-1.45451674E-03	-7.65744930E-04	-9.95599094E-09	-3.84363836E-09	 1.17256515E-08	 1.89710478E-08
 7.650000E-01	 6.42987840E-04	-6.92258512E-04	-1.53728977E-03	-8.51002040E-04	-1.06774987E-08	-4.59975387E-09	 1.16314901E-08	 1.88721163E-08
 7.700000E-01	 7.68448085E-04	-6.42232877E-04	-1.62066590E-03	-9.43491853E-04	-1.13914442E-08	-5.31007265E-09	 1.15903478E-08	 1.87287572E-08
 7.750000E-01	 9.03402952E-04	-5.80358378E-04	-1.70383586E-03	-1.04307933E-03	-1.19629150E-08	-5.88724716E-09	 1.13923373E-08	 1.81518024E-08
 7.800000E-01	 1.04835731E-03	-5.05953469E-04	-1.78683904E-03	-1.14994958E-03	-1.24317969E-08	-6.55111959E-09	 1.08187252E-08	 1.72846129E-08
 7.850000E-01	 1.20447784E-03	-4.18592851E-04	-1.87069159E-03	-1.26477061E-03	-1.29647940E-08	-7.45234457E-09	 1.00722379E-08	 1.66224446E-08
 7.900000E-01	 1.37195039E-03	-3.16576660E-04	-1.95387602E-03	-1.38686796E-03	-1.35614077E-08	-8.39445938E-09	 9.45728826E-09	 1.61833458E-08
 7.950000E-01	 1.55080993E-03	-1.98205689E-04	-2.03471890E-03	-1.51527740E-03	-1.40790032E-08	-9.16458825E-09	 8.93753403E-09	 1.55778913E-08
 8.000000E-01	 1.74182431E-03	-6.22001827E-05	-2.11278010E-03	-1.64958424E-03	-1.44604035E-08	-9.80670468E-09	 8.30128354E-09	 1.46509712E-08
 8.050000E-01	 1.94504693E-03	 9.30365898E-05	-2.18641547E-03	-1.78838636E-03	-1.47363375E-08	-1.04222882E-08	 7.49050132E-09	 1.35249578E-08
 8.100000E-01	 2.16080373E-03	 2.68815706E-04	-2.25456433E-03	-1.93027387E-03	-1.49159357E-08	-1.09984759E-08	 6.57316238E-09	 1.22775618E-08
 8.150000E-01	 2.39156677E-03	 4.66199938E-04	-2.31885849E-03	-2.07539611E-03	-1.50020229E-08	-1.15472514E-08	 5.53693377E-09	 1.08938333E-08
 8.200000E-01	 2.63864760E-03	 6.86769744E-04	-2.37894033E-03	-2.22227349E-03	-1.50657425E-08	-1.22233294E-08	 4.29693343E-09	 9.45995138E-09
 8.250000E-01	 2.90252208E-03	 9.32343443E-04	-2.43321506E-03	-2.36828735E-03	-1.52193302E-08	-1.30892062E-08	 3.01175776E-09	 8.24266628E-09
 8.300000E-01	 3.18757328E-03	 1.20552816E-03	-2.48373147E-03	-2.51357858E-03	-1.54290967E-08	-1.38524806E-08	 2.05657772E-09	 7.31463695E-09
 8.350000E-01	 3.49443107E-03	 1.50871493E-03	-2.52829684E-03	-2.65448348E-03	-1.54712197E-08	-1.42070466E-08	 1.40515016E-09	 6.27201487E-09
 8.400000E-01	 3.82471805E-03	 1.84412178E-03	-2.56606871E-03	-2.78766168E-03	-1.52888993E-08	-1.43711248E-08	 5.66687872E-10	 4.79604530E-09
 8.450000E-01	 4.18470019E-03	 2.21535358E-03	-2.60000624E-03	-2.91247852E-03	-1.50746620E-08	-1.47298988E-08	-6.41050743E-10	 3.13779797E-09
 8.500000E-01	 4.57776691E-03	 2.62534620E-03	-2.63024347E-03	-3.02507733E-03	-1.49132415E-08	-1.52064773E-08	-1.86261155E-09	 1.66557619E-09
 8.550000E-01	 5.01144693E-03	 3.07876843E-03	-2.65945504E-03	-3.12327194E-03	-1.47090562E-08	-1.55473811E-08	-2.89067793E-09	 3.23984068E-10
 8.600000E-01	 5.49805457E-03	 3.58339899E-03	-2.69169077E-03	-3.20583202E-03	-1.44290859E-08	-1.58392626E-08	-3.97343887E-09	-1.14687832E-09
 8.650000E-01	 6.04026401E-03	 4.14281383E-03	-2.72294749E-03	-3.26287675E-03	-1.41526641E-08	-1.62674458E-08	-5.23664883E-09	-2.67660983E-09
 8.700000E-01	 6.64405582E-03	 4.76199486E-03	-2.75030799E-03	-3.28451898E-03	-1.38887310E-08	-1.66722627E-08	-6.35202486E-09	-3.94642467E-09
 8.750000E-01	 7.32228486E-03	 5.44940868E-03	-2.77355659E-03	-3.26181474E-03	-1.34615143E-08	-1.67708522E-08	-7.18357120E-09	-5.06824490E-09
 8.800000E-01	 8.07911245E-03	 6.20690629E-03	-2.78718029E-03	-3.17834445E-03	-1.27741668E-08	-1.67802047E-08	-8.27625781E-09	-6.59254858E-09
 8.850000E-01	 8.92953704E-03	 7.04161494E-03	-2.78944117E-03	-3.01947291E-03	-1.20800813E-08	-1.72483431E-08	-1.00019542E-08	-8.47480899E-09
 8.900000E-01	 9.89002922E-03	 7.95990670E-03	-2.77629364E-03	-2.76609246E-03	-1.15584985E-08	-1.80374509E-08	-1.16857570E-08	-9.83234965E-09
 8.950000E-01	 1.09625943E-02	 8.95477702E-03	-2.73496749E-03	-2.38925871E-03	-1.08872587E-08	-1.83885981E-08	-1.25993211E-08	-1.03471026E-08
 9.000000E-01	 1.21527485E-02	 1.00188324E-02	-2.64953913E-03	-1.85732200E-03	-9.69234223E-09	-1.81748683E-08	-1.31909548E-08	-1.08363989E-08
 9.050000E-01	 1.34640176E-02	 1.11383743E-02	-2.50059256E-03	-1.13471847E-03	-8.06866531E-09	-1.80496049E-08	-1.42510969E-08	-1.18256677E-08
 9.100000E-01	 1.48823685E-02	 1.22827641E-02	-2.25919072E-03	-1.89150273E-04	-6.29501409E-09	-1.84132424E-08	-1.57229114E-08	-1.28420130E-08
 9.150000E-01	 1.63914833E-02	 1.34023560E-02	-1.90506092E-03	 1.00750074E-03	-4.45046004E-09	-1.91518011E-08	-1.70942930E-08	-1.33148746E-08
 9.200000E-01	 1.79457575E-02	 1.44455845E-02	-1.37119966E-03	 2.46641462E-03	-2.48928819E-09	-2.00083263E-08	-1.79089847E-08	-1.29642752E-08
 9.250000E-01	 1.95025082E-02	 1.53209761E-02	-6.50531307E-04	 4.17858749E-03	-2.37872371E-10	-2.06631339E-08	-1.77906247E-08	-1.17197632E-08
 9.300000E-01	 2.09298977E-02	 1.59206581E-02	 3.94961457E-04	 6.14578365E-03	 2.47104873E-09	-2.10208081E-08	-1.67373101E-08	-1.00689087E-08
 9.350000E-01	 2.20892604E-02	 1.62053345E-02	 1.90467412E-03	 8.20282333E-03	 5.40804579E-09	-2.15170443E-08	-1.51974891E-08	-8.79984426E-09
 9.400000E-01	 2.29390145E-02	 1.60871389E-02	 3.73716904E-03	 1.01315018E-02	 8.06769359E-09	-2.25431002E-08	-1.33981227E-08	-8.08249603E-09
 9.450000E-01	 2.33958584E-02	 1.53459370E-02	 5.79558335E-03	 1.19674742E-02	 1.01823374E-08	-2.37327949E-08	-1.03869647E-08	-7.29316340E-09
 9.500000E-01	 2.32665235E-02	 1.42237681E-02	 8.06931700E-03	 1.28102654E-02	 1.23321038E-08	-2.41507095E-08	-6.90389719E-09	-6.94233348E-09
 9.550000E-01	 2.22203237E-02	 1.23724041E-02	 1.06631150E-02	 1.35236104E-02	 1.25299831E-08	-2.33005937E-08	-1.77899512E-09	-7.67906643E-09
 9.600000E-01	 2.08009489E-02	 1.02944872E-02	 1.34418841E-02	 1.31612807E-02	 1.22818430E-08	-2.30436122E-08	 3.15919614E-09	-1.04770560E-08
 9.650000E-01	 1.77895928E-02	 9.26101509E-03	 1.39535114E-02	 1.31776607E-02	 9.16703606E-09	-1.98217818E-08	 3.79889683E-09	-9.97448212E-09
 9.700000E-01	 1.71811695E-02	 1.05324351E-02	 1.47791554E-02	 1.15467216E-02	 2.70878950E-09	-2.10808578E-08	 4.41819463E-11	-1.30512821E-08
 9.750000E-01	 3.47675216E-02	 3.81697156E-02	 7.01284651E-03	-1.27082156E-02	-8.39075890E-09	-2.00052330E-08	-4.95642806E-09	-5.27778331E-09
 9.800000E-01	 1.71517222E-01	 3.13124079E-02	-1.74495231E-01	-2.70259814E-02	-4.71952671E-09	 1.20522226E-09	 9.66667371E-10	 2.29336510E-08
 9.850000E-01	-4.23891462E-02	 2.21878501E-01	 1.92010801E-01	-2.77421832E-01	-1.42168692E-08	 3.47982432E-08	 4.32676409E-08	 1.76963068E-08
 9.900000E-01	-1.54092919E+00	 1.97385937E+00	 2.32804075E+00	-5.85200311E-01	-2.74887055E-07	 1.00052627E-07	 3.12505682E-07	 9.13410292E-08
 9.950000E-01	 6.62300290E+01	-2.33476845E+01	-7.63032486E+01	-9.49310005E+00	 7.70195962E-06	 7.57527154E-07	-7.49493849E-06	-3.89763091E-06
 1.000000E+00	 0.00000000E+00	 0.00000000E+00	 0.00000000E+00	 0.00000000E+00	 0.00000000E+00	 0.00000000E+00	 0.00000000E+00	 0.00000000E+00
