l	m	n	kenc	ke	menc	me	vprlfnc	vprlf
   1	  11	  11	 9.872893E-03	 4.773120E-03	-7.584102E-01	-9.642727E-01	 1.384217E-08	 1.485629E-08
   2	  12	  11	 2.023814E-03	 2.702861E-04	-6.096581E-01	-1.014635E+00	 2.035516E-08	 2.332661E-08
   3	  13	  11	 6.941154E-03	 1.535790E-03	-2.154431E-01	 2.979952E-01	 2.347738E-08	 2.717203E-08
   4	  14	  11	 1.890328E-03	 9.937383E-04	-4.506206E-01	 1.000000E+00	 2.038431E-08	 2.305410E-08
   5	  15	  11	 1.510233E-03	 3.615440E-03	-1.376577E-01	-7.518451E-03	 1.056620E-08	 1.387104E-08
   6	  16	  11	 1.029794E-03	 9.414938E-04	-1.923766E-01	-7.152837E-01	 1.594526E-08	 1.923941E-08
   7	  17	  11	 5.358648E-03	 1.014503E-02	-1.169969E-01	-2.105936E-01	 2.097983E-08	 2.439050E-08
   8	  18	  11	 5.062666E-04	 3.696998E-04	-1.240113E-01	-5.271779E-01	 1.389291E-08	 1.653133E-08
   9	  19	  11	 5.065942E-03	 1.282274E-02	-5.123533E-02	-2.722851E-01	 1.168497E-08	 1.392442E-08
  10	  20	  11	 1.331750E-03	 1.290051E-03	-1.701400E-01	-5.491893E-01	 1.142726E-08	 1.379174E-08
  11	  21	  11	 2.980287E-03	 8.182944E-03	-3.029346E-01	 6.422664E-01	 1.542483E-08	 1.610345E-08
  12	  22	  11	 1.527021E-04	 4.663525E-05	-8.353642E-02	 1.162669E-01	 1.342922E-08	 1.624075E-08
  13	  23	  11	 1.188483E-03	 3.763440E-03	-1.967386E-01	-6.160263E-01	 1.905724E-08	 1.951090E-08
