  9-Sep-25 07/09/2014
     1               1
  0.100000000E+01
*   1.000             1               0 DN    3   2 CLC    40   41
  0.000000000E+00 0.170000000E+03 0.200000000E+01 0.983571429E+06
  0.983571429E+06 0.170471730E+03-0.380944395E-01 0.569335005E+02
  0.198477743E+01 0.608808547E+00 0.608593015E+00 0.186151293E+08
  0.177299429E+03-0.294904821E-01 0.985774452E+01 0.227496666E+01
  0.172727933E+01 0.630228320E+00 0.100000000E+11 0.124476956E+01
  0.100000000E+11 0.100000000E+11 0.616175302E+01-0.348251631E+00
  0.215003126E+03 0.150291412E+03 0.110389613E+03
  0.000000000E+00 0.000000000E+00 0.000000000E+00
  0.113867001E+03 0.111775863E+03
  0.000000000E+00 0.000000000E+00
  0.191451899E+01 0.228893141E+00 0.236231364E+01 0.294695501E+01
  0.872758241E+00 0.105100211E+02-0.500000000E+02-0.500000000E+02
 -0.500000000E+02 0.164308906E+00 0.180013753E+05 0.100541549E+07
  0.771441727E-04 0.190246616E+01 0.395323237E+01-0.124654330E-01
  0.149720438E+01 0.169056356E+03 0.000000000E+00 0.000000000E+00
  0.135822399E+03-0.113038421E+03 0.135810128E+03 0.112962232E+03
 -0.100000000E+03-0.500000000E+02 0.180720137E+01 0.183135555E+01
  0.100000000E+03 0.100000000E+03 0.100000000E+03 0.124476956E+01
  0.185654828E+03-0.395188232E-02 0.313752612E+00 0.000000000E+00
  0.118933590E+01 0.156645163E+01 0.692289153E+06 0.000000000E+00
  0.000000000E+00 0.000000000E+00 0.776845436E+00 0.100000000E+02
    44   60   18    6
  0.990372187E-01 0.953593797E-01 0.914856986E-01 0.104677004E+00
  0.209037399E+00-0.674429888E-01-0.864987475E-01 0.300982938E+00
  0.273821539E-01 0.984885216E-01 0.960180439E-01 0.894252152E-01
  0.106731358E+00 0.215176476E+00-0.667574657E-01-0.895923708E-01
  0.297589022E+00 0.332881966E-01 0.106734677E+00 0.104513082E+00
  0.985634086E-01 0.100381245E+00 0.148092185E+00 0.233105123E+00
  0.506112488E-01-0.629608873E-01-0.419038956E-01-0.930303089E-01
 -0.384371777E-01 0.104730499E+00 0.981156414E-01 0.100020197E+00
  0.149061331E+00 0.232038310E+00 0.296626619E-01-0.647801727E-01
 -0.399111046E-01-0.935101290E-01-0.369562975E-01 0.202511772E+00
  0.104726751E+00 0.170440263E+00 0.120465398E+00 0.748651169E-01
  0.261048504E+00 0.255510595E+00 0.229092370E+00 0.204231063E+00
  0.235100816E+00-0.501798837E-01-0.295112912E+00 0.407759854E-01
  0.170477467E+00 0.196028779E+00 0.257220510E+00 0.235383132E+00
  0.294907981E+00 0.288531866E+00 0.252796430E+00 0.257614622E+00
  0.224855866E+00 0.211414693E+00 0.235280298E+00-0.873171794E-01
 -0.293358645E+00-0.440428549E-01 0.160648919E+00 0.139961631E+00
  0.224299628E+00 0.257506723E+00 0.239231463E+00 0.298305682E+00
  0.284406798E+00-0.314362211E+00-0.135305387E+00 0.947243588E-01
  0.172574169E+00 0.161112911E+00 0.205402286E+00 0.249313464E+00
  0.234824369E+00 0.251639458E+00 0.288186794E+00 0.250307942E+00
  0.285866442E+00 0.252874634E+00 0.239164620E+00 0.253801031E+00
  0.221334848E+00 0.140491385E+00 0.157591220E+00-0.274550693E-01
 -0.286658393E+00-0.799457468E-01 0.235734215E+00 0.210995661E+00
  0.225654720E+00 0.257740175E+00 0.261113006E+00 0.255647097E+00
  0.229760734E+00 0.204429637E+00 0.239025489E+00-0.678070283E-01
  0.110851099E+04 0.290615063E+04-0.472613635E+04-0.336799397E+05
  0.185761323E+06-0.174914631E+06-0.175093328E+06 0.385048653E+06
 -0.159287422E+06-0.249575989E+04 0.877521899E+04-0.134802804E+05
 -0.305127655E+05 0.198314687E+06-0.173207029E+06-0.179261611E+06
  0.370108554E+06-0.150167905E+06
  0.000000000E+00 0.000000000E+00 0.000000000E+00 0.000000000E+00
  0.000000000E+00 0.000000000E+00
  0.000000000E+00 0.130396598E+03 0.115175000E+03 0.130494869E+03
  0.115175000E+03 0.000000000E+00 0.000000000E+00 0.000000000E+00
  0.000000000E+00 0.000000000E+00 0.756493780E+02 0.000000000E+00
  0.100645676E+01 0.135055035E+01 0.452531060E-02-0.444480812E+00
 -0.406415321E+00 0.000000000E+00 0.999000000E+03 0.882418272E+00
  0.116855015E+02 0.340012712E+01 0.000000000E+00-0.535111446E+00
 -0.999000000E+03-0.999000000E+03 0.298198657E+01 0.514142892E+00
  0.151802072E+00 0.247754692E+01 0.113538229E+01 0.227177718E+01
  0.550482565E+02 0.255636073E+01 0.245600125E+02 0.245654898E+02
 -0.890000000E+02-0.890000000E+02-0.890000000E+02-0.890000000E+02
  0.236420386E+01 0.130396598E+03 0.115175000E+03 0.130487558E+03
 -0.115175000E+03-0.890000000E+02-0.890000000E+02 0.137058056E+03
 -0.115175000E+03 0.000000000E+00-0.990000000E+02-0.990000000E+02
 -0.990000000E+02-0.990000000E+02 0.000000000E+00 0.472036505E+00
  0.100000000E+01 0.000000000E+00 0.000000000E+00 0.000000000E+00
                                            EQG
