l	m	n	kenc	ke	menc	me	vprlfnc	vprlf
   1	  15	  15	 1.267698E-02	 5.382116E-03	-2.174449E-01	-2.890924E-01	 4.040910E-09	 4.238764E-09
   2	  16	  15	 2.650599E-03	 2.039105E-04	-8.903211E-01	-1.037622E+00	 6.474868E-09	 6.771243E-09
   3	  17	  15	 9.739463E-03	 2.222973E-03	-3.184697E-03	 3.637990E-02	 2.164859E-09	 2.143098E-09
   4	  18	  15	 3.045080E-03	 1.540060E-03	-7.827438E-01	 1.000000E+00	 3.616233E-09	 3.169231E-09
   5	  19	  15	 2.430416E-03	 5.827640E-03	-1.748704E-01	-1.401839E-01	 1.374933E-09	 1.429878E-09
   6	  20	  15	 1.478861E-03	 1.329801E-03	-6.835283E-02	-2.769655E-01	 2.215644E-09	 2.339595E-09
   7	  21	  15	 7.783504E-03	 1.433862E-02	-1.489857E-01	-3.020977E-01	 8.864688E-10	 8.752260E-10
   8	  22	  15	 1.091384E-03	 7.471791E-04	-2.691380E-02	-1.626947E-01	 9.150687E-10	 8.935143E-10
   9	  23	  15	 6.515291E-03	 1.647929E-02	-8.194295E-02	-3.137681E-01	 1.195105E-09	 1.326717E-09
  10	  24	  15	 1.962780E-03	 1.944744E-03	-1.947384E-01	-3.893252E-01	 5.460787E-10	 3.887812E-10
  11	  25	  15	 3.645757E-03	 9.594520E-03	-5.433409E-02	 2.332050E-01	 3.270202E-09	 3.020997E-09
  12	  26	  15	 3.601374E-04	-1.779405E-04	-6.141565E-02	 1.501252E-01	 3.603049E-09	 4.147904E-09
  13	  27	  15	 1.220583E-03	 3.799280E-03	-6.010294E-02	-1.663335E-01	 5.717762E-09	 6.349069E-09
