r	R 15/15	R 16/15	R 17/15	R 18/15	I 15/15	I 16/15	I 17/15	I 18/15
 0.000000E+00	 0.00000000E+00	 0.00000000E+00	 0.00000000E+00	 0.00000000E+00	 0.00000000E+00	 0.00000000E+00	 0.00000000E+00	 0.00000000E+00
 5.000000E-03	-1.05680739E-27	 1.24552253E-27	 1.45805724E-28	 7.48241284E-28	 1.05726740E-26	-4.89372641E-29	-2.44924611E-27	 6.89428329E-29
 1.000000E-02	-2.24375470E-26	 8.17915792E-26	 2.23099205E-27	 8.11947313E-28	 1.90916210E-25	 9.54456395E-29	-4.20580291E-26	-1.17889141E-27
 1.500000E-02	-2.72464587E-25	 1.45375758E-24	 3.34520856E-26	-8.20785473E-26	 1.94391416E-24	-3.40533586E-26	-5.31497824E-25	-9.34377458E-27
 2.000000E-02	-2.10357711E-24	 1.48374740E-23	 1.21435258E-25	-7.26626611E-25	 1.65356111E-23	-4.09748179E-25	-5.34960762E-24	-1.22090647E-25
 2.500000E-02	-8.21039037E-24	 1.10794614E-22	-2.29769739E-24	-2.24176967E-24	 1.26468604E-22	 1.17732498E-24	-3.84428556E-23	-3.85178508E-24
 3.000000E-02	 4.93022558E-24	 6.52471502E-22	-1.66174311E-23	-1.98367474E-23	 8.31236317E-22	 5.28910749E-23	-1.76260911E-22	-2.30793511E-23
 3.500000E-02	 2.22415499E-22	 2.76786093E-21	-5.33947412E-23	 2.50737466E-23	 4.68693693E-21	 5.69438260E-22	-7.78290364E-22	-8.39862501E-23
 4.000000E-02	 1.16376781E-21	 8.51179469E-21	-2.88634064E-22	 8.58178055E-22	 2.22858904E-20	 3.86081418E-21	-3.49767481E-21	-3.34960553E-22
 4.500000E-02	 3.83771238E-21	 2.22779023E-20	-1.62226042E-21	 3.93495261E-21	 8.86208445E-20	 1.88971858E-20	-1.12227065E-20	-9.52845222E-22
 5.000000E-02	 1.19182878E-20	 4.54723946E-20	-7.85109385E-21	 1.39629751E-20	 3.06341251E-19	 7.48241818E-20	-2.55430532E-20	-1.23351227E-21
 5.500000E-02	 3.07356825E-20	 2.20706674E-20	-3.41291610E-20	 4.19978814E-20	 9.06165868E-19	 2.55668554E-19	-2.24717153E-20	 9.34740653E-21
 6.000000E-02	 2.88524496E-20	-4.70246176E-19	-1.64337506E-19	 1.04947742E-19	 2.09838511E-18	 7.86363641E-19	 1.13689800E-19	 7.33602479E-20
 6.500000E-02	-3.21982399E-19	-3.16501727E-18	-8.04253632E-19	 2.06073606E-19	 2.39972904E-18	 2.16116760E-18	 6.12603807E-19	 2.68346706E-19
 7.000000E-02	-2.73642854E-18	-1.12964304E-17	-2.90116327E-18	 7.92605632E-20	-8.87081656E-18	 4.57295353E-18	 2.16468853E-18	 8.36663276E-19
 7.500000E-02	-1.21966625E-17	-2.80960202E-17	-7.73865327E-18	-1.13034510E-18	-6.71623609E-17	 5.40780344E-18	 6.23540325E-18	 2.42035071E-18
 8.000000E-02	-3.94162210E-17	-5.43832609E-17	-1.62477314E-17	-4.86395352E-18	-2.56390160E-16	-6.09594701E-18	 1.40579848E-17	 6.05328152E-18
 8.500000E-02	-1.04693466E-16	-8.03949974E-17	-2.60368816E-17	-1.27550855E-17	-7.43152162E-16	-5.95040634E-17	 2.56587000E-17	 1.35224176E-17
 9.000000E-02	-2.37880104E-16	-8.82977462E-17	-3.11740178E-17	-2.54406008E-17	-1.79925328E-15	-2.15244606E-16	 3.54672474E-17	 2.64720432E-17
 9.500000E-02	-4.80533505E-16	-6.17368322E-17	-2.36012358E-17	-4.27661240E-17	-3.86044576E-15	-5.87630784E-16	 3.02936491E-17	 4.76796919E-17
 1.000000E-01	-8.80722670E-16	-5.49825933E-17	-1.92522534E-17	-7.21229082E-17	-7.65856991E-15	-1.38025726E-15	-2.61990874E-17	 7.35354003E-17
 1.050000E-01	-1.52383471E-15	-2.51151110E-16	-9.29424111E-17	-1.41631405E-16	-1.47503417E-14	-2.99765027E-15	-2.68047549E-16	 5.33463851E-17
 1.100000E-01	-2.71096374E-15	-5.25234032E-16	-1.93730651E-16	-2.52794104E-16	-2.85817842E-14	-6.40669972E-15	-9.90045212E-16	-1.17840451E-16
 1.150000E-01	-4.93729135E-15	-2.52262867E-16	-1.27982256E-17	-3.21477683E-16	-5.40406323E-14	-1.32700688E-14	-2.63250719E-15	-5.63235035E-16
 1.200000E-01	-8.60484456E-15	 8.35896081E-16	 6.51859553E-16	-2.67933865E-16	-9.65317756E-14	-2.57410019E-14	-5.85770796E-15	-1.49424346E-15
 1.250000E-01	-1.41843428E-14	 2.41451425E-15	 1.76538120E-15	-7.55439087E-17	-1.64432621E-13	-4.71233461E-14	-1.17948125E-14	-3.31858026E-15
 1.300000E-01	-2.23363570E-14	 3.29068962E-15	 2.87586040E-15	 1.06237800E-16	-2.72018987E-13	-8.28495687E-14	-2.24044782E-14	-6.82539429E-15
 1.350000E-01	-3.43538832E-14	 1.14432001E-15	 2.92995441E-15	-1.38597906E-16	-4.45599191E-13	-1.42329650E-13	-4.15038339E-14	-1.38043749E-14
 1.400000E-01	-5.43095342E-14	-3.83954038E-15	 2.47535251E-15	-5.98520442E-16	-7.32331205E-13	-2.42710182E-13	-7.59439949E-14	-2.74103181E-14
 1.450000E-01	-8.88368284E-14	-8.70329207E-15	 3.99907901E-15	-1.56131841E-16	-1.19144969E-12	-4.07575075E-13	-1.35336980E-13	-5.20259015E-14
 1.500000E-01	-1.45817848E-13	-9.34807907E-15	 1.10172387E-14	 3.07288957E-15	-1.88690111E-12	-6.66058063E-13	-2.31955561E-13	-9.30619595E-14
 1.550000E-01	-2.32303685E-13	-3.79639263E-15	 2.65213236E-14	 1.12657664E-14	-2.88296534E-12	-1.05450161E-12	-3.78734927E-13	-1.54219004E-13
 1.600000E-01	-3.38845062E-13	-2.79814498E-14	 2.76688741E-14	 1.43262924E-14	-4.25394338E-12	-1.61329854E-12	-5.91328833E-13	-2.41513789E-13
 1.650000E-01	-4.57508985E-13	-1.43395814E-13	-2.93609097E-14	-9.86299089E-15	-6.28389204E-12	-2.45267986E-12	-9.25071450E-13	-3.88134382E-13
 1.700000E-01	-6.49365986E-13	-3.07140962E-13	-1.13262824E-13	-4.69126188E-14	-9.56182377E-12	-3.83027541E-12	-1.49919659E-12	-6.55241543E-13
 1.750000E-01	-9.89862531E-13	-4.03485044E-13	-1.33156292E-13	-4.80152490E-14	-1.44823230E-11	-6.00086696E-12	-2.41698120E-12	-1.07646559E-12
 1.800000E-01	-1.43717247E-12	-4.97645999E-13	-1.35283247E-13	-3.26135495E-14	-2.11611605E-11	-9.11760586E-12	-3.74029186E-12	-1.66540763E-12
 1.850000E-01	-1.92908614E-12	-7.93958293E-13	-2.80341092E-13	-8.55250288E-14	-3.03716513E-11	-1.35723516E-11	-5.66284246E-12	-2.52192557E-12
 1.900000E-01	-2.53050000E-12	-1.36421609E-12	-6.26233933E-13	-2.41059306E-13	-4.37622694E-11	-2.01976243E-11	-8.59059022E-12	-3.84777607E-12
 1.950000E-01	-3.36099414E-12	-2.19479497E-12	-1.15905316E-12	-4.94432178E-13	-6.32691694E-11	-3.00830855E-11	-1.30583568E-11	-5.89275583E-12
 2.000000E-01	-4.58256401E-12	-3.26103653E-12	-1.83954644E-12	-8.23494984E-13	-9.11984012E-11	-4.46150893E-11	-1.97684380E-11	-8.98127897E-12
 2.050000E-01	-6.38565240E-12	-4.51379941E-12	-2.59608961E-12	-1.18515537E-12	-1.29979077E-10	-6.53982768E-11	-2.95732062E-11	-1.35047983E-11
 2.100000E-01	-8.88878548E-12	-5.95055080E-12	-3.40746348E-12	-1.56470262E-12	-1.82025675E-10	-9.42113872E-11	-4.34703648E-11	-1.99328860E-11
 2.150000E-01	-1.21691601E-11	-7.59536698E-12	-4.27867414E-12	-1.95876558E-12	-2.50122847E-10	-1.33220425E-10	-6.27111743E-11	-2.88624061E-11
 2.200000E-01	-1.61559461E-11	-9.62488044E-12	-5.39446038E-12	-2.48699621E-12	-3.37383710E-10	-1.84934536E-10	-8.88015724E-11	-4.10369676E-11
 2.250000E-01	-2.07355936E-11	-1.22749670E-11	-7.03052508E-12	-3.34539024E-12	-4.48396354E-10	-2.52824948E-10	-1.23852371E-10	-5.75660142E-11
 2.300000E-01	-2.60851037E-11	-1.54873180E-11	-9.11953928E-12	-4.50189078E-12	-5.89144416E-10	-3.41466764E-10	-1.70683397E-10	-7.99509200E-11
 2.350000E-01	-3.24761611E-11	-1.91144665E-11	-1.14551145E-11	-5.81091907E-12	-7.65354868E-10	-4.55707970E-10	-2.32407974E-10	-1.09850249E-10
 2.400000E-01	-3.99197267E-11	-2.32611090E-11	-1.41270393E-11	-7.32334030E-12	-9.82790379E-10	-6.00720091E-10	-3.12490568E-10	-1.49185976E-10
 2.450000E-01	-4.83865046E-11	-2.80254741E-11	-1.72492813E-11	-9.12924981E-12	-1.24843448E-09	-7.82626088E-10	-4.15144933E-10	-2.00448169E-10
 2.500000E-01	-5.83518658E-11	-3.30168227E-11	-2.03251543E-11	-1.08878607E-11	-1.56980042E-09	-1.00846866E-09	-5.45324662E-10	-2.66521794E-10
 2.550000E-01	-6.93643789E-11	-3.83753311E-11	-2.37132358E-11	-1.28696521E-11	-1.95234038E-09	-1.28543389E-09	-7.08105808E-10	-3.49819448E-10
 2.600000E-01	-7.46291684E-11	-4.85960750E-11	-3.48635306E-11	-2.11520940E-11	-2.40671155E-09	-1.62366434E-09	-9.10241273E-10	-4.53902606E-10
 2.650000E-01	-6.75898733E-11	-6.84104158E-11	-6.21614191E-11	-4.31570523E-11	-2.98266929E-09	-2.05607570E-09	-1.17244204E-09	-5.92130850E-10
 2.700000E-01	-6.28002692E-11	-8.92600137E-11	-9.12648613E-11	-6.72681262E-11	-3.75022540E-09	-2.63385769E-09	-1.52808150E-09	-7.85055738E-10
 2.750000E-01	-7.83627582E-11	-9.93137377E-11	-1.01088616E-10	-7.49482031E-11	-4.69686262E-09	-3.36302653E-09	-1.98462313E-09	-1.03525461E-09
 2.800000E-01	-9.36096255E-11	-1.08632578E-10	-1.10766014E-10	-8.23844011E-11	-5.77073484E-09	-4.21839340E-09	-2.52907943E-09	-1.33377690E-09
 2.850000E-01	-7.91969072E-11	-1.33180324E-10	-1.52077476E-10	-1.18486285E-10	-7.04874701E-09	-5.25157938E-09	-3.19501801E-09	-1.70386076E-09
 2.900000E-01	-5.85910114E-11	-1.62503062E-10	-2.03725410E-10	-1.64542467E-10	-8.66937430E-09	-6.56513956E-09	-4.05120557E-09	-2.19012867E-09
 2.950000E-01	-6.94911139E-11	-1.78370433E-10	-2.26311350E-10	-1.83400882E-10	-1.06236382E-08	-8.17320601E-09	-5.11351856E-09	-2.80096548E-09
 3.000000E-01	-9.41825603E-11	-1.87060486E-10	-2.33989967E-10	-1.87354166E-10	-1.28307285E-08	-1.00325508E-08	-6.35896196E-09	-3.52119135E-09
 3.050000E-01	-9.96936861E-11	-2.01848095E-10	-2.58323256E-10	-2.06560953E-10	-1.53375596E-08	-1.21785132E-08	-7.81282536E-09	-4.36981037E-09
 3.100000E-01	-1.01959565E-10	-2.17138163E-10	-2.84939429E-10	-2.27178258E-10	-1.82418850E-08	-1.46876891E-08	-9.52935904E-09	-5.38441044E-09
 3.150000E-01	-1.30416464E-10	-2.22456134E-10	-2.85288863E-10	-2.20280357E-10	-2.15316357E-08	-1.75655099E-08	-1.15179681E-08	-6.57114175E-09
 3.200000E-01	-1.71236640E-10	-2.21377792E-10	-2.69768830E-10	-1.95732082E-10	-2.51468081E-08	-2.07769069E-08	-1.37589584E-08	-7.91745220E-09
 3.250000E-01	-1.96167854E-10	-2.21478420E-10	-2.62540242E-10	-1.78419262E-10	-2.91201292E-08	-2.43488745E-08	-1.62715310E-08	-9.43736059E-09
 3.300000E-01	-2.01790903E-10	-2.22330436E-10	-2.65620853E-10	-1.71343020E-10	-3.35311387E-08	-2.83468178E-08	-1.91012335E-08	-1.11613983E-08
 3.350000E-01	-1.89076704E-10	-2.21576859E-10	-2.76263315E-10	-1.72515259E-10	-3.84432608E-08	-3.28318683E-08	-2.22918755E-08	-1.31161323E-08
 3.400000E-01	-1.36723878E-10	-2.22088932E-10	-3.10647807E-10	-1.99742079E-10	-4.39406965E-08	-3.78831893E-08	-2.58990266E-08	-1.53346969E-08
 3.450000E-01	-2.35145774E-11	-2.27615978E-10	-3.86907412E-10	-2.73399110E-10	-5.01963091E-08	-4.36460037E-08	-3.00226701E-08	-1.78811522E-08
 3.500000E-01	 1.17826552E-10	-2.31788341E-10	-4.79729866E-10	-3.66780690E-10	-5.74238737E-08	-5.03088379E-08	-3.47964684E-08	-2.08398658E-08
 3.550000E-01	 2.60245590E-10	-2.28709386E-10	-5.67118348E-10	-4.55955540E-10	-6.56969293E-08	-5.79727092E-08	-4.03003461E-08	-2.42520933E-08
 3.600000E-01	 5.33087873E-10	-2.35536165E-10	-7.50348018E-10	-6.55447743E-10	-7.51278535E-08	-6.67654223E-08	-4.66293151E-08	-2.81677706E-08
 3.650000E-01	 1.08069936E-09	-2.68722638E-10	-1.14082837E-09	-1.09343302E-09	-8.63705660E-08	-7.72259979E-08	-5.41553022E-08	-3.28289492E-08
 3.700000E-01	 1.72364680E-09	-3.04923553E-10	-1.59857148E-09	-1.60677023E-09	-1.00269146E-07	-9.00742917E-08	-6.33866906E-08	-3.85682065E-08
 3.750000E-01	 2.17821886E-09	-3.14621097E-10	-1.90580296E-09	-1.93755006E-09	-1.16853351E-07	-1.05393641E-07	-7.44000795E-08	-4.54293747E-08
 3.800000E-01	 2.41254640E-09	-3.00872006E-10	-2.04210290E-09	-2.05755467E-09	-1.35760400E-07	-1.22925911E-07	-8.70255688E-08	-5.32945515E-08
 3.850000E-01	 2.53143626E-09	-2.79488259E-10	-2.09133082E-09	-2.06220777E-09	-1.56828546E-07	-1.42574865E-07	-1.01200577E-07	-6.21118487E-08
 3.900000E-01	 2.85481512E-09	-2.79139170E-10	-2.29298003E-09	-2.23333251E-09	-1.80117168E-07	-1.64406697E-07	-1.16963972E-07	-7.18958636E-08
 3.950000E-01	 3.67365354E-09	-3.20974676E-10	-2.86030527E-09	-2.82352173E-09	-2.06795408E-07	-1.89357356E-07	-1.34942432E-07	-8.30633080E-08
 4.000000E-01	 4.49865784E-09	-3.65073705E-10	-3.42446431E-09	-3.38837088E-09	-2.38298250E-07	-2.18630745E-07	-1.55967751E-07	-9.61630981E-08
 4.050000E-01	 4.64810113E-09	-3.64318673E-10	-3.47875100E-09	-3.31621969E-09	-2.73996728E-07	-2.51783026E-07	-1.79745621E-07	-1.10979611E-07
 4.100000E-01	 4.30174458E-09	-3.35177505E-10	-3.16018516E-09	-2.77551905E-09	-3.12418532E-07	-2.87622176E-07	-2.05439040E-07	-1.26935607E-07
 4.150000E-01	 4.03895837E-09	-3.20314361E-10	-2.90340553E-09	-2.29141282E-09	-3.53443306E-07	-3.26089728E-07	-2.32993915E-07	-1.43959383E-07
 4.200000E-01	 4.68027065E-09	-3.79880749E-10	-3.31757007E-09	-2.58381840E-09	-3.97974677E-07	-3.67963808E-07	-2.62921255E-07	-1.62353041E-07
 4.250000E-01	 6.79033395E-09	-5.51217894E-10	-4.81212747E-09	-4.13145991E-09	-4.49397002E-07	-4.15952135E-07	-2.97014475E-07	-1.83308641E-07
 4.300000E-01	 8.65609923E-09	-7.31261669E-10	-6.12738578E-09	-5.41213762E-09	-5.11421203E-07	-4.73173416E-07	-3.37396546E-07	-2.08207390E-07
 4.350000E-01	 8.29303448E-09	-8.15632062E-10	-5.82537324E-09	-4.68818463E-09	-5.81089056E-07	-5.37498859E-07	-3.82659773E-07	-2.35989707E-07
 4.400000E-01	 7.69850106E-09	-9.47915429E-10	-5.39435402E-09	-3.72742127E-09	-6.53725343E-07	-6.05149963E-07	-4.30160867E-07	-2.64804607E-07
 4.450000E-01	 9.58850538E-09	-1.30970781E-09	-6.83332251E-09	-4.90202486E-09	-7.33753380E-07	-6.79410269E-07	-4.81926666E-07	-2.96033590E-07
 4.500000E-01	 1.17310950E-08	-1.76834418E-09	-8.48774115E-09	-6.22309113E-09	-8.28041609E-07	-7.65786375E-07	-5.41570297E-07	-3.32067532E-07
 4.550000E-01	 1.08979859E-08	-2.12433985E-09	-7.97753746E-09	-4.85461265E-09	-9.33036358E-07	-8.61682941E-07	-6.07341988E-07	-3.71574846E-07
 4.600000E-01	 9.21134934E-09	-2.52788546E-09	-6.88822277E-09	-2.67200508E-09	-1.04216927E-06	-9.61777121E-07	-6.75534334E-07	-4.11963028E-07
 4.650000E-01	 9.92954557E-09	-3.21593704E-09	-7.64074020E-09	-2.51680991E-09	-1.15950400E-06	-1.06893243E-06	-7.47760650E-07	-4.54316152E-07
 4.700000E-01	 1.10656116E-08	-4.04787303E-09	-8.73207308E-09	-2.62160126E-09	-1.29214065E-06	-1.18869933E-06	-8.27487228E-07	-5.00875170E-07
 4.750000E-01	 9.74889716E-09	-4.79619490E-09	-7.99574878E-09	-4.66519277E-10	-1.43719890E-06	-1.31911293E-06	-9.13342586E-07	-5.50449592E-07
 4.800000E-01	 9.12593408E-09	-5.77068627E-09	-7.87268342E-09	 1.17468678E-09	-1.58993940E-06	-1.45643875E-06	-1.00264769E-06	-6.01023402E-07
 4.850000E-01	 1.28905698E-08	-7.40874304E-09	-1.12597031E-08	-9.16818211E-10	-1.75974738E-06	-1.60749588E-06	-1.09932185E-06	-6.55189914E-07
 4.900000E-01	 1.51837234E-08	-9.18165242E-09	-1.35863408E-08	-1.48742512E-09	-1.95837392E-06	-1.78133817E-06	-1.20879534E-06	-7.16387725E-07
 4.950000E-01	 9.37412739E-09	-1.03275271E-08	-9.61649297E-09	 5.28454733E-09	-2.17299249E-06	-1.96835649E-06	-1.32474790E-06	-7.79948169E-07
 5.000000E-01	 4.95284502E-09	-1.19492674E-08	-7.04673647E-09	 1.06951036E-08	-2.38645794E-06	-2.15497064E-06	-1.43816212E-06	-8.39632162E-07
 5.050000E-01	 1.38295887E-08	-1.58550379E-08	-1.57909060E-08	 3.99288515E-09	-2.62329019E-06	-2.35981435E-06	-1.56007850E-06	-9.02543149E-07
 5.100000E-01	 2.65478409E-08	-2.12297114E-08	-2.83820458E-08	-6.15929331E-09	-2.92039269E-06	-2.61216848E-06	-1.70816170E-06	-9.79526431E-07
 5.150000E-01	 2.93339221E-08	-2.62242667E-08	-3.35176723E-08	-7.34035132E-09	-3.26912679E-06	-2.90636142E-06	-1.87834973E-06	-1.06684425E-06
 5.200000E-01	 2.91347035E-08	-3.19797773E-08	-3.72448297E-08	-6.12996464E-09	-3.64793518E-06	-3.22592582E-06	-2.05970364E-06	-1.15660316E-06
 5.250000E-01	 3.79986315E-08	-4.10097231E-08	-5.03162747E-08	-1.36255443E-08	-4.07534764E-06	-3.58495258E-06	-2.25944579E-06	-1.25266252E-06
 5.300000E-01	 5.39534329E-08	-5.38380667E-08	-7.16486213E-08	-2.78849368E-08	-4.58539305E-06	-4.00975258E-06	-2.49163441E-06	-1.36275379E-06
 5.350000E-01	 6.91845050E-08	-6.96311183E-08	-9.47979152E-08	-4.15956544E-08	-5.19495134E-06	-4.51264346E-06	-2.76124665E-06	-1.48886719E-06
 5.400000E-01	 7.22327371E-08	-8.58203963E-08	-1.09195118E-07	-4.41238144E-08	-5.90790650E-06	-5.09603535E-06	-3.06714251E-06	-1.62892671E-06
 5.450000E-01	 5.60199535E-08	-1.00016372E-07	-1.07678815E-07	-2.89411937E-08	-6.69087718E-06	-5.73553247E-06	-3.39319719E-06	-1.77073916E-06
 5.500000E-01	 4.65309445E-08	-1.19122750E-07	-1.15268348E-07	-2.05463412E-08	-7.50975323E-06	-6.40488351E-06	-3.72202006E-06	-1.90213981E-06
 5.550000E-01	 6.99259975E-08	-1.52730777E-07	-1.59166840E-07	-4.35350465E-08	-8.44419188E-06	-7.16074978E-06	-4.08071151E-06	-2.03932360E-06
 5.600000E-01	 8.51715336E-08	-1.90298393E-07	-1.99427001E-07	-5.85608725E-08	-9.59577471E-06	-8.07860354E-06	-4.50541863E-06	-2.20171734E-06
 5.650000E-01	 4.37917894E-08	-2.13688436E-07	-1.84225066E-07	-1.88109852E-08	-1.08717015E-05	-9.09235171E-06	-4.95719835E-06	-2.36165879E-06
 5.700000E-01	-8.04398707E-09	-2.35618287E-07	-1.59217554E-07	 3.16246596E-08	-1.21264121E-05	-1.00927564E-05	-5.37531475E-06	-2.48177467E-06
 5.750000E-01	-7.96310282E-09	-2.81898712E-07	-1.93295569E-07	 3.23634724E-08	-1.34576354E-05	-1.11468092E-05	-5.78819798E-06	-2.57892655E-06
 5.800000E-01	 6.97727831E-09	-3.43183880E-07	-2.49635828E-07	 1.93829609E-08	-1.50389147E-05	-1.23814803E-05	-6.25192732E-06	-2.68194657E-06
 5.850000E-01	-2.24301092E-08	-3.94199989E-07	-2.61007298E-07	 5.08039319E-08	-1.68231721E-05	-1.37650434E-05	-6.74422212E-06	-2.77281557E-06
 5.900000E-01	-8.23728349E-08	-4.36950365E-07	-2.39687544E-07	 1.13347067E-07	-1.86837305E-05	-1.52047458E-05	-7.21480992E-06	-2.82069875E-06
 5.950000E-01	-1.35868707E-07	-4.87997994E-07	-2.28357821E-07	 1.70411687E-07	-2.06144910E-05	-1.66949863E-05	-7.65452515E-06	-2.81809309E-06
 6.000000E-01	-1.59729667E-07	-5.63068062E-07	-2.59064014E-07	 1.97827068E-07	-2.26725654E-05	-1.82778760E-05	-8.07445968E-06	-2.76652488E-06
 6.050000E-01	-1.41169577E-07	-6.77498860E-07	-3.55421816E-07	 1.81421500E-07	-2.49916000E-05	-2.00549393E-05	-8.50808437E-06	-2.67501285E-06
 6.100000E-01	-1.06808180E-07	-8.25479758E-07	-4.90255794E-07	 1.48071706E-07	-2.77384346E-05	-2.21562461E-05	-8.99471610E-06	-2.54935980E-06
 6.150000E-01	-9.12269950E-08	-9.90588162E-07	-6.20529114E-07	 1.33597583E-07	-3.09499843E-05	-2.46172789E-05	-9.52953790E-06	-2.37167399E-06
 6.200000E-01	-9.11548290E-08	-1.17642149E-06	-7.51187815E-07	 1.35072413E-07	-3.46201886E-05	-2.74414597E-05	-1.00918559E-05	-2.11597148E-06
 6.250000E-01	-8.90321383E-08	-1.39969410E-06	-9.10179969E-07	 1.34363563E-07	-3.88055901E-05	-3.06795839E-05	-1.06745956E-05	-1.75865023E-06
 6.300000E-01	-5.90762392E-08	-1.68954965E-06	-1.14331747E-06	 1.04612947E-07	-4.36154860E-05	-3.44231199E-05	-1.12784187E-05	-1.27470254E-06
 6.350000E-01	 1.60350415E-08	-2.07674039E-06	-1.48978107E-06	 2.80659100E-08	-4.92885089E-05	-3.88603596E-05	-1.19256835E-05	-6.42362212E-07
 6.400000E-01	 8.52614112E-08	-2.53888095E-06	-1.88303319E-06	-4.15559356E-08	-5.60986101E-05	-4.42165144E-05	-1.26379783E-05	 1.72151390E-07
 6.450000E-01	 8.92323556E-08	-3.03140827E-06	-2.23038950E-06	-4.13015572E-08	-6.40552837E-05	-5.05346767E-05	-1.33754029E-05	 1.23156262E-06
 6.500000E-01	 6.47345829E-08	-3.58566475E-06	-2.58836926E-06	-8.20511084E-09	-7.30839231E-05	-5.77977504E-05	-1.40797944E-05	 2.60189851E-06
 6.550000E-01	 6.44141336E-08	-4.26311208E-06	-3.05185693E-06	 3.00297654E-09	-8.33823974E-05	-6.61930562E-05	-1.47423182E-05	 4.33452010E-06
 6.600000E-01	 4.46219254E-08	-5.04023342E-06	-3.55626087E-06	 3.61395904E-08	-9.52185552E-05	-7.59852894E-05	-1.53692648E-05	 6.48829465E-06
 6.650000E-01	-4.76482869E-08	-5.86468786E-06	-4.00501333E-06	 1.44856019E-07	-1.08573908E-04	-8.72634967E-05	-1.59350649E-05	 9.14262258E-06
 6.700000E-01	-1.34866636E-07	-6.81356568E-06	-4.53424635E-06	 2.46000165E-07	-1.23366347E-04	-1.00085315E-04	-1.64178242E-05	 1.23727975E-05
 6.750000E-01	-1.24326976E-07	-8.00982903E-06	-5.32959833E-06	 2.39878919E-07	-1.39999481E-04	-1.14898380E-04	-1.68681904E-05	 1.62495354E-05
 6.800000E-01	-1.15214244E-07	-9.37115858E-06	-6.21039760E-06	 2.33407183E-07	-1.58996678E-04	-1.32309470E-04	-1.73709137E-05	 2.08567372E-05
 6.850000E-01	-2.55849795E-07	-1.07100271E-05	-6.85923693E-06	 3.87676785E-07	-1.80160070E-04	-1.52421552E-04	-1.79642707E-05	 2.62450598E-05
 6.900000E-01	-5.43427983E-07	-1.19769049E-05	-7.22919699E-06	 6.97562313E-07	-2.02920425E-04	-1.75062722E-04	-1.86941672E-05	 3.24114623E-05
 6.950000E-01	-8.84952117E-07	-1.32374335E-05	-7.46484437E-06	 1.05865595E-06	-2.26862780E-04	-2.00217933E-04	-1.96793693E-05	 3.93508331E-05
 7.000000E-01	-9.91300915E-07	-1.48046960E-05	-8.14050914E-06	 1.14324790E-06	-2.51812110E-04	-2.28090472E-04	-2.10967794E-05	 4.70510936E-05
 7.050000E-01	-5.81350444E-07	-1.70531166E-05	-9.86566195E-06	 6.15819965E-07	-2.78955141E-04	-2.60145439E-04	-2.32776106E-05	 5.55763526E-05
 7.100000E-01	-2.63674384E-08	-1.96199297E-05	-1.18837003E-05	-1.18851128E-07	-3.09817016E-04	-2.98472257E-04	-2.67212834E-05	 6.50411962E-05
 7.150000E-01	 1.94570937E-07	-2.18686886E-05	-1.30977725E-05	-4.98946007E-07	-3.43390676E-04	-3.43106501E-04	-3.18846596E-05	 7.53204304E-05
 7.200000E-01	 6.36420362E-07	-2.42440376E-05	-1.45227230E-05	-1.15724816E-06	-3.77981209E-04	-3.93298844E-04	-3.91692164E-05	 8.61124595E-05
 7.250000E-01	 2.06230155E-06	-2.75488419E-05	-1.76763403E-05	-3.02249743E-06	-4.15014332E-04	-4.51402687E-04	-4.92898188E-05	 9.72789416E-05
 7.300000E-01	 3.72617162E-06	-3.10988908E-05	-2.09832639E-05	-5.20850584E-06	-4.56481718E-04	-5.21102057E-04	-6.34380705E-05	 1.08612157E-04
 7.350000E-01	 4.53830661E-06	-3.36999694E-05	-2.20852575E-05	-6.32004666E-06	-4.99576466E-04	-6.01378516E-04	-8.26713355E-05	 1.19198997E-04
 7.400000E-01	 5.64622264E-06	-3.60688414E-05	-2.30420447E-05	-7.76082612E-06	-5.40214488E-04	-6.89093650E-04	-1.07651952E-04	 1.27800475E-04
 7.450000E-01	 8.86522557E-06	-3.95960323E-05	-2.71772723E-05	-1.19030153E-05	-5.80119255E-04	-7.88000280E-04	-1.39871358E-04	 1.33657300E-04
 7.500000E-01	 1.32626913E-05	-4.36003361E-05	-3.25004589E-05	-1.75522677E-05	-6.22252475E-04	-9.05225447E-04	-1.82113446E-04	 1.35664629E-04
 7.550000E-01	 1.70154319E-05	-4.66587073E-05	-3.54233378E-05	-2.22090778E-05	-6.63140565E-04	-1.04034923E-03	-2.36684848E-04	 1.31449213E-04
 7.600000E-01	 2.12757263E-05	-4.90619729E-05	-3.76868872E-05	-2.73395736E-05	-6.97475962E-04	-1.18934921E-03	-3.04996387E-04	 1.18212476E-04
 7.650000E-01	 2.81190519E-05	-5.15864385E-05	-4.23694186E-05	-3.57335018E-05	-7.24633890E-04	-1.35563708E-03	-3.89856249E-04	 9.30109469E-05
 7.700000E-01	 3.58652218E-05	-5.36383147E-05	-4.64468197E-05	-4.49325864E-05	-7.43872658E-04	-1.54519594E-03	-4.95756969E-04	 5.15486930E-05
 7.750000E-01	 4.16850340E-05	-5.43753216E-05	-4.56527569E-05	-5.07992894E-05	-7.47669217E-04	-1.75184704E-03	-6.24844441E-04	-1.15192047E-05
 7.800000E-01	 4.87739900E-05	-5.38181140E-05	-4.43516147E-05	-5.78249472E-05	-7.27946778E-04	-1.96396929E-03	-7.76405261E-04	-1.00623820E-04
 7.850000E-01	 6.26988648E-05	-5.17872195E-05	-4.88826290E-05	-7.38348532E-05	-6.84166833E-04	-2.18850417E-03	-9.55114712E-04	-2.21395903E-04
 7.900000E-01	 8.10535719E-05	-4.80253285E-05	-5.50058380E-05	-9.50246620E-05	-6.14354163E-04	-2.44045253E-03	-1.17139231E-03	-3.84210282E-04
 7.950000E-01	 9.77582563E-05	-4.29690074E-05	-5.55182530E-05	-1.12423020E-04	-5.07405838E-04	-2.71177927E-03	-1.42869280E-03	-5.99597195E-04
 8.000000E-01	 1.13400064E-04	-3.64255508E-05	-5.15520335E-05	-1.26799542E-04	-3.51668790E-04	-2.98191045E-03	-1.72314078E-03	-8.74473550E-04
 8.050000E-01	 1.31657003E-04	-2.73926613E-05	-4.67629414E-05	-1.43197890E-04	-1.38809572E-04	-3.23986582E-03	-2.05325236E-03	-1.21651398E-03
 8.100000E-01	 1.52808218E-04	-1.56823254E-05	-4.12194173E-05	-1.61776323E-04	 1.39875987E-04	-3.47693387E-03	-2.41866506E-03	-1.63481976E-03
 8.150000E-01	 1.76887640E-04	-7.32607086E-07	-3.46359741E-05	-1.82426146E-04	 4.92782952E-04	-3.67917466E-03	-2.81648290E-03	-2.13660835E-03
 8.200000E-01	 2.12386619E-04	 2.58700173E-05	-2.81732473E-05	-2.15366145E-04	 9.27758093E-04	-3.83523237E-03	-3.24466402E-03	-2.72857597E-03
 8.250000E-01	 2.69855721E-04	 7.55675793E-05	-1.95643669E-05	-2.71147440E-04	 1.46640826E-03	-3.95887796E-03	-3.72223017E-03	-3.43903368E-03
 8.300000E-01	 3.33531168E-04	 1.31830300E-04	-5.56614742E-06	-3.28741120E-04	 2.15248107E-03	-4.05873039E-03	-4.27895285E-03	-4.31939786E-03
 8.350000E-01	 3.75239577E-04	 1.62586297E-04	 7.50656798E-06	-3.58328439E-04	 2.99712798E-03	-4.06262918E-03	-4.87788804E-03	-5.35679901E-03
 8.400000E-01	 4.10673349E-04	 1.89037996E-04	 1.90318071E-05	-3.79411890E-04	 3.95914238E-03	-3.88538384E-03	-5.43992979E-03	-6.46867360E-03
 8.450000E-01	 4.79093292E-04	 2.64046741E-04	 4.58029406E-05	-4.27923804E-04	 5.05498360E-03	-3.53338270E-03	-5.97321339E-03	-7.66138936E-03
 8.500000E-01	 5.73517087E-04	 3.74346098E-04	 8.52216723E-05	-4.93372874E-04	 6.37411420E-03	-3.01764132E-03	-6.53404220E-03	-9.02237032E-03
 8.550000E-01	 6.62828138E-04	 4.70666123E-04	 1.12309185E-04	-5.50997546E-04	 7.93451840E-03	-2.27723859E-03	-7.09547853E-03	-1.05318882E-02
 8.600000E-01	 7.58645890E-04	 5.82070207E-04	 1.44724071E-04	-6.05004401E-04	 9.68915117E-03	-1.25743193E-03	-7.59644848E-03	-1.20921328E-02
 8.650000E-01	 8.94332334E-04	 7.74505341E-04	 2.27961394E-04	-6.63898252E-04	 1.17137617E-02	 7.01876415E-05	-8.06165871E-03	-1.37349710E-02
 8.700000E-01	 1.05217620E-03	 9.79255488E-04	 2.98764830E-04	-7.31054485E-04	 1.41764073E-02	 1.79180717E-03	-8.52992845E-03	-1.55536011E-02
 8.750000E-01	 1.18554347E-03	 1.06783886E-03	 2.40142489E-04	-8.17390660E-04	 1.69559898E-02	 3.97993560E-03	-8.87216613E-03	-1.73238978E-02
 8.800000E-01	 1.32768530E-03	 1.21376777E-03	 2.30993403E-04	-8.67632473E-04	 1.97274555E-02	 6.54946519E-03	-8.93931662E-03	-1.86703618E-02
 8.850000E-01	 1.57346095E-03	 1.74624940E-03	 5.99144985E-04	-7.76156580E-04	 2.29269502E-02	 9.61575625E-03	-8.92108219E-03	-1.99002613E-02
 8.900000E-01	 1.92159274E-03	 2.39703586E-03	 1.00558057E-03	-6.82501561E-04	 2.75589701E-02	 1.37615973E-02	-9.02593016E-03	-2.15661889E-02
 8.950000E-01	 2.26726306E-03	 2.54074363E-03	 7.46704606E-04	-8.91227522E-04	 3.31226121E-02	 1.89686206E-02	-8.87778825E-03	-2.28810126E-02
 9.000000E-01	 2.55891982E-03	 2.39214812E-03	 1.64693898E-04	-1.21143446E-03	 3.78949776E-02	 2.41788731E-02	-8.03383411E-03	-2.25300864E-02
 9.050000E-01	 2.85527034E-03	 2.74480203E-03	 2.46548707E-04	-1.08715949E-03	 4.21033489E-02	 2.92433734E-02	-6.69138540E-03	-2.07431376E-02
 9.100000E-01	 3.23336771E-03	 3.67598300E-03	 1.00879658E-03	-4.76956711E-04	 4.76331079E-02	 3.53622252E-02	-5.08058595E-03	-1.82305483E-02
 9.150000E-01	 3.72587830E-03	 4.71498193E-03	 1.81738412E-03	 2.84425804E-04	 5.53483360E-02	 4.32171796E-02	-3.05127274E-03	-1.46734875E-02
 9.200000E-01	 4.45727451E-03	 5.47699734E-03	 2.08954736E-03	 6.83481648E-04	 6.51119294E-02	 5.27147985E-02	-8.97264329E-05	-9.10800448E-03
 9.250000E-01	 5.51045134E-03	 5.58100122E-03	 1.37282139E-03	 2.40131978E-04	 7.52429782E-02	 6.22596063E-02	 4.13024904E-03	-6.47596716E-04
 9.300000E-01	 6.36569488E-03	 5.37212522E-03	 7.32128029E-04	-3.86717576E-05	 8.23706702E-02	 6.87874205E-02	 9.98968162E-03	 1.06149998E-02
 9.350000E-01	 6.50915550E-03	 5.90424467E-03	 1.79006027E-03	 1.38168548E-03	 8.78141896E-02	 7.32560366E-02	 1.79722799E-02	 2.36010010E-02
 9.400000E-01	 6.78208198E-03	 7.06772037E-03	 3.48142799E-03	 3.28154027E-03	 9.69869197E-02	 7.94244706E-02	 2.89036677E-02	 3.93968603E-02
 9.450000E-01	 8.04739107E-03	 7.69056686E-03	 4.28312448E-03	 3.54359836E-03	 1.08253930E-01	 8.43853319E-02	 4.28321787E-02	 5.90656052E-02
 9.500000E-01	 9.42912622E-03	 7.64535550E-03	 4.26969782E-03	 2.23503919E-03	 1.13940588E-01	 8.46485292E-02	 5.98090186E-02	 7.44759697E-02
 9.550000E-01	 8.95686308E-03	 6.28396786E-03	 4.54763764E-03	 3.21571841E-03	 1.12755464E-01	 7.80760262E-02	 7.89749795E-02	 8.68754655E-02
 9.600000E-01	 8.13346191E-03	 1.09206081E-02	 1.05356557E-02	 5.52526378E-03	 1.12481640E-01	 6.72377436E-02	 1.01808562E-01	 9.54397840E-02
 9.650000E-01	 4.84796050E-03	 3.01486233E-03	 8.80202579E-03	 1.34415335E-02	 1.08333201E-01	 7.21314771E-02	 1.14036101E-01	 1.05237780E-01
 9.700000E-01	 1.48262031E-02	 4.63831759E-02	 2.89749807E-02	-1.92931529E-02	 9.29991731E-02	 5.16472406E-02	 1.13039780E-01	 1.20241096E-01
 9.750000E-01	-6.41375389E-03	 2.02288915E-01	 2.24250187E-01	-1.92375698E-02	 1.17062389E-01	 1.38053616E-01	 4.80245707E-02	-2.93353893E-02
 9.800000E-01	 6.30350515E-01	 8.40935895E-01	-4.43181615E-01	-8.01197806E-01	 1.86404637E+00	 2.22803501E+00	-9.75591186E-01	-1.90957871E+00
 9.850000E-01	-7.15183764E-01	-8.39958859E-01	-5.72954923E-02	 4.50476884E-01	 5.63822085E-01	-1.22993575E+00	-1.97707276E-01	 8.27194069E-01
 9.900000E-01	 5.65653932E-01	 3.47523736E-01	-1.14293842E-01	-6.75249444E-02	-9.87725367E-01	 9.60651541E-01	 7.11189110E-01	 2.30113092E-01
 9.950000E-01	 9.85970022E-01	 1.14296398E+00	 1.97362996E-01	 2.79000703E-01	-7.39338078E-01	 1.27989436E+00	 1.36731290E+00	 1.07900142E+00
 1.000000E+00	 1.12607538E+00	 1.40811071E+00	 3.01248605E-01	 3.94509247E-01	-6.56542318E-01	 1.38630864E+00	 1.58602083E+00	 1.36196418E+00
