r	R 15/15	R 16/15	R 17/15	R 18/15	I 15/15	I 16/15	I 17/15	I 18/15
 0.000000E+00	 0.00000000E+00	 0.00000000E+00	 0.00000000E+00	 0.00000000E+00	 0.00000000E+00	 0.00000000E+00	 0.00000000E+00	 0.00000000E+00
 5.000000E-03	-2.80365533E-33	 1.54556455E-31	-4.11846358E-32	-9.81575641E-32	-5.24310415E-29	-2.18402867E-28	-4.70334631E-30	-3.25187708E-29
 1.000000E-02	 1.05977173E-30	 5.37361857E-30	-1.90766610E-30	-1.59779187E-30	-2.26789092E-30	-8.92354084E-28	-3.61403459E-27	-5.66024967E-27
 1.500000E-02	 3.33892074E-29	 8.77895815E-29	-2.39416547E-29	-3.17791058E-30	 4.99377242E-26	 1.33107687E-25	-9.24056578E-26	-1.19761037E-25
 2.000000E-02	 4.37131891E-28	 7.10188301E-28	-1.15622811E-28	 1.11580137E-28	 1.21748765E-24	 3.06970108E-24	-1.07308446E-24	-1.23396986E-24
 2.500000E-02	 3.37922035E-27	 3.12853356E-27	-1.44640655E-28	 1.07408846E-27	 1.52662965E-23	 3.50776592E-23	-7.44357199E-24	-7.94807458E-24
 3.000000E-02	 1.86296878E-26	 1.06141435E-26	 9.26408794E-28	 2.89294842E-27	 1.28113830E-22	 2.66356000E-22	-3.40519710E-23	-3.54918635E-23
 3.500000E-02	 8.50390901E-26	 5.59498210E-26	 6.69942880E-27	-5.02118892E-27	 8.08635148E-22	 1.51752098E-21	-1.01022797E-22	-1.12601849E-22
 4.000000E-02	 3.51854906E-25	 3.24808880E-25	 3.72064688E-26	-4.72224914E-26	 4.11326046E-21	 6.95424189E-21	-1.24731769E-22	-2.27013207E-22
 4.500000E-02	 1.31153135E-24	 1.49017899E-24	 2.26242949E-25	-1.76467247E-25	 1.76550980E-20	 2.68227923E-20	 6.13692102E-22	-2.49786808E-23
 5.000000E-02	 4.26549650E-24	 5.84053506E-24	 1.20088365E-24	-5.87649645E-25	 6.60659219E-20	 8.98735854E-20	 5.25524407E-21	 2.24534946E-21
 5.500000E-02	 1.18674602E-23	 2.16861803E-23	 5.68579310E-24	-2.00509626E-24	 2.20785044E-19	 2.67665487E-19	 2.41951766E-20	 1.27094113E-20
 6.000000E-02	 2.77808686E-23	 7.82196734E-23	 2.35106320E-23	-5.16658353E-24	 6.71087627E-19	 7.20732363E-19	 8.62140914E-20	 4.90827613E-20
 6.500000E-02	 5.57692679E-23	 2.50990240E-22	 7.90595062E-23	-5.87614775E-25	 1.88169284E-18	 1.77715593E-18	 2.60900335E-19	 1.56262970E-19
 7.000000E-02	 9.88485587E-23	 6.65769799E-22	 2.20822646E-22	 5.38354455E-23	 4.92164728E-18	 4.05147417E-18	 6.98557301E-19	 4.36898948E-19
 7.500000E-02	 1.42843681E-22	 1.44930903E-21	 5.29510857E-22	 2.56292125E-22	 1.21147488E-17	 8.60016424E-18	 1.69235947E-18	 1.10618955E-18
 8.000000E-02	 9.90625149E-23	 2.58159562E-21	 1.09964196E-21	 7.88223055E-22	 2.82665973E-17	 1.70818759E-17	 3.75960868E-18	 2.58168891E-18
 8.500000E-02	-3.56698426E-22	 3.59905589E-21	 2.01587507E-21	 1.90541220E-21	 6.28844775E-17	 3.18397396E-17	 7.71950397E-18	 5.61680925E-18
 9.000000E-02	-2.19223925E-21	 3.23207759E-21	 3.30785478E-21	 3.90610889E-21	 1.34046430E-16	 5.57377638E-17	 1.47044255E-17	 1.14764521E-17
 9.500000E-02	-7.91162859E-21	-8.88181892E-22	 5.06025509E-21	 7.06251684E-21	 2.74919859E-16	 9.14734426E-17	 2.59766772E-17	 2.21292681E-17
 1.000000E-01	-2.32050043E-20	-1.22551990E-20	 7.35975335E-21	 1.17166266E-20	 5.44414835E-16	 1.39950837E-16	 4.23213125E-17	 4.03854282E-17
 1.050000E-01	-5.82670263E-20	-3.83979095E-20	 7.54837268E-21	 1.89927661E-20	 1.04405304E-15	 1.97374342E-16	 6.27067072E-17	 6.98444198E-17
 1.100000E-01	-1.28531022E-19	-1.00580279E-19	-3.95403832E-21	 3.00748631E-20	 1.94394702E-15	 2.50801361E-16	 8.18010314E-17	 1.14438647E-16
 1.150000E-01	-2.59824633E-19	-2.40422190E-19	-4.34419176E-20	 4.23157817E-20	 3.52189731E-15	 2.72429287E-16	 8.59699183E-17	 1.77283681E-16
 1.200000E-01	-4.98211404E-19	-5.17064247E-19	-1.34195150E-19	 4.63178884E-20	 6.22117517E-15	 2.13528500E-16	 4.72926448E-17	 2.58413239E-16
 1.250000E-01	-9.19109424E-19	-1.00905831E-18	-3.11881102E-19	 2.53609953E-20	 1.07341039E-14	 3.55486462E-19	-8.47614522E-17	 3.50888162E-16
 1.300000E-01	-1.63703748E-18	-1.82150055E-18	-6.33757263E-19	-4.76036356E-20	 1.81198347E-14	-4.57658926E-16	-3.91446460E-16	 4.35539787E-16
 1.350000E-01	-2.80381013E-18	-3.10762238E-18	-1.21121320E-18	-2.18546877E-19	 2.99689802E-14	-1.23275455E-15	-9.88722628E-16	 4.75201723E-16
 1.400000E-01	-4.58953771E-18	-5.12075594E-18	-2.24921232E-18	-5.70832118E-19	 4.86297407E-14	-2.28955619E-15	-2.01824983E-15	 4.11177482E-16
 1.450000E-01	-7.17352801E-18	-8.24729447E-18	-4.06398377E-18	-1.25507633E-18	 7.75029280E-14	-3.35369624E-15	-3.62412623E-15	 1.63687417E-16
 1.500000E-01	-1.07524844E-17	-1.30152951E-17	-7.08551788E-18	-2.51799959E-18	 1.21371652E-13	-3.91498813E-15	-5.96000249E-15	-3.75787823E-16
 1.550000E-01	-1.56590283E-17	-1.99713737E-17	-1.16553709E-17	-4.68463723E-18	 1.86791932E-13	-3.12898962E-15	-9.16110529E-15	-1.34533865E-15
 1.600000E-01	-2.25274820E-17	-2.93051337E-17	-1.78742790E-17	-8.14333114E-18	 2.82620458E-13	 5.66981102E-16	-1.32260440E-14	-2.87998596E-15
 1.650000E-01	-3.18204958E-17	-4.10658727E-17	-2.64932552E-17	-1.35485722E-17	 4.20536785E-13	 9.65141302E-15	-1.79201355E-14	-5.07317858E-15
 1.700000E-01	-4.29917568E-17	-5.63843254E-17	-3.97424637E-17	-2.20484923E-17	 6.15544406E-13	 2.76415171E-14	-2.26705068E-14	-7.92132583E-15
 1.750000E-01	-5.51910386E-17	-7.72624348E-17	-5.95453315E-17	-3.50132111E-17	 8.86391158E-13	 5.90579861E-14	-2.64918122E-14	-1.12646937E-14
 1.800000E-01	-6.87268178E-17	-1.04016511E-16	-8.54998391E-17	-5.36659238E-17	 1.25614686E-12	 1.10190887E-13	-2.75670883E-14	-1.46057892E-14
 1.850000E-01	-8.42095677E-17	-1.34654255E-16	-1.16686208E-16	-7.93430321E-17	 1.75291645E-12	 1.89931864E-13	-2.27411337E-14	-1.68063828E-14
 1.900000E-01	-1.00712017E-16	-1.67234384E-16	-1.53971098E-16	-1.13821791E-16	 2.40947940E-12	 3.08259081E-13	-7.79443309E-15	-1.59962956E-14
 1.950000E-01	-1.15685786E-16	-2.00619377E-16	-1.99148628E-16	-1.59285736E-16	 3.26213392E-12	 4.74031045E-13	 2.20316055E-14	-9.62571448E-15
 2.000000E-01	-1.25363669E-16	-2.33484358E-16	-2.53539006E-16	-2.18132122E-16	 4.34905274E-12	 6.92294760E-13	 7.12369575E-14	 5.38457643E-15
 2.050000E-01	-1.25088538E-16	-2.63834375E-16	-3.17071481E-16	-2.92272344E-16	 5.70877253E-12	 9.63661756E-13	 1.43858499E-13	 3.27457252E-14
 2.100000E-01	-1.09999387E-16	-2.88453710E-16	-3.87284830E-16	-3.82137941E-16	 7.38216605E-12	 1.29494520E-12	 2.47595452E-13	 7.85813472E-14
 2.150000E-01	-7.60408045E-17	-3.02756767E-16	-4.58448718E-16	-4.85588724E-16	 9.40962700E-12	 1.69721849E-12	 3.93881386E-13	 1.51573677E-13
 2.200000E-01	-2.12545386E-17	-3.00540072E-16	-5.21064706E-16	-5.97144129E-16	 1.18219615E-11	 2.16883876E-12	 5.91665220E-13	 2.60585201E-13
 2.250000E-01	 5.55576837E-17	-2.74378777E-16	-5.65039625E-16	-7.09489665E-16	 1.46359072E-11	 2.69459129E-12	 8.46978534E-13	 4.14417188E-13
 2.300000E-01	 1.57503552E-16	-2.18454370E-16	-5.83384829E-16	-8.14994578E-16	 1.78510821E-11	 3.24911941E-12	 1.16444112E-12	 6.22157313E-13
 2.350000E-01	 2.87591309E-16	-1.30063293E-16	-5.68991726E-16	-9.03165232E-16	 2.14501725E-11	 3.80739498E-12	 1.55211163E-12	 8.94910186E-13
 2.400000E-01	 4.45252380E-16	-7.94928771E-18	-5.11606559E-16	-9.59248529E-16	 2.53890424E-11	 4.33430647E-12	 2.01782347E-12	 1.24405123E-12
 2.450000E-01	 6.30697414E-16	 1.48618679E-16	-4.06129036E-16	-9.71294528E-16	 2.95818767E-11	 4.76837008E-12	 2.56292120E-12	 1.67800726E-12
 2.500000E-01	 8.48608432E-16	 3.34150842E-16	-2.57273692E-16	-9.30785690E-16	 3.38976897E-11	 5.02378252E-12	 3.18325272E-12	 2.20198728E-12
 2.550000E-01	 1.07160243E-15	 5.24722628E-16	-3.72758310E-17	-7.87975698E-16	 3.81641184E-11	 4.98346625E-12	 3.86371805E-12	 2.81473444E-12
 2.600000E-01	 1.19294242E-15	 6.96030336E-16	 3.48449061E-16	-4.31209732E-16	 4.21556267E-11	 4.49483971E-12	 4.57759754E-12	 3.50774482E-12
 2.650000E-01	 1.14055503E-15	 8.74859929E-16	 9.09181387E-16	 1.42164052E-16	 4.55684873E-11	 3.36768723E-12	 5.29065848E-12	 4.26823789E-12
 2.700000E-01	 1.06488820E-15	 1.09664725E-15	 1.40663988E-15	 6.92164124E-16	 4.80247075E-11	 1.37053712E-12	 5.95842709E-12	 5.07889262E-12
 2.750000E-01	 1.14190518E-15	 1.27596050E-15	 1.65017631E-15	 1.07837668E-15	 4.91143476E-11	-1.74615842E-12	 6.53239124E-12	 5.92028838E-12
 2.800000E-01	 1.18658361E-15	 1.26327242E-15	 1.86467707E-15	 1.57727962E-15	 4.83841502E-11	-6.25713019E-12	 6.95731051E-12	 6.77092189E-12
 2.850000E-01	 9.04787404E-16	 1.07654894E-15	 2.30239967E-15	 2.38535473E-15	 4.52780144E-11	-1.25065776E-11	 7.15294511E-12	 7.60135124E-12
 2.900000E-01	 4.63622849E-16	 8.81243089E-16	 2.70160393E-15	 3.11158818E-15	 3.91524451E-11	-2.08976152E-11	 7.01826506E-12	 8.37875754E-12
 2.950000E-01	 2.47968581E-16	 6.97030176E-16	 2.69494341E-15	 3.35026174E-15	 2.93040219E-11	-3.18747956E-11	 6.43145763E-12	 9.06418103E-12
 3.000000E-01	 2.08866859E-16	 3.59579728E-16	 2.43784045E-15	 3.32060612E-15	 1.49480285E-11	-4.59305641E-11	 5.24335985E-12	 9.60751163E-12
 3.050000E-01	 4.98426432E-17	-1.76008109E-16	 2.27843021E-15	 3.34835071E-15	-4.81313599E-12	-6.36033976E-11	 3.28710108E-12	 9.95629532E-12
 3.100000E-01	-1.71380845E-16	-7.32016132E-16	 2.18225408E-15	 3.23795670E-15	-3.09917217E-11	-8.54891890E-11	 3.74918365E-13	 1.00483435E-11
 3.150000E-01	-1.87565484E-16	-1.17251504E-15	 1.96567287E-15	 2.70951840E-15	-6.47401105E-11	-1.12237281E-10	-3.69623811E-12	 9.81345101E-12
 3.200000E-01	-3.83870355E-17	-1.54749803E-15	 1.74357150E-15	 1.95633508E-15	-1.07334107E-10	-1.44536221E-10	-9.17542001E-12	 9.14832052E-12
 3.250000E-01	 8.35764729E-18	-1.90630379E-15	 1.75779677E-15	 1.32742264E-15	-1.60087896E-10	-1.83092445E-10	-1.63461092E-11	 7.91129962E-12
 3.300000E-01	-1.69443091E-16	-2.18564141E-15	 2.03045965E-15	 8.99815617E-16	-2.24307308E-10	-2.28583831E-10	-2.54468963E-11	 5.98271211E-12
 3.350000E-01	-6.01772632E-16	-2.38331395E-15	 2.44377163E-15	 6.94847750E-16	-3.01426171E-10	-2.81793283E-10	-3.68012099E-11	 3.21518594E-12
 3.400000E-01	-1.46380441E-15	-2.66838718E-15	 2.94913158E-15	 9.35011686E-16	-3.92838655E-10	-3.43528164E-10	-5.07725765E-11	-5.34902379E-13
 3.450000E-01	-2.85405194E-15	-3.13207647E-15	 3.43425777E-15	 1.64693704E-15	-4.99418332E-10	-4.14313749E-10	-6.74927491E-11	-5.26009417E-12
 3.500000E-01	-4.43999003E-15	-3.69204374E-15	 3.53550078E-15	 2.37458575E-15	-6.21968595E-10	-4.94706642E-10	-8.70504656E-11	-1.08896224E-11
 3.550000E-01	-6.16246552E-15	-4.79843230E-15	 3.12483501E-15	 3.23953835E-15	-7.61550764E-10	-5.85488892E-10	-1.09594215E-10	-1.73692462E-11
 3.600000E-01	-9.30365131E-15	-7.72061997E-15	 2.89532661E-15	 5.68186765E-15	-9.18984565E-10	-6.87195267E-10	-1.34977554E-10	-2.45560826E-11
 3.650000E-01	-1.51910182E-14	-1.29233107E-14	 3.45726380E-15	 1.02010829E-14	-1.09496725E-09	-7.99879057E-10	-1.62772803E-10	-3.23712061E-11
 3.700000E-01	-2.28116180E-14	-1.88973236E-14	 4.07194335E-15	 1.43635443E-14	-1.29035884E-09	-9.23336217E-10	-1.92578830E-10	-4.10360793E-11
 3.750000E-01	-2.97440664E-14	-2.37466323E-14	 3.54502818E-15	 1.53198967E-14	-1.50614456E-09	-1.05740301E-09	-2.24184915E-10	-5.10533549E-11
 3.800000E-01	-3.48222074E-14	-2.69342795E-14	 1.70013247E-15	 1.28048709E-14	-1.74310282E-09	-1.20162511E-09	-2.57368922E-10	-6.29505114E-11
 3.850000E-01	-3.90670421E-14	-2.97886639E-14	-6.57497305E-16	 9.28135032E-15	-2.00245063E-09	-1.35588863E-09	-2.91898531E-10	-7.68892256E-11
 3.900000E-01	-4.55353686E-14	-3.50497463E-14	-2.16794735E-15	 8.64596671E-15	-2.28615667E-09	-1.52091819E-09	-3.27624717E-10	-9.26999887E-11
 3.950000E-01	-5.61993390E-14	-4.34050398E-14	-2.30430483E-15	 1.16601431E-14	-2.59594002E-09	-1.69699466E-09	-3.64036367E-10	-1.10326004E-10
 4.000000E-01	-6.76716927E-14	-5.11708435E-14	-3.08567707E-15	 1.27937205E-14	-2.93452651E-09	-1.88481231E-09	-4.00776937E-10	-1.30056299E-10
 4.050000E-01	-7.45494016E-14	-5.49259882E-14	-6.85606963E-15	 6.91009877E-15	-3.30546284E-09	-2.08488043E-09	-4.37251689E-10	-1.52201163E-10
 4.100000E-01	-7.64328001E-14	-5.60057878E-14	-1.28694070E-14	-3.70794681E-15	-3.71093793E-09	-2.29599529E-09	-4.72182194E-10	-1.77158872E-10
 4.150000E-01	-7.87742787E-14	-5.95373011E-14	-1.79465222E-14	-1.12497378E-14	-4.15208948E-09	-2.51694557E-09	-5.04954801E-10	-2.05988407E-10
 4.200000E-01	-8.98847612E-14	-7.14289609E-14	-1.87254826E-14	-7.55490889E-15	-4.62973376E-09	-2.74625447E-09	-5.34786008E-10	-2.39742023E-10
 4.250000E-01	-1.12392414E-13	-9.05284045E-14	-1.52578203E-14	 5.40901595E-15	-5.14535564E-09	-2.98146524E-09	-5.59498850E-10	-2.78368068E-10
 4.300000E-01	-1.34299591E-13	-1.04775513E-13	-1.39746222E-14	 1.03133909E-14	-5.70064747E-09	-3.21957935E-09	-5.76321411E-10	-3.21270888E-10
 4.350000E-01	-1.43896024E-13	-1.08443606E-13	-1.97113704E-14	-1.60236747E-15	-6.29664888E-09	-3.45703120E-09	-5.82516822E-10	-3.68207844E-10
 4.400000E-01	-1.52051853E-13	-1.14888980E-13	-2.59394788E-14	-1.12342956E-14	-6.93404642E-09	-3.68942204E-09	-5.75119026E-10	-4.19006297E-10
 4.450000E-01	-1.74482596E-13	-1.33556150E-13	-2.50231389E-14	-3.67523502E-15	-7.61318553E-09	-3.91115277E-09	-5.50455848E-10	-4.73312664E-10
 4.500000E-01	-2.00782239E-13	-1.50829591E-13	-2.28730692E-14	 2.17291251E-15	-8.33605796E-09	-4.11704497E-09	-5.05131655E-10	-5.31277941E-10
 4.550000E-01	-2.12682527E-13	-1.55069816E-13	-2.81169525E-14	-1.15029972E-14	-9.10503013E-09	-4.30091095E-09	-4.35279325E-10	-5.93195803E-10
 4.600000E-01	-2.18616956E-13	-1.58687809E-13	-3.51995055E-14	-2.70053836E-14	-9.92279160E-09	-4.45562535E-09	-3.36793178E-10	-6.59934782E-10
 4.650000E-01	-2.36249507E-13	-1.73546999E-13	-3.49655141E-14	-2.55739444E-14	-1.07936539E-08	-4.57376416E-09	-2.05460858E-10	-7.32937524E-10
 4.700000E-01	-2.58503991E-13	-1.89207942E-13	-3.18822814E-14	-2.19602759E-14	-1.17197675E-08	-4.64428630E-09	-3.52383036E-11	-8.13468033E-10
 4.750000E-01	-2.72767407E-13	-1.98378821E-13	-3.27960352E-14	-2.86703525E-14	-1.27018472E-08	-4.65466197E-09	 1.79833391E-10	-9.03972195E-10
 4.800000E-01	-2.94815397E-13	-2.17319544E-13	-2.92718629E-14	-2.24150694E-14	-1.37383084E-08	-4.58981871E-09	 4.46780748E-10	-1.00683765E-09
 4.850000E-01	-3.39434053E-13	-2.51502749E-13	-1.40086857E-14	 7.10505070E-15	-1.48234298E-08	-4.42907286E-09	 7.75603877E-10	-1.12376735E-09
 4.900000E-01	-3.76195761E-13	-2.71543487E-13	-3.96279969E-15	 1.62386035E-14	-1.59472755E-08	-4.14801363E-09	 1.17758503E-09	-1.25655805E-09
 4.950000E-01	-3.78193695E-13	-2.67011484E-13	-1.24587123E-14	-1.44324435E-14	-1.70898860E-08	-3.71442810E-09	 1.66603016E-09	-1.40772159E-09
 5.000000E-01	-3.92897764E-13	-2.84044562E-13	-1.11134961E-14	-1.44358940E-14	-1.82262546E-08	-3.09105287E-09	 2.25610845E-09	-1.58003787E-09
 5.050000E-01	-4.76968545E-13	-3.51547600E-13	 3.01888484E-14	 6.68379606E-14	-1.93291604E-08	-2.23615544E-09	 2.96539857E-09	-1.77609224E-09
 5.100000E-01	-5.94938529E-13	-4.25603456E-13	 8.55149139E-14	 1.60367028E-13	-2.03668408E-08	-1.10032597E-09	 3.81502520E-09	-1.99833316E-09
 5.150000E-01	-6.83106496E-13	-4.66808094E-13	 1.15642077E-13	 1.94999209E-13	-2.13046477E-08	 3.75020661E-10	 4.83170347E-09	-2.24770533E-09
 5.200000E-01	-7.61223538E-13	-5.03858556E-13	 1.36658736E-13	 2.15791722E-13	-2.21039359E-08	 2.25893649E-09	 6.04638730E-09	-2.52651801E-09
 5.250000E-01	-8.90100453E-13	-5.74875356E-13	 1.88941928E-13	 2.94482890E-13	-2.27360977E-08	 4.61418530E-09	 7.48332177E-09	-2.84424461E-09
 5.300000E-01	-1.07888914E-12	-6.71127193E-13	 2.76314512E-13	 4.22749770E-13	-2.31787844E-08	 7.51004877E-09	 9.16932247E-09	-3.21324431E-09
 5.350000E-01	-1.27907155E-12	-7.52522568E-13	 3.63826332E-13	 5.29285826E-13	-2.34179079E-08	 1.10281212E-08	 1.11418944E-08	-3.64163136E-09
 5.400000E-01	-1.41949658E-12	-7.81514268E-13	 4.01838135E-13	 5.35911133E-13	-2.34451822E-08	 1.52567691E-08	 1.34429818E-08	-4.13639321E-09
 5.450000E-01	-1.49192963E-12	-7.78896452E-13	 3.89561854E-13	 4.67508916E-13	-2.32457139E-08	 2.03037340E-08	 1.61232945E-08	-4.70432455E-09
 5.500000E-01	-1.62235352E-12	-8.29526350E-13	 4.29973853E-13	 5.00263684E-13	-2.28105787E-08	 2.62894219E-08	 1.92391366E-08	-5.35349772E-09
 5.550000E-01	-1.89358855E-12	-9.42341654E-13	 5.85993902E-13	 6.92487856E-13	-2.21709548E-08	 3.33249587E-08	 2.28443413E-08	-6.09603285E-09
 5.600000E-01	-2.13696915E-12	-9.97415298E-13	 7.08099209E-13	 7.88543028E-13	-2.13775296E-08	 4.15326579E-08	 2.69947794E-08	-6.95277217E-09
 5.650000E-01	-2.18165701E-12	-9.55363060E-13	 6.50273428E-13	 6.26856281E-13	-2.04748293E-08	 5.10457375E-08	 3.17357213E-08	-7.96099265E-09
 5.700000E-01	-2.18913603E-12	-9.48521936E-13	 5.67939238E-13	 4.85710295E-13	-1.95085153E-08	 6.20187416E-08	 3.71208912E-08	-9.15848899E-09
 5.750000E-01	-2.38942860E-12	-1.04603428E-12	 6.75288022E-13	 6.21013948E-13	-1.85088780E-08	 7.46621307E-08	 4.32386532E-08	-1.05687983E-08
 5.800000E-01	-2.68668651E-12	-1.14638675E-12	 8.68072787E-13	 8.30076087E-13	-1.74742444E-08	 8.92287490E-08	 5.01881972E-08	-1.22143409E-08
 5.850000E-01	-2.85814436E-12	-1.17598629E-12	 9.16269538E-13	 8.35083482E-13	-1.63589616E-08	 1.06014740E-07	 5.80679491E-08	-1.41281674E-08
 5.900000E-01	-2.90103963E-12	-1.18751483E-12	 8.17704771E-13	 6.95011806E-13	-1.51271969E-08	 1.25339037E-07	 6.69769993E-08	-1.63510979E-08
 5.950000E-01	-2.97217981E-12	-1.25099573E-12	 7.41186149E-13	 6.35699483E-13	-1.37659383E-08	 1.47555276E-07	 7.70278689E-08	-1.89269366E-08
 6.000000E-01	-3.20713637E-12	-1.37937476E-12	 8.36637771E-13	 8.02988298E-13	-1.22381941E-08	 1.73089761E-07	 8.83505963E-08	-2.19096257E-08
 6.050000E-01	-3.64256511E-12	-1.52751563E-12	 1.14485674E-12	 1.18448341E-12	-1.05020226E-08	 2.02435560E-07	 1.01094041E-07	-2.53592211E-08
 6.100000E-01	-4.18544098E-12	-1.62906649E-12	 1.55166684E-12	 1.60992639E-12	-8.55312830E-09	 2.36142161E-07	 1.15431973E-07	-2.93349478E-08
 6.150000E-01	-4.71564001E-12	-1.65893192E-12	 1.90649695E-12	 1.92348585E-12	-6.43541789E-09	 2.74803862E-07	 1.31548273E-07	-3.39011183E-08
 6.200000E-01	-5.21707515E-12	-1.63421693E-12	 2.19083858E-12	 2.13467306E-12	-4.24658125E-09	 3.19058304E-07	 1.49634695E-07	-3.91258843E-08
 6.250000E-01	-5.76904652E-12	-1.56693129E-12	 2.51890965E-12	 2.36786329E-12	-2.05474315E-09	 3.69678846E-07	 1.69923937E-07	-4.50838254E-08
 6.300000E-01	-6.48247560E-12	-1.43261623E-12	 3.06169370E-12	 2.76035738E-12	 8.09685861E-11	 4.27545886E-07	 1.92675132E-07	-5.18474871E-08
 6.350000E-01	-7.37821398E-12	-1.16301919E-12	 3.86836612E-12	 3.29302409E-12	 1.99414833E-09	 4.93546881E-07	 2.18142621E-07	-5.94767031E-08
 6.400000E-01	-8.29112641E-12	-7.11154799E-13	 4.70141845E-12	 3.71086894E-12	 3.53985785E-09	 5.68730986E-07	 2.46641749E-07	-6.80215108E-08
 6.450000E-01	-9.06709496E-12	-1.13585846E-13	 5.32393511E-12	 3.85207376E-12	 4.65797811E-09	 6.54254784E-07	 2.78489821E-07	-7.75178565E-08
 6.500000E-01	-9.78462540E-12	 5.95522481E-13	 5.87209769E-12	 3.89442048E-12	 5.19590204E-09	 7.51185773E-07	 3.13927507E-07	-8.79582448E-08
 6.550000E-01	-1.05536551E-11	 1.45929531E-12	 6.54777360E-12	 3.99092849E-12	 4.90743176E-09	 8.60664208E-07	 3.53233609E-07	-9.92821573E-08
 6.600000E-01	-1.12681309E-11	 2.49014221E-12	 7.17266113E-12	 3.97757962E-12	 3.52040360E-09	 9.84122353E-07	 3.96923556E-07	-1.11281663E-07
 6.650000E-01	-1.18360103E-11	 3.61421422E-12	 7.56494521E-12	 3.78307482E-12	 5.04116330E-10	 1.12302547E-06	 4.45639456E-07	-1.23544574E-07
 6.700000E-01	-1.24466658E-11	 4.83411533E-12	 8.06729987E-12	 3.73952737E-12	-5.07874011E-09	 1.27880042E-06	 4.99999574E-07	-1.35625475E-07
 6.750000E-01	-1.32534200E-11	 6.27382728E-12	 9.00359177E-12	 4.02781003E-12	-1.46553064E-08	 1.45267132E-06	 5.60539321E-07	-1.46981850E-07
 6.800000E-01	-1.40046280E-11	 7.92623070E-12	 9.91274497E-12	 4.23977645E-12	-3.01448114E-08	 1.64586594E-06	 6.28084843E-07	-1.56687468E-07
 6.850000E-01	-1.43329383E-11	 9.55949433E-12	 1.00241091E-11	 3.91770232E-12	-5.36391676E-08	 1.86015084E-06	 7.03856844E-07	-1.63546639E-07
 6.900000E-01	-1.41685145E-11	 1.09474137E-11	 9.11130920E-12	 3.09361819E-12	-8.78107818E-08	 2.09685533E-06	 7.88817316E-07	-1.66084752E-07
 6.950000E-01	-1.38564369E-11	 1.20483154E-11	 7.79438419E-12	 2.39154814E-12	-1.35968255E-07	 2.35711798E-06	 8.84074437E-07	-1.62357420E-07
 7.000000E-01	-1.40832288E-11	 1.31200577E-11	 7.46059771E-12	 2.84852494E-12	-2.01861708E-07	 2.64255131E-06	 9.91264520E-07	-1.49888821E-07
 7.050000E-01	-1.50968458E-11	 1.45772620E-11	 8.74662585E-12	 4.61551882E-12	-2.90291684E-07	 2.95446936E-06	 1.11213219E-06	-1.25558529E-07
 7.100000E-01	-1.60746271E-11	 1.63234741E-11	 1.00078938E-11	 6.20929450E-12	-4.07342285E-07	 3.29361275E-06	 1.24835932E-06	-8.56516122E-08
 7.150000E-01	-1.64248484E-11	 1.77048062E-11	 9.73101345E-12	 6.90325140E-12	-5.60219036E-07	 3.66013592E-06	 1.40156486E-06	-2.57349890E-08
 7.200000E-01	-1.70376696E-11	 1.86026854E-11	 9.52573621E-12	 8.42327935E-12	-7.57171309E-07	 4.05368415E-06	 1.57344270E-06	 5.96419749E-08
 7.250000E-01	-1.85785921E-11	 1.96757350E-11	 1.10818942E-11	 1.16461662E-11	-1.00767347E-06	 4.47333791E-06	 1.76580040E-06	 1.77128922E-07
 7.300000E-01	-1.97845589E-11	 2.10072344E-11	 1.21130848E-11	 1.40914319E-11	-1.32273974E-06	 4.91712692E-06	 1.98028016E-06	 3.34746602E-07
 7.350000E-01	-1.96608719E-11	 2.16386932E-11	 1.01200400E-11	 1.42975532E-11	-1.71493981E-06	 5.38168800E-06	 2.21801128E-06	 5.41977472E-07
 7.400000E-01	-1.97211739E-11	 2.11095542E-11	 7.58978471E-12	 1.53561233E-11	-2.19875275E-06	 5.86212978E-06	 2.47985597E-06	 8.10108243E-07
 7.450000E-01	-2.14414909E-11	 2.02671931E-11	 7.86983125E-12	 1.96620674E-11	-2.79075972E-06	 6.35151129E-06	 2.76586352E-06	 1.15239716E-06
 7.500000E-01	-2.35585946E-11	 1.97653331E-11	 9.11625556E-12	 2.43607849E-11	-3.50955236E-06	 6.84032057E-06	 3.07455824E-06	 1.58400239E-06
 7.550000E-01	-2.45677626E-11	 1.89148659E-11	 8.01412219E-12	 2.67028637E-11	-4.37615116E-06	 7.31645006E-06	 3.40377803E-06	 2.12286360E-06
 7.600000E-01	-2.54705063E-11	 1.68582694E-11	 5.70284374E-12	 2.89575984E-11	-5.41472257E-06	 7.76384405E-06	 3.74994630E-06	 2.79048370E-06
 7.650000E-01	-2.73413829E-11	 1.40885017E-11	 4.63522189E-12	 3.30654384E-11	-6.65266209E-06	 8.16181799E-06	 4.10688593E-06	 3.61125571E-06
 7.700000E-01	-2.86531441E-11	 1.17635959E-11	 3.23955939E-12	 3.56439746E-11	-8.12062887E-06	 8.48380358E-06	 4.46491050E-06	 4.61237766E-06
 7.750000E-01	-2.81593030E-11	 9.48885045E-12	-9.64196803E-13	 3.43632516E-11	-9.85368153E-06	 8.69533085E-06	 4.81066665E-06	 5.82522016E-06
 7.800000E-01	-2.80745004E-11	 5.36208428E-12	-5.86684194E-12	 3.40468234E-11	-1.18895617E-05	 8.75624894E-06	 5.12595702E-06	 7.28343411E-06
 7.850000E-01	-3.06710798E-11	-9.05672675E-13	-7.83609333E-12	 3.90521323E-11	-1.42673005E-05	 8.61841771E-06	 5.38627945E-06	 9.02292506E-06
 7.900000E-01	-3.42530525E-11	-7.14179502E-12	-7.76690936E-12	 4.53175180E-11	-1.70310314E-05	 8.22196906E-06	 5.56371982E-06	 1.10872878E-05
 7.950000E-01	-3.60818928E-11	-1.19427054E-11	-9.00330718E-12	 4.71280622E-11	-2.02306587E-05	 7.49482175E-06	 5.62246367E-06	 1.35239855E-05
 8.000000E-01	-3.62993917E-11	-1.61518779E-11	-1.19910271E-11	 4.51952797E-11	-2.39207461E-05	 6.34817424E-06	 5.51599167E-06	 1.63807289E-05
 8.050000E-01	-3.63301004E-11	-2.06180571E-11	-1.48996754E-11	 4.28428733E-11	-2.81624295E-05	 4.67289295E-06	 5.18705143E-06	 1.97069686E-05
 8.100000E-01	-3.63512743E-11	-2.50304537E-11	-1.69145906E-11	 4.06144239E-11	-3.30193001E-05	 2.34154339E-06	 4.56493879E-06	 2.35478504E-05
 8.150000E-01	-3.65055775E-11	-3.03927765E-11	-1.90065157E-11	 3.85396697E-11	-3.85503448E-05	-7.84010725E-07	 3.57024766E-06	 2.79406453E-05
 8.200000E-01	-3.88264867E-11	-4.04002322E-11	-2.23558233E-11	 3.95197678E-11	-4.48101306E-05	-4.86256983E-06	 2.11532904E-06	 3.29201348E-05
 8.250000E-01	-4.45530285E-11	-5.48871773E-11	-2.50633529E-11	 4.50567913E-11	-5.18606369E-05	-1.00770750E-05	 1.08731357E-07	 3.85223985E-05
 8.300000E-01	-4.98278206E-11	-6.46830131E-11	-2.27680931E-11	 4.89662909E-11	-5.97733751E-05	-1.66345893E-05	-2.54671055E-06	 4.47719048E-05
 8.350000E-01	-4.98254782E-11	-6.37635305E-11	-1.62043406E-11	 4.38874255E-11	-6.86208715E-05	-2.47826319E-05	-5.96237943E-06	 5.16715663E-05
 8.400000E-01	-4.67632702E-11	-6.09247664E-11	-1.24030491E-11	 3.30118805E-11	-7.84639628E-05	-3.47881998E-05	-1.02518631E-05	 5.91904148E-05
 8.450000E-01	-4.63560492E-11	-6.57012694E-11	-1.35330222E-11	 2.52021222E-11	-8.93395528E-05	-4.69270445E-05	-1.55152134E-05	 6.72603639E-05
 8.500000E-01	-4.84165840E-11	-7.25168173E-11	-1.28488739E-11	 2.16714560E-11	-1.01278735E-04	-6.14877681E-05	-2.18217937E-05	 7.57891836E-05
 8.550000E-01	-4.86006894E-11	-7.28234747E-11	-7.19799997E-12	 1.64147969E-11	-1.14337878E-04	-7.87568872E-05	-2.91858514E-05	 8.46580385E-05
 8.600000E-01	-4.67048285E-11	-7.09474486E-11	-3.52503248E-12	 6.17344992E-12	-1.28659071E-04	-9.90495313E-05	-3.75625416E-05	 9.37322046E-05
 8.650000E-01	-4.64330119E-11	-7.24681483E-11	-3.71258364E-12	-4.66929937E-12	-1.44456520E-04	-1.22738792E-04	-4.68883903E-05	 1.02805869E-04
 8.700000E-01	-4.76275220E-11	-6.74666145E-11	 5.19659538E-12	-9.28753180E-12	-1.61980440E-04	-1.50214475E-04	-5.70802920E-05	 1.11565036E-04
 8.750000E-01	-4.41732168E-11	-4.63900801E-11	 2.60710940E-11	-1.21436152E-11	-1.81432317E-04	-1.81794424E-04	-6.79972220E-05	 1.19549902E-04
 8.800000E-01	-3.37248690E-11	-2.53613262E-11	 3.25571239E-11	-2.92087974E-11	-2.02959214E-04	-2.17701185E-04	-7.94219776E-05	 1.26152707E-04
 8.850000E-01	-2.53546172E-11	-2.40273385E-11	 1.15628309E-11	-5.78807039E-11	-2.26839049E-04	-2.58063773E-04	-9.10097782E-05	 1.30682699E-04
 8.900000E-01	-2.68083438E-11	-2.34512446E-11	 1.41757453E-12	-6.63180503E-11	-2.53546013E-04	-3.02882326E-04	-1.02294471E-04	 1.32333141E-04
 8.950000E-01	-2.78625740E-11	 1.04513347E-11	 3.36804238E-11	-4.24677280E-11	-2.83705319E-04	-3.51953471E-04	-1.12754671E-04	 1.30054324E-04
 9.000000E-01	-1.27764833E-11	 6.91779617E-11	 7.26237926E-11	-2.09885751E-11	-3.17944389E-04	-4.04886069E-04	-1.22013978E-04	 1.22524924E-04
 9.050000E-01	 1.67199379E-11	 1.15536335E-10	 7.06039068E-11	-2.88037740E-11	-3.56300403E-04	-4.60408519E-04	-1.29765510E-04	 1.07832426E-04
 9.100000E-01	 4.82453485E-11	 1.39329736E-10	 3.54180069E-11	-4.83805551E-11	-3.98345963E-04	-5.17196329E-04	-1.36096511E-04	 8.48388456E-05
 9.150000E-01	 7.45190534E-11	 1.53687566E-10	-4.06317493E-13	-4.94263112E-11	-4.43794973E-04	-5.71174270E-04	-1.40168381E-04	 5.04492393E-05
 9.200000E-01	 9.17091636E-11	 1.68327024E-10	-1.66659256E-11	-1.36382356E-11	-4.92532314E-04	-6.21828561E-04	-1.44381564E-04	 5.44570823E-06
 9.250000E-01	 1.08859927E-10	 1.91109670E-10	-9.01477926E-12	 5.81706827E-11	-5.44156978E-04	-6.62346103E-04	-1.47403542E-04	-5.34592726E-05
 9.300000E-01	 1.46588933E-10	 2.19378519E-10	 5.34639834E-12	 1.37261273E-10	-5.90607901E-04	-6.80408609E-04	-1.57524905E-04	-1.38242693E-04
 9.350000E-01	 2.01204044E-10	 2.32479298E-10	 2.78264909E-12	 1.83734338E-10	-6.28449870E-04	-6.85434730E-04	-1.83848316E-04	-2.29360420E-04
 9.400000E-01	 2.42397233E-10	 2.08641035E-10	-2.46247155E-11	 1.97088601E-10	-6.65463717E-04	-6.85717347E-04	-2.10263205E-04	-2.99135491E-04
 9.450000E-01	 2.51298932E-10	 1.62629043E-10	-2.82872762E-11	 2.11783612E-10	-6.85024081E-04	-6.54461970E-04	-2.60197336E-04	-3.67551316E-04
 9.500000E-01	 2.49615834E-10	 9.02147452E-11	 4.58101627E-12	 2.54746391E-10	-6.81280089E-04	-5.65240327E-04	-2.89445052E-04	-4.01588974E-04
 9.550000E-01	 2.54287849E-10	 3.18110993E-11	 5.90566143E-11	 2.86196505E-10	-6.43712066E-04	-4.55640874E-04	-3.34935347E-04	-4.43907556E-04
 9.600000E-01	 1.76307468E-10	 3.20022239E-11	 1.87219362E-10	 2.90287817E-10	-5.32974268E-04	-4.51251218E-04	-5.33087512E-04	-4.66685911E-04
 9.650000E-01	 5.37483004E-11	 1.12677800E-10	 3.12990044E-10	 3.09089849E-10	-2.60332748E-04	-4.61331223E-04	-6.68988697E-04	-5.10729408E-04
 9.700000E-01	 1.17918906E-10	 1.53273391E-10	 1.07158298E-10	-1.36579828E-10	-5.31042669E-04	-1.36993513E-03	-1.08596333E-03	-9.51824717E-05
 9.750000E-01	 8.97127713E-11	-2.63364809E-10	-6.88688879E-10	-6.09880944E-10	-8.37517656E-03	-1.36725610E-02	 1.66079495E-03	 6.24433250E-03
 9.800000E-01	 8.12624558E-10	-1.20317245E-09	-5.41516905E-11	 2.33446689E-09	-8.55841244E-02	-1.31208371E-02	 8.79728027E-02	 7.10801659E-03
 9.850000E-01	 1.48997939E-09	 3.11472288E-09	 3.06483563E-10	-3.06524372E-09	 3.50733777E-02	-1.01786859E-01	-9.69759298E-02	 1.10080581E-01
 9.900000E-01	 4.97154930E-09	 2.37910502E-08	 8.45712849E-09	-1.84938038E-08	 6.81615330E-01	-7.16833789E-01	-8.70724944E-01	 1.88285503E-01
 9.950000E-01	 3.25440303E-07	-5.09330447E-07	-5.10024359E-07	 2.87837131E-07	-2.65134618E+01	 7.23786853E+00	 2.82386754E+01	 5.29537588E+00
 1.000000E+00	 4.32263216E-07	-6.87037606E-07	-6.82851515E-07	 3.89947438E-07	-3.55784872E+01	 9.88943586E+00	 3.79418084E+01	 6.99773927E+00
