 28-Jul-25 07/09/2014
     1               1
  0.100000000E+01
*   1.000             1               0 DN    3   2 CLC    40   41
  0.000000000E+00 0.170000000E+03 0.200000000E+01 0.983571429E+06
  0.983571429E+06 0.170475093E+03-0.248697481E-01 0.569339740E+02
  0.198549347E+01 0.609071479E+00 0.608475275E+00 0.186150784E+08
  0.177660385E+03-0.296957090E-01 0.996692518E+01 0.234631674E+01
  0.178210487E+01 0.639152786E+00 0.100000000E+11 0.124093316E+01
  0.100000000E+11 0.100000000E+11 0.618083775E+01-0.351915516E+00
  0.214992434E+03 0.150303186E+03 0.110409173E+03
  0.000000000E+00 0.000000000E+00 0.000000000E+00
  0.113867948E+03 0.111775117E+03
  0.000000000E+00 0.000000000E+00
  0.196871715E+01 0.228846710E+00 0.239875443E+01 0.305233612E+01
  0.884055338E+00 0.105378128E+02-0.500000000E+02-0.500000000E+02
 -0.500000000E+02 0.164086574E+00 0.180012895E+05 0.103690473E+07
  0.684166437E-04 0.188921935E+01 0.374927731E+01-0.133876589E-01
  0.149631522E+01 0.169463941E+03 0.000000000E+00 0.000000000E+00
  0.135832177E+03-0.113066904E+03 0.135798233E+03 0.113017164E+03
 -0.100000000E+03-0.500000000E+02 0.180178583E+01 0.182837956E+01
  0.100000000E+03 0.100000000E+03 0.100000000E+03 0.124093316E+01
  0.185957012E+03-0.402197863E-02 0.315574261E+00 0.000000000E+00
  0.120418970E+01 0.158543445E+01 0.700648995E+06 0.000000000E+00
  0.000000000E+00 0.000000000E+00 0.797778571E+00 0.100000000E+02
    44   60   18    6
  0.993863702E-01 0.956490743E-01 0.918819032E-01 0.105012178E+00
  0.207933794E+00-0.708694789E-01-0.864291569E-01 0.299057821E+00
  0.295952673E-01 0.988168550E-01 0.963301788E-01 0.899542795E-01
  0.106810557E+00 0.214050500E+00-0.701676594E-01-0.896075672E-01
  0.296130716E+00 0.351145852E-01 0.107001804E+00 0.104763614E+00
  0.988535704E-01 0.100745493E+00 0.147781206E+00 0.231823943E+00
  0.522167072E-01-0.625276975E-01-0.417298218E-01-0.963791547E-01
 -0.410860658E-01 0.104976147E+00 0.984896328E-01 0.100318342E+00
  0.148643445E+00 0.230926400E+00 0.307665355E-01-0.644309505E-01
 -0.398067595E-01-0.968718618E-01-0.395735535E-01 0.202058389E+00
  0.105512925E+00 0.170211991E+00 0.120803204E+00 0.754677022E-01
  0.258797231E+00 0.253258641E+00 0.227424744E+00 0.202421140E+00
  0.232268174E+00-0.487223259E-01-0.291600517E+00 0.392845822E-01
  0.168588331E+00 0.195297531E+00 0.257316852E+00 0.236359424E+00
  0.298319085E+00 0.292482074E+00 0.256043977E+00 0.255461836E+00
  0.223151893E+00 0.209074967E+00 0.233403076E+00-0.853189789E-01
 -0.290763922E+00-0.443021986E-01 0.157310557E+00 0.139423735E+00
  0.223763523E+00 0.257653627E+00 0.240250700E+00 0.301781353E+00
  0.288280759E+00-0.310525915E+00-0.134009133E+00 0.922207619E-01
  0.170625836E+00 0.160179985E+00 0.204666547E+00 0.249600559E+00
  0.235887385E+00 0.253729979E+00 0.292127232E+00 0.253518262E+00
  0.289761370E+00 0.254902057E+00 0.240185480E+00 0.254050501E+00
  0.220800757E+00 0.139945119E+00 0.154327512E+00-0.279235681E-01
 -0.284122121E+00-0.780384324E-01 0.233865993E+00 0.208671547E+00
  0.223942415E+00 0.255587255E+00 0.258862407E+00 0.253398169E+00
  0.228084848E+00 0.202647550E+00 0.236144515E+00-0.661423543E-01
  0.210161768E+04 0.344743909E+04-0.383369824E+04-0.315597618E+05
  0.183852891E+06-0.178462416E+06-0.174162189E+06 0.380928814E+06
 -0.155192934E+06-0.161939771E+04 0.926323560E+04-0.118432690E+05
 -0.294810475E+05 0.196218748E+06-0.176729031E+06-0.178314648E+06
  0.367273986E+06-0.146815083E+06
  0.000000000E+00 0.000000000E+00 0.000000000E+00 0.000000000E+00
  0.000000000E+00 0.000000000E+00
  0.000000000E+00 0.130686400E+03 0.115175000E+03 0.136767759E+03
  0.115175000E+03 0.000000000E+00 0.000000000E+00 0.000000000E+00
  0.000000000E+00 0.000000000E+00 0.756565379E+02 0.000000000E+00
  0.986512165E+00 0.126924597E+01 0.477929810E-02-0.440912469E+00
 -0.417988033E+00 0.000000000E+00 0.999000000E+03 0.923740884E+00
  0.118195228E+02 0.332011090E+01 0.000000000E+00-0.378491346E+00
 -0.999000000E+03-0.999000000E+03 0.301953230E+01 0.464486205E+00
  0.143708576E+00 0.254307820E+01 0.113541119E+01 0.227180832E+01
  0.550578212E+02 0.261185608E+01 0.245432751E+02 0.245727710E+02
 -0.890000000E+02-0.890000000E+02-0.890000000E+02-0.890000000E+02
  0.241727859E+01 0.130686400E+03 0.115175000E+03 0.130602565E+03
 -0.115175000E+03 0.136767759E+03 0.115175000E+03 0.137083858E+03
 -0.115175000E+03 0.000000000E+00-0.990000000E+02-0.990000000E+02
 -0.990000000E+02-0.990000000E+02 0.000000000E+00 0.478515918E+00
  0.100000000E+01 0.000000000E+00 0.000000000E+00 0.000000000E+00
                                            EQG
