@R IP 1 []
  8.100000000e+06
@R BCENTR 1 []
  7.000000000e+00
@R RMAJOR 1 []
  4.000000000e+00
@R AMINOR 1 []
  1.330000000e+00
@R KAPPA 1 []
  2.000000000e+00
@R DELTA 1 []
  6.000000000e-01
@I NRHO 1 []
              101
@R RHOB 1 []
  1.835343039e+00
@R RHO 101 []
  0.000000000e+00  1.000000000e-02  2.000000000e-02  3.000000000e-02
  4.000000000e-02  5.000000000e-02  6.000000000e-02  7.000000000e-02
  8.000000000e-02  9.000000000e-02  1.000000000e-01  1.100000000e-01
  1.200000000e-01  1.300000000e-01  1.400000000e-01  1.500000000e-01
  1.600000000e-01  1.700000000e-01  1.800000000e-01  1.900000000e-01
  2.000000000e-01  2.100000000e-01  2.200000000e-01  2.300000000e-01
  2.400000000e-01  2.500000000e-01  2.600000000e-01  2.700000000e-01
  2.800000000e-01  2.900000000e-01  3.000000000e-01  3.100000000e-01
  3.200000000e-01  3.300000000e-01  3.400000000e-01  3.500000000e-01
  3.600000000e-01  3.700000000e-01  3.800000000e-01  3.900000000e-01
  4.000000000e-01  4.100000000e-01  4.200000000e-01  4.300000000e-01
  4.400000000e-01  4.500000000e-01  4.600000000e-01  4.700000000e-01
  4.800000000e-01  4.900000000e-01  5.000000000e-01  5.100000000e-01
  5.200000000e-01  5.300000000e-01  5.400000000e-01  5.500000000e-01
  5.600000000e-01  5.700000000e-01  5.800000000e-01  5.900000000e-01
  6.000000000e-01  6.100000000e-01  6.200000000e-01  6.300000000e-01
  6.400000000e-01  6.500000000e-01  6.600000000e-01  6.700000000e-01
  6.800000000e-01  6.900000000e-01  7.000000000e-01  7.100000000e-01
  7.200000000e-01  7.300000000e-01  7.400000000e-01  7.500000000e-01
  7.600000000e-01  7.700000000e-01  7.800000000e-01  7.900000000e-01
  8.000000000e-01  8.100000000e-01  8.200000000e-01  8.300000000e-01
  8.400000000e-01  8.500000000e-01  8.600000000e-01  8.700000000e-01
  8.800000000e-01  8.900000000e-01  9.000000000e-01  9.100000000e-01
  9.200000000e-01  9.300000000e-01  9.400000000e-01  9.500000000e-01
  9.600000000e-01  9.700000000e-01  9.800000000e-01  9.900000000e-01
  1.000000000e+00
@R VOLP 101 []
  0.000000000e+00  3.291586400e+00  6.581924543e+00  9.869772318e+00
  1.315389883e+01  1.643309205e+01  1.970616135e+01  2.297194635e+01
  2.622931787e+01  2.947718584e+01  3.271449891e+01  3.594025282e+01
  3.915348790e+01  4.235329681e+01  4.553881749e+01  4.870924412e+01
  5.186382007e+01  5.500184406e+01  5.812265699e+01  6.122564735e+01
  6.431025462e+01  6.737595365e+01  7.042226092e+01  7.344869799e+01
  7.645483915e+01  7.944037230e+01  8.240501267e+01  8.534832210e+01
  8.826976117e+01  9.116884015e+01  9.404508758e+01  9.689803930e+01
  9.972723083e+01  1.025322073e+02  1.053125153e+02  1.080677053e+02
  1.107973414e+02  1.135009767e+02  1.161781810e+02  1.188285277e+02
  1.214515818e+02  1.240469272e+02  1.266141369e+02  1.291527949e+02
  1.316624946e+02  1.341428104e+02  1.365933367e+02  1.390136678e+02
  1.414034076e+02  1.437621427e+02  1.460894583e+02  1.483849807e+02
  1.506483136e+02  1.528790407e+02  1.550767849e+02  1.572411601e+02
  1.593717703e+02  1.614682330e+02  1.635301581e+02  1.655571714e+02
  1.675489024e+02  1.695049653e+02  1.714249721e+02  1.733085659e+02
  1.751553902e+02  1.769650502e+02  1.787371736e+02  1.804714187e+02
  1.821674072e+02  1.838247516e+02  1.854430799e+02  1.870220074e+02
  1.885611593e+02  1.900601716e+02  1.915186225e+02  1.929359818e+02
  1.943116678e+02  1.956450240e+02  1.969354039e+02  1.981822885e+02
  1.993850140e+02  2.005423396e+02  2.016515408e+02  2.027084650e+02
  2.037080763e+02  2.046453267e+02  2.055158576e+02  2.063125098e+02
  2.070207571e+02  2.076142061e+02  2.080457542e+02  2.082557903e+02
  2.081938658e+02  2.078354486e+02  2.072049445e+02  2.063783668e+02
  2.054680560e+02  2.045083618e+02  2.035192920e+02  2.019592120e+02
  1.993125057e+02
@R IPOL 101 []
  9.917602294e-01  9.917659104e-01  9.917829087e-01  9.918110905e-01
  9.918502344e-01  9.919000342e-01  9.919601020e-01  9.920299731e-01
  9.921091106e-01  9.921969123e-01  9.922927174e-01  9.923958127e-01
  9.925054419e-01  9.926208128e-01  9.927411084e-01  9.928654915e-01
  9.929931145e-01  9.931231271e-01  9.932547000e-01  9.933870199e-01
  9.935192925e-01  9.936507735e-01  9.937807482e-01  9.939085788e-01
  9.940336834e-01  9.941552805e-01  9.942726867e-01  9.943858033e-01
  9.944946786e-01  9.945993030e-01  9.946997047e-01  9.947959103e-01
  9.948879642e-01  9.949759190e-01  9.950598357e-01  9.951397805e-01
  9.952158386e-01  9.952880926e-01  9.953566413e-01  9.954215849e-01
  9.954830317e-01  9.955410983e-01  9.955959068e-01  9.956475821e-01
  9.956962563e-01  9.957420662e-01  9.957851489e-01  9.958256495e-01
  9.958637119e-01  9.958994874e-01  9.959331203e-01  9.959647685e-01
  9.959945774e-01  9.960227064e-01  9.960493025e-01  9.960745210e-01
  9.960985129e-01  9.961214274e-01  9.961434103e-01  9.961646121e-01
  9.961851752e-01  9.962052356e-01  9.962249347e-01  9.962444042e-01
  9.962637741e-01  9.962831693e-01  9.963027112e-01  9.963225168e-01
  9.963426949e-01  9.963633595e-01  9.963846104e-01  9.964065517e-01
  9.964292814e-01  9.964529035e-01  9.964775214e-01  9.965032505e-01
  9.965302190e-01  9.965585868e-01  9.965885522e-01  9.966203811e-01
  9.966544382e-01  9.966912359e-01  9.967314962e-01  9.967762592e-01
  9.968270058e-01  9.968858551e-01  9.969558122e-01  9.970410553e-01
  9.971472958e-01  9.972819859e-01  9.974541896e-01  9.976734183e-01
  9.979465415e-01  9.982724091e-01  9.986354341e-01  9.990039903e-01
  9.993387130e-01  9.996078901e-01  9.998039369e-01  9.999309384e-01
  9.999954356e-01
@R G11 101 []
  0.000000000e+00  3.339654503e+00  6.680233979e+00  1.002306739e+01
  1.336885970e+01  1.671865989e+01  2.007354492e+01  2.343409000e+01
  2.680159274e+01  3.017651919e+01  3.355992105e+01  3.695248738e+01
  4.035481381e+01  4.376672859e+01  4.718821262e+01  5.062208420e+01
  5.407232044e+01  5.753553457e+01  6.100821399e+01  6.449568071e+01
  6.799925405e+01  7.151712351e+01  7.504887838e+01  7.859579954e+01
  8.215807630e+01  8.573605019e+01  8.933011719e+01  9.294084283e+01
  9.656982390e+01  1.002155197e+02  1.038781412e+02  1.075611087e+02
  1.112680476e+02  1.149944320e+02  1.187379317e+02  1.225112041e+02
  1.263052322e+02  1.301214440e+02  1.339682145e+02  1.378371603e+02
  1.417363941e+02  1.456640236e+02  1.496195573e+02  1.536102083e+02
  1.576280104e+02  1.616834648e+02  1.657735442e+02  1.698962512e+02
  1.740645389e+02  1.782660399e+02  1.825091596e+02  1.868015447e+02
  1.911352241e+02  1.955129569e+02  1.999452456e+02  2.044312458e+02
  2.089669747e+02  2.135587278e+02  2.182147267e+02  2.229352992e+02
  2.277191030e+02  2.325703146e+02  2.374977012e+02  2.425066124e+02
  2.475959151e+02  2.527703846e+02  2.580353166e+02  2.634019405e+02
  2.688753966e+02  2.744572268e+02  2.801542202e+02  2.859794499e+02
  2.919450878e+02  2.980546962e+02  3.043154807e+02  3.107478482e+02
  3.173697802e+02  3.241875794e+02  3.312199669e+02  3.384958321e+02
  3.460291619e+02  3.538451211e+02  3.619947861e+02  3.705231199e+02
  3.794947364e+02  3.889789804e+02  3.990319147e+02  4.097476176e+02
  4.212566053e+02  4.338281813e+02  4.478686511e+02  4.640363859e+02
  4.830679569e+02  5.055001744e+02  5.321586274e+02  5.637450364e+02
  6.017554601e+02  6.474556210e+02  7.177942210e+02  9.443418654e+02
  1.986964506e+03
@R G22 101 []
  0.000000000e+00  1.876840023e-02  3.754268564e-02  5.633101557e-02
  7.513806389e-02  9.397046407e-02  1.128350366e-01  1.317358281e-01
  1.506809893e-01  1.696740537e-01  1.887218961e-01  2.078294312e-01
  2.270010964e-01  2.462371051e-01  2.655385618e-01  2.849226404e-01
  3.044130828e-01  3.239922601e-01  3.436418754e-01  3.633934230e-01
  3.832559281e-01  4.032207889e-01  4.232873382e-01  4.434642841e-01
  4.637543669e-01  4.841615943e-01  5.046902689e-01  5.253447022e-01
  5.461343941e-01  5.670514155e-01  5.880978581e-01  6.092939969e-01
  6.306612172e-01  6.521747559e-01  6.738223099e-01  6.956765291e-01
  7.176871392e-01  7.398631080e-01  7.622528905e-01  7.848097181e-01
  8.075805403e-01  8.305554730e-01  8.537325027e-01  8.771535747e-01
  9.007740716e-01  9.246546688e-01  9.487787835e-01  9.731358166e-01
  9.978006059e-01  1.022702915e+00  1.047891496e+00  1.073410990e+00
  1.099216203e+00  1.125323354e+00  1.151793469e+00  1.178622144e+00
  1.205786760e+00  1.233323971e+00  1.261281495e+00  1.289661444e+00
  1.318456315e+00  1.347690241e+00  1.377413868e+00  1.407658279e+00
  1.438416764e+00  1.469716503e+00  1.501587961e+00  1.534096076e+00
  1.567269904e+00  1.601117521e+00  1.635677382e+00  1.671024502e+00
  1.707228856e+00  1.744310015e+00  1.782307866e+00  1.821338414e+00
  1.861502405e+00  1.902831630e+00  1.945432063e+00  1.989472128e+00
  2.035030748e+00  2.082244727e+00  2.131381441e+00  2.182652989e+00
  2.236383250e+00  2.292934974e+00  2.352616374e+00  2.415944486e+00
  2.483530554e+00  2.556632528e+00  2.636951844e+00  2.727362974e+00
  2.831339785e+00  2.951557284e+00  3.092904720e+00  3.260436289e+00
  3.464761386e+00  3.714412795e+00  4.108051356e+00  5.394195394e+00
  1.136274109e+01
@R G33 101 []
  8.874477792e-01  8.874990879e-01  8.876528104e-01  8.879087214e-01
  8.882664502e-01  8.887253625e-01  8.892847825e-01  8.899437768e-01
  8.907013573e-01  8.915563350e-01  8.925074773e-01  8.935533580e-01
  8.946925190e-01  8.959233406e-01  8.972442449e-01  8.986534878e-01
  9.001493321e-01  9.017299434e-01  9.033935943e-01  9.051385562e-01
  9.069630470e-01  9.088654116e-01  9.108440211e-01  9.128976652e-01
  9.150249032e-01  9.172236325e-01  9.194919250e-01  9.218294603e-01
  9.242370299e-01  9.267150305e-01  9.292637367e-01  9.318834741e-01
  9.345746557e-01  9.373376936e-01  9.401730779e-01  9.430813493e-01
  9.460629932e-01  9.491186813e-01  9.522490037e-01  9.554546051e-01
  9.587362639e-01  9.620946749e-01  9.655306831e-01  9.690451190e-01
  9.726388068e-01  9.763127733e-01  9.800679665e-01  9.839053986e-01
  9.878260725e-01  9.918311849e-01  9.959220064e-01  1.000099578e+00
  1.004365182e+00  1.008720281e+00  1.013166165e+00  1.017704235e+00
  1.022336040e+00  1.027063113e+00  1.031887108e+00  1.036809650e+00
  1.041832425e+00  1.046957303e+00  1.052186235e+00  1.057521075e+00
  1.062963759e+00  1.068516553e+00  1.074181671e+00  1.079961246e+00
  1.085857728e+00  1.091873716e+00  1.098011835e+00  1.104274877e+00
  1.110665699e+00  1.117187193e+00  1.123842716e+00  1.130636365e+00
  1.137572653e+00  1.144656633e+00  1.151893396e+00  1.159287378e+00
  1.166843913e+00  1.174571730e+00  1.182488227e+00  1.190619091e+00
  1.198995091e+00  1.207646816e+00  1.216600319e+00  1.225897474e+00
  1.235623157e+00  1.245933262e+00  1.257111155e+00  1.269526199e+00
  1.283513331e+00  1.299280490e+00  1.316767393e+00  1.335607987e+00
  1.355185645e+00  1.375350215e+00  1.396001779e+00  1.420954690e+00
  1.454270182e+00
@R GRADRHO 101 []
  1.017224755e+00  9.973793022e-01  9.975003115e-01  9.977238857e-01
  9.980234286e-01  9.984062623e-01  9.988752246e-01  9.994192944e-01
  1.000048309e+00  1.000752360e+00  1.001534636e+00  1.002392733e+00
  1.003322571e+00  1.004313777e+00  1.005359387e+00  1.006482845e+00
  1.007712583e+00  1.009004962e+00  1.010325688e+00  1.011716262e+00
  1.013180136e+00  1.014697962e+00  1.016262788e+00  1.017880037e+00
  1.019547458e+00  1.021263672e+00  1.023027980e+00  1.024840230e+00
  1.026705741e+00  1.028612858e+00  1.030560153e+00  1.032562144e+00
  1.034631998e+00  1.036744760e+00  1.038888029e+00  1.041114248e+00
  1.043380756e+00  1.045691178e+00  1.048076030e+00  1.050498813e+00
  1.052987711e+00  1.055532130e+00  1.058127136e+00  1.060794900e+00
  1.063504321e+00  1.066287759e+00  1.069131171e+00  1.072024785e+00
  1.075005730e+00  1.078031437e+00  1.081124059e+00  1.084301867e+00
  1.087536892e+00  1.090833161e+00  1.094215527e+00  1.097676113e+00
  1.101199335e+00  1.104796960e+00  1.108484585e+00  1.112256772e+00
  1.116103984e+00  1.120030334e+00  1.124050074e+00  1.128168224e+00
  1.132374123e+00  1.136670480e+00  1.141060686e+00  1.145559963e+00
  1.150168765e+00  1.154879317e+00  1.159694081e+00  1.164627327e+00
  1.169689673e+00  1.174872742e+00  1.180174031e+00  1.185614599e+00
  1.191207380e+00  1.196940741e+00  1.202824918e+00  1.208886028e+00
  1.215118634e+00  1.221530962e+00  1.228164504e+00  1.235037125e+00
  1.242193614e+00  1.249683181e+00  1.257529916e+00  1.265813682e+00
  1.274612867e+00  1.284148003e+00  1.294691439e+00  1.306693768e+00
  1.320625958e+00  1.336540508e+00  1.354601148e+00  1.374478660e+00
  1.396566979e+00  1.419021747e+00  1.456399969e+00  1.593984156e+00
  2.105691106e+00
@R AREA 101 []
  0.000000000e+00  3.283064538e+00  6.565856701e+00  9.847831773e+00
  1.312857727e+01  1.640775327e+01  1.968493266e+01  2.295976468e+01
  2.623188100e+01  2.950090555e+01  3.276651705e+01  3.602834986e+01
  3.928609937e+01  4.253945199e+01  4.578816551e+01  4.903195980e+01
  5.227048313e+01  5.550336668e+01  5.873047257e+01  6.195159134e+01
  6.516645792e+01  6.837484002e+01  7.157657014e+01  7.477147799e+01
  7.795939278e+01  8.114016202e+01  8.431364288e+01  8.747970115e+01
  9.063819827e+01  9.378899099e+01  9.693198974e+01  1.000670614e+02
  1.031940490e+02  1.063127854e+02  1.094232201e+02  1.125252149e+02
  1.156185740e+02  1.187032802e+02  1.217791458e+02  1.248460748e+02
  1.279039748e+02  1.309526976e+02  1.339921796e+02  1.370222935e+02
  1.400429372e+02  1.430540635e+02  1.460555055e+02  1.490472612e+02
  1.520291960e+02  1.550012351e+02  1.579633636e+02  1.609154671e+02
  1.638574892e+02  1.667894189e+02  1.697112103e+02  1.726227909e+02
  1.755241612e+02  1.784153270e+02  1.812962771e+02  1.841669889e+02
  1.870274983e+02  1.898778534e+02  1.927181100e+02  1.955483019e+02
  1.983685106e+02  2.011788477e+02  2.039794443e+02  2.067704428e+02
  2.095519840e+02  2.123242711e+02  2.150875423e+02  2.178420699e+02
  2.205881263e+02  2.233260460e+02  2.260562329e+02  2.287791433e+02
  2.314952469e+02  2.342051104e+02  2.369094000e+02  2.396088419e+02
  2.423042500e+02  2.449966041e+02  2.476869715e+02  2.503765471e+02
  2.530667060e+02  2.557589637e+02  2.584550882e+02  2.611571271e+02
  2.638673756e+02  2.665885318e+02  2.693235012e+02  2.720758764e+02
  2.748498638e+02  2.776520465e+02  2.804935816e+02  2.833935818e+02
  2.863863048e+02  2.895334039e+02  2.929499994e+02  2.968305697e+02
  3.019301277e+02
@R A 101 []
  0.000000000e+00  1.546318350e-02  3.092532805e-02  4.638535532e-02
  6.184220597e-02  7.729482003e-02  9.274209423e-02  1.081830294e-01
  1.236165254e-01  1.390415636e-01  1.544570822e-01  1.698620086e-01
  1.852553316e-01  2.006360198e-01  2.160033294e-01  2.313562114e-01
  2.466933171e-01  2.620130495e-01  2.773149190e-01  2.925979732e-01
  3.078610055e-01  3.231028228e-01  3.383225837e-01  3.535192619e-01
  3.686919295e-01  3.838396355e-01  3.989612795e-01  4.140558629e-01
  4.291223976e-01  4.441599199e-01  4.591676267e-01  4.741445491e-01
  4.890896153e-01  5.040016449e-01  5.188800653e-01  5.337238070e-01
  5.485315514e-01  5.633028143e-01  5.780362341e-01  5.927309251e-01
  6.073859290e-01  6.220000355e-01  6.365724038e-01  6.511018200e-01
  6.655872076e-01  6.800276671e-01  6.944217045e-01  7.087685809e-01
  7.230668348e-01  7.373152870e-01  7.515129613e-01  7.656583347e-01
  7.797501373e-01  7.937872017e-01  8.077681453e-01  8.216913848e-01
  8.355555703e-01  8.493593133e-01  8.631010408e-01  8.767790044e-01
  8.903916414e-01  9.039373173e-01  9.174142826e-01  9.308205655e-01
  9.441542640e-01  9.574134225e-01  9.705960261e-01  9.836999198e-01
  9.967226902e-01  1.009662007e+00  1.022515444e+00  1.035280424e+00
  1.047954091e+00  1.060533569e+00  1.073015897e+00  1.085397896e+00
  1.097675936e+00  1.109846297e+00  1.121905138e+00  1.133848463e+00
  1.145672027e+00  1.157371440e+00  1.168941500e+00  1.180375741e+00
  1.191667246e+00  1.202808717e+00  1.213792961e+00  1.224613946e+00
  1.235264204e+00  1.245735455e+00  1.256014449e+00  1.266077675e+00
  1.275898923e+00  1.285450001e+00  1.294699962e+00  1.303618235e+00
  1.312167689e+00  1.320287868e+00  1.327884340e+00  1.334602566e+00
  1.339497271e+00
@R RTOR 101 []
  4.246084062e+00  4.246041060e+00  4.245912290e+00  4.245697997e+00
  4.245398469e+00  4.245014370e+00  4.244546295e+00  4.243995205e+00
  4.243361956e+00  4.242647807e+00  4.241853871e+00  4.240981653e+00
  4.240032505e+00  4.239008122e+00  4.237910067e+00  4.236740161e+00
  4.235500222e+00  4.234192196e+00  4.232818003e+00  4.231379561e+00
  4.229878954e+00  4.228318135e+00  4.226699169e+00  4.225024020e+00
  4.223294636e+00  4.221512909e+00  4.219680869e+00  4.217800600e+00
  4.215873790e+00  4.213901936e+00  4.211886320e+00  4.209828160e+00
  4.207728590e+00  4.205588641e+00  4.203409231e+00  4.201191232e+00
  4.198935538e+00  4.196642862e+00  4.194313993e+00  4.191949652e+00
  4.189550498e+00  4.187117233e+00  4.184650480e+00  4.182150869e+00
  4.179619042e+00  4.177055554e+00  4.174461064e+00  4.171836107e+00
  4.169181295e+00  4.166497225e+00  4.163784430e+00  4.161043521e+00
  4.158275104e+00  4.155479722e+00  4.152657963e+00  4.149810481e+00
  4.146937845e+00  4.144040654e+00  4.141119559e+00  4.138175211e+00
  4.135208258e+00  4.132219370e+00  4.129209215e+00  4.126178546e+00
  4.123128107e+00  4.120058631e+00  4.116970912e+00  4.113865785e+00
  4.110744125e+00  4.107606820e+00  4.104454799e+00  4.101289010e+00
  4.098110523e+00  4.094920478e+00  4.091720029e+00  4.088510353e+00
  4.085292684e+00  4.082068277e+00  4.078838445e+00  4.075604859e+00
  4.072369445e+00  4.069134118e+00  4.065900631e+00  4.062669753e+00
  4.059442177e+00  4.056218666e+00  4.053001069e+00  4.049792772e+00
  4.046597513e+00  4.043417906e+00  4.040253431e+00  4.037092192e+00
  4.033921468e+00  4.030734262e+00  4.027530029e+00  4.024322959e+00
  4.021150649e+00  4.018063936e+00  4.015123995e+00  4.012493831e+00
  4.010566639e+00
@R SHIFT 101 []
  2.460840618e-01  2.460410596e-01  2.459122896e-01  2.456979974e-01
  2.453984688e-01  2.450143704e-01  2.445462945e-01  2.439952051e-01
  2.433619564e-01  2.426478065e-01  2.418538711e-01  2.409816526e-01
  2.400325047e-01  2.390081217e-01  2.379100672e-01  2.367401611e-01
  2.355002219e-01  2.341921963e-01  2.328180031e-01  2.313795612e-01
  2.298789545e-01  2.283181347e-01  2.266991695e-01  2.250240202e-01
  2.232946362e-01  2.215129087e-01  2.196808689e-01  2.178006001e-01
  2.158737896e-01  2.139019359e-01  2.118863201e-01  2.098281602e-01
  2.077285903e-01  2.055886405e-01  2.034092310e-01  2.011912317e-01
  1.989355378e-01  1.966428623e-01  1.943139931e-01  1.919496525e-01
  1.895504979e-01  1.871172334e-01  1.846504795e-01  1.821508687e-01
  1.796190424e-01  1.770555539e-01  1.744610640e-01  1.718361072e-01
  1.691812952e-01  1.664972254e-01  1.637844297e-01  1.610435213e-01
  1.582751040e-01  1.554797223e-01  1.526579627e-01  1.498104807e-01
  1.469378449e-01  1.440406541e-01  1.411195586e-01  1.381752106e-01
  1.352082578e-01  1.322193701e-01  1.292092154e-01  1.261785464e-01
  1.231281071e-01  1.200586314e-01  1.169709124e-01  1.138657849e-01
  1.107441250e-01  1.076068200e-01  1.044547986e-01  1.012890099e-01
  9.811052275e-02  9.492047808e-02  9.172002897e-02  8.851035258e-02
  8.529268437e-02  8.206827670e-02  7.883844537e-02  7.560485862e-02
  7.236944548e-02  6.913411769e-02  6.590063147e-02  6.266975332e-02
  5.944217743e-02  5.621866632e-02  5.300106886e-02  4.979277219e-02
  4.659751263e-02  4.341790624e-02  4.025343115e-02  3.709219173e-02
  3.392146821e-02  3.073426173e-02  2.753002881e-02  2.432295912e-02
  2.115064859e-02  1.806393612e-02  1.512399522e-02  1.249383055e-02
  1.056663917e-02
@R ELONG 101 []
  1.507433240e+00  1.507461127e+00  1.507544788e+00  1.507614756e+00
  1.507707102e+00  1.507830235e+00  1.507976492e+00  1.508153362e+00
  1.508358935e+00  1.508593263e+00  1.508859793e+00  1.509156075e+00
  1.509485270e+00  1.509847004e+00  1.510241957e+00  1.510672035e+00
  1.511136545e+00  1.511637645e+00  1.512175575e+00  1.512751294e+00
  1.513366012e+00  1.514020087e+00  1.514714642e+00  1.515450638e+00
  1.516228303e+00  1.517048775e+00  1.517912874e+00  1.518821686e+00
  1.519775635e+00  1.520774686e+00  1.521819587e+00  1.522910325e+00
  1.524047218e+00  1.525230618e+00  1.526460594e+00  1.527737764e+00
  1.529062272e+00  1.530434660e+00  1.531855501e+00  1.533325175e+00
  1.534844593e+00  1.536414336e+00  1.538035307e+00  1.539708524e+00
  1.541434858e+00  1.543215665e+00  1.545052068e+00  1.546945513e+00
  1.548897558e+00  1.550909714e+00  1.552983910e+00  1.555121977e+00
  1.557325987e+00  1.559598242e+00  1.561941059e+00  1.564357040e+00
  1.566848904e+00  1.569419645e+00  1.572072397e+00  1.574810463e+00
  1.577637518e+00  1.580557335e+00  1.583574104e+00  1.586692167e+00
  1.589916171e+00  1.593251245e+00  1.596702723e+00  1.600276401e+00
  1.603978468e+00  1.607815625e+00  1.611795154e+00  1.615924871e+00
  1.620213223e+00  1.624669271e+00  1.629302981e+00  1.634125281e+00
  1.639148101e+00  1.644384639e+00  1.649849431e+00  1.655558059e+00
  1.661527637e+00  1.667777257e+00  1.674328751e+00  1.681207753e+00
  1.688443280e+00  1.696067141e+00  1.704113928e+00  1.712618927e+00
  1.721622585e+00  1.731170763e+00  1.741320974e+00  1.752157282e+00
  1.763774418e+00  1.776298487e+00  1.789899985e+00  1.804847476e+00
  1.821597914e+00  1.841046262e+00  1.864888559e+00  1.896753234e+00
  1.948607312e+00
@R TRIAG 101 []
  0.000000000e+00  3.174435278e-03  6.104529428e-03  9.031954742e-03
  1.195193200e-02  1.486420264e-02  1.776677890e-02  2.065801956e-02
  2.353513442e-02  2.639772725e-02  2.924297069e-02  3.207094281e-02
  3.487945032e-02  3.766830261e-02  4.043635935e-02  4.318290904e-02
  4.590722184e-02  4.860875361e-02  5.128744746e-02  5.394317646e-02
  5.657604031e-02  5.918612210e-02  6.177463779e-02  6.434262461e-02
  6.689059923e-02  6.941829368e-02  7.192630174e-02  7.441673902e-02
  7.689127126e-02  7.935153158e-02  8.179977711e-02  8.423810668e-02
  8.666902678e-02  8.909506845e-02  9.151871081e-02  9.394243673e-02
  9.636849536e-02  9.879928773e-02  1.012371894e-01  1.036845774e-01
  1.061438959e-01  1.086174798e-01  1.111078301e-01  1.136172955e-01
  1.161483093e-01  1.187033125e-01  1.212846322e-01  1.238949535e-01
  1.265365423e-01  1.292118798e-01  1.319235489e-01  1.346739744e-01
  1.374657209e-01  1.403013702e-01  1.431834879e-01  1.461146017e-01
  1.490975301e-01  1.521348257e-01  1.552296294e-01  1.583859423e-01
  1.616067974e-01  1.648955335e-01  1.682551999e-01  1.716893700e-01
  1.752016865e-01  1.787960484e-01  1.824766760e-01  1.862480092e-01
  1.901149414e-01  1.940825232e-01  1.981563926e-01  2.023424016e-01
  2.066470177e-01  2.110773321e-01  2.156411788e-01  2.203472871e-01
  2.252051780e-01  2.302255844e-01  2.354208625e-01  2.408773521e-01
  2.465493567e-01  2.524511754e-01  2.586048727e-01  2.650347959e-01
  2.717725692e-01  2.788533025e-01  2.863261506e-01  2.942483432e-01
  3.026966231e-01  3.117726543e-01  3.216131620e-01  3.324067444e-01
  3.444046837e-01  3.579219070e-01  3.733911189e-01  3.912690249e-01
  4.122139486e-01  4.376122793e-01  4.697039254e-01  5.107993341e-01
  5.647568539e-01
@R PMHD 101 []
  1.267324510e+06  1.266876966e+06  1.265536097e+06  1.263307185e+06
  1.260198978e+06  1.256223616e+06  1.251396530e+06  1.245736297e+06
  1.239264491e+06  1.232005503e+06  1.223986286e+06  1.215236214e+06
  1.205786677e+06  1.195670940e+06  1.184923581e+06  1.173580636e+06
  1.161679349e+06  1.149257795e+06  1.136353565e+06  1.123004495e+06
  1.109248451e+06  1.095122402e+06  1.080662696e+06  1.065903463e+06
  1.050877312e+06  1.035624840e+06  1.020184392e+06  1.004573708e+06
  9.888053696e+05  9.728943061e+05  9.568543766e+05  9.406997171e+05
  9.244442507e+05  9.081018890e+05  8.916860253e+05  8.752101677e+05
  8.586878641e+05  8.421318489e+05  8.255553703e+05  8.089710516e+05
  7.923914045e+05  7.758289226e+05  7.592955679e+05  7.428033972e+05
  7.263640989e+05  7.099889832e+05  6.936896037e+05  6.774765873e+05
  6.613609962e+05  6.453532711e+05  6.294634934e+05  6.137019024e+05
  5.980781986e+05  5.826017370e+05  5.672817902e+05  5.521274322e+05
  5.371472317e+05  5.223495388e+05  5.077425256e+05  4.933341276e+05
  4.791318310e+05  4.651428781e+05  4.513742398e+05  4.378327299e+05
  4.245247232e+05  4.114562924e+05  3.986332141e+05  3.860609985e+05
  3.737449014e+05  3.616897002e+05  3.498998216e+05  3.383793048e+05
  3.271318225e+05  3.161603979e+05  3.054673532e+05  2.950541363e+05
  2.849211572e+05  2.750671027e+05  2.654883455e+05  2.561781389e+05
  2.471250234e+05  2.383104915e+05  2.297059730e+05  2.212678877e+05
  2.129305677e+05  2.045961487e+05  1.961204200e+05  1.872953268e+05
  1.778268623e+05  1.673175837e+05  1.552664309e+05  1.411200612e+05
  1.244288690e+05  1.051326032e+05  8.392530087e+04  6.239634945e+04
  4.264996484e+04  2.649537420e+04  1.446688182e+04  6.462601622e+03
  2.258663199e+03
@R QMHD 101 []
  1.684789345e+00  1.685012940e+00  1.685683663e+00  1.686801327e+00
  1.688365631e+00  1.690376180e+00  1.692832505e+00  1.695734097e+00
  1.699080438e+00  1.702871042e+00  1.707105442e+00  1.711781838e+00
  1.716896554e+00  1.722446776e+00  1.728432092e+00  1.734849466e+00
  1.741694912e+00  1.748971684e+00  1.756677750e+00  1.764809290e+00
  1.773372186e+00  1.782362021e+00  1.791781993e+00  1.801632564e+00
  1.811921262e+00  1.822647569e+00  1.833806353e+00  1.845411078e+00
  1.857472967e+00  1.870000656e+00  1.883003595e+00  1.896491416e+00
  1.910477264e+00  1.924971514e+00  1.939986806e+00  1.955537385e+00
  1.971634554e+00  1.988294808e+00  2.005532391e+00  2.023363587e+00
  2.041806269e+00  2.060876604e+00  2.080595269e+00  2.100981686e+00
  2.122056837e+00  2.143843738e+00  2.166364772e+00  2.189647060e+00
  2.213715097e+00  2.238597576e+00  2.264325586e+00  2.290928051e+00
  2.318440553e+00  2.346897869e+00  2.376336680e+00  2.406798961e+00
  2.438325403e+00  2.470962363e+00  2.504758372e+00  2.539763399e+00
  2.576034234e+00  2.613628889e+00  2.652610474e+00  2.693047038e+00
  2.735010722e+00  2.778580111e+00  2.823838746e+00  2.870879013e+00
  2.919798630e+00  2.970703443e+00  3.023711038e+00  3.078947712e+00
  3.136551940e+00  3.196676426e+00  3.259488989e+00  3.325174195e+00
  3.393934585e+00  3.465998364e+00  3.541624479e+00  3.621109873e+00
  3.704799444e+00  3.793080372e+00  3.886388985e+00  3.985215477e+00
  4.090185549e+00  4.202070690e+00  4.321984839e+00  4.451320147e+00
  4.591834653e+00  4.745859247e+00  4.915982539e+00  5.106223134e+00
  5.322122677e+00  5.571064512e+00  5.863077255e+00  6.211485627e+00
  6.617494358e+00  7.188566082e+00  7.691168414e+00  9.514921835e+00
  1.374642499e+01
@R ER 101 []
  0.000000000e+00  0.000000000e+00  0.000000000e+00  0.000000000e+00
  0.000000000e+00  0.000000000e+00  0.000000000e+00  0.000000000e+00
  0.000000000e+00  0.000000000e+00  0.000000000e+00  0.000000000e+00
  0.000000000e+00  0.000000000e+00  0.000000000e+00  0.000000000e+00
  0.000000000e+00  0.000000000e+00  0.000000000e+00  0.000000000e+00
  0.000000000e+00  0.000000000e+00  0.000000000e+00  0.000000000e+00
  0.000000000e+00  0.000000000e+00  0.000000000e+00  0.000000000e+00
  0.000000000e+00  0.000000000e+00  0.000000000e+00  0.000000000e+00
  0.000000000e+00  0.000000000e+00  0.000000000e+00  0.000000000e+00
  0.000000000e+00  0.000000000e+00  0.000000000e+00  0.000000000e+00
  0.000000000e+00  0.000000000e+00  0.000000000e+00  0.000000000e+00
  0.000000000e+00  0.000000000e+00  0.000000000e+00  0.000000000e+00
  0.000000000e+00  0.000000000e+00  0.000000000e+00  0.000000000e+00
  0.000000000e+00  0.000000000e+00  0.000000000e+00  0.000000000e+00
  0.000000000e+00  0.000000000e+00  0.000000000e+00  0.000000000e+00
  0.000000000e+00  0.000000000e+00  0.000000000e+00  0.000000000e+00
  0.000000000e+00  0.000000000e+00  0.000000000e+00  0.000000000e+00
  0.000000000e+00  0.000000000e+00  0.000000000e+00  0.000000000e+00
  0.000000000e+00  0.000000000e+00  0.000000000e+00  0.000000000e+00
  0.000000000e+00  0.000000000e+00  0.000000000e+00  0.000000000e+00
  0.000000000e+00  0.000000000e+00  0.000000000e+00  0.000000000e+00
  0.000000000e+00  0.000000000e+00  0.000000000e+00  0.000000000e+00
  0.000000000e+00  0.000000000e+00  0.000000000e+00  0.000000000e+00
  0.000000000e+00  0.000000000e+00  0.000000000e+00  0.000000000e+00
  0.000000000e+00  0.000000000e+00  0.000000000e+00  0.000000000e+00
  0.000000000e+00
@R NC1 101 []
  9.985000727e-01  9.253101873e-01  8.980108996e-01  8.783508455e-01
  8.625907091e-01  8.492912347e-01  8.377182105e-01  8.274373037e-01
  8.181669890e-01  8.097124058e-01  8.019323086e-01  7.947205686e-01
  7.879946837e-01  7.816895039e-01  7.757521191e-01  7.701391813e-01
  7.648147876e-01  7.597486074e-01  7.549146433e-01  7.502906039e-01
  7.458573363e-01  7.415982041e-01  7.374984557e-01  7.335455741e-01
  7.297282782e-01  7.260355877e-01  7.224579467e-01  7.189884102e-01
  7.156214389e-01  7.123514277e-01  7.091730659e-01  7.060816176e-01
  7.030727236e-01  7.001423817e-01  6.972867581e-01  6.945024116e-01
  6.917862303e-01  6.891351044e-01  6.865463519e-01  6.840173494e-01
  6.815457003e-01  6.791292216e-01  6.767657750e-01  6.744534493e-01
  6.721904013e-01  6.699749017e-01  6.678054593e-01  6.656804670e-01
  6.635985886e-01  6.615585411e-01  6.595590598e-01  6.575990138e-01
  6.556773064e-01  6.537929526e-01  6.519449957e-01  6.501325474e-01
  6.483547977e-01  6.466109311e-01  6.449002473e-01  6.432221051e-01
  6.415758086e-01  6.399607681e-01  6.383764666e-01  6.368224004e-01
  6.352980605e-01  6.338030336e-01  6.323369331e-01  6.308993404e-01
  6.294899656e-01  6.281085391e-01  6.267547670e-01  6.254284183e-01
  6.241293085e-01  6.228572238e-01  6.216120400e-01  6.203938132e-01
  6.192027192e-01  6.180389809e-01  6.169027904e-01  6.157941324e-01
  6.147131914e-01  6.136608005e-01  6.126399693e-01  6.116551465e-01
  6.107120737e-01  6.098154827e-01  6.089694295e-01  6.081804419e-01
  6.074645428e-01  6.068515293e-01  6.063953870e-01  6.061666621e-01
  6.062177213e-01  6.065642381e-01  6.071648444e-01  6.078893162e-01
  6.085486658e-01  6.090106267e-01  6.092141209e-01  6.089774979e-01
  6.081337063e-01
@R HFAC1 101 []
  1.000000000e+00  9.963721971e-01  9.927723496e-01  9.892004323e-01
  9.856563164e-01  9.821397887e-01  9.786505801e-01  9.751883142e-01
  9.717525586e-01  9.683428200e-01  9.649585356e-01  9.615991096e-01
  9.582638584e-01  9.549520780e-01  9.516629741e-01  9.483957801e-01
  9.451498020e-01  9.419243688e-01  9.387185951e-01  9.355316949e-01
  9.323629640e-01  9.292117256e-01  9.260772581e-01  9.229590950e-01
  9.198566480e-01  9.167689222e-01  9.136950696e-01  9.106351891e-01
  9.075898660e-01  9.045593727e-01  9.015438259e-01  8.985433925e-01
  8.955582826e-01  8.925886953e-01  8.896346834e-01  8.866964310e-01
  8.837741582e-01  8.808679065e-01  8.779779159e-01  8.751043052e-01
  8.722472543e-01  8.694069738e-01  8.665836171e-01  8.637774266e-01
  8.609886002e-01  8.582173569e-01  8.554640477e-01  8.527288213e-01
  8.500120314e-01  8.473140211e-01  8.446350955e-01  8.419756212e-01
  8.393359868e-01  8.367166206e-01  8.341179356e-01  8.315404505e-01
  8.289846672e-01  8.264510897e-01  8.239403323e-01  8.214530457e-01
  8.189898409e-01  8.165514286e-01  8.141385909e-01  8.117521430e-01
  8.093929102e-01  8.070618636e-01  8.047599833e-01  8.024882697e-01
  8.002479353e-01  7.980402309e-01  7.958664584e-01  7.937280385e-01
  7.916265253e-01  7.895635217e-01  7.875408562e-01  7.855607176e-01
  7.836256133e-01  7.817382808e-01  7.799015033e-01  7.781179340e-01
  7.763907476e-01  7.747244326e-01  7.731269764e-01  7.716092832e-01
  7.701840047e-01  7.688630973e-01  7.676570782e-01  7.665811387e-01
  7.656662524e-01  7.649670254e-01  7.645803027e-01  7.646313658e-01
  7.652254851e-01  7.664218481e-01  7.682024760e-01  7.704571840e-01
  7.730070189e-01  7.758697414e-01  7.790730140e-01  7.841957406e-01
  7.930021811e-01
@R HFAC2 101 []
  1.000000000e+00  9.927641381e-01  9.856230763e-01  9.785758719e-01
  9.716213806e-01  9.647583028e-01  9.579852409e-01  9.513005983e-01
  9.447026894e-01  9.381897253e-01  9.317598035e-01  9.254109810e-01
  9.191411658e-01  9.129482562e-01  9.068300029e-01  9.007842350e-01
  8.948089451e-01  8.889021839e-01  8.830616427e-01  8.772852183e-01
  8.715709837e-01  8.659170910e-01  8.603216291e-01  8.547831851e-01
  8.493001415e-01  8.438701503e-01  8.384911657e-01  8.331628866e-01
  8.278858973e-01  8.226602038e-01  8.174855323e-01  8.123617069e-01
  8.072886184e-01  8.022661412e-01  7.972939008e-01  7.923717454e-01
  7.874995896e-01  7.826770414e-01  7.779040477e-01  7.731803528e-01
  7.685058012e-01  7.638802944e-01  7.593036332e-01  7.547757686e-01
  7.502965764e-01  7.458659668e-01  7.414840662e-01  7.371506636e-01
  7.328658804e-01  7.286298233e-01  7.244425271e-01  7.203041222e-01
  7.162147660e-01  7.121746792e-01  7.081840488e-01  7.042432150e-01
  7.003524933e-01  6.965121834e-01  6.927227526e-01  6.889847116e-01
  6.852984909e-01  6.816646684e-01  6.780839142e-01  6.745569310e-01
  6.710844156e-01  6.676672703e-01  6.643063963e-01  6.610026870e-01
  6.577573366e-01  6.545715755e-01  6.514466661e-01  6.483840226e-01
  6.453852271e-01  6.424518865e-01  6.395858955e-01  6.367896439e-01
  6.340659296e-01  6.314178309e-01  6.288484550e-01  6.263606557e-01
  6.239579725e-01  6.216457758e-01  6.194344790e-01  6.173386022e-01
  6.153752952e-01  6.135606956e-01  6.119088903e-01  6.104412459e-01
  6.092016491e-01  6.082685503e-01  6.077810866e-01  6.079185777e-01
  6.088318619e-01  6.106025268e-01  6.131915743e-01  6.164129832e-01
  6.199726486e-01  6.238302270e-01  6.280006040e-01  6.343013264e-01
  6.449598106e-01
