 31-Jan-26 07/09/2014
     1               1
  0.100000000E+01
*   1.000             1               0 DN    3   2 CLC    40   41
  0.000000000E+00 0.170000000E+03 0.200000000E+01 0.627927236E+06
  0.627927236E+06 0.170190646E+03-0.190670129E+00 0.442826168E+02
  0.164800706E+01 0.773579826E+00 0.771417028E+00 0.967205472E+07
  0.173016009E+03-0.592172506E-01 0.597058551E+01 0.167774171E+01
  0.154294346E+01 0.107065440E+01 0.100000000E+11 0.464749266E+01
  0.100000000E+11 0.100000000E+11 0.394501253E+01-0.823666142E+00
  0.140022492E+03 0.865608440E+02 0.428175155E+02
  0.000000000E+00 0.000000000E+00 0.000000000E+00
  0.885652336E+02 0.856447671E+02
  0.000000000E+00 0.000000000E+00
  0.521485608E+01 0.208319908E+00 0.267965560E+01 0.283323664E+01
  0.101278091E+01 0.106956815E+02-0.500000000E+02-0.500000000E+02
 -0.500000000E+02 0.781563798E-01 0.933907811E+04 0.386528649E+06
  0.981564002E-04 0.126763383E+01 0.117618181E+01-0.187610198E-02
  0.132086956E+01 0.168645305E+03 0.000000000E+00 0.000000000E+00
  0.136030282E+03-0.731687353E+02 0.135934507E+03 0.727873951E+02
 -0.100000000E+03-0.500000000E+02 0.192505574E+01 0.193475180E+01
  0.100000000E+03 0.327461978E+02 0.402671066E+02 0.464749266E+01
  0.175733136E+03-0.225793681E-01 0.229889394E+00 0.000000000E+00
  0.135111658E+01 0.146915600E+01 0.338473365E+06 0.000000000E+00
  0.000000000E+00 0.000000000E+00 0.100637826E+01 0.100000000E+02
    44   60   18    6
 -0.407781989E-01-0.217653312E-01 0.112171142E+00 0.176408363E+00
  0.194353260E+00-0.148812934E+00-0.314403501E+00 0.185776178E+00
  0.162020104E-01-0.409837847E-01-0.214408807E-01 0.113118706E+00
  0.174530191E+00 0.190824492E+00-0.149913158E+00-0.316073938E+00
  0.182202048E+00 0.243536022E-01-0.317766036E-01-0.274760040E-01
  0.488825876E-01 0.147018366E+00 0.172881664E+00 0.183275214E+00
  0.144399631E-01-0.256602036E+00-0.245949895E+00-0.183848876E+00
 -0.148162679E+00-0.274139503E-01 0.474241392E-01 0.145666337E+00
  0.170674572E+00 0.178755270E+00-0.309479148E-01-0.257209116E+00
 -0.241024782E+00-0.185464809E+00-0.148866607E+00 0.124332770E+00
  0.600589387E-01 0.103370436E+00 0.472865701E-01-0.105130023E-01
  0.301020477E+00 0.303998296E+00 0.289207970E+00-0.103045316E+00
 -0.163251410E+00-0.153463835E+00-0.138911109E+00-0.320776626E-01
  0.116847654E+00 0.217204764E+00 0.312484620E+00 0.228127217E+00
  0.203413124E+00 0.181426436E+00 0.171553382E+00 0.304803435E+00
  0.290939344E+00-0.994210975E-01-0.161532125E+00-0.151996132E+00
 -0.132854517E+00-0.568811362E-01-0.193100872E-01 0.140744446E+00
  0.278220774E+00 0.309440989E+00 0.231338760E+00 0.206833761E+00
  0.180565611E+00-0.146006165E+00-0.846017962E-01-0.198841029E-01
  0.117018837E+00 0.144803974E+00 0.234409216E+00 0.288371371E+00
  0.222951505E+00 0.199030919E+00 0.181525213E+00 0.169756794E+00
  0.181604255E+00 0.204214240E+00 0.230768835E+00 0.294856651E+00
  0.273285780E+00 0.141328573E+00-0.191445385E-01-0.517621373E-01
 -0.130812437E+00-0.151209311E+00-0.159487204E+00-0.931647578E-01
  0.289329658E+00 0.304453543E+00 0.300654488E+00 0.303606619E+00
  0.290371101E+00-0.903290064E-01-0.159705025E+00-0.159277896E+00
 -0.132549266E+06-0.208599958E+06 0.174711323E+06 0.251023966E+06
  0.192263489E+06-0.777216171E+05-0.320964242E+06 0.168145236E+06
 -0.201267609E+05-0.134043571E+06-0.207766821E+06 0.181754138E+06
  0.245325693E+06 0.183230795E+06-0.778221204E+05-0.325503710E+06
  0.160781242E+06-0.691663168E+04
  0.000000000E+00 0.000000000E+00 0.000000000E+00 0.000000000E+00
  0.000000000E+00 0.000000000E+00
  0.000000000E+00 0.120880323E+03 0.752911947E+02 0.120880323E+03
  0.753213815E+02 0.000000000E+00 0.000000000E+00 0.000000000E+00
  0.000000000E+00 0.000000000E+00 0.437579341E+02 0.000000000E+00
  0.163751912E+00 0.628105607E+00 0.661033710E-02-0.145584666E+00
 -0.108371305E+01 0.000000000E+00 0.999000000E+03 0.227828055E+01
  0.128562973E+02 0.117618181E+01 0.000000000E+00 0.132606422E+00
 -0.999000000E+03-0.999000000E+03 0.580791095E+01 0.000000000E+00
  0.146358767E-01-0.470232369E+00 0.125908030E+01 0.214473263E+01
  0.387392094E+02 0.344925154E+01 0.160056335E+02 0.159709878E+02
 -0.890000000E+02-0.890000000E+02-0.890000000E+02-0.890000000E+02
  0.157905641E+01 0.120880323E+03 0.752911947E+02 0.120880323E+03
 -0.756408951E+02-0.890000000E+02-0.890000000E+02 0.137223196E+03
 -0.782235548E+02 0.000000000E+00 0.329787602E+00 0.624959131E+00
  0.151033117E+03 0.165015625E+03 0.000000000E+00 0.848175072E+00
  0.100000000E+01 0.000000000E+00 0.000000000E+00 0.000000000E+00
                                            EQG
