@I NRHO 1 []
101
@R RHOB 1 []
1.831930e+00
@R RHO 101 []
0.000000e+00 1.000000e-02 2.000000e-02 3.000000e-02 4.000000e-02 
5.000000e-02 6.000000e-02 7.000000e-02 8.000000e-02 9.000000e-02 
1.000000e-01 1.100000e-01 1.200000e-01 1.300000e-01 1.400000e-01 
1.500000e-01 1.600000e-01 1.700000e-01 1.800000e-01 1.900000e-01 
2.000000e-01 2.100000e-01 2.200000e-01 2.300000e-01 2.400000e-01 
2.500000e-01 2.600000e-01 2.700000e-01 2.800000e-01 2.900000e-01 
3.000000e-01 3.100000e-01 3.200000e-01 3.300000e-01 3.400000e-01 
3.500000e-01 3.600000e-01 3.700000e-01 3.800000e-01 3.900000e-01 
4.000000e-01 4.100000e-01 4.200000e-01 4.300000e-01 4.400000e-01 
4.500000e-01 4.600000e-01 4.700000e-01 4.800000e-01 4.900000e-01 
5.000000e-01 5.100000e-01 5.200000e-01 5.300000e-01 5.400000e-01 
5.500000e-01 5.600000e-01 5.700000e-01 5.800000e-01 5.900000e-01 
6.000000e-01 6.100000e-01 6.200000e-01 6.300000e-01 6.400000e-01 
6.500000e-01 6.600000e-01 6.700000e-01 6.800000e-01 6.900000e-01 
7.000000e-01 7.100000e-01 7.200000e-01 7.300000e-01 7.400000e-01 
7.500000e-01 7.600000e-01 7.700000e-01 7.800000e-01 7.900000e-01 
8.000000e-01 8.100000e-01 8.200000e-01 8.300000e-01 8.400000e-01 
8.500000e-01 8.600000e-01 8.700000e-01 8.800000e-01 8.900000e-01 
9.000000e-01 9.100000e-01 9.200000e-01 9.300000e-01 9.400000e-01 
9.500000e-01 9.600000e-01 9.700000e-01 9.800000e-01 9.900000e-01 
1.000000e+00 
@R VOLP 101 []
0.000000e+00 3.523570e+00 7.044106e+00 1.055863e+01 1.406428e+01 
1.755827e+01 2.103804e+01 2.450105e+01 2.794486e+01 3.136718e+01 
3.476598e+01 3.813937e+01 4.148558e+01 4.480304e+01 4.809035e+01 
5.134627e+01 5.456974e+01 5.775990e+01 6.091602e+01 6.403753e+01 
6.712404e+01 7.017526e+01 7.319109e+01 7.617154e+01 7.911673e+01 
8.202695e+01 8.490247e+01 8.774365e+01 9.055092e+01 9.332503e+01 
9.606767e+01 9.878075e+01 1.014643e+02 1.041171e+02 1.067386e+02 
1.093290e+02 1.118884e+02 1.144174e+02 1.169176e+02 1.193905e+02 
1.218366e+02 1.242562e+02 1.266498e+02 1.290186e+02 1.313625e+02 
1.336820e+02 1.359778e+02 1.382498e+02 1.404977e+02 1.427209e+02 
1.449193e+02 1.470929e+02 1.492413e+02 1.513650e+02 1.534647e+02 
1.555412e+02 1.575949e+02 1.596260e+02 1.616342e+02 1.636195e+02 
1.655817e+02 1.675213e+02 1.694386e+02 1.713339e+02 1.732077e+02 
1.750599e+02 1.768875e+02 1.786861e+02 1.804507e+02 1.821761e+02 
1.838579e+02 1.854918e+02 1.870735e+02 1.885997e+02 1.900676e+02 
1.914750e+02 1.928204e+02 1.941023e+02 1.953198e+02 1.964716e+02 
1.975568e+02 1.985747e+02 1.995244e+02 2.004049e+02 2.012143e+02 
2.019570e+02 2.026483e+02 2.032936e+02 2.038837e+02 2.043996e+02 
2.048233e+02 2.051481e+02 2.053686e+02 2.054863e+02 2.055234e+02 
2.054904e+02 2.053950e+02 2.051955e+02 2.048805e+02 2.039515e+02 
2.021025e+02 
@R IPOL 101 []
9.849828e-01 9.849877e-01 9.850070e-01 9.850456e-01 9.851034e-01 
9.851804e-01 9.852763e-01 9.853911e-01 9.855243e-01 9.856754e-01 
9.858439e-01 9.860290e-01 9.862301e-01 9.864463e-01 9.866768e-01 
9.869207e-01 9.871769e-01 9.874444e-01 9.877221e-01 9.880089e-01 
9.883037e-01 9.886054e-01 9.889128e-01 9.892247e-01 9.895401e-01 
9.898577e-01 9.901765e-01 9.904955e-01 9.908135e-01 9.911296e-01 
9.914421e-01 9.917492e-01 9.920499e-01 9.923447e-01 9.926344e-01 
9.929188e-01 9.931978e-01 9.934710e-01 9.937374e-01 9.939959e-01 
9.942455e-01 9.944861e-01 9.947173e-01 9.949386e-01 9.951496e-01 
9.953505e-01 9.955410e-01 9.957210e-01 9.958907e-01 9.960506e-01 
9.962011e-01 9.963424e-01 9.964745e-01 9.965977e-01 9.967116e-01 
9.968158e-01 9.969102e-01 9.969947e-01 9.970693e-01 9.971345e-01 
9.971902e-01 9.972368e-01 9.972739e-01 9.973016e-01 9.973198e-01 
9.973286e-01 9.973289e-01 9.973224e-01 9.973114e-01 9.972980e-01 
9.972847e-01 9.972737e-01 9.972667e-01 9.972654e-01 9.972709e-01 
9.972839e-01 9.973050e-01 9.973341e-01 9.973712e-01 9.974164e-01 
9.974692e-01 9.975293e-01 9.975960e-01 9.976688e-01 9.977474e-01 
9.978313e-01 9.979195e-01 9.980114e-01 9.981083e-01 9.982139e-01 
9.983331e-01 9.984713e-01 9.986335e-01 9.988213e-01 9.990303e-01 
9.992482e-01 9.994579e-01 9.996431e-01 9.997949e-01 9.999125e-01 
9.999818e-01 
@R G11 101 []
0.000000e+00 3.812933e+00 7.636917e+00 1.146567e+01 1.531864e+01 
1.918524e+01 2.305409e+01 2.691856e+01 3.077612e+01 3.463924e+01 
3.853422e+01 4.247807e+01 4.645132e+01 5.043097e+01 5.442190e+01 
5.843881e+01 6.248386e+01 6.655787e+01 7.064490e+01 7.474880e+01 
7.887572e+01 8.301723e+01 8.717563e+01 9.134595e+01 9.552935e+01 
9.972131e+01 1.039189e+02 1.081225e+02 1.123314e+02 1.165397e+02 
1.207416e+02 1.249329e+02 1.291135e+02 1.332902e+02 1.374685e+02 
1.416514e+02 1.458381e+02 1.500267e+02 1.542116e+02 1.583882e+02 
1.625573e+02 1.667221e+02 1.708814e+02 1.750298e+02 1.791736e+02 
1.833143e+02 1.874450e+02 1.915770e+02 1.957069e+02 1.998417e+02 
2.039839e+02 2.081332e+02 2.122971e+02 2.164664e+02 2.206492e+02 
2.248396e+02 2.290334e+02 2.332403e+02 2.374589e+02 2.416884e+02 
2.459324e+02 2.501934e+02 2.544708e+02 2.587626e+02 2.630691e+02 
2.673960e+02 2.717612e+02 2.761922e+02 2.807226e+02 2.853840e+02 
2.902045e+02 2.952122e+02 3.004351e+02 3.059006e+02 3.116352e+02 
3.176663e+02 3.240234e+02 3.307360e+02 3.378376e+02 3.453677e+02 
3.533679e+02 3.618889e+02 3.709862e+02 3.807266e+02 3.911730e+02 
4.023240e+02 4.140705e+02 4.262910e+02 4.389110e+02 4.518881e+02 
4.650638e+02 4.781259e+02 4.909977e+02 5.037597e+02 5.169428e+02 
5.314964e+02 5.490691e+02 5.713921e+02 6.033202e+02 6.575390e+02 
7.661257e+02 
@R G22 101 []
0.000000e+00 2.012309e-02 4.030457e-02 6.051160e-02 8.084731e-02 
1.012563e-01 1.216796e-01 1.420831e-01 1.624541e-01 1.828600e-01 
2.034415e-01 2.242905e-01 2.453062e-01 2.663696e-01 2.875094e-01 
3.088060e-01 3.302742e-01 3.519219e-01 3.736682e-01 3.955378e-01 
4.175671e-01 4.397156e-01 4.620000e-01 4.843987e-01 5.069223e-01 
5.295518e-01 5.522758e-01 5.751012e-01 5.980284e-01 6.210312e-01 
6.440908e-01 6.671959e-01 6.903452e-01 7.135655e-01 7.368839e-01 
7.603154e-01 7.838584e-01 8.075074e-01 8.312426e-01 8.550472e-01 
8.789300e-01 9.029063e-01 9.269748e-01 9.511100e-01 9.753463e-01 
9.996928e-01 1.024116e+00 1.048677e+00 1.073351e+00 1.098176e+00 
1.123161e+00 1.148305e+00 1.173648e+00 1.199142e+00 1.224840e+00 
1.250713e+00 1.276743e+00 1.302984e+00 1.329428e+00 1.356069e+00 
1.382929e+00 1.410024e+00 1.437355e+00 1.464914e+00 1.492710e+00 
1.520772e+00 1.549178e+00 1.578036e+00 1.607486e+00 1.637666e+00 
1.668698e+00 1.700705e+00 1.733817e+00 1.768164e+00 1.803877e+00 
1.841099e+00 1.879986e+00 1.920702e+00 1.963433e+00 2.008402e+00 
2.055842e+00 2.106040e+00 2.159316e+00 2.216046e+00 2.276615e+00 
2.341133e+00 2.409219e+00 2.480364e+00 2.554088e+00 2.629944e+00 
2.706884e+00 2.783015e+00 2.857860e+00 2.931944e+00 3.008382e+00 
3.092631e+00 3.194342e+00 3.323068e+00 3.507535e+00 3.818485e+00 
4.453554e+00 
@R G33 101 []
8.334028e-01 8.335138e-01 8.338483e-01 8.344020e-01 8.351694e-01 
8.361457e-01 8.373236e-01 8.386987e-01 8.402683e-01 8.420278e-01 
8.439700e-01 8.460880e-01 8.483761e-01 8.508280e-01 8.534371e-01 
8.561969e-01 8.591007e-01 8.621413e-01 8.653120e-01 8.686060e-01 
8.720161e-01 8.755359e-01 8.791582e-01 8.828762e-01 8.866834e-01 
8.905727e-01 8.945384e-01 8.985750e-01 9.026768e-01 9.068366e-01 
9.110397e-01 9.152707e-01 9.195318e-01 9.238343e-01 9.281832e-01 
9.325795e-01 9.370226e-01 9.415079e-01 9.460260e-01 9.505684e-01 
9.551325e-01 9.597195e-01 9.643266e-01 9.689500e-01 9.735906e-01 
9.782487e-01 9.829218e-01 9.876114e-01 9.923231e-01 9.970613e-01 
1.001829e+00 1.006628e+00 1.011460e+00 1.016327e+00 1.021223e+00 
1.026146e+00 1.031096e+00 1.036072e+00 1.041076e+00 1.046113e+00 
1.051183e+00 1.056285e+00 1.061418e+00 1.066582e+00 1.071776e+00 
1.077001e+00 1.082275e+00 1.087625e+00 1.093077e+00 1.098662e+00 
1.104404e+00 1.110325e+00 1.116448e+00 1.122792e+00 1.129373e+00 
1.136201e+00 1.143289e+00 1.150644e+00 1.158273e+00 1.166188e+00 
1.174397e+00 1.182906e+00 1.191726e+00 1.200869e+00 1.210349e+00 
1.220149e+00 1.230181e+00 1.240418e+00 1.250919e+00 1.261801e+00 
1.273176e+00 1.285093e+00 1.297592e+00 1.310682e+00 1.324248e+00 
1.338258e+00 1.352701e+00 1.367889e+00 1.383930e+00 1.404278e+00 
1.431386e+00 
@R GRADRHO 101 []
1.060755e+00 1.017887e+00 1.018717e+00 1.019318e+00 1.020557e+00 
1.021752e+00 1.022662e+00 1.023281e+00 1.023663e+00 1.024073e+00 
1.024882e+00 1.026215e+00 1.027737e+00 1.029182e+00 1.030632e+00 
1.032234e+00 1.033997e+00 1.035916e+00 1.037865e+00 1.039884e+00 
1.042020e+00 1.044218e+00 1.046498e+00 1.048837e+00 1.051245e+00 
1.053704e+00 1.056202e+00 1.058746e+00 1.061338e+00 1.063953e+00 
1.066581e+00 1.069220e+00 1.071864e+00 1.074525e+00 1.077215e+00 
1.079941e+00 1.082697e+00 1.085480e+00 1.088276e+00 1.091073e+00 
1.093874e+00 1.096687e+00 1.099506e+00 1.102313e+00 1.105128e+00 
1.107951e+00 1.110761e+00 1.113589e+00 1.116418e+00 1.119265e+00 
1.122132e+00 1.125015e+00 1.127933e+00 1.130860e+00 1.133817e+00 
1.136788e+00 1.139762e+00 1.142760e+00 1.145778e+00 1.148811e+00 
1.151864e+00 1.154943e+00 1.158044e+00 1.161162e+00 1.164297e+00 
1.167456e+00 1.170665e+00 1.173945e+00 1.177324e+00 1.180847e+00 
1.184541e+00 1.188430e+00 1.192546e+00 1.196909e+00 1.201537e+00 
1.206448e+00 1.211656e+00 1.217170e+00 1.223003e+00 1.229175e+00 
1.235697e+00 1.242582e+00 1.249856e+00 1.257535e+00 1.265661e+00 
1.274209e+00 1.283103e+00 1.292358e+00 1.302018e+00 1.312225e+00 
1.323160e+00 1.334731e+00 1.347114e+00 1.360284e+00 1.374019e+00 
1.388195e+00 1.403507e+00 1.419251e+00 1.439863e+00 1.462155e+00 
1.505476e+00 
@R AREA 101 []
0.000000e+00 3.608788e+00 7.208307e+00 1.080221e+01 1.438631e+01 
1.795820e+01 2.151810e+01 2.506641e+01 2.860392e+01 3.213090e+01 
3.564660e+01 3.914883e+01 4.263597e+01 4.610765e+01 4.956391e+01 
5.300426e+01 5.642802e+01 5.983457e+01 6.322349e+01 6.659477e+01 
6.994799e+01 7.328303e+01 7.659970e+01 7.989796e+01 8.317778e+01 
8.643917e+01 8.968225e+01 9.290713e+01 9.611396e+01 9.930289e+01 
1.024743e+02 1.056284e+02 1.087658e+02 1.118867e+02 1.149914e+02 
1.180799e+02 1.211524e+02 1.242092e+02 1.272503e+02 1.302762e+02 
1.332870e+02 1.362832e+02 1.392650e+02 1.422326e+02 1.451864e+02 
1.481267e+02 1.510537e+02 1.539676e+02 1.568688e+02 1.597574e+02 
1.626336e+02 1.654975e+02 1.683493e+02 1.711890e+02 1.740169e+02 
1.768331e+02 1.796379e+02 1.824313e+02 1.852136e+02 1.879850e+02 
1.907455e+02 1.934955e+02 1.962350e+02 1.989643e+02 2.016835e+02 
2.043929e+02 2.070925e+02 2.097828e+02 2.124639e+02 2.151364e+02 
2.178005e+02 2.204569e+02 2.231059e+02 2.257481e+02 2.283841e+02 
2.310147e+02 2.336407e+02 2.362632e+02 2.388833e+02 2.415025e+02 
2.441225e+02 2.467454e+02 2.493735e+02 2.520097e+02 2.546574e+02 
2.573206e+02 2.600036e+02 2.627101e+02 2.654430e+02 2.682035e+02 
2.709905e+02 2.737984e+02 2.766191e+02 2.794424e+02 2.822642e+02 
2.850909e+02 2.879478e+02 2.908832e+02 2.939908e+02 2.974652e+02 
3.020210e+02 
@R A 101 []
0.000000e+00 1.410381e-02 2.820096e-02 4.231385e-02 5.644059e-02 
7.058693e-02 8.475932e-02 9.896249e-02 1.132009e-01 1.274758e-01 
1.417846e-01 1.561219e-01 1.704840e-01 1.848717e-01 1.992866e-01 
2.137280e-01 2.281942e-01 2.426832e-01 2.571932e-01 2.717242e-01 
2.862737e-01 3.008400e-01 3.154212e-01 3.300153e-01 3.446202e-01 
3.592335e-01 3.738533e-01 3.884773e-01 4.031032e-01 4.177286e-01 
4.323511e-01 4.469679e-01 4.615762e-01 4.761746e-01 4.907611e-01 
5.053340e-01 5.198916e-01 5.344325e-01 5.489554e-01 5.634587e-01 
5.779405e-01 5.923995e-01 6.068343e-01 6.212434e-01 6.356260e-01 
6.499806e-01 6.643063e-01 6.786020e-01 6.928668e-01 7.071001e-01 
7.213010e-01 7.354690e-01 7.496033e-01 7.637034e-01 7.777688e-01 
7.917986e-01 8.057924e-01 8.197493e-01 8.336689e-01 8.475504e-01 
8.613935e-01 8.751975e-01 8.889616e-01 9.026853e-01 9.163679e-01 
9.300087e-01 9.436070e-01 9.571606e-01 9.706664e-01 9.841195e-01 
9.975153e-01 1.010847e+00 1.024109e+00 1.037294e+00 1.050393e+00 
1.063399e+00 1.076303e+00 1.089096e+00 1.101769e+00 1.114312e+00 
1.126716e+00 1.138970e+00 1.151064e+00 1.162988e+00 1.174730e+00 
1.186281e+00 1.197634e+00 1.208786e+00 1.219742e+00 1.230512e+00 
1.241116e+00 1.251585e+00 1.261944e+00 1.272221e+00 1.282430e+00 
1.292554e+00 1.302556e+00 1.312369e+00 1.321885e+00 1.330909e+00 
1.339016e+00 
@R RTOR 101 []
4.381598e+00 4.381491e+00 4.381163e+00 4.380618e+00 4.379860e+00 
4.378892e+00 4.377720e+00 4.376348e+00 4.374778e+00 4.373014e+00 
4.371061e+00 4.368927e+00 4.366615e+00 4.364133e+00 4.361485e+00 
4.358678e+00 4.355719e+00 4.352614e+00 4.349370e+00 4.345994e+00 
4.342493e+00 4.338874e+00 4.335145e+00 4.331312e+00 4.327383e+00 
4.323365e+00 4.319265e+00 4.315091e+00 4.310848e+00 4.306544e+00 
4.302186e+00 4.297781e+00 4.293338e+00 4.288865e+00 4.284364e+00 
4.279840e+00 4.275296e+00 4.270734e+00 4.266158e+00 4.261573e+00 
4.256982e+00 4.252389e+00 4.247797e+00 4.243210e+00 4.238630e+00 
4.234061e+00 4.229504e+00 4.224963e+00 4.220439e+00 4.215933e+00 
4.211447e+00 4.206981e+00 4.202535e+00 4.198111e+00 4.193708e+00 
4.189327e+00 4.184970e+00 4.180636e+00 4.176327e+00 4.172043e+00 
4.167784e+00 4.163552e+00 4.159345e+00 4.155164e+00 4.151011e+00 
4.146885e+00 4.142786e+00 4.138715e+00 4.134671e+00 4.130651e+00 
4.126654e+00 4.122678e+00 4.118721e+00 4.114779e+00 4.110851e+00 
4.106934e+00 4.103027e+00 4.099128e+00 4.095237e+00 4.091353e+00 
4.087476e+00 4.083608e+00 4.079748e+00 4.075900e+00 4.072065e+00 
4.068246e+00 4.064444e+00 4.060663e+00 4.056903e+00 4.053161e+00 
4.049433e+00 4.045705e+00 4.041955e+00 4.038161e+00 4.034305e+00 
4.030385e+00 4.026420e+00 4.022461e+00 4.018565e+00 4.014829e+00 
4.011450e+00 
@R SHIFT 101 []
3.815979e-01 3.814905e-01 3.811628e-01 3.806176e-01 3.798601e-01 
3.788924e-01 3.777201e-01 3.763477e-01 3.747780e-01 3.730139e-01 
3.710614e-01 3.689265e-01 3.666153e-01 3.641329e-01 3.614852e-01 
3.586783e-01 3.557190e-01 3.526140e-01 3.493701e-01 3.459941e-01 
3.424932e-01 3.388744e-01 3.351449e-01 3.313122e-01 3.273830e-01 
3.233650e-01 3.192652e-01 3.150906e-01 3.108480e-01 3.065442e-01 
3.021856e-01 2.977807e-01 2.933385e-01 2.888649e-01 2.843644e-01 
2.798403e-01 2.752957e-01 2.707338e-01 2.661583e-01 2.615729e-01 
2.569818e-01 2.523887e-01 2.477968e-01 2.432096e-01 2.386300e-01 
2.340607e-01 2.295044e-01 2.249632e-01 2.204390e-01 2.159333e-01 
2.114470e-01 2.069807e-01 2.025351e-01 1.981105e-01 1.937076e-01 
1.893270e-01 1.849695e-01 1.806359e-01 1.763269e-01 1.720430e-01 
1.677844e-01 1.635515e-01 1.593448e-01 1.551644e-01 1.510108e-01 
1.468847e-01 1.427862e-01 1.387153e-01 1.346707e-01 1.306509e-01 
1.266541e-01 1.226781e-01 1.187205e-01 1.147788e-01 1.108507e-01 
1.069340e-01 1.030269e-01 9.912809e-02 9.523687e-02 9.135292e-02 
8.747618e-02 8.360750e-02 7.974823e-02 7.590012e-02 7.206509e-02 
6.824554e-02 6.444401e-02 6.066320e-02 5.690309e-02 5.316148e-02 
4.943286e-02 4.570458e-02 4.195476e-02 3.816057e-02 3.430536e-02 
3.038485e-02 2.642045e-02 2.246067e-02 1.856461e-02 1.482899e-02 
1.145041e-02 
@R ELONG 101 []
1.890088e+00 1.889255e+00 1.886756e+00 1.884058e+00 1.880428e+00 
1.876077e+00 1.871291e+00 1.866223e+00 1.861011e+00 1.855766e+00 
1.850546e+00 1.845307e+00 1.840040e+00 1.834748e+00 1.829445e+00 
1.824140e+00 1.818843e+00 1.813562e+00 1.808309e+00 1.803093e+00 
1.797926e+00 1.792817e+00 1.787777e+00 1.782816e+00 1.777941e+00 
1.773165e+00 1.768493e+00 1.763934e+00 1.759494e+00 1.755179e+00 
1.751001e+00 1.746968e+00 1.743089e+00 1.739364e+00 1.735789e+00 
1.732362e+00 1.729079e+00 1.725938e+00 1.722935e+00 1.720071e+00 
1.717348e+00 1.714763e+00 1.712317e+00 1.710009e+00 1.707837e+00 
1.705799e+00 1.703894e+00 1.702119e+00 1.700472e+00 1.698949e+00 
1.697547e+00 1.696263e+00 1.695093e+00 1.694035e+00 1.693086e+00 
1.692245e+00 1.691510e+00 1.690881e+00 1.690356e+00 1.689934e+00 
1.689615e+00 1.689396e+00 1.689278e+00 1.689260e+00 1.689342e+00 
1.689526e+00 1.689810e+00 1.690196e+00 1.690702e+00 1.691342e+00 
1.692132e+00 1.693095e+00 1.694253e+00 1.695630e+00 1.697253e+00 
1.699148e+00 1.701348e+00 1.703883e+00 1.706788e+00 1.710103e+00 
1.713865e+00 1.718121e+00 1.722918e+00 1.728310e+00 1.734357e+00 
1.741129e+00 1.748690e+00 1.757068e+00 1.766281e+00 1.776299e+00 
1.787050e+00 1.798368e+00 1.810059e+00 1.821909e+00 1.833837e+00 
1.845947e+00 1.858683e+00 1.872743e+00 1.889411e+00 1.911011e+00 
1.945255e+00 
@R TRIAG 101 []
0.000000e+00 9.274483e-03 1.813625e-02 2.683500e-02 3.531056e-02 
4.349342e-02 5.138132e-02 5.897298e-02 6.631189e-02 7.341675e-02 
8.028784e-02 8.689837e-02 9.323218e-02 9.927856e-02 1.050439e-01 
1.105341e-01 1.157569e-01 1.207230e-01 1.254400e-01 1.299202e-01 
1.341728e-01 1.382082e-01 1.420381e-01 1.456739e-01 1.491263e-01 
1.524031e-01 1.555143e-01 1.584730e-01 1.612955e-01 1.639908e-01 
1.665536e-01 1.689930e-01 1.713303e-01 1.735776e-01 1.757441e-01 
1.778440e-01 1.798888e-01 1.818850e-01 1.838388e-01 1.857581e-01 
1.876490e-01 1.895153e-01 1.913595e-01 1.931871e-01 1.950014e-01 
1.968055e-01 1.986035e-01 2.003992e-01 2.021982e-01 2.040024e-01 
2.058152e-01 2.076405e-01 2.094806e-01 2.113391e-01 2.132187e-01 
2.151212e-01 2.170475e-01 2.189983e-01 2.209771e-01 2.229847e-01 
2.250222e-01 2.270913e-01 2.291939e-01 2.313617e-01 2.335772e-01 
2.358305e-01 2.381284e-01 2.404839e-01 2.429096e-01 2.454272e-01 
2.480662e-01 2.508510e-01 2.538135e-01 2.569854e-01 2.603985e-01 
2.640900e-01 2.680994e-01 2.724632e-01 2.772294e-01 2.824426e-01 
2.881551e-01 2.944380e-01 3.013488e-01 3.089605e-01 3.173625e-01 
3.266609e-01 3.369338e-01 3.481707e-01 3.602748e-01 3.730642e-01 
3.862447e-01 3.995022e-01 4.125072e-01 4.251140e-01 4.374229e-01 
4.496028e-01 4.623510e-01 4.764533e-01 4.933790e-01 5.161855e-01 
5.572556e-01 
