 # generated by fastran_io_instate.py
@R INFLAG 1 []
  1.000000000e+00
@R TIME0 1 [s]
  0.000000000e+00
@R IP 1 []
  8.100000000e+00
@R BCENTR 1 []
  7.000000000e+00
@R RMAJOR 1 []
  4.000000000e+00
@R AMINOR 1 []
  1.330000000e+00
@R ELONGB 1 []
  2.000000000e+00
@R TRIANB 1 []
  6.000000000e-01
@R RHO 101 []
  0.000000000e+00  1.000000000e-02  2.000000000e-02  3.000000000e-02
  4.000000000e-02  5.000000000e-02  6.000000000e-02  7.000000000e-02
  8.000000000e-02  9.000000000e-02  1.000000000e-01  1.100000000e-01
  1.200000000e-01  1.300000000e-01  1.400000000e-01  1.500000000e-01
  1.600000000e-01  1.700000000e-01  1.800000000e-01  1.900000000e-01
  2.000000000e-01  2.100000000e-01  2.200000000e-01  2.300000000e-01
  2.400000000e-01  2.500000000e-01  2.600000000e-01  2.700000000e-01
  2.800000000e-01  2.900000000e-01  3.000000000e-01  3.100000000e-01
  3.200000000e-01  3.300000000e-01  3.400000000e-01  3.500000000e-01
  3.600000000e-01  3.700000000e-01  3.800000000e-01  3.900000000e-01
  4.000000000e-01  4.100000000e-01  4.200000000e-01  4.300000000e-01
  4.400000000e-01  4.500000000e-01  4.600000000e-01  4.700000000e-01
  4.800000000e-01  4.900000000e-01  5.000000000e-01  5.100000000e-01
  5.200000000e-01  5.300000000e-01  5.400000000e-01  5.500000000e-01
  5.600000000e-01  5.700000000e-01  5.800000000e-01  5.900000000e-01
  6.000000000e-01  6.100000000e-01  6.200000000e-01  6.300000000e-01
  6.400000000e-01  6.500000000e-01  6.600000000e-01  6.700000000e-01
  6.800000000e-01  6.900000000e-01  7.000000000e-01  7.100000000e-01
  7.200000000e-01  7.300000000e-01  7.400000000e-01  7.500000000e-01
  7.600000000e-01  7.700000000e-01  7.800000000e-01  7.900000000e-01
  8.000000000e-01  8.100000000e-01  8.200000000e-01  8.300000000e-01
  8.400000000e-01  8.500000000e-01  8.600000000e-01  8.700000000e-01
  8.800000000e-01  8.900000000e-01  9.000000000e-01  9.100000000e-01
  9.200000000e-01  9.300000000e-01  9.400000000e-01  9.500000000e-01
  9.600000000e-01  9.700000000e-01  9.800000000e-01  9.900000000e-01
  1.000000000e+00
@R AMAIN 1 []
  2.500000000e+00
@R ZMAIN 1 []
  1.000000000e+00
@I NIMP 1 []
                2
@R AIMP 2 []
  9.000000000e+00  4.000000000e+01
@R ZIMP 2 []
  4.000000000e+00  1.800000000e+01
@R FIMP 2 []
  2.000000000e-02  5.000000000e-04
@R ENE 101 []
  2.629700715e+01  2.625956900e+01  2.621921796e+01  2.617599177e+01
  2.612992816e+01  2.608106485e+01  2.602943957e+01  2.597509004e+01
  2.591805399e+01  2.585836915e+01  2.579607324e+01  2.573120399e+01
  2.566379913e+01  2.559389638e+01  2.552153347e+01  2.544674812e+01
  2.536957806e+01  2.529006102e+01  2.520823473e+01  2.512413690e+01
  2.503780527e+01  2.494927756e+01  2.485859151e+01  2.476578482e+01
  2.467089524e+01  2.457396049e+01  2.447501829e+01  2.437410637e+01
  2.427126245e+01  2.416652427e+01  2.405992955e+01  2.395151602e+01
  2.384132139e+01  2.372938341e+01  2.361573979e+01  2.350042826e+01
  2.338348655e+01  2.326495238e+01  2.314486348e+01  2.302325758e+01
  2.290017239e+01  2.277564566e+01  2.264971510e+01  2.252241845e+01
  2.239379342e+01  2.226387774e+01  2.213270914e+01  2.200032534e+01
  2.186676407e+01  2.173206306e+01  2.159626002e+01  2.145939267e+01
  2.132149875e+01  2.118261595e+01  2.104278199e+01  2.090203457e+01
  2.076041139e+01  2.061795010e+01  2.047468835e+01  2.033066373e+01
  2.018591380e+01  2.004047597e+01  1.989438756e+01  1.974768564e+01
  1.960040699e+01  1.945258790e+01  1.930426396e+01  1.915546969e+01
  1.900623803e+01  1.885659956e+01  1.870658132e+01  1.855620507e+01
  1.840548469e+01  1.825442230e+01  1.810300248e+01  1.795118360e+01
  1.779888504e+01  1.764596797e+01  1.749220697e+01  1.733724783e+01
  1.718054504e+01  1.702126972e+01  1.685817458e+01  1.668939767e+01
  1.651218108e+01  1.632247618e+01  1.611440843e+01  1.587959384e+01
  1.560635717e+01  1.527904067e+01  1.487786104e+01  1.438018836e+01
  1.376451827e+01  1.301819378e+01  1.214806071e+01  1.118933426e+01
  1.020477403e+01  9.269579145e+00  8.448151539e+00  7.776638048e+00
  7.260124812e+00
@R TE 101 []
  1.592633496e+01  1.587224639e+01  1.581323588e+01  1.574940783e+01
  1.568086666e+01  1.560771674e+01  1.553006250e+01  1.544800832e+01
  1.536165861e+01  1.527111777e+01  1.517649021e+01  1.507788031e+01
  1.497539249e+01  1.486913115e+01  1.475920068e+01  1.464570549e+01
  1.452874998e+01  1.440843854e+01  1.428487559e+01  1.415816552e+01
  1.402841273e+01  1.389572163e+01  1.376019661e+01  1.362194208e+01
  1.348106244e+01  1.333766208e+01  1.319184542e+01  1.304371685e+01
  1.289338076e+01  1.274094157e+01  1.258650368e+01  1.243017148e+01
  1.227204938e+01  1.211224178e+01  1.195085307e+01  1.178798767e+01
  1.162374996e+01  1.145824436e+01  1.129157527e+01  1.112384707e+01
  1.095516419e+01  1.078563101e+01  1.061535194e+01  1.044443137e+01
  1.027297372e+01  1.010108338e+01  9.928864753e+00  9.756422240e+00
  9.583860240e+00  9.411283157e+00  9.238795391e+00  9.066501342e+00
  8.894505412e+00  8.722912002e+00  8.551825510e+00  8.381350338e+00
  8.211590884e+00  8.042651546e+00  7.874636719e+00  7.707650796e+00
  7.541798164e+00  7.377183202e+00  7.213910277e+00  7.052083736e+00
  6.891807893e+00  6.733187015e+00  6.576325290e+00  6.421326780e+00
  6.268295355e+00  6.117334579e+00  5.968547531e+00  5.822036530e+00
  5.677902694e+00  5.536245250e+00  5.397160446e+00  5.260739833e+00
  5.127067557e+00  4.996216097e+00  4.868239540e+00  4.743162985e+00
  4.620965846e+00  4.501555591e+00  4.384726478e+00  4.270094966e+00
  4.156999178e+00  4.044343965e+00  3.930366118e+00  3.812288789e+00
  3.685838679e+00  3.544635629e+00  3.379578683e+00  3.178621055e+00
  2.927798329e+00  2.614834637e+00  2.236167076e+00  1.805296048e+00
  1.355698911e+00  9.316499002e-01  5.704944951e-01  2.897131913e-01
  8.689054248e-02
@R TI 101 []
  1.382876807e+01  1.378398261e+01  1.373512744e+01  1.368228886e+01
  1.362555319e+01  1.356500672e+01  1.350073578e+01  1.343282666e+01
  1.336136567e+01  1.328643912e+01  1.320813331e+01  1.312653457e+01
  1.304172918e+01  1.295380346e+01  1.286284372e+01  1.276893627e+01
  1.267216740e+01  1.257262343e+01  1.247039067e+01  1.236555542e+01
  1.225820399e+01  1.214842269e+01  1.203629783e+01  1.192191570e+01
  1.180536263e+01  1.168672491e+01  1.156608886e+01  1.144354078e+01
  1.131916698e+01  1.119305377e+01  1.106528745e+01  1.093595433e+01
  1.080514071e+01  1.067293292e+01  1.053941725e+01  1.040468000e+01
  1.026880750e+01  1.013188604e+01  9.994001935e+00  9.855241488e+00
  9.715691008e+00  9.575436803e+00  9.434565180e+00  9.293162445e+00
  9.151314907e+00  9.009108873e+00  8.866630650e+00  8.723966546e+00
  8.581202866e+00  8.438425920e+00  8.295722014e+00  8.153177454e+00
  8.010878548e+00  7.868911603e+00  7.727362923e+00  7.586318815e+00
  7.445865583e+00  7.306089528e+00  7.167076951e+00  7.028914146e+00
  6.891687400e+00  6.755482992e+00  6.620387181e+00  6.486486199e+00
  6.353866239e+00  6.222613425e+00  6.092813782e+00  5.964553174e+00
  5.837917215e+00  5.712991130e+00  5.589859534e+00  5.468606094e+00
  5.349312987e+00  5.232060070e+00  5.116923570e+00  5.003974041e+00
  4.893273174e+00  4.784868801e+00  4.678787092e+00  4.575020363e+00
  4.473508025e+00  4.374106890e+00  4.276544954e+00  4.180349791e+00
  4.084738364e+00  3.988449426e+00  3.889493565e+00  3.784792778e+00
  3.669691164e+00  3.537364448e+00  3.378285295e+00  3.180179994e+00
  2.929354249e+00  2.614591668e+00  2.234103157e+00  1.803042084e+00
  1.355160307e+00  9.332899875e-01  5.728816830e-01  2.905742254e-01
  8.440768536e-02
@R ZEFF 101 []
  1.491890706e+00  1.491233752e+00  1.490518930e+00  1.489747467e+00
  1.488920607e+00  1.488039611e+00  1.487105760e+00  1.486120358e+00
  1.485084734e+00  1.484000245e+00  1.482868280e+00  1.481690256e+00
  1.480467630e+00  1.479201894e+00  1.477894579e+00  1.476547258e+00
  1.475161550e+00  1.473739117e+00  1.472281668e+00  1.470790963e+00
  1.469268810e+00  1.467717069e+00  1.466137651e+00  1.464532519e+00
  1.462903690e+00  1.461253230e+00  1.459583258e+00  1.457895944e+00
  1.456193502e+00  1.454478198e+00  1.452752336e+00  1.451018264e+00
  1.449278365e+00  1.447535054e+00  1.445790773e+00  1.444047986e+00
  1.442309172e+00  1.440576818e+00  1.438853411e+00  1.437141433e+00
  1.435443348e+00  1.433761597e+00  1.432098586e+00  1.430456675e+00
  1.428838172e+00  1.427245320e+00  1.425680284e+00  1.424145146e+00
  1.422641890e+00  1.421172393e+00  1.419738417e+00  1.418341596e+00
  1.416983430e+00  1.415665278e+00  1.414388347e+00  1.413153687e+00
  1.411962190e+00  1.410814579e+00  1.409711412e+00  1.408653077e+00
  1.407639792e+00  1.406671610e+00  1.405748416e+00  1.404869936e+00
  1.404035742e+00  1.403245257e+00  1.402497761e+00  1.401792407e+00
  1.401128222e+00  1.400504123e+00  1.399918926e+00  1.399371355e+00
  1.398860057e+00  1.398383607e+00  1.397940522e+00  1.397529265e+00
  1.397148252e+00  1.396795854e+00  1.396470394e+00  1.396170139e+00
  1.395893278e+00  1.395637895e+00  1.395401913e+00  1.395183032e+00
  1.394978620e+00  1.394785594e+00  1.394600287e+00  1.394418358e+00
  1.394234913e+00  1.394045105e+00  1.393845736e+00  1.393638299e+00
  1.393432964e+00  1.393250267e+00  1.393114473e+00  1.393037440e+00
  1.393007593e+00  1.393000763e+00  1.393000024e+00  1.393000000e+00
  1.393000000e+00
@R OMEGA 101 []
  5.000000000e+03  4.992501875e+03  4.978801804e+03  4.961079526e+03
  4.940120160e+03  4.916382264e+03  4.890178959e+03  4.861743180e+03
  4.831258024e+03  4.798873089e+03  4.764714177e+03  4.728889466e+03
  4.691493659e+03  4.652610886e+03  4.612316799e+03  4.570680145e+03
  4.527763951e+03  4.483626454e+03  4.438321832e+03  4.391900796e+03
  4.344411068e+03  4.295897774e+03  4.246403778e+03  4.195969955e+03
  4.144635428e+03  4.092437767e+03  4.039413164e+03  3.985596584e+03
  3.931021896e+03  3.875721988e+03  3.819728870e+03  3.763073767e+03
  3.705787199e+03  3.647899055e+03  3.589438660e+03  3.530434837e+03
  3.470915960e+03  3.410910006e+03  3.350444605e+03  3.289547080e+03
  3.228244492e+03  3.166563674e+03  3.104531273e+03  3.042173783e+03
  2.979517575e+03  2.916588934e+03  2.853414088e+03  2.790019238e+03
  2.726430588e+03  2.662674375e+03  2.598776897e+03  2.534764544e+03
  2.470663824e+03  2.406501396e+03  2.342304099e+03  2.278098979e+03
  2.213913327e+03  2.149774707e+03  2.085710992e+03  2.021750397e+03
  1.957921519e+03  1.894253376e+03  1.830775447e+03  1.767517715e+03
  1.704510722e+03  1.641785608e+03  1.579374179e+03  1.517308956e+03
  1.455623246e+03  1.394351213e+03  1.333527952e+03  1.273189580e+03
  1.213373329e+03  1.154117653e+03  1.095462349e+03  1.037448686e+03
  9.801195629e+02  9.235196753e+02  8.676957162e+02  8.126966008e+02
  7.585737302e+02  7.053812976e+02  6.531766492e+02  6.020207128e+02
  5.519785103e+02  5.031197796e+02  4.555197357e+02  4.092600162e+02
  3.644298727e+02  3.211276991e+02  2.794630303e+02  2.395592200e+02
  2.015571260e+02  1.656203590e+02  1.319430748e+02  1.007621703e+02
  7.237775876e+01  4.719105135e+01  2.578549737e+01  9.151104569e+00
  0.000000000e+00
@R Q 101 []
  0.000000000e+00  0.000000000e+00  0.000000000e+00  0.000000000e+00
  0.000000000e+00  0.000000000e+00  0.000000000e+00  0.000000000e+00
  0.000000000e+00  0.000000000e+00  0.000000000e+00  0.000000000e+00
  0.000000000e+00  0.000000000e+00  0.000000000e+00  0.000000000e+00
  0.000000000e+00  0.000000000e+00  0.000000000e+00  0.000000000e+00
  0.000000000e+00  0.000000000e+00  0.000000000e+00  0.000000000e+00
  0.000000000e+00  0.000000000e+00  0.000000000e+00  0.000000000e+00
  0.000000000e+00  0.000000000e+00  0.000000000e+00  0.000000000e+00
  0.000000000e+00  0.000000000e+00  0.000000000e+00  0.000000000e+00
  0.000000000e+00  0.000000000e+00  0.000000000e+00  0.000000000e+00
  0.000000000e+00  0.000000000e+00  0.000000000e+00  0.000000000e+00
  0.000000000e+00  0.000000000e+00  0.000000000e+00  0.000000000e+00
  0.000000000e+00  0.000000000e+00  0.000000000e+00  0.000000000e+00
  0.000000000e+00  0.000000000e+00  0.000000000e+00  0.000000000e+00
  0.000000000e+00  0.000000000e+00  0.000000000e+00  0.000000000e+00
  0.000000000e+00  0.000000000e+00  0.000000000e+00  0.000000000e+00
  0.000000000e+00  0.000000000e+00  0.000000000e+00  0.000000000e+00
  0.000000000e+00  0.000000000e+00  0.000000000e+00  0.000000000e+00
  0.000000000e+00  0.000000000e+00  0.000000000e+00  0.000000000e+00
  0.000000000e+00  0.000000000e+00  0.000000000e+00  0.000000000e+00
  0.000000000e+00  0.000000000e+00  0.000000000e+00  0.000000000e+00
  0.000000000e+00  0.000000000e+00  0.000000000e+00  0.000000000e+00
  0.000000000e+00  0.000000000e+00  0.000000000e+00  0.000000000e+00
  0.000000000e+00  0.000000000e+00  0.000000000e+00  0.000000000e+00
  0.000000000e+00  0.000000000e+00  0.000000000e+00  0.000000000e+00
  0.000000000e+00
@R FP 101 []
  0.000000000e+00  0.000000000e+00  0.000000000e+00  0.000000000e+00
  0.000000000e+00  0.000000000e+00  0.000000000e+00  0.000000000e+00
  0.000000000e+00  0.000000000e+00  0.000000000e+00  0.000000000e+00
  0.000000000e+00  0.000000000e+00  0.000000000e+00  0.000000000e+00
  0.000000000e+00  0.000000000e+00  0.000000000e+00  0.000000000e+00
  0.000000000e+00  0.000000000e+00  0.000000000e+00  0.000000000e+00
  0.000000000e+00  0.000000000e+00  0.000000000e+00  0.000000000e+00
  0.000000000e+00  0.000000000e+00  0.000000000e+00  0.000000000e+00
  0.000000000e+00  0.000000000e+00  0.000000000e+00  0.000000000e+00
  0.000000000e+00  0.000000000e+00  0.000000000e+00  0.000000000e+00
  0.000000000e+00  0.000000000e+00  0.000000000e+00  0.000000000e+00
  0.000000000e+00  0.000000000e+00  0.000000000e+00  0.000000000e+00
  0.000000000e+00  0.000000000e+00  0.000000000e+00  0.000000000e+00
  0.000000000e+00  0.000000000e+00  0.000000000e+00  0.000000000e+00
  0.000000000e+00  0.000000000e+00  0.000000000e+00  0.000000000e+00
  0.000000000e+00  0.000000000e+00  0.000000000e+00  0.000000000e+00
  0.000000000e+00  0.000000000e+00  0.000000000e+00  0.000000000e+00
  0.000000000e+00  0.000000000e+00  0.000000000e+00  0.000000000e+00
  0.000000000e+00  0.000000000e+00  0.000000000e+00  0.000000000e+00
  0.000000000e+00  0.000000000e+00  0.000000000e+00  0.000000000e+00
  0.000000000e+00  0.000000000e+00  0.000000000e+00  0.000000000e+00
  0.000000000e+00  0.000000000e+00  0.000000000e+00  0.000000000e+00
  0.000000000e+00  0.000000000e+00  0.000000000e+00  0.000000000e+00
  0.000000000e+00  0.000000000e+00  0.000000000e+00  0.000000000e+00
  0.000000000e+00  0.000000000e+00  0.000000000e+00  0.000000000e+00
  0.000000000e+00
@R CURPAR 101 []
  6.533111572e-01  6.601132851e-01  6.671120704e-01  6.742979976e-01
  6.816615508e-01  6.891932144e-01  6.968834728e-01  7.047228102e-01
  7.127017109e-01  7.208106594e-01  7.290401398e-01  7.373806365e-01
  7.458226339e-01  7.543566162e-01  7.629730678e-01  7.716624729e-01
  7.804153160e-01  7.892220812e-01  7.980732530e-01  8.069593156e-01
  8.158707533e-01  8.247980506e-01  8.337316916e-01  8.426621607e-01
  8.515799423e-01  8.604755205e-01  8.693393799e-01  8.781620046e-01
  8.869338790e-01  8.956454874e-01  9.042873141e-01  9.128498435e-01
  9.213235598e-01  9.296989474e-01  9.379664905e-01  9.461166736e-01
  9.541399809e-01  9.620268967e-01  9.697679054e-01  9.773534912e-01
  9.847741385e-01  9.920203316e-01  9.990825549e-01  1.005951293e+00
  1.012617029e+00  1.019070248e+00  1.025301435e+00  1.031301074e+00
  1.037059648e+00  1.042567643e+00  1.047815543e+00  1.052793831e+00
  1.057492993e+00  1.061903513e+00  1.066015874e+00  1.069820561e+00
  1.073308059e+00  1.076468852e+00  1.079293424e+00  1.081772260e+00
  1.083895843e+00  1.085654659e+00  1.087039191e+00  1.088039924e+00
  1.088647342e+00  1.088851929e+00  1.084150480e+00  1.070660128e+00
  1.049301861e+00  1.020996668e+00  9.866655400e-01  9.472294650e-01
  9.036094327e-01  8.567264323e-01  8.075014533e-01  7.568554850e-01
  7.057095166e-01  6.549845376e-01  6.056015373e-01  5.584815049e-01
  5.145454299e-01  4.747143015e-01  4.399091091e-01  4.110508421e-01
  3.890604897e-01  3.748590412e-01  3.986133693e-01  4.362018385e-01
  4.928141779e-01  5.737964989e-01  6.821512272e-01  8.138102565e-01
  9.513709374e-01  1.060836576e+00  1.098604748e+00  1.032277745e+00
  8.636911249e-01  6.316859964e-01  3.934723313e-01  1.910338119e-01
  1.240046215e-02
@R CURBEAM 101 []
  0.000000000e+00  0.000000000e+00  0.000000000e+00  0.000000000e+00
  0.000000000e+00  0.000000000e+00  0.000000000e+00  0.000000000e+00
  0.000000000e+00  0.000000000e+00  0.000000000e+00  0.000000000e+00
  0.000000000e+00  0.000000000e+00  0.000000000e+00  0.000000000e+00
  0.000000000e+00  0.000000000e+00  0.000000000e+00  0.000000000e+00
  0.000000000e+00  0.000000000e+00  0.000000000e+00  0.000000000e+00
  0.000000000e+00  0.000000000e+00  0.000000000e+00  0.000000000e+00
  0.000000000e+00  0.000000000e+00  0.000000000e+00  0.000000000e+00
  0.000000000e+00  0.000000000e+00  0.000000000e+00  0.000000000e+00
  0.000000000e+00  0.000000000e+00  0.000000000e+00  0.000000000e+00
  0.000000000e+00  0.000000000e+00  0.000000000e+00  0.000000000e+00
  0.000000000e+00  0.000000000e+00  0.000000000e+00  0.000000000e+00
  0.000000000e+00  0.000000000e+00  0.000000000e+00  0.000000000e+00
  0.000000000e+00  0.000000000e+00  0.000000000e+00  0.000000000e+00
  0.000000000e+00  0.000000000e+00  0.000000000e+00  0.000000000e+00
  0.000000000e+00  0.000000000e+00  0.000000000e+00  0.000000000e+00
  0.000000000e+00  0.000000000e+00  0.000000000e+00  0.000000000e+00
  0.000000000e+00  0.000000000e+00  0.000000000e+00  0.000000000e+00
  0.000000000e+00  0.000000000e+00  0.000000000e+00  0.000000000e+00
  0.000000000e+00  0.000000000e+00  0.000000000e+00  0.000000000e+00
  0.000000000e+00  0.000000000e+00  0.000000000e+00  0.000000000e+00
  0.000000000e+00  0.000000000e+00  0.000000000e+00  0.000000000e+00
  0.000000000e+00  0.000000000e+00  0.000000000e+00  0.000000000e+00
  0.000000000e+00  0.000000000e+00  0.000000000e+00  0.000000000e+00
  0.000000000e+00  0.000000000e+00  0.000000000e+00  0.000000000e+00
  0.000000000e+00
@R CURRF 101 []
  0.000000000e+00  0.000000000e+00  0.000000000e+00  0.000000000e+00
  0.000000000e+00  0.000000000e+00  0.000000000e+00  0.000000000e+00
  0.000000000e+00  0.000000000e+00  0.000000000e+00  0.000000000e+00
  0.000000000e+00  0.000000000e+00  0.000000000e+00  0.000000000e+00
  0.000000000e+00  0.000000000e+00  0.000000000e+00  0.000000000e+00
  0.000000000e+00  0.000000000e+00  0.000000000e+00  0.000000000e+00
  0.000000000e+00  0.000000000e+00  0.000000000e+00  0.000000000e+00
  0.000000000e+00  0.000000000e+00  0.000000000e+00  0.000000000e+00
  0.000000000e+00  0.000000000e+00  0.000000000e+00  0.000000000e+00
  0.000000000e+00  0.000000000e+00  0.000000000e+00  0.000000000e+00
  0.000000000e+00  0.000000000e+00  0.000000000e+00  0.000000000e+00
  0.000000000e+00  0.000000000e+00  0.000000000e+00  0.000000000e+00
  0.000000000e+00  0.000000000e+00  0.000000000e+00  0.000000000e+00
  0.000000000e+00  0.000000000e+00  0.000000000e+00  0.000000000e+00
  0.000000000e+00  0.000000000e+00  0.000000000e+00  0.000000000e+00
  0.000000000e+00  0.000000000e+00  0.000000000e+00  0.000000000e+00
  0.000000000e+00  0.000000000e+00  0.000000000e+00  0.000000000e+00
  0.000000000e+00  0.000000000e+00  0.000000000e+00  0.000000000e+00
  0.000000000e+00  0.000000000e+00  0.000000000e+00  0.000000000e+00
  0.000000000e+00  0.000000000e+00  0.000000000e+00  0.000000000e+00
  0.000000000e+00  0.000000000e+00  0.000000000e+00  0.000000000e+00
  0.000000000e+00  0.000000000e+00  0.000000000e+00  0.000000000e+00
  0.000000000e+00  0.000000000e+00  0.000000000e+00  0.000000000e+00
  0.000000000e+00  0.000000000e+00  0.000000000e+00  0.000000000e+00
  0.000000000e+00  0.000000000e+00  0.000000000e+00  0.000000000e+00
  0.000000000e+00
@R CURBOOT 101 []
  3.715201130e-01  5.572801695e-01  8.159270296e-01  9.223258240e-01
  9.717338883e-01  9.946620257e-01  1.003900740e+00  1.005551862e+00
  1.002821395e+00  9.975417972e-01  9.908475746e-01  9.834831009e-01
  9.759456746e-01  9.685217920e-01  9.612658728e-01  9.540533512e-01
  9.467622879e-01  9.393791673e-01  9.319323375e-01  9.244323167e-01
  9.168730721e-01  9.092397255e-01  9.015173620e-01  8.936972382e-01
  8.857746321e-01  8.777432613e-01  8.695955591e-01  8.613248614e-01
  8.529272653e-01  8.444035379e-01  8.357532461e-01  8.269713236e-01
  8.180562203e-01  8.090099618e-01  7.998328174e-01  7.905250305e-01
  7.810888995e-01  7.715284218e-01  7.618480172e-01  7.520524438e-01
  7.421465853e-01  7.321354794e-01  7.220249330e-01  7.118204118e-01
  7.015277758e-01  6.911531960e-01  6.807021559e-01  6.701806127e-01
  6.595945157e-01  6.489494849e-01  6.382514461e-01  6.275060201e-01
  6.167185769e-01  6.058945109e-01  5.950393348e-01  5.841584120e-01
  5.732564838e-01  5.623382824e-01  5.514085067e-01  5.404717447e-01
  5.295333985e-01  5.185990691e-01  5.076728865e-01  4.967558594e-01
  4.858467401e-01  4.749556692e-01  4.641295327e-01  4.534568856e-01
  4.430330301e-01  4.329324013e-01  4.232098579e-01  4.139001401e-01
  4.050234643e-01  3.965962694e-01  3.886335077e-01  3.811541479e-01
  3.741905701e-01  3.677983183e-01  3.620715104e-01  3.571662646e-01
  3.533349633e-01  3.509754471e-01  3.507081668e-01  3.535000985e-01
  3.608293282e-01  3.748590412e-01  3.986133693e-01  4.362018385e-01
  4.928141779e-01  5.737964989e-01  6.821512272e-01  8.138102565e-01
  9.513709374e-01  1.060836576e+00  1.098604748e+00  1.032277745e+00
  8.636911249e-01  6.316859964e-01  3.934723313e-01  1.910338119e-01
  1.240046215e-02
@R ENBEAM 101 []
  0.000000000e+00  0.000000000e+00  0.000000000e+00  0.000000000e+00
  0.000000000e+00  0.000000000e+00  0.000000000e+00  0.000000000e+00
  0.000000000e+00  0.000000000e+00  0.000000000e+00  0.000000000e+00
  0.000000000e+00  0.000000000e+00  0.000000000e+00  0.000000000e+00
  0.000000000e+00  0.000000000e+00  0.000000000e+00  0.000000000e+00
  0.000000000e+00  0.000000000e+00  0.000000000e+00  0.000000000e+00
  0.000000000e+00  0.000000000e+00  0.000000000e+00  0.000000000e+00
  0.000000000e+00  0.000000000e+00  0.000000000e+00  0.000000000e+00
  0.000000000e+00  0.000000000e+00  0.000000000e+00  0.000000000e+00
  0.000000000e+00  0.000000000e+00  0.000000000e+00  0.000000000e+00
  0.000000000e+00  0.000000000e+00  0.000000000e+00  0.000000000e+00
  0.000000000e+00  0.000000000e+00  0.000000000e+00  0.000000000e+00
  0.000000000e+00  0.000000000e+00  0.000000000e+00  0.000000000e+00
  0.000000000e+00  0.000000000e+00  0.000000000e+00  0.000000000e+00
  0.000000000e+00  0.000000000e+00  0.000000000e+00  0.000000000e+00
  0.000000000e+00  0.000000000e+00  0.000000000e+00  0.000000000e+00
  0.000000000e+00  0.000000000e+00  0.000000000e+00  0.000000000e+00
  0.000000000e+00  0.000000000e+00  0.000000000e+00  0.000000000e+00
  0.000000000e+00  0.000000000e+00  0.000000000e+00  0.000000000e+00
  0.000000000e+00  0.000000000e+00  0.000000000e+00  0.000000000e+00
  0.000000000e+00  0.000000000e+00  0.000000000e+00  0.000000000e+00
  0.000000000e+00  0.000000000e+00  0.000000000e+00  0.000000000e+00
  0.000000000e+00  0.000000000e+00  0.000000000e+00  0.000000000e+00
  0.000000000e+00  0.000000000e+00  0.000000000e+00  0.000000000e+00
  0.000000000e+00  0.000000000e+00  0.000000000e+00  0.000000000e+00
  0.000000000e+00
@R WBEAM 101 []
  0.000000000e+00  0.000000000e+00  0.000000000e+00  0.000000000e+00
  0.000000000e+00  0.000000000e+00  0.000000000e+00  0.000000000e+00
  0.000000000e+00  0.000000000e+00  0.000000000e+00  0.000000000e+00
  0.000000000e+00  0.000000000e+00  0.000000000e+00  0.000000000e+00
  0.000000000e+00  0.000000000e+00  0.000000000e+00  0.000000000e+00
  0.000000000e+00  0.000000000e+00  0.000000000e+00  0.000000000e+00
  0.000000000e+00  0.000000000e+00  0.000000000e+00  0.000000000e+00
  0.000000000e+00  0.000000000e+00  0.000000000e+00  0.000000000e+00
  0.000000000e+00  0.000000000e+00  0.000000000e+00  0.000000000e+00
  0.000000000e+00  0.000000000e+00  0.000000000e+00  0.000000000e+00
  0.000000000e+00  0.000000000e+00  0.000000000e+00  0.000000000e+00
  0.000000000e+00  0.000000000e+00  0.000000000e+00  0.000000000e+00
  0.000000000e+00  0.000000000e+00  0.000000000e+00  0.000000000e+00
  0.000000000e+00  0.000000000e+00  0.000000000e+00  0.000000000e+00
  0.000000000e+00  0.000000000e+00  0.000000000e+00  0.000000000e+00
  0.000000000e+00  0.000000000e+00  0.000000000e+00  0.000000000e+00
  0.000000000e+00  0.000000000e+00  0.000000000e+00  0.000000000e+00
  0.000000000e+00  0.000000000e+00  0.000000000e+00  0.000000000e+00
  0.000000000e+00  0.000000000e+00  0.000000000e+00  0.000000000e+00
  0.000000000e+00  0.000000000e+00  0.000000000e+00  0.000000000e+00
  0.000000000e+00  0.000000000e+00  0.000000000e+00  0.000000000e+00
  0.000000000e+00  0.000000000e+00  0.000000000e+00  0.000000000e+00
  0.000000000e+00  0.000000000e+00  0.000000000e+00  0.000000000e+00
  0.000000000e+00  0.000000000e+00  0.000000000e+00  0.000000000e+00
  0.000000000e+00  0.000000000e+00  0.000000000e+00  0.000000000e+00
  0.000000000e+00
@R QBEAME 101 []
  0.000000000e+00  0.000000000e+00  0.000000000e+00  0.000000000e+00
  0.000000000e+00  0.000000000e+00  0.000000000e+00  0.000000000e+00
  0.000000000e+00  0.000000000e+00  0.000000000e+00  0.000000000e+00
  0.000000000e+00  0.000000000e+00  0.000000000e+00  0.000000000e+00
  0.000000000e+00  0.000000000e+00  0.000000000e+00  0.000000000e+00
  0.000000000e+00  0.000000000e+00  0.000000000e+00  0.000000000e+00
  0.000000000e+00  0.000000000e+00  0.000000000e+00  0.000000000e+00
  0.000000000e+00  0.000000000e+00  0.000000000e+00  0.000000000e+00
  0.000000000e+00  0.000000000e+00  0.000000000e+00  0.000000000e+00
  0.000000000e+00  0.000000000e+00  0.000000000e+00  0.000000000e+00
  0.000000000e+00  0.000000000e+00  0.000000000e+00  0.000000000e+00
  0.000000000e+00  0.000000000e+00  0.000000000e+00  0.000000000e+00
  0.000000000e+00  0.000000000e+00  0.000000000e+00  0.000000000e+00
  0.000000000e+00  0.000000000e+00  0.000000000e+00  0.000000000e+00
  0.000000000e+00  0.000000000e+00  0.000000000e+00  0.000000000e+00
  0.000000000e+00  0.000000000e+00  0.000000000e+00  0.000000000e+00
  0.000000000e+00  0.000000000e+00  0.000000000e+00  0.000000000e+00
  0.000000000e+00  0.000000000e+00  0.000000000e+00  0.000000000e+00
  0.000000000e+00  0.000000000e+00  0.000000000e+00  0.000000000e+00
  0.000000000e+00  0.000000000e+00  0.000000000e+00  0.000000000e+00
  0.000000000e+00  0.000000000e+00  0.000000000e+00  0.000000000e+00
  0.000000000e+00  0.000000000e+00  0.000000000e+00  0.000000000e+00
  0.000000000e+00  0.000000000e+00  0.000000000e+00  0.000000000e+00
  0.000000000e+00  0.000000000e+00  0.000000000e+00  0.000000000e+00
  0.000000000e+00  0.000000000e+00  0.000000000e+00  0.000000000e+00
  0.000000000e+00
@R QBEAMI 101 []
  0.000000000e+00  0.000000000e+00  0.000000000e+00  0.000000000e+00
  0.000000000e+00  0.000000000e+00  0.000000000e+00  0.000000000e+00
  0.000000000e+00  0.000000000e+00  0.000000000e+00  0.000000000e+00
  0.000000000e+00  0.000000000e+00  0.000000000e+00  0.000000000e+00
  0.000000000e+00  0.000000000e+00  0.000000000e+00  0.000000000e+00
  0.000000000e+00  0.000000000e+00  0.000000000e+00  0.000000000e+00
  0.000000000e+00  0.000000000e+00  0.000000000e+00  0.000000000e+00
  0.000000000e+00  0.000000000e+00  0.000000000e+00  0.000000000e+00
  0.000000000e+00  0.000000000e+00  0.000000000e+00  0.000000000e+00
  0.000000000e+00  0.000000000e+00  0.000000000e+00  0.000000000e+00
  0.000000000e+00  0.000000000e+00  0.000000000e+00  0.000000000e+00
  0.000000000e+00  0.000000000e+00  0.000000000e+00  0.000000000e+00
  0.000000000e+00  0.000000000e+00  0.000000000e+00  0.000000000e+00
  0.000000000e+00  0.000000000e+00  0.000000000e+00  0.000000000e+00
  0.000000000e+00  0.000000000e+00  0.000000000e+00  0.000000000e+00
  0.000000000e+00  0.000000000e+00  0.000000000e+00  0.000000000e+00
  0.000000000e+00  0.000000000e+00  0.000000000e+00  0.000000000e+00
  0.000000000e+00  0.000000000e+00  0.000000000e+00  0.000000000e+00
  0.000000000e+00  0.000000000e+00  0.000000000e+00  0.000000000e+00
  0.000000000e+00  0.000000000e+00  0.000000000e+00  0.000000000e+00
  0.000000000e+00  0.000000000e+00  0.000000000e+00  0.000000000e+00
  0.000000000e+00  0.000000000e+00  0.000000000e+00  0.000000000e+00
  0.000000000e+00  0.000000000e+00  0.000000000e+00  0.000000000e+00
  0.000000000e+00  0.000000000e+00  0.000000000e+00  0.000000000e+00
  0.000000000e+00  0.000000000e+00  0.000000000e+00  0.000000000e+00
  0.000000000e+00
@R ENALP 101 []
  0.000000000e+00  0.000000000e+00  0.000000000e+00  0.000000000e+00
  0.000000000e+00  0.000000000e+00  0.000000000e+00  0.000000000e+00
  0.000000000e+00  0.000000000e+00  0.000000000e+00  0.000000000e+00
  0.000000000e+00  0.000000000e+00  0.000000000e+00  0.000000000e+00
  0.000000000e+00  0.000000000e+00  0.000000000e+00  0.000000000e+00
  0.000000000e+00  0.000000000e+00  0.000000000e+00  0.000000000e+00
  0.000000000e+00  0.000000000e+00  0.000000000e+00  0.000000000e+00
  0.000000000e+00  0.000000000e+00  0.000000000e+00  0.000000000e+00
  0.000000000e+00  0.000000000e+00  0.000000000e+00  0.000000000e+00
  0.000000000e+00  0.000000000e+00  0.000000000e+00  0.000000000e+00
  0.000000000e+00  0.000000000e+00  0.000000000e+00  0.000000000e+00
  0.000000000e+00  0.000000000e+00  0.000000000e+00  0.000000000e+00
  0.000000000e+00  0.000000000e+00  0.000000000e+00  0.000000000e+00
  0.000000000e+00  0.000000000e+00  0.000000000e+00  0.000000000e+00
  0.000000000e+00  0.000000000e+00  0.000000000e+00  0.000000000e+00
  0.000000000e+00  0.000000000e+00  0.000000000e+00  0.000000000e+00
  0.000000000e+00  0.000000000e+00  0.000000000e+00  0.000000000e+00
  0.000000000e+00  0.000000000e+00  0.000000000e+00  0.000000000e+00
  0.000000000e+00  0.000000000e+00  0.000000000e+00  0.000000000e+00
  0.000000000e+00  0.000000000e+00  0.000000000e+00  0.000000000e+00
  0.000000000e+00  0.000000000e+00  0.000000000e+00  0.000000000e+00
  0.000000000e+00  0.000000000e+00  0.000000000e+00  0.000000000e+00
  0.000000000e+00  0.000000000e+00  0.000000000e+00  0.000000000e+00
  0.000000000e+00  0.000000000e+00  0.000000000e+00  0.000000000e+00
  0.000000000e+00  0.000000000e+00  0.000000000e+00  0.000000000e+00
  0.000000000e+00
@R WALP 101 []
  0.000000000e+00  0.000000000e+00  0.000000000e+00  0.000000000e+00
  0.000000000e+00  0.000000000e+00  0.000000000e+00  0.000000000e+00
  0.000000000e+00  0.000000000e+00  0.000000000e+00  0.000000000e+00
  0.000000000e+00  0.000000000e+00  0.000000000e+00  0.000000000e+00
  0.000000000e+00  0.000000000e+00  0.000000000e+00  0.000000000e+00
  0.000000000e+00  0.000000000e+00  0.000000000e+00  0.000000000e+00
  0.000000000e+00  0.000000000e+00  0.000000000e+00  0.000000000e+00
  0.000000000e+00  0.000000000e+00  0.000000000e+00  0.000000000e+00
  0.000000000e+00  0.000000000e+00  0.000000000e+00  0.000000000e+00
  0.000000000e+00  0.000000000e+00  0.000000000e+00  0.000000000e+00
  0.000000000e+00  0.000000000e+00  0.000000000e+00  0.000000000e+00
  0.000000000e+00  0.000000000e+00  0.000000000e+00  0.000000000e+00
  0.000000000e+00  0.000000000e+00  0.000000000e+00  0.000000000e+00
  0.000000000e+00  0.000000000e+00  0.000000000e+00  0.000000000e+00
  0.000000000e+00  0.000000000e+00  0.000000000e+00  0.000000000e+00
  0.000000000e+00  0.000000000e+00  0.000000000e+00  0.000000000e+00
  0.000000000e+00  0.000000000e+00  0.000000000e+00  0.000000000e+00
  0.000000000e+00  0.000000000e+00  0.000000000e+00  0.000000000e+00
  0.000000000e+00  0.000000000e+00  0.000000000e+00  0.000000000e+00
  0.000000000e+00  0.000000000e+00  0.000000000e+00  0.000000000e+00
  0.000000000e+00  0.000000000e+00  0.000000000e+00  0.000000000e+00
  0.000000000e+00  0.000000000e+00  0.000000000e+00  0.000000000e+00
  0.000000000e+00  0.000000000e+00  0.000000000e+00  0.000000000e+00
  0.000000000e+00  0.000000000e+00  0.000000000e+00  0.000000000e+00
  0.000000000e+00  0.000000000e+00  0.000000000e+00  0.000000000e+00
  0.000000000e+00
@R QTFUSE 101 []
  1.086502490e+00  1.079179680e+00  1.071230256e+00  1.062666237e+00
  1.053499810e+00  1.043743359e+00  1.033409498e+00  1.022511114e+00
  1.011061398e+00  9.990738852e-01  9.865624830e-01  9.735415122e-01
  9.600257416e-01  9.460304175e-01  9.315713008e-01  9.166646925e-01
  9.013274706e-01  8.855771098e-01  8.694317133e-01  8.529100292e-01
  8.360314760e-01  8.188161570e-01  8.012848689e-01  7.834591158e-01
  7.653611101e-01  7.470137724e-01  7.284407249e-01  7.096662774e-01
  6.907154096e-01  6.716137462e-01  6.523875249e-01  6.330635533e-01
  6.136691675e-01  5.942321682e-01  5.747807665e-01  5.553435040e-01
  5.359491787e-01  5.166267529e-01  4.974052601e-01  4.783137010e-01
  4.593809307e-01  4.406355464e-01  4.221057595e-01  4.038192727e-01
  3.858031452e-01  3.680836615e-01  3.506861958e-01  3.336350767e-01
  3.169534556e-01  3.006631760e-01  2.847846499e-01  2.693367407e-01
  2.543366545e-01  2.397998407e-01  2.257399065e-01  2.121685435e-01
  1.990954695e-01  1.865283849e-01  1.744729481e-01  1.629327667e-01
  1.519094072e-01  1.414024214e-01  1.314093922e-01  1.219259950e-01
  1.129460758e-01  1.044617438e-01  9.646347783e-02  8.894024335e-02
  8.187961988e-02  7.526793453e-02  6.909039964e-02  6.333125169e-02
  5.797388728e-02  5.300099260e-02  4.839466100e-02  4.413649249e-02
  4.020766823e-02  3.658898870e-02  3.326086327e-02  3.020323298e-02
  2.739540263e-02  2.481575264e-02  2.244129484e-02  2.024703825e-02
  1.820515329e-02  1.628399811e-02  1.444726660e-02  1.265395415e-02
  1.086068316e-02  9.029244747e-03  7.143310454e-03  5.236235466e-03
  3.420365663e-03  1.884077155e-03  8.116020764e-04  2.470920073e-04
  4.621715131e-05  4.263393494e-06  1.255437436e-07  3.529500500e-10
  1.397863134e-16
@R QTFUSI 101 []
  4.112619722e-01  4.072995023e-01  4.030082670e-01  3.983993825e-01
  3.934842550e-01  3.882745717e-01  3.827822906e-01  3.770196341e-01
  3.709990796e-01  3.647333507e-01  3.582354054e-01  3.515184286e-01
  3.445958202e-01  3.374811834e-01  3.301883121e-01  3.227311763e-01
  3.151239100e-01  3.073807916e-01  2.995162281e-01  2.915447360e-01
  2.834809196e-01  2.753394508e-01  2.671350415e-01  2.588824207e-01
  2.505963051e-01  2.422913704e-01  2.339822190e-01  2.256833465e-01
  2.174091067e-01  2.091736751e-01  2.009910098e-01  1.928748109e-01
  1.848384812e-01  1.768950804e-01  1.690572855e-01  1.613373438e-01
  1.537470308e-01  1.462976050e-01  1.389997648e-01  1.318636068e-01
  1.248985832e-01  1.181134639e-01  1.115162992e-01  1.051143858e-01
  9.891423655e-02  9.292155390e-02  8.714120823e-02  8.157721981e-02
  7.623274769e-02  7.111008302e-02  6.621064880e-02  6.153500596e-02
  5.708286562e-02  5.285310731e-02  4.884380438e-02  4.505225493e-02
  4.147501887e-02  3.810796049e-02  3.494629631e-02  3.198464730e-02
  2.921709525e-02  2.663724189e-02  2.423827112e-02  2.201301231e-02
  1.995400476e-02  1.805356190e-02  1.630383479e-02  1.469687375e-02
  1.322468774e-02  1.187930035e-02  1.065280198e-02  9.537397623e-03
  8.525449409e-03  7.609513692e-03  6.782371944e-03  6.037054932e-03
  5.366859674e-03  4.765358200e-03  4.226397252e-03  3.744087525e-03
  3.312780624e-03  2.927031686e-03  2.581545408e-03  2.271104451e-03
  1.990483134e-03  1.734360255e-03  1.497270069e-03  1.273682417e-03
  1.058394371e-03  8.475338149e-04  6.404967797e-04  4.426762201e-04
  2.672703331e-04  1.321631219e-04  4.906673737e-05  1.220197971e-05
  1.743782058e-06  1.133281407e-07  2.117713537e-09  3.192532250e-12
  4.242730963e-19
@R QRFE 101 []
  5.937874317e-01  5.934576414e-01  5.924693691e-01  5.908259045e-01
  5.885327101e-01  5.855973910e-01  5.820296528e-01  5.778412483e-01
  5.730459129e-01  5.676592895e-01  5.616988436e-01  5.551837689e-01
  5.481348845e-01  5.405745240e-01  5.325264179e-01  5.240155693e-01
  5.150681253e-01  5.057112432e-01  4.959729536e-01  4.858820217e-01
  4.754678060e-01  4.647601176e-01  4.537890794e-01  4.425849872e-01
  4.311781718e-01  4.195988660e-01  4.078770744e-01  3.960424475e-01
  3.841241627e-01  3.721508095e-01  3.601502827e-01  3.481496818e-01
  3.361752184e-01  3.242521313e-01  3.124046098e-01  3.006557254e-01
  2.890273719e-01  2.775402147e-01  2.662136479e-01  2.550657605e-01
  2.441133111e-01  2.333717107e-01  2.228550135e-01  2.125759155e-01
  2.025457609e-01  1.927745548e-01  1.832709833e-01  1.740424394e-01
  1.650950546e-01  1.564337359e-01  1.480622076e-01  1.399830573e-01
  1.321977852e-01  1.247068572e-01  1.175097603e-01  1.106050602e-01
  1.039904610e-01  9.766286515e-02  9.161843504e-02  8.585265452e-02
  8.036039025e-02  7.513595261e-02  7.017315572e-02  6.546537627e-02
  6.100561083e-02  5.678653138e-02  5.280053886e-02  4.903981442e-02
  4.549636840e-02  4.216208664e-02  3.902877420e-02  3.608819634e-02
  3.333211665e-02  3.075233237e-02  2.834070680e-02  2.608919897e-02
  2.398989038e-02  2.203500901e-02  2.021695070e-02  1.852829780e-02
  1.696183535e-02  1.551056487e-02  1.416771580e-02  1.292675473e-02
  1.178139269e-02  1.072559035e-02  9.753561568e-03  8.859775239e-03
  8.038955598e-03  7.286081182e-03  6.596382523e-03  5.965338733e-03
  5.388673087e-03  4.862347744e-03  4.382557716e-03  3.945724183e-03
  3.548487287e-03  3.187698471e-03  2.860412487e-03  2.563879129e-03
  2.295534791e-03
@R QRFI 101 []
  1.583433151e-01  1.582553710e-01  1.579918318e-01  1.575535745e-01
  1.569420560e-01  1.561593043e-01  1.552079074e-01  1.540909995e-01
  1.528122434e-01  1.513758105e-01  1.497863583e-01  1.480490050e-01
  1.461693025e-01  1.441532064e-01  1.420070448e-01  1.397374851e-01
  1.373515001e-01  1.348563315e-01  1.322594543e-01  1.295685391e-01
  1.267914149e-01  1.239360313e-01  1.210104212e-01  1.180226632e-01
  1.149808458e-01  1.118930309e-01  1.087672198e-01  1.056113193e-01
  1.024331101e-01  9.924021587e-02  9.604007538e-02  9.283991514e-02
  8.964672491e-02  8.646723502e-02  8.330789595e-02  8.017486011e-02
  7.707396585e-02  7.401072393e-02  7.099030611e-02  6.801753614e-02
  6.509688297e-02  6.223245619e-02  5.942800360e-02  5.668691080e-02
  5.401220290e-02  5.140654794e-02  4.887226222e-02  4.641131717e-02
  4.402534788e-02  4.171566290e-02  3.948325537e-02  3.732881529e-02
  3.525274273e-02  3.325516192e-02  3.133593607e-02  2.949468273e-02
  2.773078961e-02  2.604343071e-02  2.443158268e-02  2.289404121e-02
  2.142943740e-02  2.003625403e-02  1.871284152e-02  1.745743367e-02
  1.626816289e-02  1.514307503e-02  1.408014369e-02  1.307728385e-02
  1.213236491e-02  1.124322310e-02  1.040767312e-02  9.623519024e-03
  8.888564441e-03  8.200621964e-03  7.557521814e-03  6.957119726e-03
  6.397304101e-03  5.876002404e-03  5.391186854e-03  4.940879412e-03
  4.523156092e-03  4.136150632e-03  3.778057546e-03  3.447134596e-03
  3.141704718e-03  2.860157426e-03  2.600949752e-03  2.362606730e-03
  2.143721493e-03  1.942954982e-03  1.759035340e-03  1.590756995e-03
  1.436979490e-03  1.296626065e-03  1.168682058e-03  1.052193116e-03
  9.462632765e-04  8.500529257e-04  7.627766632e-04  6.837011010e-04
  6.121426109e-04
@R QRAD 101 []
 -2.084235419e-01 -2.073858430e-01 -2.062652743e-01 -2.050640856e-01
 -2.037845674e-01 -2.024290469e-01 -2.009998852e-01 -1.994994735e-01
 -1.979302309e-01 -1.962946000e-01 -1.945950442e-01 -1.928340448e-01
 -1.910140972e-01 -1.891377085e-01 -1.872073941e-01 -1.852256743e-01
 -1.831950724e-01 -1.811181106e-01 -1.789973076e-01 -1.768351755e-01
 -1.746342172e-01 -1.723969235e-01 -1.701257704e-01 -1.678232158e-01
 -1.654916977e-01 -1.631336311e-01 -1.607514053e-01 -1.583473817e-01
 -1.559238911e-01 -1.534832315e-01 -1.510276656e-01 -1.485594185e-01
 -1.460806755e-01 -1.435935806e-01 -1.411002335e-01 -1.386026885e-01
 -1.361029525e-01 -1.336029830e-01 -1.311046868e-01 -1.286099189e-01
 -1.261204804e-01 -1.236381184e-01 -1.211645241e-01 -1.187013322e-01
 -1.162501207e-01 -1.138124097e-01 -1.113896620e-01 -1.089832819e-01
 -1.065946161e-01 -1.042249538e-01 -1.018755264e-01 -9.954750930e-02
 -9.724202186e-02 -9.496012833e-02 -9.270283949e-02 -9.047111355e-02
 -8.826585769e-02 -8.608792927e-02 -8.393813791e-02 -8.181724678e-02
 -7.972597469e-02 -7.766499712e-02 -7.563494869e-02 -7.363642395e-02
 -7.166997916e-02 -6.973613297e-02 -6.783536697e-02 -6.596812527e-02
 -6.413481318e-02 -6.233579421e-02 -6.057138462e-02 -5.884184472e-02
 -5.714736519e-02 -5.548804608e-02 -5.386386528e-02 -5.227463098e-02
 -5.071991179e-02 -4.919893215e-02 -4.771041882e-02 -4.625237431e-02
 -4.482174390e-02 -4.341392929e-02 -4.202208262e-02 -4.063609345e-02
 -3.924116263e-02 -3.781585550e-02 -3.632958353e-02 -3.473966405e-02
 -3.298860594e-02 -3.100331947e-02 -2.869974031e-02 -2.599850140e-02
 -2.285748093e-02 -1.931983174e-02 -1.555624372e-02 -1.185763101e-02
 -8.546593845e-03 -5.845823171e-03 -3.799657785e-03 -2.294378510e-03
 -1.095263995e-03
@R QOHM 101 []
  0.000000000e+00  0.000000000e+00  0.000000000e+00  0.000000000e+00
  0.000000000e+00  0.000000000e+00  0.000000000e+00  0.000000000e+00
  0.000000000e+00  0.000000000e+00  0.000000000e+00  0.000000000e+00
  0.000000000e+00  0.000000000e+00  0.000000000e+00  0.000000000e+00
  0.000000000e+00  0.000000000e+00  0.000000000e+00  0.000000000e+00
  0.000000000e+00  0.000000000e+00  0.000000000e+00  0.000000000e+00
  0.000000000e+00  0.000000000e+00  0.000000000e+00  0.000000000e+00
  0.000000000e+00  0.000000000e+00  0.000000000e+00  0.000000000e+00
  0.000000000e+00  0.000000000e+00  0.000000000e+00  0.000000000e+00
  0.000000000e+00  0.000000000e+00  0.000000000e+00  0.000000000e+00
  0.000000000e+00  0.000000000e+00  0.000000000e+00  0.000000000e+00
  0.000000000e+00  0.000000000e+00  0.000000000e+00  0.000000000e+00
  0.000000000e+00  0.000000000e+00  0.000000000e+00  0.000000000e+00
  0.000000000e+00  0.000000000e+00  0.000000000e+00  0.000000000e+00
  0.000000000e+00  0.000000000e+00  0.000000000e+00  0.000000000e+00
  0.000000000e+00  0.000000000e+00  0.000000000e+00  0.000000000e+00
  0.000000000e+00  0.000000000e+00  0.000000000e+00  0.000000000e+00
  0.000000000e+00  0.000000000e+00  0.000000000e+00  0.000000000e+00
  0.000000000e+00  0.000000000e+00  0.000000000e+00  0.000000000e+00
  0.000000000e+00  0.000000000e+00  0.000000000e+00  0.000000000e+00
  0.000000000e+00  0.000000000e+00  0.000000000e+00  0.000000000e+00
  0.000000000e+00  0.000000000e+00  0.000000000e+00  0.000000000e+00
  0.000000000e+00  0.000000000e+00  0.000000000e+00  0.000000000e+00
  0.000000000e+00  0.000000000e+00  0.000000000e+00  0.000000000e+00
  0.000000000e+00  0.000000000e+00  0.000000000e+00  0.000000000e+00
  0.000000000e+00
@R QIONE 101 []
  0.000000000e+00  0.000000000e+00  0.000000000e+00  0.000000000e+00
  0.000000000e+00  0.000000000e+00  0.000000000e+00  0.000000000e+00
  0.000000000e+00  0.000000000e+00  0.000000000e+00  0.000000000e+00
  0.000000000e+00  0.000000000e+00  0.000000000e+00  0.000000000e+00
  0.000000000e+00  0.000000000e+00  0.000000000e+00  0.000000000e+00
  0.000000000e+00  0.000000000e+00  0.000000000e+00  0.000000000e+00
  0.000000000e+00  0.000000000e+00  0.000000000e+00  0.000000000e+00
  0.000000000e+00  0.000000000e+00  0.000000000e+00  0.000000000e+00
  0.000000000e+00  0.000000000e+00  0.000000000e+00  0.000000000e+00
  0.000000000e+00  0.000000000e+00  0.000000000e+00  0.000000000e+00
  0.000000000e+00  0.000000000e+00  0.000000000e+00  0.000000000e+00
  0.000000000e+00  0.000000000e+00  0.000000000e+00  0.000000000e+00
  0.000000000e+00  0.000000000e+00  0.000000000e+00  0.000000000e+00
  0.000000000e+00  0.000000000e+00  0.000000000e+00  0.000000000e+00
  0.000000000e+00  0.000000000e+00  0.000000000e+00  0.000000000e+00
  0.000000000e+00  0.000000000e+00  0.000000000e+00  0.000000000e+00
  0.000000000e+00  0.000000000e+00  0.000000000e+00  0.000000000e+00
  0.000000000e+00  0.000000000e+00  0.000000000e+00  0.000000000e+00
  0.000000000e+00  0.000000000e+00  0.000000000e+00  0.000000000e+00
  0.000000000e+00  0.000000000e+00  0.000000000e+00  0.000000000e+00
  0.000000000e+00  0.000000000e+00  0.000000000e+00  0.000000000e+00
  0.000000000e+00  0.000000000e+00  0.000000000e+00  0.000000000e+00
  0.000000000e+00  0.000000000e+00  0.000000000e+00  0.000000000e+00
  0.000000000e+00  0.000000000e+00  0.000000000e+00  0.000000000e+00
  0.000000000e+00  0.000000000e+00  0.000000000e+00  0.000000000e+00
  0.000000000e+00
@R QIONI 101 []
  0.000000000e+00  0.000000000e+00  0.000000000e+00  0.000000000e+00
  0.000000000e+00  0.000000000e+00  0.000000000e+00  0.000000000e+00
  0.000000000e+00  0.000000000e+00  0.000000000e+00  0.000000000e+00
  0.000000000e+00  0.000000000e+00  0.000000000e+00  0.000000000e+00
  0.000000000e+00  0.000000000e+00  0.000000000e+00  0.000000000e+00
  0.000000000e+00  0.000000000e+00  0.000000000e+00  0.000000000e+00
  0.000000000e+00  0.000000000e+00  0.000000000e+00  0.000000000e+00
  0.000000000e+00  0.000000000e+00  0.000000000e+00  0.000000000e+00
  0.000000000e+00  0.000000000e+00  0.000000000e+00  0.000000000e+00
  0.000000000e+00  0.000000000e+00  0.000000000e+00  0.000000000e+00
  0.000000000e+00  0.000000000e+00  0.000000000e+00  0.000000000e+00
  0.000000000e+00  0.000000000e+00  0.000000000e+00  0.000000000e+00
  0.000000000e+00  0.000000000e+00  0.000000000e+00  0.000000000e+00
  0.000000000e+00  0.000000000e+00  0.000000000e+00  0.000000000e+00
  0.000000000e+00  0.000000000e+00  0.000000000e+00  0.000000000e+00
  0.000000000e+00  0.000000000e+00  0.000000000e+00  0.000000000e+00
  0.000000000e+00  0.000000000e+00  0.000000000e+00  0.000000000e+00
  0.000000000e+00  0.000000000e+00  0.000000000e+00  0.000000000e+00
  0.000000000e+00  0.000000000e+00  0.000000000e+00  0.000000000e+00
  0.000000000e+00  0.000000000e+00  0.000000000e+00  0.000000000e+00
  0.000000000e+00  0.000000000e+00  0.000000000e+00  0.000000000e+00
  0.000000000e+00  0.000000000e+00  0.000000000e+00  0.000000000e+00
  0.000000000e+00  0.000000000e+00  0.000000000e+00  0.000000000e+00
  0.000000000e+00  0.000000000e+00  0.000000000e+00  0.000000000e+00
  0.000000000e+00  0.000000000e+00  0.000000000e+00  0.000000000e+00
  0.000000000e+00
@R QCX 101 []
  0.000000000e+00  0.000000000e+00  0.000000000e+00  0.000000000e+00
  0.000000000e+00  0.000000000e+00  0.000000000e+00  0.000000000e+00
  0.000000000e+00  0.000000000e+00  0.000000000e+00  0.000000000e+00
  0.000000000e+00  0.000000000e+00  0.000000000e+00  0.000000000e+00
  0.000000000e+00  0.000000000e+00  0.000000000e+00  0.000000000e+00
  0.000000000e+00  0.000000000e+00  0.000000000e+00  0.000000000e+00
  0.000000000e+00  0.000000000e+00  0.000000000e+00  0.000000000e+00
  0.000000000e+00  0.000000000e+00  0.000000000e+00  0.000000000e+00
  0.000000000e+00  0.000000000e+00  0.000000000e+00  0.000000000e+00
  0.000000000e+00  0.000000000e+00  0.000000000e+00  0.000000000e+00
  0.000000000e+00  0.000000000e+00  0.000000000e+00  0.000000000e+00
  0.000000000e+00  0.000000000e+00  0.000000000e+00  0.000000000e+00
  0.000000000e+00  0.000000000e+00  0.000000000e+00  0.000000000e+00
  0.000000000e+00  0.000000000e+00  0.000000000e+00  0.000000000e+00
  0.000000000e+00  0.000000000e+00  0.000000000e+00  0.000000000e+00
  0.000000000e+00  0.000000000e+00  0.000000000e+00  0.000000000e+00
  0.000000000e+00  0.000000000e+00  0.000000000e+00  0.000000000e+00
  0.000000000e+00  0.000000000e+00  0.000000000e+00  0.000000000e+00
  0.000000000e+00  0.000000000e+00  0.000000000e+00  0.000000000e+00
  0.000000000e+00  0.000000000e+00  0.000000000e+00  0.000000000e+00
  0.000000000e+00  0.000000000e+00  0.000000000e+00  0.000000000e+00
  0.000000000e+00  0.000000000e+00  0.000000000e+00  0.000000000e+00
  0.000000000e+00  0.000000000e+00  0.000000000e+00  0.000000000e+00
  0.000000000e+00  0.000000000e+00  0.000000000e+00  0.000000000e+00
  0.000000000e+00  0.000000000e+00  0.000000000e+00  0.000000000e+00
  0.000000000e+00
@R STORQUEB 101 []
  0.000000000e+00  0.000000000e+00  0.000000000e+00  0.000000000e+00
  0.000000000e+00  0.000000000e+00  0.000000000e+00  0.000000000e+00
  0.000000000e+00  0.000000000e+00  0.000000000e+00  0.000000000e+00
  0.000000000e+00  0.000000000e+00  0.000000000e+00  0.000000000e+00
  0.000000000e+00  0.000000000e+00  0.000000000e+00  0.000000000e+00
  0.000000000e+00  0.000000000e+00  0.000000000e+00  0.000000000e+00
  0.000000000e+00  0.000000000e+00  0.000000000e+00  0.000000000e+00
  0.000000000e+00  0.000000000e+00  0.000000000e+00  0.000000000e+00
  0.000000000e+00  0.000000000e+00  0.000000000e+00  0.000000000e+00
  0.000000000e+00  0.000000000e+00  0.000000000e+00  0.000000000e+00
  0.000000000e+00  0.000000000e+00  0.000000000e+00  0.000000000e+00
  0.000000000e+00  0.000000000e+00  0.000000000e+00  0.000000000e+00
  0.000000000e+00  0.000000000e+00  0.000000000e+00  0.000000000e+00
  0.000000000e+00  0.000000000e+00  0.000000000e+00  0.000000000e+00
  0.000000000e+00  0.000000000e+00  0.000000000e+00  0.000000000e+00
  0.000000000e+00  0.000000000e+00  0.000000000e+00  0.000000000e+00
  0.000000000e+00  0.000000000e+00  0.000000000e+00  0.000000000e+00
  0.000000000e+00  0.000000000e+00  0.000000000e+00  0.000000000e+00
  0.000000000e+00  0.000000000e+00  0.000000000e+00  0.000000000e+00
  0.000000000e+00  0.000000000e+00  0.000000000e+00  0.000000000e+00
  0.000000000e+00  0.000000000e+00  0.000000000e+00  0.000000000e+00
  0.000000000e+00  0.000000000e+00  0.000000000e+00  0.000000000e+00
  0.000000000e+00  0.000000000e+00  0.000000000e+00  0.000000000e+00
  0.000000000e+00  0.000000000e+00  0.000000000e+00  0.000000000e+00
  0.000000000e+00  0.000000000e+00  0.000000000e+00  0.000000000e+00
  0.000000000e+00
@R STORQUE 101 []
  0.000000000e+00  0.000000000e+00  0.000000000e+00  0.000000000e+00
  0.000000000e+00  0.000000000e+00  0.000000000e+00  0.000000000e+00
  0.000000000e+00  0.000000000e+00  0.000000000e+00  0.000000000e+00
  0.000000000e+00  0.000000000e+00  0.000000000e+00  0.000000000e+00
  0.000000000e+00  0.000000000e+00  0.000000000e+00  0.000000000e+00
  0.000000000e+00  0.000000000e+00  0.000000000e+00  0.000000000e+00
  0.000000000e+00  0.000000000e+00  0.000000000e+00  0.000000000e+00
  0.000000000e+00  0.000000000e+00  0.000000000e+00  0.000000000e+00
  0.000000000e+00  0.000000000e+00  0.000000000e+00  0.000000000e+00
  0.000000000e+00  0.000000000e+00  0.000000000e+00  0.000000000e+00
  0.000000000e+00  0.000000000e+00  0.000000000e+00  0.000000000e+00
  0.000000000e+00  0.000000000e+00  0.000000000e+00  0.000000000e+00
  0.000000000e+00  0.000000000e+00  0.000000000e+00  0.000000000e+00
  0.000000000e+00  0.000000000e+00  0.000000000e+00  0.000000000e+00
  0.000000000e+00  0.000000000e+00  0.000000000e+00  0.000000000e+00
  0.000000000e+00  0.000000000e+00  0.000000000e+00  0.000000000e+00
  0.000000000e+00  0.000000000e+00  0.000000000e+00  0.000000000e+00
  0.000000000e+00  0.000000000e+00  0.000000000e+00  0.000000000e+00
  0.000000000e+00  0.000000000e+00  0.000000000e+00  0.000000000e+00
  0.000000000e+00  0.000000000e+00  0.000000000e+00  0.000000000e+00
  0.000000000e+00  0.000000000e+00  0.000000000e+00  0.000000000e+00
  0.000000000e+00  0.000000000e+00  0.000000000e+00  0.000000000e+00
  0.000000000e+00  0.000000000e+00  0.000000000e+00  0.000000000e+00
  0.000000000e+00  0.000000000e+00  0.000000000e+00  0.000000000e+00
  0.000000000e+00  0.000000000e+00  0.000000000e+00  0.000000000e+00
  0.000000000e+00
@R SION 101 []
  0.000000000e+00  0.000000000e+00  0.000000000e+00  0.000000000e+00
  0.000000000e+00  0.000000000e+00  0.000000000e+00  0.000000000e+00
  0.000000000e+00  0.000000000e+00  0.000000000e+00  0.000000000e+00
  0.000000000e+00  0.000000000e+00  0.000000000e+00  0.000000000e+00
  0.000000000e+00  0.000000000e+00  0.000000000e+00  0.000000000e+00
  0.000000000e+00  0.000000000e+00  0.000000000e+00  0.000000000e+00
  0.000000000e+00  0.000000000e+00  0.000000000e+00  0.000000000e+00
  0.000000000e+00  0.000000000e+00  0.000000000e+00  0.000000000e+00
  0.000000000e+00  0.000000000e+00  0.000000000e+00  0.000000000e+00
  0.000000000e+00  0.000000000e+00  0.000000000e+00  0.000000000e+00
  0.000000000e+00  0.000000000e+00  0.000000000e+00  0.000000000e+00
  0.000000000e+00  0.000000000e+00  0.000000000e+00  0.000000000e+00
  0.000000000e+00  0.000000000e+00  0.000000000e+00  0.000000000e+00
  0.000000000e+00  0.000000000e+00  0.000000000e+00  0.000000000e+00
  0.000000000e+00  0.000000000e+00  0.000000000e+00  0.000000000e+00
  0.000000000e+00  0.000000000e+00  0.000000000e+00  0.000000000e+00
  0.000000000e+00  0.000000000e+00  0.000000000e+00  0.000000000e+00
  0.000000000e+00  0.000000000e+00  0.000000000e+00  0.000000000e+00
  0.000000000e+00  0.000000000e+00  0.000000000e+00  0.000000000e+00
  0.000000000e+00  0.000000000e+00  0.000000000e+00  0.000000000e+00
  0.000000000e+00  0.000000000e+00  0.000000000e+00  0.000000000e+00
  0.000000000e+00  0.000000000e+00  0.000000000e+00  0.000000000e+00
  0.000000000e+00  0.000000000e+00  0.000000000e+00  0.000000000e+00
  0.000000000e+00  0.000000000e+00  0.000000000e+00  0.000000000e+00
  0.000000000e+00  0.000000000e+00  0.000000000e+00  0.000000000e+00
  0.000000000e+00
@R CHIE 101 []
  0.000000000e+00  0.000000000e+00  0.000000000e+00  0.000000000e+00
  0.000000000e+00  0.000000000e+00  0.000000000e+00  0.000000000e+00
  0.000000000e+00  0.000000000e+00  0.000000000e+00  0.000000000e+00
  0.000000000e+00  0.000000000e+00  0.000000000e+00  0.000000000e+00
  0.000000000e+00  0.000000000e+00  0.000000000e+00  0.000000000e+00
  0.000000000e+00  0.000000000e+00  0.000000000e+00  0.000000000e+00
  0.000000000e+00  0.000000000e+00  0.000000000e+00  0.000000000e+00
  0.000000000e+00  0.000000000e+00  0.000000000e+00  0.000000000e+00
  0.000000000e+00  0.000000000e+00  0.000000000e+00  0.000000000e+00
  0.000000000e+00  0.000000000e+00  0.000000000e+00  0.000000000e+00
  0.000000000e+00  0.000000000e+00  0.000000000e+00  0.000000000e+00
  0.000000000e+00  0.000000000e+00  0.000000000e+00  0.000000000e+00
  0.000000000e+00  0.000000000e+00  0.000000000e+00  0.000000000e+00
  0.000000000e+00  0.000000000e+00  0.000000000e+00  0.000000000e+00
  0.000000000e+00  0.000000000e+00  0.000000000e+00  0.000000000e+00
  0.000000000e+00  0.000000000e+00  0.000000000e+00  0.000000000e+00
  0.000000000e+00  0.000000000e+00  0.000000000e+00  0.000000000e+00
  0.000000000e+00  0.000000000e+00  0.000000000e+00  0.000000000e+00
  0.000000000e+00  0.000000000e+00  0.000000000e+00  0.000000000e+00
  0.000000000e+00  0.000000000e+00  0.000000000e+00  0.000000000e+00
  0.000000000e+00  0.000000000e+00  0.000000000e+00  0.000000000e+00
  0.000000000e+00  0.000000000e+00  0.000000000e+00  0.000000000e+00
  0.000000000e+00  0.000000000e+00  0.000000000e+00  0.000000000e+00
  0.000000000e+00  0.000000000e+00  0.000000000e+00  0.000000000e+00
  0.000000000e+00  0.000000000e+00  0.000000000e+00  0.000000000e+00
  0.000000000e+00
@R CHII 101 []
  0.000000000e+00  0.000000000e+00  0.000000000e+00  0.000000000e+00
  0.000000000e+00  0.000000000e+00  0.000000000e+00  0.000000000e+00
  0.000000000e+00  0.000000000e+00  0.000000000e+00  0.000000000e+00
  0.000000000e+00  0.000000000e+00  0.000000000e+00  0.000000000e+00
  0.000000000e+00  0.000000000e+00  0.000000000e+00  0.000000000e+00
  0.000000000e+00  0.000000000e+00  0.000000000e+00  0.000000000e+00
  0.000000000e+00  0.000000000e+00  0.000000000e+00  0.000000000e+00
  0.000000000e+00  0.000000000e+00  0.000000000e+00  0.000000000e+00
  0.000000000e+00  0.000000000e+00  0.000000000e+00  0.000000000e+00
  0.000000000e+00  0.000000000e+00  0.000000000e+00  0.000000000e+00
  0.000000000e+00  0.000000000e+00  0.000000000e+00  0.000000000e+00
  0.000000000e+00  0.000000000e+00  0.000000000e+00  0.000000000e+00
  0.000000000e+00  0.000000000e+00  0.000000000e+00  0.000000000e+00
  0.000000000e+00  0.000000000e+00  0.000000000e+00  0.000000000e+00
  0.000000000e+00  0.000000000e+00  0.000000000e+00  0.000000000e+00
  0.000000000e+00  0.000000000e+00  0.000000000e+00  0.000000000e+00
  0.000000000e+00  0.000000000e+00  0.000000000e+00  0.000000000e+00
  0.000000000e+00  0.000000000e+00  0.000000000e+00  0.000000000e+00
  0.000000000e+00  0.000000000e+00  0.000000000e+00  0.000000000e+00
  0.000000000e+00  0.000000000e+00  0.000000000e+00  0.000000000e+00
  0.000000000e+00  0.000000000e+00  0.000000000e+00  0.000000000e+00
  0.000000000e+00  0.000000000e+00  0.000000000e+00  0.000000000e+00
  0.000000000e+00  0.000000000e+00  0.000000000e+00  0.000000000e+00
  0.000000000e+00  0.000000000e+00  0.000000000e+00  0.000000000e+00
  0.000000000e+00  0.000000000e+00  0.000000000e+00  0.000000000e+00
  0.000000000e+00
