 0.000000000e+00
   8 101  32   3
 1.050000000e+11 0.000000000e+00 2.462900000e+02-3.500000000e+01 6.535000000e+01
 1.664000000e+02 2.600000000e+00 1.000000000e+00 1.765979106e+02 1.792385008e+04
 5.889817624e+01
 0.000000000e+00 1.266737032e-04 5.066643594e-04 1.139880631e-03 2.026170294e-03
 3.165320286e-03 4.557056729e-03 6.201045008e-03 8.096889825e-03 1.024413523e-02
 1.264226499e-02 1.529070244e-02 1.818881064e-02 2.133589292e-02 2.473119200e-02
 2.837389029e-02 3.226311109e-02 3.639791328e-02 4.077730944e-02 4.540023773e-02
 5.026559120e-02 5.537219249e-02 6.071880986e-02 6.630415749e-02 7.212688303e-02
 7.818557832e-02 8.447878122e-02 9.100496968e-02 9.776256230e-02 1.047499212e-01
 1.119653508e-01 1.194070977e-01 1.270733525e-01 1.349622486e-01 1.430718606e-01
 1.514002065e-01 1.599452490e-01 1.687048928e-01 1.776769845e-01 1.868593143e-01
 1.962496176e-01 2.058455666e-01 2.156447756e-01 2.256448061e-01 2.358431637e-01
 2.462372834e-01 2.568245473e-01 2.676022853e-01 2.785677506e-01 2.897181480e-01
 3.010506141e-01 3.125622202e-01 3.242499850e-01 3.361108401e-01 3.481416730e-01
 3.603392850e-01 3.727004171e-01 3.852217318e-01 3.978998113e-01 4.107311807e-01
 4.237122568e-01 4.368393841e-01 4.501088318e-01 4.635167570e-01 4.770592224e-01
 4.907322084e-01 5.045315728e-01 5.184530521e-01 5.324922598e-01 5.466446922e-01
 5.609056938e-01 5.752704579e-01 5.897340258e-01 6.042912696e-01 6.189368676e-01
 6.336652798e-01 6.484707178e-01 6.633471112e-01 6.782880956e-01 6.932870004e-01
 7.083367990e-01 7.234300942e-01 7.385590680e-01 7.537153887e-01 7.688901643e-01
 7.840737807e-01 7.992558715e-01 8.144249144e-01 8.295678261e-01 8.446696991e-01
 8.597134295e-01 8.746803251e-01 8.895497829e-01 9.042981913e-01 9.188963133e-01
 9.333099055e-01 9.474953266e-01 9.613862104e-01 9.748858212e-01 9.878596233e-01
 0.000000000e+00
 1.700000000e+00 1.700000000e+00 1.700000000e+00 1.700000000e+00 1.700000000e+00
 1.700000000e+00 1.700000000e+00 1.700000000e+00 1.700000000e+00 1.700000000e+00
 1.700000000e+00 1.700000000e+00 1.700000000e+00 1.700000000e+00 1.700000000e+00
 1.700000000e+00 1.700000000e+00 1.700000000e+00 1.700000000e+00 1.700000000e+00
 1.700000000e+00 1.700000000e+00 1.700000000e+00 1.700000000e+00 1.700000000e+00
 1.700000000e+00 1.700000000e+00 1.700000000e+00 1.700000000e+00 1.700000000e+00
 1.700000000e+00 1.700000000e+00 1.700000000e+00 1.700000000e+00 1.700000000e+00
 1.700000000e+00 1.700000000e+00 1.700000000e+00 1.700000000e+00 1.700000000e+00
 1.700000000e+00 1.700000000e+00 1.700000000e+00 1.700000000e+00 1.700000000e+00
 1.700000000e+00 1.700000000e+00 1.700000000e+00 1.700000000e+00 1.700000000e+00
 1.700000000e+00 1.700000000e+00 1.700000000e+00 1.700000000e+00 1.700000000e+00
 1.700000000e+00 1.700000000e+00 1.700000000e+00 1.700000000e+00 1.700000000e+00
 1.700000000e+00 1.700000000e+00 1.700000000e+00 1.700000000e+00 1.700000000e+00
 1.700000000e+00 1.700000000e+00 1.700000000e+00 1.700000000e+00 1.700000000e+00
 1.700000000e+00 1.700000000e+00 1.700000000e+00 1.700000000e+00 1.700000000e+00
 1.700000000e+00 1.700000000e+00 1.700000000e+00 1.700000000e+00 1.700000000e+00
 1.700000000e+00 1.700000000e+00 1.700000000e+00 1.700000000e+00 1.700000000e+00
 1.700000000e+00 1.700000000e+00 1.700000000e+00 1.700000000e+00 1.700000000e+00
 1.700000000e+00 1.700000000e+00 1.700000000e+00 1.700000000e+00 1.700000000e+00
 1.700000000e+00 1.700000000e+00 1.700000000e+00 1.700000000e+00 1.700000000e+00
 1.700000000e+00
 4.496684509e+13 4.496571524e+13 4.495945410e+13 4.494349288e+13 4.491622352e+13
 4.487782428e+13 4.482847340e+13 4.476834914e+13 4.469762976e+13 4.461649351e+13
 4.452511865e+13 4.442368343e+13 4.431236610e+13 4.419134492e+13 4.406079814e+13
 4.392090401e+13 4.377184080e+13 4.361378675e+13 4.344692013e+13 4.327141917e+13
 4.308746214e+13 4.289522729e+13 4.269489288e+13 4.248663716e+13 4.227063839e+13
 4.204707481e+13 4.181612468e+13 4.157796627e+13 4.133277781e+13 4.108073757e+13
 4.082202380e+13 4.055681475e+13 4.028528868e+13 4.000762384e+13 3.972399849e+13
 3.943459088e+13 3.913957927e+13 3.883914190e+13 3.853345704e+13 3.822270293e+13
 3.790705784e+13 3.758670001e+13 3.726180771e+13 3.693255917e+13 3.659913267e+13
 3.626170645e+13 3.592045877e+13 3.557556788e+13 3.522721203e+13 3.487556948e+13
 3.452081849e+13 3.416313731e+13 3.380270419e+13 3.343969738e+13 3.307429515e+13
 3.270667574e+13 3.233701741e+13 3.196549842e+13 3.159229701e+13 3.121759144e+13
 3.084155997e+13 3.046438086e+13 3.008623234e+13 2.970729269e+13 2.932774015e+13
 2.894775297e+13 2.856750942e+13 2.818718774e+13 2.780696620e+13 2.742702303e+13
 2.704753651e+13 2.666868488e+13 2.629064639e+13 2.591359931e+13 2.553772188e+13
 2.516319237e+13 2.479018901e+13 2.441889008e+13 2.404947381e+13 2.368211848e+13
 2.331700232e+13 2.295430360e+13 2.259420057e+13 2.223687148e+13 2.188249459e+13
 2.153124815e+13 2.118331041e+13 2.083885964e+13 2.049807408e+13 2.016113199e+13
 1.982821163e+13 1.949949124e+13 1.917514908e+13 1.885536341e+13 1.854031247e+13
 1.823017453e+13 1.792512784e+13 1.762532454e+13 1.734373192e+13 1.715143778e+13
 1.709216122e+13
 5.321253317e+00 5.315869387e+00 5.298996397e+00 5.274595249e+00 5.247386803e+00
 5.217448569e+00 5.184858058e+00 5.149692779e+00 5.112030242e+00 5.071947958e+00
 5.029523436e+00 4.984834187e+00 4.937957720e+00 4.888971546e+00 4.837953175e+00
 4.784980116e+00 4.730129881e+00 4.673479978e+00 4.615107918e+00 4.555091211e+00
 4.493507367e+00 4.430433897e+00 4.365948309e+00 4.300128115e+00 4.233050823e+00
 4.164793946e+00 4.095434991e+00 4.025051469e+00 3.953720891e+00 3.881520766e+00
 3.808528605e+00 3.734821916e+00 3.660478210e+00 3.585574996e+00 3.510189785e+00
 3.434400086e+00 3.358283407e+00 3.281917259e+00 3.205379148e+00 3.128746585e+00
 3.052097075e+00 2.975508125e+00 2.899057241e+00 2.822821926e+00 2.746879682e+00
 2.671308006e+00 2.596184392e+00 2.521586330e+00 2.447591302e+00 2.374276779e+00
 2.301720221e+00 2.229999072e+00 2.159190752e+00 2.089372653e+00 2.020622129e+00
 1.953016482e+00 1.886632949e+00 1.821548680e+00 1.757840707e+00 1.695585917e+00
 1.634860996e+00 1.575742376e+00 1.518306151e+00 1.462627980e+00 1.408782942e+00
 1.356845368e+00 1.306888602e+00 1.258984689e+00 1.213203961e+00 1.169614480e+00
 1.128281277e+00 1.089265321e+00 1.052622093e+00 1.018399603e+00 9.866356262e-01
 9.573538264e-01 9.305583223e-01 9.062261136e-01 8.842966560e-01 8.646578365e-01
 8.471278234e-01 8.314330612e-01 8.171845239e-01 8.038578030e-01 7.907878241e-01
 7.771947072e-01 7.622592729e-01 7.452576592e-01 7.257383912e-01 7.036876879e-01
 6.796046633e-01 6.544285498e-01 6.293282270e-01 6.054369575e-01 5.836370067e-01
 5.644576299e-01 5.480852021e-01 5.344420622e-01 5.232851051e-01 5.142918718e-01
 5.102932488e-01
