&OUTTORAY
  NRHO = 101 
  RHO = 0.0 0.01 0.02 0.03 0.04 0.05 0.060000000000000005 0.07 0.08  
    0.09 0.09999999999999999 0.10999999999999999 0.11999999999999998  
    0.12999999999999998 0.13999999999999999 0.15 0.16 0.17  
    0.18000000000000002 0.19000000000000003 0.20000000000000004  
    0.21000000000000005 0.22000000000000006 0.23000000000000007  
    0.24000000000000007 0.25000000000000006 0.26000000000000006  
    0.2700000000000001 0.2800000000000001 0.2900000000000001  
    0.3000000000000001 0.3100000000000001 0.3200000000000001  
    0.3300000000000001 0.34000000000000014 0.35000000000000014  
    0.36000000000000015 0.37000000000000016 0.38000000000000017  
    0.3900000000000002 0.4000000000000002 0.4100000000000002  
    0.4200000000000002 0.4300000000000002 0.4400000000000002  
    0.45000000000000023 0.46000000000000024 0.47000000000000025  
    0.48000000000000026 0.49000000000000027 0.5000000000000002  
    0.5100000000000002 0.5200000000000002 0.5300000000000002  
    0.5400000000000003 0.5500000000000003 0.5600000000000003  
    0.5700000000000003 0.5800000000000003 0.5900000000000003  
    0.6000000000000003 0.6100000000000003 0.6200000000000003  
    0.6300000000000003 0.6400000000000003 0.6500000000000004  
    0.6600000000000004 0.6700000000000004 0.6800000000000004  
    0.6900000000000004 0.7000000000000004 0.7100000000000004  
    0.7200000000000004 0.7300000000000004 0.7400000000000004  
    0.7500000000000004 0.7600000000000005 0.7700000000000005  
    0.7800000000000005 0.7900000000000005 0.8000000000000005  
    0.8100000000000005 0.8200000000000005 0.8300000000000005  
    0.8400000000000005 0.8500000000000005 0.8600000000000005  
    0.8700000000000006 0.8800000000000006 0.8900000000000006  
    0.9000000000000006 0.9100000000000006 0.9200000000000006  
    0.9300000000000006 0.9400000000000006 0.9500000000000006  
    0.9600000000000006 0.9700000000000006 0.9800000000000006  
    0.9900000000000007 1.0000000000000007 
  JEC = 0.0 0.0 0.0 -0.007562751847651167 -0.03042275538183811  
    -0.05584810837727653 -0.07584620505748325 -0.09833504140187284  
    -0.13342023585567128 -0.19152104936215908 -0.36170440698388256  
    -0.547451124137837 -0.662856949257027 -0.787958554121428  
    -0.9127194867008569 -1.039810219834339 -1.2680048433310185  
    -1.4430692043476951 -1.429463983919179 -1.3721874127957336  
    -1.2899249441642615 -1.1738527066311635 -1.0064296601642038  
    -0.7803634839526575 -0.526036036601901 -0.30534766411071546  
    -0.15856031475174542 -0.0762602193207115 -0.033585227544914165  
    -0.0122549313996549 -0.003494953580204352 -0.0006619666965836475  
    -1.4435043292349004e-05 0.0 0.0 0.0 0.0 0.0 0.0 0.0 0.0 0.0 0.0 0.0  
    0.0 0.0 0.0 0.0 0.0 0.0 0.0 0.0 0.0 0.0 0.0 0.0 0.0 0.0 0.0 0.0 0.0  
    0.0 0.0 0.0 0.0 0.0 0.0 0.0 0.0 0.0 0.0 0.0 0.0 0.0 0.0 0.0 0.0 0.0  
    0.0 0.0 0.0 0.0 0.0 0.0 0.0 0.0 0.0 0.0 0.0 0.0 0.0 0.0 0.0 0.0 0.0  
    0.0 0.0 0.0 0.0 0.0 0.0 
  QEC = 1.1836993641413575e-06 1.1836993641413575e-06  
    1.970378560199173e-06 0.005626512529784485 0.02514878304978594  
    0.0511552421944429 0.07636358109681889 0.10660965791973621  
    0.15155578033128153 0.2249716906344517 0.4306100125660226  
    0.6910392037073934 0.9075559289852981 1.1458947970334585  
    1.400434165035209 1.6762442760942733 2.104887581495733  
    2.5136921594813613 2.689433705326726 2.7435291026369195  
    2.702983739207689 2.5712775842485205 2.3198497167753027  
    1.9137303466485542 1.378887099492272 0.8510309438012742  
    0.46259211257154853 0.2319227526649825 0.10950847489087477  
    0.044165669734259796 0.013916106833727968 0.0029050706636564944  
    6.707409737906955e-05 1.5724072105288533e-08 1.1484996710637861e-08  
    8.266770593452945e-09 5.859274368726799e-09 4.086249936610432e-09  
    2.801653664889454e-09 1.8866292768389064e-09 1.2479197565070156e-09  
    8.112277498674061e-10 5.169691220333044e-10 3.227707491537453e-10  
    1.972805476310561e-10 1.1801723553204635e-10 6.913522310469865e-11  
    3.953102071188648e-11 2.2014920914722604e-11 1.1922166152056348e-11  
    6.2841952519560195e-12 3.212902292148995e-12 1.5899335444875903e-12  
    7.562015335726539e-13 3.3742216918771797e-13 1.4138739568748805e-13  
    5.5505600083206535e-14 1.633338321260642e-14 2.1746603815379317e-15  
    0.0 0.0 0.0 0.0 0.0 0.0 0.0 0.0 0.0 0.0 0.0 0.0 0.0 0.0 0.0 0.0 0.0  
    0.0 0.0 0.0 0.0 0.0 0.0 0.0 0.0 0.0 0.0 0.0 0.0 0.0 0.0 0.0 0.0 0.0  
    0.0 0.0 0.0 0.0 0.0 0.0 0.0 0.0 
  IEC = -0.04572168893229802 
  PEC = 0.9994699245538319 
/

