r	R 18/18	R 19/18	R 20/18	R 21/18	I 18/18	I 19/18	I 20/18	I 21/18
 0.000000E+00	 0.00000000E+00	 0.00000000E+00	 0.00000000E+00	 0.00000000E+00	 0.00000000E+00	 0.00000000E+00	 0.00000000E+00	 0.00000000E+00
 5.000000E-03	 1.70567636E-32	 2.44878307E-32	-6.21070358E-33	 6.39264859E-33	 1.04587122E-31	-3.26328303E-33	-4.02871227E-32	-2.36433327E-33
 1.000000E-02	 2.57658904E-31	 1.39532508E-30	-9.19040662E-32	-2.95011027E-31	 1.48920040E-30	-2.65337438E-31	-8.19363715E-31	-2.39705632E-32
 1.500000E-02	 1.55254657E-30	 2.38284455E-29	-1.30186388E-30	-6.26206372E-30	 1.26023669E-29	-5.47200969E-30	-1.35683942E-29	 2.56818254E-31
 2.000000E-02	 9.87968971E-30	 2.66998826E-28	-1.70988608E-29	-7.53076013E-29	 1.32918189E-28	-6.09682025E-29	-1.73717453E-28	 4.45270785E-30
 2.500000E-02	 1.09721276E-28	 2.46104919E-27	-1.79460633E-28	-5.64246254E-28	 1.58552818E-27	-4.60635973E-28	-1.71228667E-27	-2.15211339E-29
 3.000000E-02	 1.38190476E-27	 1.99495393E-26	-1.47076443E-27	-3.74710039E-27	 1.57296854E-26	-1.75435011E-27	-1.20771174E-26	-9.00033765E-28
 3.500000E-02	 1.09789897E-26	 1.29613543E-25	-4.95517153E-27	-1.61220059E-26	 1.26998173E-25	 4.43181575E-27	-6.80373419E-26	-6.96158797E-27
 4.000000E-02	 4.51685898E-26	 6.23722493E-25	 9.70639725E-28	-1.99319643E-26	 8.62668060E-25	 1.26859618E-25	-3.46436183E-25	-3.97929395E-26
 4.500000E-02	 7.83350570E-26	 2.40398162E-24	 4.61004978E-26	 1.03240747E-25	 4.83702698E-24	 1.11864628E-24	-1.42558685E-24	-1.96976165E-25
 5.000000E-02	-1.56399857E-25	 7.41998121E-24	 1.18931439E-25	 9.76745886E-25	 2.27749898E-23	 6.70412153E-24	-4.58230803E-24	-7.27066906E-25
 5.500000E-02	-2.76236974E-24	 1.44245352E-23	-3.36037299E-25	 5.11723758E-24	 8.93014907E-23	 3.23129531E-23	-9.50404712E-24	-1.34953331E-24
 6.000000E-02	-2.35197603E-23	-2.42020171E-23	-8.38888225E-24	 2.10956942E-23	 2.72383019E-22	 1.34953621E-22	 1.07581626E-24	 3.42418731E-24
 6.500000E-02	-1.60120708E-22	-4.07021157E-22	-8.18180281E-23	 6.93065388E-23	 4.57118179E-22	 4.97231663E-22	 1.10076972E-22	 3.90648826E-23
 7.000000E-02	-8.78975169E-22	-2.01604151E-21	-4.48864659E-22	 1.20303466E-22	-1.25035458E-21	 1.49944061E-21	 6.74167829E-22	 2.21082542E-22
 7.500000E-02	-3.70621127E-21	-6.49220253E-21	-1.66088153E-21	-8.25755494E-23	-1.38405830E-20	 3.29988840E-21	 2.71651906E-21	 9.45449463E-22
 8.000000E-02	-1.25201628E-20	-1.59711073E-20	-4.66376359E-21	-1.26158056E-21	-6.58683467E-20	 3.86724176E-21	 8.11086274E-21	 3.16178478E-21
 8.500000E-02	-3.59209636E-20	-3.05136956E-20	-1.00899486E-20	-4.85684501E-21	-2.30438339E-19	-6.77977229E-21	 1.93224318E-20	 8.78281946E-21
 9.000000E-02	-8.95070306E-20	-4.64902784E-20	-1.75005631E-20	-1.28149122E-20	-6.61167102E-19	-5.77798577E-20	 3.66356256E-20	 2.04792348E-20
 9.500000E-02	-1.99376106E-19	-5.71624548E-20	-2.48472876E-20	-2.75815460E-20	-1.65797404E-18	-2.19805665E-19	 5.34851426E-20	 4.13994869E-20
 1.000000E-01	-4.02949896E-19	-8.08769129E-20	-3.88806078E-20	-5.54677271E-20	-3.79921630E-18	-6.47131822E-19	 4.20571458E-20	 7.03130493E-20
 1.050000E-01	-7.65009651E-19	-2.03443127E-19	-9.72667533E-20	-1.16388930E-19	-8.36963312E-18	-1.69079592E-18	-9.85196383E-20	 7.72858417E-20
 1.100000E-01	-1.48754220E-18	-3.69874702E-19	-1.78099054E-19	-2.25014172E-19	-1.84014086E-17	-4.24085184E-18	-6.37355583E-19	-2.83972239E-20
 1.150000E-01	-2.96406038E-18	-1.84443777E-19	-7.83357275E-20	-3.39648935E-19	-3.91843300E-17	-1.00811584E-17	-2.13791474E-18	-4.42609801E-19
 1.200000E-01	-5.65333760E-18	 6.93660373E-19	 4.32291963E-19	-3.87124978E-19	-7.82771452E-17	-2.20734035E-17	-5.65061689E-18	-1.58389713E-18
 1.250000E-01	-1.01975037E-17	 2.34509137E-18	 1.52904142E-18	-2.95664118E-19	-1.48152923E-16	-4.50929385E-17	-1.31080980E-17	-4.29785897E-18
 1.300000E-01	-1.75687535E-17	 4.19574626E-18	 3.14460630E-18	-8.73084381E-20	-2.70712388E-16	-8.76986804E-17	-2.80767931E-17	-1.02760707E-17
 1.350000E-01	-2.96248504E-17	 4.55670445E-18	 4.75206073E-18	 2.00612256E-20	-4.87287046E-16	-1.65541864E-16	-5.75214021E-17	-2.31176384E-17
 1.400000E-01	-5.18011095E-17	 3.70115621E-18	 7.39705252E-18	 5.23546693E-19	-8.76197437E-16	-3.08257049E-16	-1.14657052E-16	-4.98172374E-17
 1.450000E-01	-9.43626992E-17	 4.53813842E-18	 1.44547138E-17	 3.19347230E-18	-1.55404916E-15	-5.61833992E-16	-2.20548805E-16	-1.01904141E-16
 1.500000E-01	-1.72465720E-16	 1.18882717E-17	 3.14738461E-17	 1.13605759E-17	-2.67463899E-15	-9.90931007E-16	-4.05531807E-16	-1.96358290E-16
 1.550000E-01	-3.04501711E-16	 2.91154755E-17	 6.48107880E-17	 2.95854548E-17	-4.42681346E-15	-1.68318074E-15	-7.08204433E-16	-3.53683117E-16
 1.600000E-01	-4.90174038E-16	 1.01007241E-17	 8.87258931E-17	 4.72745597E-17	-7.05212233E-15	-2.74943404E-15	-1.17902550E-15	-6.02812548E-16
 1.650000E-01	-7.34741178E-16	-1.36878818E-16	 4.56780714E-17	 3.78449661E-17	-1.12193642E-14	-4.45494038E-15	-1.94922549E-15	-1.02586264E-15
 1.700000E-01	-1.16389493E-15	-3.69499611E-16	-2.18896718E-17	 2.73327336E-17	-1.83677153E-14	-7.40830504E-15	-3.30262434E-15	-1.78646941E-15
 1.750000E-01	-1.95565881E-15	-5.27910394E-16	 2.33966921E-17	 9.72991129E-17	-2.98960067E-14	-1.23258776E-14	-5.54500694E-15	-3.03658543E-15
 1.800000E-01	-3.11012969E-15	-7.28456918E-16	 1.17356544E-16	 2.30866513E-16	-4.68491100E-14	-1.98352430E-14	-8.93771490E-15	-4.89749110E-15
 1.850000E-01	-4.61483149E-15	-1.36534390E-15	-9.32365857E-18	 3.05925765E-16	-7.19896944E-14	-3.12482004E-14	-1.40784333E-14	-7.69106185E-15
 1.900000E-01	-6.75089305E-15	-2.68705506E-15	-4.98275211E-16	 2.73798627E-16	-1.10948894E-13	-4.92327184E-14	-2.21771367E-14	-1.20462741E-14
 1.950000E-01	-9.99576691E-15	-4.85870830E-15	-1.40843099E-15	 1.38468709E-16	-1.71441723E-13	-7.76720030E-14	-3.49818913E-14	-1.88146933E-14
 2.000000E-01	-1.50579041E-14	-8.06070050E-15	-2.76765564E-15	-7.05095169E-17	-2.63914975E-13	-1.22061098E-13	-5.49890404E-14	-2.91525938E-14
 2.050000E-01	-2.28654414E-14	-1.24619829E-14	-4.55823088E-15	-2.96976708E-16	-4.01316203E-13	-1.89628706E-13	-8.55395130E-14	-4.45208636E-14
 2.100000E-01	-3.43217606E-14	-1.83828441E-14	-6.89661504E-15	-5.60551722E-16	-5.98947673E-13	-2.89528362E-13	-1.30981570E-13	-6.67559301E-14
 2.150000E-01	-5.03729715E-14	-2.62549934E-14	-9.98525042E-15	-9.23509897E-16	-8.76003610E-13	-4.33854346E-13	-1.97210753E-13	-9.83001963E-14
 2.200000E-01	-7.16643316E-14	-3.70807381E-14	-1.46144902E-14	-1.82495612E-15	-1.25599945E-12	-6.38033394E-13	-2.91994551E-13	-1.42377822E-13
 2.250000E-01	-9.88629748E-14	-5.22573852E-14	-2.20127081E-14	-4.01629604E-15	-1.77198956E-12	-9.23782697E-13	-4.26589853E-13	-2.03894055E-13
 2.300000E-01	-1.33670040E-13	-7.24520686E-14	-3.25891876E-14	-7.76793733E-15	-2.46824990E-12	-1.32091570E-12	-6.16839224E-13	-2.89889540E-13
 2.350000E-01	-1.78221672E-13	-9.81065339E-14	-4.64090637E-14	-1.31346854E-14	-3.39477716E-12	-1.86519571E-12	-8.82415653E-13	-4.09135749E-13
 2.400000E-01	-2.33966126E-13	-1.30619118E-13	-6.45710800E-14	-2.08545578E-14	-4.60867820E-12	-2.59926336E-12	-1.24764959E-12	-5.72840692E-13
 2.450000E-01	-3.02395152E-13	-1.71541444E-13	-8.83961692E-14	-3.18749211E-14	-6.18066552E-12	-3.57663685E-12	-1.74401235E-12	-7.96277961E-13
 2.500000E-01	-3.87063615E-13	-2.20443466E-13	-1.16805375E-13	-4.55074159E-14	-8.19330834E-12	-4.86262043E-12	-2.41090683E-12	-1.09881937E-12
 2.550000E-01	-4.87687534E-13	-2.79231629E-13	-1.52104901E-13	-6.33843917E-14	-1.07264350E-11	-6.52918942E-12	-3.29251279E-12	-1.50059258E-12
 2.600000E-01	-5.76594405E-13	-3.72906390E-13	-2.29997161E-13	-1.12561594E-13	-1.38964661E-11	-8.67199740E-12	-4.44676682E-12	-2.02957644E-12
 2.650000E-01	-6.27578621E-13	-5.33893105E-13	-3.97591281E-13	-2.30764990E-13	-1.80771953E-11	-1.15393129E-11	-6.01815324E-12	-2.76516370E-12
 2.700000E-01	-7.11894968E-13	-7.25221476E-13	-5.95510539E-13	-3.72835753E-13	-2.38396263E-11	-1.55343997E-11	-8.24662414E-12	-3.83618186E-12
 2.750000E-01	-9.16084561E-13	-8.80061188E-13	-7.18075652E-13	-4.53012120E-13	-3.12802440E-11	-2.08148978E-11	-1.12462121E-11	-5.29574351E-12
 2.800000E-01	-1.13678567E-12	-1.05494689E-12	-8.61790031E-13	-5.48197406E-13	-4.01965283E-11	-2.73280863E-11	-1.50094845E-11	-7.13629079E-12
 2.850000E-01	-1.23042428E-12	-1.36052631E-12	-1.21149946E-12	-8.13074863E-13	-5.12835561E-11	-3.55611352E-11	-1.98344350E-11	-9.53101332E-12
 2.900000E-01	-1.33192049E-12	-1.74577509E-12	-1.66479738E-12	-1.16138864E-12	-6.58282758E-11	-4.64577302E-11	-2.63045914E-11	-1.28079019E-11
 2.950000E-01	-1.65023154E-12	-2.08591527E-12	-1.98897779E-12	-1.38876513E-12	-8.41112470E-11	-6.03805532E-11	-3.46870003E-11	-1.71081760E-11
 3.000000E-01	-2.08299303E-12	-2.41835349E-12	-2.26128884E-12	-1.55846393E-12	-1.05793186E-10	-7.72378328E-11	-4.49725681E-11	-2.24245970E-11
 3.050000E-01	-2.44412099E-12	-2.85008711E-12	-2.68851749E-12	-1.85238425E-12	-1.31555643E-10	-9.75799107E-11	-5.75254304E-11	-2.89745246E-11
 3.100000E-01	-2.84349905E-12	-3.34786529E-12	-3.18533345E-12	-2.19003621E-12	-1.62628536E-10	-1.22387516E-10	-7.29859891E-11	-3.71312351E-11
 3.150000E-01	-3.47351402E-12	-3.82106194E-12	-3.54824314E-12	-2.37863204E-12	-1.99349047E-10	-1.52073599E-10	-9.16627362E-11	-4.70672854E-11
 3.200000E-01	-4.24431987E-12	-4.29612117E-12	-3.84194544E-12	-2.47484194E-12	-2.41569695E-10	-1.86667791E-10	-1.13614169E-10	-5.88131701E-11
 3.250000E-01	-4.96982934E-12	-4.85307355E-12	-4.25172485E-12	-2.65236316E-12	-2.90012606E-10	-2.26785420E-10	-1.39243601E-10	-7.26024724E-11
 3.300000E-01	-5.62953203E-12	-5.50748180E-12	-4.81047017E-12	-2.94284151E-12	-3.45960894E-10	-2.73481601E-10	-1.69228153E-10	-8.88207305E-11
 3.350000E-01	-6.22686898E-12	-6.25751651E-12	-5.51692748E-12	-3.34553615E-12	-4.10651370E-10	-3.27833156E-10	-2.04257747E-10	-1.07841482E-10
 3.400000E-01	-6.58994989E-12	-7.16818378E-12	-6.54352779E-12	-4.02885449E-12	-4.85662237E-10	-3.91188736E-10	-2.45180804E-10	-1.30117141E-10
 3.450000E-01	-6.54746206E-12	-8.33417511E-12	-8.10896602E-12	-5.20517337E-12	-5.73764355E-10	-4.65793374E-10	-2.93402868E-10	-1.56426782E-10
 3.500000E-01	-6.38333473E-12	-9.72329856E-12	-1.00339715E-11	-6.68273731E-12	-6.78536407E-10	-5.54617118E-10	-3.50808233E-10	-1.87801963E-10
 3.550000E-01	-6.32984934E-12	-1.12946313E-11	-1.21460530E-11	-8.27413421E-12	-8.02178848E-10	-6.59754518E-10	-4.18741793E-10	-2.24881029E-10
 3.600000E-01	-5.21877337E-12	-1.34101280E-11	-1.55587560E-11	-1.11099431E-11	-9.47522234E-10	-7.83736857E-10	-4.98779497E-10	-2.68402210E-10
 3.650000E-01	-1.73208833E-12	-1.65606518E-11	-2.16644774E-11	-1.65928341E-11	-1.12484940E-09	-9.34738971E-10	-5.96058367E-10	-3.21236414E-10
 3.700000E-01	 2.41496125E-12	-2.05067226E-11	-2.92000311E-11	-2.33223339E-11	-1.34832278E-09	-1.12427614E-09	-7.17915665E-10	-3.87508918E-10
 3.750000E-01	 4.46650320E-12	-2.46642710E-11	-3.57960530E-11	-2.87399058E-11	-1.62222194E-09	-1.35629067E-09	-8.66826123E-10	-4.68441453E-10
 3.800000E-01	 3.96094774E-12	-2.90075032E-11	-4.10749310E-11	-3.23914440E-11	-1.94530228E-09	-1.63008188E-09	-1.04212372E-09	-5.63413911E-10
 3.850000E-01	 1.74881678E-12	-3.38732684E-11	-4.58909071E-11	-3.51156472E-11	-2.31887760E-09	-1.94688760E-09	-1.24424408E-09	-6.72360954E-10
 3.900000E-01	 1.13684110E-12	-4.02145827E-11	-5.33335386E-11	-4.00984144E-11	-2.74757115E-09	-2.31028979E-09	-1.47492050E-09	-7.95928147E-10
 3.950000E-01	 5.16630388E-12	-4.91801578E-11	-6.66134115E-11	-5.05596585E-11	-3.25416094E-09	-2.73775662E-09	-1.74451453E-09	-9.39879133E-10
 4.000000E-01	 8.16521229E-12	-5.99287073E-11	-8.12488327E-11	-6.15350153E-11	-3.86862492E-09	-3.25291322E-09	-2.06725064E-09	-1.11207078E-09
 4.050000E-01	 2.20161527E-12	-7.06435023E-11	-9.00935096E-11	-6.53985677E-11	-4.58913984E-09	-3.85450957E-09	-2.44139479E-09	-1.31079079E-09
 4.100000E-01	-1.09795604E-11	-8.16544668E-11	-9.44768277E-11	-6.36076902E-11	-5.39805598E-09	-4.52789175E-09	-2.85632131E-09	-1.52914625E-09
 4.150000E-01	-2.49724084E-11	-9.48459778E-11	-1.00491876E-10	-6.24771940E-11	-6.29947435E-09	-5.27558453E-09	-3.31197607E-09	-1.76611606E-09
 4.200000E-01	-2.96830636E-11	-1.13639875E-10	-1.18206110E-10	-7.20775354E-11	-7.31685326E-09	-6.11490257E-09	-3.81702736E-09	-2.02556448E-09
 4.250000E-01	-1.81943099E-11	-1.41691870E-10	-1.55948384E-10	-1.00195118E-10	-8.52443568E-09	-7.10114684E-09	-4.40266865E-09	-2.32466788E-09
 4.300000E-01	-1.38377849E-11	-1.74893413E-10	-1.94359026E-10	-1.26000817E-10	-1.00126478E-08	-8.30329098E-09	-5.10775509E-09	-2.68416733E-09
 4.350000E-01	-4.35011040E-11	-2.05845208E-10	-2.07940999E-10	-1.23307376E-10	-1.17451868E-08	-9.69335903E-09	-5.91106935E-09	-3.08871295E-09
 4.400000E-01	-8.00697289E-11	-2.41672432E-10	-2.21129886E-10	-1.17040420E-10	-1.36421506E-08	-1.12057194E-08	-6.76718976E-09	-3.50973157E-09
 4.450000E-01	-8.74317203E-11	-2.96359110E-10	-2.71662203E-10	-1.43890231E-10	-1.58126614E-08	-1.29152157E-08	-7.71336065E-09	-3.96751445E-09
 4.500000E-01	-1.00086210E-10	-3.64194560E-10	-3.31175931E-10	-1.73675342E-10	-1.84370994E-08	-1.49527355E-08	-8.81821068E-09	-4.49854713E-09
 4.550000E-01	-1.65993669E-10	-4.29962715E-10	-3.52323663E-10	-1.59473411E-10	-2.14737781E-08	-1.72825730E-08	-1.00505211E-08	-5.07986889E-09
 4.600000E-01	-2.53562056E-10	-5.02726860E-10	-3.63979274E-10	-1.29889454E-10	-2.47983146E-08	-1.98011901E-08	-1.13379979E-08	-5.66655082E-09
 4.650000E-01	-3.15969084E-10	-6.03766641E-10	-4.17466784E-10	-1.32569039E-10	-2.85355539E-08	-2.25850325E-08	-1.27086606E-08	-6.27214534E-09
 4.700000E-01	-3.88815179E-10	-7.27407088E-10	-4.83432207E-10	-1.36998285E-10	-3.29080704E-08	-2.57831031E-08	-1.42269564E-08	-6.92787881E-09
 4.750000E-01	-5.19797355E-10	-8.56364739E-10	-5.12705586E-10	-9.65575434E-11	-3.78983556E-08	-2.93699709E-08	-1.58567285E-08	-7.60442288E-09
 4.800000E-01	-6.57600517E-10	-1.01446000E-09	-5.60596241E-10	-6.02944978E-11	-4.34291100E-08	-3.32685285E-08	-1.75298531E-08	-8.25619644E-09
 4.850000E-01	-7.46800061E-10	-1.24321945E-09	-7.01978688E-10	-8.89674687E-11	-4.98205407E-08	-3.76721220E-08	-1.93131826E-08	-8.91574109E-09
 4.900000E-01	-8.99691321E-10	-1.50644995E-09	-8.27107323E-10	-8.06456894E-11	-5.75143329E-08	-4.28568854E-08	-2.13034096E-08	-9.62545130E-09
 4.950000E-01	-1.23431022E-09	-1.73503281E-09	-7.91705704E-10	 8.48604213E-11	-6.62440158E-08	-4.86059176E-08	-2.33427235E-08	-1.02819405E-08
 5.000000E-01	-1.57601277E-09	-2.01880635E-09	-7.94199025E-10	 2.39352433E-10	-7.55465592E-08	-5.45548725E-08	-2.52046434E-08	-1.07540736E-08
 5.050000E-01	-1.72594074E-09	-2.53368741E-09	-1.12682172E-09	 1.64109907E-10	-8.62939360E-08	-6.12338737E-08	-2.70699366E-08	-1.11287231E-08
 5.100000E-01	-1.89461505E-09	-3.23197099E-09	-1.60090473E-09	 3.87274990E-11	-9.99458242E-08	-6.95539910E-08	-2.92413314E-08	-1.15301711E-08
 5.150000E-01	-2.35369354E-09	-3.94837035E-09	-1.88047809E-09	 1.31838596E-10	-1.16518820E-07	-7.94463656E-08	-3.15509188E-08	-1.18242782E-08
 5.200000E-01	-2.97098284E-09	-4.78124232E-09	-2.13887256E-09	 3.14817629E-10	-1.35506132E-07	-9.04758482E-08	-3.36701056E-08	-1.18083320E-08
 5.250000E-01	-3.54561457E-09	-5.98553696E-09	-2.73105305E-09	 3.59876442E-10	-1.57903573E-07	-1.03147090E-07	-3.56093223E-08	-1.14438338E-08
 5.300000E-01	-4.17387023E-09	-7.64889349E-09	-3.65611018E-09	 3.23968170E-10	-1.85527601E-07	-1.18435936E-07	-3.74628423E-08	-1.07012723E-08
 5.350000E-01	-5.06898804E-09	-9.73110043E-09	-4.71923485E-09	 3.90809869E-10	-2.19750349E-07	-1.36960281E-07	-3.90934846E-08	-9.43090335E-09
 5.400000E-01	-6.52983999E-09	-1.20176000E-08	-5.52245234E-09	 8.34759599E-10	-2.61562264E-07	-1.59059067E-07	-4.01880035E-08	-7.38268116E-09
 5.450000E-01	-8.72403903E-09	-1.42698426E-08	-5.73989356E-09	 1.83618909E-09	-3.10284243E-07	-1.84098184E-07	-4.01107838E-08	-4.13132922E-09
 5.500000E-01	-1.10883378E-08	-1.71992359E-08	-6.33895935E-09	 2.85534681E-09	-3.64975166E-07	-2.11257116E-07	-3.81778641E-08	 7.26475854E-10
 5.550000E-01	-1.32237280E-08	-2.19477382E-08	-8.51606225E-09	 3.39103058E-09	-4.30490085E-07	-2.42871428E-07	-3.42745019E-08	 7.36925235E-09
 5.600000E-01	-1.63059008E-08	-2.75693167E-08	-1.06367584E-08	 4.46076590E-09	-5.13881816E-07	-2.82399223E-07	-2.81234137E-08	 1.62426571E-08
 5.650000E-01	-2.13694232E-08	-3.20507721E-08	-1.02968298E-08	 7.17545262E-09	-6.12107105E-07	-3.27812040E-07	-1.83969755E-08	 2.82025918E-08
 5.700000E-01	-2.71545379E-08	-3.67323398E-08	-9.44452071E-09	 1.04900204E-08	-7.17919875E-07	-3.74806795E-07	-3.72705624E-09	 4.38128238E-08
 5.750000E-01	-3.25072634E-08	-4.48085237E-08	-1.14297244E-08	 1.31561288E-08	-8.38205599E-07	-4.26324581E-07	 1.67027752E-08	 6.36058747E-08
 5.800000E-01	-3.88244978E-08	-5.55314060E-08	-1.45792320E-08	 1.62527013E-08	-9.86561390E-07	-4.88606127E-07	 4.42779352E-08	 8.88451463E-08
 5.850000E-01	-4.75630032E-08	-6.58964933E-08	-1.53756056E-08	 2.11859073E-08	-1.16336969E-06	-5.61157052E-07	 8.09341142E-08	 1.20795932E-07
 5.900000E-01	-5.82294318E-08	-7.60608561E-08	-1.42435669E-08	 2.76391836E-08	-1.36251451E-06	-6.40201380E-07	 1.28383358E-07	 1.60184974E-07
 5.950000E-01	-7.00781353E-08	-8.82538180E-08	-1.34142182E-08	 3.49232021E-08	-1.58584698E-06	-7.25788578E-07	 1.88644696E-07	 2.08100841E-07
 6.000000E-01	-8.29149929E-08	-1.05010818E-07	-1.49083550E-08	 4.28305303E-08	-1.84074092E-06	-8.20453977E-07	 2.64565058E-07	 2.66316233E-07
 6.050000E-01	-9.71648336E-08	-1.29238593E-07	-2.05029947E-08	 5.16516114E-08	-2.14276538E-06	-9.30246226E-07	 3.60722787E-07	 3.37921641E-07
 6.100000E-01	-1.14490879E-07	-1.60957121E-07	-2.87103454E-08	 6.26553526E-08	-2.51380503E-06	-1.06377620E-06	 4.83969894E-07	 4.27713797E-07
 6.150000E-01	-1.36402707E-07	-1.98433184E-07	-3.67536168E-08	 7.70987388E-08	-2.96699066E-06	-1.22537026E-06	 6.41550369E-07	 5.40400513E-07
 6.200000E-01	-1.63410194E-07	-2.42936457E-07	-4.48878256E-08	 9.55204719E-08	-3.51271261E-06	-1.41780396E-06	 8.41488302E-07	 6.80871234E-07
 6.250000E-01	-1.96082711E-07	-2.98150938E-07	-5.50653854E-08	 1.18552743E-07	-4.16951196E-06	-1.64710366E-06	 1.09471692E-06	 8.55935357E-07
 6.300000E-01	-2.35270513E-07	-3.70714192E-07	-7.10830532E-08	 1.47315491E-07	-4.96511204E-06	-1.92278678E-06	 1.41613185E-06	 1.07484705E-06
 6.350000E-01	-2.83034139E-07	-4.68762837E-07	-9.66334164E-08	 1.83957495E-07	-5.94857395E-06	-2.26279799E-06	 1.82826926E-06	 1.35151502E-06
 6.400000E-01	-3.43696731E-07	-5.91117309E-07	-1.26304146E-07	 2.31603839E-07	-7.18342412E-06	-2.69109658E-06	 2.36132115E-06	 1.70485464E-06
 6.450000E-01	-4.20565347E-07	-7.31639027E-07	-1.51704154E-07	 2.92419667E-07	-8.70732652E-06	-3.22146550E-06	 3.04294324E-06	 2.15197723E-06
 6.500000E-01	-5.14367517E-07	-8.99289111E-07	-1.77719834E-07	 3.68076201E-07	-1.05496500E-05	-3.86457848E-06	 3.90112010E-06	 2.70952350E-06
 6.550000E-01	-6.27706448E-07	-1.11115984E-06	-2.13298421E-07	 4.62088022E-07	-1.27866305E-05	-4.65090639E-06	 4.98043031E-06	 3.40419433E-06
 6.600000E-01	-7.66467231E-07	-1.36733897E-06	-2.51670639E-07	 5.78164670E-07	-1.55208804E-05	-5.62457751E-06	 6.33838306E-06	 4.27196004E-06
 6.650000E-01	-9.34827568E-07	-1.66081236E-06	-2.82286597E-07	 7.18027153E-07	-1.88210657E-05	-6.82111349E-06	 8.02594620E-06	 5.34784665E-06
 6.700000E-01	-1.13386866E-06	-2.01653711E-06	-3.20697542E-07	 8.85623110E-07	-2.27515435E-05	-8.27901314E-06	 1.00947146E-05	 6.66925817E-06
 6.750000E-01	-1.36921224E-06	-2.47624591E-06	-3.89841078E-07	 1.08963607E-06	-2.74854280E-05	-1.00870514E-05	 1.26387667E-05	 8.30119270E-06
 6.800000E-01	-1.65240318E-06	-3.03091310E-06	-4.68874529E-07	 1.33430578E-06	-3.32585459E-05	-1.23735827E-05	 1.57810188E-05	 1.03327024E-05
 6.850000E-01	-1.98943670E-06	-3.63763348E-06	-5.17228689E-07	 1.61497941E-06	-4.01852380E-05	-1.52358360E-05	 1.95962660E-05	 1.28319205E-05
 6.900000E-01	-2.37883228E-06	-4.28591433E-06	-5.25779094E-07	 1.92669094E-06	-4.82975975E-05	-1.87538042E-05	 2.41183666E-05	 1.58500102E-05
 6.950000E-01	-2.81806252E-06	-4.99965409E-06	-5.11762269E-07	 2.26912431E-06	-5.76550934E-05	-2.30373776E-05	 2.93856057E-05	 1.94550304E-05
 7.000000E-01	-3.30195702E-06	-5.90148327E-06	-5.69393692E-07	 2.65666530E-06	-6.83800739E-05	-2.82427765E-05	 3.54564525E-05	 2.37375954E-05
 7.050000E-01	-3.84255640E-06	-7.16505608E-06	-8.12206607E-07	 3.11721282E-06	-8.10321159E-05	-3.47578693E-05	 4.25772742E-05	 2.89152179E-05
 7.100000E-01	-4.47687987E-06	-8.69834463E-06	-1.12295234E-06	 3.64566074E-06	-9.64280337E-05	-4.31779947E-05	 5.11005427E-05	 3.53167345E-05
 7.150000E-01	-5.21178610E-06	-1.02718433E-05	-1.31159498E-06	 4.20283569E-06	-1.14680817E-04	-5.38564120E-05	 6.10307699E-05	 4.31053740E-05
 7.200000E-01	-6.00480322E-06	-1.21077735E-05	-1.58982933E-06	 4.79097748E-06	-1.35605576E-04	-6.70248874E-05	 7.22052225E-05	 5.23376042E-05
 7.250000E-01	-6.84946822E-06	-1.46526707E-05	-2.29823350E-06	 5.44701381E-06	-1.60216443E-04	-8.36054215E-05	 8.49827608E-05	 6.34088561E-05
 7.300000E-01	-7.82610908E-06	-1.76373971E-05	-3.10968788E-06	 6.15431841E-06	-1.90095752E-04	-1.05078383E-04	 9.99054052E-05	 7.69445192E-05
 7.350000E-01	-8.96312441E-06	-2.04264626E-05	-3.46856747E-06	 6.84836483E-06	-2.24948806E-04	-1.32080539E-04	 1.16529184E-04	 9.29981457E-05
 7.400000E-01	-1.01146887E-05	-2.34824850E-05	-3.90825456E-06	 7.47909990E-06	-2.63568298E-04	-1.64663340E-04	 1.33937065E-04	 1.11212710E-04
 7.450000E-01	-1.11708065E-05	-2.78684195E-05	-5.38690339E-06	 8.01088534E-06	-3.07596477E-04	-2.04771912E-04	 1.52463346E-04	 1.32106074E-04
 7.500000E-01	-1.22790347E-05	-3.32739998E-05	-7.40646044E-06	 8.44611271E-06	-3.60137246E-04	-2.55950390E-04	 1.72846766E-04	 1.56731538E-04
 7.550000E-01	-1.35685966E-05	-3.86467839E-05	-8.89044710E-06	 8.79691629E-06	-4.21040153E-04	-3.20006717E-04	 1.94077615E-04	 1.84922536E-04
 7.600000E-01	-1.48025168E-05	-4.44123405E-05	-1.04523117E-05	 8.88175893E-06	-4.88534127E-04	-3.97558036E-04	 2.14347805E-04	 2.15661602E-04
 7.650000E-01	-1.57142005E-05	-5.17060856E-05	-1.32832068E-05	 8.41610291E-06	-5.64149725E-04	-4.92129990E-04	 2.33063198E-04	 2.48805762E-04
 7.700000E-01	-1.66116294E-05	-5.97684458E-05	-1.61883549E-05	 7.59854577E-06	-6.50515187E-04	-6.09265102E-04	 2.49520673E-04	 2.84289899E-04
 7.750000E-01	-1.78656685E-05	-6.69348517E-05	-1.71884760E-05	 6.87288196E-06	-7.44550160E-04	-7.49982343E-04	 2.60394040E-04	 3.19504627E-04
 7.800000E-01	-1.86514302E-05	-7.43697910E-05	-1.83344032E-05	 5.42703467E-06	-8.40549389E-04	-9.12041526E-04	 2.61704509E-04	 3.50357366E-04
 7.850000E-01	-1.77893353E-05	-8.47333521E-05	-2.32094776E-05	 1.68955408E-06	-9.41217574E-04	-1.10222655E-03	 2.52254228E-04	 3.75196505E-04
 7.900000E-01	-1.59170193E-05	-9.71330480E-05	-2.97630038E-05	-3.84939841E-06	-1.05269502E-03	-1.33429044E-03	 2.30414118E-04	 3.92373328E-04
 7.950000E-01	-1.43817069E-05	-1.08604523E-04	-3.34533372E-05	-9.40966960E-06	-1.17015311E-03	-1.61119450E-03	 1.90493355E-04	 3.94949535E-04
 8.000000E-01	-1.28097896E-05	-1.18867731E-04	-3.44958967E-05	-1.52027912E-05	-1.28277678E-03	-1.92710444E-03	 1.26140458E-04	 3.73056382E-04
 8.050000E-01	-1.00886843E-05	-1.29072951E-04	-3.51204298E-05	-2.25823765E-05	-1.38401657E-03	-2.28106222E-03	 3.26889505E-05	 3.17144835E-04
 8.100000E-01	-6.04704474E-06	-1.39017543E-04	-3.50683090E-05	-3.16981564E-05	-1.46800979E-03	-2.67377095E-03	-9.43038289E-05	 2.16436461E-04
 8.150000E-01	-3.79903681E-07	-1.48099867E-04	-3.39965773E-05	-4.27876852E-05	-1.52599516E-03	-3.10086467E-03	-2.59026525E-04	 5.85514791E-05
 8.200000E-01	 1.10082428E-05	-1.56891506E-04	-3.68412190E-05	-6.11451704E-05	-1.55004975E-03	-3.55853584E-03	-4.64470715E-04	-1.69398348E-04
 8.250000E-01	 3.30749717E-05	-1.65913927E-04	-4.79266641E-05	-9.33430993E-05	-1.54206588E-03	-4.07193502E-03	-7.16802926E-04	-4.85487177E-04
 8.300000E-01	 5.76859321E-05	-1.73517311E-04	-5.44608193E-05	-1.28936630E-04	-1.49862624E-03	-4.67815533E-03	-1.03014427E-03	-9.22562444E-04
 8.350000E-01	 7.08625332E-05	-1.77498294E-04	-4.10560869E-05	-1.49756527E-04	-1.38254514E-03	-5.32484211E-03	-1.40593223E-03	-1.50695615E-03
 8.400000E-01	 8.27478196E-05	-1.75213287E-04	-1.97143394E-05	-1.67437307E-04	-1.15708300E-03	-5.90621860E-03	-1.82161060E-03	-2.23314020E-03
 8.450000E-01	 1.15920246E-04	-1.62437709E-04	-7.63365922E-06	-2.08219971E-04	-8.20461235E-04	-6.42850520E-03	-2.27201056E-03	-3.11457910E-03
 8.500000E-01	 1.64506968E-04	-1.40270447E-04	 4.18092066E-06	-2.64962388E-04	-3.62720741E-04	-6.95264527E-03	-2.77676196E-03	-4.21006376E-03
 8.550000E-01	 2.08571884E-04	-1.13777795E-04	 2.78833572E-05	-3.15458065E-04	 2.49768555E-04	-7.42362525E-03	-3.32687770E-03	-5.53993485E-03
 8.600000E-01	 2.59184204E-04	-7.27575645E-05	 6.03893575E-05	-3.68461338E-04	 1.03849904E-03	-7.73800376E-03	-3.88849866E-03	-7.07171519E-03
 8.650000E-01	 3.41183369E-04	 1.80582596E-06	 1.02999628E-04	-4.43249859E-04	 2.03348332E-03	-7.89549490E-03	-4.46577230E-03	-8.84538668E-03
 8.700000E-01	 4.31376387E-04	 8.84128344E-05	 1.52952075E-04	-5.23447892E-04	 3.30751011E-03	-7.90090326E-03	-5.08128901E-03	-1.09655080E-02
 8.750000E-01	 4.86639759E-04	 1.45108283E-04	 1.85551356E-04	-5.83650063E-04	 4.87487491E-03	-7.56166152E-03	-5.66084211E-03	-1.33084534E-02
 8.800000E-01	 5.63240658E-04	 2.46621878E-04	 2.35521521E-04	-6.37953127E-04	 6.64021427E-03	-6.68961630E-03	-6.08928962E-03	-1.55604564E-02
 8.850000E-01	 7.67291430E-04	 5.36522436E-04	 4.11633666E-04	-7.01731614E-04	 8.75055186E-03	-5.40842513E-03	-6.46341242E-03	-1.79637956E-02
 8.900000E-01	 1.02881936E-03	 8.95065173E-04	 6.26159454E-04	-7.76728644E-04	 1.16877574E-02	-3.71247538E-03	-6.94318790E-03	-2.11431232E-02
 8.950000E-01	 1.17460295E-03	 1.02340442E-03	 5.95634539E-04	-8.93501238E-04	 1.53625826E-02	-1.17388354E-03	-7.28595793E-03	-2.44735770E-02
 9.000000E-01	 1.25213435E-03	 1.02811814E-03	 4.06514029E-04	-1.00674960E-03	 1.89539965E-02	 2.27910800E-03	-7.12160844E-03	-2.64483822E-02
 9.050000E-01	 1.46222452E-03	 1.33103708E-03	 4.98587646E-04	-9.58350305E-04	 2.24677649E-02	 6.35177328E-03	-6.54302368E-03	-2.70684803E-02
 9.100000E-01	 1.83765597E-03	 1.99229986E-03	 9.44870987E-04	-6.99890815E-04	 2.69196531E-02	 1.12519712E-02	-5.74707067E-03	-2.72328646E-02
 9.150000E-01	 2.28797760E-03	 2.75501387E-03	 1.46021227E-03	-3.08467950E-04	 3.29384756E-02	 1.74151658E-02	-4.64059132E-03	-2.67669175E-02
 9.200000E-01	 2.79103270E-03	 3.35399808E-03	 1.68349695E-03	-2.68308500E-05	 4.05843756E-02	 2.49846776E-02	-2.83188573E-03	-2.46114923E-02
 9.250000E-01	 3.32994130E-03	 3.48930897E-03	 1.25962343E-03	-1.42620325E-04	 4.88792229E-02	 3.31548770E-02	-1.59384087E-05	-1.92697731E-02
 9.300000E-01	 3.74848996E-03	 3.38604712E-03	 8.20069485E-04	-1.00713613E-04	 5.54486595E-02	 3.97451487E-02	 4.21035464E-03	-9.80107204E-03
 9.350000E-01	 3.98324423E-03	 3.81275292E-03	 1.48319062E-03	 9.87314721E-04	 6.08674729E-02	 4.47285661E-02	 1.04377800E-02	 2.47327198E-03
 9.400000E-01	 4.37874910E-03	 4.63363938E-03	 2.58795700E-03	 2.40002731E-03	 6.89602305E-02	 5.01362223E-02	 1.94066545E-02	 1.74137438E-02
 9.450000E-01	 5.08632789E-03	 4.90294177E-03	 3.03038844E-03	 2.73578781E-03	 7.87119815E-02	 5.35113047E-02	 3.13524905E-02	 3.61227660E-02
 9.500000E-01	 5.58930872E-03	 4.42972533E-03	 2.88385584E-03	 2.07700292E-03	 8.43883860E-02	 5.23973896E-02	 4.56434027E-02	 5.16563420E-02
 9.550000E-01	 5.02329658E-03	 3.11657970E-03	 3.01808882E-03	 2.75301944E-03	 8.27870417E-02	 4.56680494E-02	 6.34103927E-02	 6.34581783E-02
 9.600000E-01	 3.89790225E-03	 5.63680769E-03	 6.93733379E-03	 4.42730065E-03	 8.10953930E-02	 3.33691902E-02	 8.57853230E-02	 6.82542332E-02
 9.650000E-01	 4.43405007E-04	 1.21687909E-03	 7.51618346E-03	 1.09015201E-02	 7.22886759E-02	 4.16067383E-02	 9.72122385E-02	 7.99044456E-02
 9.700000E-01	 9.48283510E-03	 3.02735662E-02	 1.99043970E-02	-7.62415448E-03	 5.93882093E-02	 4.08484392E-02	 1.03769254E-01	 9.72097705E-02
 9.750000E-01	-2.21140954E-02	 1.65414954E-01	 1.85600652E-01	-1.66276865E-02	 8.90356631E-02	 1.27470210E-01	 4.89819551E-02	-2.68464048E-02
 9.800000E-01	 5.02992043E-01	 6.59233134E-01	-3.07504904E-01	-5.84932749E-01	 1.54284433E+00	 1.81458839E+00	-8.61854494E-01	-1.50879727E+00
 9.850000E-01	-3.87954963E-01	-5.23248025E-01	-1.09110034E-01	 2.39189554E-01	 4.56425330E-01	-1.01276346E+00	-1.39524940E-01	 6.04863866E-01
 9.900000E-01	 3.03667927E-01	 7.33694267E-02	-1.05191587E-01	 1.97507465E-02	-6.27133669E-01	 6.42786005E-01	 3.29583683E-01	 1.64498312E-01
 9.950000E-01	 5.52575262E-01	 5.14669942E-01	 4.91436542E-02	 2.37067938E-01	-4.10089281E-01	 7.54806983E-01	 5.12225250E-01	 5.08797582E-01
 1.000000E+00	 6.35544370E-01	 6.61770108E-01	 1.00588732E-01	 3.09506999E-01	-3.37741155E-01	 7.92147308E-01	 5.73105770E-01	 6.23564001E-01
