r	R 18/18	R 19/18	R 20/18	R 21/18	I 18/18	I 19/18	I 20/18	I 21/18
 0.000000E+00	 0.00000000E+00	 0.00000000E+00	 0.00000000E+00	 0.00000000E+00	 0.00000000E+00	 0.00000000E+00	 0.00000000E+00	 0.00000000E+00
 5.000000E-03	-9.06984733E-33	 5.62812146E-33	 1.13793103E-32	 1.01108461E-32	 8.20254013E-36	 1.04850753E-36	 3.26622401E-36	-5.75880756E-37
 1.000000E-02	-4.30404937E-31	-2.63963001E-31	-4.04037162E-31	 4.03929262E-31	-2.92329955E-34	-2.26806063E-35	-1.17216674E-34	 1.04650039E-34
 1.500000E-02	 4.48231663E-30	-1.13981919E-29	-1.78998312E-29	-2.20107686E-30	-7.33998477E-33	-3.10552102E-33	-1.04009830E-32	 3.00026400E-33
 2.000000E-02	 3.07025863E-28	-7.36174846E-29	-1.52666358E-28	-2.18899945E-28	 2.09615385E-34	-7.25964231E-32	-1.85560064E-31	 2.47052850E-32
 2.500000E-02	 4.00746866E-27	 1.86171477E-27	 1.53674076E-27	-3.62184443E-27	 1.17371574E-30	-7.33946804E-31	-1.46721442E-30	-1.94258135E-32
 3.000000E-02	 1.22243051E-26	 4.39560158E-26	 4.67859479E-26	-3.26307848E-26	 1.31449510E-29	-3.54221833E-30	-4.13722804E-30	-1.05371741E-30
 3.500000E-02	-2.65879405E-25	 4.81223809E-25	 5.45736394E-25	-1.91575932E-25	 6.61398709E-29	-7.93747490E-30	 1.78264519E-29	-9.98408331E-31
 4.000000E-02	-4.56011999E-24	 3.51798281E-24	 4.21630201E-24	-7.57865516E-25	 1.18624162E-28	-2.24858445E-29	 2.21745213E-28	 4.92737597E-29
 4.500000E-02	-4.14788950E-23	 1.92292562E-23	 2.47784873E-23	-1.72200724E-24	-7.69486616E-28	-3.13205753E-28	 1.17705544E-27	 4.31885160E-28
 5.000000E-02	-2.74414935E-22	 8.27753629E-23	 1.18373111E-22	 1.34679449E-24	-8.42821917E-27	-2.93715862E-27	 4.12461716E-27	 2.16861573E-27
 5.500000E-02	-1.45998902E-21	 2.86219129E-22	 4.78284640E-22	 3.61995984E-23	-4.66772751E-26	-1.81577864E-26	 8.23557219E-27	 7.50354020E-27
 6.000000E-02	-6.57651719E-21	 7.82843151E-22	 1.67749510E-21	 2.17866854E-22	-1.81443082E-25	-8.29741789E-26	-1.21421859E-26	 1.45456534E-26
 6.500000E-02	-2.59019322E-20	 1.52658876E-21	 5.19715728E-21	 9.23855520E-22	-5.00189993E-25	-2.95922357E-25	-2.02773768E-25	-1.85284651E-26
 7.000000E-02	-9.12203053E-20	 8.99460448E-22	 1.43829575E-20	 3.19306577E-21	-8.30486301E-25	-8.53711664E-25	-1.03968431E-24	-2.84277784E-25
 7.500000E-02	-2.92073865E-19	-9.20848905E-21	 3.57491039E-20	 9.47067367E-21	 2.27992098E-25	-1.97461943E-24	-3.62807175E-24	-1.36534870E-24
 8.000000E-02	-8.61229620E-19	-5.79388907E-20	 7.96944909E-20	 2.46468139E-20	 7.65458807E-24	-3.37679497E-24	-9.98449267E-24	-4.64245724E-24
 8.500000E-02	-2.36275517E-18	-2.33229281E-19	 1.57404993E-19	 5.66264383E-20	 3.46015258E-23	-2.68403812E-24	-2.28443383E-23	-1.28399108E-23
 9.000000E-02	-6.08162281E-18	-7.70782755E-19	 2.65585487E-19	 1.13710668E-19	 1.10174981E-22	 8.94301636E-24	-4.46940049E-23	-3.08879446E-23
 9.500000E-02	-1.47887686E-17	-2.24780724E-18	 3.40460489E-19	 1.91590976E-19	 2.92187404E-22	 5.71101185E-23	-7.50232413E-23	-6.73434848E-23
 1.000000E-01	-3.41739439E-17	-5.97804301E-18	 1.43969476E-19	 2.33713408E-19	 6.89131681E-22	 2.09079379E-22	-1.05271493E-22	-1.38195123E-22
 1.050000E-01	-7.54183622E-17	-1.47731126E-17	-9.86084791E-19	 3.21620083E-20	 1.49994404E-21	 6.24201486E-22	-1.03792945E-22	-2.69577677E-22
 1.100000E-01	-1.59645675E-16	-3.43406684E-17	-4.63946551E-18	-9.91924264E-19	 3.04925942E-21	 1.61939774E-21	 4.57597660E-23	-4.74317170E-22
 1.150000E-01	-3.25369158E-16	-7.57461451E-17	-1.42822006E-17	-4.23397730E-18	 5.73681046E-21	 3.76131012E-21	 6.59436746E-22	-7.02563169E-22
 1.200000E-01	-6.40596304E-16	-1.59592667E-16	-3.69483785E-17	-1.27494217E-17	 9.86310970E-21	 8.04617267E-21	 2.38570311E-21	-7.97354298E-22
 1.250000E-01	-1.22197705E-15	-3.22890537E-16	-8.61177314E-17	-3.27582837E-17	 1.52975983E-20	 1.61580742E-20	 6.42477996E-21	-4.00600821E-22
 1.300000E-01	-2.26430854E-15	-6.30014313E-16	-1.86408656E-16	-7.61905624E-17	 2.07927757E-20	 3.08071223E-20	 1.49135448E-20	 1.24137940E-21
 1.350000E-01	-4.08508078E-15	-1.18977125E-15	-3.80967345E-16	-1.64795172E-16	 2.26874371E-20	 5.60822573E-20	 3.15304198E-20	 5.67529402E-21
 1.400000E-01	-7.19036974E-15	-2.18142551E-15	-7.42753332E-16	-3.36495324E-16	 1.23483923E-20	 9.73005027E-20	 6.25089538E-20	 1.61547461E-20
 1.450000E-01	-1.23705460E-14	-3.89366945E-15	-1.39134842E-15	-6.54844649E-16	-2.87625227E-20	 1.60154472E-19	 1.17838843E-19	 3.89187214E-20
 1.500000E-01	-2.08368394E-14	-6.78204563E-15	-2.51748892E-15	-1.22260985E-15	-1.37198300E-19	 2.48826474E-19	 2.12381266E-19	 8.48280218E-20
 1.550000E-01	-3.44125367E-14	-1.15522315E-14	-4.41827636E-15	-2.20065487E-15	-3.79968506E-19	 3.62657586E-19	 3.66777852E-19	 1.71224412E-19
 1.600000E-01	-5.57982373E-14	-1.92798291E-14	-7.54719828E-15	-3.83355761E-15	-8.70299997E-19	 4.94785557E-19	 6.06701030E-19	 3.21634375E-19
 1.650000E-01	-8.89326528E-14	-3.15802277E-14	-1.25847273E-14	-6.48362791E-15	-1.78428867E-18	 6.27171148E-19	 9.61338700E-19	 5.67819169E-19
 1.700000E-01	-1.39475985E-13	-5.08467170E-14	-2.05375371E-14	-1.06755209E-14	-3.39239375E-18	 7.01103861E-19	 1.46434082E-18	 9.63825229E-19
 1.750000E-01	-2.15446983E-13	-8.05803052E-14	-3.28776361E-14	-1.71545446E-14	-6.12243474E-18	 5.76517327E-19	 2.14948222E-18	 1.59453228E-18
 1.800000E-01	-3.28047220E-13	-1.25839585E-13	-5.17363202E-14	-2.69630081E-14	-1.06247698E-17	 2.02036196E-20	 3.02786367E-18	 2.55413104E-18
 1.850000E-01	-4.92730007E-13	-1.93851706E-13	-8.01741827E-14	-4.15421933E-14	-1.78123923E-17	-1.31139969E-18	 4.05491564E-18	 3.92493068E-18
 1.900000E-01	-7.30546831E-13	-2.94826703E-13	-1.22556836E-13	-6.28710080E-14	-2.89229307E-17	-3.95127347E-18	 5.10142210E-18	 5.78433484E-18
 1.950000E-01	-1.06980256E-12	-4.43020775E-13	-1.85070058E-13	-9.36566418E-14	-4.56299534E-17	-8.72469755E-18	 5.91270520E-18	 8.19836191E-18
 2.000000E-01	-1.54808343E-12	-6.58108754E-13	-2.76415763E-13	-1.37599517E-13	-7.01664766E-17	-1.68537594E-17	 6.03815094E-18	 1.11840190E-17
 2.050000E-01	-2.21469538E-12	-9.66924873E-13	-4.08740859E-13	-1.99762545E-13	-1.05461656E-16	-3.00792972E-17	 4.74048714E-18	 1.46541118E-17
 2.100000E-01	-3.13353749E-12	-1.40562667E-12	-5.98854482E-13	-2.87082327E-13	-1.55294394E-16	-5.07836274E-17	 8.91753787E-19	 1.83375156E-17
 2.150000E-01	-4.38641821E-12	-2.02233120E-12	-8.69789863E-13	-4.09066131E-13	-2.24450001E-16	-8.21264480E-17	-7.14639351E-18	 2.16824618E-17
 2.200000E-01	-6.07690449E-12	-2.88029949E-12	-1.25276812E-12	-5.78724240E-13	-3.18884180E-16	-1.28162843E-16	-2.16466804E-17	 2.37278288E-17
 2.250000E-01	-8.33468053E-12	-4.06170718E-12	-1.78962886E-12	-8.13793467E-13	-4.45869546E-16	-1.93972539E-16	-4.56463079E-17	 2.29717142E-17
 2.300000E-01	-1.13204321E-11	-5.67203576E-12	-2.53577078E-12	-1.13830197E-12	-6.14189919E-16	-2.85927158E-16	-8.30953319E-17	 1.73031626E-17
 2.350000E-01	-1.52313235E-11	-7.84513976E-12	-3.56364106E-12	-1.58451766E-12	-8.34433845E-16	-4.11991950E-16	-1.39015674E-16	 3.91630187E-18
 2.400000E-01	-2.03070864E-11	-1.07490190E-11	-4.96680429E-12	-2.19531214E-12	-1.11928513E-15	-5.81897257E-16	-2.19652140E-16	-2.08626899E-17
 2.450000E-01	-2.68366177E-11	-1.45922549E-11	-6.86459050E-12	-3.02695204E-12	-1.48377707E-15	-8.07354236E-16	-3.32638642E-16	-6.16986054E-17
 2.500000E-01	-3.51652807E-11	-1.96311820E-11	-9.40730607E-12	-4.15229940E-12	-1.94565105E-15	-1.10264717E-15	-4.87280528E-16	-1.24191612E-16
 2.550000E-01	-4.57029078E-11	-2.61778078E-11	-1.27820071E-11	-5.66439278E-12	-2.52590707E-15	-1.48499734E-15	-6.94697543E-16	-2.14954404E-16
 2.600000E-01	-5.89324578E-11	-3.46084402E-11	-1.72187903E-11	-7.68035048E-12	-3.24900491E-15	-1.97241313E-15	-9.66842681E-16	-3.42466598E-16
 2.650000E-01	-7.54198946E-11	-4.53732904E-11	-2.29976411E-11	-1.03455443E-11	-4.14180040E-15	-2.58194614E-15	-1.31575261E-15	-5.17108872E-16
 2.700000E-01	-9.58253445E-11	-5.90071602E-11	-3.04559460E-11	-1.38380431E-11	-5.23362969E-15	-3.33768475E-15	-1.75724752E-15	-7.47981967E-16
 2.750000E-01	-1.20915275E-10	-7.61410108E-11	-3.99965836E-11	-1.83732656E-11	-6.56089200E-15	-4.27953156E-15	-2.31506204E-15	-1.04184770E-15
 2.800000E-01	-1.51576397E-10	-9.75147290E-11	-5.20966800E-11	-2.42088369E-11	-8.16977629E-15	-5.45118737E-15	-3.01552485E-15	-1.40954736E-15
 2.850000E-01	-1.88830916E-10	-1.23990930E-10	-6.73169811E-11	-3.16495869E-11	-1.01106329E-14	-6.88532791E-15	-3.88114008E-15	-1.86941623E-15
 2.900000E-01	-2.33853257E-10	-1.56569830E-10	-8.63118132E-11	-4.10526978E-11	-1.24344481E-14	-8.62105981E-15	-4.94008020E-15	-2.44004874E-15
 2.950000E-01	-2.87988958E-10	-1.96405879E-10	-1.09840212E-10	-5.28334201E-11	-1.52004227E-14	-1.07270372E-14	-6.23836552E-15	-3.13728700E-15
 3.000000E-01	-3.52773830E-10	-2.44824202E-10	-1.38776787E-10	-6.74707690E-11	-1.84818840E-14	-1.32855794E-14	-7.83144512E-15	-3.98364605E-15
 3.050000E-01	-4.29959931E-10	-3.03340461E-10	-1.74123692E-10	-8.55138260E-11	-2.23609870E-14	-1.63691474E-14	-9.77201594E-15	-5.01383381E-15
 3.100000E-01	-5.21547995E-10	-3.73684983E-10	-2.17024306E-10	-1.07588958E-10	-2.69242546E-14	-2.00550745E-14	-1.21198619E-14	-6.26917888E-15
 3.150000E-01	-6.29820543E-10	-4.57827398E-10	-2.68776105E-10	-1.34406709E-10	-3.22674220E-14	-2.44479920E-14	-1.49557793E-14	-7.79515340E-15
 3.200000E-01	-7.57387576E-10	-5.58009456E-10	-3.30846143E-10	-1.66769819E-10	-3.85010053E-14	-2.96684567E-14	-1.83738468E-14	-9.64678061E-15
 3.250000E-01	-9.07233052E-10	-6.76777405E-10	-4.04883784E-10	-2.05579119E-10	-4.57482758E-14	-3.58336774E-14	-2.24687235E-14	-1.18905767E-14
 3.300000E-01	-1.08276616E-09	-8.17017783E-10	-4.92733627E-10	-2.51838039E-10	-5.41423141E-14	-4.30643529E-14	-2.73403549E-14	-1.46001506E-14
 3.350000E-01	-1.28788242E-09	-9.82001871E-10	-5.96453988E-10	-3.06658141E-10	-6.38280175E-14	-5.14978622E-14	-3.31018895E-14	-1.78531608E-14
 3.400000E-01	-1.52702201E-09	-1.17542834E-09	-7.18336966E-10	-3.71263271E-10	-7.49651096E-14	-6.12826920E-14	-3.98730726E-14	-2.17312572E-14
 3.450000E-01	-1.80523610E-09	-1.40146998E-09	-8.60934824E-10	-4.46994347E-10	-8.77274700E-14	-7.25713310E-14	-4.77740242E-14	-2.63196908E-14
 3.500000E-01	-2.12825095E-09	-1.66481889E-09	-1.02709111E-09	-5.35314441E-10	-1.02298930E-13	-8.55436066E-14	-5.69456880E-14	-3.17081456E-14
 3.550000E-01	-2.50254467E-09	-1.97074455E-09	-1.21998417E-09	-6.37820963E-10	-1.18879595E-13	-1.00427770E-13	-6.75644168E-14	-3.79959906E-14
 3.600000E-01	-2.93543389E-09	-2.32515391E-09	-1.44316574E-09	-7.56260001E-10	-1.37702699E-13	-1.17435593E-13	-7.97818339E-14	-4.52939116E-14
 3.650000E-01	-3.43519516E-09	-2.73466652E-09	-1.70058780E-09	-8.92542420E-10	-1.59028423E-13	-1.36694157E-13	-9.36744359E-14	-5.37159546E-14
 3.700000E-01	-4.01123798E-09	-3.20671994E-09	-1.99661712E-09	-1.04876119E-09	-1.83115879E-13	-1.58366000E-13	-1.09361130E-13	-6.33821381E-14
 3.750000E-01	-4.67428285E-09	-3.74967406E-09	-2.33602414E-09	-1.22719674E-09	-2.10231949E-13	-1.82803617E-13	-1.27138603E-13	-7.44458303E-14
 3.800000E-01	-5.43654038E-09	-4.37291859E-09	-2.72397729E-09	-1.43031370E-09	-2.40678607E-13	-2.10482703E-13	-1.47426093E-13	-8.71176292E-14
 3.850000E-01	-6.31190653E-09	-5.08700657E-09	-3.16609853E-09	-1.66076431E-09	-2.74793699E-13	-2.41867077E-13	-1.70646669E-13	-1.01657450E-13
 3.900000E-01	-7.31617186E-09	-5.90380876E-09	-3.66858059E-09	-1.92139871E-09	-3.12964142E-13	-2.77287873E-13	-1.97096893E-13	-1.18339454E-13
 3.950000E-01	-8.46723225E-09	-6.83663762E-09	-4.23825180E-09	-2.21525013E-09	-3.55613047E-13	-3.16874322E-13	-2.26884007E-13	-1.37421505E-13
 4.000000E-01	-9.78539051E-09	-7.90042303E-09	-4.88256348E-09	-2.54551231E-09	-4.03132971E-13	-3.60882933E-13	-2.60252156E-13	-1.59171822E-13
 4.050000E-01	-1.12937311E-08	-9.11193292E-09	-5.60959271E-09	-2.91551736E-09	-4.55910504E-13	-4.10073582E-13	-2.97910121E-13	-1.83942240E-13
 4.100000E-01	-1.30186546E-08	-1.04900020E-08	-6.42802531E-09	-3.32868448E-09	-5.14427793E-13	-4.65415954E-13	-3.40746658E-13	-2.12201570E-13
 4.150000E-01	-1.49903306E-08	-1.20556898E-08	-7.34707146E-09	-3.78842531E-09	-5.79264000E-13	-5.27594993E-13	-3.89397112E-13	-2.44487380E-13
 4.200000E-01	-1.72430712E-08	-1.38324010E-08	-8.37635014E-09	-4.29803050E-09	-6.51062923E-13	-5.96753160E-13	-4.44009204E-13	-2.81313444E-13
 4.250000E-01	-1.98160324E-08	-1.58462855E-08	-9.52591544E-09	-4.86061545E-09	-7.30464265E-13	-6.72494382E-13	-5.04274501E-13	-3.23114893E-13
 4.300000E-01	-2.27541313E-08	-1.81267412E-08	-1.08062815E-08	-5.47904936E-09	-8.17953323E-13	-7.54999938E-13	-5.70483918E-13	-3.70343039E-13
 4.350000E-01	-2.61088475E-08	-2.07067545E-08	-1.22283095E-08	-6.15581701E-09	-9.14005939E-13	-8.46072623E-13	-6.44370372E-13	-4.23648579E-13
 4.400000E-01	-2.99391942E-08	-2.36232920E-08	-1.38030365E-08	-6.89283274E-09	-1.01944850E-12	-9.47388403E-13	-7.27437812E-13	-4.83894125E-13
 4.450000E-01	-3.43129617E-08	-2.69178020E-08	-1.55414542E-08	-7.69119743E-09	-1.13527898E-12	-1.05848315E-12	-8.19336540E-13	-5.51980061E-13
 4.500000E-01	-3.93081459E-08	-3.06367638E-08	-1.74542151E-08	-8.55089600E-09	-1.26221248E-12	-1.17882866E-12	-9.19852214E-13	-6.28765104E-13
 4.550000E-01	-4.50146704E-08	-3.48322889E-08	-1.95512131E-08	-9.47039530E-09	-1.40093542E-12	-1.31045809E-12	-1.03097759E-12	-7.15191826E-13
 4.600000E-01	-5.15365000E-08	-3.95627618E-08	-2.18409758E-08	-1.04461137E-08	-1.55263485E-12	-1.45575172E-12	-1.15478334E-12	-8.12445037E-13
 4.650000E-01	-5.89940442E-08	-4.48934913E-08	-2.43298994E-08	-1.14718003E-08	-1.71873147E-12	-1.61449199E-12	-1.29113335E-12	-9.21931029E-13
 4.700000E-01	-6.75272558E-08	-5.08975893E-08	-2.70213274E-08	-1.25377905E-08	-1.90042148E-12	-1.78605701E-12	-1.43973969E-12	-1.04504918E-12
 4.750000E-01	-7.72990417E-08	-5.76567912E-08	-2.99143494E-08	-1.36301173E-08	-2.09906492E-12	-1.97230383E-12	-1.60226274E-12	-1.18307938E-12
 4.800000E-01	-8.84989593E-08	-6.52623088E-08	-3.30024274E-08	-1.47295512E-08	-2.31662646E-12	-2.17474523E-12	-1.77980714E-12	-1.33755156E-12
 4.850000E-01	-1.01347844E-07	-7.38160665E-08	-3.62718866E-08	-1.58105465E-08	-2.55506136E-12	-2.39128103E-12	-1.97077735E-12	-1.51058741E-12
 4.900000E-01	-1.16103199E-07	-8.34322227E-08	-3.97001715E-08	-1.68400583E-08	-2.81595090E-12	-2.62112163E-12	-2.17491369E-12	-1.70414065E-12
 4.950000E-01	-1.33064844E-07	-9.42386515E-08	-4.32537110E-08	-1.77761384E-08	-3.10192259E-12	-2.87002902E-12	-2.39628092E-12	-1.91917254E-12
 5.000000E-01	-1.52581358E-07	-1.06378745E-07	-4.68854114E-08	-1.85662809E-08	-3.41718733E-12	-3.14168855E-12	-2.63649292E-12	-2.15749070E-12
 5.050000E-01	-1.75057864E-07	-1.20014168E-07	-5.05320194E-08	-1.91455159E-08	-3.76483250E-12	-3.42799447E-12	-2.88957114E-12	-2.42401777E-12
 5.100000E-01	-2.00964851E-07	-1.35327916E-07	-5.41107234E-08	-1.94339312E-08	-4.14586514E-12	-3.72003263E-12	-3.15056218E-12	-2.72394254E-12
 5.150000E-01	-2.30848806E-07	-1.52528440E-07	-5.75154143E-08	-1.93338216E-08	-4.56299680E-12	-4.02177459E-12	-3.42249932E-12	-3.05883774E-12
 5.200000E-01	-2.65345841E-07	-1.71855206E-07	-6.06120099E-08	-1.87259013E-08	-5.02192684E-12	-4.33980077E-12	-3.70840786E-12	-3.43019409E-12
 5.250000E-01	-3.05195641E-07	-1.93583543E-07	-6.32317540E-08	-1.74642357E-08	-5.52734036E-12	-4.66874220E-12	-4.00447582E-12	-3.84483404E-12
 5.300000E-01	-3.51256108E-07	-2.18029005E-07	-6.51628167E-08	-1.53701300E-08	-6.08124277E-12	-4.99695475E-12	-4.30525880E-12	-4.31299445E-12
 5.350000E-01	-4.04526051E-07	-2.45555144E-07	-6.61401870E-08	-1.22247490E-08	-6.68567695E-12	-5.31785947E-12	-4.60920346E-12	-4.84375017E-12
 5.400000E-01	-4.66170952E-07	-2.76583705E-07	-6.58350511E-08	-7.76119672E-09	-7.34642014E-12	-5.63632376E-12	-4.91923562E-12	-5.44087244E-12
 5.450000E-01	-5.37549365E-07	-3.11604934E-07	-6.38419753E-08	-1.65524254E-09	-8.07698260E-12	-5.96893845E-12	-5.23886716E-12	-6.10076121E-12
 5.500000E-01	-6.20248154E-07	-3.51190545E-07	-5.96613630E-08	 6.48710990E-09	-8.89296097E-12	-6.31738426E-12	-5.56225501E-12	-6.82947376E-12
 5.550000E-01	-7.16120143E-07	-3.96005918E-07	-5.26791748E-08	 1.71431213E-08	-9.79617031E-12	-6.64569923E-12	-5.87629063E-12	-7.66137882E-12
 5.600000E-01	-8.27332947E-07	-4.46822813E-07	-4.21388156E-08	 3.08905497E-08	-1.07841722E-11	-6.93086612E-12	-6.17911663E-12	-8.62343136E-12
 5.650000E-01	-9.56423887E-07	-5.04528042E-07	-2.71031642E-08	 4.84276239E-08	-1.18852670E-11	-7.21527301E-12	-6.47522416E-12	-9.68872921E-12
 5.700000E-01	-1.10635355E-06	-5.70132161E-07	-6.41526659E-09	 7.05920403E-08	-1.31488663E-11	-7.53682086E-12	-6.74953882E-12	-1.08300304E-11
 5.750000E-01	-1.28058863E-06	-6.44793777E-07	 2.13496233E-08	 9.83860966E-08	-1.45937879E-11	-7.84768182E-12	-6.97721225E-12	-1.20981576E-11
 5.800000E-01	-1.48319373E-06	-7.29851645E-07	 5.79354967E-08	 1.33004210E-07	-1.62156149E-11	-8.08529493E-12	-7.15038195E-12	-1.35635063E-11
 5.850000E-01	-1.71892053E-06	-8.26858030E-07	 1.05462340E-07	 1.75863624E-07	-1.80469230E-11	-8.26516248E-12	-7.26212062E-12	-1.52184692E-11
 5.900000E-01	-1.99331325E-06	-9.37617358E-07	 1.66497772E-07	 2.28642657E-07	-2.01615902E-11	-8.43383635E-12	-7.28123445E-12	-1.70154692E-11
 5.950000E-01	-2.31283561E-06	-1.06423670E-06	 2.44140482E-07	 2.93326547E-07	-2.26310132E-11	-8.59246427E-12	-7.16342541E-12	-1.89507726E-11
 6.000000E-01	-2.68502609E-06	-1.20918676E-06	 3.42126568E-07	 3.72264645E-07	-2.55026912E-11	-8.68966059E-12	-6.87284963E-12	-2.10833632E-11
 6.050000E-01	-3.11866987E-06	-1.37537419E-06	 4.64952207E-07	 4.68235725E-07	-2.87950045E-11	-8.63827327E-12	-6.39786887E-12	-2.35270421E-11
 6.100000E-01	-3.62401102E-06	-1.56623794E-06	 6.18022253E-07	 5.84530118E-07	-3.25163559E-11	-8.36115256E-12	-5.74823838E-12	-2.63961440E-11
 6.150000E-01	-4.21299627E-06	-1.78586053E-06	 8.07826504E-07	 7.25046168E-07	-3.67078029E-11	-7.83406925E-12	-4.92420152E-12	-2.97393140E-11
 6.200000E-01	-4.89954105E-06	-2.03909098E-06	 1.04213952E-06	 8.94394082E-07	-4.14429109E-11	-7.05425147E-12	-3.90674120E-12	-3.35730946E-11
 6.250000E-01	-5.69985002E-06	-2.33169822E-06	 1.33026346E-06	 1.09802114E-06	-4.67910328E-11	-5.99102096E-12	-2.68331631E-12	-3.79551338E-11
 6.300000E-01	-6.63281627E-06	-2.67057973E-06	 1.68332004E-06	 1.34237219E-06	-5.27813742E-11	-4.55844511E-12	-1.28370949E-12	-4.30397568E-11
 6.350000E-01	-7.72042413E-06	-3.06401914E-06	 2.11453418E-06	 1.63506164E-06	-5.93706920E-11	-2.61118325E-12	 1.80686616E-13	-4.91054499E-11
 6.400000E-01	-8.98820597E-06	-3.52200683E-06	 2.63953998E-06	 1.98506730E-06	-6.64968653E-11	-4.06164159E-14	 1.55492221E-12	-5.64009314E-11
 6.450000E-01	-1.04658652E-05	-4.05672458E-06	 3.27676818E-06	 2.40302102E-06	-7.41930566E-11	 3.13569313E-12	 2.75455112E-12	-6.49608938E-11
 6.500000E-01	-1.21877063E-05	-4.68316238E-06	 4.04764065E-06	 2.90149778E-06	-8.25361377E-11	 6.89290651E-12	 3.73346670E-12	-7.47916072E-11
 6.550000E-01	-1.41931304E-05	-5.41986050E-06	 4.97670400E-06	 3.49532205E-06	-9.14889713E-11	 1.13292272E-11	 4.32378377E-12	-8.61375446E-11
 6.600000E-01	-1.65273993E-05	-6.28987648E-06	 6.09195500E-06	 4.20202961E-06	-1.00957551E-10	 1.65376509E-11	 4.28350643E-12	-9.92591851E-11
 6.650000E-01	-1.92425960E-05	-7.32243519E-06	 7.42497240E-06	 5.04262457E-06	-1.10971952E-10	 2.24686348E-11	 3.49927143E-12	-1.14120136E-10
 6.700000E-01	-2.23981945E-05	-8.55449317E-06	 9.01076593E-06	 6.04219317E-06	-1.21562030E-10	 2.91272451E-11	 1.87138219E-12	-1.30751775E-10
 6.750000E-01	-2.60619647E-05	-1.00318824E-05	 1.08882613E-05	 7.23038398E-06	-1.32464927E-10	 3.67722168E-11	-1.01699449E-12	-1.49730177E-10
 6.800000E-01	-3.03103911E-05	-1.18112172E-05	 1.30999273E-05	 8.64193958E-06	-1.43306340E-10	 4.56105471E-11	-5.70332955E-12	-1.71579133E-10
 6.850000E-01	-3.52301822E-05	-1.39631380E-05	 1.56918198E-05	 1.03180081E-05	-1.54093892E-10	 5.54506551E-11	-1.22645186E-11	-1.95917828E-10
 6.900000E-01	-4.09191706E-05	-1.65751576E-05	 1.87132050E-05	 1.23068544E-05	-1.65248106E-10	 6.58735077E-11	-2.02644669E-11	-2.21713484E-10
 6.950000E-01	-4.74857749E-05	-1.97546320E-05	 2.22146475E-05	 1.46639253E-05	-1.77272162E-10	 7.65659303E-11	-2.91413555E-11	-2.48017594E-10
 7.000000E-01	-5.50504288E-05	-2.36336972E-05	 2.62473067E-05	 1.74531011E-05	-1.90170677E-10	 8.78323398E-11	-3.88614144E-11	-2.75136955E-10
 7.050000E-01	-6.37459422E-05	-2.83746681E-05	 3.08607966E-05	 2.07472764E-05	-2.02805265E-10	 1.00894625E-10	-5.06284803E-11	-3.05447239E-10
 7.100000E-01	-7.37170609E-05	-3.41749759E-05	 3.61003603E-05	 2.46278786E-05	-2.13879761E-10	 1.16582058E-10	-6.57643737E-11	-3.40595354E-10
 7.150000E-01	-8.51196430E-05	-4.12719310E-05	 4.20042226E-05	 2.91835634E-05	-2.23749532E-10	 1.34117227E-10	-8.36099072E-11	-3.78455281E-10
 7.200000E-01	-9.81190373E-05	-4.99491083E-05	 4.85992601E-05	 3.45083762E-05	-2.33190216E-10	 1.53064372E-10	-1.02807700E-10	-4.17085937E-10
 7.250000E-01	-1.12888120E-04	-6.05440497E-05	 5.58956159E-05	 4.06990360E-05	-2.40737657E-10	 1.75296569E-10	-1.24271115E-10	-4.59400538E-10
 7.300000E-01	-1.29604105E-04	-7.34565761E-05	 6.38796926E-05	 4.78505034E-05	-2.44527281E-10	 2.02092310E-10	-1.49404423E-10	-5.07399452E-10
 7.350000E-01	-1.48443006E-04	-8.91568718E-05	 7.25049889E-05	 5.60488372E-05	-2.46149840E-10	 2.31093689E-10	-1.76095986E-10	-5.55425273E-10
 7.400000E-01	-1.69572069E-04	-1.08192986E-04	 8.16815054E-05	 6.53608478E-05	-2.48231317E-10	 2.60436559E-10	-2.00869233E-10	-5.98104261E-10
 7.450000E-01	-1.93141943E-04	-1.31199700E-04	 9.12655605E-05	 7.58221168E-05	-2.49198607E-10	 2.93315232E-10	-2.23936355E-10	-6.39768108E-10
 7.500000E-01	-2.19272117E-04	-1.58903538E-04	 1.01044429E-04	 8.74180857E-05	-2.45814392E-10	 3.33069971E-10	-2.47268793E-10	-6.85429745E-10
 7.550000E-01	-2.48035498E-04	-1.92124781E-04	 1.10722976E-04	 1.00060302E-04	-2.39152543E-10	 3.77388678E-10	-2.69369948E-10	-7.29707067E-10
 7.600000E-01	-2.79442195E-04	-2.31786003E-04	 1.19908596E-04	 1.13561265E-04	-2.32445430E-10	 4.23160446E-10	-2.86471265E-10	-7.65268111E-10
 7.650000E-01	-3.13411775E-04	-2.78913023E-04	 1.28087283E-04	 1.27596806E-04	-2.25572073E-10	 4.72268129E-10	-2.96837632E-10	-7.93225304E-10
 7.700000E-01	-3.49746485E-04	-3.34620895E-04	 1.34614057E-04	 1.41661074E-04	-2.17698261E-10	 5.25428186E-10	-3.00454319E-10	-8.14184815E-10
 7.750000E-01	-3.88094777E-04	-4.00097403E-04	 1.38697477E-04	 1.55014674E-04	-2.12967462E-10	 5.75390413E-10	-2.96123458E-10	-8.18442380E-10
 7.800000E-01	-4.27916143E-04	-4.76583131E-04	 1.39395147E-04	 1.66631701E-04	-2.16705210E-10	 6.16149682E-10	-2.81067109E-10	-7.98215609E-10
 7.850000E-01	-4.68432596E-04	-5.65314264E-04	 1.35613074E-04	 1.75127264E-04	-2.27989439E-10	 6.53091716E-10	-2.52906891E-10	-7.60006581E-10
 7.900000E-01	-5.08575174E-04	-6.67484085E-04	 1.26095962E-04	 1.78683765E-04	-2.43463989E-10	 6.91952881E-10	-2.11512275E-10	-7.11177501E-10
 7.950000E-01	-5.46924361E-04	-7.84216645E-04	 1.09415347E-04	 1.74968904E-04	-2.65721192E-10	 7.25368611E-10	-1.58758886E-10	-6.45634970E-10
 8.000000E-01	-5.81628319E-04	-9.16432406E-04	 8.39794896E-05	 1.61017559E-04	-3.01183865E-10	 7.40641802E-10	-9.66210353E-11	-5.53698480E-10
 8.050000E-01	-6.10369113E-04	-1.06473115E-03	 4.81292856E-05	 1.33181825E-04	-3.53714480E-10	 7.31205542E-10	-2.65586364E-11	-4.34349709E-10
 8.100000E-01	-6.30310691E-04	-1.22924293E-03	 2.23566019E-07	 8.70882096E-05	-4.24714562E-10	 6.93914226E-10	 4.89086437E-11	-2.92234207E-10
 8.150000E-01	-6.38109122E-04	-1.40941988E-03	-6.11790920E-05	 1.76740285E-05	-5.15720920E-10	 6.24405648E-10	 1.25936139E-10	-1.32469106E-10
 8.200000E-01	-6.29894118E-04	-1.60385842E-03	-1.37203762E-04	-8.07612708E-05	-6.28532896E-10	 5.23290918E-10	 2.06637291E-10	 4.04679675E-11
 8.250000E-01	-6.01151911E-04	-1.81016853E-03	-2.28687931E-04	-2.14607772E-04	-7.63978656E-10	 4.00774436E-10	 3.03445314E-10	 2.24181200E-10
 8.300000E-01	-5.46651567E-04	-2.02470030E-03	-3.36101904E-04	-3.90941840E-04	-9.21400452E-10	 2.57904447E-10	 4.16968845E-10	 4.14661678E-10
 8.350000E-01	-4.60448915E-04	-2.24223151E-03	-4.59367925E-04	-6.17357559E-04	-1.10024903E-09	 7.03236240E-11	 5.17133547E-10	 5.98625896E-10
 8.400000E-01	-3.36078401E-04	-2.45576309E-03	-5.97548510E-04	-9.01489366E-04	-1.30235131E-09	-1.84008551E-10	 5.78492424E-10	 7.61012437E-10
 8.450000E-01	-1.66831224E-04	-2.65629573E-03	-7.48591762E-04	-1.25029199E-03	-1.53149349E-09	-4.95995953E-10	 6.16330737E-10	 8.99480792E-10
 8.500000E-01	 5.41755623E-05	-2.83285421E-03	-9.09457829E-04	-1.66952207E-03	-1.78902868E-09	-8.47796992E-10	 6.52328817E-10	 1.01263308E-09
 8.550000E-01	 3.34068165E-04	-2.97228085E-03	-1.07637232E-03	-2.16338921E-03	-2.07093967E-09	-1.23981900E-09	 6.74396305E-10	 1.08105290E-09
 8.600000E-01	 6.80350917E-04	-3.05888680E-03	-1.24502287E-03	-2.73417713E-03	-2.37494459E-09	-1.67808596E-09	 6.65333452E-10	 1.08718247E-09
 8.650000E-01	 1.10122054E-03	-3.07396375E-03	-1.41062447E-03	-3.38190948E-03	-2.70726634E-09	-2.15740071E-09	 6.36932418E-10	 1.03918520E-09
 8.700000E-01	 1.60544399E-03	-2.99540047E-03	-1.56750962E-03	-4.10308642E-03	-3.06755573E-09	-2.66595715E-09	 5.95722345E-10	 9.33148441E-10
 8.750000E-01	 2.20159439E-03	-2.79828437E-03	-1.70882516E-03	-4.88812716E-03	-3.43361512E-09	-3.19232053E-09	 5.07098414E-10	 7.17656279E-10
 8.800000E-01	 2.89748085E-03	-2.45618361E-03	-1.82686849E-03	-5.71883589E-03	-3.79409729E-09	-3.73196212E-09	 3.48177000E-10	 3.72846652E-10
 8.850000E-01	 3.70018933E-03	-1.94258523E-03	-1.91377270E-03	-6.56657233E-03	-4.18557504E-09	-4.29301905E-09	 1.62226962E-10	-1.82391466E-11
 8.900000E-01	 4.61630284E-03	-1.23218822E-03	-1.96163129E-03	-7.39048571E-03	-4.63439469E-09	-4.86666417E-09	-1.27056125E-11	-4.01528399E-10
 8.950000E-01	 5.65178058E-03	-3.02803095E-04	-1.96184340E-03	-8.13488637E-03	-5.08041543E-09	-5.39495307E-09	-2.24305507E-10	-8.74676600E-10
 9.000000E-01	 6.81141975E-03	 8.61825824E-04	-1.90328443E-03	-8.72578865E-03	-5.44613011E-09	-5.82706265E-09	-5.36947719E-10	-1.51866641E-09
 9.050000E-01	 8.09852018E-03	 2.26668642E-03	-1.77230333E-03	-9.06927081E-03	-5.74765802E-09	-6.19205443E-09	-9.40042739E-10	-2.22708205E-09
 9.100000E-01	 9.51133029E-03	 3.89478370E-03	-1.55080648E-03	-9.05012079E-03	-6.04915214E-09	-6.55540703E-09	-1.39229554E-09	-2.84087135E-09
 9.150000E-01	 1.10528242E-02	 5.70317011E-03	-1.23065497E-03	-8.55052520E-03	-6.36701503E-09	-6.94203449E-09	-1.88410018E-09	-3.31004633E-09
 9.200000E-01	 1.26994675E-02	 7.61132994E-03	-7.55124003E-04	-7.42577993E-03	-6.65013501E-09	-7.32576879E-09	-2.42589128E-09	-3.64848243E-09
 9.250000E-01	 1.44595865E-02	 9.51414961E-03	-1.16354639E-04	-5.59185121E-03	-6.83335381E-09	-7.65407952E-09	-2.95884418E-09	-3.83793512E-09
 9.300000E-01	 1.62565327E-02	 1.12384619E-02	 8.42759337E-04	-2.92141399E-03	-6.84316079E-09	-7.93081196E-09	-3.49004368E-09	-3.88695934E-09
 9.350000E-01	 1.79378194E-02	 1.26232920E-02	 2.41319482E-03	 5.55241740E-04	-6.69145482E-09	-8.30318273E-09	-4.07927250E-09	-3.82570220E-09
 9.400000E-01	 1.94959773E-02	 1.34375007E-02	 4.57952126E-03	 4.61707108E-03	-6.46688918E-09	-8.87179371E-09	-4.66781748E-09	-3.77244063E-09
 9.450000E-01	 2.09720333E-02	 1.32587468E-02	 7.21650326E-03	 9.12206553E-03	-6.23029701E-09	-9.58124253E-09	-4.99039146E-09	-3.89755437E-09
 9.500000E-01	 2.21067020E-02	 1.23580526E-02	 1.05800273E-02	 1.27107260E-02	-5.60520133E-09	-1.04394835E-08	-5.64787985E-09	-4.09581348E-09
 9.550000E-01	 2.18305221E-02	 1.02102692E-02	 1.53039510E-02	 1.57104200E-02	-5.53701172E-09	-1.05533171E-08	-5.56224216E-09	-5.04021633E-09
 9.600000E-01	 2.10905144E-02	 6.57303321E-03	 2.12912701E-02	 1.63807758E-02	-5.40961180E-09	-1.11360955E-08	-4.82260619E-09	-7.05463380E-09
 9.650000E-01	 1.74500663E-02	 8.23446657E-03	 2.35762971E-02	 1.91310049E-02	-5.86818168E-09	-9.05697942E-09	-4.71247644E-09	-6.53588595E-09
 9.700000E-01	 1.52946188E-02	 1.12820631E-02	 2.63300555E-02	 2.25421989E-02	-6.52480612E-09	-6.72449459E-09	-4.84792903E-09	-5.99049974E-09
 9.750000E-01	 3.16141006E-02	 8.12288912E-03	 2.67063548E-03	 1.78799420E-02	-7.65779790E-09	-3.98948359E-09	-5.45173405E-09	-3.97820627E-09
 9.800000E-01	 4.08690030E-01	 2.22096065E-02	-4.43785777E-01	 6.69500807E-03	-8.36622890E-09	 4.90835561E-09	-5.47617683E-09	-2.06084904E-09
 9.850000E-01	 8.64422447E-02	-1.45945227E-02	 1.23890352E-01	-9.26142073E-02	-1.71463802E-09	 8.87954333E-09	-4.89128940E-09	 1.00424479E-08
 9.900000E-01	-1.04012301E-01	-3.25577694E-02	 6.04993974E-03	-6.04005584E-03	-2.35290977E-09	 1.88163872E-09	-3.51928658E-09	 7.60871408E-09
 9.950000E-01	-8.27092089E-02	 4.18464547E-02	-8.71336130E-02	 5.13710448E-02	-5.54367140E-10	-5.64699208E-10	 4.09215902E-10	 1.18160527E-09
 1.000000E+00	 0.00000000E+00	 0.00000000E+00	 0.00000000E+00	 0.00000000E+00	 0.00000000E+00	 0.00000000E+00	 0.00000000E+00	 0.00000000E+00
