r	R 18/18	R 19/18	R 20/18	R 21/18	I 18/18	I 19/18	I 20/18	I 21/18
 0.000000E+00	 0.00000000E+00	 0.00000000E+00	 0.00000000E+00	 0.00000000E+00	 0.00000000E+00	 0.00000000E+00	 0.00000000E+00	 0.00000000E+00
 5.000000E-03	 1.62405530E-35	 1.19371612E-36	 5.86083370E-36	-4.98333521E-36	-2.39113854E-32	-1.38927895E-32	-2.02018581E-32	 1.92347268E-32
 1.000000E-02	 6.11893246E-34	 2.45200304E-34	 7.80155377E-34	-2.14318283E-34	 3.73778326E-31	-9.00005361E-31	-1.34277183E-30	-1.57460510E-31
 1.500000E-02	-3.95311514E-35	 7.64053503E-33	 1.85501456E-32	-2.34790096E-33	 3.41378962E-29	-7.73531612E-30	-1.52464339E-29	-2.08668485E-29
 2.000000E-02	-1.63627740E-31	 9.63267752E-32	 1.82621729E-31	 2.52690141E-33	 5.56219343E-28	 2.45862327E-28	 1.93435082E-28	-4.31014736E-28
 2.500000E-02	-2.19080187E-30	 5.51655903E-31	 6.02028199E-31	 1.52883943E-31	 2.00327020E-27	 6.94817276E-27	 7.03315882E-27	-4.64069307E-27
 3.000000E-02	-1.26975144E-29	 1.36559448E-30	-3.30303089E-30	 1.64088792E-31	-5.22553661E-26	 8.84015287E-26	 9.53117763E-26	-3.14981501E-26
 3.500000E-02	-2.41700997E-29	 4.17456436E-30	-4.49696269E-29	-9.53600911E-30	-1.01539738E-24	 7.33687537E-25	 8.36242509E-25	-1.39693796E-25
 4.000000E-02	 2.05232184E-28	 7.27181435E-29	-2.61717844E-28	-9.27132215E-29	-1.03180250E-23	 4.46565104E-24	 5.47965577E-24	-3.37072230E-25
 4.500000E-02	 2.36753292E-27	 7.68202616E-28	-9.86805246E-28	-5.06951602E-28	-7.52130108E-23	 2.10423623E-23	 2.87500172E-23	 4.65020692E-25
 5.000000E-02	 1.40701291E-26	 5.18202102E-27	-1.99994488E-27	-1.87266609E-27	-4.35738034E-22	 7.82986081E-23	 1.25953116E-22	 9.84984876E-24
 5.500000E-02	 5.81398555E-26	 2.54294358E-26	 4.67381007E-27	-3.63956390E-27	-2.11594603E-21	 2.25430636E-22	 4.73655252E-22	 6.19270071E-23
 6.000000E-02	 1.66361663E-25	 9.59803944E-26	 6.81662570E-26	 7.70021400E-27	-8.90736774E-21	 4.39401145E-22	 1.55754784E-21	 2.76474433E-22
 6.500000E-02	 2.62485867E-25	 2.88322978E-25	 3.60246851E-25	 9.89151622E-26	-3.32823908E-20	 8.41665385E-23	 4.53078660E-21	 1.00210759E-21
 7.000000E-02	-2.75620872E-25	 6.78218443E-25	 1.29462543E-24	 4.81889535E-25	-1.12343968E-19	-4.15718394E-21	 1.17168379E-20	 3.09642817E-21
 7.500000E-02	-3.72500604E-24	 1.10728306E-24	 3.62990756E-24	 1.67379588E-24	-3.47294157E-19	-2.47267026E-20	 2.68437612E-20	 8.32490718E-21
 8.000000E-02	-1.62446127E-23	 4.21298856E-25	 8.34831687E-24	 4.70948220E-24	-9.94048056E-19	-1.00704485E-19	 5.34912080E-20	 1.95378416E-20
 8.500000E-02	-5.16854514E-23	-5.65797405E-24	 1.61185051E-23	 1.14691354E-23	-2.65804269E-18	-3.40712298E-19	 8.76356730E-20	 3.93438810E-20
 9.000000E-02	-1.37870409E-22	-2.97558131E-23	 2.59271959E-23	 2.52678030E-23	-6.68943793E-18	-1.01956420E-18	 9.48216102E-20	 6.37518832E-20
 9.500000E-02	-3.27763443E-22	-1.05805613E-22	 3.25234440E-23	 5.25695108E-23	-1.59447130E-17	-2.78123081E-18	-4.75287312E-20	 6.25589558E-20
 1.000000E-01	-7.20757339E-22	-3.16398394E-22	 1.88552563E-23	 1.04323929E-22	-3.61888612E-17	-7.04018495E-18	-6.79413247E-19	-7.05911041E-20
 1.050000E-01	-1.48058538E-21	-8.27504282E-22	-7.78036176E-23	 1.82644649E-22	-7.85757213E-17	-1.67351012E-17	-2.62369077E-18	-6.30871476E-19
 1.100000E-01	-2.79021710E-21	-1.93162899E-21	-4.33667425E-22	 2.49948135E-22	-1.63880695E-16	-3.76822624E-17	-7.69457082E-18	-2.33468762E-18
 1.150000E-01	-4.71197016E-21	-4.14424720E-21	-1.40625400E-21	 2.07179177E-22	-3.29502957E-16	-8.09139288E-17	-1.96173211E-17	-6.76580444E-18
 1.200000E-01	-6.95814767E-21	-8.35372954E-21	-3.63631135E-21	-1.46284104E-22	-6.40720433E-16	-1.66581634E-16	-4.56113168E-17	-1.71803718E-17
 1.250000E-01	-8.44159819E-21	-1.59967641E-20	-8.26238228E-21	-1.22410399E-21	-1.20826974E-15	-3.30267057E-16	-9.89965994E-17	-3.98802024E-17
 1.300000E-01	-6.39224569E-21	-2.92176077E-20	-1.72675459E-20	-3.88685617E-21	-2.21521541E-15	-6.32935799E-16	-2.03329376E-16	-8.64407748E-17
 1.350000E-01	 5.41269956E-21	-5.06165499E-20	-3.40624635E-20	-1.00013578E-20	-3.95717585E-15	-1.17630374E-15	-3.98761706E-16	-1.77164630E-16
 1.400000E-01	 4.01853878E-20	-8.23752304E-20	-6.41501275E-20	-2.32240472E-20	-6.90135144E-15	-2.12612079E-15	-7.51574645E-16	-3.46214885E-16
 1.450000E-01	 1.23936222E-19	-1.24746846E-19	-1.15529682E-19	-4.98216134E-20	-1.17715231E-14	-3.74688038E-15	-1.36818936E-15	-6.48962535E-16
 1.500000E-01	 3.04025292E-19	-1.73629091E-19	-1.98819674E-19	-9.95074728E-20	-1.96678557E-14	-6.45270428E-15	-2.41543658E-15	-1.17213824E-15
 1.550000E-01	 6.59268080E-19	-2.20219569E-19	-3.26074875E-19	-1.84463318E-19	-3.22344003E-14	-1.08813990E-14	-4.14964193E-15	-2.04751304E-15
 1.600000E-01	 1.30840284E-18	-2.48796388E-19	-5.08851592E-19	-3.19763710E-19	-5.18885807E-14	-1.80007457E-14	-6.95823588E-15	-3.46998619E-15
 1.650000E-01	 2.43032743E-18	-2.10641933E-19	-7.59328876E-19	-5.35184709E-19	-8.21288860E-14	-2.92587855E-14	-1.14191479E-14	-5.72128257E-15
 1.700000E-01	 4.31676917E-18	 1.36458280E-20	-1.08769252E-18	-8.82633263E-19	-1.27940746E-13	-4.67937676E-14	-1.83855315E-14	-9.20117472E-15
 1.750000E-01	 7.42084238E-18	 6.08163184E-19	-1.48038760E-18	-1.40901570E-18	-1.96319900E-13	-7.37220183E-14	-2.91057816E-14	-1.44690614E-14
 1.800000E-01	 1.23548139E-17	 1.80789198E-18	-1.87000002E-18	-2.12890013E-18	-2.96954607E-13	-1.14531643E-13	-4.53931874E-14	-2.23012403E-14
 1.850000E-01	 1.99049904E-17	 3.97041374E-18	-2.12127370E-18	-3.04419063E-18	-4.43085547E-13	-1.75610253E-13	-6.98663063E-14	-3.37721432E-14
 1.900000E-01	 3.11252685E-17	 7.67740568E-18	-2.01409060E-18	-4.15508760E-18	-6.52535827E-13	-2.65928871E-13	-1.06282188E-13	-5.03701876E-14
 1.950000E-01	 4.74329917E-17	 1.37895259E-17	-1.19179995E-18	-5.41800082E-18	-9.48959934E-13	-3.97919354E-13	-1.59986768E-13	-7.41638658E-14
 2.000000E-01	 7.06766582E-17	 2.34996837E-17	 9.05888246E-19	-6.69243974E-18	-1.36333918E-12	-5.88581831E-13	-2.38516074E-13	-1.08039412E-13
 2.050000E-01	 1.03214041E-16	 3.83884730E-17	 5.10180947E-18	-7.68606901E-18	-1.93570103E-12	-8.60841320E-13	-3.52381443E-13	-1.56035168E-13
 2.100000E-01	 1.47983949E-16	 6.04785811E-17	 1.25413723E-17	-7.89350650E-18	-2.71704091E-12	-1.24516637E-12	-5.16064722E-13	-2.23799507E-13
 2.150000E-01	 2.08570538E-16	 9.22698092E-17	 2.47476899E-17	-6.52020974E-18	-3.77153398E-12	-1.78149625E-12	-7.49247723E-13	-3.19200210E-13
 2.200000E-01	 2.89243875E-16	 1.36771763E-16	 4.36697234E-17	-2.41384006E-18	-5.17901779E-12	-2.52148898E-12	-1.07830836E-12	-4.53115771E-13
 2.250000E-01	 3.95050899E-16	 1.97723268E-16	 7.17482833E-17	 5.90664252E-18	-7.03766890E-12	-3.53106492E-12	-1.53809147E-12	-6.40429149E-13
 2.300000E-01	 5.32062810E-16	 2.79864668E-16	 1.11991320E-16	 2.02300227E-17	-9.46698842E-12	-4.89328278E-12	-2.17394578E-12	-9.01229141E-13
 2.350000E-01	 7.07581942E-16	 3.88905764E-16	 1.68022936E-16	 4.27941570E-17	-1.26111186E-11	-6.71155969E-12	-3.04402875E-12	-1.26221648E-12
 2.400000E-01	 9.30185721E-16	 5.31493050E-16	 2.44138920E-16	 7.63642346E-17	-1.66422794E-11	-9.11312949E-12	-4.22184511E-12	-1.75829333E-12
 2.450000E-01	 1.20991295E-15	 7.15823420E-16	 3.45518092E-16	 1.24004083E-16	-2.17645523E-11	-1.22527943E-11	-5.79896744E-12	-2.43428540E-12
 2.500000E-01	 1.55878289E-15	 9.51960705E-16	 4.78257031E-16	 1.89034356E-16	-2.82181675E-11	-1.63170450E-11	-7.88793567E-12	-3.34674719E-12
 2.550000E-01	 1.99071397E-15	 1.24824012E-15	 6.47794825E-16	 2.76159107E-16	-3.62839937E-11	-2.15284156E-11	-1.06252948E-11	-4.56579179E-12
 2.600000E-01	 2.51928224E-15	 1.60811265E-15	 8.57632842E-16	 3.91526086E-16	-4.62890589E-11	-2.81504262E-11	-1.41748155E-11	-6.17690044E-12
 2.650000E-01	 3.15743744E-15	 2.04393405E-15	 1.11538866E-15	 5.37684837E-16	-5.86133554E-11	-3.64933621E-11	-1.87310997E-11	-8.28276430E-12
 2.700000E-01	 3.92593442E-15	 2.59292344E-15	 1.43983810E-15	 7.11782219E-16	-7.36968251E-11	-4.69202948E-11	-2.45234280E-11	-1.10051370E-11
 2.750000E-01	 4.85809636E-15	 3.29030306E-15	 1.84945065E-15	 9.17705376E-16	-9.20474899E-11	-5.98536361E-11	-3.18198250E-11	-1.44866795E-11
 2.800000E-01	 5.98491715E-15	 4.13393302E-15	 2.34741431E-15	 1.17274051E-15	-1.14250614E-10	-7.57822997E-11	-4.09313956E-11	-1.88927821E-11
 2.850000E-01	 7.32473662E-15	 5.12513096E-15	 2.94138150E-15	 1.49019464E-15	-1.40978074E-10	-9.52690869E-11	-5.22167770E-11	-2.44133716E-11
 2.900000E-01	 8.90330167E-15	 6.32714489E-15	 3.67096453E-15	 1.87007638E-15	-1.72999619E-10	-1.18959576E-10	-6.60876141E-11	-3.12653651E-11
 2.950000E-01	 1.07698624E-14	 7.81877097E-15	 4.58405138E-15	 2.32133181E-15	-2.11192802E-10	-1.47589526E-10	-8.30130510E-11	-3.96949921E-11
 3.000000E-01	 1.29776464E-14	 9.62165244E-15	 5.70073517E-15	 2.87485547E-15	-2.56561313E-10	-1.81995295E-10	-1.03524318E-10	-4.99802762E-11
 3.050000E-01	 1.55664096E-14	 1.17442067E-14	 7.03861825E-15	 3.56357923E-15	-3.10265163E-10	-2.23132023E-10	-1.28222494E-10	-6.24349828E-11
 3.100000E-01	 1.85785384E-14	 1.42554081E-14	 8.65302814E-15	 4.41073338E-15	-3.73642734E-10	-2.72088368E-10	-1.57783735E-10	-7.74114108E-11
 3.150000E-01	 2.20766820E-14	 1.72464898E-14	 1.06123690E-14	 5.44535402E-15	-4.48245256E-10	-3.30108849E-10	-1.92966154E-10	-9.53036429E-11
 3.200000E-01	 2.61330650E-14	 2.07622508E-14	 1.29563232E-14	 6.70935283E-15	-5.35873727E-10	-3.98615928E-10	-2.34613784E-10	-1.16548097E-10
 3.250000E-01	 3.08146777E-14	 2.48280543E-14	 1.57134307E-14	 8.24323759E-15	-6.38604482E-10	-4.79225486E-10	-2.83656655E-10	-1.41620051E-10
 3.300000E-01	 3.61899791E-14	 2.95044142E-14	 1.89339894E-14	 1.00779593E-14	-7.58832597E-10	-5.73778790E-10	-3.41124280E-10	-1.71034588E-10
 3.350000E-01	 4.23398534E-14	 3.48677833E-14	 2.26726378E-14	 1.22408465E-14	-8.99303617E-10	-6.84367190E-10	-4.08162359E-10	-2.05347426E-10
 3.400000E-01	 4.93532848E-14	 4.09753965E-14	 2.69645268E-14	 1.47594497E-14	-1.06314359E-09	-8.13350077E-10	-4.86052142E-10	-2.45155107E-10
 3.450000E-01	 5.73138235E-14	 4.79165632E-14	 3.18707306E-14	 1.76629691E-14	-1.25389083E-09	-9.63373568E-10	-5.76236599E-10	-2.91097819E-10
 3.500000E-01	 6.63126609E-14	 5.58671001E-14	 3.75166481E-14	 2.09918254E-14	-1.47553835E-09	-1.13740617E-09	-6.80359327E-10	-3.43873297E-10
 3.550000E-01	 7.64908111E-14	 6.49292167E-14	 4.39523470E-14	 2.47997963E-14	-1.73260205E-09	-1.33878313E-09	-8.00288897E-10	-4.04254982E-10
 3.600000E-01	 8.80173232E-14	 7.49553114E-14	 5.10290057E-14	 2.91321275E-14	-2.03023821E-09	-1.57125772E-09	-9.38100834E-10	-4.73102578E-10
 3.650000E-01	 1.00999464E-13	 8.58874037E-14	 5.87107904E-14	 3.40265852E-14	-2.37445473E-09	-1.83911037E-09	-1.09604333E-09	-5.51371622E-10
 3.700000E-01	 1.15508925E-13	 9.81999423E-14	 6.74290350E-14	 3.95755377E-14	-2.77227685E-09	-2.14723418E-09	-1.27647253E-09	-6.40099028E-10
 3.750000E-01	 1.31694421E-13	 1.12568458E-13	 7.77914860E-14	 4.59681334E-14	-3.23181829E-09	-2.50117204E-09	-1.48181519E-09	-7.40369359E-10
 3.800000E-01	 1.49769964E-13	 1.29302464E-13	 9.01099570E-14	 5.34330084E-14	-3.76237749E-09	-2.90720925E-09	-1.71469440E-09	-8.53311812E-10
 3.850000E-01	 1.69989691E-13	 1.48204438E-13	 1.04229364E-13	 6.21318471E-14	-4.37456491E-09	-3.37250712E-09	-1.97817529E-09	-9.80125192E-10
 3.900000E-01	 1.92619884E-13	 1.68665961E-13	 1.19601076E-13	 7.21113163E-14	-5.08040403E-09	-3.90512805E-09	-2.27580765E-09	-1.12204543E-09
 3.950000E-01	 2.17762074E-13	 1.90583699E-13	 1.36165369E-13	 8.34111514E-14	-5.89360654E-09	-4.51412523E-09	-2.61139482E-09	-1.28028298E-09
 4.000000E-01	 2.45425559E-13	 2.15339178E-13	 1.55172080E-13	 9.62624406E-14	-6.83002416E-09	-5.20979459E-09	-2.98887793E-09	-1.45600348E-09
 4.050000E-01	 2.75901148E-13	 2.44565095E-13	 1.78026338E-13	 1.11113880E-13	-7.90828998E-09	-6.00385058E-09	-3.41232493E-09	-1.65026530E-09
 4.100000E-01	 3.09726698E-13	 2.78274322E-13	 2.04731013E-13	 1.28407885E-13	-9.15014499E-09	-6.90936014E-09	-3.88574803E-09	-1.86386653E-09
 4.150000E-01	 3.47394624E-13	 3.14819926E-13	 2.33888680E-13	 1.48328584E-13	-1.05802306E-08	-7.94056637E-09	-4.41288341E-09	-2.09720082E-09
 4.200000E-01	 3.89181960E-13	 3.51885212E-13	 2.63584307E-13	 1.70769366E-13	-1.22268144E-08	-9.11347416E-09	-4.99739703E-09	-2.35030981E-09
 4.250000E-01	 4.34852784E-13	 3.89545506E-13	 2.94121094E-13	 1.95694573E-13	-1.41232587E-08	-1.04467909E-08	-5.64316996E-09	-2.62294484E-09
 4.300000E-01	 4.84140393E-13	 4.32797258E-13	 3.29922244E-13	 2.23634772E-13	-1.63085270E-08	-1.19619308E-08	-6.35400290E-09	-2.91437541E-09
 4.350000E-01	 5.37985627E-13	 4.85268021E-13	 3.73822764E-13	 2.55551945E-13	-1.88276053E-08	-1.36828935E-08	-7.13317503E-09	-3.22311991E-09
 4.400000E-01	 5.97814230E-13	 5.42017948E-13	 4.21518242E-13	 2.92114263E-13	-2.17328851E-08	-1.56367563E-08	-7.98316242E-09	-3.54667836E-09
 4.450000E-01	 6.63545978E-13	 5.98010515E-13	 4.69304294E-13	 3.33480389E-13	-2.50856680E-08	-1.78541854E-08	-8.90530377E-09	-3.88122283E-09
 4.500000E-01	 7.34591499E-13	 6.59123310E-13	 5.22450223E-13	 3.79910257E-13	-2.89578170E-08	-2.03698398E-08	-9.89927418E-09	-4.22117622E-09
 4.550000E-01	 8.12313411E-13	 7.32488930E-13	 5.86334195E-13	 4.32287716E-13	-3.34340240E-08	-2.32227723E-08	-1.09622604E-08	-4.55861486E-09
 4.600000E-01	 8.98802894E-13	 8.13054439E-13	 6.56411025E-13	 4.91836417E-13	-3.86141974E-08	-2.64567474E-08	-1.20880063E-08	-4.88265372E-09
 4.650000E-01	 9.94367010E-13	 8.93689484E-13	 7.27386591E-13	 5.59278089E-13	-4.46167791E-08	-3.01210344E-08	-1.32658750E-08	-5.17880578E-09
 4.700000E-01	 1.09914279E-12	 9.79502869E-13	 8.03488970E-13	 6.34594166E-13	-5.15823014E-08	-3.42710651E-08	-1.44795636E-08	-5.42818371E-09
 4.750000E-01	 1.21545893E-12	 1.07595220E-12	 8.88148878E-13	 7.18341107E-13	-5.96760569E-08	-3.89686383E-08	-1.57057065E-08	-5.60677645E-09
 4.800000E-01	 1.34527179E-12	 1.17329991E-12	 9.73761054E-13	 8.12724723E-13	-6.90925520E-08	-4.42832443E-08	-1.69127454E-08	-5.68480623E-09
 4.850000E-01	 1.48797355E-12	 1.26564153E-12	 1.05700140E-12	 9.19067479E-13	-8.00614836E-08	-5.02941101E-08	-1.80595943E-08	-5.62592364E-09
 4.900000E-01	 1.64581625E-12	 1.37312140E-12	 1.15166020E-12	 1.03502625E-12	-9.28521878E-08	-5.70912643E-08	-1.90936097E-08	-5.38606409E-09
 4.950000E-01	 1.82654292E-12	 1.50786672E-12	 1.26269375E-12	 1.16055443E-12	-1.07778396E-07	-6.47767558E-08	-1.99481084E-08	-4.91196133E-09
 5.000000E-01	 2.03215960E-12	 1.63406758E-12	 1.36537186E-12	 1.30542175E-12	-1.25206240E-07	-7.34685389E-08	-2.05404142E-08	-4.13950978E-09
 5.050000E-01	 2.25443086E-12	 1.71774928E-12	 1.44270125E-12	 1.47840642E-12	-1.45563307E-07	-8.33045483E-08	-2.07688160E-08	-2.99125937E-09
 5.100000E-01	 2.49279412E-12	 1.78987741E-12	 1.51676864E-12	 1.67224981E-12	-1.69349523E-07	-9.44473255E-08	-2.05088428E-08	-1.37348852E-09
 5.150000E-01	 2.76117076E-12	 1.89199874E-12	 1.60792689E-12	 1.87852490E-12	-1.97154241E-07	-1.07091947E-07	-1.96088812E-08	 8.27791530E-10
 5.200000E-01	 3.06616853E-12	 1.99934598E-12	 1.69881327E-12	 2.11064970E-12	-2.29669866E-07	-1.21469543E-07	-1.78811626E-08	 3.75330668E-09
 5.250000E-01	 3.39809286E-12	 2.06152431E-12	 1.76707538E-12	 2.39136254E-12	-2.67699442E-07	-1.37845609E-07	-1.50902384E-08	 7.57761792E-09
 5.300000E-01	 3.74990824E-12	 2.07350086E-12	 1.81787022E-12	 2.72794509E-12	-3.12187367E-07	-1.56529697E-07	-1.09416459E-08	 1.25165857E-08
 5.350000E-01	 4.13337892E-12	 2.08015165E-12	 1.87300037E-12	 3.10563837E-12	-3.64258762E-07	-1.77893834E-07	-5.07317377E-09	 1.88339176E-08
 5.400000E-01	 4.58399082E-12	 2.14745600E-12	 1.94629377E-12	 3.49289770E-12	-4.25238704E-07	-2.02382562E-07	 2.95561740E-09	 2.68482550E-08
 5.450000E-01	 5.13367586E-12	 2.26813954E-12	 2.01426511E-12	 3.89590216E-12	-4.96689838E-07	-2.30524205E-07	 1.36858898E-08	 3.69474127E-08
 5.500000E-01	 5.74955003E-12	 2.29100853E-12	 2.03079347E-12	 4.41500184E-12	-5.80457087E-07	-2.62939975E-07	 2.77846729E-08	 4.96025691E-08
 5.550000E-01	 6.37782170E-12	 2.14065097E-12	 2.00532528E-12	 5.10909996E-12	-6.78722029E-07	-3.00347240E-07	 4.60800646E-08	 6.53847496E-08
 5.600000E-01	 7.10167396E-12	 2.04350620E-12	 1.98580177E-12	 5.81936552E-12	-7.94071205E-07	-3.43552943E-07	 6.96182711E-08	 8.49865485E-08
 5.650000E-01	 8.08731874E-12	 2.18264663E-12	 1.93465908E-12	 6.39997992E-12	-9.29528194E-07	-3.93445033E-07	 9.97051738E-08	 1.09232167E-07
 5.700000E-01	 9.31251231E-12	 2.29361995E-12	 1.76697695E-12	 7.05861257E-12	-1.08866091E-06	-4.51042516E-07	 1.37946606E-07	 1.39097133E-07
 5.750000E-01	 1.06122381E-11	 2.07096404E-12	 1.49992200E-12	 8.06531570E-12	-1.27572688E-06	-5.17571696E-07	 1.86296450E-07	 1.75737995E-07
 5.800000E-01	 1.20334551E-11	 1.69843687E-12	 1.18221761E-12	 9.26839925E-12	-1.49572249E-06	-5.94502768E-07	 2.47097176E-07	 2.20515308E-07
 5.850000E-01	 1.38348976E-11	 1.50785470E-12	 7.43533982E-13	 1.03442534E-11	-1.75445807E-06	-6.83580459E-07	 3.23155488E-07	 2.75032029E-07
 5.900000E-01	 1.61555715E-11	 1.45997995E-12	 6.94877717E-14	 1.12995487E-11	-2.05871490E-06	-7.86888880E-07	 4.17840590E-07	 3.41186073E-07
 5.950000E-01	 1.89237582E-11	 1.25175215E-12	-8.61092753E-13	 1.24328147E-11	-2.41644910E-06	-9.06935855E-07	 5.35211275E-07	 4.21236281E-07
 6.000000E-01	 2.19751383E-11	 5.98100464E-13	-1.95763726E-12	 1.40864322E-11	-2.83698935E-06	-1.04673975E-06	 6.80162493E-07	 5.17872944E-07
 6.050000E-01	 2.51853467E-11	-5.97333132E-13	-3.08642183E-12	 1.64363330E-11	-3.33128372E-06	-1.20996363E-06	 8.58588168E-07	 6.34307548E-07
 6.100000E-01	 2.86351170E-11	-2.14843547E-12	-4.21163367E-12	 1.93134173E-11	-3.91220796E-06	-1.40106758E-06	 1.07758607E-06	 7.74384665E-07
 6.150000E-01	 3.25534870E-11	-3.82456394E-12	-5.42122933E-12	 2.24460513E-11	-4.59482626E-06	-1.62542770E-06	 1.34566464E-06	 9.42671233E-07
 6.200000E-01	 3.70505373E-11	-5.65033942E-12	-6.75655621E-12	 2.58680024E-11	-5.39674199E-06	-1.88951137E-06	 1.67300681E-06	 1.14457058E-06
 6.250000E-01	 4.19870054E-11	-7.90429208E-12	-8.06721283E-12	 2.99987057E-11	-6.33865999E-06	-2.20120435E-06	 2.07182561E-06	 1.38652451E-06
 6.300000E-01	 4.69777440E-11	-1.09804565E-11	-8.95904347E-12	 3.55238194E-11	-7.44479477E-06	-2.57021455E-06	 2.55657270E-06	 1.67619490E-06
 6.350000E-01	 5.16984894E-11	-1.49780311E-11	-9.01943598E-12	 4.27692824E-11	-8.74320874E-06	-3.00852178E-06	 3.14406981E-06	 2.02261235E-06
 6.400000E-01	 5.64118450E-11	-1.93717023E-11	-8.30974737E-12	 5.10372181E-11	-1.02667429E-05	-3.53123791E-06	 3.85393138E-06	 2.43659247E-06
 6.450000E-01	 6.16138651E-11	-2.37178092E-11	-7.15801568E-12	 5.96092790E-11	-1.20530961E-05	-4.15774303E-06	 4.70830419E-06	 2.93109756E-06
 6.500000E-01	 6.70597483E-11	-2.84111672E-11	-5.27696446E-12	 6.91443582E-11	-1.41445408E-05	-4.91274354E-06	 5.73112819E-06	 3.52136849E-06
 6.550000E-01	 7.21305231E-11	-3.38655809E-11	-2.00180446E-12	 8.04596071E-11	-1.65893022E-05	-5.82769963E-06	 6.94861940E-06	 4.22555231E-06
 6.600000E-01	 7.70615091E-11	-3.95842018E-11	 2.52531435E-12	 9.27133288E-11	-1.94434775E-05	-6.94426724E-06	 8.38932764E-06	 5.06623523E-06
 6.650000E-01	 8.23032012E-11	-4.52652875E-11	 7.86644089E-12	 1.05202985E-10	-2.27705932E-05	-8.31679974E-06	 1.00826143E-05	 6.07109467E-06
 6.700000E-01	 8.67637657E-11	-5.19979165E-11	 1.50674339E-11	 1.19895138E-10	-2.66416657E-05	-1.00110592E-05	 1.20598485E-05	 7.27220878E-06
 6.750000E-01	 8.88986173E-11	-6.05258833E-11	 2.56604508E-11	 1.38429150E-10	-3.11348649E-05	-1.21058805E-05	 1.43536869E-05	 8.70594995E-06
 6.800000E-01	 8.96693919E-11	-6.92760656E-11	 3.85736198E-11	 1.57789727E-10	-3.63380479E-05	-1.47012045E-05	 1.69966012E-05	 1.04158398E-05
 6.850000E-01	 9.20715658E-11	-7.59870960E-11	 5.05210903E-11	 1.72897587E-10	-4.23508986E-05	-1.79222684E-05	 2.00208044E-05	 1.24533840E-05
 6.900000E-01	 9.80546464E-11	-8.01559096E-11	 5.92602342E-11	 1.81754836E-10	-4.92774376E-05	-2.19195775E-05	 2.34514172E-05	 1.48742501E-05
 6.950000E-01	 1.06101562E-10	-8.43679872E-11	 6.61025396E-11	 1.88636023E-10	-5.72281801E-05	-2.68775226E-05	 2.73050163E-05	 1.77401963E-05
 7.000000E-01	 1.09853108E-10	-9.43020492E-11	 7.71991828E-11	 2.04609882E-10	-6.63237541E-05	-3.30245882E-05	 3.15884079E-05	 2.11209610E-05
 7.050000E-01	 1.04084200E-10	-1.12055913E-10	 9.74485765E-11	 2.34413489E-10	-7.66878504E-05	-4.06349729E-05	 3.62907057E-05	 2.50886812E-05
 7.100000E-01	 9.44622410E-11	-1.30332139E-10	 1.20440025E-10	 2.63120110E-10	-8.84425305E-05	-5.00278403E-05	 4.13807877E-05	 2.97115142E-05
 7.150000E-01	 8.91240299E-11	-1.44384665E-10	 1.36644195E-10	 2.78472255E-10	-1.01703298E-04	-6.15743427E-05	 4.68010572E-05	 3.50487479E-05
 7.200000E-01	 8.08549219E-11	-1.64190503E-10	 1.51577373E-10	 2.97475542E-10	-1.16574122E-04	-7.57105546E-05	 5.24565121E-05	 4.11454918E-05
 7.250000E-01	 5.89331102E-11	-1.96426519E-10	 1.75218421E-10	 3.33808213E-10	-1.33140498E-04	-9.29470662E-05	 5.82035418E-05	 4.80230315E-05
 7.300000E-01	 3.54740618E-11	-2.25072889E-10	 1.96669959E-10	 3.57962788E-10	-1.51454014E-04	-1.13872973E-04	 6.38342263E-05	 5.56623534E-05
 7.350000E-01	 2.88125510E-11	-2.37871935E-10	 1.97890018E-10	 3.43788348E-10	-1.71512972E-04	-1.39155311E-04	 6.90606919E-05	 6.39817138E-05
 7.400000E-01	 2.62934981E-11	-2.56136767E-10	 1.87010171E-10	 3.25665071E-10	-1.93250768E-04	-1.69544608E-04	 7.35083786E-05	 7.28170557E-05
 7.450000E-01	 3.72010793E-12	-3.00418025E-10	 1.84041813E-10	 3.40357885E-10	-2.16504201E-04	-2.05867599E-04	 7.66950370E-05	 8.18882710E-05
 7.500000E-01	-2.82932881E-11	-3.49518970E-10	 1.82708631E-10	 3.53817119E-10	-2.40978074E-04	-2.49002281E-04	 7.80150216E-05	 9.07526252E-05
 7.550000E-01	-4.27903741E-11	-3.77891896E-10	 1.61332835E-10	 3.21578360E-10	-2.66233227E-04	-2.99893205E-04	 7.67360593E-05	 9.87761762E-05
 7.600000E-01	-4.44307479E-11	-4.01877193E-10	 1.18532389E-10	 2.66135820E-10	-2.91628928E-04	-3.59548699E-04	 7.19546213E-05	 1.05076325E-04
 7.650000E-01	-5.01714734E-11	-4.36725075E-10	 6.81583189E-11	 2.15802588E-10	-3.16270694E-04	-4.28951194E-04	 6.26114544E-05	 1.08440314E-04
 7.700000E-01	-4.17380713E-11	-4.45486589E-10	 1.20744589E-11	 1.30835653E-10	-3.38963578E-04	-5.08984341E-04	 4.75188685E-05	 1.07261029E-04
 7.750000E-01	 7.79112396E-12	-4.00089730E-10	-6.05874016E-11	-2.05434888E-11	-3.58165543E-04	-6.00403962E-04	 2.53769528E-05	 9.94938079E-05
 7.800000E-01	 7.73440386E-11	-3.51312770E-10	-1.54818854E-10	-1.79465137E-10	-3.71922979E-04	-7.03664264E-04	-5.17140930E-06	 8.25644280E-05
 7.850000E-01	 1.29480487E-10	-3.47610652E-10	-2.60688239E-10	-2.89418805E-10	-3.77776646E-04	-8.18829393E-04	-4.55620236E-05	 5.32735581E-05
 7.900000E-01	 1.79314654E-10	-3.36794993E-10	-3.61592976E-10	-3.96787454E-10	-3.72695992E-04	-9.45687031E-04	-9.73553120E-05	 7.73988509E-06
 7.950000E-01	 2.70058558E-10	-2.41424558E-10	-4.48989346E-10	-5.66054486E-10	-3.52934823E-04	-1.08333420E-03	-1.62161092E-04	-5.87910821E-05
 8.000000E-01	 4.08287826E-10	-6.29074510E-11	-5.24168059E-10	-7.79182311E-10	-3.14123718E-04	-1.22977024E-03	-2.41205628E-04	-1.51851951E-04
 8.050000E-01	 5.72620573E-10	 1.60225889E-10	-5.84564148E-10	-9.82138459E-10	-2.51383358E-04	-1.38179396E-03	-3.35012516E-04	-2.77488558E-04
 8.100000E-01	 7.53179965E-10	 4.19630830E-10	-6.20088278E-10	-1.15090092E-09	-1.59509990E-04	-1.53457169E-03	-4.43025175E-04	-4.41938265E-04
 8.150000E-01	 9.52101000E-10	 6.99852475E-10	-6.49132886E-10	-1.28520686E-09	-3.31195388E-05	-1.68145857E-03	-5.63440868E-04	-6.51265199E-04
 8.200000E-01	 1.16649912E-09	 9.38166809E-10	-7.38522153E-10	-1.39481815E-09	 1.33936710E-04	-1.81427285E-03	-6.94032916E-04	-9.11694026E-04
 8.250000E-01	 1.38536333E-09	 1.13177822E-09	-8.83207816E-10	-1.48088314E-09	 3.48846535E-04	-1.92282814E-03	-8.32287478E-04	-1.22979755E-03
 8.300000E-01	 1.60236415E-09	 1.43115097E-09	-9.07320641E-10	-1.49953873E-09	 6.19308234E-04	-1.99407512E-03	-9.74523369E-04	-1.61162928E-03
 8.350000E-01	 1.82895956E-09	 1.94014670E-09	-6.99247472E-10	-1.40514883E-09	 9.52305244E-04	-2.01231444E-03	-1.11488084E-03	-2.06080638E-03
 8.400000E-01	 2.08557811E-09	 2.51493056E-09	-4.44964804E-10	-1.23908879E-09	 1.35279144E-03	-1.95950831E-03	-1.24493911E-03	-2.57620557E-03
 8.450000E-01	 2.37055156E-09	 2.97926453E-09	-3.42729294E-10	-1.05470321E-09	 1.82419492E-03	-1.81623726E-03	-1.35549203E-03	-3.15163188E-03
 8.500000E-01	 2.64745235E-09	 3.37330875E-09	-2.79046841E-10	-7.82090278E-10	 2.37000370E-03	-1.56173806E-03	-1.43869147E-03	-3.77714781E-03
 8.550000E-01	 2.89876652E-09	 3.80277096E-09	-8.85363679E-11	-3.53518114E-10	 2.99473645E-03	-1.17219250E-03	-1.48840256E-03	-4.43951699E-03
 8.600000E-01	 3.17295534E-09	 4.24266513E-09	 1.28311500E-10	 1.20976319E-10	 3.70515269E-03	-6.19360628E-04	-1.49945918E-03	-5.12216158E-03
 8.650000E-01	 3.47956188E-09	 4.61173051E-09	 2.69541640E-10	 5.86370391E-10	 4.50908047E-03	 1.29706548E-04	-1.46506853E-03	-5.80139455E-03
 8.700000E-01	 3.68126585E-09	 4.87962551E-09	 5.36177143E-10	 1.29021884E-09	 5.41021847E-03	 1.10778854E-03	-1.37515922E-03	-6.43695028E-03
 8.750000E-01	 3.72240071E-09	 5.07759972E-09	 1.05941340E-09	 2.30349566E-09	 6.40581596E-03	 2.33977276E-03	-1.21955451E-03	-6.96614474E-03
 8.800000E-01	 3.88789266E-09	 5.29495472E-09	 1.50070125E-09	 3.06709947E-09	 7.49040259E-03	 3.83847839E-03	-9.92334144E-04	-7.30621549E-03
 8.850000E-01	 4.36558699E-09	 5.51160234E-09	 1.58851878E-09	 3.26412061E-09	 8.65959103E-03	 5.60417927E-03	-6.91037860E-04	-7.35693669E-03
 8.900000E-01	 4.68187721E-09	 5.41663756E-09	 1.72162145E-09	 3.65092339E-09	 9.90931144E-03	 7.62199556E-03	-3.10805033E-04	-6.99669898E-03
 8.950000E-01	 4.31614348E-09	 4.80539615E-09	 2.35972476E-09	 4.80685471E-09	 1.12320458E-02	 9.85416190E-03	 1.64479281E-04	-6.07465475E-03
 9.000000E-01	 3.63699274E-09	 4.08066455E-09	 3.24992625E-09	 5.86987477E-09	 1.26156508E-02	 1.22229473E-02	 7.59576653E-04	-4.41412753E-03
 9.050000E-01	 3.35117416E-09	 3.79507377E-09	 3.91867995E-09	 5.80187221E-09	 1.40279599E-02	 1.45716312E-02	 1.50861047E-03	-1.82095301E-03
 9.100000E-01	 3.46771250E-09	 3.93764367E-09	 4.36606492E-09	 4.82468157E-09	 1.54676298E-02	 1.66686813E-02	 2.38942609E-03	 1.82837867E-03
 9.150000E-01	 3.40775420E-09	 4.07519415E-09	 4.82415519E-09	 3.67338525E-09	 1.68233306E-02	 1.82008967E-02	 3.58259907E-03	 6.68520180E-03
 9.200000E-01	 2.75018622E-09	 3.83190525E-09	 5.06489600E-09	 2.48284571E-09	 1.81210190E-02	 1.88536197E-02	 5.09210629E-03	 1.26250866E-02
 9.250000E-01	 1.36675184E-09	 3.34709386E-09	 5.06960326E-09	 1.22984932E-09	 1.90836966E-02	 1.81544528E-02	 7.39240133E-03	 1.95942977E-02
 9.300000E-01	-3.57455659E-10	 3.59711737E-09	 5.38594463E-09	 1.28293165E-10	 1.88707976E-02	 1.58009981E-02	 1.18198260E-02	 2.71029209E-02
 9.350000E-01	-1.58479840E-09	 5.07279456E-09	 5.71003903E-09	-3.27514257E-10	 1.78202401E-02	 1.14709531E-02	 1.76049190E-02	 3.36045801E-02
 9.400000E-01	-2.04933099E-09	 6.79367545E-09	 4.50900068E-09	 5.05511066E-10	 1.69261687E-02	 3.82493529E-03	 2.28162921E-02	 3.85771471E-02
 9.450000E-01	-4.18852532E-09	 8.30538542E-09	 4.88868710E-09	 1.64251717E-09	 1.48619348E-02	-4.69000349E-03	 2.87313798E-02	 3.68340135E-02
 9.500000E-01	-3.33213604E-09	 5.39022960E-09	 2.98010668E-09	 5.38198914E-09	 5.71987283E-03	-1.46247827E-02	 3.89783881E-02	 3.03957105E-02
 9.550000E-01	-7.31744111E-10	 4.06917042E-09	-3.67891956E-09	 1.37210745E-08	-4.19151726E-03	-2.85791480E-02	 5.19429669E-02	 1.73826433E-02
 9.600000E-01	 2.08305070E-09	-7.04438248E-09	-3.82200748E-09	 7.11296832E-09	-2.22713031E-02	-9.49761473E-03	 4.06792675E-02	 1.64665173E-02
 9.650000E-01	 6.31019228E-09	-2.19362734E-08	 3.63946103E-10	-4.57935095E-09	-3.00617422E-02	 2.43867858E-02	 2.55026728E-02	 2.92399435E-02
 9.700000E-01	 1.00197646E-08	-2.55275718E-08	 3.83950467E-09	-1.15637087E-08	 7.76913002E-02	-1.39175499E-04	-1.00736286E-01	-4.89750616E-03
 9.750000E-01	 1.03880133E-08	-5.96470960E-08	 3.32081071E-09	-1.80531081E-08	 2.14266916E+00	 5.69569114E-02	-2.30225108E+00	-7.28801190E-02
 9.800000E-01	-3.20968583E-08	-6.65057720E-08	-2.48760320E-09	-6.55741061E-08	 3.01788128E-01	-1.17344325E-01	 5.97140635E-01	-5.17418751E-01
 9.850000E-01	-3.26084647E-08	 1.55124535E-08	-9.41279793E-09	-4.54869476E-08	-2.79715782E+00	-2.84197927E-01	 2.20449751E+00	-5.97179199E-02
 9.900000E-01	-6.31846189E-09	 4.89906626E-08	-2.61254494E-08	 4.15053044E-08	-9.30229299E-01	 2.94804354E-01	-1.04364971E+00	 6.77805637E-01
 9.950000E-01	-1.29410038E-08	 9.80432774E-09	-1.74204682E-08	 3.58696519E-08	 5.72067676E-01	 1.69643099E-01	-2.99471751E-02	 2.84745338E-02
 1.000000E+00	-6.12883690E-09	-5.91448135E-09	 4.07169835E-09	 1.11971169E-08	 9.14396281E-01	-4.38286565E-01	 8.66979476E-01	-4.86801820E-01
