 # generated by fastran_io_instate.py
@R INFLAG 1 []
  1.000000000e+00
@R TIME0 1 [s]
  0.000000000e+00
@R IP 1 []
  8.100000000e+00
@R BCENTR 1 []
  7.000000000e+00
@R RMAJOR 1 []
  4.000000000e+00
@R AMINOR 1 []
  1.330000000e+00
@R ELONGB 1 []
  2.000000000e+00
@R TRIANB 1 []
  6.000000000e-01
@R RHO 101 []
  0.000000000e+00  1.000000000e-02  2.000000000e-02  3.000000000e-02
  4.000000000e-02  5.000000000e-02  6.000000000e-02  7.000000000e-02
  8.000000000e-02  9.000000000e-02  1.000000000e-01  1.100000000e-01
  1.200000000e-01  1.300000000e-01  1.400000000e-01  1.500000000e-01
  1.600000000e-01  1.700000000e-01  1.800000000e-01  1.900000000e-01
  2.000000000e-01  2.100000000e-01  2.200000000e-01  2.300000000e-01
  2.400000000e-01  2.500000000e-01  2.600000000e-01  2.700000000e-01
  2.800000000e-01  2.900000000e-01  3.000000000e-01  3.100000000e-01
  3.200000000e-01  3.300000000e-01  3.400000000e-01  3.500000000e-01
  3.600000000e-01  3.700000000e-01  3.800000000e-01  3.900000000e-01
  4.000000000e-01  4.100000000e-01  4.200000000e-01  4.300000000e-01
  4.400000000e-01  4.500000000e-01  4.600000000e-01  4.700000000e-01
  4.800000000e-01  4.900000000e-01  5.000000000e-01  5.100000000e-01
  5.200000000e-01  5.300000000e-01  5.400000000e-01  5.500000000e-01
  5.600000000e-01  5.700000000e-01  5.800000000e-01  5.900000000e-01
  6.000000000e-01  6.100000000e-01  6.200000000e-01  6.300000000e-01
  6.400000000e-01  6.500000000e-01  6.600000000e-01  6.700000000e-01
  6.800000000e-01  6.900000000e-01  7.000000000e-01  7.100000000e-01
  7.200000000e-01  7.300000000e-01  7.400000000e-01  7.500000000e-01
  7.600000000e-01  7.700000000e-01  7.800000000e-01  7.900000000e-01
  8.000000000e-01  8.100000000e-01  8.200000000e-01  8.300000000e-01
  8.400000000e-01  8.500000000e-01  8.600000000e-01  8.700000000e-01
  8.800000000e-01  8.900000000e-01  9.000000000e-01  9.100000000e-01
  9.200000000e-01  9.300000000e-01  9.400000000e-01  9.500000000e-01
  9.600000000e-01  9.700000000e-01  9.800000000e-01  9.900000000e-01
  1.000000000e+00
@R AMAIN 1 []
  2.500000000e+00
@R ZMAIN 1 []
  1.000000000e+00
@I NIMP 1 []
                2
@R AIMP 2 []
  9.000000000e+00  4.000000000e+01
@R ZIMP 2 []
  4.000000000e+00  1.800000000e+01
@R FIMP 2 []
  2.000000000e-02  5.000000000e-04
@R ENE 101 []
  2.629700715e+01  2.625956900e+01  2.621921796e+01  2.617599177e+01
  2.612992816e+01  2.608106485e+01  2.602943957e+01  2.597509004e+01
  2.591805399e+01  2.585836915e+01  2.579607324e+01  2.573120399e+01
  2.566379913e+01  2.559389638e+01  2.552153347e+01  2.544674812e+01
  2.536957806e+01  2.529006102e+01  2.520823473e+01  2.512413690e+01
  2.503780527e+01  2.494927756e+01  2.485859151e+01  2.476578482e+01
  2.467089524e+01  2.457396049e+01  2.447501829e+01  2.437410637e+01
  2.427126245e+01  2.416652427e+01  2.405992955e+01  2.395151602e+01
  2.384132139e+01  2.372938341e+01  2.361573979e+01  2.350042826e+01
  2.338348655e+01  2.326495238e+01  2.314486348e+01  2.302325758e+01
  2.290017239e+01  2.277564566e+01  2.264971510e+01  2.252241845e+01
  2.239379342e+01  2.226387774e+01  2.213270914e+01  2.200032534e+01
  2.186676407e+01  2.173206306e+01  2.159626002e+01  2.145939267e+01
  2.132149875e+01  2.118261595e+01  2.104278199e+01  2.090203457e+01
  2.076041139e+01  2.061795010e+01  2.047468835e+01  2.033066373e+01
  2.018591380e+01  2.004047597e+01  1.989438756e+01  1.974768564e+01
  1.960040699e+01  1.945258790e+01  1.930426396e+01  1.915546969e+01
  1.900623803e+01  1.885659956e+01  1.870658132e+01  1.855620507e+01
  1.840548469e+01  1.825442230e+01  1.810300248e+01  1.795118360e+01
  1.779888504e+01  1.764596797e+01  1.749220697e+01  1.733724783e+01
  1.718054504e+01  1.702126972e+01  1.685817458e+01  1.668939767e+01
  1.651218108e+01  1.632247618e+01  1.611440843e+01  1.587959384e+01
  1.560635717e+01  1.527904067e+01  1.487786104e+01  1.438018836e+01
  1.376451827e+01  1.301819378e+01  1.214806071e+01  1.118933426e+01
  1.020477403e+01  9.269579145e+00  8.448151539e+00  7.776638048e+00
  7.260124812e+00
@R TE 101 []
  1.594017905e+01  1.588602914e+01  1.582695167e+01  1.576305115e+01
  1.569443211e+01  1.562119906e+01  1.554345653e+01  1.546130903e+01
  1.537486109e+01  1.528421723e+01  1.518948196e+01  1.509075982e+01
  1.498815531e+01  1.488177297e+01  1.477171731e+01  1.465809284e+01
  1.454100410e+01  1.442055561e+01  1.429685187e+01  1.416999743e+01
  1.404009678e+01  1.390725447e+01  1.377157500e+01  1.363316290e+01
  1.349212268e+01  1.334855888e+01  1.320257600e+01  1.305427858e+01
  1.290377112e+01  1.275115816e+01  1.259654421e+01  1.244003379e+01
  1.228173143e+01  1.212174164e+01  1.196016894e+01  1.179711786e+01
  1.163269292e+01  1.146699864e+01  1.130013953e+01  1.113222012e+01
  1.096334493e+01  1.079361848e+01  1.062314530e+01  1.045202989e+01
  1.028037679e+01  1.010829050e+01  9.935875566e+00  9.763236492e+00
  9.590477803e+00  9.417704020e+00  9.245019662e+00  9.072529251e+00
  8.900337307e+00  8.728548350e+00  8.557266899e+00  8.386597475e+00
  8.216644595e+00  8.047512777e+00  7.879306535e+00  7.712130383e+00
  7.546088827e+00  7.381286365e+00  7.217827484e+00  7.055816651e+00
  6.895358300e+00  6.736556817e+00  6.579516509e+00  6.424341561e+00
  6.271135962e+00  6.120003397e+00  5.971047066e+00  5.824369413e+00
  5.680071679e+00  5.538253220e+00  5.399010415e+00  5.262434952e+00
  5.128611125e+00  4.997611575e+00  4.869490569e+00  4.744273418e+00
  4.621939798e+00  4.502397505e+00  4.385441223e+00  4.270687989e+00
  4.157476710e+00  4.044713321e+00  3.930636086e+00  3.812470140e+00
  3.685944718e+00  3.544682641e+00  3.379585877e+00  3.178609319e+00
  2.927786957e+00  2.614835957e+00  2.236181348e+00  1.805311965e+00
  1.355703012e+00  9.316387392e-01  5.704780043e-01  2.897072226e-01
  8.690765028e-02
@R TI 101 []
  1.384338198e+01  1.379853164e+01  1.374960566e+01  1.369669046e+01
  1.363987248e+01  1.357923817e+01  1.351487394e+01  1.344686623e+01
  1.337530147e+01  1.330026611e+01  1.322184657e+01  1.314012928e+01
  1.305520068e+01  1.296714720e+01  1.287605528e+01  1.278201134e+01
  1.268510183e+01  1.258541317e+01  1.248303180e+01  1.237804415e+01
  1.227053665e+01  1.216059575e+01  1.204830786e+01  1.193375943e+01
  1.181703688e+01  1.169822665e+01  1.157741518e+01  1.145468890e+01
  1.133013424e+01  1.120383763e+01  1.107588551e+01  1.094636430e+01
  1.081536046e+01  1.068296039e+01  1.054925055e+01  1.041431736e+01
  1.027824726e+01  1.014112668e+01  1.000304205e+01  9.864079810e+00
  9.724326387e+00  9.583868218e+00  9.442791734e+00  9.301183370e+00
  9.159129559e+00  9.016716733e+00  8.874031327e+00  8.731159773e+00
  8.588188505e+00  8.445203955e+00  8.302292557e+00  8.159540743e+00
  8.017034947e+00  7.874861601e+00  7.733107136e+00  7.591857984e+00
  7.451200575e+00  7.311221338e+00  7.172006697e+00  7.033643073e+00
  6.896216880e+00  6.759814522e+00  6.624522383e+00  6.490426824e+00
  6.357614161e+00  6.226170647e+00  6.096182432e+00  5.967735506e+00
  5.840915611e+00  5.715808100e+00  5.592497717e+00  5.471068258e+00
  5.351602033e+00  5.234179033e+00  5.118875626e+00  5.005762514e+00
  4.894901543e+00  4.786340721e+00  4.680106414e+00  4.576191168e+00
  4.474534680e+00  4.374994121e+00  4.277297955e+00  4.180974387e+00
  4.085241239e+00  3.988838435e+00  3.889778153e+00  3.784984496e+00
  3.669804218e+00  3.537416084e+00  3.378295621e+00  3.180170518e+00
  2.929344420e+00  2.614593545e+00  2.234116816e+00  1.803056733e+00
  1.355163551e+00  9.332789591e-01  5.728658489e-01  2.905685582e-01
  8.442427461e-02
@R ZEFF 101 []
  1.492065284e+00  1.491407649e+00  1.490692079e+00  1.489919802e+00
  1.489092059e+00  1.488210112e+00  1.487275239e+00  1.486288746e+00
  1.485251960e+00  1.484166237e+00  1.483032964e+00  1.481853559e+00
  1.480629477e+00  1.479362208e+00  1.478053285e+00  1.476704279e+00
  1.475316807e+00  1.473892532e+00  1.472433162e+00  1.470940457e+00
  1.469416224e+00  1.467862323e+00  1.466280666e+00  1.464673217e+00
  1.463041991e+00  1.461389058e+00  1.459716536e+00  1.458026596e+00
  1.456321457e+00  1.454603382e+00  1.452874681e+00  1.451137703e+00
  1.449394835e+00  1.447648494e+00  1.445901128e+00  1.444155203e+00
  1.442413203e+00  1.440677619e+00  1.438950945e+00  1.437235668e+00
  1.435534258e+00  1.433849160e+00  1.432182789e+00  1.430537511e+00
  1.428915641e+00  1.427319428e+00  1.425751046e+00  1.424212583e+00
  1.422706030e+00  1.421233274e+00  1.419796082e+00  1.418396096e+00
  1.417034824e+00  1.415713630e+00  1.414433728e+00  1.413196176e+00
  1.412001869e+00  1.410851537e+00  1.409745742e+00  1.408684877e+00
  1.407669164e+00  1.406698657e+00  1.405773246e+00  1.404892658e+00
  1.404056465e+00  1.403264091e+00  1.402514817e+00  1.401807794e+00
  1.401142048e+00  1.400516494e+00  1.399929946e+00  1.399381126e+00
  1.398868676e+00  1.398391169e+00  1.397947116e+00  1.397534978e+00
  1.397153165e+00  1.396800045e+00  1.396473936e+00  1.396173100e+00
  1.395895721e+00  1.395639879e+00  1.395403494e+00  1.395184261e+00
  1.394979545e+00  1.394786261e+00  1.394600739e+00  1.394418638e+00
  1.394235062e+00  1.394045165e+00  1.393845746e+00  1.393638291e+00
  1.393432958e+00  1.393250268e+00  1.393114476e+00  1.393037442e+00
  1.393007593e+00  1.393000763e+00  1.393000024e+00  1.393000000e+00
  1.393000000e+00
@R OMEGA 101 []
  5.000000000e+03  4.992501875e+03  4.978801804e+03  4.961079526e+03
  4.940120160e+03  4.916382264e+03  4.890178959e+03  4.861743180e+03
  4.831258024e+03  4.798873089e+03  4.764714177e+03  4.728889466e+03
  4.691493659e+03  4.652610886e+03  4.612316799e+03  4.570680145e+03
  4.527763951e+03  4.483626454e+03  4.438321832e+03  4.391900796e+03
  4.344411068e+03  4.295897774e+03  4.246403778e+03  4.195969955e+03
  4.144635428e+03  4.092437767e+03  4.039413164e+03  3.985596584e+03
  3.931021896e+03  3.875721988e+03  3.819728870e+03  3.763073767e+03
  3.705787199e+03  3.647899055e+03  3.589438660e+03  3.530434837e+03
  3.470915960e+03  3.410910006e+03  3.350444605e+03  3.289547080e+03
  3.228244492e+03  3.166563674e+03  3.104531273e+03  3.042173783e+03
  2.979517575e+03  2.916588934e+03  2.853414088e+03  2.790019238e+03
  2.726430588e+03  2.662674375e+03  2.598776897e+03  2.534764544e+03
  2.470663824e+03  2.406501396e+03  2.342304099e+03  2.278098979e+03
  2.213913327e+03  2.149774707e+03  2.085710992e+03  2.021750397e+03
  1.957921519e+03  1.894253376e+03  1.830775447e+03  1.767517715e+03
  1.704510722e+03  1.641785608e+03  1.579374179e+03  1.517308956e+03
  1.455623246e+03  1.394351213e+03  1.333527952e+03  1.273189580e+03
  1.213373329e+03  1.154117653e+03  1.095462349e+03  1.037448686e+03
  9.801195629e+02  9.235196753e+02  8.676957162e+02  8.126966008e+02
  7.585737302e+02  7.053812976e+02  6.531766492e+02  6.020207128e+02
  5.519785103e+02  5.031197796e+02  4.555197357e+02  4.092600162e+02
  3.644298727e+02  3.211276991e+02  2.794630303e+02  2.395592200e+02
  2.015571260e+02  1.656203590e+02  1.319430748e+02  1.007621703e+02
  7.237775876e+01  4.719105135e+01  2.578549737e+01  9.151104569e+00
  0.000000000e+00
@R Q 101 []
  0.000000000e+00  0.000000000e+00  0.000000000e+00  0.000000000e+00
  0.000000000e+00  0.000000000e+00  0.000000000e+00  0.000000000e+00
  0.000000000e+00  0.000000000e+00  0.000000000e+00  0.000000000e+00
  0.000000000e+00  0.000000000e+00  0.000000000e+00  0.000000000e+00
  0.000000000e+00  0.000000000e+00  0.000000000e+00  0.000000000e+00
  0.000000000e+00  0.000000000e+00  0.000000000e+00  0.000000000e+00
  0.000000000e+00  0.000000000e+00  0.000000000e+00  0.000000000e+00
  0.000000000e+00  0.000000000e+00  0.000000000e+00  0.000000000e+00
  0.000000000e+00  0.000000000e+00  0.000000000e+00  0.000000000e+00
  0.000000000e+00  0.000000000e+00  0.000000000e+00  0.000000000e+00
  0.000000000e+00  0.000000000e+00  0.000000000e+00  0.000000000e+00
  0.000000000e+00  0.000000000e+00  0.000000000e+00  0.000000000e+00
  0.000000000e+00  0.000000000e+00  0.000000000e+00  0.000000000e+00
  0.000000000e+00  0.000000000e+00  0.000000000e+00  0.000000000e+00
  0.000000000e+00  0.000000000e+00  0.000000000e+00  0.000000000e+00
  0.000000000e+00  0.000000000e+00  0.000000000e+00  0.000000000e+00
  0.000000000e+00  0.000000000e+00  0.000000000e+00  0.000000000e+00
  0.000000000e+00  0.000000000e+00  0.000000000e+00  0.000000000e+00
  0.000000000e+00  0.000000000e+00  0.000000000e+00  0.000000000e+00
  0.000000000e+00  0.000000000e+00  0.000000000e+00  0.000000000e+00
  0.000000000e+00  0.000000000e+00  0.000000000e+00  0.000000000e+00
  0.000000000e+00  0.000000000e+00  0.000000000e+00  0.000000000e+00
  0.000000000e+00  0.000000000e+00  0.000000000e+00  0.000000000e+00
  0.000000000e+00  0.000000000e+00  0.000000000e+00  0.000000000e+00
  0.000000000e+00  0.000000000e+00  0.000000000e+00  0.000000000e+00
  0.000000000e+00
@R FP 101 []
  0.000000000e+00  0.000000000e+00  0.000000000e+00  0.000000000e+00
  0.000000000e+00  0.000000000e+00  0.000000000e+00  0.000000000e+00
  0.000000000e+00  0.000000000e+00  0.000000000e+00  0.000000000e+00
  0.000000000e+00  0.000000000e+00  0.000000000e+00  0.000000000e+00
  0.000000000e+00  0.000000000e+00  0.000000000e+00  0.000000000e+00
  0.000000000e+00  0.000000000e+00  0.000000000e+00  0.000000000e+00
  0.000000000e+00  0.000000000e+00  0.000000000e+00  0.000000000e+00
  0.000000000e+00  0.000000000e+00  0.000000000e+00  0.000000000e+00
  0.000000000e+00  0.000000000e+00  0.000000000e+00  0.000000000e+00
  0.000000000e+00  0.000000000e+00  0.000000000e+00  0.000000000e+00
  0.000000000e+00  0.000000000e+00  0.000000000e+00  0.000000000e+00
  0.000000000e+00  0.000000000e+00  0.000000000e+00  0.000000000e+00
  0.000000000e+00  0.000000000e+00  0.000000000e+00  0.000000000e+00
  0.000000000e+00  0.000000000e+00  0.000000000e+00  0.000000000e+00
  0.000000000e+00  0.000000000e+00  0.000000000e+00  0.000000000e+00
  0.000000000e+00  0.000000000e+00  0.000000000e+00  0.000000000e+00
  0.000000000e+00  0.000000000e+00  0.000000000e+00  0.000000000e+00
  0.000000000e+00  0.000000000e+00  0.000000000e+00  0.000000000e+00
  0.000000000e+00  0.000000000e+00  0.000000000e+00  0.000000000e+00
  0.000000000e+00  0.000000000e+00  0.000000000e+00  0.000000000e+00
  0.000000000e+00  0.000000000e+00  0.000000000e+00  0.000000000e+00
  0.000000000e+00  0.000000000e+00  0.000000000e+00  0.000000000e+00
  0.000000000e+00  0.000000000e+00  0.000000000e+00  0.000000000e+00
  0.000000000e+00  0.000000000e+00  0.000000000e+00  0.000000000e+00
  0.000000000e+00  0.000000000e+00  0.000000000e+00  0.000000000e+00
  0.000000000e+00
@R CURPAR 101 []
  6.533111572e-01  6.601132851e-01  6.671120704e-01  6.742979976e-01
  6.816615508e-01  6.891932144e-01  6.968834728e-01  7.047228102e-01
  7.127017109e-01  7.208106594e-01  7.290401398e-01  7.373806365e-01
  7.458226339e-01  7.543566162e-01  7.629730678e-01  7.716624729e-01
  7.804153160e-01  7.892220812e-01  7.980732530e-01  8.069593156e-01
  8.158707533e-01  8.247980506e-01  8.337316916e-01  8.426621607e-01
  8.515799423e-01  8.604755205e-01  8.693393799e-01  8.781620046e-01
  8.869338790e-01  8.956454874e-01  9.042873141e-01  9.128498435e-01
  9.213235598e-01  9.296989474e-01  9.379664905e-01  9.461166736e-01
  9.541399809e-01  9.620268967e-01  9.697679054e-01  9.773534912e-01
  9.847741385e-01  9.920203316e-01  9.990825549e-01  1.005951293e+00
  1.012617029e+00  1.019070248e+00  1.025301435e+00  1.031301074e+00
  1.037059648e+00  1.042567643e+00  1.047815543e+00  1.052793831e+00
  1.057492993e+00  1.061903513e+00  1.066015874e+00  1.069820561e+00
  1.073308059e+00  1.076468852e+00  1.079293424e+00  1.081772260e+00
  1.083895843e+00  1.085654659e+00  1.087039191e+00  1.088039924e+00
  1.088647342e+00  1.088851929e+00  1.084151229e+00  1.070663019e+00
  1.049308133e+00  1.021007406e+00  9.866816728e-01  9.472517669e-01
  9.036385232e-01  8.567627762e-01  8.075453602e-01  7.569071098e-01
  7.057688593e-01  6.550514434e-01  6.056756963e-01  5.585624526e-01
  5.146325467e-01  4.748068132e-01  4.400060863e-01  4.111512007e-01
  3.891629907e-01  3.749622908e-01  3.986707178e-01  4.362126140e-01
  4.927771416e-01  5.737165941e-01  6.820473603e-01  8.137172714e-01
  9.513281221e-01  1.060860274e+00  1.098668932e+00  1.032327760e+00
  8.636848035e-01  6.316262976e-01  3.933964713e-01  1.909907230e-01
  1.241643504e-02
@R CURBEAM 101 []
  0.000000000e+00  0.000000000e+00  0.000000000e+00  0.000000000e+00
  0.000000000e+00  0.000000000e+00  0.000000000e+00  0.000000000e+00
  0.000000000e+00  0.000000000e+00  0.000000000e+00  0.000000000e+00
  0.000000000e+00  0.000000000e+00  0.000000000e+00  0.000000000e+00
  0.000000000e+00  0.000000000e+00  0.000000000e+00  0.000000000e+00
  0.000000000e+00  0.000000000e+00  0.000000000e+00  0.000000000e+00
  0.000000000e+00  0.000000000e+00  0.000000000e+00  0.000000000e+00
  0.000000000e+00  0.000000000e+00  0.000000000e+00  0.000000000e+00
  0.000000000e+00  0.000000000e+00  0.000000000e+00  0.000000000e+00
  0.000000000e+00  0.000000000e+00  0.000000000e+00  0.000000000e+00
  0.000000000e+00  0.000000000e+00  0.000000000e+00  0.000000000e+00
  0.000000000e+00  0.000000000e+00  0.000000000e+00  0.000000000e+00
  0.000000000e+00  0.000000000e+00  0.000000000e+00  0.000000000e+00
  0.000000000e+00  0.000000000e+00  0.000000000e+00  0.000000000e+00
  0.000000000e+00  0.000000000e+00  0.000000000e+00  0.000000000e+00
  0.000000000e+00  0.000000000e+00  0.000000000e+00  0.000000000e+00
  0.000000000e+00  0.000000000e+00  0.000000000e+00  0.000000000e+00
  0.000000000e+00  0.000000000e+00  0.000000000e+00  0.000000000e+00
  0.000000000e+00  0.000000000e+00  0.000000000e+00  0.000000000e+00
  0.000000000e+00  0.000000000e+00  0.000000000e+00  0.000000000e+00
  0.000000000e+00  0.000000000e+00  0.000000000e+00  0.000000000e+00
  0.000000000e+00  0.000000000e+00  0.000000000e+00  0.000000000e+00
  0.000000000e+00  0.000000000e+00  0.000000000e+00  0.000000000e+00
  0.000000000e+00  0.000000000e+00  0.000000000e+00  0.000000000e+00
  0.000000000e+00  0.000000000e+00  0.000000000e+00  0.000000000e+00
  0.000000000e+00
@R CURRF 101 []
  0.000000000e+00  0.000000000e+00  0.000000000e+00  0.000000000e+00
  0.000000000e+00  0.000000000e+00  0.000000000e+00  0.000000000e+00
  0.000000000e+00  0.000000000e+00  0.000000000e+00  0.000000000e+00
  0.000000000e+00  0.000000000e+00  0.000000000e+00  0.000000000e+00
  0.000000000e+00  0.000000000e+00  0.000000000e+00  0.000000000e+00
  0.000000000e+00  0.000000000e+00  0.000000000e+00  0.000000000e+00
  0.000000000e+00  0.000000000e+00  0.000000000e+00  0.000000000e+00
  0.000000000e+00  0.000000000e+00  0.000000000e+00  0.000000000e+00
  0.000000000e+00  0.000000000e+00  0.000000000e+00  0.000000000e+00
  0.000000000e+00  0.000000000e+00  0.000000000e+00  0.000000000e+00
  0.000000000e+00  0.000000000e+00  0.000000000e+00  0.000000000e+00
  0.000000000e+00  0.000000000e+00  0.000000000e+00  0.000000000e+00
  0.000000000e+00  0.000000000e+00  0.000000000e+00  0.000000000e+00
  0.000000000e+00  0.000000000e+00  0.000000000e+00  0.000000000e+00
  0.000000000e+00  0.000000000e+00  0.000000000e+00  0.000000000e+00
  0.000000000e+00  0.000000000e+00  0.000000000e+00  0.000000000e+00
  0.000000000e+00  0.000000000e+00  0.000000000e+00  0.000000000e+00
  0.000000000e+00  0.000000000e+00  0.000000000e+00  0.000000000e+00
  0.000000000e+00  0.000000000e+00  0.000000000e+00  0.000000000e+00
  0.000000000e+00  0.000000000e+00  0.000000000e+00  0.000000000e+00
  0.000000000e+00  0.000000000e+00  0.000000000e+00  0.000000000e+00
  0.000000000e+00  0.000000000e+00  0.000000000e+00  0.000000000e+00
  0.000000000e+00  0.000000000e+00  0.000000000e+00  0.000000000e+00
  0.000000000e+00  0.000000000e+00  0.000000000e+00  0.000000000e+00
  0.000000000e+00  0.000000000e+00  0.000000000e+00  0.000000000e+00
  0.000000000e+00
@R CURBOOT 101 []
  3.726578333e-01  5.589867499e-01  8.186885672e-01  9.258723842e-01
  9.757632104e-01  9.989853726e-01  1.008396967e+00  1.010141404e+00
  1.007449889e+00  1.002171300e+00  9.954513276e-01  9.880423937e-01
  9.804483541e-01  9.729615513e-01  9.656411823e-01  9.583642144e-01
  9.510068496e-01  9.435543855e-01  9.360358947e-01  9.284625178e-01
  9.208288526e-01  9.131204871e-01  9.053225675e-01  8.974263959e-01
  8.894272937e-01  8.813192162e-01  8.730948819e-01  8.647477328e-01
  8.562738900e-01  8.476741993e-01  8.389482811e-01  8.300911344e-01
  8.211013591e-01  8.119812576e-01  8.027313593e-01  7.933519007e-01
  7.838451352e-01  7.742151616e-01  7.644664823e-01  7.546038714e-01
  7.446321805e-01  7.345564767e-01  7.243825548e-01  7.141158985e-01
  7.037623282e-01  6.933279913e-01  6.828183933e-01  6.722394360e-01
  6.615970562e-01  6.508968629e-01  6.401447608e-01  6.293463331e-01
  6.185069184e-01  6.076318892e-01  5.967267422e-01  5.857968216e-01
  5.748468637e-01  5.638815861e-01  5.529056433e-01  5.419235579e-01
  5.309406718e-01  5.199626166e-01  5.089936976e-01  4.980351282e-01
  4.870853607e-01  4.761528397e-01  4.652815509e-01  4.545579758e-01
  4.440774837e-01  4.339160866e-01  4.241305448e-01  4.147569261e-01
  4.058163196e-01  3.973258848e-01  3.893010949e-01  3.817613639e-01
  3.747394087e-01  3.682909792e-01  3.625103490e-01  3.575536500e-01
  3.536731285e-01  3.512662590e-01  3.509526346e-01  3.536979038e-01
  3.609796390e-01  3.749622908e-01  3.986707178e-01  4.362126140e-01
  4.927771416e-01  5.737165941e-01  6.820473603e-01  8.137172714e-01
  9.513281221e-01  1.060860274e+00  1.098668932e+00  1.032327760e+00
  8.636848035e-01  6.316262976e-01  3.933964713e-01  1.909907230e-01
  1.241643504e-02
@R ENBEAM 101 []
  0.000000000e+00  0.000000000e+00  0.000000000e+00  0.000000000e+00
  0.000000000e+00  0.000000000e+00  0.000000000e+00  0.000000000e+00
  0.000000000e+00  0.000000000e+00  0.000000000e+00  0.000000000e+00
  0.000000000e+00  0.000000000e+00  0.000000000e+00  0.000000000e+00
  0.000000000e+00  0.000000000e+00  0.000000000e+00  0.000000000e+00
  0.000000000e+00  0.000000000e+00  0.000000000e+00  0.000000000e+00
  0.000000000e+00  0.000000000e+00  0.000000000e+00  0.000000000e+00
  0.000000000e+00  0.000000000e+00  0.000000000e+00  0.000000000e+00
  0.000000000e+00  0.000000000e+00  0.000000000e+00  0.000000000e+00
  0.000000000e+00  0.000000000e+00  0.000000000e+00  0.000000000e+00
  0.000000000e+00  0.000000000e+00  0.000000000e+00  0.000000000e+00
  0.000000000e+00  0.000000000e+00  0.000000000e+00  0.000000000e+00
  0.000000000e+00  0.000000000e+00  0.000000000e+00  0.000000000e+00
  0.000000000e+00  0.000000000e+00  0.000000000e+00  0.000000000e+00
  0.000000000e+00  0.000000000e+00  0.000000000e+00  0.000000000e+00
  0.000000000e+00  0.000000000e+00  0.000000000e+00  0.000000000e+00
  0.000000000e+00  0.000000000e+00  0.000000000e+00  0.000000000e+00
  0.000000000e+00  0.000000000e+00  0.000000000e+00  0.000000000e+00
  0.000000000e+00  0.000000000e+00  0.000000000e+00  0.000000000e+00
  0.000000000e+00  0.000000000e+00  0.000000000e+00  0.000000000e+00
  0.000000000e+00  0.000000000e+00  0.000000000e+00  0.000000000e+00
  0.000000000e+00  0.000000000e+00  0.000000000e+00  0.000000000e+00
  0.000000000e+00  0.000000000e+00  0.000000000e+00  0.000000000e+00
  0.000000000e+00  0.000000000e+00  0.000000000e+00  0.000000000e+00
  0.000000000e+00  0.000000000e+00  0.000000000e+00  0.000000000e+00
  0.000000000e+00
@R WBEAM 101 []
  0.000000000e+00  0.000000000e+00  0.000000000e+00  0.000000000e+00
  0.000000000e+00  0.000000000e+00  0.000000000e+00  0.000000000e+00
  0.000000000e+00  0.000000000e+00  0.000000000e+00  0.000000000e+00
  0.000000000e+00  0.000000000e+00  0.000000000e+00  0.000000000e+00
  0.000000000e+00  0.000000000e+00  0.000000000e+00  0.000000000e+00
  0.000000000e+00  0.000000000e+00  0.000000000e+00  0.000000000e+00
  0.000000000e+00  0.000000000e+00  0.000000000e+00  0.000000000e+00
  0.000000000e+00  0.000000000e+00  0.000000000e+00  0.000000000e+00
  0.000000000e+00  0.000000000e+00  0.000000000e+00  0.000000000e+00
  0.000000000e+00  0.000000000e+00  0.000000000e+00  0.000000000e+00
  0.000000000e+00  0.000000000e+00  0.000000000e+00  0.000000000e+00
  0.000000000e+00  0.000000000e+00  0.000000000e+00  0.000000000e+00
  0.000000000e+00  0.000000000e+00  0.000000000e+00  0.000000000e+00
  0.000000000e+00  0.000000000e+00  0.000000000e+00  0.000000000e+00
  0.000000000e+00  0.000000000e+00  0.000000000e+00  0.000000000e+00
  0.000000000e+00  0.000000000e+00  0.000000000e+00  0.000000000e+00
  0.000000000e+00  0.000000000e+00  0.000000000e+00  0.000000000e+00
  0.000000000e+00  0.000000000e+00  0.000000000e+00  0.000000000e+00
  0.000000000e+00  0.000000000e+00  0.000000000e+00  0.000000000e+00
  0.000000000e+00  0.000000000e+00  0.000000000e+00  0.000000000e+00
  0.000000000e+00  0.000000000e+00  0.000000000e+00  0.000000000e+00
  0.000000000e+00  0.000000000e+00  0.000000000e+00  0.000000000e+00
  0.000000000e+00  0.000000000e+00  0.000000000e+00  0.000000000e+00
  0.000000000e+00  0.000000000e+00  0.000000000e+00  0.000000000e+00
  0.000000000e+00  0.000000000e+00  0.000000000e+00  0.000000000e+00
  0.000000000e+00
@R QBEAME 101 []
  0.000000000e+00  0.000000000e+00  0.000000000e+00  0.000000000e+00
  0.000000000e+00  0.000000000e+00  0.000000000e+00  0.000000000e+00
  0.000000000e+00  0.000000000e+00  0.000000000e+00  0.000000000e+00
  0.000000000e+00  0.000000000e+00  0.000000000e+00  0.000000000e+00
  0.000000000e+00  0.000000000e+00  0.000000000e+00  0.000000000e+00
  0.000000000e+00  0.000000000e+00  0.000000000e+00  0.000000000e+00
  0.000000000e+00  0.000000000e+00  0.000000000e+00  0.000000000e+00
  0.000000000e+00  0.000000000e+00  0.000000000e+00  0.000000000e+00
  0.000000000e+00  0.000000000e+00  0.000000000e+00  0.000000000e+00
  0.000000000e+00  0.000000000e+00  0.000000000e+00  0.000000000e+00
  0.000000000e+00  0.000000000e+00  0.000000000e+00  0.000000000e+00
  0.000000000e+00  0.000000000e+00  0.000000000e+00  0.000000000e+00
  0.000000000e+00  0.000000000e+00  0.000000000e+00  0.000000000e+00
  0.000000000e+00  0.000000000e+00  0.000000000e+00  0.000000000e+00
  0.000000000e+00  0.000000000e+00  0.000000000e+00  0.000000000e+00
  0.000000000e+00  0.000000000e+00  0.000000000e+00  0.000000000e+00
  0.000000000e+00  0.000000000e+00  0.000000000e+00  0.000000000e+00
  0.000000000e+00  0.000000000e+00  0.000000000e+00  0.000000000e+00
  0.000000000e+00  0.000000000e+00  0.000000000e+00  0.000000000e+00
  0.000000000e+00  0.000000000e+00  0.000000000e+00  0.000000000e+00
  0.000000000e+00  0.000000000e+00  0.000000000e+00  0.000000000e+00
  0.000000000e+00  0.000000000e+00  0.000000000e+00  0.000000000e+00
  0.000000000e+00  0.000000000e+00  0.000000000e+00  0.000000000e+00
  0.000000000e+00  0.000000000e+00  0.000000000e+00  0.000000000e+00
  0.000000000e+00  0.000000000e+00  0.000000000e+00  0.000000000e+00
  0.000000000e+00
@R QBEAMI 101 []
  0.000000000e+00  0.000000000e+00  0.000000000e+00  0.000000000e+00
  0.000000000e+00  0.000000000e+00  0.000000000e+00  0.000000000e+00
  0.000000000e+00  0.000000000e+00  0.000000000e+00  0.000000000e+00
  0.000000000e+00  0.000000000e+00  0.000000000e+00  0.000000000e+00
  0.000000000e+00  0.000000000e+00  0.000000000e+00  0.000000000e+00
  0.000000000e+00  0.000000000e+00  0.000000000e+00  0.000000000e+00
  0.000000000e+00  0.000000000e+00  0.000000000e+00  0.000000000e+00
  0.000000000e+00  0.000000000e+00  0.000000000e+00  0.000000000e+00
  0.000000000e+00  0.000000000e+00  0.000000000e+00  0.000000000e+00
  0.000000000e+00  0.000000000e+00  0.000000000e+00  0.000000000e+00
  0.000000000e+00  0.000000000e+00  0.000000000e+00  0.000000000e+00
  0.000000000e+00  0.000000000e+00  0.000000000e+00  0.000000000e+00
  0.000000000e+00  0.000000000e+00  0.000000000e+00  0.000000000e+00
  0.000000000e+00  0.000000000e+00  0.000000000e+00  0.000000000e+00
  0.000000000e+00  0.000000000e+00  0.000000000e+00  0.000000000e+00
  0.000000000e+00  0.000000000e+00  0.000000000e+00  0.000000000e+00
  0.000000000e+00  0.000000000e+00  0.000000000e+00  0.000000000e+00
  0.000000000e+00  0.000000000e+00  0.000000000e+00  0.000000000e+00
  0.000000000e+00  0.000000000e+00  0.000000000e+00  0.000000000e+00
  0.000000000e+00  0.000000000e+00  0.000000000e+00  0.000000000e+00
  0.000000000e+00  0.000000000e+00  0.000000000e+00  0.000000000e+00
  0.000000000e+00  0.000000000e+00  0.000000000e+00  0.000000000e+00
  0.000000000e+00  0.000000000e+00  0.000000000e+00  0.000000000e+00
  0.000000000e+00  0.000000000e+00  0.000000000e+00  0.000000000e+00
  0.000000000e+00  0.000000000e+00  0.000000000e+00  0.000000000e+00
  0.000000000e+00
@R ENALP 101 []
  0.000000000e+00  0.000000000e+00  0.000000000e+00  0.000000000e+00
  0.000000000e+00  0.000000000e+00  0.000000000e+00  0.000000000e+00
  0.000000000e+00  0.000000000e+00  0.000000000e+00  0.000000000e+00
  0.000000000e+00  0.000000000e+00  0.000000000e+00  0.000000000e+00
  0.000000000e+00  0.000000000e+00  0.000000000e+00  0.000000000e+00
  0.000000000e+00  0.000000000e+00  0.000000000e+00  0.000000000e+00
  0.000000000e+00  0.000000000e+00  0.000000000e+00  0.000000000e+00
  0.000000000e+00  0.000000000e+00  0.000000000e+00  0.000000000e+00
  0.000000000e+00  0.000000000e+00  0.000000000e+00  0.000000000e+00
  0.000000000e+00  0.000000000e+00  0.000000000e+00  0.000000000e+00
  0.000000000e+00  0.000000000e+00  0.000000000e+00  0.000000000e+00
  0.000000000e+00  0.000000000e+00  0.000000000e+00  0.000000000e+00
  0.000000000e+00  0.000000000e+00  0.000000000e+00  0.000000000e+00
  0.000000000e+00  0.000000000e+00  0.000000000e+00  0.000000000e+00
  0.000000000e+00  0.000000000e+00  0.000000000e+00  0.000000000e+00
  0.000000000e+00  0.000000000e+00  0.000000000e+00  0.000000000e+00
  0.000000000e+00  0.000000000e+00  0.000000000e+00  0.000000000e+00
  0.000000000e+00  0.000000000e+00  0.000000000e+00  0.000000000e+00
  0.000000000e+00  0.000000000e+00  0.000000000e+00  0.000000000e+00
  0.000000000e+00  0.000000000e+00  0.000000000e+00  0.000000000e+00
  0.000000000e+00  0.000000000e+00  0.000000000e+00  0.000000000e+00
  0.000000000e+00  0.000000000e+00  0.000000000e+00  0.000000000e+00
  0.000000000e+00  0.000000000e+00  0.000000000e+00  0.000000000e+00
  0.000000000e+00  0.000000000e+00  0.000000000e+00  0.000000000e+00
  0.000000000e+00  0.000000000e+00  0.000000000e+00  0.000000000e+00
  0.000000000e+00
@R WALP 101 []
  0.000000000e+00  0.000000000e+00  0.000000000e+00  0.000000000e+00
  0.000000000e+00  0.000000000e+00  0.000000000e+00  0.000000000e+00
  0.000000000e+00  0.000000000e+00  0.000000000e+00  0.000000000e+00
  0.000000000e+00  0.000000000e+00  0.000000000e+00  0.000000000e+00
  0.000000000e+00  0.000000000e+00  0.000000000e+00  0.000000000e+00
  0.000000000e+00  0.000000000e+00  0.000000000e+00  0.000000000e+00
  0.000000000e+00  0.000000000e+00  0.000000000e+00  0.000000000e+00
  0.000000000e+00  0.000000000e+00  0.000000000e+00  0.000000000e+00
  0.000000000e+00  0.000000000e+00  0.000000000e+00  0.000000000e+00
  0.000000000e+00  0.000000000e+00  0.000000000e+00  0.000000000e+00
  0.000000000e+00  0.000000000e+00  0.000000000e+00  0.000000000e+00
  0.000000000e+00  0.000000000e+00  0.000000000e+00  0.000000000e+00
  0.000000000e+00  0.000000000e+00  0.000000000e+00  0.000000000e+00
  0.000000000e+00  0.000000000e+00  0.000000000e+00  0.000000000e+00
  0.000000000e+00  0.000000000e+00  0.000000000e+00  0.000000000e+00
  0.000000000e+00  0.000000000e+00  0.000000000e+00  0.000000000e+00
  0.000000000e+00  0.000000000e+00  0.000000000e+00  0.000000000e+00
  0.000000000e+00  0.000000000e+00  0.000000000e+00  0.000000000e+00
  0.000000000e+00  0.000000000e+00  0.000000000e+00  0.000000000e+00
  0.000000000e+00  0.000000000e+00  0.000000000e+00  0.000000000e+00
  0.000000000e+00  0.000000000e+00  0.000000000e+00  0.000000000e+00
  0.000000000e+00  0.000000000e+00  0.000000000e+00  0.000000000e+00
  0.000000000e+00  0.000000000e+00  0.000000000e+00  0.000000000e+00
  0.000000000e+00  0.000000000e+00  0.000000000e+00  0.000000000e+00
  0.000000000e+00  0.000000000e+00  0.000000000e+00  0.000000000e+00
  0.000000000e+00
@R QTFUSE 101 []
  1.088053568e+00  1.080726920e+00  1.072773257e+00  1.064204583e+00
  1.055033060e+00  1.045271052e+00  1.034931150e+00  1.024026218e+00
  1.012569423e+00  1.000574271e+00  9.880546482e-01  9.750248493e-01
  9.614996171e-01  9.474941714e-01  9.330242472e-01  9.181061237e-01
  9.027566532e-01  8.869932867e-01  8.708341069e-01  8.542978414e-01
  8.374038901e-01  8.201723365e-01  8.026239679e-01  7.847802718e-01
  7.666634541e-01  7.482964282e-01  7.297028108e-01  7.109069127e-01
  6.919337187e-01  6.728088600e-01  6.535585876e-01  6.342097262e-01
  6.147896299e-01  5.953261290e-01  5.758474623e-01  5.563822075e-01
  5.369592037e-01  5.176074583e-01  4.983560564e-01  4.792340535e-01
  4.602703650e-01  4.414936525e-01  4.229321966e-01  4.046137726e-01
  3.865655160e-01  3.688137906e-01  3.513840524e-01  3.343007138e-01
  3.175870109e-01  3.012648733e-01  2.853547982e-01  2.698757339e-01
  2.548449696e-01  2.402780355e-01  2.261886168e-01  2.125884792e-01
  1.994874097e-01  1.868931733e-01  1.748114872e-01  1.632460114e-01
  1.521983582e-01  1.416681182e-01  1.316529061e-01  1.221484209e-01
  1.131485255e-01  1.046453382e-01  9.662933952e-02  8.908948983e-02
  8.201335661e-02  7.538724868e-02  6.919635415e-02  6.342488002e-02
  5.805618873e-02  5.307292805e-02  4.845714964e-02  4.419040891e-02
  4.025384045e-02  3.662819658e-02  3.329383805e-02  3.023065723e-02
  2.741791098e-02  2.483393348e-02  2.245569291e-02  2.025815825e-02
  1.821346464e-02  1.628994110e-02  1.445125944e-02  1.265640003e-02
  1.086197471e-02  9.029760751e-03  7.143397886e-03  5.236172656e-03
  3.420318048e-03  1.884083228e-03  8.116249541e-04  2.471019650e-04
  4.621774978e-05  4.263075729e-06  1.255178258e-07  3.528849936e-10
  1.401876301e-16
@R QTFUSI 101 []
  4.121447819e-01  4.081761520e-01  4.038782076e-01  3.992620726e-01
  3.943391597e-01  3.891211634e-01  3.836200498e-01  3.778480495e-01
  3.718176466e-01  3.655415733e-01  3.590327968e-01  3.523045117e-01
  3.453701272e-01  3.382432568e-01  3.309377055e-01  3.234674564e-01
  3.158466554e-01  3.080895944e-01  3.002106960e-01  2.922244915e-01
  2.841456029e-01  2.759887185e-01  2.677685712e-01  2.594999089e-01
  2.511974708e-01  2.428759550e-01  2.345499873e-01  2.262340889e-01
  2.179426406e-01  2.096898450e-01  2.014896896e-01  1.933559050e-01
  1.853019239e-01  1.773408393e-01  1.694853602e-01  1.617477678e-01
  1.541398717e-01  1.466729649e-01  1.393577814e-01  1.322044522e-01
  1.252224642e-01  1.184206222e-01  1.118070099e-01  1.053889574e-01
  9.917300913e-02  9.316489870e-02  8.736952512e-02  8.179093628e-02
  7.643231642e-02  7.129597985e-02  6.638337020e-02  6.169506649e-02
  5.723079511e-02  5.298944808e-02  4.896910824e-02  4.516708016e-02
  4.157992715e-02  3.820351388e-02  3.503305432e-02  3.206316398e-02
  2.928791635e-02  2.670090233e-02  2.429529251e-02  2.206390073e-02
  1.999924876e-02  1.809363081e-02  1.633917717e-02  1.472791623e-02
  1.325183407e-02  1.190293073e-02  1.067327268e-02  9.555040805e-03
  8.540573258e-03  7.622402698e-03  6.793287436e-03  6.046235762e-03
  5.374523079e-03  4.771700762e-03  4.231596028e-03  3.748301233e-03
  3.316150919e-03  2.929684515e-03  2.583592451e-03  2.272644610e-03
  1.991604118e-03  1.735140224e-03  1.497779297e-03  1.273984807e-03
  1.058548464e-03  8.475926607e-04  6.405058726e-04  4.426693883e-04
  2.672656475e-04  1.321636085e-04  4.906840991e-05  1.220257091e-05
  1.743809581e-06  1.133184565e-07  2.117220402e-09  3.191882948e-12
  4.255651874e-19
@R QRFE 101 []
  5.936801434e-01  5.933504127e-01  5.923623189e-01  5.907191513e-01
  5.884263712e-01  5.854915824e-01  5.819244889e-01  5.777368412e-01
  5.729423722e-01  5.675567221e-01  5.615973531e-01  5.550834556e-01
  5.480358449e-01  5.404768504e-01  5.324301984e-01  5.239208876e-01
  5.149750603e-01  5.056198688e-01  4.958833389e-01  4.857942302e-01
  4.753818962e-01  4.646761425e-01  4.537070867e-01  4.425050188e-01
  4.311002644e-01  4.195230509e-01  4.078033772e-01  3.959708887e-01
  3.840547573e-01  3.720835675e-01  3.600852090e-01  3.480867764e-01
  3.361144766e-01  3.241935439e-01  3.123481631e-01  3.006014015e-01
  2.889751491e-01  2.774900675e-01  2.661655472e-01  2.550196740e-01
  2.440692036e-01  2.333295440e-01  2.228147470e-01  2.125375063e-01
  2.025091639e-01  1.927397234e-01  1.832378690e-01  1.740109926e-01
  1.650652244e-01  1.564054707e-01  1.480354551e-01  1.399577645e-01
  1.321738991e-01  1.246843246e-01  1.174885280e-01  1.105850756e-01
  1.039716715e-01  9.764521896e-02  9.160188099e-02  8.583714226e-02
  8.034587035e-02  7.512237668e-02  7.016047649e-02  6.545354767e-02
  6.099458804e-02  5.677627092e-02  5.279099860e-02  4.903095367e-02
  4.548814790e-02  4.215446859e-02  3.902172229e-02  3.608167575e-02
  3.332609405e-02  3.074677589e-02  2.833558607e-02  2.608448505e-02
  2.398555577e-02  2.203102762e-02  2.021329781e-02  1.852495001e-02
  1.695877060e-02  1.550776235e-02  1.416515591e-02  1.292441907e-02
  1.177926397e-02  1.072365240e-02  9.751799248e-03  8.858174412e-03
  8.037503081e-03  7.284764698e-03  6.595190657e-03  5.964260887e-03
  5.387699435e-03  4.861469192e-03  4.381765854e-03  3.945011251e-03
  3.547846129e-03  3.187122503e-03  2.859895654e-03  2.563415875e-03
  2.295120023e-03
@R QRFI 101 []
  1.583147049e-01  1.582267767e-01  1.579632851e-01  1.575251070e-01
  1.569136990e-01  1.561310887e-01  1.551798637e-01  1.540631576e-01
  1.527846326e-01  1.513484592e-01  1.497592942e-01  1.480222548e-01
  1.461428920e-01  1.441271601e-01  1.419813862e-01  1.397122367e-01
  1.373266827e-01  1.348319650e-01  1.322355570e-01  1.295451281e-01
  1.267685056e-01  1.239136380e-01  1.209885564e-01  1.180013383e-01
  1.149600705e-01  1.118728136e-01  1.087475672e-01  1.055922370e-01
  1.024146019e-01  9.922228467e-02  9.602272240e-02  9.282314038e-02
  8.963052711e-02  8.645161170e-02  8.329284348e-02  8.016037373e-02
  7.706003976e-02  7.399735132e-02  7.097747924e-02  6.800524640e-02
  6.508512095e-02  6.222121173e-02  5.941726586e-02  5.667666834e-02
  5.400244372e-02  5.139725956e-02  4.886343174e-02  4.640293135e-02
  4.401739317e-02  4.170812551e-02  3.947612135e-02  3.732207054e-02
  3.524637309e-02  3.324915322e-02  3.133027414e-02  2.948935349e-02
  2.772577907e-02  2.603872506e-02  2.442716826e-02  2.288990460e-02
  2.142556543e-02  2.003263378e-02  1.870946040e-02  1.745427938e-02
  1.626522348e-02  1.514033891e-02  1.407759963e-02  1.307492098e-02
  1.213017277e-02  1.124119162e-02  1.040579261e-02  9.621780201e-03
  8.886958412e-03  8.199140237e-03  7.556156285e-03  6.955862681e-03
  6.396148205e-03  5.874940699e-03  5.390212749e-03  4.939986671e-03
  4.522338827e-03  4.135403292e-03  3.777374908e-03  3.446511751e-03
  3.141137059e-03  2.859640639e-03  2.600479799e-03  2.362179843e-03
  2.143334155e-03  1.942603919e-03  1.758717509e-03  1.590469570e-03
  1.436719849e-03  1.296391785e-03  1.168470895e-03  1.052003000e-03
  9.460923011e-04  8.498993340e-04  7.626388411e-04  6.835775666e-04
  6.120320060e-04
@R QRAD 101 []
 -2.085383997e-01 -2.074999517e-01 -2.063785721e-01 -2.051765127e-01
 -2.038960654e-01 -2.025395591e-01 -2.011093566e-01 -1.996078512e-01
 -1.980374632e-01 -1.964006373e-01 -1.946998387e-01 -1.929375505e-01
 -1.911162701e-01 -1.892385064e-01 -1.873067765e-01 -1.853236031e-01
 -1.832915110e-01 -1.812130246e-01 -1.790906646e-01 -1.769269450e-01
 -1.747243708e-01 -1.724854348e-01 -1.702126150e-01 -1.679083714e-01
 -1.655751442e-01 -1.632153503e-01 -1.608313811e-01 -1.584256001e-01
 -1.560003401e-01 -1.535579013e-01 -1.511005483e-01 -1.486305084e-01
 -1.461499688e-01 -1.436610756e-01 -1.411659305e-01 -1.386665897e-01
 -1.361650619e-01 -1.336633066e-01 -1.311632326e-01 -1.286666964e-01
 -1.261755011e-01 -1.236913954e-01 -1.212160720e-01 -1.187511674e-01
 -1.162982608e-01 -1.138588741e-01 -1.114344709e-01 -1.090264572e-01
 -1.066361807e-01 -1.042649316e-01 -1.019139425e-01 -9.958438938e-02
 -9.727739259e-02 -9.499401702e-02 -9.273527409e-02 -9.050212247e-02
 -8.829546981e-02 -8.611617378e-02 -8.396504426e-02 -8.184284458e-02
 -7.975029367e-02 -7.768806705e-02 -7.565679930e-02 -7.365708489e-02
 -7.168947997e-02 -6.975450301e-02 -6.785263541e-02 -6.598432107e-02
 -6.414996505e-02 -6.234993063e-02 -6.058453383e-02 -5.885403474e-02
 -5.715862380e-02 -5.549840090e-02 -5.387334378e-02 -5.228326054e-02
 -5.072771978e-02 -4.920594599e-02 -4.771666618e-02 -4.625788325e-02
 -4.482654315e-02 -4.341804864e-02 -4.202555349e-02 -4.063894968e-02
 -3.924344160e-02 -3.781759969e-02 -3.633084255e-02 -3.474049699e-02
 -3.298908377e-02 -3.100352621e-02 -2.869977085e-02 -2.599845304e-02
 -2.285743626e-02 -1.931983655e-02 -1.555629347e-02 -1.185768351e-02
 -8.546607034e-03 -5.845788322e-03 -3.799602810e-03 -2.294354441e-03
 -1.095370502e-03
@R QOHM 101 []
  0.000000000e+00  0.000000000e+00  0.000000000e+00  0.000000000e+00
  0.000000000e+00  0.000000000e+00  0.000000000e+00  0.000000000e+00
  0.000000000e+00  0.000000000e+00  0.000000000e+00  0.000000000e+00
  0.000000000e+00  0.000000000e+00  0.000000000e+00  0.000000000e+00
  0.000000000e+00  0.000000000e+00  0.000000000e+00  0.000000000e+00
  0.000000000e+00  0.000000000e+00  0.000000000e+00  0.000000000e+00
  0.000000000e+00  0.000000000e+00  0.000000000e+00  0.000000000e+00
  0.000000000e+00  0.000000000e+00  0.000000000e+00  0.000000000e+00
  0.000000000e+00  0.000000000e+00  0.000000000e+00  0.000000000e+00
  0.000000000e+00  0.000000000e+00  0.000000000e+00  0.000000000e+00
  0.000000000e+00  0.000000000e+00  0.000000000e+00  0.000000000e+00
  0.000000000e+00  0.000000000e+00  0.000000000e+00  0.000000000e+00
  0.000000000e+00  0.000000000e+00  0.000000000e+00  0.000000000e+00
  0.000000000e+00  0.000000000e+00  0.000000000e+00  0.000000000e+00
  0.000000000e+00  0.000000000e+00  0.000000000e+00  0.000000000e+00
  0.000000000e+00  0.000000000e+00  0.000000000e+00  0.000000000e+00
  0.000000000e+00  0.000000000e+00  0.000000000e+00  0.000000000e+00
  0.000000000e+00  0.000000000e+00  0.000000000e+00  0.000000000e+00
  0.000000000e+00  0.000000000e+00  0.000000000e+00  0.000000000e+00
  0.000000000e+00  0.000000000e+00  0.000000000e+00  0.000000000e+00
  0.000000000e+00  0.000000000e+00  0.000000000e+00  0.000000000e+00
  0.000000000e+00  0.000000000e+00  0.000000000e+00  0.000000000e+00
  0.000000000e+00  0.000000000e+00  0.000000000e+00  0.000000000e+00
  0.000000000e+00  0.000000000e+00  0.000000000e+00  0.000000000e+00
  0.000000000e+00  0.000000000e+00  0.000000000e+00  0.000000000e+00
  0.000000000e+00
@R QIONE 101 []
  0.000000000e+00  0.000000000e+00  0.000000000e+00  0.000000000e+00
  0.000000000e+00  0.000000000e+00  0.000000000e+00  0.000000000e+00
  0.000000000e+00  0.000000000e+00  0.000000000e+00  0.000000000e+00
  0.000000000e+00  0.000000000e+00  0.000000000e+00  0.000000000e+00
  0.000000000e+00  0.000000000e+00  0.000000000e+00  0.000000000e+00
  0.000000000e+00  0.000000000e+00  0.000000000e+00  0.000000000e+00
  0.000000000e+00  0.000000000e+00  0.000000000e+00  0.000000000e+00
  0.000000000e+00  0.000000000e+00  0.000000000e+00  0.000000000e+00
  0.000000000e+00  0.000000000e+00  0.000000000e+00  0.000000000e+00
  0.000000000e+00  0.000000000e+00  0.000000000e+00  0.000000000e+00
  0.000000000e+00  0.000000000e+00  0.000000000e+00  0.000000000e+00
  0.000000000e+00  0.000000000e+00  0.000000000e+00  0.000000000e+00
  0.000000000e+00  0.000000000e+00  0.000000000e+00  0.000000000e+00
  0.000000000e+00  0.000000000e+00  0.000000000e+00  0.000000000e+00
  0.000000000e+00  0.000000000e+00  0.000000000e+00  0.000000000e+00
  0.000000000e+00  0.000000000e+00  0.000000000e+00  0.000000000e+00
  0.000000000e+00  0.000000000e+00  0.000000000e+00  0.000000000e+00
  0.000000000e+00  0.000000000e+00  0.000000000e+00  0.000000000e+00
  0.000000000e+00  0.000000000e+00  0.000000000e+00  0.000000000e+00
  0.000000000e+00  0.000000000e+00  0.000000000e+00  0.000000000e+00
  0.000000000e+00  0.000000000e+00  0.000000000e+00  0.000000000e+00
  0.000000000e+00  0.000000000e+00  0.000000000e+00  0.000000000e+00
  0.000000000e+00  0.000000000e+00  0.000000000e+00  0.000000000e+00
  0.000000000e+00  0.000000000e+00  0.000000000e+00  0.000000000e+00
  0.000000000e+00  0.000000000e+00  0.000000000e+00  0.000000000e+00
  0.000000000e+00
@R QIONI 101 []
  0.000000000e+00  0.000000000e+00  0.000000000e+00  0.000000000e+00
  0.000000000e+00  0.000000000e+00  0.000000000e+00  0.000000000e+00
  0.000000000e+00  0.000000000e+00  0.000000000e+00  0.000000000e+00
  0.000000000e+00  0.000000000e+00  0.000000000e+00  0.000000000e+00
  0.000000000e+00  0.000000000e+00  0.000000000e+00  0.000000000e+00
  0.000000000e+00  0.000000000e+00  0.000000000e+00  0.000000000e+00
  0.000000000e+00  0.000000000e+00  0.000000000e+00  0.000000000e+00
  0.000000000e+00  0.000000000e+00  0.000000000e+00  0.000000000e+00
  0.000000000e+00  0.000000000e+00  0.000000000e+00  0.000000000e+00
  0.000000000e+00  0.000000000e+00  0.000000000e+00  0.000000000e+00
  0.000000000e+00  0.000000000e+00  0.000000000e+00  0.000000000e+00
  0.000000000e+00  0.000000000e+00  0.000000000e+00  0.000000000e+00
  0.000000000e+00  0.000000000e+00  0.000000000e+00  0.000000000e+00
  0.000000000e+00  0.000000000e+00  0.000000000e+00  0.000000000e+00
  0.000000000e+00  0.000000000e+00  0.000000000e+00  0.000000000e+00
  0.000000000e+00  0.000000000e+00  0.000000000e+00  0.000000000e+00
  0.000000000e+00  0.000000000e+00  0.000000000e+00  0.000000000e+00
  0.000000000e+00  0.000000000e+00  0.000000000e+00  0.000000000e+00
  0.000000000e+00  0.000000000e+00  0.000000000e+00  0.000000000e+00
  0.000000000e+00  0.000000000e+00  0.000000000e+00  0.000000000e+00
  0.000000000e+00  0.000000000e+00  0.000000000e+00  0.000000000e+00
  0.000000000e+00  0.000000000e+00  0.000000000e+00  0.000000000e+00
  0.000000000e+00  0.000000000e+00  0.000000000e+00  0.000000000e+00
  0.000000000e+00  0.000000000e+00  0.000000000e+00  0.000000000e+00
  0.000000000e+00  0.000000000e+00  0.000000000e+00  0.000000000e+00
  0.000000000e+00
@R QCX 101 []
  0.000000000e+00  0.000000000e+00  0.000000000e+00  0.000000000e+00
  0.000000000e+00  0.000000000e+00  0.000000000e+00  0.000000000e+00
  0.000000000e+00  0.000000000e+00  0.000000000e+00  0.000000000e+00
  0.000000000e+00  0.000000000e+00  0.000000000e+00  0.000000000e+00
  0.000000000e+00  0.000000000e+00  0.000000000e+00  0.000000000e+00
  0.000000000e+00  0.000000000e+00  0.000000000e+00  0.000000000e+00
  0.000000000e+00  0.000000000e+00  0.000000000e+00  0.000000000e+00
  0.000000000e+00  0.000000000e+00  0.000000000e+00  0.000000000e+00
  0.000000000e+00  0.000000000e+00  0.000000000e+00  0.000000000e+00
  0.000000000e+00  0.000000000e+00  0.000000000e+00  0.000000000e+00
  0.000000000e+00  0.000000000e+00  0.000000000e+00  0.000000000e+00
  0.000000000e+00  0.000000000e+00  0.000000000e+00  0.000000000e+00
  0.000000000e+00  0.000000000e+00  0.000000000e+00  0.000000000e+00
  0.000000000e+00  0.000000000e+00  0.000000000e+00  0.000000000e+00
  0.000000000e+00  0.000000000e+00  0.000000000e+00  0.000000000e+00
  0.000000000e+00  0.000000000e+00  0.000000000e+00  0.000000000e+00
  0.000000000e+00  0.000000000e+00  0.000000000e+00  0.000000000e+00
  0.000000000e+00  0.000000000e+00  0.000000000e+00  0.000000000e+00
  0.000000000e+00  0.000000000e+00  0.000000000e+00  0.000000000e+00
  0.000000000e+00  0.000000000e+00  0.000000000e+00  0.000000000e+00
  0.000000000e+00  0.000000000e+00  0.000000000e+00  0.000000000e+00
  0.000000000e+00  0.000000000e+00  0.000000000e+00  0.000000000e+00
  0.000000000e+00  0.000000000e+00  0.000000000e+00  0.000000000e+00
  0.000000000e+00  0.000000000e+00  0.000000000e+00  0.000000000e+00
  0.000000000e+00  0.000000000e+00  0.000000000e+00  0.000000000e+00
  0.000000000e+00
@R STORQUEB 101 []
  0.000000000e+00  0.000000000e+00  0.000000000e+00  0.000000000e+00
  0.000000000e+00  0.000000000e+00  0.000000000e+00  0.000000000e+00
  0.000000000e+00  0.000000000e+00  0.000000000e+00  0.000000000e+00
  0.000000000e+00  0.000000000e+00  0.000000000e+00  0.000000000e+00
  0.000000000e+00  0.000000000e+00  0.000000000e+00  0.000000000e+00
  0.000000000e+00  0.000000000e+00  0.000000000e+00  0.000000000e+00
  0.000000000e+00  0.000000000e+00  0.000000000e+00  0.000000000e+00
  0.000000000e+00  0.000000000e+00  0.000000000e+00  0.000000000e+00
  0.000000000e+00  0.000000000e+00  0.000000000e+00  0.000000000e+00
  0.000000000e+00  0.000000000e+00  0.000000000e+00  0.000000000e+00
  0.000000000e+00  0.000000000e+00  0.000000000e+00  0.000000000e+00
  0.000000000e+00  0.000000000e+00  0.000000000e+00  0.000000000e+00
  0.000000000e+00  0.000000000e+00  0.000000000e+00  0.000000000e+00
  0.000000000e+00  0.000000000e+00  0.000000000e+00  0.000000000e+00
  0.000000000e+00  0.000000000e+00  0.000000000e+00  0.000000000e+00
  0.000000000e+00  0.000000000e+00  0.000000000e+00  0.000000000e+00
  0.000000000e+00  0.000000000e+00  0.000000000e+00  0.000000000e+00
  0.000000000e+00  0.000000000e+00  0.000000000e+00  0.000000000e+00
  0.000000000e+00  0.000000000e+00  0.000000000e+00  0.000000000e+00
  0.000000000e+00  0.000000000e+00  0.000000000e+00  0.000000000e+00
  0.000000000e+00  0.000000000e+00  0.000000000e+00  0.000000000e+00
  0.000000000e+00  0.000000000e+00  0.000000000e+00  0.000000000e+00
  0.000000000e+00  0.000000000e+00  0.000000000e+00  0.000000000e+00
  0.000000000e+00  0.000000000e+00  0.000000000e+00  0.000000000e+00
  0.000000000e+00  0.000000000e+00  0.000000000e+00  0.000000000e+00
  0.000000000e+00
@R STORQUE 101 []
  0.000000000e+00  0.000000000e+00  0.000000000e+00  0.000000000e+00
  0.000000000e+00  0.000000000e+00  0.000000000e+00  0.000000000e+00
  0.000000000e+00  0.000000000e+00  0.000000000e+00  0.000000000e+00
  0.000000000e+00  0.000000000e+00  0.000000000e+00  0.000000000e+00
  0.000000000e+00  0.000000000e+00  0.000000000e+00  0.000000000e+00
  0.000000000e+00  0.000000000e+00  0.000000000e+00  0.000000000e+00
  0.000000000e+00  0.000000000e+00  0.000000000e+00  0.000000000e+00
  0.000000000e+00  0.000000000e+00  0.000000000e+00  0.000000000e+00
  0.000000000e+00  0.000000000e+00  0.000000000e+00  0.000000000e+00
  0.000000000e+00  0.000000000e+00  0.000000000e+00  0.000000000e+00
  0.000000000e+00  0.000000000e+00  0.000000000e+00  0.000000000e+00
  0.000000000e+00  0.000000000e+00  0.000000000e+00  0.000000000e+00
  0.000000000e+00  0.000000000e+00  0.000000000e+00  0.000000000e+00
  0.000000000e+00  0.000000000e+00  0.000000000e+00  0.000000000e+00
  0.000000000e+00  0.000000000e+00  0.000000000e+00  0.000000000e+00
  0.000000000e+00  0.000000000e+00  0.000000000e+00  0.000000000e+00
  0.000000000e+00  0.000000000e+00  0.000000000e+00  0.000000000e+00
  0.000000000e+00  0.000000000e+00  0.000000000e+00  0.000000000e+00
  0.000000000e+00  0.000000000e+00  0.000000000e+00  0.000000000e+00
  0.000000000e+00  0.000000000e+00  0.000000000e+00  0.000000000e+00
  0.000000000e+00  0.000000000e+00  0.000000000e+00  0.000000000e+00
  0.000000000e+00  0.000000000e+00  0.000000000e+00  0.000000000e+00
  0.000000000e+00  0.000000000e+00  0.000000000e+00  0.000000000e+00
  0.000000000e+00  0.000000000e+00  0.000000000e+00  0.000000000e+00
  0.000000000e+00  0.000000000e+00  0.000000000e+00  0.000000000e+00
  0.000000000e+00
@R SION 101 []
  0.000000000e+00  0.000000000e+00  0.000000000e+00  0.000000000e+00
  0.000000000e+00  0.000000000e+00  0.000000000e+00  0.000000000e+00
  0.000000000e+00  0.000000000e+00  0.000000000e+00  0.000000000e+00
  0.000000000e+00  0.000000000e+00  0.000000000e+00  0.000000000e+00
  0.000000000e+00  0.000000000e+00  0.000000000e+00  0.000000000e+00
  0.000000000e+00  0.000000000e+00  0.000000000e+00  0.000000000e+00
  0.000000000e+00  0.000000000e+00  0.000000000e+00  0.000000000e+00
  0.000000000e+00  0.000000000e+00  0.000000000e+00  0.000000000e+00
  0.000000000e+00  0.000000000e+00  0.000000000e+00  0.000000000e+00
  0.000000000e+00  0.000000000e+00  0.000000000e+00  0.000000000e+00
  0.000000000e+00  0.000000000e+00  0.000000000e+00  0.000000000e+00
  0.000000000e+00  0.000000000e+00  0.000000000e+00  0.000000000e+00
  0.000000000e+00  0.000000000e+00  0.000000000e+00  0.000000000e+00
  0.000000000e+00  0.000000000e+00  0.000000000e+00  0.000000000e+00
  0.000000000e+00  0.000000000e+00  0.000000000e+00  0.000000000e+00
  0.000000000e+00  0.000000000e+00  0.000000000e+00  0.000000000e+00
  0.000000000e+00  0.000000000e+00  0.000000000e+00  0.000000000e+00
  0.000000000e+00  0.000000000e+00  0.000000000e+00  0.000000000e+00
  0.000000000e+00  0.000000000e+00  0.000000000e+00  0.000000000e+00
  0.000000000e+00  0.000000000e+00  0.000000000e+00  0.000000000e+00
  0.000000000e+00  0.000000000e+00  0.000000000e+00  0.000000000e+00
  0.000000000e+00  0.000000000e+00  0.000000000e+00  0.000000000e+00
  0.000000000e+00  0.000000000e+00  0.000000000e+00  0.000000000e+00
  0.000000000e+00  0.000000000e+00  0.000000000e+00  0.000000000e+00
  0.000000000e+00  0.000000000e+00  0.000000000e+00  0.000000000e+00
  0.000000000e+00
@R CHIE 101 []
  0.000000000e+00  0.000000000e+00  0.000000000e+00  0.000000000e+00
  0.000000000e+00  0.000000000e+00  0.000000000e+00  0.000000000e+00
  0.000000000e+00  0.000000000e+00  0.000000000e+00  0.000000000e+00
  0.000000000e+00  0.000000000e+00  0.000000000e+00  0.000000000e+00
  0.000000000e+00  0.000000000e+00  0.000000000e+00  0.000000000e+00
  0.000000000e+00  0.000000000e+00  0.000000000e+00  0.000000000e+00
  0.000000000e+00  0.000000000e+00  0.000000000e+00  0.000000000e+00
  0.000000000e+00  0.000000000e+00  0.000000000e+00  0.000000000e+00
  0.000000000e+00  0.000000000e+00  0.000000000e+00  0.000000000e+00
  0.000000000e+00  0.000000000e+00  0.000000000e+00  0.000000000e+00
  0.000000000e+00  0.000000000e+00  0.000000000e+00  0.000000000e+00
  0.000000000e+00  0.000000000e+00  0.000000000e+00  0.000000000e+00
  0.000000000e+00  0.000000000e+00  0.000000000e+00  0.000000000e+00
  0.000000000e+00  0.000000000e+00  0.000000000e+00  0.000000000e+00
  0.000000000e+00  0.000000000e+00  0.000000000e+00  0.000000000e+00
  0.000000000e+00  0.000000000e+00  0.000000000e+00  0.000000000e+00
  0.000000000e+00  0.000000000e+00  0.000000000e+00  0.000000000e+00
  0.000000000e+00  0.000000000e+00  0.000000000e+00  0.000000000e+00
  0.000000000e+00  0.000000000e+00  0.000000000e+00  0.000000000e+00
  0.000000000e+00  0.000000000e+00  0.000000000e+00  0.000000000e+00
  0.000000000e+00  0.000000000e+00  0.000000000e+00  0.000000000e+00
  0.000000000e+00  0.000000000e+00  0.000000000e+00  0.000000000e+00
  0.000000000e+00  0.000000000e+00  0.000000000e+00  0.000000000e+00
  0.000000000e+00  0.000000000e+00  0.000000000e+00  0.000000000e+00
  0.000000000e+00  0.000000000e+00  0.000000000e+00  0.000000000e+00
  0.000000000e+00
@R CHII 101 []
  0.000000000e+00  0.000000000e+00  0.000000000e+00  0.000000000e+00
  0.000000000e+00  0.000000000e+00  0.000000000e+00  0.000000000e+00
  0.000000000e+00  0.000000000e+00  0.000000000e+00  0.000000000e+00
  0.000000000e+00  0.000000000e+00  0.000000000e+00  0.000000000e+00
  0.000000000e+00  0.000000000e+00  0.000000000e+00  0.000000000e+00
  0.000000000e+00  0.000000000e+00  0.000000000e+00  0.000000000e+00
  0.000000000e+00  0.000000000e+00  0.000000000e+00  0.000000000e+00
  0.000000000e+00  0.000000000e+00  0.000000000e+00  0.000000000e+00
  0.000000000e+00  0.000000000e+00  0.000000000e+00  0.000000000e+00
  0.000000000e+00  0.000000000e+00  0.000000000e+00  0.000000000e+00
  0.000000000e+00  0.000000000e+00  0.000000000e+00  0.000000000e+00
  0.000000000e+00  0.000000000e+00  0.000000000e+00  0.000000000e+00
  0.000000000e+00  0.000000000e+00  0.000000000e+00  0.000000000e+00
  0.000000000e+00  0.000000000e+00  0.000000000e+00  0.000000000e+00
  0.000000000e+00  0.000000000e+00  0.000000000e+00  0.000000000e+00
  0.000000000e+00  0.000000000e+00  0.000000000e+00  0.000000000e+00
  0.000000000e+00  0.000000000e+00  0.000000000e+00  0.000000000e+00
  0.000000000e+00  0.000000000e+00  0.000000000e+00  0.000000000e+00
  0.000000000e+00  0.000000000e+00  0.000000000e+00  0.000000000e+00
  0.000000000e+00  0.000000000e+00  0.000000000e+00  0.000000000e+00
  0.000000000e+00  0.000000000e+00  0.000000000e+00  0.000000000e+00
  0.000000000e+00  0.000000000e+00  0.000000000e+00  0.000000000e+00
  0.000000000e+00  0.000000000e+00  0.000000000e+00  0.000000000e+00
  0.000000000e+00  0.000000000e+00  0.000000000e+00  0.000000000e+00
  0.000000000e+00  0.000000000e+00  0.000000000e+00  0.000000000e+00
  0.000000000e+00
