@R INFLAG 1 []
1.000000e+00 
@R IP 1 []
8.100000e+00 
@R BCENTR 1 []
7.000000e+00 
@R RMAJOR 1 []
4.000000e+00 
@R AMINOR 1 []
1.330000e+00 
@R ELONGB 1 []
2.000000e+00 
@R TRIANB 1 []
6.000000e-01 
@R AMAIN 1 []
2.500000e+00 
@R ZMAIN 1 []
1.000000e+00 
@R AIMP 2 []
9.000000e+00 4.000000e+01 
@R ZIMP 2 []
4.000000e+00 1.800000e+01 
@R RHO 101 []
0.000000e+00 1.000000e-02 2.000000e-02 3.000000e-02 4.000000e-02 
5.000000e-02 6.000000e-02 7.000000e-02 8.000000e-02 9.000000e-02 
1.000000e-01 1.100000e-01 1.200000e-01 1.300000e-01 1.400000e-01 
1.500000e-01 1.600000e-01 1.700000e-01 1.800000e-01 1.900000e-01 
2.000000e-01 2.100000e-01 2.200000e-01 2.300000e-01 2.400000e-01 
2.500000e-01 2.600000e-01 2.700000e-01 2.800000e-01 2.900000e-01 
3.000000e-01 3.100000e-01 3.200000e-01 3.300000e-01 3.400000e-01 
3.500000e-01 3.600000e-01 3.700000e-01 3.800000e-01 3.900000e-01 
4.000000e-01 4.100000e-01 4.200000e-01 4.300000e-01 4.400000e-01 
4.500000e-01 4.600000e-01 4.700000e-01 4.800000e-01 4.900000e-01 
5.000000e-01 5.100000e-01 5.200000e-01 5.300000e-01 5.400000e-01 
5.500000e-01 5.600000e-01 5.700000e-01 5.800000e-01 5.900000e-01 
6.000000e-01 6.100000e-01 6.200000e-01 6.300000e-01 6.400000e-01 
6.500000e-01 6.600000e-01 6.700000e-01 6.800000e-01 6.900000e-01 
7.000000e-01 7.100000e-01 7.200000e-01 7.300000e-01 7.400000e-01 
7.500000e-01 7.600000e-01 7.700000e-01 7.800000e-01 7.900000e-01 
8.000000e-01 8.100000e-01 8.200000e-01 8.300000e-01 8.400000e-01 
8.500000e-01 8.600000e-01 8.700000e-01 8.800000e-01 8.900000e-01 
9.000000e-01 9.100000e-01 9.200000e-01 9.300000e-01 9.400000e-01 
9.500000e-01 9.600000e-01 9.700000e-01 9.800000e-01 9.900000e-01 
1.000000e+00 
@R ENE 101 []
2.629701e+01 2.625957e+01 2.621922e+01 2.617599e+01 2.612993e+01 
2.608106e+01 2.602944e+01 2.597509e+01 2.591805e+01 2.585837e+01 
2.579607e+01 2.573120e+01 2.566380e+01 2.559390e+01 2.552153e+01 
2.544675e+01 2.536958e+01 2.529006e+01 2.520823e+01 2.512414e+01 
2.503781e+01 2.494928e+01 2.485859e+01 2.476578e+01 2.467090e+01 
2.457396e+01 2.447502e+01 2.437411e+01 2.427126e+01 2.416652e+01 
2.405993e+01 2.395152e+01 2.384132e+01 2.372938e+01 2.361574e+01 
2.350043e+01 2.338349e+01 2.326495e+01 2.314486e+01 2.302326e+01 
2.290017e+01 2.277565e+01 2.264972e+01 2.252242e+01 2.239379e+01 
2.226388e+01 2.213271e+01 2.200033e+01 2.186676e+01 2.173206e+01 
2.159626e+01 2.145939e+01 2.132150e+01 2.118262e+01 2.104278e+01 
2.090203e+01 2.076041e+01 2.061795e+01 2.047469e+01 2.033066e+01 
2.018591e+01 2.004048e+01 1.989439e+01 1.974769e+01 1.960041e+01 
1.945259e+01 1.930426e+01 1.915547e+01 1.900624e+01 1.885660e+01 
1.870658e+01 1.855621e+01 1.840548e+01 1.825442e+01 1.810300e+01 
1.795118e+01 1.779889e+01 1.764597e+01 1.749221e+01 1.733725e+01 
1.718055e+01 1.702127e+01 1.685817e+01 1.668940e+01 1.651218e+01 
1.632248e+01 1.611441e+01 1.587959e+01 1.560636e+01 1.527904e+01 
1.487786e+01 1.438019e+01 1.376452e+01 1.301819e+01 1.214806e+01 
1.118933e+01 1.020477e+01 9.269579e+00 8.448152e+00 7.776638e+00 
7.260125e+00 
@R TE 101 []
-2.156937e-02 -4.605572e-03 1.389168e-02 3.388987e-02 5.535653e-02 
7.825914e-02 1.025652e-01 1.282423e-01 1.552578e-01 1.835793e-01 
2.131742e-01 2.440102e-01 2.760546e-01 3.092750e-01 3.436390e-01 
3.791139e-01 4.156673e-01 4.532667e-01 4.918797e-01 5.314736e-01 
5.720161e-01 6.134746e-01 6.558166e-01 6.990096e-01 7.430212e-01 
7.878188e-01 8.333699e-01 8.796421e-01 9.266029e-01 9.742197e-01 
1.022460e+00 1.071291e+00 1.120681e+00 1.170597e+00 1.221007e+00 
1.271878e+00 1.323177e+00 1.374872e+00 1.426931e+00 1.479321e+00 
1.532010e+00 1.584965e+00 1.638153e+00 1.691542e+00 1.745100e+00 
1.798795e+00 1.852592e+00 1.906461e+00 1.960369e+00 2.014282e+00 
2.068170e+00 2.121998e+00 2.175735e+00 2.229348e+00 2.282805e+00 
2.336073e+00 2.389120e+00 2.441912e+00 2.494419e+00 2.546606e+00 
2.598442e+00 2.649893e+00 2.700928e+00 2.751513e+00 2.801616e+00 
2.851204e+00 2.900242e+00 2.948698e+00 2.996537e+00 3.043722e+00 
3.090218e+00 3.135983e+00 3.180974e+00 3.225143e+00 3.268429e+00 
3.310763e+00 3.352050e+00 3.392167e+00 3.430945e+00 3.468139e+00 
3.503400e+00 3.536215e+00 3.565825e+00 3.591110e+00 3.610408e+00 
3.621278e+00 3.620162e+00 3.601969e+00 3.559621e+00 3.483698e+00 
3.362539e+00 3.183356e+00 2.935076e+00 2.613177e+00 2.225269e+00 
1.794061e+00 1.353983e+00 9.414245e-01 5.838893e-01 2.943334e-01 
7.234499e-02 
@R TI 101 []
-2.156937e-02 -4.605572e-03 1.389168e-02 3.388987e-02 5.535653e-02 
7.825914e-02 1.025652e-01 1.282423e-01 1.552578e-01 1.835793e-01 
2.131742e-01 2.440102e-01 2.760546e-01 3.092750e-01 3.436390e-01 
3.791139e-01 4.156673e-01 4.532667e-01 4.918797e-01 5.314736e-01 
5.720161e-01 6.134746e-01 6.558166e-01 6.990096e-01 7.430212e-01 
7.878188e-01 8.333699e-01 8.796421e-01 9.266029e-01 9.742197e-01 
1.022460e+00 1.071291e+00 1.120681e+00 1.170597e+00 1.221007e+00 
1.271878e+00 1.323177e+00 1.374872e+00 1.426931e+00 1.479321e+00 
1.532010e+00 1.584965e+00 1.638153e+00 1.691542e+00 1.745100e+00 
1.798795e+00 1.852592e+00 1.906461e+00 1.960369e+00 2.014282e+00 
2.068170e+00 2.121998e+00 2.175735e+00 2.229348e+00 2.282805e+00 
2.336073e+00 2.389120e+00 2.441912e+00 2.494419e+00 2.546606e+00 
2.598442e+00 2.649893e+00 2.700928e+00 2.751513e+00 2.801616e+00 
2.851204e+00 2.900242e+00 2.948698e+00 2.996537e+00 3.043722e+00 
3.090218e+00 3.135983e+00 3.180974e+00 3.225143e+00 3.268429e+00 
3.310763e+00 3.352050e+00 3.392167e+00 3.430945e+00 3.468139e+00 
3.503400e+00 3.536215e+00 3.565825e+00 3.591110e+00 3.610408e+00 
3.621278e+00 3.620162e+00 3.601969e+00 3.559621e+00 3.483698e+00 
3.362539e+00 3.183356e+00 2.935076e+00 2.613177e+00 2.225269e+00 
1.794061e+00 1.353983e+00 9.414245e-01 5.838893e-01 2.943334e-01 
7.234499e-02 
@R OMEGA 101 []
5.000000e+03 4.992502e+03 4.978802e+03 4.961080e+03 4.940120e+03 
4.916382e+03 4.890179e+03 4.861743e+03 4.831258e+03 4.798873e+03 
4.764714e+03 4.728889e+03 4.691494e+03 4.652611e+03 4.612317e+03 
4.570680e+03 4.527764e+03 4.483626e+03 4.438322e+03 4.391901e+03 
4.344411e+03 4.295898e+03 4.246404e+03 4.195970e+03 4.144635e+03 
4.092438e+03 4.039413e+03 3.985597e+03 3.931022e+03 3.875722e+03 
3.819729e+03 3.763074e+03 3.705787e+03 3.647899e+03 3.589439e+03 
3.530435e+03 3.470916e+03 3.410910e+03 3.350445e+03 3.289547e+03 
3.228244e+03 3.166564e+03 3.104531e+03 3.042174e+03 2.979518e+03 
2.916589e+03 2.853414e+03 2.790019e+03 2.726431e+03 2.662674e+03 
2.598777e+03 2.534765e+03 2.470664e+03 2.406501e+03 2.342304e+03 
2.278099e+03 2.213913e+03 2.149775e+03 2.085711e+03 2.021750e+03 
1.957922e+03 1.894253e+03 1.830775e+03 1.767518e+03 1.704511e+03 
1.641786e+03 1.579374e+03 1.517309e+03 1.455623e+03 1.394351e+03 
1.333528e+03 1.273190e+03 1.213373e+03 1.154118e+03 1.095462e+03 
1.037449e+03 9.801196e+02 9.235197e+02 8.676957e+02 8.126966e+02 
7.585737e+02 7.053813e+02 6.531766e+02 6.020207e+02 5.519785e+02 
5.031198e+02 4.555197e+02 4.092600e+02 3.644299e+02 3.211277e+02 
2.794630e+02 2.395592e+02 2.015571e+02 1.656204e+02 1.319431e+02 
1.007622e+02 7.237776e+01 4.719105e+01 2.578550e+01 9.151105e+00 
0.000000e+00 
@R ZEFF 101 []
-nan -nan 1.393000e+00 1.393000e+00 1.393000e+00 
1.393000e+00 1.393000e+00 1.393000e+00 1.393000e+00 1.393000e+00 
1.393000e+00 1.393000e+00 1.393000e+00 1.393000e+00 1.393000e+00 
1.393000e+00 1.393000e+00 1.393000e+00 1.393000e+00 1.393000e+00 
1.393000e+00 1.393000e+00 1.393000e+00 1.393000e+00 1.393000e+00 
1.393001e+00 1.393001e+00 1.393001e+00 1.393002e+00 1.393003e+00 
1.393003e+00 1.393005e+00 1.393006e+00 1.393008e+00 1.393010e+00 
1.393012e+00 1.393015e+00 1.393019e+00 1.393023e+00 1.393028e+00 
1.393033e+00 1.393039e+00 1.393046e+00 1.393055e+00 1.393064e+00 
1.393074e+00 1.393085e+00 1.393097e+00 1.393111e+00 1.393125e+00 
1.393141e+00 1.393159e+00 1.393177e+00 1.393198e+00 1.393219e+00 
1.393242e+00 1.393266e+00 1.393292e+00 1.393319e+00 1.393348e+00 
1.393378e+00 1.393409e+00 1.393441e+00 1.393475e+00 1.393509e+00 
1.393545e+00 1.393582e+00 1.393619e+00 1.393658e+00 1.393697e+00 
1.393737e+00 1.393777e+00 1.393818e+00 1.393858e+00 1.393899e+00 
1.393940e+00 1.393980e+00 1.394020e+00 1.394058e+00 1.394095e+00 
1.394130e+00 1.394162e+00 1.394190e+00 1.394212e+00 1.394225e+00 
1.394225e+00 1.394208e+00 1.394167e+00 1.394094e+00 1.393983e+00 
1.393830e+00 1.393641e+00 1.393437e+00 1.393250e+00 1.393112e+00 
1.393037e+00 1.393008e+00 1.393001e+00 1.393000e+00 1.393000e+00 
1.393000e+00 
@R CURPAR 101 []
7.001567e-01 7.001567e-01 7.038981e-01 7.114773e-01 7.192438e-01 
7.271877e-01 7.352990e-01 7.435675e-01 7.519833e-01 7.605362e-01 
7.692164e-01 7.780137e-01 7.869181e-01 7.959195e-01 8.050079e-01 
8.141733e-01 8.234057e-01 8.326949e-01 8.420310e-01 8.514039e-01 
8.608035e-01 8.702199e-01 8.796430e-01 8.890628e-01 8.984691e-01 
9.078521e-01 9.172015e-01 9.265075e-01 9.357599e-01 9.449487e-01 
9.540639e-01 9.630955e-01 9.720333e-01 9.808674e-01 9.895877e-01 
9.981842e-01 1.006647e+00 1.014966e+00 1.023130e+00 1.031131e+00 
1.038958e+00 1.046601e+00 1.054049e+00 1.061294e+00 1.068324e+00 
1.075130e+00 1.081702e+00 1.088029e+00 1.094103e+00 1.099911e+00 
1.105446e+00 1.110696e+00 1.115651e+00 1.120302e+00 1.124638e+00 
1.128650e+00 1.132327e+00 1.135659e+00 1.138637e+00 1.141250e+00 
1.143488e+00 1.145341e+00 1.146799e+00 1.147853e+00 1.148491e+00 
1.147352e+00 1.140554e+00 1.124683e+00 1.099406e+00 1.065833e+00 
1.025078e+00 9.782519e-01 9.264663e-01 8.708334e-01 8.124649e-01 
7.524727e-01 6.919688e-01 6.320650e-01 5.738732e-01 5.185052e-01 
4.670729e-01 4.206883e-01 3.804630e-01 3.475091e-01 3.229384e-01 
3.168561e-01 3.404490e-01 3.891422e-01 4.595142e-01 5.562671e-01 
6.802482e-01 8.234960e-01 9.643958e-01 1.067793e+00 1.095298e+00 
1.024019e+00 8.613900e-01 6.435760e-01 4.166684e-01 2.090812e-01 
1.116457e-01 
@R CURBEAM 101 []
0.000000e+00 0.000000e+00 0.000000e+00 0.000000e+00 0.000000e+00 
0.000000e+00 0.000000e+00 0.000000e+00 0.000000e+00 0.000000e+00 
0.000000e+00 0.000000e+00 0.000000e+00 0.000000e+00 0.000000e+00 
0.000000e+00 0.000000e+00 0.000000e+00 0.000000e+00 0.000000e+00 
0.000000e+00 0.000000e+00 0.000000e+00 0.000000e+00 0.000000e+00 
0.000000e+00 0.000000e+00 0.000000e+00 0.000000e+00 0.000000e+00 
0.000000e+00 0.000000e+00 0.000000e+00 0.000000e+00 0.000000e+00 
0.000000e+00 0.000000e+00 0.000000e+00 0.000000e+00 0.000000e+00 
0.000000e+00 0.000000e+00 0.000000e+00 0.000000e+00 0.000000e+00 
0.000000e+00 0.000000e+00 0.000000e+00 0.000000e+00 0.000000e+00 
0.000000e+00 0.000000e+00 0.000000e+00 0.000000e+00 0.000000e+00 
0.000000e+00 0.000000e+00 0.000000e+00 0.000000e+00 0.000000e+00 
0.000000e+00 0.000000e+00 0.000000e+00 0.000000e+00 0.000000e+00 
0.000000e+00 0.000000e+00 0.000000e+00 0.000000e+00 0.000000e+00 
0.000000e+00 0.000000e+00 0.000000e+00 0.000000e+00 0.000000e+00 
0.000000e+00 0.000000e+00 0.000000e+00 0.000000e+00 0.000000e+00 
0.000000e+00 0.000000e+00 0.000000e+00 0.000000e+00 0.000000e+00 
0.000000e+00 0.000000e+00 0.000000e+00 0.000000e+00 0.000000e+00 
0.000000e+00 0.000000e+00 0.000000e+00 0.000000e+00 0.000000e+00 
0.000000e+00 0.000000e+00 0.000000e+00 0.000000e+00 0.000000e+00 
0.000000e+00 
@R CURRF 101 []
0.000000e+00 0.000000e+00 0.000000e+00 0.000000e+00 0.000000e+00 
0.000000e+00 0.000000e+00 0.000000e+00 0.000000e+00 0.000000e+00 
0.000000e+00 0.000000e+00 0.000000e+00 0.000000e+00 0.000000e+00 
0.000000e+00 0.000000e+00 0.000000e+00 0.000000e+00 0.000000e+00 
0.000000e+00 0.000000e+00 0.000000e+00 0.000000e+00 0.000000e+00 
0.000000e+00 0.000000e+00 0.000000e+00 0.000000e+00 0.000000e+00 
0.000000e+00 0.000000e+00 0.000000e+00 0.000000e+00 0.000000e+00 
0.000000e+00 0.000000e+00 0.000000e+00 0.000000e+00 0.000000e+00 
0.000000e+00 0.000000e+00 0.000000e+00 0.000000e+00 0.000000e+00 
0.000000e+00 0.000000e+00 0.000000e+00 0.000000e+00 0.000000e+00 
0.000000e+00 0.000000e+00 0.000000e+00 0.000000e+00 0.000000e+00 
0.000000e+00 0.000000e+00 0.000000e+00 0.000000e+00 0.000000e+00 
0.000000e+00 0.000000e+00 0.000000e+00 0.000000e+00 0.000000e+00 
0.000000e+00 0.000000e+00 0.000000e+00 0.000000e+00 0.000000e+00 
0.000000e+00 0.000000e+00 0.000000e+00 0.000000e+00 0.000000e+00 
0.000000e+00 0.000000e+00 0.000000e+00 0.000000e+00 0.000000e+00 
0.000000e+00 0.000000e+00 0.000000e+00 0.000000e+00 0.000000e+00 
0.000000e+00 0.000000e+00 0.000000e+00 0.000000e+00 0.000000e+00 
0.000000e+00 0.000000e+00 0.000000e+00 0.000000e+00 0.000000e+00 
0.000000e+00 0.000000e+00 0.000000e+00 0.000000e+00 0.000000e+00 
0.000000e+00 
@R Q 101 []
5.113194e+00 5.109467e+00 5.098366e+00 5.080125e+00 5.055135e+00 
5.023940e+00 4.987231e+00 4.945836e+00 4.900709e+00 4.852899e+00 
4.803523e+00 4.753712e+00 4.704542e+00 4.656954e+00 4.611650e+00 
4.568895e+00 4.528320e+00 4.488862e+00 4.449885e+00 4.411512e+00 
4.373834e+00 4.336934e+00 4.300831e+00 4.265473e+00 4.230784e+00 
4.196787e+00 4.163501e+00 4.130923e+00 4.099052e+00 4.067894e+00 
4.037454e+00 4.007739e+00 3.978756e+00 3.950509e+00 3.923006e+00 
3.896255e+00 3.870266e+00 3.845039e+00 3.820581e+00 3.796898e+00 
3.773991e+00 3.751867e+00 3.730525e+00 3.709973e+00 3.690211e+00 
3.671240e+00 3.653069e+00 3.635693e+00 3.619120e+00 3.603353e+00 
3.588391e+00 3.574242e+00 3.560906e+00 3.548388e+00 3.536695e+00 
3.525827e+00 3.515793e+00 3.506597e+00 3.498247e+00 3.490747e+00 
3.484099e+00 3.478321e+00 3.473437e+00 3.469459e+00 3.466338e+00 
3.464019e+00 3.462707e+00 3.463052e+00 3.466085e+00 3.472854e+00 
3.484049e+00 3.500348e+00 3.522216e+00 3.550107e+00 3.584464e+00 
3.625621e+00 3.673926e+00 3.729737e+00 3.793366e+00 3.865142e+00 
3.945400e+00 4.034421e+00 4.132573e+00 4.240206e+00 4.358072e+00 
4.485955e+00 4.622471e+00 4.763229e+00 4.904877e+00 5.043881e+00 
5.174278e+00 5.288448e+00 5.381961e+00 5.456320e+00 5.523087e+00 
5.605032e+00 5.730014e+00 5.929190e+00 6.253027e+00 6.803958e+00 
7.978898e+00 
@R QBEAME 101 []
0.000000e+00 0.000000e+00 0.000000e+00 0.000000e+00 0.000000e+00 
0.000000e+00 0.000000e+00 0.000000e+00 0.000000e+00 0.000000e+00 
0.000000e+00 0.000000e+00 0.000000e+00 0.000000e+00 0.000000e+00 
0.000000e+00 0.000000e+00 0.000000e+00 0.000000e+00 0.000000e+00 
0.000000e+00 0.000000e+00 0.000000e+00 0.000000e+00 0.000000e+00 
0.000000e+00 0.000000e+00 0.000000e+00 0.000000e+00 0.000000e+00 
0.000000e+00 0.000000e+00 0.000000e+00 0.000000e+00 0.000000e+00 
0.000000e+00 0.000000e+00 0.000000e+00 0.000000e+00 0.000000e+00 
0.000000e+00 0.000000e+00 0.000000e+00 0.000000e+00 0.000000e+00 
0.000000e+00 0.000000e+00 0.000000e+00 0.000000e+00 0.000000e+00 
0.000000e+00 0.000000e+00 0.000000e+00 0.000000e+00 0.000000e+00 
0.000000e+00 0.000000e+00 0.000000e+00 0.000000e+00 0.000000e+00 
0.000000e+00 0.000000e+00 0.000000e+00 0.000000e+00 0.000000e+00 
0.000000e+00 0.000000e+00 0.000000e+00 0.000000e+00 0.000000e+00 
0.000000e+00 0.000000e+00 0.000000e+00 0.000000e+00 0.000000e+00 
0.000000e+00 0.000000e+00 0.000000e+00 0.000000e+00 0.000000e+00 
0.000000e+00 0.000000e+00 0.000000e+00 0.000000e+00 0.000000e+00 
0.000000e+00 0.000000e+00 0.000000e+00 0.000000e+00 0.000000e+00 
0.000000e+00 0.000000e+00 0.000000e+00 0.000000e+00 0.000000e+00 
0.000000e+00 0.000000e+00 0.000000e+00 0.000000e+00 0.000000e+00 
0.000000e+00 
@R QBEAMI 101 []
0.000000e+00 0.000000e+00 0.000000e+00 0.000000e+00 0.000000e+00 
0.000000e+00 0.000000e+00 0.000000e+00 0.000000e+00 0.000000e+00 
0.000000e+00 0.000000e+00 0.000000e+00 0.000000e+00 0.000000e+00 
0.000000e+00 0.000000e+00 0.000000e+00 0.000000e+00 0.000000e+00 
0.000000e+00 0.000000e+00 0.000000e+00 0.000000e+00 0.000000e+00 
0.000000e+00 0.000000e+00 0.000000e+00 0.000000e+00 0.000000e+00 
0.000000e+00 0.000000e+00 0.000000e+00 0.000000e+00 0.000000e+00 
0.000000e+00 0.000000e+00 0.000000e+00 0.000000e+00 0.000000e+00 
0.000000e+00 0.000000e+00 0.000000e+00 0.000000e+00 0.000000e+00 
0.000000e+00 0.000000e+00 0.000000e+00 0.000000e+00 0.000000e+00 
0.000000e+00 0.000000e+00 0.000000e+00 0.000000e+00 0.000000e+00 
0.000000e+00 0.000000e+00 0.000000e+00 0.000000e+00 0.000000e+00 
0.000000e+00 0.000000e+00 0.000000e+00 0.000000e+00 0.000000e+00 
0.000000e+00 0.000000e+00 0.000000e+00 0.000000e+00 0.000000e+00 
0.000000e+00 0.000000e+00 0.000000e+00 0.000000e+00 0.000000e+00 
0.000000e+00 0.000000e+00 0.000000e+00 0.000000e+00 0.000000e+00 
0.000000e+00 0.000000e+00 0.000000e+00 0.000000e+00 0.000000e+00 
0.000000e+00 0.000000e+00 0.000000e+00 0.000000e+00 0.000000e+00 
0.000000e+00 0.000000e+00 0.000000e+00 0.000000e+00 0.000000e+00 
0.000000e+00 0.000000e+00 0.000000e+00 0.000000e+00 0.000000e+00 
0.000000e+00 
@R QRFE 101 []
6.533682e-01 6.530054e-01 6.519179e-01 6.501095e-01 6.475863e-01 
6.443564e-01 6.404307e-01 6.358220e-01 6.305455e-01 6.246184e-01 
6.180599e-01 6.108911e-01 6.031349e-01 5.948159e-01 5.859603e-01 
5.765954e-01 5.667502e-01 5.564545e-01 5.457390e-01 5.346356e-01 
5.231764e-01 5.113943e-01 4.993224e-01 4.869941e-01 4.744427e-01 
4.617015e-01 4.488036e-01 4.357815e-01 4.226673e-01 4.094925e-01 
3.962879e-01 3.830831e-01 3.699071e-01 3.567877e-01 3.437514e-01 
3.308236e-01 3.180285e-01 3.053887e-01 2.929256e-01 2.806591e-01 
2.686077e-01 2.567883e-01 2.452164e-01 2.339058e-01 2.228693e-01 
2.121176e-01 2.016604e-01 1.915059e-01 1.816607e-01 1.721303e-01 
1.629188e-01 1.540290e-01 1.454625e-01 1.372200e-01 1.293007e-01 
1.217032e-01 1.144249e-01 1.074624e-01 1.008115e-01 9.446713e-02 
8.842378e-02 8.267512e-02 7.721435e-02 7.203419e-02 6.712693e-02 
6.248451e-02 5.809856e-02 5.396048e-02 5.006149e-02 4.639264e-02 
4.294493e-02 3.970930e-02 3.667667e-02 3.383803e-02 3.118442e-02 
2.870700e-02 2.639704e-02 2.424601e-02 2.224553e-02 2.038743e-02 
1.866379e-02 1.706690e-02 1.558931e-02 1.422383e-02 1.296354e-02 
1.180180e-02 1.073224e-02 9.748768e-03 8.845587e-03 8.017169e-03 
7.258265e-03 6.563903e-03 5.929374e-03 5.350237e-03 4.822305e-03 
4.341639e-03 3.904544e-03 3.507553e-03 3.147427e-03 2.821140e-03 
2.525869e-03 
@R QRFI 101 []
1.742315e-01 1.741348e-01 1.738448e-01 1.733625e-01 1.726897e-01 
1.718284e-01 1.707815e-01 1.695525e-01 1.681455e-01 1.665649e-01 
1.648160e-01 1.629043e-01 1.608360e-01 1.586176e-01 1.562561e-01 
1.537588e-01 1.511334e-01 1.483879e-01 1.455304e-01 1.425695e-01 
1.395137e-01 1.363718e-01 1.331526e-01 1.298651e-01 1.265181e-01 
1.231204e-01 1.196810e-01 1.162084e-01 1.127113e-01 1.091980e-01 
1.056768e-01 1.021555e-01 9.864190e-02 9.514338e-02 9.166703e-02 
8.821963e-02 8.480759e-02 8.143698e-02 7.811349e-02 7.484244e-02 
7.162872e-02 6.847688e-02 6.539103e-02 6.237489e-02 5.943180e-02 
5.656470e-02 5.377612e-02 5.106824e-02 4.844286e-02 4.590142e-02 
4.344502e-02 4.107440e-02 3.879001e-02 3.659199e-02 3.448019e-02 
3.245419e-02 3.051331e-02 2.865664e-02 2.688305e-02 2.519124e-02 
2.357967e-02 2.204670e-02 2.059049e-02 1.920912e-02 1.790052e-02 
1.666254e-02 1.549295e-02 1.438946e-02 1.334973e-02 1.237137e-02 
1.145198e-02 1.058915e-02 9.780446e-03 9.023475e-03 8.315846e-03 
7.655199e-03 7.039211e-03 6.465602e-03 5.932140e-03 5.436649e-03 
4.977011e-03 4.551173e-03 4.157149e-03 3.793021e-03 3.456944e-03 
3.147146e-03 2.861930e-03 2.599671e-03 2.358823e-03 2.137912e-03 
1.935537e-03 1.750374e-03 1.581166e-03 1.426730e-03 1.285948e-03 
1.157770e-03 1.041212e-03 9.353475e-04 8.393139e-04 7.523039e-04 
6.735652e-04 
@R QRAD 101 []
-nan -nan -8.025214e-01 -8.011223e-01 -7.986772e-01 
-7.956000e-01 -7.920339e-01 -7.880509e-01 -7.836950e-01 -7.789970e-01 
-7.739802e-01 -7.686637e-01 -7.630637e-01 -7.571950e-01 -7.510707e-01 
-7.447034e-01 -7.381048e-01 -7.312864e-01 -7.242590e-01 -7.170334e-01 
-7.096201e-01 -7.020291e-01 -6.942707e-01 -6.863546e-01 -6.782907e-01 
-6.700885e-01 -6.617575e-01 -6.533070e-01 -6.447463e-01 -6.360844e-01 
-6.273301e-01 -6.184923e-01 -6.095796e-01 -6.006004e-01 -5.915630e-01 
-5.824757e-01 -5.733464e-01 -5.641828e-01 -5.549926e-01 -5.457833e-01 
-5.365621e-01 -5.273361e-01 -5.181121e-01 -5.088968e-01 -4.996968e-01 
-4.905182e-01 -4.813672e-01 -4.722497e-01 -4.631712e-01 -4.541373e-01 
-4.451532e-01 -4.362240e-01 -4.273545e-01 -4.185494e-01 -4.098131e-01 
-4.011500e-01 -3.925641e-01 -3.840593e-01 -3.756394e-01 -3.673079e-01 
-3.590682e-01 -3.509235e-01 -3.428769e-01 -3.349313e-01 -3.270895e-01 
-3.193540e-01 -3.117275e-01 -3.042121e-01 -2.968100e-01 -2.895232e-01 
-2.823534e-01 -2.753021e-01 -2.683704e-01 -2.615590e-01 -2.548679e-01 
-2.482964e-01 -2.418424e-01 -2.355019e-01 -2.292684e-01 -2.231316e-01 
-2.170754e-01 -2.110755e-01 -2.050958e-01 -1.990826e-01 -1.929574e-01 
-1.866064e-01 -1.798678e-01 -1.725166e-01 -1.642516e-01 -1.546937e-01 
-1.434137e-01 -1.300187e-01 -1.143231e-01 -9.659109e-02 -7.773316e-02 
-5.924139e-02 -4.272586e-02 -2.926729e-02 -1.905382e-02 -1.149479e-02 
-5.357260e-03 
@R QIONE 101 []
0.000000e+00 0.000000e+00 0.000000e+00 0.000000e+00 0.000000e+00 
0.000000e+00 0.000000e+00 0.000000e+00 0.000000e+00 0.000000e+00 
0.000000e+00 0.000000e+00 0.000000e+00 0.000000e+00 0.000000e+00 
0.000000e+00 0.000000e+00 0.000000e+00 0.000000e+00 0.000000e+00 
0.000000e+00 0.000000e+00 0.000000e+00 0.000000e+00 0.000000e+00 
0.000000e+00 0.000000e+00 0.000000e+00 0.000000e+00 0.000000e+00 
0.000000e+00 0.000000e+00 0.000000e+00 0.000000e+00 0.000000e+00 
0.000000e+00 0.000000e+00 0.000000e+00 0.000000e+00 0.000000e+00 
0.000000e+00 0.000000e+00 0.000000e+00 0.000000e+00 0.000000e+00 
0.000000e+00 0.000000e+00 0.000000e+00 0.000000e+00 0.000000e+00 
0.000000e+00 0.000000e+00 0.000000e+00 0.000000e+00 0.000000e+00 
0.000000e+00 0.000000e+00 0.000000e+00 0.000000e+00 0.000000e+00 
0.000000e+00 0.000000e+00 0.000000e+00 0.000000e+00 0.000000e+00 
0.000000e+00 0.000000e+00 0.000000e+00 0.000000e+00 0.000000e+00 
0.000000e+00 0.000000e+00 0.000000e+00 0.000000e+00 0.000000e+00 
0.000000e+00 0.000000e+00 0.000000e+00 0.000000e+00 0.000000e+00 
0.000000e+00 0.000000e+00 0.000000e+00 0.000000e+00 0.000000e+00 
0.000000e+00 0.000000e+00 0.000000e+00 0.000000e+00 0.000000e+00 
0.000000e+00 0.000000e+00 0.000000e+00 0.000000e+00 0.000000e+00 
0.000000e+00 0.000000e+00 0.000000e+00 0.000000e+00 0.000000e+00 
0.000000e+00 
@R QIONI 101 []
0.000000e+00 0.000000e+00 0.000000e+00 0.000000e+00 0.000000e+00 
0.000000e+00 0.000000e+00 0.000000e+00 0.000000e+00 0.000000e+00 
0.000000e+00 0.000000e+00 0.000000e+00 0.000000e+00 0.000000e+00 
0.000000e+00 0.000000e+00 0.000000e+00 0.000000e+00 0.000000e+00 
0.000000e+00 0.000000e+00 0.000000e+00 0.000000e+00 0.000000e+00 
0.000000e+00 0.000000e+00 0.000000e+00 0.000000e+00 0.000000e+00 
0.000000e+00 0.000000e+00 0.000000e+00 0.000000e+00 0.000000e+00 
0.000000e+00 0.000000e+00 0.000000e+00 0.000000e+00 0.000000e+00 
0.000000e+00 0.000000e+00 0.000000e+00 0.000000e+00 0.000000e+00 
0.000000e+00 0.000000e+00 0.000000e+00 0.000000e+00 0.000000e+00 
0.000000e+00 0.000000e+00 0.000000e+00 0.000000e+00 0.000000e+00 
0.000000e+00 0.000000e+00 0.000000e+00 0.000000e+00 0.000000e+00 
0.000000e+00 0.000000e+00 0.000000e+00 0.000000e+00 0.000000e+00 
0.000000e+00 0.000000e+00 0.000000e+00 0.000000e+00 0.000000e+00 
0.000000e+00 0.000000e+00 0.000000e+00 0.000000e+00 0.000000e+00 
0.000000e+00 0.000000e+00 0.000000e+00 0.000000e+00 0.000000e+00 
0.000000e+00 0.000000e+00 0.000000e+00 0.000000e+00 0.000000e+00 
0.000000e+00 0.000000e+00 0.000000e+00 0.000000e+00 0.000000e+00 
0.000000e+00 0.000000e+00 0.000000e+00 0.000000e+00 0.000000e+00 
0.000000e+00 0.000000e+00 0.000000e+00 0.000000e+00 0.000000e+00 
0.000000e+00 
@R QCX 101 []
0.000000e+00 0.000000e+00 0.000000e+00 0.000000e+00 0.000000e+00 
0.000000e+00 0.000000e+00 0.000000e+00 0.000000e+00 0.000000e+00 
0.000000e+00 0.000000e+00 0.000000e+00 0.000000e+00 0.000000e+00 
0.000000e+00 0.000000e+00 0.000000e+00 0.000000e+00 0.000000e+00 
0.000000e+00 0.000000e+00 0.000000e+00 0.000000e+00 0.000000e+00 
0.000000e+00 0.000000e+00 0.000000e+00 0.000000e+00 0.000000e+00 
0.000000e+00 0.000000e+00 0.000000e+00 0.000000e+00 0.000000e+00 
0.000000e+00 0.000000e+00 0.000000e+00 0.000000e+00 0.000000e+00 
0.000000e+00 0.000000e+00 0.000000e+00 0.000000e+00 0.000000e+00 
0.000000e+00 0.000000e+00 0.000000e+00 0.000000e+00 0.000000e+00 
0.000000e+00 0.000000e+00 0.000000e+00 0.000000e+00 0.000000e+00 
0.000000e+00 0.000000e+00 0.000000e+00 0.000000e+00 0.000000e+00 
0.000000e+00 0.000000e+00 0.000000e+00 0.000000e+00 0.000000e+00 
0.000000e+00 0.000000e+00 0.000000e+00 0.000000e+00 0.000000e+00 
0.000000e+00 0.000000e+00 0.000000e+00 0.000000e+00 0.000000e+00 
0.000000e+00 0.000000e+00 0.000000e+00 0.000000e+00 0.000000e+00 
0.000000e+00 0.000000e+00 0.000000e+00 0.000000e+00 0.000000e+00 
0.000000e+00 0.000000e+00 0.000000e+00 0.000000e+00 0.000000e+00 
0.000000e+00 0.000000e+00 0.000000e+00 0.000000e+00 0.000000e+00 
0.000000e+00 0.000000e+00 0.000000e+00 0.000000e+00 0.000000e+00 
0.000000e+00 
@R QTFUSE 101 []
-nan -nan 2.861867e-31 3.041701e-22 2.444979e-18 
5.901743e-16 2.771710e-14 5.122864e-13 5.216813e-12 3.522272e-11 
1.763651e-10 7.042120e-10 2.356248e-09 6.843452e-09 1.770592e-08 
4.161486e-08 9.020489e-08 1.824875e-07 3.478542e-07 6.296291e-07 
1.089085e-06 1.809793e-06 2.902145e-06 4.507862e-06 6.804299e-06 
1.000834e-05 1.437971e-05 2.022356e-05 2.789210e-05 3.778533e-05 
5.035064e-05 6.608131e-05 8.551398e-05 1.092249e-04 1.378255e-04 
1.719562e-04 2.122808e-04 2.594786e-04 3.142369e-04 3.772431e-04 
4.491757e-04 5.306961e-04 6.224398e-04 7.250076e-04 8.389578e-04 
9.647979e-04 1.102977e-03 1.253880e-03 1.417818e-03 1.595028e-03 
1.785664e-03 1.989794e-03 2.207396e-03 2.438358e-03 2.682476e-03 
2.939449e-03 3.208886e-03 3.490302e-03 3.783122e-03 4.086682e-03 
4.400235e-03 4.722952e-03 5.053925e-03 5.392178e-03 5.736667e-03 
6.086284e-03 6.439868e-03 6.796202e-03 7.154023e-03 7.512022e-03 
7.868839e-03 8.223062e-03 8.573212e-03 8.917721e-03 9.254888e-03 
9.582819e-03 9.899318e-03 1.020173e-02 1.048670e-02 1.074980e-02 
1.098498e-02 1.118375e-02 1.133408e-02 1.141879e-02 1.141354e-02 
1.128454e-02 1.098665e-02 1.046353e-02 9.653273e-03 8.505032e-03 
7.011916e-03 5.257380e-03 3.448308e-03 1.879648e-03 7.969418e-04 
2.410379e-04 4.599692e-05 4.501618e-06 1.446135e-07 3.984882e-10 
1.393173e-17 
@R QTFUSI 101 []
-nan -nan 2.065317e-34 4.590157e-25 5.618164e-21 
1.832514e-18 1.091018e-16 2.455763e-15 2.962236e-14 2.321158e-13 
1.327778e-12 5.981332e-12 2.234802e-11 7.186066e-11 2.043458e-10 
5.245620e-10 1.235086e-09 2.700961e-09 5.541564e-09 1.075463e-08 
1.987635e-08 3.518000e-08 5.991366e-08 9.857540e-08 1.572223e-07 
2.438074e-07 3.685365e-07 5.442359e-07 7.867189e-07 1.115141e-06 
1.552329e-06 2.125078e-06 2.864393e-06 3.805675e-06 4.988840e-06 
6.458356e-06 8.263199e-06 1.045672e-05 1.309641e-05 1.624361e-05 
1.996305e-05 2.432242e-05 2.939172e-05 3.524264e-05 4.194785e-05 
4.958015e-05 5.821169e-05 6.791308e-05 7.875247e-05 9.079465e-05 
1.041001e-04 1.187241e-04 1.347159e-04 1.521178e-04 1.709643e-04 
1.912812e-04 2.130856e-04 2.363843e-04 2.611740e-04 2.874404e-04 
3.151583e-04 3.442909e-04 3.747899e-04 4.065952e-04 4.396352e-04 
4.738266e-04 5.090747e-04 5.452735e-04 5.823056e-04 6.200425e-04 
6.583442e-04 6.970581e-04 7.360179e-04 7.750411e-04 8.139237e-04 
8.524333e-04 8.902969e-04 9.271819e-04 9.626674e-04 9.962002e-04 
1.027028e-03 1.054105e-03 1.075952e-03 1.090470e-03 1.094712e-03 
1.084625e-03 1.054897e-03 9.991259e-04 9.107763e-04 7.855795e-04 
6.257747e-04 4.450791e-04 2.700748e-04 1.317751e-04 4.796343e-05 
1.183470e-05 1.733451e-06 1.208113e-07 2.491705e-09 3.656700e-12 
3.589692e-20 
@R ENBEAM 101 []
0.000000e+00 0.000000e+00 0.000000e+00 0.000000e+00 0.000000e+00 
0.000000e+00 0.000000e+00 0.000000e+00 0.000000e+00 0.000000e+00 
0.000000e+00 0.000000e+00 0.000000e+00 0.000000e+00 0.000000e+00 
0.000000e+00 0.000000e+00 0.000000e+00 0.000000e+00 0.000000e+00 
0.000000e+00 0.000000e+00 0.000000e+00 0.000000e+00 0.000000e+00 
0.000000e+00 0.000000e+00 0.000000e+00 0.000000e+00 0.000000e+00 
0.000000e+00 0.000000e+00 0.000000e+00 0.000000e+00 0.000000e+00 
0.000000e+00 0.000000e+00 0.000000e+00 0.000000e+00 0.000000e+00 
0.000000e+00 0.000000e+00 0.000000e+00 0.000000e+00 0.000000e+00 
0.000000e+00 0.000000e+00 0.000000e+00 0.000000e+00 0.000000e+00 
0.000000e+00 0.000000e+00 0.000000e+00 0.000000e+00 0.000000e+00 
0.000000e+00 0.000000e+00 0.000000e+00 0.000000e+00 0.000000e+00 
0.000000e+00 0.000000e+00 0.000000e+00 0.000000e+00 0.000000e+00 
0.000000e+00 0.000000e+00 0.000000e+00 0.000000e+00 0.000000e+00 
0.000000e+00 0.000000e+00 0.000000e+00 0.000000e+00 0.000000e+00 
0.000000e+00 0.000000e+00 0.000000e+00 0.000000e+00 0.000000e+00 
0.000000e+00 0.000000e+00 0.000000e+00 0.000000e+00 0.000000e+00 
0.000000e+00 0.000000e+00 0.000000e+00 0.000000e+00 0.000000e+00 
0.000000e+00 0.000000e+00 0.000000e+00 0.000000e+00 0.000000e+00 
0.000000e+00 0.000000e+00 0.000000e+00 0.000000e+00 0.000000e+00 
0.000000e+00 
@R WBEAM 101 []
0.000000e+00 0.000000e+00 0.000000e+00 0.000000e+00 0.000000e+00 
0.000000e+00 0.000000e+00 0.000000e+00 0.000000e+00 0.000000e+00 
0.000000e+00 0.000000e+00 0.000000e+00 0.000000e+00 0.000000e+00 
0.000000e+00 0.000000e+00 0.000000e+00 0.000000e+00 0.000000e+00 
0.000000e+00 0.000000e+00 0.000000e+00 0.000000e+00 0.000000e+00 
0.000000e+00 0.000000e+00 0.000000e+00 0.000000e+00 0.000000e+00 
0.000000e+00 0.000000e+00 0.000000e+00 0.000000e+00 0.000000e+00 
0.000000e+00 0.000000e+00 0.000000e+00 0.000000e+00 0.000000e+00 
0.000000e+00 0.000000e+00 0.000000e+00 0.000000e+00 0.000000e+00 
0.000000e+00 0.000000e+00 0.000000e+00 0.000000e+00 0.000000e+00 
0.000000e+00 0.000000e+00 0.000000e+00 0.000000e+00 0.000000e+00 
0.000000e+00 0.000000e+00 0.000000e+00 0.000000e+00 0.000000e+00 
0.000000e+00 0.000000e+00 0.000000e+00 0.000000e+00 0.000000e+00 
0.000000e+00 0.000000e+00 0.000000e+00 0.000000e+00 0.000000e+00 
0.000000e+00 0.000000e+00 0.000000e+00 0.000000e+00 0.000000e+00 
0.000000e+00 0.000000e+00 0.000000e+00 0.000000e+00 0.000000e+00 
0.000000e+00 0.000000e+00 0.000000e+00 0.000000e+00 0.000000e+00 
0.000000e+00 0.000000e+00 0.000000e+00 0.000000e+00 0.000000e+00 
0.000000e+00 0.000000e+00 0.000000e+00 0.000000e+00 0.000000e+00 
0.000000e+00 0.000000e+00 0.000000e+00 0.000000e+00 0.000000e+00 
0.000000e+00 
@R ENALP 101 []
0.000000e+00 0.000000e+00 0.000000e+00 0.000000e+00 0.000000e+00 
0.000000e+00 0.000000e+00 0.000000e+00 0.000000e+00 0.000000e+00 
0.000000e+00 0.000000e+00 0.000000e+00 0.000000e+00 0.000000e+00 
0.000000e+00 0.000000e+00 0.000000e+00 0.000000e+00 0.000000e+00 
0.000000e+00 0.000000e+00 0.000000e+00 0.000000e+00 0.000000e+00 
0.000000e+00 0.000000e+00 0.000000e+00 0.000000e+00 0.000000e+00 
0.000000e+00 0.000000e+00 0.000000e+00 0.000000e+00 0.000000e+00 
0.000000e+00 0.000000e+00 0.000000e+00 0.000000e+00 0.000000e+00 
0.000000e+00 0.000000e+00 0.000000e+00 0.000000e+00 0.000000e+00 
0.000000e+00 0.000000e+00 0.000000e+00 0.000000e+00 0.000000e+00 
0.000000e+00 0.000000e+00 0.000000e+00 0.000000e+00 0.000000e+00 
0.000000e+00 0.000000e+00 0.000000e+00 0.000000e+00 0.000000e+00 
0.000000e+00 0.000000e+00 0.000000e+00 0.000000e+00 0.000000e+00 
0.000000e+00 0.000000e+00 0.000000e+00 0.000000e+00 0.000000e+00 
0.000000e+00 0.000000e+00 0.000000e+00 0.000000e+00 0.000000e+00 
0.000000e+00 0.000000e+00 0.000000e+00 0.000000e+00 0.000000e+00 
0.000000e+00 0.000000e+00 0.000000e+00 0.000000e+00 0.000000e+00 
0.000000e+00 0.000000e+00 0.000000e+00 0.000000e+00 0.000000e+00 
0.000000e+00 0.000000e+00 0.000000e+00 0.000000e+00 0.000000e+00 
0.000000e+00 0.000000e+00 0.000000e+00 0.000000e+00 0.000000e+00 
0.000000e+00 
@R WALP 101 []
0.000000e+00 0.000000e+00 0.000000e+00 0.000000e+00 0.000000e+00 
0.000000e+00 0.000000e+00 0.000000e+00 0.000000e+00 0.000000e+00 
0.000000e+00 0.000000e+00 0.000000e+00 0.000000e+00 0.000000e+00 
0.000000e+00 0.000000e+00 0.000000e+00 0.000000e+00 0.000000e+00 
0.000000e+00 0.000000e+00 0.000000e+00 0.000000e+00 0.000000e+00 
0.000000e+00 0.000000e+00 0.000000e+00 0.000000e+00 0.000000e+00 
0.000000e+00 0.000000e+00 0.000000e+00 0.000000e+00 0.000000e+00 
0.000000e+00 0.000000e+00 0.000000e+00 0.000000e+00 0.000000e+00 
0.000000e+00 0.000000e+00 0.000000e+00 0.000000e+00 0.000000e+00 
0.000000e+00 0.000000e+00 0.000000e+00 0.000000e+00 0.000000e+00 
0.000000e+00 0.000000e+00 0.000000e+00 0.000000e+00 0.000000e+00 
0.000000e+00 0.000000e+00 0.000000e+00 0.000000e+00 0.000000e+00 
0.000000e+00 0.000000e+00 0.000000e+00 0.000000e+00 0.000000e+00 
0.000000e+00 0.000000e+00 0.000000e+00 0.000000e+00 0.000000e+00 
0.000000e+00 0.000000e+00 0.000000e+00 0.000000e+00 0.000000e+00 
0.000000e+00 0.000000e+00 0.000000e+00 0.000000e+00 0.000000e+00 
0.000000e+00 0.000000e+00 0.000000e+00 0.000000e+00 0.000000e+00 
0.000000e+00 0.000000e+00 0.000000e+00 0.000000e+00 0.000000e+00 
0.000000e+00 0.000000e+00 0.000000e+00 0.000000e+00 0.000000e+00 
0.000000e+00 0.000000e+00 0.000000e+00 0.000000e+00 0.000000e+00 
0.000000e+00 
@R SION 101 []
0.000000e+00 0.000000e+00 0.000000e+00 0.000000e+00 0.000000e+00 
0.000000e+00 0.000000e+00 0.000000e+00 0.000000e+00 0.000000e+00 
0.000000e+00 0.000000e+00 0.000000e+00 0.000000e+00 0.000000e+00 
0.000000e+00 0.000000e+00 0.000000e+00 0.000000e+00 0.000000e+00 
0.000000e+00 0.000000e+00 0.000000e+00 0.000000e+00 0.000000e+00 
0.000000e+00 0.000000e+00 0.000000e+00 0.000000e+00 0.000000e+00 
0.000000e+00 0.000000e+00 0.000000e+00 0.000000e+00 0.000000e+00 
0.000000e+00 0.000000e+00 0.000000e+00 0.000000e+00 0.000000e+00 
0.000000e+00 0.000000e+00 0.000000e+00 0.000000e+00 0.000000e+00 
0.000000e+00 0.000000e+00 0.000000e+00 0.000000e+00 0.000000e+00 
0.000000e+00 0.000000e+00 0.000000e+00 0.000000e+00 0.000000e+00 
0.000000e+00 0.000000e+00 0.000000e+00 0.000000e+00 0.000000e+00 
0.000000e+00 0.000000e+00 0.000000e+00 0.000000e+00 0.000000e+00 
0.000000e+00 0.000000e+00 0.000000e+00 0.000000e+00 0.000000e+00 
0.000000e+00 0.000000e+00 0.000000e+00 0.000000e+00 0.000000e+00 
0.000000e+00 0.000000e+00 0.000000e+00 0.000000e+00 0.000000e+00 
0.000000e+00 0.000000e+00 0.000000e+00 0.000000e+00 0.000000e+00 
0.000000e+00 0.000000e+00 0.000000e+00 0.000000e+00 0.000000e+00 
0.000000e+00 0.000000e+00 0.000000e+00 0.000000e+00 0.000000e+00 
0.000000e+00 0.000000e+00 0.000000e+00 0.000000e+00 0.000000e+00 
0.000000e+00 
@R CHIE 101 []
0.000000e+00 nan nan nan nan 
nan nan nan nan nan 
nan nan nan nan nan 
nan nan nan nan nan 
nan nan nan nan nan 
nan nan nan nan nan 
nan nan nan nan nan 
nan nan nan nan nan 
nan nan nan nan nan 
nan nan nan nan nan 
nan nan nan nan nan 
nan nan nan nan nan 
nan nan nan nan nan 
nan nan nan nan nan 
nan nan nan nan nan 
nan nan nan nan nan 
nan nan nan nan nan 
nan nan nan nan nan 
nan nan nan nan nan 
nan nan nan nan nan 
0.000000e+00 
@R CHII 101 []
0.000000e+00 nan nan nan nan 
nan nan nan nan nan 
nan nan nan nan nan 
nan nan nan nan nan 
nan nan nan nan nan 
nan nan nan nan nan 
nan nan nan nan nan 
nan nan nan nan nan 
nan nan nan nan nan 
nan nan nan nan nan 
nan nan nan nan nan 
nan nan nan nan nan 
nan nan nan nan nan 
nan nan nan nan nan 
nan nan nan nan nan 
nan nan nan nan nan 
nan nan nan nan nan 
nan nan nan nan nan 
nan nan nan nan nan 
nan nan nan nan nan 
0.000000e+00 
@R STORQUE 101 []
0.000000e+00 0.000000e+00 0.000000e+00 0.000000e+00 0.000000e+00 
0.000000e+00 0.000000e+00 0.000000e+00 0.000000e+00 0.000000e+00 
0.000000e+00 0.000000e+00 0.000000e+00 0.000000e+00 0.000000e+00 
0.000000e+00 0.000000e+00 0.000000e+00 0.000000e+00 0.000000e+00 
0.000000e+00 0.000000e+00 0.000000e+00 0.000000e+00 0.000000e+00 
0.000000e+00 0.000000e+00 0.000000e+00 0.000000e+00 0.000000e+00 
0.000000e+00 0.000000e+00 0.000000e+00 0.000000e+00 0.000000e+00 
0.000000e+00 0.000000e+00 0.000000e+00 0.000000e+00 0.000000e+00 
0.000000e+00 0.000000e+00 0.000000e+00 0.000000e+00 0.000000e+00 
0.000000e+00 0.000000e+00 0.000000e+00 0.000000e+00 0.000000e+00 
0.000000e+00 0.000000e+00 0.000000e+00 0.000000e+00 0.000000e+00 
0.000000e+00 0.000000e+00 0.000000e+00 0.000000e+00 0.000000e+00 
0.000000e+00 0.000000e+00 0.000000e+00 0.000000e+00 0.000000e+00 
0.000000e+00 0.000000e+00 0.000000e+00 0.000000e+00 0.000000e+00 
0.000000e+00 0.000000e+00 0.000000e+00 0.000000e+00 0.000000e+00 
0.000000e+00 0.000000e+00 0.000000e+00 0.000000e+00 0.000000e+00 
0.000000e+00 0.000000e+00 0.000000e+00 0.000000e+00 0.000000e+00 
0.000000e+00 0.000000e+00 0.000000e+00 0.000000e+00 0.000000e+00 
0.000000e+00 0.000000e+00 0.000000e+00 0.000000e+00 0.000000e+00 
0.000000e+00 0.000000e+00 0.000000e+00 0.000000e+00 0.000000e+00 
0.000000e+00 
@R QOHM 101 []
0.000000e+00 0.000000e+00 0.000000e+00 0.000000e+00 0.000000e+00 
0.000000e+00 0.000000e+00 0.000000e+00 0.000000e+00 0.000000e+00 
0.000000e+00 0.000000e+00 0.000000e+00 0.000000e+00 0.000000e+00 
0.000000e+00 0.000000e+00 0.000000e+00 0.000000e+00 0.000000e+00 
0.000000e+00 0.000000e+00 0.000000e+00 0.000000e+00 0.000000e+00 
0.000000e+00 0.000000e+00 0.000000e+00 0.000000e+00 0.000000e+00 
0.000000e+00 0.000000e+00 0.000000e+00 0.000000e+00 0.000000e+00 
0.000000e+00 0.000000e+00 0.000000e+00 0.000000e+00 0.000000e+00 
0.000000e+00 0.000000e+00 0.000000e+00 0.000000e+00 0.000000e+00 
0.000000e+00 0.000000e+00 0.000000e+00 0.000000e+00 0.000000e+00 
0.000000e+00 0.000000e+00 0.000000e+00 0.000000e+00 0.000000e+00 
0.000000e+00 0.000000e+00 0.000000e+00 0.000000e+00 0.000000e+00 
0.000000e+00 0.000000e+00 0.000000e+00 0.000000e+00 0.000000e+00 
0.000000e+00 0.000000e+00 0.000000e+00 0.000000e+00 0.000000e+00 
0.000000e+00 0.000000e+00 0.000000e+00 0.000000e+00 0.000000e+00 
0.000000e+00 0.000000e+00 0.000000e+00 0.000000e+00 0.000000e+00 
0.000000e+00 0.000000e+00 0.000000e+00 0.000000e+00 0.000000e+00 
0.000000e+00 0.000000e+00 0.000000e+00 0.000000e+00 0.000000e+00 
0.000000e+00 0.000000e+00 0.000000e+00 0.000000e+00 0.000000e+00 
0.000000e+00 0.000000e+00 0.000000e+00 0.000000e+00 0.000000e+00 
0.000000e+00 
@R ENHE 101 []
-nan -nan 2.313519e-31 2.460830e-22 1.979621e-18 
4.782301e-16 2.247833e-14 4.158148e-13 4.238132e-12 2.864083e-11 
1.435424e-10 5.737025e-10 1.921458e-09 5.586271e-09 1.446812e-08 
3.404072e-08 7.386628e-08 1.495974e-07 2.854773e-07 5.173095e-07 
8.958320e-07 1.490391e-06 2.392786e-06 3.721135e-06 5.623600e-06 
8.281809e-06 1.191382e-05 1.677649e-05 2.316712e-05 3.142431e-05 
4.192792e-05 5.509809e-05 7.139337e-05 9.130792e-05 1.153678e-04 
1.441266e-04 1.781598e-04 2.180596e-04 2.644277e-04 3.178689e-04 
3.789841e-04 4.483621e-04 5.265733e-04 6.141612e-04 7.116358e-04 
8.194664e-04 9.380745e-04 1.067828e-03 1.209036e-03 1.361940e-03 
1.526716e-03 1.703464e-03 1.892207e-03 2.092890e-03 2.305376e-03 
2.529445e-03 2.764796e-03 3.011042e-03 3.267719e-03 3.534280e-03 
3.810101e-03 4.094484e-03 4.386659e-03 4.685788e-03 4.990970e-03 
5.301245e-03 5.615598e-03 5.932960e-03 6.252218e-03 6.572207e-03 
6.891717e-03 7.209482e-03 7.524174e-03 7.834374e-03 8.138544e-03 
8.434962e-03 8.721631e-03 8.996135e-03 9.255416e-03 9.495440e-03 
9.710701e-03 9.893493e-03 1.003287e-02 1.011324e-02 1.011251e-02 
1.000007e-02 9.735086e-03 9.266819e-03 8.539945e-03 7.509948e-03 
6.173204e-03 4.608467e-03 3.004620e-03 1.625120e-03 6.825751e-04 
2.042784e-04 3.855735e-05 3.734054e-06 1.188333e-07 3.248573e-10 
1.128321e-17 
