@R RHO 101 []
0.000000e+00 1.000000e-02 2.000000e-02 3.000000e-02 4.000000e-02 
5.000000e-02 6.000000e-02 7.000000e-02 8.000000e-02 9.000000e-02 
1.000000e-01 1.100000e-01 1.200000e-01 1.300000e-01 1.400000e-01 
1.500000e-01 1.600000e-01 1.700000e-01 1.800000e-01 1.900000e-01 
2.000000e-01 2.100000e-01 2.200000e-01 2.300000e-01 2.400000e-01 
2.500000e-01 2.600000e-01 2.700000e-01 2.800000e-01 2.900000e-01 
3.000000e-01 3.100000e-01 3.200000e-01 3.300000e-01 3.400000e-01 
3.500000e-01 3.600000e-01 3.700000e-01 3.800000e-01 3.900000e-01 
4.000000e-01 4.100000e-01 4.200000e-01 4.300000e-01 4.400000e-01 
4.500000e-01 4.600000e-01 4.700000e-01 4.800000e-01 4.900000e-01 
5.000000e-01 5.100000e-01 5.200000e-01 5.300000e-01 5.400000e-01 
5.500000e-01 5.600000e-01 5.700000e-01 5.800000e-01 5.900000e-01 
6.000000e-01 6.100000e-01 6.200000e-01 6.300000e-01 6.400000e-01 
6.500000e-01 6.600000e-01 6.700000e-01 6.800000e-01 6.900000e-01 
7.000000e-01 7.100000e-01 7.200000e-01 7.300000e-01 7.400000e-01 
7.500000e-01 7.600000e-01 7.700000e-01 7.800000e-01 7.900000e-01 
8.000000e-01 8.100000e-01 8.200000e-01 8.300000e-01 8.400000e-01 
8.500000e-01 8.600000e-01 8.700000e-01 8.800000e-01 8.900000e-01 
9.000000e-01 9.100000e-01 9.200000e-01 9.300000e-01 9.400000e-01 
9.500000e-01 9.600000e-01 9.700000e-01 9.800000e-01 9.900000e-01 
1.000000e+00 
@R ENE 101 []
2.629701e+01 2.625957e+01 2.621922e+01 2.617599e+01 2.612993e+01 
2.608106e+01 2.602944e+01 2.597509e+01 2.591805e+01 2.585837e+01 
2.579607e+01 2.573120e+01 2.566380e+01 2.559390e+01 2.552153e+01 
2.544675e+01 2.536958e+01 2.529006e+01 2.520823e+01 2.512414e+01 
2.503781e+01 2.494928e+01 2.485859e+01 2.476578e+01 2.467090e+01 
2.457396e+01 2.447502e+01 2.437411e+01 2.427126e+01 2.416652e+01 
2.405993e+01 2.395152e+01 2.384132e+01 2.372938e+01 2.361574e+01 
2.350043e+01 2.338349e+01 2.326495e+01 2.314486e+01 2.302326e+01 
2.290017e+01 2.277565e+01 2.264972e+01 2.252242e+01 2.239379e+01 
2.226388e+01 2.213271e+01 2.200033e+01 2.186676e+01 2.173206e+01 
2.159626e+01 2.145939e+01 2.132150e+01 2.118262e+01 2.104278e+01 
2.090203e+01 2.076041e+01 2.061795e+01 2.047469e+01 2.033066e+01 
2.018591e+01 2.004048e+01 1.989439e+01 1.974769e+01 1.960041e+01 
1.945259e+01 1.930426e+01 1.915547e+01 1.900624e+01 1.885660e+01 
1.870658e+01 1.855621e+01 1.840548e+01 1.825442e+01 1.810300e+01 
1.795118e+01 1.779889e+01 1.764597e+01 1.749221e+01 1.733725e+01 
1.718055e+01 1.702127e+01 1.685817e+01 1.668940e+01 1.651218e+01 
1.632248e+01 1.611441e+01 1.587959e+01 1.560636e+01 1.527904e+01 
1.487786e+01 1.438019e+01 1.376452e+01 1.301819e+01 1.214806e+01 
1.118933e+01 1.020477e+01 9.269579e+00 8.448152e+00 7.776638e+00 
7.260125e+00 
@R TE 101 []
-2.156937e-02 -4.605572e-03 1.389168e-02 3.388987e-02 5.535653e-02 
7.825914e-02 1.025652e-01 1.282423e-01 1.552578e-01 1.835793e-01 
2.131742e-01 2.440102e-01 2.760546e-01 3.092750e-01 3.436390e-01 
3.791139e-01 4.156673e-01 4.532667e-01 4.918797e-01 5.314736e-01 
5.720161e-01 6.134746e-01 6.558166e-01 6.990096e-01 7.430212e-01 
7.878188e-01 8.333699e-01 8.796421e-01 9.266029e-01 9.742197e-01 
1.022460e+00 1.071291e+00 1.120681e+00 1.170597e+00 1.221007e+00 
1.271878e+00 1.323177e+00 1.374872e+00 1.426931e+00 1.479321e+00 
1.532010e+00 1.584965e+00 1.638153e+00 1.691542e+00 1.745100e+00 
1.798795e+00 1.852592e+00 1.906461e+00 1.960369e+00 2.014282e+00 
2.068170e+00 2.121998e+00 2.175735e+00 2.229348e+00 2.282805e+00 
2.336073e+00 2.389120e+00 2.441912e+00 2.494419e+00 2.546606e+00 
2.598442e+00 2.649893e+00 2.700928e+00 2.751513e+00 2.801616e+00 
2.851204e+00 2.900242e+00 2.948698e+00 2.996537e+00 3.043722e+00 
3.090218e+00 3.135983e+00 3.180974e+00 3.225143e+00 3.268429e+00 
3.310763e+00 3.352050e+00 3.392167e+00 3.430945e+00 3.468139e+00 
3.503400e+00 3.536215e+00 3.565825e+00 3.591110e+00 3.610408e+00 
3.621278e+00 3.620162e+00 3.601969e+00 3.559621e+00 3.483698e+00 
3.362539e+00 3.183356e+00 2.935076e+00 2.613177e+00 2.225269e+00 
1.794061e+00 1.353983e+00 9.414245e-01 5.838893e-01 2.943334e-01 
7.234499e-02 
@R TI 101 []
-2.156937e-02 -4.605572e-03 1.389168e-02 3.388987e-02 5.535653e-02 
7.825914e-02 1.025652e-01 1.282423e-01 1.552578e-01 1.835793e-01 
2.131742e-01 2.440102e-01 2.760546e-01 3.092750e-01 3.436390e-01 
3.791139e-01 4.156673e-01 4.532667e-01 4.918797e-01 5.314736e-01 
5.720161e-01 6.134746e-01 6.558166e-01 6.990096e-01 7.430212e-01 
7.878188e-01 8.333699e-01 8.796421e-01 9.266029e-01 9.742197e-01 
1.022460e+00 1.071291e+00 1.120681e+00 1.170597e+00 1.221007e+00 
1.271878e+00 1.323177e+00 1.374872e+00 1.426931e+00 1.479321e+00 
1.532010e+00 1.584965e+00 1.638153e+00 1.691542e+00 1.745100e+00 
1.798795e+00 1.852592e+00 1.906461e+00 1.960369e+00 2.014282e+00 
2.068170e+00 2.121998e+00 2.175735e+00 2.229348e+00 2.282805e+00 
2.336073e+00 2.389120e+00 2.441912e+00 2.494419e+00 2.546606e+00 
2.598442e+00 2.649893e+00 2.700928e+00 2.751513e+00 2.801616e+00 
2.851204e+00 2.900242e+00 2.948698e+00 2.996537e+00 3.043722e+00 
3.090218e+00 3.135983e+00 3.180974e+00 3.225143e+00 3.268429e+00 
3.310763e+00 3.352050e+00 3.392167e+00 3.430945e+00 3.468139e+00 
3.503400e+00 3.536215e+00 3.565825e+00 3.591110e+00 3.610408e+00 
3.621278e+00 3.620162e+00 3.601969e+00 3.559621e+00 3.483698e+00 
3.362539e+00 3.183356e+00 2.935076e+00 2.613177e+00 2.225269e+00 
1.794061e+00 1.353983e+00 9.414245e-01 5.838893e-01 2.943334e-01 
7.234499e-02 
@R FP 102 []
-1.266861e-04 -1.266861e-04 2.825949e-03 8.587566e-03 1.724299e-02 
2.884680e-02 4.345078e-02 6.110792e-02 8.187361e-02 1.058070e-01 
1.329701e-01 1.634249e-01 1.972370e-01 2.344746e-01 2.751992e-01 
3.194679e-01 3.673395e-01 4.188675e-01 4.741078e-01 5.331300e-01 
5.959773e-01 6.627134e-01 7.334188e-01 8.081481e-01 8.869559e-01 
9.699045e-01 1.057051e+00 1.148447e+00 1.244156e+00 1.344228e+00 
1.448714e+00 1.557671e+00 1.671148e+00 1.789193e+00 1.911853e+00 
2.039173e+00 2.171197e+00 2.307965e+00 2.449516e+00 2.595885e+00 
2.747107e+00 2.903213e+00 3.064231e+00 3.230186e+00 3.401101e+00 
3.576996e+00 3.757888e+00 3.943792e+00 4.134714e+00 4.330665e+00 
4.531647e+00 4.737661e+00 4.948703e+00 5.164767e+00 5.385840e+00 
5.611909e+00 5.842957e+00 6.078956e+00 6.319885e+00 6.565712e+00 
6.816400e+00 7.071910e+00 7.332199e+00 7.597220e+00 7.866919e+00 
8.141241e+00 8.420121e+00 8.703467e+00 8.991119e+00 9.282821e+00 
9.578233e+00 9.876948e+00 1.017850e+01 1.048237e+01 1.078802e+01 
1.109484e+01 1.140225e+01 1.170963e+01 1.201637e+01 1.232184e+01 
1.262547e+01 1.292667e+01 1.322489e+01 1.351961e+01 1.381036e+01 
1.409670e+01 1.437822e+01 1.465475e+01 1.492639e+01 1.519340e+01 
1.545623e+01 1.571556e+01 1.597227e+01 1.622734e+01 1.648152e+01 
1.673498e+01 1.698698e+01 1.723563e+01 1.747797e+01 1.770949e+01 
1.792428e+01 1.801817e+01 
@R CURPAR 102 []
7.001567e-01 7.001567e-01 7.001567e-01 7.076396e-01 7.153149e-01 
7.231727e-01 7.312028e-01 7.393952e-01 7.477398e-01 7.562267e-01 
7.648458e-01 7.735870e-01 7.824404e-01 7.913958e-01 8.004432e-01 
8.095726e-01 8.187740e-01 8.280373e-01 8.373525e-01 8.467095e-01 
8.560983e-01 8.655088e-01 8.749311e-01 8.843550e-01 8.937705e-01 
9.031677e-01 9.125364e-01 9.218666e-01 9.311483e-01 9.403715e-01 
9.495260e-01 9.586019e-01 9.675891e-01 9.764776e-01 9.852573e-01 
9.939182e-01 1.002450e+00 1.010843e+00 1.019088e+00 1.027173e+00 
1.035089e+00 1.042827e+00 1.050375e+00 1.057724e+00 1.064864e+00 
1.071784e+00 1.078476e+00 1.084928e+00 1.091131e+00 1.097074e+00 
1.102748e+00 1.108143e+00 1.113248e+00 1.118054e+00 1.122550e+00 
1.126727e+00 1.130574e+00 1.134081e+00 1.137238e+00 1.140036e+00 
1.142464e+00 1.144512e+00 1.146170e+00 1.147428e+00 1.148277e+00 
1.148705e+00 1.145998e+00 1.135109e+00 1.114257e+00 1.084554e+00 
1.047113e+00 1.003044e+00 9.534599e-01 8.994727e-01 8.421940e-01 
7.827357e-01 7.222097e-01 6.617279e-01 6.024021e-01 5.453443e-01 
4.916662e-01 4.424797e-01 3.988968e-01 3.620293e-01 3.329890e-01 
3.128878e-01 3.208244e-01 3.600735e-01 4.182109e-01 5.008175e-01 
6.117167e-01 7.487797e-01 8.982122e-01 1.030579e+00 1.105008e+00 
1.085589e+00 9.624481e-01 7.603318e-01 5.268201e-01 3.065168e-01 
1.116457e-01 1.116457e-01 
