 nmodes=            0  nfields=            2  max_plot=          289
 ky=   5.0332855535937457E-002   width=    1.428571428571429     
 theta     ((Re(field_i), Im(field_i),i=(1,nfields)),j=1,nmodes)
Tearing metric:  [   0.199789E+001   0.199806E+001   0.199649E+001   0.000000E+000 ]
DEP: [   0.000000E+000   0.000000E+000   0.000000E+000   0.000000E+000]
chi_th: [   0.000000E+000   0.000000E+000   0.000000E+000   0.000000E+000]
chi_i: [   0.000000E+000   0.000000E+000   0.000000E+000   0.000000E+000]
chi_i_cond: [   0.000000E+000   0.000000E+000   0.000000E+000   0.000000E+000]
chi_e: [   0.000000E+000   0.000000E+000   0.000000E+000   0.000000E+000]
chi_e_cond: [   0.000000E+000   0.000000E+000   0.000000E+000   0.000000E+000]
i_QL_cond_flux: [   0.000000E+000   0.000000E+000   0.000000E+000   0.000000E+000]
e_QL_cond_flux: [   0.000000E+000   0.000000E+000   0.000000E+000   0.000000E+000]
QL_ratio: [             NaN             NaN             NaN             NaN]
EP QL convective fraction: [             NaN             NaN             NaN             NaN]
<theta^2>: [   0.562787E+002   0.210286E+002   0.464968E+002             NaN]
 Mode kept T/F for each mode:    F  F  F  F
 Theta      Re(phi)        Im(phi)        Re(B_per)        Im(B_per)
 No kept modes at nominal write parameters. Showing leading mode.
-28.274305   0.522958E-058  -0.116482E-057   0.100200E-059  -0.222813E-061
-28.118105   0.782912E-057  -0.174265E-056   0.151235E-058  -0.324500E-060
-27.959141   0.119308E-055  -0.265374E-055   0.232399E-057  -0.479762E-059
-27.793935   0.193082E-054  -0.429145E-054   0.379388E-056  -0.750546E-058
-27.617391   0.347105E-053  -0.770853E-053   0.688334E-055  -0.129790E-056
-27.420849   0.734420E-052  -0.162956E-051   0.147094E-053  -0.262358E-055
-27.187311   0.201262E-050  -0.446119E-050   0.407569E-052  -0.679843E-054
-26.884513   0.808631E-049  -0.179030E-048   0.165834E-050  -0.254155E-052
-26.545331   0.252794E-047  -0.559036E-047   0.524737E-049  -0.734440E-051
-26.286229   0.273017E-046  -0.603255E-046   0.571586E-048  -0.745157E-050
-26.083222   0.171454E-045  -0.378590E-045   0.361374E-047  -0.443462E-049
-25.908380   0.846578E-045  -0.186823E-044   0.179494E-046  -0.208010E-048
-25.747926   0.368879E-044  -0.813587E-044   0.786446E-046  -0.860688E-048
-25.594017   0.149519E-043  -0.329595E-043   0.320475E-045  -0.330631E-047
-25.441678   0.580798E-043  -0.127960E-042   0.125138E-044  -0.121325E-046
-25.288072   0.220440E-042  -0.485405E-042   0.477433E-044  -0.433065E-046
-25.132741   0.826992E-042  -0.182002E-041   0.180047E-043  -0.151923E-045
-24.977357   0.307953E-041  -0.677356E-041   0.673979E-043  -0.525351E-045
-24.823657   0.114261E-040  -0.251179E-040   0.251395E-042  -0.179471E-044
-24.671304   0.426635E-040  -0.937320E-040   0.943741E-042  -0.610144E-044
-24.517565   0.163046E-039  -0.357995E-039   0.362672E-041  -0.209026E-043
-24.357566   0.654459E-039  -0.143604E-038   0.146425E-040  -0.734837E-043
-24.183623   0.288709E-038  -0.633051E-038   0.650025E-040  -0.273168E-042
-23.982285   0.154387E-037  -0.338245E-037   0.350123E-039  -0.113926E-041
-23.726346   0.128771E-036  -0.281819E-036   0.294765E-038  -0.592857E-041
-23.389633   0.259551E-035  -0.567127E-035   0.602236E-037  -0.993583E-041
-23.082882   0.629767E-034  -0.137358E-033   0.148313E-035   0.284218E-038
-22.847164   0.100914E-032  -0.219736E-032   0.240853E-034   0.924379E-037
-22.649411   0.120959E-031  -0.262970E-031   0.292275E-033   0.165261E-035
-22.472168   0.119368E-030  -0.259116E-030   0.291819E-032   0.216402E-034
-22.306559   0.102672E-029  -0.222539E-029   0.253850E-031   0.232362E-033
-22.147386   0.802461E-029  -0.173670E-028   0.200610E-030   0.218554E-032
-21.991120   0.590689E-028  -0.127643E-027   0.149305E-029   0.189104E-031
-21.834920   0.423302E-027  -0.913272E-027   0.108197E-028   0.156853E-030
-21.675956   0.304701E-026  -0.656298E-026   0.787826E-028   0.129383E-029
-21.510750   0.227023E-025  -0.488119E-025   0.594087E-027   0.109803E-028
-21.334206   0.180637E-024  -0.387636E-024   0.478790E-026   0.992290E-028
-21.137664   0.159697E-023  -0.341963E-023   0.429204E-025   0.996553E-027
-20.904126   0.167445E-022  -0.357670E-022   0.457063E-024   0.119207E-025
-20.601328   0.226200E-021  -0.481759E-021   0.628594E-023   0.185346E-024
-20.262146   0.251415E-020  -0.533900E-020   0.710849E-022   0.233732E-023
-20.003044   0.131425E-019  -0.278496E-019   0.376195E-021   0.133038E-022
-19.800036   0.468351E-019  -0.990752E-019   0.135373E-020   0.505812E-022
-19.625195   0.140681E-018  -0.297138E-018   0.410145E-020   0.160632E-021
-19.464741   0.386199E-018  -0.814504E-018   0.113506E-019   0.463988E-021
-19.310832   0.100530E-017  -0.211716E-017   0.297780E-019   0.126725E-020
-19.158492   0.253324E-017  -0.532730E-017   0.756161E-019   0.334475E-020
-19.004886   0.626262E-017  -0.131509E-016   0.188378E-018   0.865220E-020
-18.849556   0.153094E-016  -0.321003E-016   0.464076E-018   0.221188E-019
-18.694172   0.371116E-016  -0.776965E-016   0.113380E-017   0.560504E-019
-18.540472   0.894362E-016  -0.186950E-015   0.275411E-017   0.141171E-018
-18.388119   0.215686E-015  -0.450123E-015   0.669583E-017   0.355856E-018
-18.234380   0.526320E-015  -0.109653E-014   0.164768E-016   0.908324E-018
-18.074380   0.132156E-014  -0.274834E-014   0.417400E-016   0.238960E-017
-17.900438   0.351593E-014  -0.729707E-014   0.112121E-015   0.668196E-017
-17.699099   0.105550E-013  -0.218545E-013   0.340356E-015   0.212219E-016
-17.443160   0.420055E-013  -0.867021E-013   0.137423E-014   0.907136E-016
-17.106448   0.291312E-012  -0.598444E-012   0.973510E-014   0.696532E-015
-16.799696   0.221815E-011  -0.453193E-011   0.759024E-013   0.591598E-014
-16.563979   0.126685E-010  -0.257497E-010   0.442976E-012   0.372058E-013
-16.366226   0.591074E-010  -0.119542E-009   0.210910E-011   0.189484E-012
-16.188982   0.240164E-009  -0.483323E-009   0.873849E-011   0.835763E-012
-16.023374   0.882413E-009  -0.176699E-008   0.327274E-010   0.332157E-011
-15.864200   0.301167E-008  -0.600002E-008   0.113850E-009   0.122369E-010
-15.707935   0.976281E-008  -0.193470E-007   0.376271E-009   0.427878E-010
-15.551734   0.306538E-007  -0.604064E-007   0.120524E-008   0.145005E-009
-15.392771   0.948623E-007  -0.185808E-006   0.380878E-008   0.485313E-009
-15.227565   0.293855E-006  -0.571768E-006   0.120659E-007   0.163162E-008
-15.051020   0.924709E-006  -0.178591E-005   0.389092E-007   0.560178E-008
-14.854479   0.300785E-005  -0.575968E-005   0.130067E-006   0.200323E-007
-14.620940   0.103986E-004  -0.197103E-004   0.464106E-006   0.770330E-007
-14.318142   0.394076E-004  -0.737549E-004   0.182718E-005   0.330472E-006
-13.978961   0.129373E-003  -0.238931E-003   0.623586E-005   0.122512E-005
-13.719859   0.284875E-003  -0.520780E-003   0.141357E-004   0.294578E-005
-13.516851   0.513975E-003  -0.931625E-003   0.261200E-004   0.570305E-005
-13.342010   0.846047E-003  -0.152143E-002   0.439487E-004   0.100013E-004
-13.181555   0.132269E-002  -0.236013E-002   0.701866E-004   0.166064E-004
-13.027647   0.199944E-002  -0.353976E-002   0.108385E-003   0.266316E-004
-12.875307   0.295089E-002  -0.518199E-002   0.163488E-003   0.417010E-004
-12.721701   0.427688E-002  -0.744710E-002   0.242383E-003   0.641886E-004
-12.566371   0.610622E-002  -0.105375E-001   0.354396E-003   0.974893E-004
-12.410986   0.859453E-002  -0.146907E-001   0.511536E-003   0.146268E-003
-12.257287   0.119309E-001  -0.201865E-001   0.729428E-003   0.216984E-003
-12.104933   0.163627E-001  -0.273805E-001   0.102976E-002   0.319074E-003
-11.951195   0.222290E-001  -0.367460E-001   0.144420E-002   0.467005E-003
-11.791195   0.300186E-001  -0.489421E-001   0.202177E-002   0.684300E-003
-11.617253   0.405165E-001  -0.649879E-001   0.284731E-002   0.101361E-002
-11.415914   0.552470E-001  -0.867845E-001   0.409918E-002   0.154869E-002
-11.159975   0.778257E-001  -0.118478E+000   0.626453E-002   0.256296E-002
-10.823263   0.112445E+000  -0.161280E+000   0.105489E-001   0.488237E-002
-10.516511   0.133841E+000  -0.172450E+000   0.162531E-001   0.874128E-002
-10.280793   0.109993E+000  -0.110778E+000   0.208287E-001   0.130949E-001
-10.083040   0.285338E-001   0.307069E-001   0.226975E-001   0.170065E-001
 -9.905797  -0.108812E+000   0.235271E+000   0.207446E-001   0.194112E-001
 -9.740189  -0.284103E+000   0.463258E+000   0.145648E-001   0.192650E-001
 -9.581015  -0.464454E+000   0.659273E+000   0.469220E-002   0.158152E-001
 -9.424749  -0.607089E+000   0.764636E+000  -0.736529E-002   0.886479E-002
 -9.268549  -0.667278E+000   0.732819E+000  -0.192620E-001  -0.982463E-003
 -9.109585  -0.609618E+000   0.547258E+000  -0.281397E-001  -0.121056E-001
 -8.944379  -0.423564E+000   0.239478E+000  -0.312534E-001  -0.217895E-001
 -8.767835  -0.140782E+000  -0.101384E+000  -0.269790E-001  -0.265598E-001
 -8.571293   0.155341E+000  -0.345242E+000  -0.159842E-001  -0.232737E-001
 -8.337755   0.343716E+000  -0.379963E+000  -0.185081E-002  -0.110990E-001
 -8.034957   0.318959E+000  -0.209836E+000   0.962496E-002   0.564784E-002
 -7.695775   0.146237E+000  -0.403904E-001   0.136442E-001   0.154922E-001
 -7.436673   0.130223E-001   0.293056E-001   0.132473E-001   0.168885E-001
 -7.233666  -0.759873E-001   0.697478E-001   0.114580E-001   0.154188E-001
 -7.058824  -0.141257E+000   0.110500E+000   0.880953E-002   0.129957E-001
 -6.898370  -0.193412E+000   0.158540E+000   0.539489E-002   0.102600E-001
 -6.744461  -0.237607E+000   0.210672E+000   0.131416E-002   0.743734E-002
 -6.592122  -0.275330E+000   0.257823E+000  -0.321756E-002   0.455222E-002
 -6.438516  -0.305136E+000   0.288131E+000  -0.783663E-002   0.153152E-002
 -6.283185  -0.323362E+000   0.290189E+000  -0.120337E-001  -0.170566E-002
 -6.127801  -0.325345E+000   0.256878E+000  -0.152162E-001  -0.516171E-002
 -5.974101  -0.307119E+000   0.188663E+000  -0.168487E-001  -0.870903E-002
 -5.821748  -0.266660E+000   0.943458E-001  -0.165822E-001  -0.120776E-001
 -5.668009  -0.204503E+000  -0.100841E-001  -0.143272E-001  -0.148594E-001
 -5.508010  -0.123988E+000  -0.103465E+000  -0.103048E-001  -0.165299E-001
 -5.334067  -0.310712E-001  -0.162175E+000  -0.509027E-002  -0.164776E-001
 -5.132729   0.662587E-001  -0.162756E+000   0.316063E-003  -0.139862E-001
 -4.876790   0.156766E+000  -0.859531E-001   0.406218E-002  -0.810746E-002
 -4.540077   0.212332E+000   0.204877E-001   0.259944E-002   0.688664E-003
 -4.233326   0.202200E+000  -0.132366E-001  -0.295210E-003   0.604931E-002
 -3.997608   0.121184E+000  -0.483346E-001   0.149241E-002   0.104143E-001
 -3.799855  -0.408900E-001   0.228394E-001   0.337678E-002   0.164773E-001
 -3.622612  -0.242245E+000   0.105572E+000   0.139728E-002   0.197186E-001
 -3.457003  -0.403831E+000   0.927439E-001  -0.315415E-002   0.146360E-001
 -3.297830  -0.464376E+000  -0.441830E-002  -0.645214E-002   0.103564E-002
 -3.141564  -0.412850E+000  -0.874961E-001  -0.625195E-002  -0.150547E-001
 -2.985364  -0.283224E+000  -0.832736E-001  -0.344802E-002  -0.253879E-001
 -2.826400  -0.128397E+000  -0.182198E-001  -0.620123E-003  -0.250848E-001
 -2.661194   0.526089E-002   0.121545E-001   0.648145E-003  -0.161688E-001
 -2.484650   0.904831E-001  -0.398826E-001   0.113559E-002  -0.618433E-002
 -2.288108   0.119553E+000  -0.895829E-001   0.232314E-002  -0.159123E-002
 -2.054570   0.102853E+000  -0.160108E-001   0.317946E-002  -0.897588E-003
 -1.751772   0.652759E-001   0.929694E-001   0.779993E-003   0.312864E-002
 -1.412590   0.210573E-001   0.329470E-001  -0.195431E-002   0.779190E-002
 -1.153488  -0.263705E-001  -0.387282E-001  -0.168381E-002   0.692844E-002
 -0.950481  -0.702490E-001  -0.501020E-001  -0.407686E-003   0.342109E-002
 -0.775639  -0.103669E+000  -0.217749E-001   0.781538E-003  -0.806060E-003
 -0.615185  -0.120483E+000   0.188932E-001   0.149132E-002  -0.480672E-002
 -0.461276  -0.116870E+000   0.490627E-001   0.168364E-002  -0.809073E-002
 -0.308936  -0.925405E-001   0.552838E-001   0.153036E-002  -0.104533E-001
 -0.155330  -0.511377E-001   0.358086E-001   0.128797E-002  -0.118551E-001
  0.000000   0.470821E-004  -0.744097E-004   0.117786E-002  -0.123171E-001
  0.155384   0.512471E-001  -0.359628E-001   0.128805E-002  -0.118524E-001
  0.309084   0.926695E-001  -0.554251E-001   0.153087E-002  -0.104473E-001
  0.461437   0.116981E+000  -0.491555E-001   0.168460E-002  -0.808241E-002
  0.615176   0.120567E+000  -0.189751E-001   0.149325E-002  -0.480144E-002
  0.775175   0.103799E+000   0.216234E-001   0.787334E-003  -0.813455E-003
  0.949118   0.705657E-001   0.499956E-001  -0.393514E-003   0.339302E-002
  1.150457   0.270102E-001   0.393124E-001  -0.166404E-002   0.689092E-002
  1.406396  -0.200788E-001  -0.307629E-001  -0.196992E-002   0.782347E-002
  1.743108  -0.642295E-001  -0.935977E-001   0.679891E-003   0.329417E-002
  2.049860  -0.102224E+000   0.134692E-001   0.316691E-002  -0.871405E-003
  2.285577  -0.119605E+000   0.895514E-001   0.233658E-002  -0.157020E-002
  2.483330  -0.909659E-001   0.403708E-001   0.113553E-002  -0.612503E-002
  2.660574  -0.572803E-002  -0.122003E-001   0.647488E-003  -0.161274E-001
  2.826182   0.128225E+000   0.180430E-001  -0.615616E-003  -0.250777E-001
  2.985356   0.283342E+000   0.832061E-001  -0.344105E-002  -0.253894E-001
  3.141621   0.413057E+000   0.874449E-001  -0.624182E-002  -0.150513E-001
  3.297821   0.464526E+000   0.443493E-002  -0.644073E-002   0.103121E-002
  3.456785   0.404087E+000  -0.925850E-001  -0.315260E-002   0.146175E-001
  3.621991   0.243021E+000  -0.105641E+000   0.138436E-002   0.197131E-001
  3.798535   0.423477E-001  -0.235073E-001   0.337449E-002   0.165182E-001
  3.995077  -0.119613E+000   0.480746E-001   0.152474E-002   0.104851E-001
  4.228616  -0.201375E+000   0.146307E-001  -0.301100E-003   0.612473E-002
  4.531414  -0.212905E+000  -0.216495E-001   0.249127E-002   0.895092E-003
  4.870595  -0.158528E+000   0.833955E-001   0.410193E-002  -0.793151E-002
  5.129697  -0.676013E-001   0.162258E+000   0.387910E-003  -0.139282E-001
  5.332705   0.303792E-001   0.162453E+000  -0.504885E-002  -0.164681E-001
  5.507546   0.123770E+000   0.103721E+000  -0.102925E-001  -0.165318E-001
  5.668001   0.204518E+000   0.101220E-001  -0.143291E-001  -0.148599E-001
  5.821909   0.266724E+000  -0.944209E-001  -0.165872E-001  -0.120765E-001
  5.974249   0.307157E+000  -0.188722E+000  -0.168537E-001  -0.871010E-002
  6.127855   0.325372E+000  -0.256905E+000  -0.152232E-001  -0.516683E-002
  6.283185   0.323407E+000  -0.290237E+000  -0.120427E-001  -0.171308E-002
  6.438570   0.305197E+000  -0.288209E+000  -0.784432E-002   0.152470E-002
  6.592269   0.275387E+000  -0.257893E+000  -0.322086E-002   0.454815E-002
  6.744622   0.237664E+000  -0.210733E+000   0.131416E-002   0.743596E-002
  6.898361   0.193511E+000  -0.158647E+000   0.539432E-002   0.102592E-001
  7.058361   0.141495E+000  -0.110700E+000   0.880528E-002   0.129921E-001
  7.232303   0.765844E-001  -0.700658E-001   0.114499E-001   0.154116E-001
  7.433642  -0.115408E-001  -0.299354E-001   0.132414E-001   0.168929E-001
  7.689581  -0.142760E+000   0.381885E-001   0.136758E-001   0.155989E-001
  8.026293  -0.315503E+000   0.204339E+000   0.983719E-002   0.605480E-002
  8.333045  -0.345634E+000   0.378409E+000  -0.159033E-002  -0.107991E-001
  8.568762  -0.158685E+000   0.347147E+000  -0.158298E-001  -0.231883E-001
  8.766516   0.138588E+000   0.103625E+000  -0.269331E-001  -0.265822E-001
  8.943759   0.422787E+000  -0.238320E+000  -0.312583E-001  -0.218263E-001
  9.109367   0.609582E+000  -0.547018E+000  -0.281471E-001  -0.121199E-001
  9.268541   0.667364E+000  -0.732868E+000  -0.192547E-001  -0.975876E-003
  9.424806   0.607074E+000  -0.764606E+000  -0.734948E-002   0.887846E-002
  9.581007   0.464440E+000  -0.659219E+000   0.470270E-002   0.158256E-001
  9.739971   0.284309E+000  -0.463484E+000   0.145621E-001   0.192713E-001
  9.905177   0.109363E+000  -0.236045E+000   0.207343E-001   0.194216E-001
 10.081721  -0.277538E-001  -0.319818E-001   0.226997E-001   0.170336E-001
 10.278263  -0.109366E+000   0.109499E+000   0.208710E-001   0.131489E-001
 10.511801  -0.133882E+000   0.172001E+000   0.163559E-001   0.882216E-002
 10.814599  -0.113372E+000   0.162243E+000   0.106911E-001   0.496639E-002
 11.153780  -0.784642E-001   0.119327E+000   0.632960E-002   0.259453E-002
 11.412883  -0.555002E-001   0.871425E-001   0.412078E-002   0.155779E-002
 11.615890  -0.406078E-001   0.651188E-001   0.285405E-002   0.101598E-002
 11.790732  -0.300429E-001   0.489749E-001   0.202314E-002   0.684497E-003
 11.951186  -0.222289E-001   0.367423E-001   0.144383E-002   0.466609E-003
 12.105095  -0.163574E-001   0.273694E-001   0.102913E-002   0.318652E-003
 12.257434  -0.119277E-001   0.201794E-001   0.729024E-003   0.216693E-003
 12.411040  -0.859395E-002   0.146885E-001   0.511365E-003   0.146095E-003
 12.566371  -0.610641E-002   0.105369E-001   0.354312E-003   0.973765E-004
 12.721755  -0.427654E-002   0.744591E-002   0.242296E-003   0.640999E-004
 12.875455  -0.294990E-002   0.517987E-002   0.163384E-003   0.416269E-004
 13.027808  -0.199857E-002   0.353796E-002   0.108304E-003   0.265783E-004
 13.181546  -0.132263E-002   0.235986E-002   0.701630E-004   0.165789E-004
 13.341546  -0.847078E-003   0.152314E-002   0.439916E-004   0.999778E-005
 13.515489  -0.515976E-003   0.935130E-003   0.262180E-004   0.571730E-005
 13.716827  -0.287517E-003   0.525508E-003   0.142675E-004   0.297024E-005
 13.972766  -0.132101E-003   0.243892E-003   0.637001E-005   0.125094E-005
 14.309478  -0.408175E-004   0.763611E-004   0.189397E-005   0.342581E-006
 14.616230  -0.106590E-004   0.201982E-004   0.475881E-006   0.788982E-007
 14.851948  -0.305311E-005   0.584535E-005   0.132026E-006   0.202898E-007
 15.049701  -0.932407E-006   0.180057E-005   0.392263E-007   0.563068E-008
 15.226944  -0.295009E-006   0.573968E-006   0.121098E-007   0.163165E-008
 15.392553  -0.949727E-007   0.186014E-006   0.381187E-008   0.483693E-009
 15.551726  -0.306425E-007   0.603814E-007   0.120434E-008   0.144224E-009
 15.707992  -0.975423E-008   0.193292E-007   0.375790E-009   0.425154E-010
 15.864192  -0.301050E-008   0.599742E-008   0.113760E-009   0.121596E-010
 16.023156  -0.883554E-009   0.176919E-008   0.327573E-010   0.330477E-011
 16.188362  -0.241276E-009   0.485532E-009   0.877597E-011   0.833993E-012
 16.364906  -0.597254E-010   0.120783E-009   0.213057E-011   0.190117E-012
 16.561448  -0.129248E-010   0.262680E-010   0.451864E-012   0.376824E-013
 16.794986  -0.229887E-011   0.469620E-011   0.786647E-013   0.608614E-014
 17.097784  -0.307928E-012   0.632466E-012   0.102923E-013   0.730733E-015
 17.436966  -0.435398E-013   0.898583E-013   0.142433E-014   0.931067E-016
 17.696068  -0.107346E-013   0.222249E-013   0.346052E-015   0.213306E-016
 17.899075  -0.354222E-014   0.735128E-014   0.112916E-015   0.664467E-017
 18.073917  -0.132475E-014   0.275486E-014   0.418224E-016   0.236197E-017
 18.234371  -0.526243E-015   0.109634E-014   0.164667E-016   0.894775E-018
 18.388280  -0.215463E-015   0.449645E-015   0.668572E-017   0.349968E-018
 18.540619  -0.893607E-016   0.186787E-015   0.275046E-017   0.138759E-018
 18.694226  -0.371017E-016   0.776733E-016   0.113295E-017   0.550832E-019
 18.849556  -0.153092E-016   0.320991E-016   0.463850E-018   0.217253E-019
 19.004940  -0.626090E-017   0.131469E-016   0.188234E-018   0.848856E-020
 19.158640  -0.253101E-017   0.532246E-017   0.755123E-019   0.327640E-020
 19.310993  -0.100420E-017   0.211478E-017   0.297305E-019   0.123986E-020
 19.464732  -0.386137E-018   0.814351E-018   0.113432E-019   0.453917E-021
 19.624731  -0.141056E-018   0.297920E-018   0.411042E-020   0.157425E-021
 19.798674  -0.472314E-019   0.999095E-019   0.136458E-020   0.498041E-022
 20.000013  -0.134026E-019   0.283991E-019   0.383502E-021   0.132318E-022
 20.255952  -0.262483E-020   0.557357E-020   0.741996E-022   0.237716E-023
 20.592664  -0.242585E-021   0.516600E-021   0.674107E-023   0.193157E-024
 20.899416  -0.175589E-022   0.375038E-022   0.479194E-024   0.120716E-025
 21.135133  -0.164215E-023   0.351618E-023   0.441189E-025   0.983087E-027
 21.332886  -0.183391E-024   0.393529E-024   0.485870E-026   0.959851E-028
 21.510129  -0.228618E-025   0.491532E-025   0.597955E-027   0.104566E-028
 21.675738  -0.305320E-026   0.657616E-026   0.788997E-028   0.121557E-029
 21.834912  -0.423026E-027   0.912656E-027   0.108065E-028   0.145489E-030
 21.991177  -0.589795E-028   0.127447E-027   0.148993E-029   0.173075E-031
 22.147377  -0.801924E-029   0.173550E-028   0.200360E-030   0.196982E-032
 22.306341  -0.102892E-029   0.223011E-029   0.254249E-031   0.205384E-033
 22.471547  -0.120277E-030   0.261082E-030   0.293880E-032   0.186003E-034
 22.648091  -0.123017E-031   0.267437E-031   0.297097E-033   0.135441E-035
 22.844633  -0.104205E-032   0.226895E-032   0.248599E-034   0.680127E-037
 23.078172  -0.666404E-034   0.145341E-033   0.156888E-035   0.127251E-038
 23.380970  -0.283020E-035   0.618366E-035   0.656547E-037  -0.836560E-040
 23.720151  -0.136094E-036   0.297833E-036   0.311411E-038  -0.984577E-041
 23.979253  -0.158425E-037   0.347081E-037   0.359094E-039  -0.159295E-041
 24.182261  -0.291999E-038   0.640248E-038   0.657045E-040  -0.355042E-042
 24.357102  -0.656848E-039   0.144126E-038   0.146868E-040  -0.915462E-043
 24.517556  -0.163010E-039   0.357909E-039   0.362358E-041  -0.253245E-043
 24.671465  -0.425976E-040   0.935853E-040   0.941667E-042  -0.725017E-044
 24.823805  -0.114117E-040   0.250857E-040   0.250913E-042  -0.210288E-044
 24.977411  -0.307830E-041   0.677073E-041   0.673269E-043  -0.608906E-045
 25.132741  -0.826983E-042   0.181997E-041   0.179927E-043  -0.174435E-045
 25.288126  -0.220351E-042   0.485200E-042   0.476924E-044  -0.492926E-046
 25.441825  -0.580047E-043   0.127792E-042   0.124893E-044  -0.136986E-046
 25.594178  -0.149280E-043   0.329061E-043   0.319747E-045  -0.370838E-047
 25.747917  -0.368793E-044   0.813385E-044   0.785737E-046  -0.961147E-048
 25.907917  -0.849864E-045   0.187545E-044   0.180072E-046  -0.231999E-048
 26.081859  -0.173560E-045   0.383233E-045   0.365583E-047  -0.496171E-049
 26.283198  -0.280846E-046   0.620537E-046   0.587637E-048  -0.842725E-050
 26.539137  -0.268914E-047   0.594662E-047   0.557939E-049  -0.853687E-051
 26.875849  -0.893321E-049   0.197771E-048   0.183138E-050  -0.304666E-052
 27.182601  -0.215237E-050   0.477079E-050   0.435662E-052  -0.785239E-054
 27.418318  -0.763767E-052   0.169463E-051   0.152883E-053  -0.293657E-055
 27.616072  -0.354517E-053   0.787298E-053   0.702577E-055  -0.142272E-056
 27.793315  -0.194970E-054   0.433333E-054   0.382831E-056  -0.811459E-058
 27.958923  -0.119644E-055   0.266117E-055   0.232885E-057  -0.514060E-059
 28.118097  -0.782212E-057   0.174106E-056   0.150988E-058  -0.345780E-060
 28.274362  -0.521874E-058   0.116239E-057   0.999176E-060  -0.236756E-061
