 nmodes=            2  nfields=            2  max_plot=          289
 ky=   6.0369934922886330E-002   width=    1.428571428571429     
 theta     ((Re(field_i), Im(field_i),i=(1,nfields)),j=1,nmodes)
Tearing metric:  [   0.199761E+001   0.459540E-002   0.199731E+001   0.396479E-002 ]
DEP: [   0.683598E-008  -0.769339E-007   0.000000E+000   0.000000E+000]
chi_th: [   0.569843E+004   0.733159E+004   0.000000E+000   0.000000E+000]
chi_i: [   0.382061E+003   0.220465E+004   0.000000E+000   0.000000E+000]
chi_i_cond: [  -0.353011E+002   0.585393E+003   0.000000E+000   0.000000E+000]
chi_e: [   0.115295E+005   0.153685E+005   0.000000E+000   0.000000E+000]
chi_e_cond: [   0.110939E+005   0.136799E+005   0.000000E+000   0.000000E+000]
i_QL_cond_flux: [  -0.332188E-004   0.550862E-003   0.000000E+000   0.000000E+000]
e_QL_cond_flux: [   0.110939E-001   0.136799E-001   0.000000E+000   0.000000E+000]
QL_ratio: [  -0.111698E-002  -0.111947E-001             NaN             NaN]
EP QL convective fraction: [  -0.148075E+003   0.100270E+002             NaN             NaN]
<theta^2>: [   0.163862E+002   0.291965E+002   0.169259E+002   0.283486E+002]
 Mode kept T/F for each mode:    F  F  F  F
 Theta      Re(phi)        Im(phi)        Re(B_per)        Im(B_per)
 No kept modes at nominal write parameters. Showing leading mode.
-28.274319  -0.114846E-058   0.582750E-059   0.480020E-062   0.599524E-061
-28.117736  -0.188572E-057   0.953429E-058   0.792075E-061   0.988960E-060
-27.958416  -0.309088E-056   0.155699E-056   0.130475E-059   0.162856E-058
-27.792971  -0.519112E-055   0.260489E-055   0.220239E-058   0.274811E-057
-27.616530  -0.921251E-054   0.460405E-054   0.392876E-057   0.490068E-056
-27.421065  -0.180581E-052   0.898547E-053   0.774258E-056   0.965478E-055
-27.191692  -0.422072E-051   0.209012E-051   0.182008E-054   0.226878E-053
-26.903197  -0.129429E-049   0.637468E-050   0.561636E-053   0.699827E-052
-26.577952  -0.347755E-048   0.170346E-048   0.151820E-051   0.189106E-050
-26.314043  -0.408642E-047   0.199324E-047   0.179216E-050   0.223168E-049
-26.104208  -0.285267E-046   0.138667E-046   0.125560E-049   0.156319E-048
-25.923246  -0.154553E-045   0.748967E-046   0.682404E-049   0.849414E-048
-25.757550  -0.726266E-045   0.350939E-045   0.321598E-048   0.400236E-047
-25.599381  -0.311700E-044   0.150200E-044   0.138400E-047   0.172213E-046
-25.443988  -0.125850E-043   0.604801E-044   0.560255E-047   0.697026E-046
-25.288698  -0.488245E-043   0.234009E-043   0.217908E-046   0.271064E-045
-25.132741  -0.185191E-042   0.885211E-043   0.828592E-046   0.103056E-044
-24.976765  -0.696974E-042   0.332247E-042   0.312621E-045   0.388765E-044
-24.821452  -0.264013E-041   0.125503E-041   0.118717E-044   0.147610E-043
-24.666100  -0.102238E-040   0.484601E-041   0.460900E-044   0.572986E-043
-24.508108  -0.412220E-040   0.194795E-040   0.186321E-043   0.231597E-042
-24.342807  -0.177454E-039   0.835830E-040   0.804289E-043   0.999567E-042
-24.162585  -0.851991E-039   0.399859E-039   0.387296E-042   0.481246E-041
-23.954073  -0.501010E-038   0.234159E-038   0.228508E-041   0.283884E-040
-23.692550  -0.450855E-037   0.209597E-037   0.206483E-040   0.256460E-039
-23.368375  -0.800482E-036   0.369434E-036   0.368589E-039   0.457659E-038
-23.077266  -0.151935E-034   0.695733E-035   0.703457E-038   0.873170E-037
-22.846346  -0.211903E-033   0.963221E-034   0.985926E-037   0.122344E-035
-22.649982  -0.238602E-032   0.107694E-032   0.111513E-035   0.138342E-034
-22.473009  -0.233555E-031   0.104684E-031   0.109611E-034   0.135950E-033
-22.307251  -0.207307E-030   0.922752E-031   0.976785E-034   0.121124E-032
-22.147768  -0.171609E-029   0.758515E-030   0.811661E-033   0.100627E-031
-21.991134  -0.135436E-028   0.594364E-029   0.642925E-032   0.796917E-031
-21.834551  -0.103893E-027   0.452598E-028   0.494951E-031   0.613382E-030
-21.675231  -0.788868E-027   0.341046E-027   0.377131E-030   0.467283E-029
-21.509785  -0.603953E-026   0.259019E-026   0.289721E-029   0.358913E-028
-21.333344  -0.476308E-025   0.202546E-025   0.229266E-028   0.283970E-027
-21.137880  -0.398957E-024   0.168102E-024   0.192686E-027   0.238621E-026
-20.908506  -0.374054E-023   0.156014E-023   0.181283E-026   0.224461E-025
-20.620012  -0.418639E-022   0.172592E-022   0.203611E-025   0.252065E-024
-20.294767  -0.419926E-021   0.171095E-021   0.204888E-024   0.253610E-023
-20.030858  -0.233403E-020   0.942239E-021   0.114134E-023   0.141262E-022
-19.821022  -0.896604E-020   0.359234E-020   0.439162E-023   0.543509E-022
-19.640061  -0.287495E-019   0.114411E-019   0.141006E-022   0.174502E-021
-19.474365  -0.832096E-019   0.329037E-019   0.408588E-022   0.505627E-021
-19.316196  -0.225422E-018   0.885924E-019   0.110803E-021   0.137115E-020
-19.160803  -0.583593E-018   0.227974E-018   0.287119E-021   0.355292E-020
-19.005513  -0.146524E-017   0.568949E-018   0.721470E-021   0.892759E-020
-18.849556  -0.361054E-017   0.139350E-017   0.177911E-020   0.220148E-019
-18.693580  -0.881974E-017   0.338306E-017   0.434885E-020   0.538127E-019
-18.538267  -0.215624E-016   0.821852E-017   0.106384E-019   0.131640E-018
-18.382914  -0.533031E-016   0.201824E-016   0.263121E-019   0.325591E-018
-18.224923  -0.134826E-015   0.506941E-016   0.665843E-019   0.823944E-018
-18.059621  -0.354624E-015   0.132337E-015   0.175196E-018   0.216802E-017
-17.879400  -0.997375E-015   0.369110E-015   0.492866E-018   0.609940E-017
-17.670887  -0.318444E-014   0.116710E-014   0.157383E-017   0.194780E-016
-17.409364  -0.132969E-013   0.481261E-014   0.657088E-017   0.813317E-016
-17.085190  -0.848148E-013   0.301707E-013   0.418844E-016   0.518531E-015
-16.794081  -0.551964E-012   0.192684E-012   0.272205E-015   0.337083E-014
-16.563161  -0.289106E-011   0.991305E-012   0.142304E-014   0.176276E-013
-16.366797  -0.129920E-010   0.437779E-011   0.637966E-014   0.790555E-013
-16.189823  -0.525973E-010   0.174182E-010   0.257528E-013   0.319256E-012
-16.024066  -0.197184E-009   0.641655E-010   0.962144E-013   0.119333E-011
-15.864583  -0.696901E-009   0.222758E-009   0.338682E-012   0.420293E-011
-15.707948  -0.235359E-008   0.738555E-009   0.113845E-011   0.141367E-010
-15.551365  -0.768116E-008   0.236452E-008   0.369524E-011   0.459194E-010
-15.392046  -0.244654E-007   0.738084E-008   0.116952E-010   0.145457E-009
-15.226600  -0.767591E-007   0.226659E-007   0.364208E-010   0.453443E-009
-15.050159  -0.239598E-006   0.691356E-007   0.112686E-009   0.140469E-008
-14.854694  -0.754208E-006   0.212192E-006   0.350962E-009   0.438160E-008
-14.625321  -0.244948E-005   0.669789E-006   0.112488E-008   0.140712E-007
-14.336827  -0.841114E-005   0.222495E-005   0.379732E-008   0.476271E-007
-14.011581  -0.262309E-004   0.670486E-005   0.116120E-007   0.146111E-006
-13.747673  -0.594230E-004   0.147787E-004   0.258561E-007   0.326315E-006
-13.537837  -0.110793E-003   0.269352E-004   0.474704E-007   0.600779E-006
-13.356875  -0.187293E-003   0.446028E-004   0.790583E-007   0.100339E-005
-13.191179  -0.298592E-003   0.697219E-004   0.124148E-006   0.158039E-005
-13.033011  -0.457099E-003   0.104699E-003   0.187100E-006   0.238948E-005
-12.877618  -0.678697E-003   0.152509E-003   0.273261E-006   0.350231E-005
-12.722328  -0.983987E-003   0.216886E-003   0.389260E-006   0.500892E-005
-12.566371  -0.139990E-002   0.302543E-003   0.543316E-006   0.702297E-005
-12.410395  -0.196141E-002   0.415366E-003   0.745419E-006   0.968589E-005
-12.255082  -0.271416E-002   0.562690E-003   0.100755E-005   0.131729E-004
-12.099729  -0.371823E-002   0.753681E-003   0.134378E-005   0.177003E-004
-11.941737  -0.505277E-002   0.999638E-003   0.176979E-005   0.235291E-004
-11.776436  -0.682427E-002   0.131452E-002   0.230157E-005   0.309695E-004
-11.596214  -0.918709E-002   0.171661E-002   0.295308E-005   0.404008E-004
-11.387702  -0.123999E-001   0.223284E-002   0.372760E-005   0.523159E-004
-11.126179  -0.169119E-001   0.289401E-002   0.454463E-005   0.669717E-004
-10.802005  -0.222652E-001   0.351386E-002   0.467262E-005   0.785167E-004
-10.510896  -0.234094E-001   0.326055E-002   0.240418E-005   0.669640E-004
-10.279975  -0.161966E-001   0.166096E-002  -0.260670E-005   0.256163E-004
-10.083612   0.515389E-004  -0.121370E-002  -0.928409E-005  -0.348573E-004
 -9.906638   0.229374E-001  -0.491718E-002  -0.154107E-004  -0.909794E-004
 -9.740881   0.466706E-001  -0.868606E-002  -0.180616E-004  -0.111702E-003
 -9.581397   0.631040E-001  -0.116343E-001  -0.146838E-004  -0.707810E-004
 -9.424763   0.644183E-001  -0.130272E-001  -0.455032E-005   0.367370E-004
 -9.268180   0.469311E-001  -0.125092E-001   0.100144E-004   0.181095E-003
 -9.108860   0.146953E-001  -0.101603E-001   0.234737E-004   0.297513E-003
 -8.943415  -0.193378E-001  -0.632119E-002   0.288391E-004   0.309098E-003
 -8.766974  -0.372656E-001  -0.129474E-002   0.216230E-004   0.175733E-003
 -8.571509  -0.267058E-001   0.471622E-002   0.466738E-005  -0.478526E-004
 -8.342136   0.483913E-002   0.108712E-001  -0.981001E-005  -0.190657E-003
 -8.053641   0.212751E-001   0.137122E-001  -0.708503E-005  -0.615891E-004
 -7.728396  -0.726414E-002   0.795099E-002   0.538714E-005   0.197126E-003
 -7.464487  -0.379610E-001  -0.215738E-002   0.448290E-005   0.222335E-003
 -7.254652  -0.437680E-001  -0.112877E-001  -0.737007E-005   0.478209E-004
 -7.073690  -0.240813E-001  -0.176806E-001  -0.220509E-004  -0.212649E-003
 -6.907994   0.147610E-001  -0.206734E-001  -0.324528E-004  -0.460609E-003
 -6.749825   0.626981E-001  -0.203118E-001  -0.331072E-004  -0.616004E-003
 -6.594432   0.107984E+000  -0.172717E-001  -0.210569E-004  -0.626998E-003
 -6.439143   0.139437E+000  -0.126910E-001   0.354245E-005  -0.478040E-003
 -6.283185   0.148478E+000  -0.792703E-002   0.372741E-004  -0.192671E-003
 -6.127209   0.130900E+000  -0.427503E-002   0.737224E-004   0.168446E-003
 -5.971897   0.883270E-001  -0.264799E-002   0.104281E-003   0.515558E-003
 -5.816544   0.290597E-001  -0.324826E-002   0.119602E-003   0.745204E-003
 -5.658552  -0.320066E-001  -0.528116E-002   0.111790E-003   0.763986E-003
 -5.493251  -0.750439E-001  -0.679877E-002   0.774709E-004   0.522515E-003
 -5.313029  -0.793499E-001  -0.482696E-002   0.216507E-004   0.586248E-004
 -5.104517  -0.309040E-001   0.400970E-002  -0.371092E-004  -0.444916E-003
 -4.842994   0.558991E-001   0.207870E-001  -0.552637E-004  -0.539501E-003
 -4.518820   0.504022E-001   0.275393E-001   0.260168E-004   0.370367E-003
 -4.227710  -0.138343E+000  -0.580199E-002   0.642377E-004   0.756459E-003
 -3.996790  -0.179750E+000  -0.337708E-001  -0.767316E-004  -0.709569E-003
 -3.800426   0.129925E+000  -0.153073E-002  -0.197011E-003  -0.171345E-002
 -3.623453   0.589679E+000   0.806436E-001  -0.743254E-005   0.911501E-003
 -3.457695   0.777552E+000   0.142053E+000   0.553217E-003   0.765261E-002
 -3.298212   0.431407E+000   0.115698E+000   0.120667E-002   0.151582E-001
 -3.141578  -0.295173E+000   0.458292E-002   0.152236E-002   0.184777E-001
 -2.984995  -0.916895E+000  -0.110352E+000   0.125745E-002   0.149811E-001
 -2.825675  -0.990104E+000  -0.134541E+000   0.575310E-003   0.678736E-002
 -2.660230  -0.491950E+000  -0.483593E-001  -0.572376E-004  -0.564646E-003
 -2.483788   0.126475E+000   0.610653E-001  -0.252802E-003  -0.264934E-002
 -2.288324   0.331397E+000   0.746961E-001  -0.566331E-004  -0.225944E-003
 -2.058951   0.597968E-001  -0.225224E-001   0.107012E-003   0.154621E-002
 -1.770456  -0.140931E+000  -0.850659E-001  -0.238771E-004  -0.372499E-003
 -1.445211   0.584288E-001  -0.109461E-001  -0.881996E-004  -0.139125E-002
 -1.181302   0.162802E+000   0.529094E-001   0.446326E-004   0.202043E-003
 -0.971466   0.572878E-001   0.560268E-001   0.133315E-003   0.142790E-002
 -0.790505  -0.142632E+000   0.230933E-001   0.853871E-004   0.111143E-002
 -0.624809  -0.324534E+000  -0.177641E-001  -0.954694E-004  -0.753357E-003
 -0.466640  -0.411209E+000  -0.455971E-001  -0.354966E-003  -0.356399E-002
 -0.311247  -0.371395E+000  -0.501128E-001  -0.617028E-003  -0.645324E-002
 -0.155957  -0.218505E+000  -0.318929E-001  -0.808768E-003  -0.858360E-002
  0.000000   0.888165E-004   0.402069E-020  -0.878945E-003  -0.936469E-002
  0.155976   0.218692E+000   0.318909E-001  -0.809080E-003  -0.858386E-002
  0.311289   0.371556E+000   0.500978E-001  -0.617471E-003  -0.645310E-002
  0.466641   0.411281E+000   0.455647E-001  -0.355412E-003  -0.356419E-002
  0.624633   0.324673E+000   0.177613E-001  -0.959172E-004  -0.755794E-003
  0.789935   0.143227E+000  -0.229946E-001   0.850832E-004   0.110806E-002
  0.970156  -0.561976E-001  -0.559056E-001   0.133728E-003   0.143186E-002
  1.178669  -0.162651E+000  -0.532712E-001   0.463408E-004   0.222748E-003
  1.440192  -0.622182E-001   0.931850E-002  -0.871114E-004  -0.137675E-002
  1.764366   0.140189E+000   0.847156E-001  -0.277982E-004  -0.424905E-003
  2.055475  -0.546755E-001   0.242340E-001   0.107754E-003   0.154429E-002
  2.286395  -0.330963E+000  -0.740462E-001  -0.542111E-004  -0.196476E-003
  2.482759  -0.129275E+000  -0.614509E-001  -0.253991E-003  -0.264713E-002
  2.659733   0.490684E+000   0.478276E-001  -0.591287E-004  -0.579853E-003
  2.825490   0.990971E+000   0.134080E+000   0.578334E-003   0.678591E-002
  2.984973   0.917772E+000   0.109896E+000   0.126691E-002   0.149989E-001
  3.141608   0.294905E+000  -0.487342E-002   0.153486E-002   0.185005E-001
  3.298191  -0.432305E+000  -0.115644E+000   0.121745E-002   0.151774E-001
  3.457510  -0.778654E+000  -0.141843E+000   0.559503E-003   0.767080E-002
  3.622956  -0.591537E+000  -0.806835E-001  -0.576212E-005   0.926795E-003
  3.799397  -0.132492E+000   0.122036E-002  -0.198486E-003  -0.171360E-002
  3.994862   0.178780E+000   0.337615E-001  -0.790117E-004  -0.728032E-003
  4.224235   0.141073E+000   0.641559E-002   0.640622E-004   0.747863E-003
  4.512729  -0.480979E-001  -0.272475E-001   0.283648E-004   0.393426E-003
  4.837974  -0.573934E-001  -0.211512E-001  -0.553591E-004  -0.533920E-003
  5.101883   0.301197E-001  -0.424933E-002  -0.380174E-004  -0.450473E-003
  5.311719   0.794089E-001   0.472772E-002   0.214794E-004   0.552591E-004
  5.492681   0.752926E-001   0.678666E-002   0.779789E-004   0.522415E-003
  5.658377   0.320989E-001   0.533724E-002   0.112481E-003   0.765215E-003
  5.816545  -0.291785E-001   0.336486E-002   0.120022E-003   0.746193E-003
  5.971938  -0.885896E-001   0.280961E-002   0.104170E-003   0.515711E-003
  6.127228  -0.131235E+000   0.445659E-002   0.730139E-004   0.167699E-003
  6.283185  -0.148830E+000   0.810244E-002   0.360476E-004  -0.194257E-003
  6.439161  -0.139742E+000   0.128400E-001   0.199396E-005  -0.480242E-003
  6.594474  -0.108185E+000   0.173812E-001  -0.226531E-004  -0.629368E-003
  6.749827  -0.627871E-001   0.203768E-001  -0.344652E-004  -0.618063E-003
  6.907819  -0.147828E-001   0.207022E-001  -0.333634E-004  -0.462217E-003
  7.073120   0.240855E-001   0.176994E-001  -0.224436E-004  -0.214051E-003
  7.253342   0.438424E-001   0.113380E-001  -0.731748E-005   0.464817E-004
  7.461854   0.382741E-001   0.227817E-002   0.481544E-005   0.221944E-003
  7.723377   0.792933E-002  -0.778157E-002   0.580574E-005   0.200516E-003
  8.047551  -0.212040E-001  -0.137163E-001  -0.703582E-005  -0.564892E-004
  8.338660  -0.532181E-002  -0.110294E-001  -0.102261E-004  -0.191579E-003
  8.569581   0.265506E-001  -0.486519E-002   0.456549E-005  -0.499773E-004
  8.765944   0.373917E-001   0.122814E-002   0.219868E-004   0.175185E-003
  8.942918   0.194495E-001   0.636217E-002   0.292897E-004   0.309602E-003
  9.108675  -0.147444E-001   0.102964E-001   0.235845E-004   0.297815E-003
  9.268159  -0.471159E-001   0.127001E-001   0.959814E-005   0.180594E-003
  9.424793  -0.646507E-001   0.132237E-001  -0.540660E-005   0.355690E-004
  9.581376  -0.633173E-001   0.117968E-001  -0.157286E-004  -0.721762E-004
  9.740695  -0.468446E-001   0.879451E-002  -0.190207E-004  -0.112955E-003
  9.906141  -0.230789E-001   0.497123E-002  -0.160903E-004  -0.919289E-004
 10.082582  -0.163158E-003   0.122493E-002  -0.961117E-005  -0.354859E-004
 10.278047   0.161371E-001  -0.167871E-002  -0.261469E-005   0.253173E-004
 10.507420   0.234457E-001  -0.329799E-002   0.261923E-005   0.670855E-004
 10.795915   0.224213E-001  -0.356567E-002   0.499446E-005   0.791679E-004
 11.121160   0.170599E-001  -0.293991E-002   0.485250E-005   0.677448E-004
 11.385069   0.124845E-001  -0.226343E-002   0.396982E-005   0.528642E-004
 11.594904   0.923484E-002  -0.173685E-002   0.313822E-005   0.407730E-004
 11.775866   0.685218E-002  -0.132818E-002   0.244218E-005   0.312257E-004
 11.941562   0.507001E-002  -0.100906E-002   0.187607E-005   0.237099E-004
 12.099730   0.372970E-002  -0.760324E-003   0.142370E-005   0.178314E-004
 12.255124   0.272234E-002  -0.567459E-003   0.106724E-005   0.132700E-004
 12.410413   0.196742E-002  -0.418802E-003   0.789557E-006   0.975801E-005
 12.566371   0.140422E-002  -0.304985E-003   0.575491E-006   0.707569E-005
 12.722347   0.986980E-003  -0.218580E-003   0.412305E-006   0.504648E-005
 12.877659   0.680706E-003  -0.153657E-003   0.289437E-006   0.352842E-005
 13.033012   0.458480E-003  -0.105473E-003   0.198208E-006   0.240754E-005
 13.191004   0.299628E-003  -0.702544E-004   0.131595E-006   0.159311E-005
 13.356305   0.188157E-003  -0.449841E-004   0.839083E-007   0.101264E-005
 13.536527   0.111558E-003  -0.272201E-004   0.505066E-007   0.607706E-006
 13.745039   0.600968E-004  -0.149957E-004   0.276368E-007   0.331530E-006
 14.006562   0.267611E-004  -0.685968E-005   0.125241E-007   0.149745E-006
 14.330736   0.864519E-005  -0.229233E-005   0.412848E-008   0.491794E-007
 14.621846   0.250058E-005  -0.685387E-006   0.121573E-008   0.144351E-007
 14.852766   0.764901E-006  -0.215709E-006   0.377119E-009   0.446645E-008
 15.049130   0.241853E-006  -0.699472E-007   0.120602E-009   0.142540E-008
 15.226103   0.772303E-007  -0.228557E-007   0.388797E-010   0.458701E-009
 15.391861   0.245631E-007  -0.742606E-008   0.124666E-010   0.146849E-009
 15.551344   0.770239E-008  -0.237584E-008   0.393674E-011   0.463073E-010
 15.707978   0.235909E-008  -0.741691E-009   0.121315E-011   0.142517E-010
 15.864561   0.698801E-009  -0.223764E-009   0.361287E-012   0.423922E-011
 16.023881   0.197985E-009  -0.645336E-010   0.102844E-012   0.120538E-011
 16.189326   0.529471E-010  -0.175610E-010   0.276179E-013   0.323346E-012
 16.365767   0.131349E-010  -0.443207E-011   0.687629E-014   0.804232E-013
 16.561232   0.294296E-011  -0.101034E-011   0.154558E-014   0.180582E-013
 16.790605   0.567854E-012  -0.198435E-012   0.299048E-015   0.349040E-014
 17.079100   0.883835E-013  -0.314663E-013   0.466537E-016   0.543945E-015
 17.404345   0.137265E-013  -0.497234E-014   0.725737E-017   0.845319E-016
 17.668254   0.324159E-014  -0.118915E-014   0.171531E-017   0.199652E-016
 17.878090   0.100753E-014  -0.373222E-015   0.533378E-018   0.620481E-017
 18.059051   0.356705E-015  -0.133241E-015   0.188883E-018   0.219625E-017
 18.224747   0.135307E-015  -0.509225E-016   0.716553E-019   0.832828E-018
 18.382916   0.534406E-016  -0.202529E-016   0.283006E-019   0.328800E-018
 18.538309   0.216142E-016  -0.824551E-017   0.114452E-019   0.132922E-018
 18.693599   0.884233E-017  -0.339461E-017   0.468138E-020   0.543494E-019
 18.849556   0.362010E-017  -0.139834E-017   0.191611E-020   0.222377E-019
 19.005532   0.146897E-017  -0.570851E-018   0.777268E-021   0.901764E-020
 19.160845   0.584969E-018  -0.228689E-018   0.309398E-021   0.358833E-020
 19.316197   0.225991E-018  -0.888823E-019   0.119472E-021   0.138514E-020
 19.474189   0.835070E-019  -0.330450E-019   0.441216E-022   0.511359E-021
 19.639491   0.289256E-019  -0.115189E-019   0.152727E-022   0.176942E-021
 19.819712   0.906544E-020  -0.363441E-020   0.478259E-023   0.553876E-022
 20.028225   0.238161E-020  -0.961966E-021   0.125513E-023   0.145295E-022
 20.289747   0.436064E-021  -0.177744E-021   0.229475E-024   0.265502E-023
 20.613922   0.440664E-022  -0.181729E-022   0.231391E-025   0.267534E-024
 20.905031   0.387994E-023  -0.161885E-023   0.203218E-026   0.234797E-025
 21.135951   0.408395E-024  -0.172145E-024   0.213363E-027   0.246366E-026
 21.332315   0.483164E-025  -0.205542E-025   0.251787E-028   0.290569E-027
 21.509289   0.608947E-026  -0.261262E-026   0.316521E-029   0.365081E-028
 21.675046   0.792333E-027  -0.342672E-027   0.410764E-030   0.473542E-029
 21.834529   0.104126E-027  -0.453771E-028   0.538362E-031   0.620338E-030
 21.991164   0.135642E-028  -0.595466E-029   0.699371E-032   0.805479E-031
 22.147747   0.171986E-029  -0.760417E-030   0.884222E-033   0.101790E-031
 22.307066   0.208227E-030  -0.927107E-031   0.106735E-033   0.122813E-032
 22.472512   0.235581E-031  -0.105618E-031   0.120378E-034   0.138446E-033
 22.648953   0.242343E-032  -0.109404E-032   0.123422E-035   0.141880E-034
 22.844417   0.217570E-033  -0.989128E-034   0.110411E-036   0.126860E-035
 23.073791   0.158588E-034  -0.726259E-035   0.801645E-038   0.920588E-037
 23.362285   0.852022E-036  -0.393227E-036   0.428790E-039   0.492131E-038
 23.687530   0.472635E-037  -0.219731E-037   0.236814E-040   0.271647E-039
 23.951439   0.513883E-038  -0.240195E-038   0.256607E-041   0.294231E-040
 24.161275   0.863638E-039  -0.405365E-039   0.430078E-042   0.492976E-041
 24.342237   0.178711E-039  -0.841837E-040   0.887797E-043   0.101735E-041
 24.507933   0.413704E-040  -0.195516E-040   0.205056E-043   0.234918E-042
 24.666101   0.102454E-040  -0.485674E-041   0.506731E-044   0.580384E-043
 24.821494   0.264503E-041  -0.125748E-041   0.130548E-044   0.149488E-043
 24.976784   0.698438E-042  -0.332972E-042   0.344013E-045   0.393832E-044
 25.132741   0.185605E-042  -0.887257E-043   0.912318E-046   0.104420E-044
 25.288717   0.489262E-043  -0.234513E-043   0.239997E-046   0.274629E-045
 25.444030   0.126079E-043  -0.605938E-044   0.617156E-047   0.706055E-046
 25.599383   0.312344E-044  -0.150519E-044   0.152564E-047   0.174500E-046
 25.757374   0.728886E-045  -0.352221E-045   0.355224E-048   0.406203E-047
 25.922676   0.155684E-045  -0.754471E-046   0.756926E-049   0.865337E-048
 26.102898   0.289403E-046  -0.140678E-046   0.140342E-049   0.160400E-048
 26.311410   0.420049E-047  -0.204884E-047   0.203094E-050   0.232049E-049
 26.572933   0.366505E-048  -0.179518E-048   0.176544E-051   0.201638E-050
 26.897107   0.139016E-049  -0.684613E-050   0.666296E-053   0.760620E-052
 27.188216   0.443821E-051  -0.219764E-051   0.211609E-054   0.241441E-053
 27.419137   0.186346E-052  -0.927169E-053   0.884221E-056   0.100840E-054
 27.615500   0.938528E-054  -0.469014E-054   0.443338E-057   0.505384E-056
 27.792474   0.524379E-055  -0.263118E-055   0.246636E-058   0.281037E-057
 27.958231   0.310556E-056  -0.156430E-056   0.145453E-059   0.165675E-058
 28.117715   0.188907E-057  -0.955066E-058   0.881109E-061   0.100322E-059
 28.274349   0.114938E-058  -0.583184E-059   0.533896E-062   0.607656E-061
