 nmodes=            0  nfields=            2  max_plot=          289
 ky=   7.5366180686531642E-002   width=    1.428571428571429     
 theta     ((Re(field_i), Im(field_i),i=(1,nfields)),j=1,nmodes)
Tearing metric:  [   0.199847E+001   0.471436E-003   0.199762E+001   0.199751E+001 ]
DEP: [   0.000000E+000   0.000000E+000   0.000000E+000   0.000000E+000]
chi_th: [   0.000000E+000   0.000000E+000   0.000000E+000   0.000000E+000]
chi_i: [   0.000000E+000   0.000000E+000   0.000000E+000   0.000000E+000]
chi_i_cond: [   0.000000E+000   0.000000E+000   0.000000E+000   0.000000E+000]
chi_e: [   0.000000E+000   0.000000E+000   0.000000E+000   0.000000E+000]
chi_e_cond: [   0.000000E+000   0.000000E+000   0.000000E+000   0.000000E+000]
i_QL_cond_flux: [   0.000000E+000   0.000000E+000   0.000000E+000   0.000000E+000]
e_QL_cond_flux: [   0.000000E+000   0.000000E+000   0.000000E+000   0.000000E+000]
QL_ratio: [             NaN             NaN             NaN             NaN]
EP QL convective fraction: [             NaN             NaN             NaN             NaN]
<theta^2>: [   0.128163E+002   0.247073E+002   0.257795E+002   0.246898E+002]
 Mode kept T/F for each mode:    F  F  F  F
 Theta      Re(phi)        Im(phi)        Re(B_per)        Im(B_per)
 No kept modes at nominal write parameters. Showing leading mode.
-28.274334  -0.230091E-058   0.129818E-058  -0.393469E-060  -0.293202E-061
-28.120076  -0.168075E-057   0.946310E-058  -0.289105E-059  -0.215628E-060
-27.963112  -0.125313E-056   0.704015E-057  -0.216843E-058  -0.161884E-059
-27.800360  -0.989779E-056   0.554790E-056  -0.172345E-057  -0.128792E-058
-27.627875  -0.867535E-055   0.485064E-055  -0.152067E-056  -0.113761E-057
-27.440075  -0.899678E-054   0.501648E-054  -0.158853E-055  -0.118979E-056
-27.228611  -0.121262E-052   0.673987E-053  -0.215876E-054  -0.161910E-055
-26.982319  -0.239745E-051   0.132746E-051  -0.430935E-053  -0.323735E-054
-26.699694  -0.693541E-050   0.382286E-050  -0.126055E-051  -0.948796E-053
-26.418728  -0.185823E-048   0.101953E-048  -0.341523E-050  -0.257566E-051
-26.175016  -0.309679E-047   0.169201E-047  -0.574729E-049  -0.434208E-050
-25.965271  -0.339135E-046   0.184610E-046  -0.634742E-048  -0.480297E-049
-25.778427  -0.279882E-045   0.151840E-045  -0.527834E-047  -0.399971E-048
-25.606429  -0.191855E-044   0.103751E-044  -0.364379E-046  -0.276482E-047
-25.443892  -0.116460E-043   0.627845E-044  -0.222672E-045  -0.169177E-046
-25.286994  -0.654680E-043   0.351863E-043  -0.125992E-044  -0.958456E-046
-25.132741  -0.352755E-042   0.189008E-042  -0.683260E-044  -0.520437E-045
-24.978493  -0.187658E-041   0.100232E-041  -0.365845E-043  -0.279027E-044
-24.821608  -0.101431E-040   0.539989E-041  -0.199063E-042  -0.152029E-043
-24.659093  -0.574872E-040   0.304978E-040  -0.113606E-041  -0.868882E-043
-24.487128  -0.355254E-039   0.187754E-039  -0.707270E-041  -0.541774E-042
-24.300326  -0.252619E-038   0.132946E-038  -0.507033E-040  -0.389063E-041
-24.090630  -0.223735E-037   0.117168E-037  -0.453214E-039  -0.348460E-040
-23.847013  -0.274361E-036   0.142830E-036  -0.561812E-038  -0.432994E-039
-23.566228  -0.476298E-035   0.246189E-035  -0.987744E-037  -0.763451E-038
-23.283434  -0.816850E-034   0.419022E-034  -0.171611E-035  -0.133044E-036
-23.037038  -0.950714E-033   0.484306E-033  -0.202051E-034  -0.157074E-035
-22.825524  -0.768431E-032   0.389007E-032  -0.164964E-033  -0.128558E-034
-22.637682  -0.484240E-031   0.243726E-031  -0.104901E-032  -0.819356E-034
-22.465163  -0.258971E-030   0.129629E-030  -0.565762E-032  -0.442845E-033
-22.302389  -0.124301E-029   0.618864E-030  -0.273747E-031  -0.214717E-032
-22.145412  -0.556739E-029   0.275709E-029  -0.123573E-030  -0.971253E-032
-21.991149  -0.239714E-028   0.118070E-028  -0.536214E-030  -0.422321E-031
-21.836890  -0.101766E-027   0.498457E-028  -0.229429E-029  -0.181081E-030
-21.679926  -0.436473E-027   0.212540E-027  -0.991957E-029  -0.784649E-030
-21.517175  -0.194222E-026   0.939857E-027  -0.445126E-028  -0.352927E-029
-21.344689  -0.926521E-026   0.445288E-026  -0.214259E-027  -0.170313E-028
-21.156890  -0.495576E-025   0.236341E-025  -0.115737E-026  -0.922621E-028
-20.945426  -0.317212E-024   0.149917E-024  -0.749154E-026  -0.599183E-027
-20.699134  -0.263909E-023   0.123360E-023  -0.631518E-025  -0.507116E-026
-20.416509  -0.283377E-022   0.130709E-022  -0.688521E-024  -0.555529E-025
-20.135543  -0.283624E-021   0.129000E-021  -0.699788E-023  -0.567420E-024
-19.891831  -0.200842E-020   0.901777E-021  -0.502285E-022  -0.409107E-023
-19.682086  -0.105117E-019   0.466487E-020  -0.266009E-021  -0.217533E-022
-19.495242  -0.448774E-019   0.196993E-019  -0.114781E-020  -0.942124E-022
-19.323244  -0.167485E-018   0.727512E-019  -0.432635E-020  -0.356358E-021
-19.160707  -0.571664E-018   0.245762E-018  -0.149072E-019  -0.123211E-020
-19.003809  -0.184122E-017   0.783373E-018  -0.484587E-019  -0.401888E-020
-18.849556  -0.573025E-017   0.241222E-017  -0.152203E-018  -0.126664E-019
-18.695307  -0.175814E-016   0.731956E-017  -0.471338E-018  -0.393644E-019
-18.538422  -0.542018E-016   0.223017E-016  -0.146703E-017  -0.122978E-018
-18.375908  -0.171375E-015   0.696210E-016  -0.468512E-017  -0.394308E-018
-18.203942  -0.569753E-015   0.228210E-015  -0.157442E-016  -0.133084E-017
-18.017141  -0.206022E-014   0.811936E-015  -0.576080E-016  -0.489349E-017
-17.807445  -0.850913E-014   0.328928E-014  -0.241167E-015  -0.206037E-016
-17.563828  -0.427858E-013   0.161450E-013  -0.123218E-014  -0.106008E-015
-17.283043  -0.263687E-012   0.965267E-013  -0.773857E-014  -0.671480E-015
-17.000248  -0.157565E-011   0.557623E-012  -0.471549E-013  -0.412938E-014
-16.753853  -0.723282E-011   0.247757E-011  -0.220292E-012  -0.194564E-013
-16.542339  -0.260684E-010   0.865953E-011  -0.806358E-012  -0.717730E-013
-16.354497  -0.796488E-010   0.256847E-010  -0.249864E-011  -0.224019E-012
-16.181978  -0.217947E-009   0.682400E-010  -0.692796E-011  -0.625479E-012
-16.019204  -0.553484E-009   0.168173E-009  -0.178185E-010  -0.161979E-011
-15.862226  -0.133662E-008   0.393643E-009  -0.435700E-010  -0.398812E-011
-15.707964  -0.312535E-008   0.890471E-009  -0.103156E-009  -0.950907E-011
-15.553705  -0.718143E-008   0.197416E-008  -0.240061E-009  -0.222921E-010
-15.396741  -0.164380E-007   0.434339E-008  -0.556765E-009  -0.521047E-010
-15.233990  -0.380136E-007   0.960351E-008  -0.130557E-008  -0.123212E-009
-15.061504  -0.903012E-007   0.216463E-007  -0.314833E-008  -0.299900E-009
-14.873704  -0.225200E-006   0.506363E-007  -0.798393E-008  -0.768648E-009
-14.662241  -0.607701E-006   0.125821E-006  -0.219642E-007  -0.214143E-008
-14.415949  -0.183763E-005   0.339459E-006  -0.679717E-007  -0.673134E-008
-14.133324  -0.612101E-005   0.959312E-006  -0.232725E-006  -0.234959E-007
-13.852358  -0.188840E-004   0.237699E-005  -0.738803E-006  -0.761578E-007
-13.608646  -0.474750E-004   0.456487E-005  -0.190631E-005  -0.200394E-006
-13.398900  -0.100627E-003   0.683777E-005  -0.413635E-005  -0.442783E-006
-13.212057  -0.189927E-003   0.767757E-005  -0.797915E-005  -0.869030E-006
-13.040059  -0.330996E-003   0.421711E-005  -0.142002E-004  -0.157299E-005
-12.877522  -0.544744E-003  -0.862362E-005  -0.238589E-004  -0.268820E-005
-12.720624  -0.858970E-003  -0.395269E-004  -0.384166E-004  -0.440444E-005
-12.566371  -0.131042E-002  -0.103056E-003  -0.598867E-004  -0.699188E-005
-12.412122  -0.194728E-002  -0.223488E-003  -0.910441E-004  -0.108370E-004
-12.255237  -0.283189E-002  -0.441427E-003  -0.135706E-003  -0.164957E-004
-12.092722  -0.404230E-002  -0.825590E-003  -0.199087E-003  -0.247706E-004
-11.920757  -0.566869E-002  -0.149458E-002  -0.288127E-003  -0.368169E-004
-11.733955  -0.778983E-002  -0.265803E-002  -0.411296E-003  -0.542422E-004
-11.524259  -0.103749E-001  -0.469046E-002  -0.575448E-003  -0.789394E-004
-11.280642  -0.129123E-001  -0.820048E-002  -0.768791E-003  -0.111134E-003
-10.999858  -0.134024E-001  -0.135633E-001  -0.898277E-003  -0.139721E-003
-10.717063  -0.874561E-002  -0.188919E-001  -0.756581E-003  -0.130342E-003
-10.470667   0.665184E-003  -0.208596E-001  -0.271103E-003  -0.587163E-004
-10.259154   0.116620E-001  -0.181681E-001   0.440894E-003   0.689405E-004
-10.071312   0.212860E-001  -0.111002E-001   0.122855E-002   0.235330E-003
 -9.898793   0.272905E-001  -0.695164E-003   0.195238E-002   0.419839E-003
 -9.736018   0.281559E-001   0.115032E-001   0.249091E-002   0.599673E-003
 -9.579041   0.231785E-001   0.235711E-001   0.274745E-002   0.750519E-003
 -9.424778   0.126249E-001   0.333564E-001   0.266055E-002   0.847778E-003
 -9.270520  -0.208762E-002   0.387140E-001   0.221761E-002   0.868666E-003
 -9.113556  -0.182296E-001   0.378753E-001   0.147089E-002   0.795638E-003
 -8.950804  -0.317013E-001   0.300176E-001   0.554116E-003   0.621861E-003
 -8.778319  -0.372740E-001   0.161108E-001  -0.306101E-003   0.359976E-003
 -8.590519  -0.296232E-001   0.716837E-004  -0.800894E-003   0.560079E-004
 -8.379056  -0.645962E-002  -0.101639E-001  -0.623439E-003  -0.190791E-003
 -8.132764   0.232221E-001  -0.448282E-002   0.225310E-003  -0.219554E-003
 -7.850138   0.280940E-001   0.139059E-001   0.815773E-003   0.619063E-004
 -7.569172  -0.121021E-001   0.119155E-001   0.743864E-004   0.318997E-003
 -7.325461  -0.577232E-001  -0.188254E-001  -0.906631E-003   0.153152E-003
 -7.115715  -0.725173E-001  -0.482213E-001  -0.772753E-003  -0.380814E-003
 -6.928871  -0.513359E-001  -0.509717E-001   0.639761E-003  -0.105166E-002
 -6.756873  -0.538152E-002  -0.194174E-001   0.273770E-002  -0.164803E-002
 -6.594336   0.489624E-001   0.387277E-001   0.468136E-002  -0.202404E-002
 -6.437438   0.960286E-001   0.105521E+000   0.572403E-002  -0.210542E-002
 -6.283185   0.124107E+000   0.158755E+000   0.543527E-002  -0.188601E-002
 -6.128937   0.127177E+000   0.178441E+000   0.383386E-002  -0.142042E-002
 -5.972052   0.105537E+000   0.153551E+000   0.142677E-002  -0.813547E-003
 -5.809537   0.654963E-001   0.883919E-001  -0.874530E-003  -0.205667E-003
 -5.637572   0.181015E-001   0.689742E-002  -0.201582E-002   0.249975E-003
 -5.450770  -0.230272E-001  -0.493497E-001  -0.132088E-002   0.423266E-003
 -5.241074  -0.444854E-001  -0.393782E-001   0.676720E-003   0.269694E-003
 -4.997457  -0.361474E-001   0.235688E-001   0.151455E-002  -0.640053E-004
 -4.716672   0.649307E-003   0.966896E-002  -0.920110E-003  -0.182401E-003
 -4.433878   0.287486E-001  -0.111675E+000  -0.172647E-002   0.504204E-004
 -4.187482   0.266722E-002  -0.784435E-001   0.206431E-002   0.137012E-003
 -3.975969  -0.663462E-001   0.176882E+000   0.405463E-002  -0.159795E-003
 -3.788126  -0.131442E+000   0.481602E+000  -0.987779E-003  -0.682842E-003
 -3.615607  -0.148103E+000   0.639355E+000  -0.130399E-001  -0.117088E-002
 -3.452833  -0.948521E-001   0.543309E+000  -0.281073E-001  -0.140894E-002
 -3.295856   0.193879E-001   0.206753E+000  -0.406133E-001  -0.128937E-002
 -3.141593   0.158193E+000  -0.252897E+000  -0.456929E-001  -0.831566E-003
 -2.987334   0.269054E+000  -0.659388E+000  -0.409949E-001  -0.174311E-003
 -2.830371   0.301641E+000  -0.841685E+000  -0.277343E-001   0.458255E-003
 -2.667619   0.230446E+000  -0.706623E+000  -0.107206E-001   0.820068E-003
 -2.495133   0.770577E-001  -0.305014E+000   0.297684E-002   0.739934E-003
 -2.307334  -0.780016E-001   0.137834E+000   0.711316E-002   0.248892E-003
 -2.095870  -0.117077E+000   0.290025E+000   0.122461E-002  -0.298705E-003
 -1.849578   0.101757E-001   0.583150E-002  -0.475426E-002  -0.296799E-003
 -1.566953   0.103767E+000  -0.191727E+000   0.967967E-003   0.296007E-003
 -1.285987  -0.314272E-001   0.179173E+000   0.479690E-002   0.253475E-003
 -1.042275  -0.112413E+000   0.357242E+000  -0.385626E-002  -0.417972E-003
 -0.832530   0.280760E-001  -0.647368E-001  -0.942655E-002  -0.506529E-003
 -0.645686   0.274245E+000  -0.752612E+000  -0.232435E-003   0.507270E-003
 -0.473688   0.454214E+000  -0.124355E+001   0.227464E-001   0.235479E-002
 -0.311151   0.462224E+000  -0.126079E+001   0.507114E-001   0.439272E-002
 -0.154253   0.287729E+000  -0.783013E+000   0.729791E-001   0.594377E-002
  0.000000   0.487743E-005   0.248911E-005   0.814018E-001   0.651943E-002
  0.154249  -0.287712E+000   0.782994E+000   0.729793E-001   0.594376E-002
  0.311134  -0.462204E+000   0.126074E+001   0.507142E-001   0.439288E-002
  0.473648  -0.454234E+000   0.124359E+001   0.227536E-001   0.235532E-002
  0.645614  -0.274358E+000   0.752900E+000  -0.223911E-003   0.508043E-003
  0.832415  -0.282478E-001   0.652139E-001  -0.942535E-002  -0.506133E-003
  1.042111   0.112372E+000  -0.357063E+000  -0.386654E-002  -0.418548E-003
  1.285728   0.316558E-001  -0.179717E+000   0.479161E-002   0.252663E-003
  1.566513  -0.103704E+000   0.191506E+000   0.983447E-003   0.296865E-003
  1.849308  -0.104199E-001  -0.531238E-002  -0.475534E-002  -0.296125E-003
  2.095703   0.117008E+000  -0.289965E+000   0.121534E-002  -0.299202E-003
  2.307217   0.780903E-001  -0.138123E+000   0.711214E-002   0.248186E-003
  2.495059  -0.769549E-001   0.304786E+000   0.298223E-002   0.739690E-003
  2.667578  -0.230379E+000   0.706570E+000  -0.107154E-001   0.820459E-003
  2.830352  -0.301596E+000   0.841721E+000  -0.277320E-001   0.459234E-003
  2.987330  -0.269013E+000   0.659422E+000  -0.409944E-001  -0.172871E-003
  3.141592  -0.158161E+000   0.252911E+000  -0.456928E-001  -0.829869E-003
  3.295851  -0.193788E-001  -0.206729E+000  -0.406136E-001  -0.128770E-002
  3.452815   0.948341E-001  -0.543267E+000  -0.281092E-001  -0.140765E-002
  3.615566   0.148077E+000  -0.639354E+000  -0.130442E-001  -0.117023E-002
  3.788052   0.131441E+000  -0.481728E+000  -0.992617E-003  -0.682899E-003
  3.975852   0.663869E-001  -0.177135E+000   0.405358E-002  -0.160258E-003
  4.187315  -0.261635E-002   0.782563E-001   0.206874E-002   0.136764E-003
  4.433607  -0.287545E-001   0.111783E+000  -0.172358E-002   0.508038E-004
  4.716232  -0.718673E-003  -0.951129E-002  -0.925190E-003  -0.182149E-003
  4.997198   0.361177E-001  -0.236365E-001   0.151349E-002  -0.644613E-004
  5.240910   0.445000E-001   0.393387E-001   0.678781E-003   0.269342E-003
  5.450655   0.230583E-001   0.493768E-001  -0.131975E-002   0.423327E-003
  5.637499  -0.180771E-001  -0.685971E-002  -0.201599E-002   0.250299E-003
  5.809497  -0.654886E-001  -0.883732E-001  -0.875006E-003  -0.205312E-003
  5.972034  -0.105545E+000  -0.153548E+000   0.142658E-002  -0.813303E-003
  6.128932  -0.127192E+000  -0.178441E+000   0.383394E-002  -0.142032E-002
  6.283185  -0.124124E+000  -0.158753E+000   0.543539E-002  -0.188602E-002
  6.437434  -0.960439E-001  -0.105519E+000   0.572412E-002  -0.210550E-002
  6.594319  -0.489783E-001  -0.387320E-001   0.468156E-002  -0.202418E-002
  6.756834   0.536295E-002   0.194056E-001   0.273826E-002  -0.164826E-002
  6.928799   0.513188E-001   0.509626E-001   0.640631E-003  -0.105202E-002
  7.115601   0.725171E-001   0.482315E-001  -0.772161E-003  -0.381280E-003
  7.325297   0.577608E-001   0.188590E-001  -0.907203E-003   0.152792E-003
  7.568914   0.121732E-001  -0.118889E-001   0.728109E-004   0.319106E-003
  7.849698  -0.280612E-001  -0.139276E-001   0.815695E-003   0.624918E-004
  8.132493  -0.232568E-001   0.446427E-002   0.226693E-003  -0.219398E-003
  8.378889   0.642853E-002   0.101692E-001  -0.622840E-003  -0.190973E-003
  8.590402   0.296131E-001  -0.608810E-004  -0.801097E-003   0.558092E-004
  8.778244   0.372758E-001  -0.161052E-001  -0.306521E-003   0.359878E-003
  8.950763   0.317051E-001  -0.300178E-001   0.553821E-003   0.621846E-003
  9.113538   0.182307E-001  -0.378783E-001   0.147078E-002   0.795653E-003
  9.270515   0.208557E-002  -0.387173E-001   0.221761E-002   0.868668E-003
  9.424778  -0.126286E-001  -0.333590E-001   0.266058E-002   0.847755E-003
  9.579036  -0.231825E-001  -0.235733E-001   0.274748E-002   0.750481E-003
  9.736000  -0.281598E-001  -0.115061E-001   0.249099E-002   0.599644E-003
  9.898752  -0.272953E-001   0.690833E-003   0.195260E-002   0.419845E-003
 10.071237  -0.212930E-001   0.110948E-001   0.122897E-002   0.235387E-003
 10.259037  -0.116722E-001   0.181634E-001   0.441518E-003   0.690433E-004
 10.470500  -0.677455E-003   0.208586E-001  -0.270427E-003  -0.586002E-004
 10.716792   0.873558E-002   0.188969E-001  -0.756144E-003  -0.130264E-003
 10.999418   0.134006E-001   0.135726E-001  -0.898350E-003  -0.139719E-003
 11.280384   0.129161E-001   0.820589E-002  -0.769067E-003  -0.111152E-003
 11.524095   0.103785E-001   0.469271E-002  -0.575653E-003  -0.789461E-004
 11.733841   0.779219E-002   0.265878E-002  -0.411412E-003  -0.542401E-004
 11.920684   0.567000E-002   0.149472E-002  -0.288183E-003  -0.368109E-004
 12.092683   0.404295E-002   0.825529E-003  -0.199110E-003  -0.247640E-004
 12.255220   0.283220E-002   0.441325E-003  -0.135714E-003  -0.164900E-004
 12.412118   0.194743E-002   0.223401E-003  -0.910462E-004  -0.108327E-004
 12.566371   0.131050E-002   0.102995E-003  -0.598875E-004  -0.698886E-005
 12.720619   0.859033E-003   0.394885E-004  -0.384175E-004  -0.440251E-005
 12.877504   0.544807E-003   0.860116E-005  -0.238605E-004  -0.268710E-005
 13.040019   0.331063E-003  -0.423009E-005  -0.142024E-004  -0.157246E-005
 13.211984   0.189993E-003  -0.768568E-005  -0.798161E-005  -0.868856E-006
 13.398786   0.100685E-003  -0.684363E-005  -0.413861E-005  -0.442792E-006
 13.608482   0.475190E-004  -0.456945E-005  -0.190803E-005  -0.200467E-006
 13.852099   0.189116E-004  -0.238035E-005  -0.739877E-006  -0.762259E-007
 14.132884   0.613399E-005  -0.961233E-006  -0.233219E-006  -0.235321E-007
 14.415678   0.184083E-005  -0.340041E-006  -0.680893E-007  -0.673880E-008
 14.662074   0.608451E-006  -0.125981E-006  -0.219908E-007  -0.214262E-008
 14.873587   0.225390E-006  -0.506824E-007  -0.799041E-008  -0.768746E-009
 15.061430   0.903500E-007  -0.216598E-007  -0.314992E-008  -0.299840E-009
 15.233948   0.380260E-007  -0.960752E-008  -0.130594E-008  -0.123158E-009
 15.396723   0.164409E-007  -0.434458E-008  -0.556843E-009  -0.520731E-010
 15.553700   0.718214E-008  -0.197453E-008  -0.240074E-009  -0.222763E-010
 15.707963   0.312557E-008  -0.890611E-009  -0.103159E-009  -0.950193E-011
 15.862221   0.133675E-008  -0.393714E-009  -0.435725E-010  -0.398518E-011
 16.019185   0.553590E-009  -0.168218E-009  -0.178212E-010  -0.161873E-011
 16.181937   0.218025E-009  -0.682690E-010  -0.693020E-011  -0.625165E-012
 16.354423   0.796990E-010  -0.257022E-010  -0.250013E-011  -0.223964E-012
 16.542222   0.260954E-010  -0.866886E-011  -0.807170E-012  -0.717838E-013
 16.753686   0.724451E-011  -0.248164E-011  -0.220643E-012  -0.194704E-013
 16.999978   0.157951E-011  -0.558994E-012  -0.472697E-013  -0.413573E-014
 17.282603   0.264542E-012  -0.968395E-013  -0.776362E-014  -0.673036E-015
 17.563569   0.428891E-013  -0.161842E-013  -0.123514E-014  -0.106162E-015
 17.807281   0.852298E-014  -0.329472E-014  -0.241553E-015  -0.206166E-016
 18.017026   0.206239E-014  -0.812822E-015  -0.576672E-016  -0.489363E-017
 18.203870   0.570119E-015  -0.228365E-015  -0.157537E-016  -0.133029E-017
 18.375868   0.171436E-015  -0.696485E-016  -0.468661E-017  -0.394026E-018
 18.538405   0.542109E-016  -0.223064E-016  -0.146722E-017  -0.122865E-018
 18.695303   0.175825E-016  -0.732034E-017  -0.471351E-018  -0.393237E-019
 18.849556   0.573046E-017  -0.241241E-017  -0.152203E-018  -0.126528E-019
 19.003805   0.184134E-017  -0.783455E-018  -0.484601E-019  -0.401461E-020
 19.160690   0.571763E-018  -0.245814E-018  -0.149093E-019  -0.123092E-020
 19.323204   0.167548E-018  -0.727811E-019  -0.432783E-020  -0.356082E-021
 19.495170   0.449091E-019  -0.197138E-019  -0.114859E-020  -0.941691E-022
 19.681971   0.105244E-019  -0.467060E-020  -0.266321E-021  -0.217538E-022
 19.891667   0.201227E-020  -0.903527E-021  -0.503238E-022  -0.409405E-023
 20.135284   0.284467E-021  -0.129385E-021  -0.701856E-023  -0.568422E-024
 20.416069   0.284563E-022  -0.131257E-022  -0.691397E-024  -0.557176E-025
 20.698864   0.264783E-023  -0.123770E-023  -0.633599E-025  -0.508159E-026
 20.945259   0.317932E-024  -0.150260E-024  -0.750837E-026  -0.599774E-027
 21.156773   0.496318E-025  -0.236700E-025  -0.115907E-026  -0.922796E-028
 21.344615   0.927380E-026  -0.445712E-026  -0.214451E-027  -0.170245E-028
 21.517134   0.194325E-026  -0.940378E-027  -0.445347E-028  -0.352639E-029
 21.679908   0.436590E-027  -0.212602E-027  -0.992189E-029  -0.783791E-030
 21.836885   0.101778E-027  -0.498530E-028  -0.229449E-029  -0.180854E-030
 21.991148   0.239731E-028  -0.118082E-028  -0.536234E-030  -0.421765E-031
 22.145407   0.556807E-029  -0.275749E-029  -0.123584E-030  -0.970010E-032
 22.302371   0.124336E-029  -0.619051E-030  -0.273814E-031  -0.214473E-032
 22.465122   0.259116E-030  -0.129704E-030  -0.566059E-032  -0.442460E-033
 22.637608   0.484725E-031  -0.243975E-031  -0.105003E-032  -0.818995E-034
 22.825407   0.769704E-032  -0.389659E-032  -0.165232E-033  -0.128584E-034
 23.036871   0.953167E-033  -0.485563E-033  -0.202568E-034  -0.157249E-035
 23.283163   0.820022E-034  -0.420654E-034  -0.172275E-035  -0.133363E-036
 23.565788   0.478723E-035  -0.247445E-035  -0.992761E-037  -0.766190E-038
 23.846754   0.275386E-036  -0.143366E-036  -0.563901E-038  -0.433947E-039
 24.090466   0.224290E-037  -0.117460E-037  -0.454327E-039  -0.348782E-040
 24.300211   0.253020E-038  -0.133159E-038  -0.507824E-040  -0.389066E-041
 24.487055   0.355590E-039  -0.187935E-039  -0.707916E-041  -0.541420E-042
 24.659053   0.575163E-040  -0.305138E-040  -0.113660E-041  -0.867919E-043
 24.821590   0.101454E-040  -0.540120E-041  -0.199100E-042  -0.151815E-043
 24.978488   0.187671E-041  -0.100241E-041  -0.365858E-043  -0.278588E-044
 25.132741   0.352764E-042  -0.189017E-042  -0.683255E-044  -0.519590E-045
 25.286990   0.654725E-043  -0.351895E-043  -0.125997E-044  -0.956926E-046
 25.443875   0.116487E-043  -0.628000E-044  -0.222716E-045  -0.168932E-046
 25.606389   0.191956E-044  -0.103808E-044  -0.364560E-046  -0.276160E-047
 25.778355   0.280163E-045  -0.151995E-045  -0.528348E-047  -0.399691E-048
 25.965157   0.339718E-046  -0.184930E-046  -0.635815E-048  -0.480298E-049
 26.174853   0.310529E-047  -0.169668E-047  -0.576292E-049  -0.434648E-050
 26.418469   0.186611E-048  -0.102386E-048  -0.342963E-050  -0.258207E-051
 26.699254   0.697660E-050  -0.384560E-050  -0.126802E-051  -0.952753E-053
 26.982049   0.240861E-051  -0.133366E-051  -0.432933E-053  -0.324661E-054
 27.228445   0.121646E-052  -0.676130E-053  -0.216555E-054  -0.162128E-055
 27.439958   0.901543E-054  -0.502694E-054  -0.159178E-055  -0.119007E-056
 27.627800   0.868638E-055  -0.485687E-055  -0.152256E-056  -0.113694E-057
 27.800319   0.990486E-056  -0.555195E-056  -0.172463E-057  -0.128644E-058
 27.963094   0.125357E-056  -0.704273E-057  -0.216912E-058  -0.161636E-059
 28.120071   0.168100E-057  -0.946464E-058  -0.289138E-059  -0.215251E-060
 28.274334   0.230110E-058  -0.129831E-058  -0.393488E-060  -0.292665E-061
