 nmodes=            1  nfields=            2  max_plot=          289
 ky=   5.7522413064341651E-002   width=    1.428571428571429     
 theta     ((Re(field_i), Im(field_i),i=(1,nfields)),j=1,nmodes)
Tearing metric:  [   0.199861E+001   0.457452E-002   0.175403E-002   0.199621E+001 ]
DEP: [   0.344592E-007   0.000000E+000   0.000000E+000   0.000000E+000]
chi_th: [   0.267625E+005   0.000000E+000   0.000000E+000   0.000000E+000]
chi_i: [   0.247296E+003   0.000000E+000   0.000000E+000   0.000000E+000]
chi_i_cond: [  -0.248757E+003   0.000000E+000   0.000000E+000   0.000000E+000]
chi_e: [   0.530631E+005   0.000000E+000   0.000000E+000   0.000000E+000]
chi_e_cond: [   0.525426E+005   0.000000E+000   0.000000E+000   0.000000E+000]
i_QL_cond_flux: [  -0.237420E-003   0.000000E+000   0.000000E+000   0.000000E+000]
e_QL_cond_flux: [   0.525426E-001   0.000000E+000   0.000000E+000   0.000000E+000]
QL_ratio: [   0.750528E-001             NaN             NaN             NaN]
EP QL convective fraction: [   0.107730E+001             NaN             NaN             NaN]
<theta^2>: [   0.193035E+002   0.291655E+002   0.251006E+002   0.166421E+002]
 Mode kept T/F for each mode:    F  F  F  F
 Theta      Re(phi)        Im(phi)        Re(B_per)        Im(B_per)
 No kept modes at nominal write parameters. Showing leading mode.
-28.274316   0.226195E-058   0.407641E-058  -0.173146E-060   0.138055E-060
-28.117735   0.364344E-057   0.657600E-057  -0.281752E-059   0.224607E-059
-27.958419   0.587324E-056   0.106172E-055  -0.458944E-058   0.365787E-058
-27.792963   0.974577E-055   0.176467E-054  -0.769797E-057   0.613411E-057
-27.616450   0.171953E-053   0.311902E-053  -0.137361E-055   0.109431E-055
-27.420710   0.337702E-052   0.613719E-052  -0.273018E-054   0.217451E-054
-27.190400   0.798959E-051   0.145505E-050  -0.654427E-053   0.521091E-053
-26.898901   0.251891E-049   0.459855E-049  -0.209378E-051   0.166666E-051
-26.570663   0.684216E-048   0.125218E-047  -0.577047E-050   0.459188E-050
-26.307802   0.786212E-047   0.144157E-046  -0.670417E-049   0.533357E-049
-26.099561   0.538424E-046   0.988768E-046  -0.463216E-048   0.368442E-048
-25.920038   0.287886E-045   0.529416E-045  -0.249631E-047   0.198521E-047
-25.755562   0.134093E-044   0.246919E-044  -0.117132E-046   0.931343E-047
-25.598358   0.572277E-044   0.105513E-043  -0.503419E-046   0.400215E-046
-25.443619   0.230345E-043   0.425230E-043  -0.204023E-045   0.162171E-045
-25.288641   0.892675E-043   0.164999E-042  -0.796031E-045   0.632636E-045
-25.132741   0.338641E-042   0.626723E-042  -0.304026E-044   0.241582E-044
-24.976816   0.127463E-041   0.236198E-041  -0.115216E-043   0.915367E-044
-24.821800   0.482241E-041   0.894811E-041  -0.438944E-043   0.348672E-043
-24.667090   0.186125E-040   0.345836E-040  -0.170631E-042   0.135515E-042
-24.510061   0.745991E-040   0.138813E-039  -0.689018E-042   0.547117E-042
-24.345990   0.318196E-039   0.593019E-039  -0.296236E-041   0.235180E-041
-24.167239   0.150728E-038   0.281395E-038  -0.141547E-040   0.112348E-040
-23.960390   0.869474E-038   0.162649E-037  -0.824685E-040   0.654399E-040
-23.700071   0.764678E-037   0.143417E-036  -0.734530E-039   0.582665E-039
-23.373151   0.136374E-035   0.256704E-035  -0.133288E-037   0.105681E-037
-23.078793   0.264391E-034   0.499661E-034  -0.263242E-036   0.208613E-036
-22.846816   0.371093E-033   0.703972E-033  -0.375881E-035   0.297732E-035
-22.650118   0.416506E-032   0.793029E-032  -0.428812E-034   0.339499E-034
-22.473040   0.403638E-031   0.771341E-031  -0.422204E-033   0.334111E-033
-22.307255   0.352894E-030   0.676861E-030  -0.374952E-032   0.296578E-032
-22.147766   0.286721E-029   0.552012E-029  -0.309449E-031   0.244650E-031
-21.991131   0.221691E-028   0.428474E-028  -0.243079E-030   0.192083E-030
-21.834550   0.166600E-027   0.323302E-027  -0.185646E-029   0.146623E-029
-21.675233   0.124123E-026   0.241903E-026  -0.140638E-028   0.111015E-028
-21.509777   0.935196E-026   0.183091E-025  -0.107821E-027   0.850617E-028
-21.333264   0.728726E-025   0.143373E-024  -0.855758E-027   0.674696E-027
-21.137525   0.605958E-024   0.119868E-023  -0.725799E-026   0.571840E-026
-20.907215   0.567456E-023   0.112944E-022  -0.694699E-025   0.546910E-025
-20.615716   0.640166E-022   0.128339E-021  -0.803483E-024   0.631976E-024
-20.287478   0.639296E-021   0.129124E-020  -0.822692E-023   0.646476E-023
-20.024616   0.346527E-020   0.704050E-020  -0.454610E-022   0.356969E-022
-19.816376   0.130337E-019   0.266113E-019  -0.173694E-021   0.136304E-021
-19.636853   0.411221E-019   0.843361E-019  -0.555771E-021   0.435889E-021
-19.472376   0.117507E-018   0.242025E-018  -0.160929E-020   0.126148E-020
-19.315173   0.315040E-018   0.651601E-018  -0.437009E-020   0.342381E-020
-19.160434   0.808592E-018   0.167942E-017  -0.113583E-019   0.889418E-020
-19.005456   0.201536E-017   0.420355E-017  -0.286665E-019   0.224356E-019
-18.849556   0.493342E-017   0.103343E-016  -0.710637E-019   0.555877E-019
-18.693630   0.119691E-016   0.251842E-016  -0.174638E-018   0.136530E-018
-18.538615   0.290286E-016   0.613631E-016  -0.429180E-018   0.335335E-018
-18.383905   0.710598E-016   0.150950E-015  -0.106514E-017   0.831734E-018
-18.226876   0.177588E-015   0.379227E-015  -0.270084E-017   0.210762E-017
-18.062805   0.460201E-015   0.988372E-015  -0.710891E-017   0.554358E-017
-17.884053   0.127036E-014   0.274595E-014  -0.199648E-016   0.155564E-016
-17.677205   0.395928E-014   0.862389E-014  -0.634868E-016   0.494217E-016
-17.416886   0.160428E-013   0.352992E-013  -0.264026E-015   0.205279E-015
-17.089966   0.100421E-012   0.224217E-012  -0.171416E-014   0.133037E-014
-16.795608   0.646190E-012   0.146716E-011  -0.114839E-013   0.889472E-014
-16.563631   0.331579E-011   0.765457E-011  -0.612465E-013   0.473430E-013
-16.366932   0.145080E-010   0.340611E-010  -0.278322E-012   0.214709E-012
-16.189855   0.569105E-010   0.135969E-009  -0.113416E-011   0.873134E-012
-16.024070   0.205875E-009   0.501036E-009  -0.426589E-011   0.327700E-011
-15.864581   0.699679E-009   0.173674E-008  -0.150956E-010   0.115698E-010
-15.707946   0.226577E-008   0.574558E-008  -0.510037E-010   0.389952E-010
-15.551364   0.707372E-008   0.183639E-007  -0.166596E-009   0.127034E-009
-15.392048   0.215070E-007   0.573159E-007  -0.531877E-009   0.404387E-009
-15.226592   0.642565E-007   0.176413E-006  -0.167669E-008   0.127064E-008
-15.050079   0.190356E-006   0.540952E-006  -0.527481E-008   0.398260E-008
-14.854339   0.565640E-006   0.167498E-005  -0.167962E-007   0.126268E-007
-14.624030   0.171862E-005   0.535722E-005  -0.554397E-007   0.414608E-007
-14.332531   0.543850E-005   0.181408E-004  -0.194760E-006   0.144692E-006
-14.004293   0.153103E-004   0.553560E-004  -0.617259E-006   0.455173E-006
-13.741431   0.313394E-004   0.121945E-003  -0.140125E-005   0.102670E-005
-13.533191   0.532696E-004   0.222128E-003  -0.261723E-005   0.190674E-005
-13.353667   0.822264E-004   0.368122E-003  -0.443825E-005   0.321557E-005
-13.189191   0.119255E-003   0.576468E-003  -0.710578E-005   0.511936E-005
-13.031987   0.164792E-003   0.867780E-003  -0.109336E-004   0.783110E-005
-12.877248   0.218203E-003   0.126770E-002  -0.163288E-004   0.116230E-004
-12.722270   0.277094E-003   0.180846E-002  -0.238263E-004   0.168468E-004
-12.566371   0.336087E-003   0.253057E-002  -0.341304E-004   0.239567E-004
-12.410445   0.384768E-003   0.348367E-002  -0.481572E-004   0.335292E-004
-12.255430   0.404493E-003   0.472845E-002  -0.671054E-004   0.462958E-004
-12.100719   0.362940E-003   0.633917E-002  -0.925674E-004   0.631919E-004
-11.943690   0.204327E-003   0.840487E-002  -0.126673E-003   0.854032E-004
-11.779620  -0.169284E-003   0.110301E-001  -0.172335E-003   0.114433E-003
-11.600868  -0.940868E-003   0.143407E-001  -0.233877E-003   0.152284E-003
-11.394020  -0.250631E-002   0.184968E-001  -0.318797E-003   0.201910E-003
-11.133700  -0.595379E-002   0.235627E-001  -0.441494E-003   0.266762E-003
-10.806781  -0.140465E-001   0.272735E-001  -0.598488E-003   0.325531E-003
-10.512422  -0.267425E-001   0.214398E-001  -0.651993E-003   0.271794E-003
-10.280446  -0.390357E-001   0.214767E-002  -0.468054E-003   0.271687E-004
-10.083747  -0.452496E-001  -0.286035E-001   0.399408E-006  -0.420000E-003
 -9.906669  -0.395762E-001  -0.641362E-001   0.723495E-003  -0.101771E-002
 -9.740884  -0.182777E-001  -0.938052E-001   0.157587E-002  -0.164189E-002
 -9.581395   0.175052E-001  -0.105802E+000   0.234696E-002  -0.211541E-002
 -9.424760   0.597977E-001  -0.915843E-001   0.279135E-002  -0.225857E-002
 -9.268179   0.941113E-001  -0.505935E-001   0.271412E-002  -0.196260E-002
 -9.108863   0.103371E+000   0.665002E-002   0.207191E-002  -0.126571E-002
 -8.943407   0.760548E-001   0.595250E-001   0.105069E-002  -0.394243E-003
 -8.766894   0.169290E-001   0.845096E-001   0.577141E-004   0.283675E-003
 -8.571154  -0.453831E-001   0.682918E-001  -0.436133E-003   0.434812E-003
 -8.340845  -0.641186E-001   0.213593E-001  -0.211492E-003   0.463793E-004
 -8.049345  -0.803033E-002  -0.187508E-001   0.331866E-003  -0.325375E-003
 -7.721107   0.591509E-001  -0.202414E-001   0.313273E-003  -0.914383E-005
 -7.458246   0.563736E-001  -0.108888E-001  -0.872744E-004   0.431049E-003
 -7.250005   0.775874E-002  -0.103181E-001  -0.350446E-003   0.497017E-003
 -7.070482  -0.579355E-001  -0.183342E-001  -0.320935E-003   0.111581E-003
 -6.906006  -0.119616E+000  -0.303256E-001   0.121904E-004  -0.671207E-003
 -6.748802  -0.161395E+000  -0.406975E-001   0.575747E-003  -0.171534E-002
 -6.594063  -0.173400E+000  -0.445914E-001   0.124051E-002  -0.283137E-002
 -6.439085  -0.152593E+000  -0.391193E-001   0.185176E-002  -0.381051E-002
 -6.283185  -0.102805E+000  -0.240727E-001   0.225983E-002  -0.445794E-002
 -6.127260  -0.341370E-001  -0.214441E-002   0.234953E-002  -0.462479E-002
 -5.972244   0.385461E-001   0.214352E-001   0.206825E-002  -0.423974E-002
 -5.817534   0.981079E-001   0.399155E-001   0.144692E-002  -0.333287E-002
 -5.660505   0.128409E+000   0.466480E-001   0.611143E-003  -0.204994E-002
 -5.496435   0.118488E+000   0.373570E-001  -0.222294E-003  -0.652686E-003
 -5.317683   0.674313E-001   0.129502E-001  -0.770812E-003   0.502838E-003
 -5.110835  -0.983331E-002  -0.169547E-001  -0.733442E-003   0.100441E-002
 -4.850515  -0.686059E-001  -0.265706E-001   0.960492E-004   0.447935E-003
 -4.523595  -0.124704E-001   0.254928E-001   0.991413E-003  -0.785884E-003
 -4.229237   0.958474E-001   0.599400E-001   0.252445E-004  -0.402508E-003
 -3.997260   0.672780E-001  -0.271130E-001  -0.122723E-002   0.904817E-003
 -3.800562  -0.524019E-001  -0.162901E+000  -0.443243E-003   0.946453E-003
 -3.623484  -0.126120E+000  -0.224852E+000   0.245000E-002  -0.653025E-003
 -3.457699  -0.105042E+000  -0.166073E+000   0.579935E-002  -0.262795E-002
 -3.298210  -0.543940E-001  -0.301470E-001   0.796325E-002  -0.369162E-002
 -3.141575  -0.500467E-001   0.118093E+000   0.837122E-002  -0.364726E-002
 -2.984994  -0.795007E-001   0.248699E+000   0.726510E-002  -0.312048E-002
 -2.825677  -0.575393E-001   0.346969E+000   0.493745E-002  -0.253485E-002
 -2.660221   0.547759E-001   0.355324E+000   0.166428E-002  -0.162298E-002
 -2.483708   0.159412E+000   0.185844E+000  -0.147400E-002  -0.139287E-003
 -2.287969   0.101068E+000  -0.135966E+000  -0.230168E-002   0.106760E-002
 -2.057659  -0.102406E+000  -0.324825E+000   0.351199E-003   0.502975E-003
 -1.766160  -0.148370E+000  -0.249759E-001   0.277201E-002  -0.121971E-002
 -1.437922   0.866654E-001   0.377206E+000  -0.549655E-003  -0.558770E-003
 -1.175060   0.216734E+000   0.264979E+000  -0.403300E-002   0.127644E-002
 -0.966820   0.179003E+000  -0.139540E+000  -0.352807E-002   0.184588E-002
 -0.787297   0.567524E-001  -0.582631E+000   0.999015E-003   0.679338E-003
 -0.622820  -0.725377E-001  -0.897083E+000   0.838781E-002  -0.191379E-002
 -0.465617  -0.153891E+000  -0.988080E+000   0.169074E-001  -0.522947E-002
 -0.310878  -0.162011E+000  -0.833136E+000   0.246826E-001  -0.841418E-002
 -0.155900  -0.101414E+000  -0.474054E+000   0.300850E-001  -0.106877E-001
  0.000000   0.875548E-005   0.607958E-022   0.320160E-001  -0.115101E-001
  0.155926   0.101443E+000   0.474116E+000   0.300848E-001  -0.106875E-001
  0.310941   0.162036E+000   0.833249E+000   0.246803E-001  -0.841304E-002
  0.465651   0.153883E+000   0.988089E+000   0.169055E-001  -0.522851E-002
  0.622680   0.726172E-001   0.897234E+000   0.839438E-002  -0.191613E-002
  0.786751  -0.563419E-001   0.583854E+000   0.101842E-002   0.673160E-003
  0.965503  -0.178357E+000   0.142717E+000  -0.350951E-002   0.184355E-002
  1.172351  -0.217127E+000  -0.261119E+000  -0.405306E-002   0.129312E-002
  1.432670  -0.907868E-001  -0.379691E+000  -0.637077E-003  -0.523914E-003
  1.759590   0.145478E+000   0.141639E-001   0.276433E-002  -0.124042E-002
  2.053948   0.105460E+000   0.324505E+000   0.408923E-003   0.478014E-003
  2.285925  -0.994083E-001   0.139330E+000  -0.229166E-002   0.107330E-002
  2.482624  -0.159731E+000  -0.184199E+000  -0.148891E-002  -0.128978E-003
  2.659701  -0.552886E-001  -0.355119E+000   0.165295E-002  -0.161906E-002
  2.825486   0.573603E-001  -0.347073E+000   0.493363E-002  -0.253510E-002
  2.984975   0.794168E-001  -0.248746E+000   0.726459E-002  -0.312285E-002
  3.141610   0.499844E-001  -0.118093E+000   0.837113E-002  -0.365058E-002
  3.298191   0.543775E-001   0.301083E-001   0.796332E-002  -0.369454E-002
  3.457508   0.105005E+000   0.165929E+000   0.580289E-002  -0.263164E-002
  3.622964   0.126235E+000   0.224842E+000   0.246093E-002  -0.660008E-003
  3.799477   0.531537E-001   0.163597E+000  -0.430720E-003   0.940984E-003
  3.995216  -0.662436E-001   0.284849E-001  -0.123179E-002   0.914328E-003
  4.225526  -0.966237E-001  -0.595190E-001  -0.322273E-006  -0.382494E-003
  4.517025   0.983162E-002  -0.270463E-001   0.992215E-003  -0.800511E-003
  4.845263   0.689499E-001   0.262302E-001   0.117816E-003   0.426523E-003
  5.108125   0.108384E-001   0.172678E-001  -0.728007E-003   0.100466E-002
  5.316365  -0.669219E-001  -0.127261E-001  -0.772788E-003   0.509024E-003
  5.495888  -0.118360E+000  -0.372652E-001  -0.224620E-003  -0.648540E-003
  5.660365  -0.128396E+000  -0.465987E-001   0.610213E-003  -0.204875E-002
  5.817568  -0.980858E-001  -0.398626E-001   0.144662E-002  -0.333287E-002
  5.972308  -0.385237E-001  -0.213867E-001   0.206771E-002  -0.423951E-002
  6.127285   0.341298E-001   0.217073E-002   0.234870E-002  -0.462418E-002
  6.283185   0.102781E+000   0.240763E-001   0.225895E-002  -0.445726E-002
  6.439111   0.152573E+000   0.391059E-001   0.185085E-002  -0.380973E-002
  6.594126   0.173379E+000   0.445622E-001   0.123951E-002  -0.283033E-002
  6.748836   0.161368E+000   0.406577E-001   0.574985E-003  -0.171455E-002
  6.905865   0.119642E+000   0.302973E-001   0.121481E-004  -0.671622E-003
  7.069936   0.581317E-001   0.183388E-001  -0.320555E-003   0.109827E-003
  7.248688  -0.734039E-002   0.103339E-001  -0.351358E-003   0.495820E-003
  7.455536  -0.559870E-001   0.108231E-001  -0.918394E-004   0.434334E-003
  7.715855  -0.597388E-001   0.200643E-001   0.307032E-003   0.419138E-006
  8.042775   0.627352E-002   0.191962E-001   0.339559E-003  -0.326356E-003
  8.337134   0.638378E-001  -0.205667E-001  -0.203501E-003   0.383362E-004
  8.569110   0.458906E-001  -0.679435E-001  -0.437509E-003   0.433280E-003
  8.765809  -0.165165E-001  -0.845478E-001   0.528690E-004   0.286424E-003
  8.942887  -0.759171E-001  -0.596424E-001   0.104752E-002  -0.391735E-003
  9.108671  -0.103370E+000  -0.668305E-002   0.207111E-002  -0.126486E-002
  9.268161  -0.941208E-001   0.506349E-001   0.271420E-002  -0.196260E-002
  9.424796  -0.597911E-001   0.916333E-001   0.279123E-002  -0.225850E-002
  9.581377  -0.175095E-001   0.105830E+000   0.234678E-002  -0.211525E-002
  9.740693   0.182459E-001   0.938438E-001   0.157655E-002  -0.164236E-002
  9.906149   0.395410E-001   0.642426E-001   0.725717E-003  -0.101953E-002
 10.082662   0.452653E-001   0.288042E-001   0.382615E-005  -0.423177E-003
 10.278402   0.391507E-001  -0.189663E-002  -0.464926E-003   0.236020E-004
 10.508711   0.269610E-001  -0.212555E-001  -0.651287E-003   0.269510E-003
 10.800211   0.142878E-001  -0.272874E-001  -0.601419E-003   0.325938E-003
 11.128449   0.605682E-002  -0.236671E-001  -0.444289E-003   0.268044E-003
 11.391310   0.253819E-002  -0.185588E-001  -0.320079E-003   0.202580E-003
 11.599551   0.951457E-003  -0.143697E-001  -0.234398E-003   0.152558E-003
 11.779074   0.173185E-003  -0.110415E-001  -0.172513E-003   0.114515E-003
 11.943550  -0.202497E-003  -0.840826E-002  -0.126713E-003   0.854066E-004
 12.100754  -0.361769E-003  -0.633986E-002  -0.925669E-004   0.631748E-004
 12.255493  -0.403632E-003  -0.472876E-002  -0.671023E-004   0.462814E-004
 12.410471  -0.384147E-003  -0.348416E-002  -0.481593E-004   0.335216E-004
 12.566371  -0.335654E-003  -0.253102E-002  -0.341334E-004   0.239523E-004
 12.722296  -0.276784E-003  -0.180869E-002  -0.238271E-004   0.168428E-004
 12.877312  -0.217973E-003  -0.126771E-002  -0.163275E-004   0.116190E-004
 13.032022  -0.164639E-003  -0.867815E-003  -0.109331E-004   0.782860E-005
 13.189051  -0.119196E-003  -0.576734E-003  -0.710865E-005   0.511999E-005
 13.353121  -0.822710E-004  -0.368708E-003  -0.444531E-005   0.321973E-005
 13.531873  -0.534113E-004  -0.222995E-003  -0.262769E-005   0.191375E-005
 13.738721  -0.315536E-004  -0.122970E-003  -0.141340E-005   0.103523E-005
 13.999041  -0.155472E-004  -0.563292E-004  -0.628468E-006   0.463245E-006
 14.325961  -0.556854E-005  -0.186154E-004  -0.200009E-006   0.148525E-006
 14.620319  -0.174846E-005  -0.545804E-005  -0.565103E-007   0.422449E-007
 14.852296  -0.571765E-006  -0.169472E-005  -0.169985E-007   0.127744E-007
 15.048994  -0.191522E-006  -0.544634E-006  -0.531136E-008   0.400885E-008
 15.226072  -0.644420E-007  -0.177015E-006  -0.168248E-008   0.127461E-008
 15.391857  -0.215235E-007  -0.573850E-007  -0.532514E-009   0.404741E-009
 15.551346  -0.707059E-008  -0.183629E-007  -0.166582E-009   0.126982E-009
 15.707981  -0.226385E-008  -0.574281E-008  -0.509774E-010   0.389623E-010
 15.864562  -0.699379E-009  -0.173661E-008  -0.150942E-010   0.115648E-010
 16.023879  -0.206073E-009  -0.501702E-009  -0.427157E-011   0.328024E-011
 16.189335  -0.571178E-010  -0.136518E-009  -0.113879E-011   0.876388E-012
 16.365848  -0.146266E-010  -0.343543E-010  -0.280749E-012   0.216503E-012
 16.561587  -0.336718E-011  -0.777695E-011  -0.622387E-013   0.480918E-013
 16.791897  -0.663660E-012  -0.150767E-011  -0.118051E-013   0.913988E-014
 17.083396  -0.104573E-012  -0.233634E-012  -0.178704E-014   0.138636E-014
 17.411634  -0.165268E-013  -0.363826E-013  -0.272225E-015   0.211567E-015
 17.674495  -0.401938E-014  -0.875813E-014  -0.644862E-016   0.501799E-016
 17.882736  -0.127951E-014  -0.276661E-014  -0.201167E-016   0.156686E-016
 18.062259  -0.461490E-015  -0.991421E-015  -0.713112E-017   0.555872E-017
 18.226736  -0.177673E-015  -0.379511E-015  -0.270290E-017   0.210840E-017
 18.383939  -0.710268E-016  -0.150918E-015  -0.106493E-017   0.831239E-018
 18.538678  -0.290125E-016  -0.613447E-016  -0.429054E-018   0.335104E-018
 18.693656  -0.119655E-016  -0.251830E-016  -0.174631E-018   0.136470E-018
 18.849556  -0.493258E-017  -0.103352E-016  -0.710702E-019   0.555703E-019
 19.005482  -0.201476E-017  -0.420332E-017  -0.286653E-019   0.224256E-019
 19.160497  -0.808140E-018  -0.167889E-017  -0.113548E-019   0.888782E-020
 19.315207  -0.314892E-018  -0.651451E-018  -0.436914E-020   0.342166E-020
 19.472236  -0.117573E-018  -0.242218E-018  -0.161061E-020   0.126200E-020
 19.636307  -0.412521E-019  -0.846236E-019  -0.557692E-021   0.437212E-021
 19.815058  -0.131416E-019  -0.268385E-019  -0.175193E-021   0.137422E-021
 20.021907  -0.352734E-020  -0.716870E-020  -0.462965E-022   0.363372E-022
 20.282226  -0.662898E-021  -0.133937E-020  -0.853624E-023   0.670483E-023
 20.609146  -0.674243E-022  -0.135222E-021  -0.846926E-024   0.665840E-024
 20.903504  -0.588267E-023  -0.117123E-022  -0.720612E-025   0.567052E-025
 21.135481  -0.619347E-024  -0.122549E-023  -0.742171E-026   0.584471E-026
 21.332180  -0.737676E-025  -0.145168E-024  -0.866573E-027   0.682908E-027
 21.509257  -0.940667E-026  -0.184202E-025  -0.108484E-027   0.855444E-028
 21.675042  -0.124348E-026  -0.242390E-026  -0.140929E-028   0.111193E-028
 21.834531  -0.166530E-027  -0.323230E-027  -0.185612E-029   0.146527E-029
 21.991166  -0.221439E-028  -0.428067E-028  -0.242857E-030   0.191815E-030
 22.147747  -0.286600E-029  -0.551884E-029  -0.309390E-031   0.244485E-031
 22.307064  -0.353575E-030  -0.678296E-030  -0.375768E-032   0.297079E-032
 22.472520  -0.406215E-031  -0.776415E-031  -0.425016E-033   0.336170E-033
 22.649033  -0.422249E-032  -0.804126E-032  -0.434865E-034   0.344118E-034
 22.844772  -0.380588E-033  -0.722138E-033  -0.385650E-035   0.305315E-035
 23.075082  -0.276013E-034  -0.521749E-034  -0.274953E-036   0.217780E-036
 23.366581  -0.145426E-035  -0.273812E-035  -0.142223E-037   0.112706E-037
 23.694819  -0.801150E-037  -0.150292E-036  -0.769949E-039   0.610437E-039
 23.957681  -0.890139E-038  -0.166547E-037  -0.844590E-040   0.669837E-040
 24.165921  -0.152425E-038  -0.284615E-038  -0.143182E-040   0.113585E-040
 24.345444  -0.319612E-039  -0.595760E-039  -0.297629E-041   0.236159E-041
 24.509921  -0.746661E-040  -0.138960E-039  -0.689794E-042   0.547437E-042
 24.667124  -0.186025E-040  -0.345705E-040  -0.170576E-042   0.135398E-042
 24.821863  -0.481915E-041  -0.894350E-041  -0.438744E-043   0.348323E-043
 24.976841  -0.127425E-041  -0.236166E-041  -0.115207E-043   0.914795E-044
 25.132741  -0.338606E-042  -0.626756E-042  -0.304061E-044   0.241477E-044
 25.288667  -0.892408E-043  -0.164975E-042  -0.795970E-045   0.632236E-045
 25.443682  -0.230187E-043  -0.425004E-043  -0.203927E-045   0.162004E-045
 25.598392  -0.571960E-044  -0.105471E-043  -0.503251E-046   0.399857E-046
 25.755421  -0.134221E-044  -0.247193E-044  -0.117270E-046   0.931918E-047
 25.919492  -0.289256E-045  -0.532018E-045  -0.250881E-047   0.199402E-047
 26.098244  -0.544992E-046  -0.100099E-045  -0.468998E-048   0.372828E-048
 26.305092  -0.806797E-047  -0.147957E-046  -0.688204E-049   0.547192E-049
 26.565411  -0.720982E-048  -0.131971E-047  -0.608331E-050   0.483800E-050
 26.892331  -0.271308E-049  -0.495401E-049  -0.225640E-051   0.179504E-051
 27.186690  -0.840946E-051  -0.153179E-050  -0.689119E-053   0.548388E-053
 27.418666  -0.348307E-052  -0.633093E-052  -0.281689E-054   0.224223E-054
 27.615365  -0.174938E-053  -0.317366E-053  -0.139786E-055   0.111296E-055
 27.792442  -0.982631E-055  -0.177951E-054  -0.776355E-057   0.618260E-057
 27.958227  -0.588857E-056  -0.106464E-055  -0.460248E-058   0.366601E-058
 28.117716  -0.364167E-057  -0.657371E-057  -0.281678E-059   0.224408E-059
 28.274351  -0.225860E-058  -0.407093E-058  -0.172927E-060   0.137795E-060
