 nmodes=            0  nfields=            2  max_plot=          289
 ky=   5.2215223734281412E-002   width=    1.428571428571429     
 theta     ((Re(field_i), Im(field_i),i=(1,nfields)),j=1,nmodes)
Tearing metric:  [   0.199856E+001   0.199698E+001   0.460217E-002   0.491781E-002 ]
DEP: [   0.000000E+000   0.000000E+000   0.000000E+000   0.000000E+000]
chi_th: [   0.000000E+000   0.000000E+000   0.000000E+000   0.000000E+000]
chi_i: [   0.000000E+000   0.000000E+000   0.000000E+000   0.000000E+000]
chi_i_cond: [   0.000000E+000   0.000000E+000   0.000000E+000   0.000000E+000]
chi_e: [   0.000000E+000   0.000000E+000   0.000000E+000   0.000000E+000]
chi_e_cond: [   0.000000E+000   0.000000E+000   0.000000E+000   0.000000E+000]
i_QL_cond_flux: [   0.000000E+000   0.000000E+000   0.000000E+000   0.000000E+000]
e_QL_cond_flux: [   0.000000E+000   0.000000E+000   0.000000E+000   0.000000E+000]
QL_ratio: [             NaN             NaN             NaN             NaN]
EP QL convective fraction: [             NaN             NaN             NaN             NaN]
<theta^2>: [   0.185402E+002   0.187949E+002   0.301165E+002   0.315879E+002]
 Mode kept T/F for each mode:    F  F  F  F
 Theta      Re(phi)        Im(phi)        Re(B_per)        Im(B_per)
 No kept modes at nominal write parameters. Showing leading mode.
-28.274310   0.620814E-058  -0.248885E-059   0.426318E-061   0.243901E-060
-28.117909   0.959069E-057  -0.377998E-058   0.664037E-060   0.380134E-059
-27.958761   0.149414E-055  -0.578355E-057   0.104323E-058   0.597582E-058
-27.793420   0.242949E-054  -0.922358E-056   0.171111E-057   0.980812E-057
-27.616858   0.428226E-053  -0.159168E-054   0.304363E-056   0.174587E-055
-27.420598   0.861160E-052  -0.312612E-053   0.618054E-055   0.354802E-054
-27.188270   0.215687E-050  -0.761940E-052   0.156459E-053   0.898964E-053
-26.889854   0.756222E-049  -0.258575E-050   0.555232E-052   0.319345E-051
-26.554812   0.218629E-047  -0.722839E-049   0.162416E-050   0.935099E-050
-26.294255   0.242981E-046  -0.782763E-048   0.182062E-049   0.104902E-048
-26.089336   0.160351E-045  -0.505547E-047   0.120973E-048   0.697469E-048
-25.912796   0.832939E-045  -0.257457E-046   0.632212E-048   0.364705E-047
-25.750878   0.380016E-044  -0.115239E-045   0.290073E-047   0.167424E-046
-25.595753   0.160098E-043  -0.476397E-045   0.122870E-046   0.709544E-046
-25.442503   0.640893E-043  -0.187110E-044   0.494473E-046   0.285693E-045
-25.288342   0.248668E-042  -0.712010E-044   0.192863E-045   0.111488E-044
-25.132741   0.948590E-042  -0.266217E-043   0.739569E-045   0.427744E-044
-24.977098   0.359064E-041  -0.986906E-043   0.281420E-044   0.162851E-043
-24.822866   0.136051E-040  -0.365868E-042   0.107201E-043   0.620681E-043
-24.669618   0.522520E-040  -0.137304E-041   0.413962E-043   0.239815E-042
-24.514664   0.206920E-039  -0.530388E-041   0.164857E-042   0.955605E-042
-24.353181   0.865785E-039  -0.215960E-040   0.693891E-042   0.402474E-041
-24.177490   0.399380E-038  -0.965980E-040   0.322150E-041   0.186985E-040
-23.974130   0.222780E-037  -0.519267E-039   0.181023E-040   0.105156E-039
-23.716491   0.190032E-036  -0.421300E-038   0.155859E-039   0.906332E-039
-23.383428   0.356880E-035  -0.732635E-037   0.296553E-038   0.172710E-037
-23.081515   0.762875E-034  -0.142683E-035   0.642900E-037   0.375053E-036
-22.847218   0.112710E-032  -0.191538E-034   0.962031E-036   0.562120E-035
-22.649849   0.129184E-031  -0.198337E-033   0.111580E-034   0.652968E-034
-22.472642   0.125216E-030  -0.172029E-032   0.109387E-033   0.641098E-033
-22.306928   0.107872E-029  -0.130788E-031   0.952805E-033   0.559269E-032
-22.147586   0.855284E-029  -0.897099E-031   0.763703E-032   0.448961E-031
-21.991124   0.642499E-028  -0.566096E-030   0.579959E-031   0.341482E-030
-21.834724   0.469530E-027  -0.331784E-029   0.428500E-030   0.252719E-029
-21.675576   0.342203E-026  -0.178897E-028   0.315827E-029   0.186592E-028
-21.510235   0.254849E-025  -0.831486E-028   0.237962E-028   0.140852E-027
-21.333672   0.199095E-024  -0.224824E-027   0.188196E-027   0.111621E-026
-21.137413   0.168979E-023   0.208465E-026   0.161839E-026   0.962063E-026
-20.905085   0.165410E-022   0.650561E-025   0.160728E-025   0.957939E-025
-20.606669   0.201941E-021   0.144021E-023   0.199474E-024   0.119254E-023
-20.271627   0.211489E-020   0.219761E-022   0.212276E-023   0.127310E-022
-20.011070   0.112373E-019   0.144722E-021   0.114124E-022   0.686108E-022
-19.806150   0.413149E-019   0.616680E-021   0.423547E-022   0.255144E-021
-19.629611   0.128129E-018   0.215125E-020   0.132453E-021   0.799353E-021
-19.467693   0.361933E-018   0.672205E-020   0.377072E-021   0.227963E-020
-19.312568   0.964391E-018   0.196002E-019   0.101228E-020   0.613039E-020
-19.159317   0.247270E-017   0.545805E-019   0.261453E-020   0.158611E-019
-19.005156   0.618491E-017   0.147470E-018   0.658722E-020   0.400317E-019
-18.849556   0.152394E-016   0.390939E-018   0.163488E-019   0.995332E-019
-18.693913   0.372204E-016   0.102416E-017   0.402223E-019   0.245333E-018
-18.539680   0.906342E-016   0.266900E-017   0.986717E-019   0.603004E-018
-18.386432   0.221852E-015   0.698202E-017   0.243363E-018   0.149026E-017
-18.231479   0.551958E-015   0.185571E-016   0.610250E-018   0.374502E-017
-18.069996   0.141783E-014   0.509646E-016   0.158061E-017   0.972276E-017
-17.894305   0.386363E-014   0.148893E-015   0.434609E-017   0.268042E-016
-17.690945   0.118460E-013   0.492715E-015   0.134629E-016   0.832893E-016
-17.433306   0.474147E-013   0.216374E-014   0.545953E-016   0.339156E-015
-17.100243   0.310137E-012   0.160100E-013   0.363725E-015   0.227348E-014
-16.798330   0.214827E-011   0.125717E-012   0.256985E-014   0.161783E-013
-16.564032   0.115122E-010   0.750797E-012   0.140209E-013   0.888886E-013
-16.366663   0.516133E-010   0.370961E-011   0.639202E-013   0.408095E-012
-16.189457   0.204933E-009   0.161181E-010   0.257882E-012   0.165836E-011
-16.023743   0.744403E-009   0.637695E-010   0.951348E-012   0.616416E-011
-15.864400   0.252931E-008   0.235298E-009   0.328200E-011   0.214359E-010
-15.707939   0.818291E-008   0.825383E-009   0.107796E-010   0.710126E-010
-15.551538   0.255955E-007   0.279854E-008   0.342330E-010   0.227640E-009
-15.392390   0.784521E-007   0.930766E-008   0.106554E-009   0.715969E-009
-15.227049   0.238483E-006   0.307747E-007   0.329057E-009   0.223722E-008
-15.050487   0.727519E-006   0.102517E-006   0.102032E-008   0.703214E-008
-14.854227   0.226017E-005   0.349921E-006   0.322423E-008   0.225845E-007
-14.621899   0.732774E-005   0.125882E-005   0.106437E-007   0.760704E-007
-14.323484   0.254919E-004   0.493452E-005   0.377492E-007   0.277010E-006
-13.988442   0.784274E-004   0.170906E-004   0.118136E-006   0.893545E-006
-13.727885   0.169112E-003   0.402797E-004   0.257553E-006   0.199902E-005
-13.522965   0.301838E-003   0.773050E-004   0.463173E-006   0.367982E-005
-13.346426   0.491887E-003   0.134549E-003   0.758996E-006   0.617099E-005
-13.184507   0.759626E-003   0.221280E-003   0.117676E-005   0.980003E-005
-13.029383   0.113026E-002   0.350286E-003   0.175517E-005   0.149966E-004
-12.876132   0.163500E-002   0.539219E-003   0.254089E-005   0.223253E-004
-12.721971   0.231248E-002   0.812577E-003   0.358949E-005   0.325322E-004
-12.566371   0.320898E-002   0.120399E-002   0.496321E-005   0.465864E-004
-12.410728   0.437615E-002   0.175836E-002   0.672329E-005   0.656964E-004
-12.256495   0.587040E-002   0.253603E-002   0.892166E-005   0.913759E-004
-12.103247   0.775425E-002   0.362114E-002   0.115895E-004   0.125591E-003
-11.948294   0.100935E-001   0.513416E-002   0.147062E-004   0.170940E-003
-11.786810   0.129489E-001   0.725454E-002   0.181310E-004   0.230944E-003
-11.611119   0.163622E-001   0.102759E-001   0.214433E-004   0.310800E-003
-11.407759   0.203128E-001   0.147731E-001   0.234327E-004   0.419614E-003
-11.150120   0.243522E-001   0.221557E-001   0.196011E-004   0.575607E-003
-10.817058   0.243322E-001   0.348423E-001  -0.105646E-004   0.775357E-003
-10.515145   0.964826E-002   0.473617E-001  -0.100440E-003   0.817446E-003
-10.280847  -0.213658E-001   0.499961E-001  -0.251958E-003   0.512745E-003
-10.083478  -0.622273E-001   0.368943E-001  -0.446987E-003  -0.184683E-003
 -9.906271  -0.101069E+000   0.551527E-002  -0.646756E-003  -0.120687E-002
 -9.740558  -0.123227E+000  -0.413553E-001  -0.795785E-003  -0.235975E-002
 -9.581215  -0.116148E+000  -0.943812E-001  -0.836137E-003  -0.335132E-002
 -9.424754  -0.750213E-001  -0.138393E+000  -0.728172E-003  -0.386453E-002
 -9.268353  -0.730628E-002  -0.155563E+000  -0.473186E-003  -0.366352E-002
 -9.109205   0.659159E-001  -0.131500E+000  -0.131112E-003  -0.271494E-002
 -8.943864   0.114523E+000  -0.641376E-001   0.179108E-003  -0.128573E-002
 -8.767302   0.112338E+000   0.269195E-001   0.315369E-003   0.604081E-004
 -8.571042   0.570276E-001   0.972970E-001   0.198975E-003   0.670495E-003
 -8.338714  -0.137956E-001   0.920231E-001  -0.645577E-004   0.259654E-003
 -8.040298  -0.335618E-001  -0.664516E-002  -0.121940E-003  -0.512128E-003
 -7.705256   0.260620E-002  -0.875294E-001   0.199503E-003  -0.345385E-003
 -7.444699   0.137330E-001  -0.704098E-001   0.388351E-003   0.253869E-003
 -7.239780  -0.772700E-002  -0.580708E-002   0.270079E-003   0.548980E-003
 -7.063241  -0.465072E-001   0.712912E-001  -0.131450E-003   0.372170E-003
 -6.901322  -0.872195E-001   0.138578E+000  -0.753410E-003  -0.263007E-003
 -6.746197  -0.116075E+000   0.180432E+000  -0.150100E-002  -0.123261E-002
 -6.592947  -0.122994E+000   0.187920E+000  -0.225694E-002  -0.233482E-002
 -6.438786  -0.103463E+000   0.159319E+000  -0.289646E-002  -0.332929E-002
 -6.283185  -0.596475E-001   0.100176E+000  -0.330379E-002  -0.398089E-002
 -6.127542  -0.572075E-003   0.227494E-001  -0.339176E-002  -0.410937E-002
 -5.973310   0.594363E-001  -0.560442E-001  -0.312265E-002  -0.363984E-002
 -5.820062   0.103988E+000  -0.117952E+000  -0.251961E-002  -0.263205E-002
 -5.665108   0.118582E+000  -0.146885E+000  -0.166931E-002  -0.128597E-002
 -5.503625   0.951092E-001  -0.132589E+000  -0.719121E-003   0.724068E-004
 -5.327934   0.367753E-001  -0.745335E-001   0.132860E-003   0.103023E-002
 -5.124574  -0.360095E-001   0.135471E-001   0.647987E-003   0.114558E-002
 -4.866935  -0.708878E-001   0.901631E-001   0.534695E-003   0.569619E-004
 -4.533872   0.297236E-001   0.448644E-001  -0.278074E-003  -0.138666E-002
 -4.231959   0.117436E+000  -0.100021E+000  -0.435164E-003  -0.984865E-004
 -3.997662  -0.295101E-001  -0.129299E+000   0.270029E-003   0.169777E-002
 -3.800293  -0.253365E+000  -0.532543E-001   0.818458E-003   0.630595E-003
 -3.623086  -0.328995E+000   0.189847E-001   0.868490E-003  -0.316303E-002
 -3.457372  -0.209693E+000   0.478183E-001   0.783544E-003  -0.725998E-002
 -3.298030  -0.113382E-001   0.850391E-001   0.914580E-003  -0.961557E-002
 -3.141569   0.151745E+000   0.184467E+000   0.111901E-002  -0.984624E-002
 -2.985168   0.274479E+000   0.313068E+000   0.924863E-003  -0.857242E-002
 -2.826020   0.405132E+000   0.352952E+000   0.110759E-003  -0.615984E-002
 -2.660679   0.494786E+000   0.206973E+000  -0.867391E-003  -0.253736E-002
 -2.484116   0.355590E+000  -0.693095E-001  -0.111867E-002   0.147022E-002
 -2.287857  -0.102340E+000  -0.247632E+000  -0.249373E-003   0.308472E-002
 -2.055529  -0.499260E+000  -0.117405E+000   0.802239E-003  -0.670993E-004
 -1.757113  -0.122942E+000   0.186783E+000   0.348258E-003  -0.373003E-002
 -1.422071   0.561028E+000   0.170738E+000  -0.992915E-003   0.338749E-003
 -1.161514   0.480464E+000  -0.840158E-001  -0.107254E-002   0.490701E-002
 -0.956594  -0.592386E-001  -0.326108E+000  -0.151581E-003   0.465833E-002
 -0.780055  -0.691354E+000  -0.486351E+000   0.128675E-002  -0.516386E-003
 -0.618137  -0.116739E+001  -0.546366E+000   0.289957E-002  -0.930639E-002
 -0.463012  -0.133680E+001  -0.508679E+000   0.442027E-002  -0.196601E-001
 -0.309761  -0.115210E+001  -0.388721E+000   0.564726E-002  -0.292634E-001
 -0.155600  -0.663611E+000  -0.209797E+000   0.644023E-002  -0.360204E-001
  0.000000   0.115212E-004   0.463851E-004   0.671439E-002  -0.384535E-001
  0.155643   0.663773E+000   0.209936E+000   0.644021E-002  -0.360194E-001
  0.309876   0.115237E+001   0.388922E+000   0.564668E-002  -0.292575E-001
  0.463124   0.133682E+001   0.508822E+000   0.441928E-002  -0.196521E-001
  0.618077   0.116746E+001   0.546426E+000   0.289994E-002  -0.930907E-002
  0.779560   0.692988E+000   0.486686E+000   0.129096E-002  -0.537293E-003
  0.955251   0.638211E-001   0.327566E+000  -0.143057E-003   0.463708E-002
  1.158611  -0.475178E+000   0.875208E-001  -0.106606E-002   0.493737E-002
  1.416250  -0.566895E+000  -0.166653E+000  -0.100918E-002   0.462884E-003
  1.749313   0.103773E+000  -0.191882E+000   0.314367E-003  -0.373136E-002
  2.051226   0.501301E+000   0.112325E+000   0.811689E-003  -0.156287E-003
  2.285524   0.108659E+000   0.248184E+000  -0.234639E-003   0.307604E-002
  2.482893  -0.353532E+000   0.712698E-001  -0.111606E-002   0.149347E-002
  2.660099  -0.494942E+000  -0.206086E+000  -0.870353E-003  -0.252251E-002
  2.825813  -0.405433E+000  -0.352842E+000   0.108027E-003  -0.615566E-002
  2.985156  -0.274631E+000  -0.313027E+000   0.922264E-003  -0.857335E-002
  3.141617  -0.151827E+000  -0.184403E+000   0.111588E-002  -0.984906E-002
  3.298018   0.112587E-001  -0.850662E-001   0.911952E-003  -0.961880E-002
  3.457165   0.209453E+000  -0.479021E-001   0.782058E-003  -0.726670E-002
  3.622507   0.328916E+000  -0.192128E-001   0.867756E-003  -0.317918E-002
  3.799069   0.254613E+000   0.525962E-001   0.820469E-003   0.611921E-003
  3.995329   0.322256E-001   0.128799E+000   0.278938E-003   0.170533E-002
  4.227657  -0.116823E+000   0.101868E+000  -0.427231E-003  -0.573329E-004
  4.526072  -0.335713E-001  -0.415420E-001  -0.296308E-003  -0.139391E-002
  4.861114   0.704842E-001  -0.909986E-001   0.523570E-003   0.219552E-004
  5.121671   0.369128E-001  -0.148185E-001   0.651417E-003   0.113941E-002
  5.326591  -0.362299E-001   0.739642E-001   0.138102E-003   0.103461E-002
  5.503130  -0.949390E-001   0.132480E+000  -0.716499E-003   0.759815E-004
  5.665049  -0.118529E+000   0.146894E+000  -0.166910E-002  -0.128537E-002
  5.820173  -0.103921E+000   0.117933E+000  -0.252019E-002  -0.263258E-002
  5.973424  -0.593744E-001   0.560171E-001  -0.312293E-002  -0.363979E-002
  6.127585   0.584397E-003  -0.227394E-001  -0.339171E-002  -0.410869E-002
  6.283185   0.596227E-001  -0.100151E+000  -0.330370E-002  -0.398012E-002
  6.438828   0.103428E+000  -0.159312E+000  -0.289624E-002  -0.332833E-002
  6.593061   0.122946E+000  -0.187919E+000  -0.225634E-002  -0.233332E-002
  6.746309   0.116005E+000  -0.180411E+000  -0.150033E-002  -0.123117E-002
  6.901262   0.871790E-001  -0.138596E+000  -0.753547E-003  -0.262787E-003
  7.062746   0.465901E-001  -0.715070E-001  -0.132939E-003   0.371193E-003
  7.238437   0.794604E-002   0.526421E-002   0.268092E-003   0.549430E-003
  7.441797  -0.136236E-001   0.697562E-001   0.388715E-003   0.260317E-003
  7.699436  -0.320893E-002   0.880195E-001   0.206093E-003  -0.333439E-003
  8.032498   0.330569E-001   0.953427E-002  -0.117444E-003  -0.522343E-003
  8.334411   0.147941E-001  -0.910226E-001  -0.686555E-004   0.245448E-003
  8.568709  -0.561903E-001  -0.977850E-001   0.196386E-003   0.671628E-003
  8.766078  -0.112127E+000  -0.275327E-001   0.315487E-003   0.677253E-004
  8.943285  -0.114597E+000   0.638616E-001   0.179964E-003  -0.128074E-002
  9.108998  -0.659644E-001   0.131465E+000  -0.130670E-003  -0.271356E-002
  9.268341   0.734641E-002   0.155585E+000  -0.473152E-003  -0.366354E-002
  9.424802   0.750784E-001   0.138394E+000  -0.728184E-003  -0.386426E-002
  9.581203   0.116169E+000   0.943875E-001  -0.836064E-003  -0.335094E-002
  9.740351   0.123244E+000   0.414188E-001  -0.795858E-003  -0.236068E-002
  9.905692   0.101176E+000  -0.538321E-002  -0.647376E-003  -0.121033E-002
 10.082254   0.625027E-001  -0.367516E-001  -0.448422E-003  -0.190379E-003
 10.278514   0.217880E-001  -0.499529E-001  -0.254095E-003   0.507093E-003
 10.510842  -0.923979E-002  -0.475246E-001  -0.102709E-003   0.815428E-003
 10.809258  -0.241918E-001  -0.351995E-001  -0.120319E-004   0.779391E-003
 11.144300  -0.244265E-001  -0.223632E-001   0.193081E-004   0.579498E-003
 11.404857  -0.203713E-001  -0.148519E-001   0.233929E-004   0.421336E-003
 11.609776  -0.163906E-001  -0.103047E-001   0.214312E-004   0.311458E-003
 11.786315  -0.129589E-001  -0.726352E-002   0.181158E-004   0.231132E-003
 11.948234  -0.100950E-001  -0.513601E-002   0.146883E-004   0.170948E-003
 12.103358  -0.775325E-002  -0.362119E-002   0.115734E-004   0.125556E-003
 12.256609  -0.586967E-002  -0.253614E-002   0.890982E-005   0.913519E-004
 12.410770  -0.437621E-002  -0.175877E-002   0.671555E-005   0.656895E-004
 12.566371  -0.320924E-002  -0.120439E-002   0.495800E-005   0.465850E-004
 12.722014  -0.231248E-002  -0.812777E-003   0.358553E-005   0.325284E-004
 12.876246  -0.163469E-002  -0.539239E-003   0.253768E-005   0.223181E-004
 13.029494  -0.112999E-002  -0.350284E-003   0.175288E-005   0.149909E-004
 13.184447  -0.759735E-003  -0.221381E-003   0.117571E-005   0.980043E-005
 13.345931  -0.492536E-003  -0.134792E-003   0.759231E-006   0.617894E-005
 13.521622  -0.302982E-003  -0.776614E-004   0.464482E-006   0.369415E-005
 13.724982  -0.170584E-003  -0.406865E-004   0.259565E-006   0.201707E-005
 13.982621  -0.799262E-004  -0.174602E-004   0.120308E-006   0.911301E-006
 14.315684  -0.262745E-004  -0.510349E-005   0.388882E-007   0.285821E-006
 14.617596  -0.748730E-005  -0.128933E-005   0.108685E-007   0.777753E-007
 14.851894  -0.229036E-005  -0.355161E-006   0.326477E-008   0.228929E-007
 15.049263  -0.733011E-006  -0.103405E-006   0.102714E-008   0.708588E-008
 15.226470  -0.239356E-006  -0.309123E-007   0.329957E-009   0.224535E-008
 15.392184  -0.785443E-007  -0.932459E-008   0.106577E-009   0.716743E-009
 15.551526  -0.255897E-007  -0.279951E-008   0.341915E-010   0.227559E-009
 15.707987  -0.817720E-008  -0.825284E-009   0.107613E-010   0.709531E-010
 15.864388  -0.252870E-008  -0.235393E-009   0.327791E-011   0.214278E-010
 16.023536  -0.745378E-009  -0.639036E-010   0.951651E-012   0.617158E-011
 16.188877  -0.205826E-009  -0.162050E-010   0.258755E-012   0.166549E-011
 16.365439  -0.521083E-010  -0.375051E-011   0.644742E-013   0.412017E-012
 16.561699  -0.117220E-010  -0.766029E-012   0.142644E-013   0.905208E-013
 16.794027  -0.221742E-011  -0.130152E-012   0.265069E-014   0.167044E-013
 17.092443  -0.325614E-012  -0.168798E-013   0.381660E-015   0.238817E-014
 17.427485  -0.490234E-013  -0.224467E-014   0.564054E-016   0.350760E-015
 17.688042  -0.120409E-013  -0.501995E-015   0.136717E-016   0.846643E-016
 17.892961  -0.389274E-014  -0.150290E-015   0.437439E-017   0.270045E-016
 18.069501  -0.142164E-014  -0.511827E-016   0.158317E-017   0.974777E-017
 18.231419  -0.552068E-015  -0.185885E-016   0.609704E-018   0.374522E-017
 18.386544  -0.221693E-015  -0.698755E-017   0.242919E-018   0.148895E-017
 18.539795  -0.905766E-016  -0.267159E-017   0.984992E-019   0.602525E-018
 18.693956  -0.372136E-016  -0.102576E-017   0.401701E-019   0.245250E-018
 18.849556  -0.152398E-016  -0.391679E-018   0.163309E-019   0.995203E-019
 19.005199  -0.618375E-017  -0.147733E-018   0.657856E-020   0.400179E-019
 19.159431  -0.247106E-017  -0.546573E-019   0.260983E-020   0.158480E-019
 19.312679  -0.963652E-018  -0.196287E-019   0.101035E-020   0.612468E-020
 19.467633  -0.362010E-018  -0.674030E-020   0.376721E-021   0.227975E-020
 19.629116  -0.128511E-018  -0.216418E-020   0.132698E-021   0.801628E-021
 19.804807  -0.416687E-019  -0.624417E-021   0.426707E-022   0.257307E-021
 20.008167  -0.114536E-019  -0.148356E-021   0.116202E-022   0.699316E-022
 20.265806  -0.220201E-020  -0.231069E-022   0.220822E-023   0.132577E-022
 20.598869  -0.214826E-021  -0.155911E-023   0.212037E-024   0.126904E-023
 20.900782  -0.172569E-022  -0.695009E-025   0.167528E-025   0.999550E-025
 21.135080  -0.173307E-023  -0.226031E-026   0.165808E-026   0.986717E-026
 21.332449  -0.201893E-024   0.216689E-027   0.190621E-027   0.113181E-026
 21.509655  -0.256539E-025   0.824922E-028   0.239252E-028   0.141767E-027
 21.675369  -0.342905E-026   0.177830E-028   0.316081E-029   0.186943E-028
 21.834711  -0.469321E-027   0.329809E-029   0.427765E-030   0.252559E-029
 21.991173  -0.641695E-028   0.562964E-030   0.578488E-031   0.340989E-030
 22.147573  -0.854893E-029   0.893441E-031   0.762367E-032   0.448670E-031
 22.306721  -0.108105E-029   0.130643E-031   0.953633E-033   0.560378E-032
 22.472063  -0.126117E-030   0.172729E-032   0.110033E-033   0.645611E-033
 22.648625  -0.131213E-031   0.200825E-033   0.113191E-034   0.663151E-034
 22.844885  -0.116042E-032   0.196556E-034   0.989279E-036   0.578712E-035
 23.077213  -0.802362E-034   0.149531E-035   0.675420E-037   0.394491E-036
 23.375628  -0.385255E-035   0.787825E-037   0.319805E-038   0.186476E-037
 23.710670  -0.200128E-036   0.442424E-038   0.163949E-039   0.954529E-039
 23.971227  -0.228442E-037   0.531379E-039   0.185384E-040   0.107819E-039
 24.176147  -0.403980E-038   0.975494E-040   0.325419E-041   0.189109E-040
 24.352686  -0.869309E-039   0.216527E-040   0.695742E-042   0.404034E-041
 24.514605  -0.206977E-039   0.529835E-041   0.164668E-042   0.955668E-042
 24.669729  -0.521943E-040   0.136981E-041   0.412913E-043   0.239498E-042
 24.822980  -0.135919E-040   0.365065E-042   0.106942E-043   0.619939E-043
 24.977141  -0.358958E-041   0.985432E-043   0.280931E-044   0.162767E-043
 25.132741  -0.948606E-042   0.265910E-043   0.738511E-045   0.427658E-044
 25.288384  -0.248593E-042   0.710987E-044   0.192525E-045   0.111430E-044
 25.442617  -0.640251E-043   0.186717E-044   0.493255E-046   0.285343E-045
 25.595865  -0.159914E-043   0.475342E-045   0.122548E-046   0.708570E-046
 25.750818  -0.380126E-044   0.115150E-045   0.289729E-047   0.167435E-046
 25.912302  -0.836547E-045   0.258292E-046   0.634020E-048   0.366209E-047
 26.087992  -0.162346E-045   0.511250E-047   0.122302E-048   0.706024E-048
 26.291352  -0.249769E-046   0.803599E-048   0.186886E-049   0.107820E-048
 26.548992  -0.231690E-047   0.764835E-049   0.171893E-050   0.990955E-050
 26.882054  -0.825995E-049   0.281940E-050   0.605720E-052   0.348844E-051
 27.183967  -0.229024E-050   0.807935E-052   0.165912E-053   0.954537E-053
 27.418265  -0.892354E-052   0.323574E-053   0.639520E-055   0.367613E-054
 27.615634  -0.436664E-053   0.162151E-054   0.309892E-056   0.177996E-055
 27.792841  -0.245192E-054   0.930089E-056   0.172421E-057   0.989655E-057
 27.958554  -0.149836E-055   0.579544E-057   0.104452E-058   0.599131E-058
 28.117897  -0.958467E-057   0.377487E-058   0.662552E-060   0.379801E-059
 28.274358  -0.619739E-058   0.248280E-059   0.424888E-061   0.243417E-060
