 nmodes=            0  nfields=            2  max_plot=          289
 ky=   7.3630175536247774E-002   width=    1.428571428571429     
 theta     ((Re(field_i), Im(field_i),i=(1,nfields)),j=1,nmodes)
Tearing metric:  [   0.199796E+001   0.323237E-002   0.199819E+001   0.287840E-002 ]
DEP: [   0.000000E+000   0.000000E+000   0.000000E+000   0.000000E+000]
chi_th: [   0.000000E+000   0.000000E+000   0.000000E+000   0.000000E+000]
chi_i: [   0.000000E+000   0.000000E+000   0.000000E+000   0.000000E+000]
chi_i_cond: [   0.000000E+000   0.000000E+000   0.000000E+000   0.000000E+000]
chi_e: [   0.000000E+000   0.000000E+000   0.000000E+000   0.000000E+000]
chi_e_cond: [   0.000000E+000   0.000000E+000   0.000000E+000   0.000000E+000]
i_QL_cond_flux: [   0.000000E+000   0.000000E+000   0.000000E+000   0.000000E+000]
e_QL_cond_flux: [   0.000000E+000   0.000000E+000   0.000000E+000   0.000000E+000]
QL_ratio: [             NaN             NaN             NaN             NaN]
EP QL convective fraction: [             NaN             NaN             NaN             NaN]
<theta^2>: [   0.148524E+002   0.256366E+002   0.214013E+002   0.251876E+002]
 Mode kept T/F for each mode:    F  F  F  F
 Theta      Re(phi)        Im(phi)        Re(B_per)        Im(B_per)
 No kept modes at nominal write parameters. Showing leading mode.
-28.274335  -0.222996E-058   0.112375E-058  -0.302897E-060   0.119193E-060
-28.120158  -0.193624E-057   0.972423E-058  -0.264463E-059   0.104036E-059
-27.963263  -0.170917E-056   0.855356E-057  -0.234772E-058   0.923261E-059
-27.800493  -0.158919E-055   0.792350E-056  -0.219575E-057   0.863195E-058
-27.627714  -0.162599E-054   0.807453E-055  -0.226056E-056   0.888342E-057
-27.438896  -0.194516E-053   0.961682E-054  -0.272249E-055   0.106943E-055
-27.224611  -0.297941E-052   0.146558E-052  -0.420141E-054   0.164959E-054
-26.971687  -0.656810E-051   0.321160E-051  -0.934238E-053   0.366604E-053
-26.680493  -0.197280E-049   0.957995E-050  -0.283345E-051   0.111115E-051
-26.400072  -0.463406E-048   0.223518E-048  -0.671715E-050   0.263252E-050
-26.162324  -0.635182E-047   0.304582E-047  -0.927887E-049   0.363450E-049
-25.957856  -0.585106E-046   0.279124E-046  -0.860478E-048   0.336884E-048
-25.774613  -0.418649E-045   0.198771E-045  -0.619397E-047   0.242392E-047
-25.604777  -0.254394E-044   0.120243E-044  -0.378489E-046   0.148054E-046
-25.443348  -0.138857E-043   0.653477E-044  -0.207695E-045   0.812116E-046
-25.286880  -0.707851E-043   0.331693E-043  -0.106425E-044   0.415971E-045
-25.132741  -0.347345E-042   0.162061E-042  -0.524907E-044   0.205081E-044
-24.978628  -0.168486E-041   0.782642E-042  -0.255925E-043   0.999487E-044
-24.822241  -0.828897E-041   0.383272E-041  -0.126568E-042   0.494086E-043
-24.660957  -0.425205E-040   0.195658E-040  -0.652803E-042   0.254722E-042
-24.491354  -0.235302E-039   0.107708E-039  -0.363338E-041   0.141705E-041
-24.308473  -0.147273E-038   0.670223E-039  -0.228837E-040   0.892000E-041
-24.104559  -0.112177E-037   0.507102E-038  -0.175535E-039   0.683806E-040
-23.867654  -0.116708E-036   0.523346E-037  -0.184140E-038   0.716792E-039
-23.588186  -0.183698E-035   0.815536E-036  -0.292726E-037   0.113842E-037
-23.296447  -0.334901E-034   0.147023E-034  -0.539412E-036   0.209562E-036
-23.042546  -0.439436E-033   0.190887E-033  -0.714691E-035   0.277388E-035
-22.827599  -0.402795E-032   0.173297E-032  -0.660716E-034   0.256212E-034
-22.638350  -0.288861E-031   0.123167E-031  -0.477506E-033   0.185014E-033
-22.465292  -0.176227E-030   0.744956E-031  -0.293428E-032   0.113601E-032
-22.302347  -0.965472E-030   0.404681E-030  -0.161871E-031   0.626201E-032
-22.145357  -0.493111E-029   0.204941E-029  -0.832330E-031   0.321740E-031
-21.991150  -0.241628E-028   0.995595E-029  -0.410575E-030   0.158584E-030
-21.836973  -0.116414E-027   0.475411E-028  -0.199140E-029   0.768551E-030
-21.680078  -0.564569E-027   0.228411E-027  -0.972379E-029   0.374958E-029
-21.517307  -0.282658E-026   0.113221E-026  -0.490295E-028   0.188891E-028
-21.344529  -0.150668E-025   0.596978E-026  -0.263311E-027   0.101343E-027
-21.155711  -0.892025E-025   0.349159E-025  -0.157161E-026   0.604223E-027
-20.941425  -0.624632E-024   0.241065E-024  -0.111052E-025   0.426410E-026
-20.688502  -0.560205E-023   0.212549E-023  -0.100644E-024   0.385858E-025
-20.397308  -0.615931E-022   0.229040E-022  -0.111961E-023   0.428482E-024
-20.116887  -0.560772E-021   0.204378E-021  -0.103073E-022   0.393770E-023
-19.879139  -0.346104E-020   0.123909E-020  -0.642161E-022   0.244942E-022
-19.674671  -0.160629E-019   0.565908E-020  -0.300450E-021   0.114442E-021
-19.491428  -0.621663E-019   0.215756E-019  -0.117129E-020   0.445565E-021
-19.321592  -0.213744E-018   0.731183E-019  -0.405446E-020   0.154043E-020
-19.160162  -0.679209E-018   0.229062E-018  -0.129668E-019   0.492055E-020
-19.003695  -0.204971E-017   0.681444E-018  -0.393758E-019   0.149239E-019
-18.849556  -0.599807E-017   0.196519E-017  -0.115938E-018   0.438874E-019
-18.695443  -0.173296E-016   0.559229E-017  -0.337044E-018   0.127423E-018
-18.539055  -0.502858E-016   0.159688E-016  -0.984196E-018   0.371588E-018
-18.377772  -0.149220E-015   0.465736E-016  -0.293972E-017   0.110832E-017
-18.208169  -0.462812E-015   0.141720E-015  -0.918109E-017   0.345598E-017
-18.025288  -0.154586E-014   0.463226E-015  -0.308979E-016   0.116102E-016
-17.821374  -0.582133E-014   0.170034E-014  -0.117341E-015   0.440015E-016
-17.584468  -0.265370E-013   0.750821E-014  -0.540234E-015   0.202070E-015
-17.305001  -0.155329E-012   0.421757E-013  -0.319992E-014   0.119307E-014
-17.013262  -0.976672E-012   0.252661E-012  -0.203792E-013   0.757028E-014
-16.759360  -0.488420E-011   0.120418E-011  -0.103099E-012   0.381621E-013
-16.544414  -0.191959E-010   0.451960E-011  -0.409329E-012   0.151010E-012
-16.355164  -0.639480E-010   0.143903E-010  -0.137616E-011   0.506085E-012
-16.182107  -0.190699E-009   0.409967E-010  -0.413902E-011   0.151738E-011
-16.019162  -0.527054E-009   0.108080E-009  -0.115329E-010   0.421477E-011
-15.862172  -0.138220E-008   0.269673E-009  -0.304849E-010   0.111053E-010
-15.707964  -0.350032E-008   0.647330E-009  -0.778048E-010   0.282494E-010
-15.553787  -0.868394E-008   0.151439E-008  -0.194539E-009   0.703858E-010
-15.396893  -0.213842E-007   0.349160E-008  -0.482866E-009   0.174049E-009
-15.234122  -0.529718E-007   0.801791E-008  -0.120597E-008   0.432907E-009
-15.061343  -0.134061E-006   0.185406E-007  -0.307848E-008   0.110000E-008
-14.872526  -0.353756E-006   0.437196E-007  -0.819913E-008   0.291420E-008
-14.658240  -0.100190E-005   0.106597E-006  -0.234616E-007   0.828600E-008
-14.405317  -0.314887E-005   0.269160E-006  -0.746097E-007   0.261407E-007
-14.114122  -0.106003E-004   0.641020E-006  -0.254463E-006   0.882783E-007
-13.833702  -0.312051E-004   0.109555E-005  -0.758268E-006   0.260335E-006
-13.595954  -0.736485E-004   0.901285E-006  -0.180786E-005   0.614690E-006
-13.391486  -0.148343E-003  -0.128509E-005  -0.367286E-005   0.123745E-005
-13.208243  -0.269607E-003  -0.768357E-005  -0.672626E-005   0.224610E-005
-13.038406  -0.456885E-003  -0.218927E-004  -0.114781E-004   0.379883E-005
-12.876977  -0.736271E-003  -0.496207E-004  -0.186175E-004   0.610565E-005
-12.720509  -0.114271E-002  -0.998050E-004  -0.290740E-004   0.944423E-005
-12.566371  -0.172311E-002  -0.186386E-003  -0.441033E-004   0.141814E-004
-12.412258  -0.254078E-002  -0.331210E-003  -0.654111E-004   0.208028E-004
-12.255870  -0.368111E-002  -0.568799E-003  -0.953125E-004   0.299462E-004
-12.094586  -0.525848E-002  -0.954409E-003  -0.136929E-003   0.424350E-004
-11.924984  -0.742379E-002  -0.157828E-002  -0.194402E-003   0.592941E-004
-11.742102  -0.103664E-001  -0.259174E-002  -0.272956E-003   0.816759E-004
-11.538189  -0.142807E-001  -0.425507E-002  -0.377950E-003   0.110403E-003
-11.301283  -0.191383E-001  -0.699859E-002  -0.508355E-003   0.143798E-003
-11.021816  -0.235543E-001  -0.111917E-001  -0.624138E-003   0.168944E-003
-10.730076  -0.229129E-001  -0.154694E-001  -0.591059E-003   0.152737E-003
-10.476175  -0.140914E-001  -0.166398E-001  -0.313453E-003   0.844387E-004
-10.261228   0.850473E-003  -0.131446E-001   0.157033E-003  -0.666968E-005
-10.071979   0.181643E-001  -0.504575E-002   0.717623E-003  -0.836103E-004
 -9.898921   0.338539E-001   0.661819E-002   0.125467E-002  -0.113384E-003
 -9.735977   0.441653E-001   0.200028E-001   0.165716E-002  -0.721580E-004
 -9.578987   0.461341E-001   0.326284E-001   0.183188E-002   0.491524E-004
 -9.424779   0.382263E-001   0.416820E-001   0.172126E-002   0.239432E-003
 -9.270602   0.210085E-001   0.444952E-001   0.132223E-002   0.463292E-003
 -9.113707  -0.225071E-002   0.392351E-001   0.703234E-003   0.660312E-003
 -8.950937  -0.252614E-001   0.258223E-001   0.140355E-004   0.751041E-003
 -8.778158  -0.391162E-001   0.700215E-002  -0.522759E-003   0.655702E-003
 -8.589341  -0.343310E-001  -0.107623E-001  -0.659937E-003   0.335456E-003
 -8.375055  -0.650344E-002  -0.176671E-001  -0.255791E-003  -0.129012E-003
 -8.122131   0.303717E-001  -0.596727E-002   0.441486E-003  -0.422432E-003
 -7.830937   0.297539E-001   0.118907E-001   0.545973E-003  -0.105902E-003
 -7.550516  -0.272649E-001   0.577188E-002  -0.211299E-003   0.448472E-003
 -7.312768  -0.820636E-001  -0.153178E-001  -0.713536E-003   0.395990E-003
 -7.108300  -0.933465E-001  -0.245637E-001  -0.393054E-003  -0.364441E-003
 -6.925057  -0.562880E-001  -0.882538E-002   0.566953E-003  -0.149301E-002
 -6.755221   0.150822E-001   0.305538E-001   0.168997E-002  -0.256287E-002
 -6.593792   0.988698E-001   0.822216E-001   0.248081E-002  -0.321259E-002
 -6.437324   0.172095E+000   0.129615E+000   0.258663E-002  -0.322369E-002
 -6.283185   0.215527E+000   0.155816E+000   0.189175E-002  -0.255998E-002
 -6.129073   0.217306E+000   0.148381E+000   0.558931E-003  -0.137724E-002
 -5.972685   0.175617E+000   0.104000E+000  -0.983609E-003  -0.338967E-005
 -5.811401   0.100408E+000   0.325849E-001  -0.212495E-002   0.111996E-002
 -5.641798   0.134344E-001  -0.406150E-001  -0.225607E-002   0.155379E-002
 -5.458917  -0.548422E-001  -0.780352E-001  -0.109591E-002   0.105916E-002
 -5.255003  -0.745072E-001  -0.451184E-001   0.818056E-003  -0.107036E-003
 -5.018098  -0.378916E-001   0.460737E-001   0.165320E-002  -0.880779E-003
 -4.738630   0.296121E-002   0.606248E-001  -0.580513E-003   0.840513E-004
 -4.446891  -0.215210E-001  -0.111251E+000  -0.217955E-002   0.109530E-002
 -4.192990  -0.371553E-001  -0.166695E+000   0.142568E-002  -0.594014E-003
 -3.978043   0.202504E-001   0.961898E-001   0.458193E-002  -0.238556E-002
 -3.788794   0.109695E+000   0.513627E+000   0.495790E-003  -0.735971E-003
 -3.615736   0.163049E+000   0.798714E+000  -0.122331E-001   0.526571E-002
 -3.452791   0.140536E+000   0.745549E+000  -0.295290E-001   0.137283E-001
 -3.295801   0.474846E-001   0.327931E+000  -0.444116E-001   0.212160E-001
 -3.141594  -0.744018E-001  -0.295898E+000  -0.503644E-001   0.244402E-001
 -2.987417  -0.169693E+000  -0.854130E+000  -0.442996E-001   0.217648E-001
 -2.830522  -0.195802E+000  -0.108179E+001  -0.282176E-001   0.140660E-001
 -2.667751  -0.144443E+000  -0.855395E+000  -0.888903E-002   0.461085E-002
 -2.494973  -0.494850E-001  -0.293596E+000   0.483240E-002  -0.224025E-002
 -2.306155   0.267238E-001   0.242374E+000   0.688884E-002  -0.342478E-002
 -2.091869   0.340213E-001   0.332776E+000  -0.349737E-003   0.321053E-004
 -1.838946  -0.356765E-002  -0.561490E-001  -0.444574E-002   0.212537E-002
 -1.547752   0.192921E-001  -0.186126E+000   0.221188E-002  -0.100310E-002
 -1.267331   0.813566E-001   0.210308E+000   0.339513E-002  -0.162088E-002
 -1.029583   0.621119E-001   0.304719E+000  -0.401251E-002   0.194001E-002
 -0.825115  -0.299898E-001  -0.982079E-001  -0.699963E-002   0.348787E-002
 -0.641872  -0.130474E+000  -0.666718E+000   0.891026E-003  -0.115218E-003
 -0.472036  -0.187297E+000  -0.104310E+001   0.177890E-001  -0.802466E-002
 -0.310606  -0.177660E+000  -0.103255E+001   0.374035E-001  -0.172653E-001
 -0.154139  -0.106718E+000  -0.633956E+000   0.526818E-001  -0.244826E-001
  0.000000   0.640333E-004  -0.130678E-003   0.584062E-001  -0.271896E-001
  0.154113   0.106815E+000   0.633640E+000   0.526834E-001  -0.244832E-001
  0.310501   0.177693E+000   0.103224E+001   0.374153E-001  -0.172703E-001
  0.471784   0.187328E+000   0.104330E+001   0.178186E-001  -0.803767E-002
  0.641387   0.130649E+000   0.668148E+000   0.928773E-003  -0.131666E-003
  0.824268   0.303950E-001   0.100763E+000  -0.698823E-002   0.348394E-002
  1.028182  -0.617101E-001  -0.303352E+000  -0.405890E-002   0.196268E-002
  1.265088  -0.815993E-001  -0.213521E+000   0.334749E-002  -0.159917E-002
  1.544555  -0.200032E-001   0.183273E+000   0.229189E-002  -0.104168E-002
  1.836294   0.374654E-002   0.604602E-001  -0.442255E-002   0.211674E-002
  2.090196  -0.339218E-001  -0.331075E+000  -0.414813E-003   0.635832E-004
  2.305142  -0.270110E-001  -0.244338E+000   0.686528E-002  -0.341637E-002
  2.494392   0.492803E-001   0.291349E+000   0.486055E-002  -0.225579E-002
  2.667449   0.144556E+000   0.854306E+000  -0.884984E-002   0.459544E-002
  2.830394   0.196105E+000   0.108148E+001  -0.281892E-001   0.140634E-001
  2.987384   0.169955E+000   0.853989E+000  -0.442786E-001   0.217725E-001
  3.141592   0.744969E-001   0.295843E+000  -0.503436E-001   0.244511E-001
  3.295769  -0.475405E-001  -0.327679E+000  -0.443955E-001   0.212276E-001
  3.452663  -0.140693E+000  -0.745079E+000  -0.295309E-001   0.137431E-001
  3.615434  -0.163326E+000  -0.798694E+000  -0.122583E-001   0.528413E-002
  3.788213  -0.110149E+000  -0.514803E+000   0.465597E-003  -0.722120E-003
  3.977030  -0.207655E-001  -0.982482E-001   0.458084E-002  -0.238924E-002
  4.191316   0.370281E-001   0.165785E+000   0.146193E-002  -0.613640E-003
  4.444239   0.219707E-001   0.113048E+000  -0.216604E-002   0.109227E-002
  4.735434  -0.310727E-002  -0.595850E-001  -0.616015E-003   0.103229E-003
  5.015854   0.373570E-001  -0.468793E-001   0.164707E-002  -0.881629E-003
  5.253602   0.744371E-001   0.445917E-001   0.829308E-003  -0.115664E-003
  5.458070   0.550988E-001   0.780028E-001  -0.108758E-002   0.105513E-002
  5.641313  -0.131522E-001   0.407604E-001  -0.225277E-002   0.155446E-002
  5.811150  -0.100239E+000  -0.324314E-001  -0.212356E-002   0.112221E-002
  5.972579  -0.175563E+000  -0.103856E+000  -0.982288E-003  -0.164674E-005
  6.129047  -0.217314E+000  -0.148219E+000   0.560077E-003  -0.137645E-002
  6.283185  -0.215560E+000  -0.155638E+000   0.189198E-002  -0.255975E-002
  6.437298  -0.172148E+000  -0.129456E+000   0.258581E-002  -0.322372E-002
  6.593686  -0.989647E-001  -0.821325E-001   0.247973E-002  -0.321301E-002
  6.754970  -0.152373E-001  -0.305630E-001   0.169005E-002  -0.256435E-002
  6.924572   0.561084E-001   0.874748E-002   0.569039E-003  -0.149616E-002
  7.107454   0.932725E-001   0.245105E-001  -0.390201E-003  -0.368740E-003
  7.311367   0.822977E-001   0.153873E-001  -0.713928E-003   0.393304E-003
  7.548273   0.278639E-001  -0.563584E-002  -0.218291E-003   0.451551E-003
  7.827740  -0.293744E-001  -0.119859E-001   0.540741E-003  -0.993779E-004
  8.119479  -0.306585E-001   0.577465E-002   0.447021E-003  -0.422980E-003
  8.373381   0.621706E-002   0.176497E-001  -0.250858E-003  -0.132547E-003
  8.588328   0.342518E-001   0.108281E-001  -0.658964E-003   0.333402E-003
  8.777577   0.391462E-001  -0.694350E-002  -0.523574E-003   0.655263E-003
  8.950635   0.253032E-001  -0.257885E-001   0.132328E-004   0.751211E-003
  9.113579   0.226642E-002  -0.392112E-001   0.702892E-003   0.660382E-003
  9.270569  -0.210172E-001  -0.444658E-001   0.132206E-002   0.463046E-003
  9.424777  -0.382457E-001  -0.416436E-001   0.172093E-002   0.238960E-003
  9.578954  -0.461564E-001  -0.325890E-001   0.183137E-002   0.486229E-004
  9.735849  -0.441938E-001  -0.199745E-001   0.165683E-002  -0.726399E-004
  9.898619  -0.338998E-001  -0.661021E-002   0.125506E-002  -0.113820E-003
 10.071398  -0.182381E-001   0.503336E-002   0.719188E-003  -0.840732E-004
 10.260215  -0.950341E-003   0.131237E-001   0.159766E-003  -0.721475E-005
 10.474501   0.139911E-001   0.166323E-001  -0.310347E-003   0.838990E-004
 10.727425   0.228655E-001   0.154957E-001  -0.589237E-003   0.152529E-003
 11.018619   0.235892E-001   0.112357E-001  -0.624610E-003   0.169339E-003
 11.299040   0.191880E-001   0.702250E-002  -0.509326E-003   0.144335E-003
 11.536787   0.143128E-001   0.426323E-002  -0.378526E-003   0.110792E-003
 11.741256   0.103835E-001   0.259310E-002  -0.273198E-003   0.819209E-004
 11.924499   0.743205E-002   0.157728E-002  -0.194464E-003   0.594422E-004
 12.094335   0.526216E-002   0.952877E-003  -0.136911E-003   0.425241E-004
 12.255764   0.368261E-002   0.567409E-003  -0.952702E-004   0.300006E-004
 12.412232   0.254138E-002   0.330149E-003  -0.653695E-004   0.208372E-004
 12.566371   0.172343E-002   0.185650E-003  -0.440721E-004   0.142042E-004
 12.720483   0.114299E-002   0.993270E-004  -0.290547E-004   0.945994E-005
 12.876871   0.736613E-003   0.493308E-004  -0.186091E-004   0.611719E-005
 13.038155   0.457304E-003   0.217284E-004  -0.114779E-004   0.380775E-005
 13.207758   0.270068E-003   0.759611E-005  -0.673149E-005   0.225318E-005
 13.390639   0.148795E-003   0.123995E-005  -0.368061E-005   0.124301E-005
 13.594553   0.740376E-004  -0.925984E-006  -0.181573E-005   0.618842E-006
 13.831458   0.314846E-004  -0.111122E-005  -0.764366E-006   0.263058E-006
 14.110925   0.107424E-004  -0.650766E-006  -0.257645E-006   0.895983E-007
 14.402665   0.318853E-005  -0.273025E-006  -0.754792E-007   0.265112E-007
 14.656566   0.101073E-005  -0.107770E-006  -0.236449E-007   0.837218E-008
 14.871513   0.355777E-006  -0.440709E-007  -0.823735E-008   0.293548E-008
 15.060762   0.134532E-006  -0.186486E-007  -0.308596E-008   0.110563E-008
 15.233820   0.530785E-007  -0.805190E-008  -0.120706E-008   0.434474E-009
 15.396765   0.214062E-007  -0.350260E-008  -0.482816E-009   0.174510E-009
 15.553755   0.868803E-008  -0.151813E-008  -0.194405E-009   0.705335E-010
 15.707962   0.350133E-008  -0.648725E-009  -0.777361E-010   0.283039E-010
 15.862139   0.138287E-008  -0.270272E-009  -0.304635E-010   0.111291E-010
 16.019034   0.527638E-009  -0.108374E-009  -0.115319E-010   0.422652E-011
 16.181805   0.191133E-009  -0.411499E-010  -0.414348E-011   0.152342E-011
 16.354583   0.642160E-010  -0.144695E-010  -0.138028E-011   0.509084E-012
 16.543401   0.193342E-010  -0.455730E-011  -0.411788E-012   0.152366E-012
 16.757687   0.494209E-011  -0.121958E-011  -0.104199E-012   0.386841E-013
 17.010610   0.994484E-012  -0.257451E-012  -0.207269E-013   0.772271E-014
 17.301804   0.158606E-012  -0.430924E-013  -0.326366E-014   0.122056E-014
 17.582225   0.269410E-013  -0.762813E-014  -0.547789E-015   0.205536E-015
 17.819973   0.587694E-014  -0.171801E-014  -0.118311E-015   0.445062E-016
 18.024441   0.155479E-014  -0.466311E-015  -0.310356E-016   0.116995E-016
 18.207684   0.464357E-015  -0.142320E-015  -0.919937E-017   0.347412E-017
 18.377520   0.149484E-015  -0.466978E-016  -0.294091E-017   0.111240E-017
 18.538949   0.503261E-016  -0.159958E-016  -0.983625E-018   0.372602E-018
 18.695417   0.173346E-016  -0.559875E-017  -0.336670E-018   0.127706E-018
 18.849556   0.599891E-017  -0.196714E-017  -0.115791E-018   0.439791E-019
 19.003669   0.205029E-017  -0.682205E-018  -0.393312E-019   0.149575E-019
 19.160057   0.679774E-018  -0.229437E-018  -0.129591E-019   0.493440E-020
 19.321340   0.214147E-018  -0.733131E-019  -0.405630E-020   0.154643E-020
 19.490943   0.623941E-019  -0.216706E-019  -0.117389E-020   0.448104E-021
 19.673824   0.161678E-019  -0.569999E-020  -0.301982E-021   0.115427E-021
 19.877738   0.349973E-020  -0.125373E-020  -0.648416E-022   0.248199E-022
 20.114643   0.571157E-021  -0.208276E-021  -0.104835E-022   0.401925E-023
 20.394111   0.632501E-022  -0.235309E-022  -0.114814E-023   0.440982E-024
 20.685850   0.573874E-023  -0.217838E-023  -0.102953E-024   0.396154E-025
 20.939752   0.634957E-024  -0.245178E-024  -0.112721E-025   0.434421E-026
 21.154698   0.901303E-025  -0.352987E-025  -0.158554E-026   0.611863E-027
 21.343947   0.151604E-025  -0.601033E-026  -0.264535E-027   0.102200E-027
 21.517005   0.283628E-026  -0.113675E-026  -0.491198E-028   0.189962E-028
 21.679950   0.565502E-027  -0.228922E-027  -0.972425E-029   0.376421E-029
 21.836940   0.116491E-027  -0.475997E-028  -0.198948E-029   0.770794E-030
 21.991147   0.241709E-028  -0.996494E-029  -0.410041E-030   0.158998E-030
 22.145325   0.493440E-029  -0.205192E-029  -0.831515E-031   0.322693E-031
 22.302219   0.967128E-030  -0.405594E-030  -0.161880E-031   0.628729E-032
 22.464990   0.176870E-030  -0.748062E-031  -0.294009E-032   0.114283E-032
 22.637769   0.290815E-031  -0.124063E-031  -0.479939E-033   0.186708E-033
 22.826586   0.407476E-032  -0.175393E-032  -0.667287E-034   0.259814E-034
 23.040872   0.447791E-033  -0.194600E-033  -0.727081E-035   0.283356E-035
 23.293795   0.344618E-034  -0.151347E-034  -0.554159E-036   0.216185E-036
 23.584990   0.189793E-035  -0.842901E-036  -0.301943E-037   0.117920E-037
 23.865410   0.119461E-036  -0.535903E-037  -0.188165E-038   0.735576E-039
 24.103158   0.113816E-037  -0.514725E-038  -0.177790E-039   0.695564E-040
 24.307626   0.148556E-038  -0.676356E-039  -0.230422E-040   0.902070E-041
 24.490869   0.236468E-039  -0.108289E-039  -0.364482E-041   0.142771E-041
 24.660706   0.426296E-040  -0.196246E-040  -0.653285E-042   0.256030E-042
 24.822135   0.829809E-041  -0.383862E-041  -0.126474E-042   0.495904E-043
 24.978603   0.168540E-041  -0.783235E-042  -0.255534E-043   0.100240E-043
 25.132741   0.347382E-042  -0.162148E-042  -0.523987E-044   0.205637E-044
 25.286854   0.708080E-043  -0.331942E-043  -0.106261E-044   0.417197E-045
 25.443242   0.139013E-043  -0.654488E-044  -0.207539E-045   0.815177E-046
 25.604526   0.255073E-044  -0.120613E-044  -0.378785E-046   0.148844E-046
 25.774128   0.420847E-045  -0.199894E-045  -0.621474E-047   0.244318E-047
 25.957010   0.590607E-046  -0.281857E-046  -0.866929E-048   0.340974E-048
 26.160923   0.645393E-047  -0.309592E-047  -0.941029E-049   0.370309E-049
 26.397829   0.475722E-048  -0.229536E-048  -0.688279E-050   0.271006E-050
 26.677296   0.204865E-049  -0.995136E-050  -0.293692E-051   0.115718E-051
 26.969035   0.679534E-051  -0.332376E-051  -0.964735E-053   0.380380E-053
 27.222937   0.304863E-052  -0.150013E-052  -0.429068E-054   0.169277E-054
 27.437884   0.197336E-053  -0.975961E-054  -0.275649E-055   0.108806E-055
 27.627133   0.163995E-054  -0.814674E-055  -0.227539E-056   0.898556E-057
 27.800191   0.159663E-055  -0.796345E-056  -0.220155E-057   0.869749E-058
 27.963135   0.171295E-056  -0.857552E-057  -0.234808E-058   0.927992E-059
 28.120125   0.193786E-057  -0.973577E-058  -0.264135E-059   0.104427E-059
 28.274333   0.223083E-058  -0.112459E-058  -0.302383E-060   0.119590E-060
