r	R 13/13	R 14/13	R 15/13	R 16/13	I 13/13	I 14/13	I 15/13	I 16/13
 0.000000E+00	 0.00000000E+00	 0.00000000E+00	 0.00000000E+00	 0.00000000E+00	 0.00000000E+00	 0.00000000E+00	 0.00000000E+00	 0.00000000E+00
 5.000000E-03	-1.69273642E-27	-1.71593061E-28	 3.60841819E-27	-7.48761409E-28	 3.01260406E-24	-9.24892532E-25	-2.31337814E-24	-6.45603778E-25
 1.000000E-02	-1.39438893E-25	 2.10073564E-26	 9.41061399E-26	-2.16168478E-26	 8.84429782E-23	 1.19475581E-23	 7.27802220E-23	-4.32300353E-23
 1.500000E-02	-2.79252418E-24	 5.62115294E-25	 9.62346520E-25	-1.66215912E-25	-6.88406697E-22	 9.33861859E-22	 2.70989356E-21	-6.56872203E-22
 2.000000E-02	-2.91805282E-23	 5.58067659E-24	 4.49609543E-24	-2.95471046E-25	-3.96400034E-20	 1.51365547E-20	 3.55047866E-20	-4.77269280E-21
 2.500000E-02	-1.92666641E-22	 2.96599754E-23	 5.00739478E-24	 2.44038545E-24	-5.59197848E-19	 1.32288918E-19	 2.78411468E-19	-1.92244696E-20
 3.000000E-02	-9.15018175E-22	 9.85742825E-23	-4.76628558E-23	 1.29828811E-23	-4.69786809E-18	 7.72201912E-19	 1.55795409E-18	-3.22175212E-20
 3.500000E-02	-3.64172091E-21	 1.94211271E-22	-1.79241766E-22	 4.97709041E-23	-2.84636908E-17	 3.32052260E-18	 6.82645537E-18	 1.27376725E-19
 4.000000E-02	-1.35921213E-20	 2.85077637E-23	-4.34975950E-23	 2.26930494E-22	-1.36304684E-16	 1.10234378E-17	 2.47992048E-17	 1.30172291E-18
 4.500000E-02	-4.75659770E-20	-1.81275221E-21	 1.08693724E-21	 9.02227831E-22	-5.45128141E-16	 2.83765910E-17	 7.75808382E-17	 6.41823563E-18
 5.000000E-02	-1.52147550E-19	-1.13926461E-20	 4.69982354E-21	 3.22940260E-21	-1.88924988E-15	 5.24194966E-17	 2.14546563E-16	 2.37250220E-17
 5.500000E-02	-4.46791791E-19	-5.00470454E-20	 1.62183807E-20	 1.08800756E-20	-5.82516978E-15	 3.82100865E-17	 5.34245385E-16	 7.31408172E-17
 6.000000E-02	-1.23286841E-18	-1.86730057E-19	 6.24342819E-20	 3.92467287E-20	-1.62944314E-14	-2.01453586E-16	 1.21338503E-15	 1.97069576E-16
 6.500000E-02	-3.26718281E-18	-6.16810403E-19	 2.28082826E-19	 1.36197705E-19	-4.19732604E-14	-1.24188333E-15	 2.53502605E-15	 4.76151714E-16
 7.000000E-02	-8.27773713E-18	-1.78740767E-18	 6.11989679E-19	 3.82405182E-19	-1.00738366E-13	-4.58410394E-15	 4.89399550E-15	 1.04757906E-15
 7.500000E-02	-1.96630547E-17	-4.61500065E-18	 1.14630994E-18	 8.51456431E-19	-2.27387657E-13	-1.37349845E-14	 8.73191823E-15	 2.11724790E-15
 8.000000E-02	-4.33544308E-17	-1.08556849E-17	 1.30872695E-18	 1.50420989E-18	-4.86388936E-13	-3.62354977E-14	 1.43119569E-14	 3.94473870E-15
 8.500000E-02	-8.87694860E-17	-2.36124592E-17	-3.97481030E-19	 1.96884689E-18	-9.92100752E-13	-8.72619095E-14	 2.11779624E-14	 6.75914408E-15
 9.000000E-02	-1.69833105E-16	-4.82193061E-17	-6.97004913E-18	 1.30463198E-18	-1.93972109E-12	-1.95725584E-13	 2.70461411E-14	 1.05308300E-14
 9.500000E-02	-3.06491215E-16	-9.35862637E-17	-2.34737266E-17	-2.27321111E-18	-3.65117118E-12	-4.14190038E-13	 2.57425129E-14	 1.44752223E-14
 1.000000E-01	-5.27679543E-16	-1.74907697E-16	-5.71104463E-17	-1.11602685E-17	-6.64119023E-12	-8.34429923E-13	 3.61452460E-15	 1.60966119E-14
 1.050000E-01	-8.77158694E-16	-3.17148758E-16	-1.17863257E-16	-2.88469863E-17	-1.17100866E-11	-1.61107933E-12	-6.63956190E-14	 9.48846245E-15
 1.100000E-01	-1.41634254E-15	-5.53726976E-16	-2.25704434E-16	-6.55399769E-17	-2.00708063E-11	-2.99660196E-12	-2.34144831E-13	-1.75106531E-14
 1.150000E-01	-2.21636911E-15	-9.23977302E-16	-4.18958977E-16	-1.44043554E-16	-3.35191601E-11	-5.39179587E-12	-5.86712851E-13	-8.78620726E-14
 1.200000E-01	-3.35240441E-15	-1.47910053E-15	-7.51248152E-16	-2.97930961E-16	-5.46570960E-11	-9.41700950E-12	-1.26989270E-12	-2.42325770E-13
 1.250000E-01	-4.91067072E-15	-2.28901713E-15	-1.28664633E-15	-5.70322333E-16	-8.71801474E-11	-1.60104301E-11	-2.51935637E-12	-5.49884717E-13
 1.300000E-01	-6.99828546E-15	-3.44795065E-15	-2.10096053E-15	-1.01562781E-15	-1.36241086E-10	-2.65613274E-11	-4.70493066E-12	-1.12285071E-12
 1.350000E-01	-9.75639632E-15	-5.07820870E-15	-3.28472956E-15	-1.70545275E-15	-2.08901641E-10	-4.30874352E-11	-8.39225685E-12	-2.13824145E-12
 1.400000E-01	-1.33596581E-14	-7.30389556E-15	-4.95941165E-15	-2.75569795E-15	-3.14684743E-10	-6.84674834E-11	-1.44272505E-11	-3.86746234E-12
 1.450000E-01	-1.79819317E-14	-1.02129098E-14	-7.28839447E-15	-4.34902459E-15	-4.66238975E-10	-1.06741683E-10	-2.40501457E-11	-6.71690027E-12
 1.500000E-01	-2.37617811E-14	-1.38267719E-14	-1.04608794E-14	-6.73827033E-15	-6.80117731E-10	-1.63490866E-10	-3.90470519E-11	-1.12826893E-11
 1.550000E-01	-3.07842767E-14	-1.80952035E-14	-1.46593944E-14	-1.02162406E-14	-9.77661514E-10	-2.46299247E-10	-6.19469148E-11	-1.84233390E-11
 1.600000E-01	-3.91946224E-14	-2.31175458E-14	-1.99655876E-14	-1.49308122E-14	-1.38602645E-09	-3.65324692E-10	-9.62698507E-11	-2.93537758E-11
 1.650000E-01	-4.95240131E-14	-2.93379459E-14	-2.62968666E-14	-2.08113185E-14	-1.93932869E-09	-5.33981226E-10	-1.46841237E-10	-4.57663248E-11
 1.700000E-01	-6.26652464E-14	-3.69420406E-14	-3.35961110E-14	-2.80645841E-14	-2.67989320E-09	-7.69739999E-10	-2.20180392E-10	-6.99842440E-11
 1.750000E-01	-7.92298811E-14	-4.52423106E-14	-4.19852336E-14	-3.74327595E-14	-3.65958683E-09	-1.09505592E-09	-3.24975752E-10	-1.05154862E-10
 1.800000E-01	-9.95215007E-14	-5.35989754E-14	-5.14314626E-14	-4.92967574E-14	-4.94122870E-09	-1.53841987E-09	-4.72652345E-10	-1.55489364E-10
 1.850000E-01	-1.24573213E-13	-6.25376852E-14	-6.14098267E-14	-6.29991615E-14	-6.60031268E-09	-2.13562509E-09	-6.78033982E-10	-2.26554035E-10
 1.900000E-01	-1.56607139E-13	-7.32054459E-14	-7.11768409E-14	-7.75227470E-14	-8.72669581E-09	-2.93117191E-09	-9.60149151E-10	-3.25628121E-10
 1.950000E-01	-1.98531653E-13	-8.65554672E-14	-8.01540318E-14	-9.21180353E-14	-1.14261240E-08	-3.97974639E-09	-1.34316612E-09	-4.62136562E-10
 2.000000E-01	-2.53689063E-13	-1.03318104E-13	-8.78948340E-14	-1.06169308E-13	-1.48219016E-08	-5.34785808E-09	-1.85742956E-09	-6.48157244E-10
 2.050000E-01	-3.25842527E-13	-1.24153413E-13	-9.39768552E-14	-1.18964829E-13	-1.90565569E-08	-7.11559173E-09	-2.54061913E-09	-8.99009546E-10
 2.100000E-01	-4.19145499E-13	-1.50042828E-13	-9.80769727E-14	-1.29483228E-13	-2.42933360E-08	-9.37836777E-09	-3.43900725E-09	-1.23391984E-09
 2.150000E-01	-5.38234022E-13	-1.82746926E-13	-1.00155405E-13	-1.36297724E-13	-3.07173813E-08	-1.22486054E-08	-4.60876485E-09	-1.67674038E-09
 2.200000E-01	-6.88337486E-13	-2.25512312E-13	-1.00862464E-13	-1.37536550E-13	-3.85372988E-08	-1.58576108E-08	-6.11732375E-09	-2.25672701E-09
 2.250000E-01	-8.75535996E-13	-2.83624284E-13	-1.01991021E-13	-1.31160432E-13	-4.79864889E-08	-2.03574166E-08	-8.04481071E-09	-3.00937013E-09
 2.300000E-01	-1.10668255E-12	-3.63331036E-13	-1.06542093E-13	-1.16043609E-13	-5.93243208E-08	-2.59225423E-08	-1.04854948E-08	-3.97726194E-09
 2.350000E-01	-1.38876398E-12	-4.70606274E-13	-1.18607736E-13	-9.27162394E-14	-7.28375542E-08	-3.27518950E-08	-1.35492737E-08	-5.21099279E-09
 2.400000E-01	-1.72861904E-12	-6.11827372E-13	-1.43515389E-13	-6.30175616E-14	-8.88418488E-08	-4.10707277E-08	-1.73632013E-08	-6.77007599E-09
 2.450000E-01	-2.13318405E-12	-7.94292965E-13	-1.87766153E-13	-3.01396940E-14	-1.07682603E-07	-5.11321496E-08	-2.20729120E-08	-8.72386407E-09
 2.500000E-01	-2.60957038E-12	-1.02358932E-12	-2.57632845E-13	 1.34615583E-16	-1.29736142E-07	-6.32186361E-08	-2.78439170E-08	-1.11524147E-08
 2.550000E-01	-3.16413077E-12	-1.30314002E-12	-3.59307475E-13	 1.96862198E-14	-1.55410915E-07	-7.76434040E-08	-3.48627888E-08	-1.41473006E-08
 2.600000E-01	-3.80152101E-12	-1.65059580E-12	-5.08417712E-13	 2.25349220E-14	-1.85148440E-07	-9.47514356E-08	-4.33381284E-08	-1.78123302E-08
 2.650000E-01	-4.52932188E-12	-2.10962052E-12	-7.35737211E-13	 4.33597648E-15	-2.19425259E-07	-1.14920703E-07	-5.35013089E-08	-2.22640994E-08
 2.700000E-01	-5.36375257E-12	-2.70392223E-12	-1.05952566E-12	-5.09340311E-14	-2.58754989E-07	-1.38563253E-07	-6.56070739E-08	-2.76324198E-08
 2.750000E-01	-6.31963113E-12	-3.39308546E-12	-1.46108162E-12	-1.71722941E-13	-3.03690495E-07	-1.66126116E-07	-7.99340595E-08	-3.40607348E-08
 2.800000E-01	-7.39615229E-12	-4.14447517E-12	-1.92915742E-12	-3.72996093E-13	-3.54827197E-07	-1.98092418E-07	-9.67851025E-08	-4.17063728E-08
 2.850000E-01	-8.58853386E-12	-5.01318964E-12	-2.50561089E-12	-6.48357785E-13	-4.12806238E-07	-2.34982172E-07	-1.16487107E-07	-5.07404113E-08
 2.900000E-01	-9.90990077E-12	-6.06007632E-12	-3.22978517E-12	-9.97279148E-13	-4.78318842E-07	-2.77353826E-07	-1.39391044E-07	-6.13474280E-08
 2.950000E-01	-1.13836009E-11	-7.25035944E-12	-4.07562837E-12	-1.43332320E-12	-5.52110299E-07	-3.25806357E-07	-1.65872523E-07	-7.37255043E-08
 3.000000E-01	-1.30188959E-11	-8.52797353E-12	-5.00661784E-12	-1.95983017E-12	-6.34984418E-07	-3.80981401E-07	-1.96332301E-07	-8.80863021E-08
 3.050000E-01	-1.48123459E-11	-9.91680454E-12	-6.04322518E-12	-2.56357559E-12	-7.27810319E-07	-4.43564757E-07	-2.31195133E-07	-1.04654040E-07
 3.100000E-01	-1.67695392E-11	-1.14665920E-11	-7.21712504E-12	-3.23305296E-12	-8.31528900E-07	-5.14287974E-07	-2.70908370E-07	-1.23663907E-07
 3.150000E-01	-1.89100896E-11	-1.31720376E-11	-8.51055843E-12	-3.96385888E-12	-9.47158308E-07	-5.93931069E-07	-3.15941829E-07	-1.45361042E-07
 3.200000E-01	-2.12521782E-11	-1.50128536E-11	-9.89246947E-12	-4.75143447E-12	-1.07580135E-06	-6.83325687E-07	-3.66787082E-07	-1.69998854E-07
 3.250000E-01	-2.38065514E-11	-1.70156487E-11	-1.13701142E-11	-5.59415862E-12	-1.21865466E-06	-7.83359489E-07	-4.23957711E-07	-1.97837611E-07
 3.300000E-01	-2.65873245E-11	-1.92302305E-11	-1.29698003E-11	-6.50243803E-12	-1.37701932E-06	-8.94982733E-07	-4.87991741E-07	-2.29143749E-07
 3.350000E-01	-2.96165791E-11	-2.16889087E-11	-1.47084312E-11	-7.50063402E-12	-1.55230835E-06	-1.01921416E-06	-5.59455655E-07	-2.64189790E-07
 3.400000E-01	-3.29134948E-11	-2.44204640E-11	-1.66157204E-11	-8.62544315E-12	-1.74604864E-06	-1.15714295E-06	-6.38948575E-07	-3.03254868E-07
 3.450000E-01	-3.64881919E-11	-2.74704412E-11	-1.87546649E-11	-9.92372803E-12	-1.95988500E-06	-1.30992814E-06	-7.27104769E-07	-3.46624717E-07
 3.500000E-01	-4.03575318E-11	-3.08554917E-11	-2.11706109E-11	-1.14384960E-11	-2.19558597E-06	-1.47880087E-06	-8.24598026E-07	-3.94593171E-07
 3.550000E-01	-4.45444501E-11	-3.45283335E-11	-2.38595073E-11	-1.31935441E-11	-2.45504917E-06	-1.66507106E-06	-9.32147952E-07	-4.47465667E-07
 3.600000E-01	-4.90214098E-11	-3.85083652E-11	-2.69067104E-11	-1.52177469E-11	-2.74031170E-06	-1.87013668E-06	-1.05052365E-06	-5.05563959E-07
 3.650000E-01	-5.36922615E-11	-4.30052001E-11	-3.05868306E-11	-1.75807259E-11	-3.05356541E-06	-2.09549071E-06	-1.18053899E-06	-5.69228287E-07
 3.700000E-01	-5.84979130E-11	-4.82053007E-11	-3.51061806E-11	-2.03497775E-11	-3.39717645E-06	-2.34273050E-06	-1.32304387E-06	-6.38816961E-07
 3.750000E-01	-6.34914728E-11	-5.40148617E-11	-4.03379084E-11	-2.35180835E-11	-3.77370325E-06	-2.61357183E-06	-1.47892168E-06	-7.14707528E-07
 3.800000E-01	-6.87828832E-11	-6.01848162E-11	-4.59702261E-11	-2.70214019E-11	-4.18590721E-06	-2.90986229E-06	-1.64909502E-06	-7.97297339E-07
 3.850000E-01	-7.44646051E-11	-6.65400505E-11	-5.17720815E-11	-3.08039874E-11	-4.63675312E-06	-3.23358977E-06	-1.83453947E-06	-8.87000926E-07
 3.900000E-01	-8.05228695E-11	-7.31386100E-11	-5.78145606E-11	-3.48922158E-11	-5.12941100E-06	-3.58689229E-06	-2.03630362E-06	-9.84247661E-07
 3.950000E-01	-8.68112554E-11	-8.03333242E-11	-6.45354433E-11	-3.94281956E-11	-5.66726930E-06	-3.97206614E-06	-2.25551756E-06	-1.08947912E-06
 4.000000E-01	-9.32604060E-11	-8.83478086E-11	-7.21918991E-11	-4.45179497E-11	-6.25394965E-06	-4.39158234E-06	-2.49338769E-06	-1.20314489E-06
 4.050000E-01	-1.00022392E-10	-9.68332693E-11	-8.03684699E-11	-5.00587431E-11	-6.89331673E-06	-4.84809559E-06	-2.75119143E-06	-1.32569841E-06
 4.100000E-01	-1.07280025E-10	-1.05251300E-10	-8.84554145E-11	-5.58387842E-11	-7.58953216E-06	-5.34443597E-06	-3.03025078E-06	-1.45758278E-06
 4.150000E-01	-1.15054189E-10	-1.13450264E-10	-9.63039988E-11	-6.17512366E-11	-8.34708387E-06	-5.88360403E-06	-3.33191458E-06	-1.59921727E-06
 4.200000E-01	-1.23127981E-10	-1.21871594E-10	-1.04477982E-10	-6.79374865E-11	-9.17079755E-06	-6.46878717E-06	-3.65756608E-06	-1.75099935E-06
 4.250000E-01	-1.31095613E-10	-1.31459117E-10	-1.14124208E-10	-7.47956939E-11	-1.00658561E-05	-7.10339637E-06	-4.00863891E-06	-1.91330431E-06
 4.300000E-01	-1.38861599E-10	-1.42589435E-10	-1.25631044E-10	-8.25489071E-11	-1.10378479E-05	-7.79110988E-06	-4.38663043E-06	-2.08648184E-06
 4.350000E-01	-1.46922358E-10	-1.54171420E-10	-1.37642239E-10	-9.08442882E-11	-1.20927743E-05	-8.53588431E-06	-4.79310978E-06	-2.27085941E-06
 4.400000E-01	-1.55556384E-10	-1.65257578E-10	-1.49133954E-10	-9.93304825E-11	-1.32370752E-05	-9.34196932E-06	-5.22971781E-06	-2.46673860E-06
 4.450000E-01	-1.64241893E-10	-1.76764560E-10	-1.61350949E-10	-1.08336970E-10	-1.44776838E-05	-1.02139329E-05	-5.69815788E-06	-2.67437928E-06
 4.500000E-01	-1.72581678E-10	-1.89710678E-10	-1.75478819E-10	-1.18255552E-10	-1.58220669E-05	-1.11566782E-05	-6.20018480E-06	-2.89398301E-06
 4.550000E-01	-1.81039083E-10	-2.03119314E-10	-1.90248742E-10	-1.28742411E-10	-1.72782800E-05	-1.21754597E-05	-6.73758968E-06	-3.12567257E-06
 4.600000E-01	-1.90017974E-10	-2.15740967E-10	-2.04244530E-10	-1.39319393E-10	-1.88550644E-05	-1.32759067E-05	-7.31217270E-06	-3.36946214E-06
 4.650000E-01	-1.99089765E-10	-2.28221042E-10	-2.18400315E-10	-1.50184288E-10	-2.05619034E-05	-1.44640125E-05	-7.92570038E-06	-3.62522163E-06
 4.700000E-01	-2.07843897E-10	-2.41528568E-10	-2.33875056E-10	-1.61680884E-10	-2.24091366E-05	-1.57461566E-05	-8.57986434E-06	-3.89263444E-06
 4.750000E-01	-2.16590455E-10	-2.54973433E-10	-2.49777543E-10	-1.73599959E-10	-2.44080695E-05	-1.71291470E-05	-9.27626643E-06	-4.17117431E-06
 4.800000E-01	-2.25432158E-10	-2.67972137E-10	-2.65541758E-10	-1.85799190E-10	-2.65710164E-05	-1.86202608E-05	-1.00164315E-05	-4.46010413E-06
 4.850000E-01	-2.33589055E-10	-2.82031211E-10	-2.83161863E-10	-1.98873841E-10	-2.89113410E-05	-2.02272940E-05	-1.08018153E-05	-4.75846645E-06
 4.900000E-01	-2.40782912E-10	-2.97971641E-10	-3.03519209E-10	-2.13143967E-10	-3.14434680E-05	-2.19586255E-05	-1.16338253E-05	-5.06508140E-06
 4.950000E-01	-2.48175481E-10	-3.13089382E-10	-3.23211102E-10	-2.27695980E-10	-3.41828051E-05	-2.38232634E-05	-1.25138627E-05	-5.37856536E-06
 5.000000E-01	-2.56237720E-10	-3.25547787E-10	-3.40321167E-10	-2.41967946E-10	-3.71456678E-05	-2.58309405E-05	-1.34433892E-05	-5.69735545E-06
 5.050000E-01	-2.63191502E-10	-3.39092442E-10	-3.59722336E-10	-2.57329059E-10	-4.03492095E-05	-2.79922775E-05	-1.44240245E-05	-6.01973217E-06
 5.100000E-01	-2.67587673E-10	-3.57756678E-10	-3.86068544E-10	-2.75273007E-10	-4.38114390E-05	-3.03190144E-05	-1.54576475E-05	-6.34382612E-06
 5.150000E-01	-2.70404452E-10	-3.79535314E-10	-4.16605840E-10	-2.95408428E-10	-4.75510562E-05	-3.28241132E-05	-1.65464553E-05	-6.66761869E-06
 5.200000E-01	-2.72771524E-10	-4.00931813E-10	-4.47301784E-10	-3.16903256E-10	-5.15873750E-05	-3.55218864E-05	-1.76929738E-05	-6.98888846E-06
 5.250000E-01	-2.73872795E-10	-4.23221867E-10	-4.80027504E-10	-3.40310435E-10	-5.59403689E-05	-3.84281831E-05	-1.89000522E-05	-7.30513688E-06
 5.300000E-01	-2.72250692E-10	-4.50053437E-10	-5.19144858E-10	-3.66799528E-10	-6.06306870E-05	-4.15604757E-05	-2.01707985E-05	-7.61349222E-06
 5.350000E-01	-2.67388503E-10	-4.82851735E-10	-5.66102704E-10	-3.96857012E-10	-6.56799896E-05	-4.49380879E-05	-2.15084683E-05	-7.91054316E-06
 5.400000E-01	-2.60214109E-10	-5.18893055E-10	-6.17436790E-10	-4.29863766E-10	-7.11109134E-05	-4.85823993E-05	-2.29165254E-05	-8.19231237E-06
 5.450000E-01	-2.52690115E-10	-5.51702205E-10	-6.65705690E-10	-4.64402190E-10	-7.69470328E-05	-5.25171566E-05	-2.43988144E-05	-8.45430229E-06
 5.500000E-01	-2.44754755E-10	-5.79221201E-10	-7.09297469E-10	-5.00145812E-10	-8.32134214E-05	-5.67690599E-05	-2.59596249E-05	-8.69137640E-06
 5.550000E-01	-2.32841297E-10	-6.10445185E-10	-7.58994247E-10	-5.38881599E-10	-8.99365271E-05	-6.13676868E-05	-2.76035180E-05	-8.89763019E-06
 5.600000E-01	-2.15398955E-10	-6.51135753E-10	-8.20482942E-10	-5.81544651E-10	-9.71444619E-05	-6.63453575E-05	-2.93348316E-05	-9.06604304E-06
 5.650000E-01	-1.96431959E-10	-6.89087633E-10	-8.79192977E-10	-6.26188974E-10	-1.04867623E-04	-7.17371104E-05	-3.11571040E-05	-9.18809328E-06
 5.700000E-01	-1.78533117E-10	-7.12056797E-10	-9.22441155E-10	-6.71318696E-10	-1.13138320E-04	-7.75805214E-05	-3.30728887E-05	-9.25372696E-06
 5.750000E-01	-1.57829554E-10	-7.28979123E-10	-9.61449721E-10	-7.18291954E-10	-1.21991358E-04	-8.39167664E-05	-3.50839565E-05	-9.25122886E-06
 5.800000E-01	-1.30597987E-10	-7.53333450E-10	-1.01046766E-09	-7.68605102E-10	-1.31463562E-04	-9.07914103E-05	-3.71917820E-05	-9.16737234E-06
 5.850000E-01	-9.86410432E-11	-7.80514181E-10	-1.06312316E-09	-8.21972449E-10	-1.41592653E-04	-9.82549550E-05	-3.93981268E-05	-8.98771214E-06
 5.900000E-01	-6.50187847E-11	-7.97789456E-10	-1.10544363E-09	-8.77880475E-10	-1.52416650E-04	-1.06363611E-04	-4.17053685E-05	-8.69661141E-06
 5.950000E-01	-2.99181588E-11	-8.01577709E-10	-1.13413686E-09	-9.36715710E-10	-1.63972938E-04	-1.15179806E-04	-4.41166656E-05	-8.27718218E-06
 6.000000E-01	 8.63282897E-12	-7.98176850E-10	-1.15616379E-09	-9.99477096E-10	-1.76297884E-04	-1.24773021E-04	-4.66359647E-05	-7.71100804E-06
 6.050000E-01	 5.31994475E-11	-7.98890975E-10	-1.18294494E-09	-1.06723607E-09	-1.89426025E-04	-1.35220553E-04	-4.92681322E-05	-6.97799366E-06
 6.100000E-01	 1.04944210E-10	-8.12308717E-10	-1.22190801E-09	-1.14062678E-09	-2.03389596E-04	-1.46608910E-04	-5.20193322E-05	-6.05614960E-06
 6.150000E-01	 1.62628351E-10	-8.37436007E-10	-1.27003166E-09	-1.22009429E-09	-2.18218130E-04	-1.59035253E-04	-5.48974568E-05	-4.92136398E-06
 6.200000E-01	 2.24405896E-10	-8.68613349E-10	-1.31998258E-09	-1.30634493E-09	-2.33937233E-04	-1.72608113E-04	-5.79124828E-05	-3.54741191E-06
 6.250000E-01	 2.89421814E-10	-9.03618410E-10	-1.36842432E-09	-1.40007920E-09	-2.50567488E-04	-1.87448558E-04	-6.10769009E-05	-1.90586855E-06
 6.300000E-01	 3.58192151E-10	-9.47013900E-10	-1.41903588E-09	-1.50140369E-09	-2.68123425E-04	-2.03692400E-04	-6.44068153E-05	 3.39676553E-08
 6.350000E-01	 4.32282477E-10	-1.01002239E-09	-1.48182665E-09	-1.60924506E-09	-2.86610342E-04	-2.21491632E-04	-6.79240832E-05	 2.30415284E-06
 6.400000E-01	 5.11870017E-10	-1.09962339E-09	-1.56146825E-09	-1.72222905E-09	-3.06020642E-04	-2.41015904E-04	-7.16589237E-05	 4.93673496E-06
 6.450000E-01	 5.94487526E-10	-1.20789526E-09	-1.64763814E-09	-1.84088069E-09	-3.26331713E-04	-2.62458500E-04	-7.56544075E-05	 7.96290612E-06
 6.500000E-01	 6.78350386E-10	-1.32439252E-09	-1.72918517E-09	-1.96667637E-09	-3.47498140E-04	-2.86040438E-04	-7.99736396E-05	 1.14096812E-05
 6.550000E-01	 7.64542315E-10	-1.45170428E-09	-1.80891088E-09	-2.09881811E-09	-3.69441625E-04	-3.12009275E-04	-8.47050903E-05	 1.52954755E-05
 6.600000E-01	 8.54032889E-10	-1.59419900E-09	-1.89061963E-09	-2.23578862E-09	-3.92048049E-04	-3.40647227E-04	-8.99687112E-05	 1.96287198E-05
 6.650000E-01	 9.45770696E-10	-1.74300284E-09	-1.96511530E-09	-2.37956034E-09	-4.15155163E-04	-3.72280654E-04	-9.59290268E-05	 2.44027762E-05
 6.700000E-01	 1.04035721E-09	-1.89100173E-09	-2.02737129E-09	-2.53314442E-09	-4.38539368E-04	-4.07275868E-04	-1.02800509E-04	 2.95896984E-05
 6.750000E-01	 1.14248963E-09	-2.05132448E-09	-2.09415455E-09	-2.69483654E-09	-4.61917304E-04	-4.46035761E-04	-1.10841641E-04	 3.51412269E-05
 6.800000E-01	 1.25626917E-09	-2.23684911E-09	-2.18072600E-09	-2.86153064E-09	-4.84928850E-04	-4.88996023E-04	-1.20363869E-04	 4.09794713E-05
 6.850000E-01	 1.38129136E-09	-2.43254744E-09	-2.27339179E-09	-3.03715329E-09	-5.07125743E-04	-5.36641844E-04	-1.31748229E-04	 4.69909513E-05
 6.900000E-01	 1.51499647E-09	-2.60593691E-09	-2.34152564E-09	-3.23177450E-09	-5.27957469E-04	-5.89504414E-04	-1.45451989E-04	 5.30168190E-05
 6.950000E-01	 1.65581086E-09	-2.73159863E-09	-2.36206030E-09	-3.45473477E-09	-5.46744352E-04	-6.48140725E-04	-1.62017722E-04	 5.88328261E-05
 7.000000E-01	 1.80895026E-09	-2.81583719E-09	-2.34857216E-09	-3.70949984E-09	-5.62660487E-04	-7.13148325E-04	-1.82092454E-04	 6.41381537E-05
 7.050000E-01	 1.99021370E-09	-2.90874664E-09	-2.36632138E-09	-3.99032471E-09	-5.74705350E-04	-7.85160197E-04	-2.06445848E-04	 6.85333591E-05
 7.100000E-01	 2.21117591E-09	-3.04604405E-09	-2.46044910E-09	-4.29127343E-09	-5.81679251E-04	-8.64817955E-04	-2.35974498E-04	 7.14957733E-05
 7.150000E-01	 2.46600386E-09	-3.18908620E-09	-2.58726962E-09	-4.62194489E-09	-5.82165672E-04	-9.52755523E-04	-2.71704973E-04	 7.23598265E-05
 7.200000E-01	 2.75356726E-09	-3.29512245E-09	-2.70986910E-09	-5.00198997E-09	-5.74497350E-04	-1.04958174E-03	-3.14810893E-04	 7.02851451E-05
 7.250000E-01	 3.09939482E-09	-3.40231375E-09	-2.90172041E-09	-5.44184404E-09	-5.56715596E-04	-1.15586155E-03	-3.66635018E-04	 6.42177184E-05
 7.300000E-01	 3.52377566E-09	-3.54669819E-09	-3.22093725E-09	-5.93863432E-09	-5.26524916E-04	-1.27208638E-03	-4.28710241E-04	 5.28435049E-05
 7.350000E-01	 4.00701345E-09	-3.65872683E-09	-3.56942390E-09	-6.48893569E-09	-4.81244894E-04	-1.39862826E-03	-5.02774598E-04	 3.45344897E-05
 7.400000E-01	 4.53254206E-09	-3.66106810E-09	-3.85414308E-09	-7.10576642E-09	-4.17762722E-04	-1.53568219E-03	-5.90778486E-04	 7.29152627E-06
 7.450000E-01	 5.13850058E-09	-3.59439857E-09	-4.17611847E-09	-7.81758032E-09	-3.32478192E-04	-1.68321847E-03	-6.94899885E-04	-3.13125252E-05
 7.500000E-01	 5.86882605E-09	-3.52356639E-09	-4.65825439E-09	-8.63491931E-09	-2.21253848E-04	-1.84088553E-03	-8.17535413E-04	-8.42024903E-05
 7.550000E-01	 6.70946104E-09	-3.40748647E-09	-5.22980540E-09	-9.53401936E-09	-7.93755846E-05	-2.00791312E-03	-9.61278278E-04	-1.54858043E-04
 7.600000E-01	 7.63641823E-09	-3.17196134E-09	-5.78211955E-09	-1.05037317E-08	 9.85426504E-05	-2.18303288E-03	-1.12895104E-03	-2.47401067E-04
 7.650000E-01	 8.68001603E-09	-2.81840463E-09	-6.36844117E-09	-1.15749972E-08	 3.18630980E-04	-2.36431995E-03	-1.32358705E-03	-3.66697110E-04
 7.700000E-01	 9.86261302E-09	-2.36465664E-09	-7.03408233E-09	-1.27411007E-08	 5.87771070E-04	-2.54904487E-03	-1.54834710E-03	-5.18375370E-04
 7.750000E-01	 1.11210565E-08	-1.75931959E-09	-7.61682743E-09	-1.38998042E-08	 9.13642104E-04	-2.73349344E-03	-1.80646501E-03	-7.08877762E-04
 7.800000E-01	 1.23985699E-08	-9.46251390E-10	-7.97851871E-09	-1.49882584E-08	 1.30477827E-03	-2.91281494E-03	-2.10121573E-03	-9.45484872E-04
 7.850000E-01	 1.37608555E-08	 4.86786392E-11	-8.26893541E-09	-1.60966122E-08	 1.77049121E-03	-3.08077498E-03	-2.43572682E-03	-1.23623968E-03
 7.900000E-01	 1.52926376E-08	 1.17438366E-09	-8.67236556E-09	-1.72987530E-08	 2.32098790E-03	-3.22952007E-03	-2.81297041E-03	-1.58999748E-03
 7.950000E-01	 1.69481105E-08	 2.43824276E-09	-9.08630026E-09	-1.84831192E-08	 2.96763993E-03	-3.34929152E-03	-3.23586334E-03	-2.01659031E-03
 8.000000E-01	 1.86151800E-08	 3.87382550E-09	-9.28854015E-09	-1.94779305E-08	 3.72269868E-03	-3.42798216E-03	-3.70679679E-03	-2.52655629E-03
 8.050000E-01	 2.02367212E-08	 5.48071597E-09	-9.19934730E-09	-2.02052095E-08	 4.59923889E-03	-3.45103295E-03	-4.22755741E-03	-3.13074075E-03
 8.100000E-01	 2.17873937E-08	 7.22585337E-09	-8.82636049E-09	-2.06255215E-08	 5.61099908E-03	-3.40120277E-03	-4.79917377E-03	-3.83986193E-03
 8.150000E-01	 2.32243058E-08	 9.06909031E-09	-8.15567097E-09	-2.06785004E-08	 6.77193462E-03	-3.25870156E-03	-5.42172776E-03	-4.66351982E-03
 8.200000E-01	 2.45709396E-08	 1.10052126E-08	-7.25370347E-09	-2.04327745E-08	 8.09620364E-03	-3.00118465E-03	-6.09453847E-03	-5.60956134E-03
 8.250000E-01	 2.59932382E-08	 1.30803888E-08	-6.35218383E-09	-2.01601017E-08	 9.59875416E-03	-2.60305310E-03	-6.81650957E-03	-6.68431965E-03
 8.300000E-01	 2.75583846E-08	 1.52645220E-08	-5.54344100E-09	-1.98868523E-08	 1.12952039E-02	-2.03497690E-03	-7.58584493E-03	-7.89188790E-03
 8.350000E-01	 2.89684913E-08	 1.73511326E-08	-4.48892664E-09	-1.90716566E-08	 1.32013970E-02	-1.26381178E-03	-8.39975636E-03	-9.23282105E-03
 8.400000E-01	 2.98911743E-08	 1.91679463E-08	-2.83767215E-09	-1.72884400E-08	 1.53331400E-02	-2.53500252E-04	-9.25514796E-03	-1.07023819E-02
 8.450000E-01	 3.04110139E-08	 2.07798935E-08	-7.27699730E-10	-1.48451900E-08	 1.77054615E-02	 1.03315516E-03	-1.01493065E-02	-1.22880040E-02
 8.500000E-01	 3.07598700E-08	 2.22619992E-08	 1.53101071E-09	-1.21664216E-08	 2.03338695E-02	 2.63396764E-03	-1.10818955E-02	-1.39692565E-02
 8.550000E-01	 3.08617977E-08	 2.34527490E-08	 3.93910817E-09	-9.14105262E-09	 2.32348322E-02	 4.58736073E-03	-1.20551097E-02	-1.57172654E-02
 8.600000E-01	 3.05295877E-08	 2.41894755E-08	 6.64743750E-09	-5.58568622E-09	 2.64260464E-02	 6.93246228E-03	-1.30727273E-02	-1.74933621E-02
 8.650000E-01	 2.98216594E-08	 2.45499451E-08	 9.63830484E-09	-1.73794488E-09	 2.99266148E-02	 9.71033145E-03	-1.41377821E-02	-1.92475321E-02
 8.700000E-01	 2.87929295E-08	 2.44924855E-08	 1.28121449E-08	 2.22798289E-09	 3.37560900E-02	 1.29628440E-02	-1.52500717E-02	-2.09143057E-02
 8.750000E-01	 2.71201552E-08	 2.35514629E-08	 1.62109457E-08	 6.61088269E-09	 3.79339614E-02	 1.67266440E-02	-1.64072089E-02	-2.24074752E-02
 8.800000E-01	 2.45170935E-08	 2.15418214E-08	 1.99937056E-08	 1.14376061E-08	 4.24809699E-02	 2.10270293E-02	-1.76072865E-02	-2.36179785E-02
 8.850000E-01	 2.13319230E-08	 1.91555081E-08	 2.42176256E-08	 1.58992648E-08	 4.74208698E-02	 2.58736279E-02	-1.88490956E-02	-2.44134550E-02
 8.900000E-01	 1.79658639E-08	 1.67886701E-08	 2.86792833E-08	 1.93782872E-08	 5.27798606E-02	 3.12564949E-02	-2.01266627E-02	-2.46362662E-02
 8.950000E-01	 1.39286062E-08	 1.34477696E-08	 3.30613475E-08	 2.22565822E-08	 5.85843357E-02	 3.71389452E-02	-2.14205516E-02	-2.40984608E-02
 9.000000E-01	 8.39737550E-09	 8.22011811E-09	 3.73147544E-08	 2.48061914E-08	 6.48552835E-02	 4.34490171E-02	-2.26841298E-02	-2.25763735E-02
 9.050000E-01	 1.36209358E-09	 1.88033106E-09	 4.16951576E-08	 2.62327610E-08	 7.16124270E-02	 5.00695425E-02	-2.38460242E-02	-1.98212482E-02
 9.100000E-01	-6.62807284E-09	-4.15000504E-09	 4.63115258E-08	 2.54953757E-08	 7.88623255E-02	 5.68152806E-02	-2.47850482E-02	-1.55689527E-02
 9.150000E-01	-1.54011982E-08	-9.32755118E-09	 5.09409159E-08	 2.22694690E-08	 8.66616125E-02	 6.34354788E-02	-2.54207559E-02	-9.61561519E-03
 9.200000E-01	-2.50690978E-08	-1.37917111E-08	 5.47555778E-08	 1.63241304E-08	 9.48954203E-02	 6.95797087E-02	-2.53368587E-02	-1.68623221E-03
 9.250000E-01	-3.59698863E-08	-1.78694667E-08	 5.68304563E-08	 7.49924992E-09	 1.03676168E-01	 7.48419989E-02	-2.44489453E-02	 8.22478214E-03
 9.300000E-01	-4.80826662E-08	-2.10668420E-08	 5.61372389E-08	-4.40412881E-09	 1.12602606E-01	 7.86341614E-02	-2.17388718E-02	 2.03308208E-02
 9.350000E-01	-6.08609330E-08	-2.18113804E-08	 5.19685785E-08	-1.88252131E-08	 1.21008574E-01	 8.04975825E-02	-1.57017692E-02	 3.43036748E-02
 9.400000E-01	-7.40506609E-08	-1.89005852E-08	 4.44192001E-08	-3.37247158E-08	 1.29091059E-01	 7.97517892E-02	-6.40169805E-03	 4.92261111E-02
 9.450000E-01	-8.75818600E-08	-1.10375955E-08	 3.24621556E-08	-4.87566771E-08	 1.37356336E-01	 7.48355733E-02	 5.53090667E-03	 6.52390531E-02
 9.500000E-01	-1.01109822E-07	-1.55595599E-09	 1.65591418E-08	-5.71469025E-08	 1.43809291E-01	 6.78269750E-02	 2.31078511E-02	 7.55024152E-02
 9.550000E-01	-1.06191004E-07	 9.76613745E-09	-9.90846471E-09	-6.04522994E-08	 1.45851535E-01	 5.41537493E-02	 4.73102608E-02	 8.47030917E-02
 9.600000E-01	-1.13136543E-07	 2.94439964E-08	-4.52974603E-08	-5.22413909E-08	 1.48042084E-01	 3.44622762E-02	 7.79320187E-02	 8.57374309E-02
 9.650000E-01	-1.00700371E-07	 2.19413348E-08	-5.92213552E-08	-6.17877585E-08	 1.35852803E-01	 3.37628040E-02	 9.15446365E-02	 9.31229103E-02
 9.700000E-01	-8.96981036E-08	 1.23942803E-08	-7.28685978E-08	-7.97995936E-08	 1.32908763E-01	 3.16755241E-02	 1.02717958E-01	 1.04415531E-01
 9.750000E-01	-7.34685255E-08	 2.40292334E-08	-5.32864157E-08	-6.31873254E-08	 1.39592819E-01	-1.29803457E-02	 9.11466766E-02	 5.62918026E-02
 9.800000E-01	-5.82524264E-08	 6.74939305E-08	-1.76294160E-08	-3.02418809E-08	 1.29132149E-01	-1.22716800E-01	 6.47434042E-02	-1.53392709E-02
 9.850000E-01	-2.09960579E-09	 1.13184883E-07	 3.72673411E-08	 6.73911460E-08	 1.45844605E-01	-2.86602973E-01	 6.42359212E-02	-3.00485793E-01
 9.900000E-01	 4.17226734E-08	-2.57702664E-08	 1.03972754E-07	 8.16046156E-08	-3.72049992E-02	-5.67307606E-02	-2.85273744E-04	-3.41173498E-01
 9.950000E-01	-1.92828319E-07	-3.32277414E-07	 2.81585385E-07	 4.32137103E-07	 9.98484659E-02	 6.63055233E-01	 8.47630953E-03	-1.06066608E+00
 1.000000E+00	 0.00000000E+00	 0.00000000E+00	 0.00000000E+00	 0.00000000E+00	 0.00000000E+00	 0.00000000E+00	 0.00000000E+00	 0.00000000E+00
