r	R 13/13	R 14/13	R 15/13	R 16/13	I 13/13	I 14/13	I 15/13	I 16/13
 0.000000E+00	 0.00000000E+00	 0.00000000E+00	 0.00000000E+00	 0.00000000E+00	 0.00000000E+00	 0.00000000E+00	 0.00000000E+00	 0.00000000E+00
 5.000000E-03	-6.80417696E-24	-8.67697076E-25	-4.84875616E-24	 2.70257533E-24	-1.07230056E-26	 1.49783513E-27	 6.27287630E-27	-1.34487484E-27
 1.000000E-02	 7.93728564E-23	-1.00414292E-22	-2.71039451E-22	 6.13999385E-23	-3.22014601E-25	 6.00527546E-26	 9.61345200E-26	-1.54501124E-26
 1.500000E-02	 6.10045017E-21	-2.16334727E-21	-4.72922930E-21	 5.90493472E-22	-4.47650214E-24	 7.92511811E-25	 5.93683163E-25	-3.47894389E-26
 2.000000E-02	 1.07391412E-19	-2.35101715E-20	-4.61329431E-20	 2.90812732E-21	-3.67118668E-23	 5.20591009E-24	 7.42282540E-25	 3.99147516E-25
 2.500000E-02	 1.07741157E-18	-1.63038237E-19	-3.06859607E-19	 5.21939509E-21	-2.06575030E-22	 2.01428642E-23	-1.01150357E-23	 2.46901735E-24
 3.000000E-02	 7.55162209E-18	-8.04256352E-19	-1.54633776E-18	-3.19763315E-20	-9.43014103E-22	 4.24725198E-23	-4.26193751E-23	 1.04680941E-23
 3.500000E-02	 4.08335131E-17	-2.97142518E-18	-6.30046412E-18	-3.35885592E-19	-3.96949687E-21	-1.56950245E-23	-2.07250308E-24	 5.41544295E-23
 4.000000E-02	 1.80934788E-16	-8.23543936E-18	-2.16748691E-17	-1.79213835E-18	-1.54790971E-20	-6.39797719E-22	 3.67436316E-22	 2.42443268E-22
 4.500000E-02	 6.84305084E-16	-1.53687095E-17	-6.48723509E-17	-7.13244679E-18	-5.43179000E-20	-4.10183813E-21	 1.57558337E-21	 9.51238174E-22
 5.000000E-02	 2.27445117E-15	-5.24386573E-18	-1.72502204E-16	-2.34524163E-17	-1.72509652E-19	-1.91430751E-20	 5.61035292E-21	 3.48278812E-21
 5.500000E-02	 6.78966853E-15	 1.06899289E-16	-4.13467689E-16	-6.67633567E-17	-5.10363708E-19	-7.60920273E-20	 2.33750973E-20	 1.36997703E-20
 6.000000E-02	 1.85100796E-14	 5.96388797E-16	-9.01540754E-16	-1.68903620E-16	-1.44424798E-18	-2.66893381E-19	 9.28073908E-20	 5.15794106E-20
 6.500000E-02	 4.66911227E-14	 2.21727105E-15	-1.79563970E-15	-3.85662142E-16	-3.88748052E-18	-8.13750936E-19	 2.60432501E-19	 1.52614971E-19
 7.000000E-02	 1.10118419E-13	 6.80762343E-15	-3.26038186E-15	-8.01412272E-16	-9.70870156E-18	-2.18578641E-18	 4.73862732E-19	 3.44044044E-19
 7.500000E-02	 2.44883649E-13	 1.84702157E-14	-5.33286838E-15	-1.51835173E-15	-2.22183394E-17	-5.30982165E-18	 4.11186665E-19	 5.85742975E-19
 8.000000E-02	 5.17073070E-13	 4.57380618E-14	-7.59922503E-15	-2.60561622E-15	-4.66889040E-17	-1.18681448E-17	-8.01668053E-19	 6.49258127E-19
 8.500000E-02	 1.04266282E-12	 1.05346541E-13	-8.52019038E-15	-3.96282268E-15	-9.08808985E-17	-2.48137950E-17	-4.88851158E-18	-1.33760587E-20
 9.000000E-02	 2.01762612E-12	 2.28516481E-13	-4.15330468E-15	-5.02114410E-15	-1.65906665E-16	-4.92257371E-17	-1.46616758E-17	-2.38803690E-18
 9.500000E-02	 3.76205773E-12	 4.71019845E-13	 1.41081169E-14	-4.16044467E-15	-2.88298530E-16	-9.40724326E-17	-3.39347377E-17	-7.70061808E-18
 1.000000E-01	 6.78298926E-12	 9.28758195E-13	 6.33279867E-14	 2.33934206E-15	-4.84482450E-16	-1.74635653E-16	-6.77212099E-17	-1.75780758E-17
 1.050000E-01	 1.18614579E-11	 1.76115149E-12	 1.75122415E-13	 2.20724866E-14	-7.92576798E-16	-3.10666790E-16	-1.27605488E-16	-3.80958809E-17
 1.100000E-01	 2.01702202E-11	 3.22537693E-12	 4.05139054E-13	 6.93711696E-14	-1.25232711E-15	-5.22124941E-16	-2.39036848E-16	-8.46426290E-17
 1.150000E-01	 3.34291722E-11	 5.72521955E-12	 8.47351828E-13	 1.69757172E-13	-1.89649093E-15	-8.34639851E-16	-4.36192057E-16	-1.78497820E-16
 1.200000E-01	 5.41063546E-11	 9.87905695E-12	 1.65497987E-12	 3.66626600E-13	-2.76201370E-15	-1.28828464E-15	-7.52390556E-16	-3.42303398E-16
 1.250000E-01	 8.56730484E-11	 1.66126768E-11	 3.07044706E-12	 7.30998134E-13	-3.90540075E-15	-1.93990256E-15	-1.22233357E-15	-6.02374058E-16
 1.300000E-01	 1.32920722E-10	 2.72835391E-11	 5.46743219E-12	 1.37538734E-12	-5.41283597E-15	-2.86283285E-15	-1.88826752E-15	-9.94706709E-16
 1.350000E-01	 2.02347509E-10	 4.38442060E-11	 9.40881950E-12	 2.47317349E-12	-7.39407379E-15	-4.11719970E-15	-2.81480976E-15	-1.58847916E-15
 1.400000E-01	 3.02621283E-10	 6.90539925E-11	 1.57253961E-11	 4.28524251E-12	-9.93277037E-15	-5.70306012E-15	-4.10025340E-15	-2.50661433E-15
 1.450000E-01	 4.45115508E-10	 1.06746389E-10	 2.56212278E-11	 7.19622620E-12	-1.30403881E-14	-7.54301814E-15	-5.84992889E-15	-3.91310530E-15
 1.500000E-01	 6.44496304E-10	 1.62154776E-10	 4.08118507E-11	 1.17630695E-11	-1.66596301E-14	-9.50351658E-15	-8.13110391E-15	-5.96761877E-15
 1.550000E-01	 9.19405616E-10	 2.42306970E-10	 6.36953143E-11	 1.87775756E-11	-2.08348574E-14	-1.16725875E-14	-1.08792632E-14	-8.63310274E-15
 1.600000E-01	 1.29322564E-09	 3.56500453E-10	 9.75679930E-11	 2.93468428E-11	-2.61663458E-14	-1.46325771E-14	-1.38396614E-14	-1.15952167E-14
 1.650000E-01	 1.79486145E-09	 5.16850866E-10	 1.46894880E-10	 4.49962796E-11	-3.37197246E-14	-1.85514337E-14	-1.68610398E-14	-1.49344444E-14
 1.700000E-01	 2.45954249E-09	 7.38919229E-10	 2.17638033E-10	 6.77998425E-11	-4.38012034E-14	-2.21175197E-14	-2.01712229E-14	-1.95514440E-14
 1.750000E-01	 3.32963997E-09	 1.04241318E-09	 3.17645142E-10	 1.00542367E-10	-5.58292334E-14	-2.42359796E-14	-2.38103496E-14	-2.57485005E-14
 1.800000E-01	 4.45583355E-09	 1.45201463E-09	 4.57073963E-10	 1.46909310E-10	-7.05544896E-14	-2.63158314E-14	-2.69913899E-14	-3.20613886E-14
 1.850000E-01	 5.89821141E-09	 1.99831387E-09	 6.48925767E-10	 2.11720984E-10	-9.09580463E-14	-3.07099256E-14	-2.87429676E-14	-3.68277333E-14
 1.900000E-01	 7.72676883E-09	 2.71870650E-09	 9.09697246E-10	 3.01226111E-10	-1.20299943E-13	-3.82171355E-14	-2.88301307E-14	-3.97381930E-14
 1.950000E-01	 1.00221204E-08	 3.65833797E-09	 1.26002906E-09	 4.23431922E-10	-1.61049729E-13	-4.85410794E-14	-2.74711421E-14	-4.10677058E-14
 2.000000E-01	 1.28764347E-08	 4.87112938E-09	 1.72538824E-09	 5.88470383E-10	-2.15477385E-13	-6.14938366E-14	-2.47407961E-14	-4.06918284E-14
 2.050000E-01	 1.63939198E-08	 6.42070071E-09	 2.33681562E-09	 8.09009481E-10	-2.85944829E-13	-7.76452064E-14	-2.06921861E-14	-3.79150129E-14
 2.100000E-01	 2.06907985E-08	 8.38110520E-09	 3.13165828E-09	 1.10068477E-09	-3.75075453E-13	-9.89009204E-14	-1.57603871E-14	-3.15649395E-14
 2.150000E-01	 2.58960482E-08	 1.08377212E-08	 4.15421776E-09	 1.48250119E-09	-4.86008748E-13	-1.29175113E-13	-1.12923408E-14	-2.01651935E-14
 2.200000E-01	 3.21522650E-08	 1.38882364E-08	 5.45645478E-09	 1.97725617E-09	-6.22736945E-13	-1.74781997E-13	-1.00578487E-14	-2.42857166E-15
 2.250000E-01	 3.96156763E-08	 1.76432976E-08	 7.09869723E-09	 2.61197577E-09	-7.89840531E-13	-2.41788434E-13	-1.59149946E-14	 2.10888723E-14
 2.300000E-01	 4.84568591E-08	 2.22273112E-08	 9.15026568E-09	 3.41831969E-09	-9.90907222E-13	-3.32962535E-13	-3.30543605E-14	 4.70636419E-14
 2.350000E-01	 5.88618788E-08	 2.77793991E-08	 1.16901160E-08	 4.43297556E-09	-1.22802115E-12	-4.50290233E-13	-6.61043800E-14	 7.12022190E-14
 2.400000E-01	 7.10319353E-08	 3.44536863E-08	 1.48073899E-08	 5.69804158E-09	-1.50321933E-12	-5.97856171E-13	-1.20202326E-13	 8.92108260E-14
 2.450000E-01	 8.51833687E-08	 4.24193505E-08	 1.86016549E-08	 7.26128769E-09	-1.81912160E-12	-7.76190692E-13	-1.98483068E-13	 9.43565465E-14
 2.500000E-01	 1.01548792E-07	 5.18609765E-08	 2.31830244E-08	 9.17631453E-09	-2.17668813E-12	-9.80175936E-13	-3.02201866E-13	 7.77287641E-14
 2.550000E-01	 1.20377177E-07	 6.29783973E-08	 2.86721487E-08	 1.15026446E-08	-2.57327479E-12	-1.23367177E-12	-4.49126902E-13	 3.74868610E-14
 2.600000E-01	 1.41935945E-07	 7.59869166E-08	 3.51998627E-08	 1.43055842E-08	-3.01372789E-12	-1.61546947E-12	-6.84826868E-13	-2.15091116E-14
 2.650000E-01	 1.66513915E-07	 9.11178372E-08	 4.29068401E-08	 1.76559711E-08	-3.52406265E-12	-2.14504638E-12	-1.01970033E-12	-1.17542824E-13
 2.700000E-01	 1.94422647E-07	 1.08618336E-07	 5.19434605E-08	 2.16301248E-08	-4.12192738E-12	-2.66735264E-12	-1.37115313E-12	-2.95347100E-13
 2.750000E-01	 2.25999784E-07	 1.28751640E-07	 6.24693384E-08	 2.63096327E-08	-4.77464886E-12	-3.06966702E-12	-1.68610158E-12	-5.59020161E-13
 2.800000E-01	 2.61612597E-07	 1.51797347E-07	 7.46523200E-08	 3.17805297E-08	-5.44318184E-12	-3.53633418E-12	-2.07414038E-12	-8.51098171E-13
 2.850000E-01	 3.01662126E-07	 1.78053032E-07	 8.86680675E-08	 3.81324849E-08	-6.15927028E-12	-4.26134728E-12	-2.63409082E-12	-1.14406681E-12
 2.900000E-01	 3.46586648E-07	 2.07837413E-07	 1.04701380E-07	 4.54589591E-08	-6.98618526E-12	-5.07093667E-12	-3.24448260E-12	-1.47523529E-12
 2.950000E-01	 3.96863811E-07	 2.41492388E-07	 1.22947292E-07	 5.38577310E-08	-7.91837691E-12	-5.72112088E-12	-3.75913172E-12	-1.85492892E-12
 3.000000E-01	 4.53019122E-07	 2.79382603E-07	 1.43607814E-07	 6.34290212E-08	-8.89916720E-12	-6.32814193E-12	-4.26375683E-12	-2.23343640E-12
 3.050000E-01	 5.15633248E-07	 3.21894977E-07	 1.66887938E-07	 7.42721891E-08	-9.92272315E-12	-7.11951139E-12	-4.89362839E-12	-2.57944245E-12
 3.100000E-01	 5.85341821E-07	 3.69442115E-07	 1.92997160E-07	 8.64851209E-08	-1.10444035E-11	-8.03850318E-12	-5.57535077E-12	-2.90785255E-12
 3.150000E-01	 6.62840569E-07	 4.22466830E-07	 2.22150646E-07	 1.00163565E-07	-1.22972512E-11	-8.93245896E-12	-6.17960419E-12	-3.23173537E-12
 3.200000E-01	 7.48897624E-07	 4.81447303E-07	 2.54570032E-07	 1.15400024E-07	-1.36653835E-11	-9.87258979E-12	-6.75415002E-12	-3.55486266E-12
 3.250000E-01	 8.44365168E-07	 5.46906574E-07	 2.90490038E-07	 1.32285022E-07	-1.51445341E-11	-1.10240371E-11	-7.41990395E-12	-3.90564836E-12
 3.300000E-01	 9.50179418E-07	 6.19418364E-07	 3.30167195E-07	 1.50909304E-07	-1.67680014E-11	-1.24105808E-11	-8.20248602E-12	-4.33897854E-12
 3.350000E-01	 1.06734283E-06	 6.99598970E-07	 3.73885414E-07	 1.71366505E-07	-1.85543715E-11	-1.39936575E-11	-9.11642803E-12	-4.91481621E-12
 3.400000E-01	 1.19691582E-06	 7.88092429E-07	 4.21953756E-07	 1.93753180E-07	-2.04792675E-11	-1.58157968E-11	-1.02737693E-11	-5.68819962E-12
 3.450000E-01	 1.34002649E-06	 8.85569889E-07	 4.74707261E-07	 2.18170472E-07	-2.25414657E-11	-1.78573880E-11	-1.17227431E-11	-6.68320481E-12
 3.500000E-01	 1.49787905E-06	 9.92750237E-07	 5.32518294E-07	 2.44732761E-07	-2.47778178E-11	-1.98923525E-11	-1.33212363E-11	-7.86246784E-12
 3.550000E-01	 1.67177034E-06	 1.11042079E-06	 5.95797380E-07	 2.73576046E-07	-2.70718613E-11	-2.19273108E-11	-1.51723011E-11	-9.20284022E-12
 3.600000E-01	 1.86311903E-06	 1.23943959E-06	 6.64967511E-07	 3.04856005E-07	-2.90985864E-11	-2.46321373E-11	-1.79577087E-11	-1.08081522E-11
 3.650000E-01	 2.07349753E-06	 1.38073892E-06	 7.40433994E-07	 3.38738190E-07	-3.07582673E-11	-2.84773684E-11	-2.20144521E-11	-1.27747834E-11
 3.700000E-01	 2.30464873E-06	 1.53534820E-06	 8.22587503E-07	 3.75396114E-07	-3.24491113E-11	-3.26991221E-11	-2.64092209E-11	-1.49514633E-11
 3.750000E-01	 2.55846871E-06	 1.70441035E-06	 9.11838000E-07	 4.15012938E-07	-3.46466278E-11	-3.61265105E-11	-2.98575396E-11	-1.70495828E-11
 3.800000E-01	 2.83696045E-06	 1.88917146E-06	 1.00865690E-06	 4.57772830E-07	-3.74844315E-11	-3.84893368E-11	-3.20413217E-11	-1.89464089E-11
 3.850000E-01	 3.14221233E-06	 2.09097802E-06	 1.11361838E-06	 5.03852929E-07	-4.06302718E-11	-4.05887068E-11	-3.38771604E-11	-2.08361189E-11
 3.900000E-01	 3.47643791E-06	 2.31128032E-06	 1.22739156E-06	 5.53421842E-07	-4.33930344E-11	-4.39063036E-11	-3.70875750E-11	-2.31815885E-11
 3.950000E-01	 3.84201615E-06	 2.55165172E-06	 1.35067882E-06	 6.06635431E-07	-4.55909887E-11	-4.89691989E-11	-4.22221294E-11	-2.61944371E-11
 4.000000E-01	 4.24149377E-06	 2.81380158E-06	 1.48418195E-06	 6.63632620E-07	-4.80955846E-11	-5.38130509E-11	-4.70865522E-11	-2.93143519E-11
 4.050000E-01	 4.67771054E-06	 3.09950478E-06	 1.62854065E-06	 7.24507665E-07	-5.16769721E-11	-5.61852903E-11	-4.93243902E-11	-3.17618787E-11
 4.100000E-01	 5.15386568E-06	 3.41055321E-06	 1.78428922E-06	 7.89282248E-07	-5.59672350E-11	-5.65570108E-11	-4.95401209E-11	-3.34810204E-11
 4.150000E-01	 5.67340294E-06	 3.74883065E-06	 1.95194309E-06	 8.57941918E-07	-5.97464285E-11	-5.77884950E-11	-5.08869568E-11	-3.53153494E-11
 4.200000E-01	 6.23999317E-06	 4.11644408E-06	 2.13209296E-06	 9.30468588E-07	-6.16485544E-11	-6.32646907E-11	-5.70489775E-11	-3.85583095E-11
 4.250000E-01	 6.85766859E-06	 4.51582157E-06	 2.32542720E-06	 1.00682735E-06	-6.19952484E-11	-7.29636086E-11	-6.77338248E-11	-4.34963321E-11
 4.300000E-01	 7.53079462E-06	 4.94964728E-06	 2.53271386E-06	 1.08697544E-06	-6.36378281E-11	-8.06953471E-11	-7.59483257E-11	-4.82623781E-11
 4.350000E-01	 8.26400076E-06	 5.42077908E-06	 2.75476413E-06	 1.17086072E-06	-6.78213271E-11	-8.22028129E-11	-7.75016327E-11	-5.13302463E-11
 4.400000E-01	 9.06235085E-06	 5.93229869E-06	 2.99238225E-06	 1.25836860E-06	-7.12660255E-11	-8.36542940E-11	-7.97447340E-11	-5.44092669E-11
 4.450000E-01	 9.93141344E-06	 6.48752732E-06	 3.24633176E-06	 1.34928274E-06	-7.17108269E-11	-9.13724713E-11	-8.92244359E-11	-5.94791837E-11
 4.500000E-01	 1.08772946E-05	 7.09001457E-06	 3.51731734E-06	 1.44326723E-06	-7.23796062E-11	-9.93946420E-11	-9.86783370E-11	-6.48138644E-11
 4.550000E-01	 1.19068536E-05	 7.74355805E-06	 3.80592604E-06	 1.53982035E-06	-7.59822562E-11	-1.00255740E-10	-1.00240658E-10	-6.80466466E-11
 4.600000E-01	 1.30277434E-05	 8.45212623E-06	 4.11253622E-06	 1.63822282E-06	-7.95307646E-11	-9.91105809E-11	-1.00354746E-10	-7.05602673E-11
 4.650000E-01	 1.42485101E-05	 9.21985932E-06	 4.43726024E-06	 1.73748933E-06	-8.02086961E-11	-1.03347620E-10	-1.06903744E-10	-7.46033469E-11
 4.700000E-01	 1.55788130E-05	 1.00512348E-05	 4.78000841E-06	 1.83638865E-06	-8.05265994E-11	-1.08591251E-10	-1.14408975E-10	-7.91115348E-11
 4.750000E-01	 1.70292159E-05	 1.09511528E-05	 5.14065319E-06	 1.93355459E-06	-8.22685815E-11	-1.09553562E-10	-1.17487127E-10	-8.27379840E-11
 4.800000E-01	 1.86109654E-05	 1.19249785E-05	 5.51910131E-06	 2.02752180E-06	-8.15558064E-11	-1.13767977E-10	-1.25211344E-10	-8.77420070E-11
 4.850000E-01	 2.03358884E-05	 1.29786361E-05	 5.91532362E-06	 2.11672406E-06	-7.69577307E-11	-1.26266924E-10	-1.42383110E-10	-9.55045011E-11
 4.900000E-01	 2.22159472E-05	 1.41186242E-05	 6.32947204E-06	 2.19957504E-06	-7.54625144E-11	-1.32310457E-10	-1.51715577E-10	-1.01739705E-10
 4.950000E-01	 2.42628625E-05	 1.53521196E-05	 6.76203097E-06	 2.27455163E-06	-7.98812290E-11	-1.22147631E-10	-1.43755064E-10	-1.03793685E-10
 5.000000E-01	 2.64881466E-05	 1.66874582E-05	 7.21403508E-06	 2.34021547E-06	-7.94195318E-11	-1.18696517E-10	-1.45441812E-10	-1.08260512E-10
 5.050000E-01	 2.89034503E-05	 1.81346856E-05	 7.68722116E-06	 2.39516844E-06	-6.67776803E-11	-1.43693403E-10	-1.79131604E-10	-1.21395271E-10
 5.100000E-01	 3.15201627E-05	 1.97054054E-05	 8.18392777E-06	 2.43798497E-06	-5.20854224E-11	-1.76776301E-10	-2.20069517E-10	-1.38287311E-10
 5.150000E-01	 3.43489838E-05	 2.14124575E-05	 8.70680581E-06	 2.46701144E-06	-4.50823849E-11	-1.90112565E-10	-2.38849232E-10	-1.52043368E-10
 5.200000E-01	 3.74007363E-05	 2.32702802E-05	 9.25861046E-06	 2.48011699E-06	-3.90119641E-11	-1.95464428E-10	-2.50703424E-10	-1.65364749E-10
 5.250000E-01	 4.06868139E-05	 2.52948804E-05	 9.84196232E-06	 2.47453508E-06	-2.38645662E-11	-2.19757094E-10	-2.84592853E-10	-1.84320879E-10
 5.300000E-01	 4.42203559E-05	 2.75040032E-05	 1.04589369E-05	 2.44652290E-06	-5.97891362E-13	-2.64166831E-10	-3.39740904E-10	-2.08898970E-10
 5.350000E-01	 4.80161374E-05	 2.99176678E-05	 1.11114817E-05	 2.39154491E-06	 2.15782137E-11	-3.04578496E-10	-3.89046257E-10	-2.33753307E-10
 5.400000E-01	 5.20890567E-05	 3.25585793E-05	 1.18024267E-05	 2.30494587E-06	 3.27917218E-11	-3.09807746E-10	-4.00394490E-10	-2.52971470E-10
 5.450000E-01	 5.64565891E-05	 3.54536486E-05	 1.25354845E-05	 2.18161470E-06	 3.68427565E-11	-2.81370855E-10	-3.79252423E-10	-2.67219288E-10
 5.500000E-01	 6.11385994E-05	 3.86327041E-05	 1.33140630E-05	 2.01538874E-06	 5.59872389E-11	-2.80035608E-10	-3.91058255E-10	-2.86161190E-10
 5.550000E-01	 6.61564605E-05	 4.21258994E-05	 1.41392577E-05	 1.79823800E-06	 9.65163148E-11	-3.38013402E-10	-4.63552604E-10	-3.13817945E-10
 5.600000E-01	 7.15361801E-05	 4.59637130E-05	 1.50081364E-05	 1.51926722E-06	 1.27748114E-10	-3.70825453E-10	-5.04475463E-10	-3.39114625E-10
 5.650000E-01	 7.73056060E-05	 5.01766931E-05	 1.59146885E-05	 1.16568687E-06	 1.32586955E-10	-3.04047892E-10	-4.44304301E-10	-3.54680136E-10
 5.700000E-01	 8.34944006E-05	 5.47998851E-05	 1.68526320E-05	 7.23640211E-07	 1.43487106E-10	-2.22210054E-10	-3.77329528E-10	-3.70091691E-10
 5.750000E-01	 9.01336006E-05	 5.98769563E-05	 1.78179634E-05	 1.78821170E-07	 1.86856013E-10	-2.31895482E-10	-4.05534780E-10	-3.94050822E-10
 5.800000E-01	 9.72478549E-05	 6.54584145E-05	 1.88105772E-05	-4.82006009E-07	 2.39153375E-10	-2.78732899E-10	-4.64204616E-10	-4.22202249E-10
 5.850000E-01	 1.04854496E-04	 7.16017791E-05	 1.98338374E-05	-1.27138381E-06	 2.71863463E-10	-2.52856212E-10	-4.45358780E-10	-4.49572042E-10
 5.900000E-01	 1.12964307E-04	 7.83718792E-05	 2.08932052E-05	-2.20236769E-06	 2.91722833E-10	-1.56592384E-10	-3.58789335E-10	-4.78372092E-10
 5.950000E-01	 1.21582203E-04	 8.58413880E-05	 2.19950305E-05	-3.28968709E-06	 3.20104157E-10	-6.98328974E-11	-2.84648399E-10	-5.12509933E-10
 6.000000E-01	 1.30707254E-04	 9.40919812E-05	 2.31463376E-05	-4.55018171E-06	 3.68866983E-10	-5.75998991E-11	-2.81581801E-10	-5.53416660E-10
 6.050000E-01	 1.40332185E-04	 1.03217175E-04	 2.43563692E-05	-6.00266826E-06	 4.34550458E-10	-1.32169549E-10	-3.53562096E-10	-5.99817923E-10
 6.100000E-01	 1.50445235E-04	 1.13325832E-04	 2.56379059E-05	-7.66832405E-06	 5.00553468E-10	-2.41722532E-10	-4.44670045E-10	-6.50754506E-10
 6.150000E-01	 1.61026439E-04	 1.24539860E-04	 2.70073924E-05	-9.56989896E-06	 5.53624746E-10	-3.23869717E-10	-4.95692053E-10	-7.07990919E-10
 6.200000E-01	 1.72043960E-04	 1.36993454E-04	 2.84850952E-05	-1.17312225E-05	 5.95305469E-10	-3.72326484E-10	-5.04213847E-10	-7.72698950E-10
 6.250000E-01	 1.83454172E-04	 1.50839766E-04	 3.00981350E-05	-1.41776291E-05	 6.35859002E-10	-4.32334373E-10	-5.14283361E-10	-8.41581524E-10
 6.300000E-01	 1.95191246E-04	 1.66253082E-04	 3.18880963E-05	-1.69320301E-05	 6.85908463E-10	-5.65512943E-10	-5.81197744E-10	-9.06259198E-10
 6.350000E-01	 2.07153755E-04	 1.83426773E-04	 3.39183460E-05	-2.00089856E-05	 7.43763403E-10	-7.84876601E-10	-7.10491545E-10	-9.60470486E-10
 6.400000E-01	 2.19207823E-04	 2.02593963E-04	 3.62844930E-05	-2.34147700E-05	 7.91171484E-10	-1.00398542E-09	-8.18207644E-10	-1.01243581E-09
 6.450000E-01	 2.31165193E-04	 2.24041212E-04	 3.91353776E-05	-2.71392616E-05	 8.19466207E-10	-1.14162358E-09	-8.36872159E-10	-1.07531643E-09
 6.500000E-01	 2.42741640E-04	 2.48078332E-04	 4.26798308E-05	-3.11404279E-05	 8.45094847E-10	-1.24505865E-09	-8.20165570E-10	-1.14247542E-09
 6.550000E-01	 2.53577584E-04	 2.75057342E-04	 4.71839648E-05	-3.53509899E-05	 8.80696940E-10	-1.38320794E-09	-8.31111165E-10	-1.19995099E-09
 6.600000E-01	 2.63223689E-04	 3.05423857E-04	 5.30068620E-05	-3.96751772E-05	 9.16612662E-10	-1.50201959E-09	-8.18354315E-10	-1.26036527E-09
 6.650000E-01	 2.71085791E-04	 3.39663916E-04	 6.06020829E-05	-4.39675068E-05	 9.51901443E-10	-1.54606054E-09	-7.43205403E-10	-1.34374227E-09
 6.700000E-01	 2.76491613E-04	 3.78242976E-04	 7.04362999E-05	-4.80555858E-05	 1.01433527E-09	-1.62031338E-09	-7.18420290E-10	-1.43194360E-09
 6.750000E-01	 2.78668509E-04	 4.21606986E-04	 8.30058156E-05	-5.17262181E-05	 1.12105650E-09	-1.82290944E-09	-8.34749207E-10	-1.49658069E-09
 6.800000E-01	 2.76672427E-04	 4.70278877E-04	 9.89383493E-05	-5.46959152E-05	 1.24886670E-09	-2.01842152E-09	-9.59941490E-10	-1.56509072E-09
 6.850000E-01	 2.69396300E-04	 5.24860828E-04	 1.18986503E-04	-5.66060628E-05	 1.36718595E-09	-1.98205314E-09	-8.88743680E-10	-1.70045202E-09
 6.900000E-01	 2.55482279E-04	 5.85858424E-04	 1.44001253E-04	-5.69582146E-05	 1.47071754E-09	-1.65589652E-09	-5.74040268E-10	-1.92932649E-09
 6.950000E-01	 2.33297305E-04	 6.53766180E-04	 1.74991369E-04	-5.51041131E-05	 1.59738756E-09	-1.22772618E-09	-2.11217806E-10	-2.21938890E-09
 7.000000E-01	 2.00915758E-04	 7.29140515E-04	 2.13169555E-04	-5.02323500E-05	 1.83425136E-09	-1.07843219E-09	-2.04821280E-10	-2.49360741E-09
 7.050000E-01	 1.56069992E-04	 8.12395965E-04	 2.59893513E-04	-4.13022478E-05	 2.21532183E-09	-1.36518909E-09	-7.09118471E-10	-2.70544336E-09
 7.100000E-01	 9.61978701E-05	 9.03742120E-04	 3.16599024E-04	-2.70458455E-05	 2.63400711E-09	-1.64194652E-09	-1.22919928E-09	-2.93716978E-09
 7.150000E-01	 1.83814856E-05	 1.00322275E-03	 3.84861637E-04	-5.92833044E-06	 3.02863719E-09	-1.50371303E-09	-1.38314828E-09	-3.31608760E-09
 7.200000E-01	-8.07922727E-05	 1.11069725E-03	 4.66492440E-04	 2.39464329E-05	 3.56442527E-09	-1.34414580E-09	-1.71808918E-09	-3.83310875E-09
 7.250000E-01	-2.05311773E-04	 1.22577130E-03	 5.63565465E-04	 6.49138718E-05	 4.35607631E-09	-1.57596172E-09	-2.68826144E-09	-4.37539868E-09
 7.300000E-01	-3.59801010E-04	 1.34764796E-03	 6.78393789E-04	 1.19833025E-04	 5.16697959E-09	-1.63358547E-09	-3.48213134E-09	-4.90466330E-09
 7.350000E-01	-5.49552419E-04	 1.47496663E-03	 8.13470933E-04	 1.92154348E-04	 5.80115323E-09	-9.08049597E-10	-3.36713891E-09	-5.51585449E-09
 7.400000E-01	-7.80585444E-04	 1.60577389E-03	 9.71475836E-04	 2.85951294E-04	 6.57092015E-09	 2.02442095E-11	-3.29575846E-09	-6.33010912E-09
 7.450000E-01	-1.05968307E-03	 1.73729405E-03	 1.15520024E-03	 4.05999920E-04	 7.80958201E-09	 3.84023024E-10	-4.32604616E-09	-7.30878919E-09
 7.500000E-01	-1.39432683E-03	 1.86563729E-03	 1.36736697E-03	 5.57805488E-04	 9.23633509E-09	 6.22761828E-10	-5.62910331E-09	-8.23434163E-09
 7.550000E-01	-1.79297800E-03	 1.98585882E-03	 1.61083163E-03	 7.47703260E-04	 1.04771927E-08	 1.50046049E-09	-6.05949593E-09	-9.03632581E-09
 7.600000E-01	-2.26529782E-03	 2.09159608E-03	 1.88860898E-03	 9.83094031E-04	 1.17805609E-08	 2.78867593E-09	-6.22428087E-09	-9.95478145E-09
 7.650000E-01	-2.82166852E-03	 2.17464259E-03	 2.20328622E-03	 1.27216155E-03	 1.34085166E-08	 3.98215093E-09	-6.89127558E-09	-1.09896717E-08
 7.700000E-01	-3.47305691E-03	 2.22476848E-03	 2.55682231E-03	 1.62364382E-03	 1.48244819E-08	 5.39233283E-09	-6.96212883E-09	-1.15276380E-08
 7.750000E-01	-4.23131906E-03	 2.22964645E-03	 2.95079135E-03	 2.04686657E-03	 1.55633663E-08	 7.45056674E-09	-5.48111211E-09	-1.13091953E-08
 7.800000E-01	-5.10849024E-03	 2.17439704E-03	 3.38566618E-03	 2.55115768E-03	 1.63672219E-08	 9.70590025E-09	-4.04035715E-09	-1.12169415E-08
 7.850000E-01	-6.11715011E-03	 2.04104425E-03	 3.86090538E-03	 3.14595698E-03	 1.80715285E-08	 1.15267755E-08	-4.32416552E-09	-1.18829338E-08
 7.900000E-01	-7.27251093E-03	 1.80823730E-03	 4.37643591E-03	 3.84196179E-03	 2.00280068E-08	 1.31198461E-08	-5.03264936E-09	-1.23560522E-08
 7.950000E-01	-8.59005819E-03	 1.44994375E-03	 4.93023821E-03	 4.64961853E-03	 2.10593697E-08	 1.50067977E-08	-4.01589928E-09	-1.14588398E-08
 8.000000E-01	-1.00835449E-02	 9.36341474E-04	 5.51731454E-03	 5.57629756E-03	 2.10753177E-08	 1.71474602E-08	-1.35944985E-09	-9.32489160E-09
 8.050000E-01	-1.17656846E-02	 2.34965472E-04	 6.13129040E-03	 6.62533105E-03	 2.05781254E-08	 1.91392508E-08	 1.73823938E-09	-6.56336238E-09
 8.100000E-01	-1.36457059E-02	-6.88027404E-04	 6.76376461E-03	 7.79290485E-03	 1.96409113E-08	 2.07432929E-08	 4.93353868E-09	-3.24095939E-09
 8.150000E-01	-1.57301260E-02	-1.86658468E-03	 7.40602080E-03	 9.06676081E-03	 1.85605502E-08	 2.21006960E-08	 7.89478610E-09	 1.01995329E-10
 8.200000E-01	-1.80291001E-02	-3.33950953E-03	 8.05198010E-03	 1.04321427E-02	 1.86450762E-08	 2.36636598E-08	 9.23603493E-09	 1.77221600E-09
 8.250000E-01	-2.05558274E-02	-5.15336091E-03	 8.69572708E-03	 1.18712702E-02	 2.01906452E-08	 2.52829351E-08	 8.78461854E-09	 1.95575015E-09
 8.300000E-01	-2.33201231E-02	-7.35909761E-03	 9.32797589E-03	 1.33553827E-02	 2.02764100E-08	 2.55707439E-08	 9.74999055E-09	 4.81655457E-09
 8.350000E-01	-2.63274563E-02	-1.00039430E-02	 9.94137808E-03	 1.48390405E-02	 1.63226785E-08	 2.37381259E-08	 1.46817153E-08	 1.27455996E-08
 8.400000E-01	-2.95769925E-02	-1.31201983E-02	 1.05359689E-02	 1.62531239E-02	 1.07168314E-08	 2.12741807E-08	 2.08940456E-08	 2.13953413E-08
 8.450000E-01	-3.30711431E-02	-1.67268611E-02	 1.11267404E-02	 1.75129982E-02	 7.07615328E-09	 1.95294659E-08	 2.45916938E-08	 2.63149743E-08
 8.500000E-01	-3.68234380E-02	-2.08397568E-02	 1.17411048E-02	 1.85283699E-02	 4.38358432E-09	 1.71869481E-08	 2.65699279E-08	 2.96671619E-08
 8.550000E-01	-4.08521345E-02	-2.54752853E-02	 1.24023755E-02	 1.91962064E-02	-8.74430570E-11	 1.28816682E-08	 2.94988650E-08	 3.46528601E-08
 8.600000E-01	-4.51779547E-02	-3.06578144E-02	 1.31154186E-02	 1.93951306E-02	-5.47044346E-09	 8.01254528E-09	 3.32303064E-08	 3.93977205E-08
 8.650000E-01	-4.98161097E-02	-3.64125213E-02	 1.38572694E-02	 1.89702872E-02	-1.01803782E-08	 3.25862683E-09	 3.62902074E-08	 4.19707073E-08
 8.700000E-01	-5.47722528E-02	-4.27206493E-02	 1.45956795E-02	 1.77124359E-02	-1.67842678E-08	-4.67409362E-09	 3.91388537E-08	 4.53168435E-08
 8.750000E-01	-6.00578612E-02	-4.94869624E-02	 1.53187858E-02	 1.53671574E-02	-2.76019690E-08	-1.66688624E-08	 4.33278614E-08	 5.05479785E-08
 8.800000E-01	-6.57052280E-02	-5.65478387E-02	 1.60308697E-02	 1.16598489E-02	-3.80977405E-08	-2.56642940E-08	 4.87088893E-08	 5.14422155E-08
 8.850000E-01	-7.17542932E-02	-6.36831040E-02	 1.67047891E-02	 6.29600586E-03	-4.35743381E-08	-2.80710766E-08	 5.30148564E-08	 4.42987453E-08
 8.900000E-01	-7.82246146E-02	-7.05965780E-02	 1.72278665E-02	-1.06454649E-03	-4.97962410E-08	-3.43167491E-08	 5.43692537E-08	 3.58689084E-08
 8.950000E-01	-8.50795751E-02	-7.68845638E-02	 1.73498735E-02	-1.08275398E-02	-6.52624029E-08	-5.26014817E-08	 5.39555913E-08	 3.13013626E-08
 9.000000E-01	-9.22710738E-02	-8.20150041E-02	 1.67468202E-02	-2.33777067E-02	-8.66697988E-08	-7.18705622E-08	 5.48372322E-08	 2.37663368E-08
 9.050000E-01	-9.97010725E-02	-8.52365121E-02	 1.49501676E-02	-3.89884659E-02	-1.04420181E-07	-7.73059157E-08	 5.75131239E-08	 5.43671064E-09
 9.100000E-01	-1.07629789E-01	-8.56419234E-02	 1.18797927E-02	-5.74603353E-02	-1.17210192E-07	-7.01873253E-08	 5.91752897E-08	-2.11344710E-08
 9.150000E-01	-1.15208004E-01	-8.21179994E-02	 5.70582912E-03	-7.88830316E-02	-1.29751501E-07	-6.03848455E-08	 5.44293399E-08	-5.11275580E-08
 9.200000E-01	-1.22809620E-01	-7.35563721E-02	-3.65116221E-03	-1.02183347E-01	-1.45759099E-07	-5.35166862E-08	 3.90324720E-08	-8.34527758E-08
 9.250000E-01	-1.28395124E-01	-5.83289861E-02	-1.99669474E-02	-1.26995899E-01	-1.64308804E-07	-4.54586810E-08	 1.14878031E-08	-1.18016059E-07
 9.300000E-01	-1.26396848E-01	-3.60736976E-02	-5.21468189E-02	-1.51279453E-01	-1.78904713E-07	-2.36126901E-08	-2.73038799E-08	-1.50920855E-07
 9.350000E-01	-1.20983776E-01	-5.93816370E-03	-9.37059165E-02	-1.68557800E-01	-1.87676800E-07	 1.70490845E-08	-7.06300072E-08	-1.69354299E-07
 9.400000E-01	-1.20474818E-01	 3.98260580E-02	-1.31565068E-01	-1.81729300E-01	-1.94125306E-07	 7.49803545E-08	-1.20597333E-07	-1.74261728E-07
 9.450000E-01	-1.09189515E-01	 8.25487281E-02	-1.84704480E-01	-1.55350251E-01	-1.97872848E-07	 1.19836527E-07	-1.74492211E-07	-1.37226289E-07
 9.500000E-01	-6.42570095E-02	 1.42322573E-01	-2.64149751E-01	-1.16056439E-01	-1.37738248E-07	 1.43250056E-07	-2.67935585E-07	-6.84886857E-08
 9.550000E-01	-3.34805977E-02	 2.28882050E-01	-3.50068794E-01	-6.10474189E-02	-9.06011176E-08	 2.12865977E-07	-3.94705448E-07	 3.07772011E-08
 9.600000E-01	 7.12671795E-02	 1.45178101E-01	-2.81784123E-01	-5.29116296E-02	 3.76716443E-08	 8.66060021E-08	-3.15527196E-07	-7.94743226E-09
 9.650000E-01	 1.07425754E-01	 1.81446121E-02	-1.61088812E-01	-1.09344534E-01	 1.65054589E-07	-1.18006068E-07	-1.77328484E-07	-1.63271888E-07
 9.700000E-01	-3.00839275E-02	 3.52430545E-01	 1.66497243E-02	 2.08542656E-01	 2.03990451E-07	 2.90052686E-08	 3.96728638E-08	-2.06782263E-08
 9.750000E-01	 9.01588394E-02	 1.05994064E+00	 1.89308530E-01	 7.30325137E-01	 2.53238436E-07	 3.69453511E-07	 3.39429246E-07	 3.09525401E-07
 9.800000E-01	-2.90969678E-01	 1.81855046E+00	 3.62021459E-01	 2.34008567E+00	 4.21259292E-07	 6.25855219E-07	 6.86498958E-07	 8.02778359E-07
 9.850000E-01	 1.79690808E+00	 8.62240190E-01	 3.56880881E-01	 7.17452396E-01	 1.28893551E-06	-1.47625518E-07	 4.69760559E-07	 6.63054314E-08
 9.900000E-01	 2.29708278E+00	-1.26811626E+00	 1.44048481E-01	-3.41096807E-01	 7.99269100E-07	-1.00317679E-06	 2.05818489E-07	-1.29252238E-07
 9.950000E-01	 3.61455727E+00	 8.82767387E+00	-8.36001564E-01	-1.20226901E+01	 3.27581851E-06	 3.76332569E-06	-3.18204335E-06	-5.09800865E-06
 1.000000E+00	-9.87371455E-01	-3.23254141E+00	-3.58455488E-01	-2.54127325E+00	-1.42503739E-06	-5.90410144E-07	-9.63438561E-07	-4.28393854E-07
