r	R 13/13	R 14/13	R 15/13	R 16/13	I 13/13	I 14/13	I 15/13	I 16/13
 0.000000E+00	 0.00000000E+00	 0.00000000E+00	 0.00000000E+00	 0.00000000E+00	 0.00000000E+00	 0.00000000E+00	 0.00000000E+00	 0.00000000E+00
 5.000000E-03	-1.04049731E-24	-1.96883194E-25	 6.57573891E-25	-2.06700679E-26	-1.82776350E-24	 7.39891982E-25	 4.17705183E-25	 1.47590811E-25
 1.000000E-02	-5.08747141E-25	-8.05778727E-24	 1.20524855E-23	 9.24176340E-25	-3.11776239E-23	 3.02854308E-23	 4.80874607E-24	-2.43953487E-24
 1.500000E-02	 4.07634585E-23	-1.20535438E-22	 1.82691117E-22	 1.21704116E-23	-2.99325493E-22	 4.38905000E-22	 1.98507888E-23	-5.69026707E-23
 2.000000E-02	-9.70136297E-22	-1.12722092E-21	 2.06302558E-21	 1.78028388E-22	-1.72110817E-21	 4.11952556E-21	-2.00579952E-22	-3.63337230E-22
 2.500000E-02	-2.38969033E-20	-6.84480364E-21	 1.56799752E-20	 1.09777309E-21	-5.22994124E-21	 2.88425850E-20	-2.28209321E-21	-1.86034528E-21
 3.000000E-02	-2.58340083E-19	-3.05418526E-20	 9.27634297E-20	 4.37273945E-21	 1.85208392E-22	 1.40619468E-19	-9.18842736E-21	-3.12977969E-21
 3.500000E-02	-1.74820612E-18	-1.40344516E-19	 4.57453366E-19	 2.76917927E-20	 7.86403856E-20	 4.18407286E-19	-2.65477273E-20	 4.07021497E-20
 4.000000E-02	-7.89706791E-18	-6.90177159E-19	 1.61551498E-18	 1.11720097E-19	 3.82631154E-19	 8.50903035E-19	-6.78007380E-20	 2.04629340E-19
 4.500000E-02	-2.69671956E-17	-2.89042528E-18	 4.30056511E-18	 3.26961026E-19	 1.19918064E-18	 1.70900480E-18	-1.82965886E-19	 5.24445846E-19
 5.000000E-02	-7.97643623E-17	-9.84950361E-18	 9.81348505E-18	 7.65809520E-19	 3.39752660E-18	 3.42658171E-18	-5.30254470E-19	 1.21477919E-18
 5.500000E-02	-2.07466581E-16	-2.86413929E-17	 1.85301387E-17	 1.02480162E-18	 9.16073291E-18	 3.89286583E-18	-1.83660355E-18	 3.03661330E-18
 6.000000E-02	-4.38504555E-16	-7.25645484E-17	 2.43118922E-17	-1.02687232E-19	 2.26092637E-17	-2.14440834E-17	-1.00134348E-17	 9.11360895E-18
 6.500000E-02	-4.76739057E-16	-1.43023211E-16	-6.98709358E-18	-1.23167302E-17	 3.98185718E-17	-1.65197981E-16	-4.47790837E-17	 2.00281184E-17
 7.000000E-02	 1.42568890E-15	-1.11277705E-16	-1.80349341E-16	-7.46023019E-17	 1.07111173E-18	-5.47971582E-16	-1.34694636E-16	 1.96659542E-17
 7.500000E-02	 9.95640407E-15	 5.52780095E-16	-6.43047511E-16	-2.58972263E-16	-2.60210333E-16	-1.22063783E-15	-3.00707094E-16	-2.28012646E-17
 8.000000E-02	 3.41666173E-14	 3.19694156E-15	-1.47275537E-15	-6.64171513E-16	-1.06022739E-15	-2.09140455E-15	-5.15799019E-16	-1.51556221E-16
 8.500000E-02	 8.89505877E-14	 1.05315043E-14	-2.48304517E-15	-1.35991724E-15	-2.92478644E-15	-2.67611110E-15	-6.31746789E-16	-3.90620756E-16
 9.000000E-02	 1.93856830E-13	 2.69652658E-14	-2.95141265E-15	-2.31195989E-15	-6.48188242E-15	-2.31682161E-15	-4.11118173E-16	-7.16455978E-16
 9.500000E-02	 3.75284084E-13	 5.94273281E-14	-1.48459705E-15	-3.36841487E-15	-1.24303225E-14	-5.20673482E-16	 3.32081534E-16	-1.03440019E-15
 1.000000E-01	 6.72859385E-13	 1.19131915E-13	 4.31148089E-15	-3.97273183E-15	-2.11996089E-14	 7.37663434E-16	 6.72552236E-16	-1.31712578E-15
 1.050000E-01	 1.17678350E-12	 2.30126065E-13	 1.91077667E-14	-3.07279281E-15	-3.38991123E-14	-4.10710911E-15	-1.46400283E-15	-2.27400721E-15
 1.100000E-01	 2.08735870E-12	 4.45579511E-13	 5.42066561E-14	 1.54793344E-15	-5.63815193E-14	-1.17535930E-14	-3.83910097E-15	-4.35998701E-15
 1.150000E-01	 3.63526772E-12	 8.37912275E-13	 1.30083003E-13	 1.53923245E-14	-9.68062455E-14	-7.44025808E-15	 4.26834110E-16	-5.98398159E-15
 1.200000E-01	 6.00267105E-12	 1.48310397E-12	 2.73713628E-13	 4.74308663E-14	-1.58822873E-13	 1.30360289E-14	 1.33387568E-14	-5.67795306E-15
 1.250000E-01	 9.47565102E-12	 2.49659448E-12	 5.24482341E-13	 1.10695611E-13	-2.45347069E-13	 4.07317435E-14	 3.10833059E-14	-3.77340364E-15
 1.300000E-01	 1.45559589E-11	 4.07032263E-12	 9.45787934E-13	 2.27001316E-13	-3.59344121E-13	 5.20593216E-14	 4.04304126E-14	-4.06635709E-15
 1.350000E-01	 2.21983630E-11	 6.55559567E-12	 1.65059212E-12	 4.34950209E-13	-5.09515583E-13	 6.54160443E-15	 2.05526270E-14	-1.54272800E-14
 1.400000E-01	 3.40835728E-11	 1.05702330E-11	 2.84532644E-12	 8.06284244E-13	-7.38004150E-13	-9.09469784E-14	-1.78173528E-14	-3.72323334E-14
 1.450000E-01	 5.20047732E-11	 1.68511432E-11	 4.81149045E-12	 1.45011415E-12	-1.10914951E-12	-1.89247396E-13	-3.32168683E-14	-5.55348454E-14
 1.500000E-01	 7.75069310E-11	 2.61669349E-11	 7.88636631E-12	 2.50026588E-12	-1.69501620E-12	-2.11451979E-13	 4.34485741E-14	-4.34929548E-14
 1.550000E-01	 1.11631213E-10	 3.92253345E-11	 1.24317872E-11	 4.09954583E-12	-2.53859790E-12	-9.31396724E-14	 2.53469615E-13	 2.64742690E-14
 1.600000E-01	 1.55265440E-10	 5.67660403E-11	 1.88221701E-11	 6.42260205E-12	-3.45155092E-12	-2.70765143E-13	 2.17258405E-13	 3.15920016E-15
 1.650000E-01	 2.16350716E-10	 8.22957716E-11	 2.83657321E-11	 1.00044234E-11	-4.27649245E-12	-1.50454242E-12	-6.23013114E-13	-3.93551913E-13
 1.700000E-01	 3.11345867E-10	 1.23162972E-10	 4.39857248E-11	 1.59852437E-11	-5.63639397E-12	-3.23190632E-12	-1.65713201E-12	-9.27820423E-13
 1.750000E-01	 4.46862557E-10	 1.83744730E-10	 6.80090832E-11	 2.53666834E-11	-8.22102781E-12	-3.97181652E-12	-1.68825202E-12	-1.00739243E-12
 1.800000E-01	 6.18891901E-10	 2.64434064E-10	 1.01374459E-10	 3.87333098E-11	-1.14246178E-11	-4.26967500E-12	-1.43225278E-12	-9.42996076E-13
 1.850000E-01	 8.41936420E-10	 3.73507673E-10	 1.47956972E-10	 5.78467223E-11	-1.44383710E-11	-6.14932364E-12	-2.69413290E-12	-1.68638448E-12
 1.900000E-01	 1.15070337E-09	 5.29283155E-10	 2.16139136E-10	 8.63451328E-11	-1.76457933E-11	-1.00937194E-11	-5.75714349E-12	-3.47576102E-12
 1.950000E-01	 1.57997982E-09	 7.52301682E-10	 3.16188793E-10	 1.28860314E-10	-2.18123441E-11	-1.55690765E-11	-1.00686536E-11	-6.08232102E-12
 2.000000E-01	 2.16611515E-09	 1.06598944E-09	 4.60571875E-10	 1.91243987E-10	-2.78246225E-11	-2.20400227E-11	-1.49760253E-11	-9.12445875E-12
 2.050000E-01	 2.94091713E-09	 1.49370450E-09	 6.62826710E-10	 2.80210735E-10	-3.66503421E-11	-2.88289569E-11	-1.96238997E-11	-1.20494380E-11
 2.100000E-01	 3.92908760E-09	 2.05746577E-09	 9.36978777E-10	 4.03125077E-10	-4.86995403E-11	-3.56364829E-11	-2.36072063E-11	-1.45531299E-11
 2.150000E-01	 5.15703673E-09	 2.78205138E-09	 1.29934610E-09	 5.68794046E-10	-6.40282016E-11	-4.23859762E-11	-2.68292806E-11	-1.64926553E-11
 2.200000E-01	 6.65156336E-09	 3.69411608E-09	 1.76811814E-09	 7.87330880E-10	-8.16732982E-11	-5.00108116E-11	-3.06512538E-11	-1.87887402E-11
 2.250000E-01	 8.46194135E-09	 4.83494439E-09	 2.36961073E-09	 1.07304429E-09	-1.00465203E-10	-5.98936770E-11	-3.69072881E-11	-2.27642254E-11
 2.300000E-01	 1.06542760E-08	 6.25849179E-09	 3.13828018E-09	 1.44477682E-09	-1.21193421E-10	-7.14358660E-11	-4.45577638E-11	-2.76607096E-11
 2.350000E-01	 1.32783692E-08	 8.01226943E-09	 4.10756721E-09	 1.92190489E-09	-1.45181135E-10	-8.33342602E-11	-5.16936880E-11	-3.19640200E-11
 2.400000E-01	 1.63752624E-08	 1.01409287E-08	 5.31095850E-09	 2.52483569E-09	-1.71979713E-10	-9.59781565E-11	-5.89799051E-11	-3.59752219E-11
 2.450000E-01	 1.99994363E-08	 1.26994142E-08	 6.78869508E-09	 3.27857466E-09	-2.01180127E-10	-1.09980964E-10	-6.68137535E-11	-3.98202247E-11
 2.500000E-01	 2.42045787E-08	 1.57445184E-08	 8.58476585E-09	 4.21116029E-09	-2.36838480E-10	-1.22738621E-10	-6.89087539E-11	-3.82096988E-11
 2.550000E-01	 2.89928885E-08	 1.93020072E-08	 1.07294624E-08	 5.34400809E-09	-2.78517067E-10	-1.32316433E-10	-6.42010664E-11	-3.07728560E-11
 2.600000E-01	 3.44246417E-08	 2.34387712E-08	 1.32737152E-08	 6.70841926E-09	-2.90235252E-10	-1.57861102E-10	-9.91745772E-11	-6.01384152E-11
 2.650000E-01	 4.11163586E-08	 2.86129368E-08	 1.64895833E-08	 8.45010601E-09	-2.38078737E-10	-2.24988632E-10	-2.22274280E-10	-1.70221238E-10
 2.700000E-01	 4.99092889E-08	 3.54702517E-08	 2.07820338E-08	 1.07938658E-08	-1.97034158E-10	-2.99710617E-10	-3.42378162E-10	-2.74740913E-10
 2.750000E-01	 6.04204373E-08	 4.38065383E-08	 2.60850972E-08	 1.37292755E-08	-2.57580248E-10	-3.22800654E-10	-3.37642850E-10	-2.60436652E-10
 2.800000E-01	 7.17502741E-08	 5.30194378E-08	 3.20727570E-08	 1.70996981E-08	-3.20595891E-10	-3.26569027E-10	-3.20810789E-10	-2.40856726E-10
 2.850000E-01	 8.47229021E-08	 6.37633879E-08	 3.91475854E-08	 2.11271028E-08	-2.48813665E-10	-3.84020626E-10	-4.65204717E-10	-3.84425111E-10
 2.900000E-01	 1.00866693E-07	 7.72616247E-08	 4.80955421E-08	 2.62574815E-08	-1.49307188E-10	-4.67456074E-10	-6.52389536E-10	-5.65288913E-10
 2.950000E-01	 1.19785099E-07	 9.32955413E-08	 5.88506229E-08	 3.24903873E-08	-1.88668720E-10	-5.01997881E-10	-6.79915004E-10	-5.77400811E-10
 3.000000E-01	 1.40245110E-07	 1.10965224E-07	 7.08903722E-08	 3.95607635E-08	-2.87815358E-10	-4.98503459E-10	-6.28365655E-10	-5.10801107E-10
 3.050000E-01	 1.62571398E-07	 1.30567845E-07	 8.44126964E-08	 4.75886370E-08	-3.04672482E-10	-5.09087530E-10	-6.60090730E-10	-5.35391763E-10
 3.100000E-01	 1.87646903E-07	 1.52855927E-07	 9.99225459E-08	 5.68757091E-08	-3.03820908E-10	-5.27430796E-10	-7.07104759E-10	-5.69630333E-10
 3.150000E-01	 2.15100821E-07	 1.77565324E-07	 1.17284402E-07	 6.73694969E-08	-4.02884268E-10	-5.18789493E-10	-6.37390275E-10	-4.67047650E-10
 3.200000E-01	 2.44074810E-07	 2.04004675E-07	 1.36060414E-07	 7.88330366E-08	-5.49611600E-10	-4.86793130E-10	-5.00337277E-10	-2.87165977E-10
 3.250000E-01	 2.74708945E-07	 2.32294573E-07	 1.56324855E-07	 9.13127627E-08	-6.41219371E-10	-4.55106870E-10	-4.01566608E-10	-1.50122764E-10
 3.300000E-01	 3.07587192E-07	 2.62933019E-07	 1.78408966E-07	 1.05006631E-07	-6.75982973E-10	-4.27750269E-10	-3.40075615E-10	-5.31995532E-11
 3.350000E-01	 3.43054872E-07	 2.96226452E-07	 2.02529843E-07	 1.20049253E-07	-6.72502143E-10	-3.97330489E-10	-2.90780218E-10	 3.03454748E-11
 3.400000E-01	 3.81570266E-07	 3.32589804E-07	 2.28978705E-07	 1.36616345E-07	-5.67421159E-10	-3.65316688E-10	-3.11422607E-10	 2.67654117E-11
 3.450000E-01	 4.24333829E-07	 3.73100176E-07	 2.58496256E-07	 1.55150212E-07	-2.99966544E-10	-3.43508527E-10	-4.63368192E-10	-1.35922594E-10
 3.500000E-01	 4.72782620E-07	 4.19062838E-07	 2.92006069E-07	 1.76215922E-07	 1.42714603E-12	-3.31571135E-10	-6.28257010E-10	-3.01981332E-10
 3.550000E-01	 5.26951103E-07	 4.70548086E-07	 3.29614281E-07	 1.99902339E-07	 2.22090570E-10	-3.11084845E-10	-6.95982983E-10	-3.40901292E-10
 3.600000E-01	 5.87053668E-07	 5.27803340E-07	 3.71533994E-07	 2.26343549E-07	 7.39133058E-10	-2.79077564E-10	-1.00692429E-09	-7.14046119E-10
 3.650000E-01	 6.57609999E-07	 5.95025863E-07	 4.20715212E-07	 2.57305137E-07	 1.97051687E-09	-2.61909135E-10	-1.93686669E-09	-1.90136092E-09
 3.700000E-01	 7.44284521E-07	 6.77509031E-07	 4.80934621E-07	 2.95097132E-07	 3.40083465E-09	-2.65047005E-10	-3.02807149E-09	-3.26513813E-09
 3.750000E-01	 8.46003066E-07	 7.74360081E-07	 5.51642257E-07	 3.39446109E-07	 4.24745266E-09	-2.58543098E-10	-3.59125813E-09	-3.88986517E-09
 3.800000E-01	 9.58735317E-07	 8.81911476E-07	 6.30275883E-07	 3.88831346E-07	 4.43790521E-09	-2.33407271E-10	-3.57130461E-09	-3.71640688E-09
 3.850000E-01	 1.08012848E-06	 9.98001827E-07	 7.15306378E-07	 4.42332383E-07	 4.26665717E-09	-1.86770195E-10	-3.23000489E-09	-3.11241349E-09
 3.900000E-01	 1.20948952E-06	 1.12201670E-06	 8.06263229E-07	 4.99633399E-07	 4.57329528E-09	-8.81692460E-11	-3.28086398E-09	-3.07806070E-09
 3.950000E-01	 1.35384746E-06	 1.26063026E-06	 9.07827855E-07	 5.63520647E-07	 6.08981852E-09	 4.48575190E-11	-4.34307282E-09	-4.42710873E-09
 4.000000E-01	 1.52150642E-06	 1.42172826E-06	 1.02560814E-06	 6.37398535E-07	 7.59476512E-09	 1.33557263E-10	-5.37784457E-09	-5.64467909E-09
 4.050000E-01	 1.70639650E-06	 1.59956085E-06	 1.15550280E-06	 7.18790398E-07	 7.45533252E-09	 1.64802682E-10	-4.99848483E-09	-4.82428405E-09
 4.100000E-01	 1.89735490E-06	 1.78351556E-06	 1.28986398E-06	 8.02994578E-07	 6.10354095E-09	 1.90523744E-10	-3.56369370E-09	-2.53810052E-09
 4.150000E-01	 2.09241089E-06	 1.97171133E-06	 1.42730828E-06	 8.89106164E-07	 4.85646159E-09	 2.56570344E-10	-2.18467780E-09	-3.70650810E-10
 4.200000E-01	 2.29582690E-06	 2.16823031E-06	 1.57068285E-06	 9.78769033E-07	 5.54883656E-09	 4.58397761E-10	-2.40394569E-09	-4.97658615E-10
 4.250000E-01	 2.52630174E-06	 2.39100447E-06	 1.73261058E-06	 1.07952508E-06	 9.36825057E-09	 7.72711567E-10	-5.20163857E-09	-4.18393750E-09
 4.300000E-01	 2.80288568E-06	 2.65824972E-06	 1.92602353E-06	 1.19919985E-06	 1.25107736E-08	 8.74496678E-10	-7.39934022E-09	-6.76417109E-09
 4.350000E-01	 3.10475765E-06	 2.94985401E-06	 2.13661295E-06	 1.32911629E-06	 1.08032647E-08	 6.68918380E-10	-5.54270314E-09	-3.48517439E-09
 4.400000E-01	 3.40282036E-06	 3.23787437E-06	 2.34425530E-06	 1.45686330E-06	 8.61653636E-09	 6.32787173E-10	-3.29567652E-09	 1.81034383E-10
 4.450000E-01	 3.71979757E-06	 3.54433210E-06	 2.56416834E-06	 1.59129354E-06	 1.15836550E-08	 9.60835881E-10	-5.34726295E-09	-2.27215398E-09
 4.500000E-01	 4.08968220E-06	 3.90191190E-06	 2.81929548E-06	 1.74607461E-06	 1.51097997E-08	 1.10752355E-09	-7.84353140E-09	-5.03781793E-09
 4.550000E-01	 4.48953622E-06	 4.28822779E-06	 3.09364164E-06	 1.91146899E-06	 1.28684774E-08	 8.11967881E-10	-5.50130068E-09	-7.44437901E-10
 4.600000E-01	 4.88276192E-06	 4.66787051E-06	 3.36179025E-06	 2.07189782E-06	 9.14154009E-09	 6.11053836E-10	-1.91223444E-09	 5.18133158E-09
 4.650000E-01	 5.28798577E-06	 5.05886279E-06	 3.63587891E-06	 2.23420516E-06	 1.01166230E-08	 7.75774424E-10	-2.23837888E-09	 5.54186105E-09
 4.700000E-01	 5.73682437E-06	 5.49152943E-06	 3.93681074E-06	 2.41057081E-06	 1.19139891E-08	 8.06357517E-10	-3.14650075E-09	 5.34492600E-09
 4.750000E-01	 6.21106903E-06	 5.94787892E-06	 4.25176812E-06	 2.59316780E-06	 9.22757883E-09	 5.09387908E-10	-1.12675529E-10	 1.08198517E-08
 4.800000E-01	 6.68493125E-06	 6.40281166E-06	 4.56278336E-06	 2.77095459E-06	 7.77461506E-09	 4.78179260E-10	 1.91114653E-09	 1.47253995E-08
 4.850000E-01	 7.19738822E-06	 6.89398481E-06	 4.89518707E-06	 2.95818768E-06	 1.40124898E-08	 8.22444231E-10	-2.68125089E-09	 9.55318760E-09
 4.900000E-01	 7.79424202E-06	 7.46516263E-06	 5.27845774E-06	 3.17155717E-06	 1.80100964E-08	 6.31436104E-10	-5.19340566E-09	 7.96546496E-09
 4.950000E-01	 8.41372839E-06	 8.05555692E-06	 5.66998905E-06	 3.38593613E-06	 8.94295140E-09	-2.55207968E-10	 3.88150703E-09	 2.26827946E-08
 5.000000E-01	 8.98114779E-06	 8.59268084E-06	 6.01943305E-06	 3.57185526E-06	 1.85894520E-09	-6.82631599E-10	 1.11402815E-08	 3.43139868E-08
 5.050000E-01	 9.59211379E-06	 9.16981933E-06	 6.39032434E-06	 3.76524009E-06	 1.47903541E-08	-5.88065569E-10	 3.80188904E-10	 2.12445594E-08
 5.100000E-01	 1.03795851E-05	 9.91545875E-06	 6.86943802E-06	 4.01466402E-06	 3.29650876E-08	-1.35793529E-09	-1.51980650E-08	 2.92726131E-09
 5.150000E-01	 1.12927489E-05	 1.07793630E-05	 7.42125765E-06	 4.29890829E-06	 3.60055775E-08	-3.23081905E-09	-1.71795496E-08	 4.17073431E-09
 5.200000E-01	 1.22369827E-05	 1.16700451E-05	 7.98283798E-06	 4.58158226E-06	 3.42693220E-08	-5.29858298E-09	-1.52060018E-08	 1.08226086E-08
 5.250000E-01	 1.32661201E-05	 1.26407117E-05	 8.58884947E-06	 4.88059548E-06	 4.49025443E-08	-7.58180176E-09	-2.53645803E-08	 1.47993731E-09
 5.300000E-01	 1.44796544E-05	 1.37882655E-05	 9.30198191E-06	 5.22832880E-06	 6.53338109E-08	-1.07906888E-08	-4.56513212E-08	-2.00223826E-08
 5.350000E-01	 1.59093031E-05	 1.51436242E-05	 1.01391620E-05	 5.63094600E-06	 8.53921179E-08	-1.52484665E-08	-6.66787513E-08	-4.05688121E-08
 5.400000E-01	 1.75398657E-05	 1.66926470E-05	 1.10873501E-05	 6.07814619E-06	 9.04996853E-08	-2.05372118E-08	-7.36768781E-08	-4.11137845E-08
 5.450000E-01	 1.92377833E-05	 1.83076649E-05	 1.20612658E-05	 6.52226665E-06	 7.23322055E-08	-2.52625430E-08	-5.76651616E-08	-1.16804698E-08
 5.500000E-01	 2.08805559E-05	 1.98732034E-05	 1.29851721E-05	 6.92195778E-06	 6.39107367E-08	-2.97378441E-08	-5.23597875E-08	 3.10679514E-09
 5.550000E-01	 2.26917325E-05	 2.16087525E-05	 1.39968340E-05	 7.34499967E-06	 9.70138065E-08	-3.72389895E-08	-9.12456811E-08	-3.69800710E-08
 5.600000E-01	 2.49278889E-05	 2.37646755E-05	 1.52497857E-05	 7.86361129E-06	 1.22951045E-07	-4.70585837E-08	-1.23307205E-07	-6.44233510E-08
 5.650000E-01	 2.72805271E-05	 2.60443610E-05	 1.65526240E-05	 8.37771231E-06	 8.66713803E-08	-5.30185722E-08	-8.85445544E-08	-7.10773255E-09
 5.700000E-01	 2.93404954E-05	 2.80544961E-05	 1.76589686E-05	 8.76574436E-06	 4.13420759E-08	-5.56631319E-08	-4.31327392E-08	 6.02513962E-08
 5.750000E-01	 3.13678094E-05	 3.00509550E-05	 1.87262124E-05	 9.10214655E-06	 5.54032507E-08	-6.29590131E-08	-6.29275374E-08	 4.65632295E-08
 5.800000E-01	 3.37709666E-05	 3.24343342E-05	 1.99946223E-05	 9.49434419E-06	 8.85388508E-08	-7.47953803E-08	-1.04340143E-07	 1.02828933E-08
 5.850000E-01	 3.63824202E-05	 3.50451093E-05	 2.13610601E-05	 9.88844098E-06	 7.91922100E-08	-8.36403329E-08	-9.72348524E-08	 3.53486603E-08
 5.900000E-01	 3.88756740E-05	 3.75681066E-05	 2.26334578E-05	 1.01955863E-05	 4.24466605E-08	-8.82541605E-08	-5.70518311E-08	 9.90918169E-08
 5.950000E-01	 4.12288659E-05	 3.99851077E-05	 2.38010875E-05	 1.04113548E-05	 1.52056305E-08	-9.27613622E-08	-2.58846572E-08	 1.50261291E-07
 6.000000E-01	 4.35520822E-05	 4.24083902E-05	 2.49299950E-05	 1.05635084E-05	 1.72133014E-08	-1.01615369E-07	-2.87908592E-08	 1.60670676E-07
 6.050000E-01	 4.60853990E-05	 4.50832531E-05	 2.61610182E-05	 1.07059152E-05	 5.73569852E-08	-1.19111565E-07	-7.93342402E-08	 1.17623857E-07
 6.100000E-01	 4.90856519E-05	 4.82774975E-05	 2.76415581E-05	 1.08871717E-05	 1.11746452E-07	-1.43433645E-07	-1.49578100E-07	 5.67338953E-08
 6.150000E-01	 5.25244076E-05	 5.19782242E-05	 2.93540735E-05	 1.10873045E-05	 1.51146356E-07	-1.68870153E-07	-2.02568788E-07	 2.03181826E-08
 6.200000E-01	 5.62907915E-05	 5.60916550E-05	 3.12367114E-05	 1.12708815E-05	 1.79014712E-07	-1.94540773E-07	-2.41477401E-07	 2.71970322E-09
 6.250000E-01	 6.03826580E-05	 6.06361043E-05	 3.32916925E-05	 1.14259385E-05	 2.10473576E-07	-2.23158019E-07	-2.85727935E-07	-1.88174059E-08
 6.300000E-01	 6.48690813E-05	 6.57073876E-05	 3.55626390E-05	 1.15520322E-05	 2.66083023E-07	-2.60167682E-07	-3.64828978E-07	-7.64710253E-08
 6.350000E-01	 6.99937685E-05	 7.15918139E-05	 3.81916943E-05	 1.16733942E-05	 3.59166219E-07	-3.11116810E-07	-4.99497287E-07	-1.90100728E-07
 6.400000E-01	 7.59888266E-05	 7.85799211E-05	 4.13177601E-05	 1.18035341E-05	 4.52447135E-07	-3.69104687E-07	-6.38203762E-07	-3.00284557E-07
 6.450000E-01	 8.26451567E-05	 8.65113383E-05	 4.48443790E-05	 1.18871475E-05	 5.04230542E-07	-4.21554716E-07	-7.19935924E-07	-3.43254863E-07
 6.500000E-01	 8.96538349E-05	 9.51210211E-05	 4.86312193E-05	 1.18671575E-05	 5.43188806E-07	-4.72285562E-07	-7.84129227E-07	-3.66453122E-07
 6.550000E-01	 9.70913957E-05	 1.04563769E-04	 5.27602678E-05	 1.17483016E-05	 6.08193514E-07	-5.32261498E-07	-8.87603710E-07	-4.30649482E-07
 6.600000E-01	 1.05078599E-04	 1.15063399E-04	 5.73538590E-05	 1.15443614E-05	 6.69613677E-07	-5.95189792E-07	-9.84860578E-07	-4.85551038E-07
 6.650000E-01	 1.13339256E-04	 1.26422716E-04	 6.23404693E-05	 1.12377852E-05	 6.91608847E-07	-6.48014687E-07	-1.01777158E-06	-4.73601982E-07
 6.700000E-01	 1.21551100E-04	 1.38393017E-04	 6.76420025E-05	 1.08279118E-05	 7.22161995E-07	-7.00340472E-07	-1.05908494E-06	-4.77948949E-07
 6.750000E-01	 1.29935476E-04	 1.51363359E-04	 7.35012956E-05	 1.03742412E-05	 8.16541776E-07	-7.69599974E-07	-1.19652887E-06	-5.89982761E-07
 6.800000E-01	 1.38746210E-04	 1.65809608E-04	 8.02139413E-05	 9.94478577E-06	 9.17681249E-07	-8.41970054E-07	-1.33865828E-06	-7.08152602E-07
 6.850000E-01	 1.47490093E-04	 1.81335607E-04	 8.76729548E-05	 9.57298629E-06	 9.44046833E-07	-8.90827940E-07	-1.35039988E-06	-6.92154364E-07
 6.900000E-01	 1.55444320E-04	 1.97219274E-04	 9.56344343E-05	 9.31037401E-06	 8.95364291E-07	-9.11786192E-07	-1.22345771E-06	-5.38803935E-07
 6.950000E-01	 1.62138561E-04	 2.12988848E-04	 1.03989132E-04	 9.25266039E-06	 8.15302108E-07	-9.14406671E-07	-1.02301952E-06	-3.21183619E-07
 7.000000E-01	 1.67382606E-04	 2.28494527E-04	 1.12785062E-04	 9.52323131E-06	 8.31454280E-07	-9.23538647E-07	-9.54847718E-07	-2.71750814E-07
 7.050000E-01	 1.71968688E-04	 2.44999288E-04	 1.22779316E-04	 1.03137293E-05	 1.05112548E-06	-9.63576945E-07	-1.19198072E-06	-5.80957799E-07
 7.100000E-01	 1.76628557E-04	 2.63915720E-04	 1.34869482E-04	 1.18606292E-05	 1.29163553E-06	-1.00848613E-06	-1.43903315E-06	-9.02538843E-07
 7.150000E-01	 1.80304290E-04	 2.84078177E-04	 1.48695827E-04	 1.43367754E-05	 1.34401267E-06	-1.01593494E-06	-1.35688023E-06	-8.54320629E-07
 7.200000E-01	 1.81820014E-04	 3.03876537E-04	 1.63614756E-04	 1.78842306E-05	 1.42107821E-06	-9.90384986E-07	-1.27011504E-06	-8.45186071E-07
 7.250000E-01	 1.81898532E-04	 3.24792250E-04	 1.80611131E-04	 2.28192148E-05	 1.78247995E-06	-9.54309787E-07	-1.57382605E-06	-1.35218222E-06
 7.300000E-01	 1.81208531E-04	 3.48684373E-04	 2.01036649E-04	 2.96202167E-05	 2.13825261E-06	-9.22218292E-07	-1.83829381E-06	-1.80369815E-06
 7.350000E-01	 1.78098674E-04	 3.73105178E-04	 2.23865167E-04	 3.85186169E-05	 2.13113512E-06	-9.00182001E-07	-1.54993381E-06	-1.52931538E-06
 7.400000E-01	 1.70987746E-04	 3.94887159E-04	 2.47409803E-04	 4.95114168E-05	 2.11116022E-06	-8.35355505E-07	-1.19528115E-06	-1.22027349E-06
 7.450000E-01	 1.60771238E-04	 4.16111625E-04	 2.73113947E-04	 6.31169938E-05	 2.54236945E-06	-6.66215323E-07	-1.38782731E-06	-1.74336132E-06
 7.500000E-01	 1.48228742E-04	 4.39806669E-04	 3.03375994E-04	 8.03149934E-05	 3.10536466E-06	-4.76181298E-07	-1.71162092E-06	-2.45185480E-06
 7.550000E-01	 1.32045999E-04	 4.63719935E-04	 3.37221471E-04	 1.01423771E-04	 3.33281632E-06	-3.79274459E-07	-1.60165221E-06	-2.46770789E-06
 7.600000E-01	 1.11036078E-04	 4.84521909E-04	 3.72581867E-04	 1.26249911E-04	 3.50007533E-06	-2.58602002E-07	-1.37245663E-06	-2.34766025E-06
 7.650000E-01	 8.53226594E-05	 5.03254496E-04	 4.10493709E-04	 1.55470011E-04	 4.00730246E-06	 3.54905790E-08	-1.45183704E-06	-2.83184807E-06
 7.700000E-01	 5.47070013E-05	 5.21348796E-04	 4.52633875E-04	 1.90231657E-04	 4.47962349E-06	 2.63043061E-07	-1.52370933E-06	-3.18899048E-06
 7.750000E-01	 1.83556479E-05	 5.34996630E-04	 4.96215253E-04	 2.29923003E-04	 4.44128784E-06	 1.38101278E-07	-1.22651805E-06	-2.58033836E-06
 7.800000E-01	-2.36393977E-05	 5.40090075E-04	 5.37339262E-04	 2.72879827E-04	 4.42534607E-06	 6.37484759E-08	-9.43175788E-07	-2.02723843E-06
 7.850000E-01	-7.10002430E-05	 5.39585319E-04	 5.78665714E-04	 3.20377150E-04	 5.13855235E-06	 5.72032561E-07	-1.08753100E-06	-2.73793688E-06
 7.900000E-01	-1.24791391E-04	 5.37129284E-04	 6.24708867E-04	 3.75322284E-04	 6.11679489E-06	 1.24414094E-06	-1.40312306E-06	-3.82709260E-06
 7.950000E-01	-1.85460095E-04	 5.29357219E-04	 6.72740940E-04	 4.36820219E-04	 6.61196328E-06	 1.41002402E-06	-1.59042711E-06	-4.05715215E-06
 8.000000E-01	-2.51843346E-04	 5.11730277E-04	 7.17406050E-04	 5.01668644E-04	 6.78939944E-06	 1.22962656E-06	-1.76575322E-06	-3.79391551E-06
 8.050000E-01	-3.23073814E-04	 4.83534584E-04	 7.57197953E-04	 5.68497994E-04	 7.07034137E-06	 1.10456172E-06	-2.09308841E-06	-3.75324722E-06
 8.100000E-01	-3.98612519E-04	 4.44998157E-04	 7.91772363E-04	 6.36565340E-04	 7.41904270E-06	 9.62403190E-07	-2.61556702E-06	-3.89311087E-06
 8.150000E-01	-4.77189829E-04	 3.95785736E-04	 8.19513280E-04	 7.03906825E-04	 7.75126293E-06	 7.50695496E-07	-3.28798821E-06	-4.09681689E-06
 8.200000E-01	-5.57907845E-04	 3.36424214E-04	 8.39934323E-04	 7.69139554E-04	 8.58576711E-06	 1.40816321E-06	-3.65886407E-06	-4.90922044E-06
 8.250000E-01	-6.45446665E-04	 2.69619430E-04	 8.59950910E-04	 8.38004771E-04	 1.04226805E-05	 3.72443688E-06	-3.34477178E-06	-6.70034737E-06
 8.300000E-01	-7.46480353E-04	 1.95307170E-04	 8.85799140E-04	 9.17185640E-04	 1.21859714E-05	 5.52667040E-06	-3.52087546E-06	-8.36624672E-06
 8.350000E-01	-8.52258118E-04	 1.08647879E-04	 9.04507860E-04	 9.93706349E-04	 1.24988417E-05	 4.33175674E-06	-5.55639609E-06	-8.89257942E-06
 8.400000E-01	-9.46855786E-04	 9.66098456E-06	 9.00831367E-04	 1.04864637E-03	 1.23605461E-05	 2.56466158E-06	-7.86352157E-06	-9.14326733E-06
 8.450000E-01	-1.03545585E-03	-9.74092821E-05	 8.83577959E-04	 1.08860052E-03	 1.34498356E-05	 3.65693674E-06	-8.25176373E-06	-1.00923501E-05
 8.500000E-01	-1.13238158E-03	-2.12830090E-04	 8.66035494E-04	 1.12793991E-03	 1.52106074E-05	 5.85042075E-06	-8.14904776E-06	-1.14933944E-05
 8.550000E-01	-1.23220334E-03	-3.36329128E-04	 8.43226493E-04	 1.15921741E-03	 1.63745564E-05	 6.23949842E-06	-9.66875360E-06	-1.29447026E-05
 8.600000E-01	-1.32293686E-03	-4.63382705E-04	 8.07945912E-04	 1.17029658E-03	 1.73472520E-05	 6.55799486E-06	-1.10393006E-05	-1.40491995E-05
 8.650000E-01	-1.41371370E-03	-5.95373710E-04	 7.67356197E-04	 1.16919836E-03	 1.91085941E-05	 9.27964786E-06	-1.01554045E-05	-1.45178222E-05
 8.700000E-01	-1.51789889E-03	-7.38454858E-04	 7.27788821E-04	 1.16487721E-03	 2.11410474E-05	 1.12385421E-05	-1.06024017E-05	-1.57662663E-05
 8.750000E-01	-1.61142095E-03	-8.80848024E-04	 6.76853382E-04	 1.13617412E-03	 2.22164032E-05	 8.76402692E-06	-1.58545491E-05	-1.90363307E-05
 8.800000E-01	-1.66469014E-03	-1.00166474E-03	 6.05842819E-04	 1.06446398E-03	 2.28013289E-05	 7.67831391E-06	-1.85356857E-05	-2.04287966E-05
 8.850000E-01	-1.72456387E-03	-1.12486721E-03	 5.35364690E-04	 9.83444044E-04	 2.47105742E-05	 1.49536728E-05	-1.12423900E-05	-1.60809733E-05
 8.900000E-01	-1.85240051E-03	-1.29364968E-03	 4.79652245E-04	 9.21167233E-04	 2.82419353E-05	 2.22437861E-05	-5.62740110E-06	-1.32166915E-05
 8.950000E-01	-1.97985526E-03	-1.46345376E-03	 4.14707196E-04	 8.31647842E-04	 3.14603854E-05	 1.82530105E-05	-1.47453484E-05	-2.01158063E-05
 9.000000E-01	-2.00457641E-03	-1.55191961E-03	 3.24105944E-04	 6.77737373E-04	 3.28011452E-05	 1.04095642E-05	-2.66105782E-05	-2.85071785E-05
 9.050000E-01	-1.97419870E-03	-1.58643413E-03	 2.26099784E-04	 4.95721633E-04	 3.30310744E-05	 1.12622437E-05	-2.50985378E-05	-2.67637320E-05
 9.100000E-01	-1.98562350E-03	-1.64270321E-03	 1.32594330E-04	 3.15861476E-04	 3.36945527E-05	 1.85073560E-05	-1.51182703E-05	-1.81728986E-05
 9.150000E-01	-2.05023910E-03	-1.73105080E-03	 3.80108990E-05	 1.28899091E-04	 3.53800102E-05	 2.45201070E-05	-7.38487907E-06	-1.08133051E-05
 9.200000E-01	-2.13496278E-03	-1.82466529E-03	-7.00019459E-05	-8.02108681E-05	 3.91003834E-05	 2.61157443E-05	-7.02873436E-06	-1.08077379E-05
 9.250000E-01	-2.16525400E-03	-1.85437941E-03	-1.85236571E-04	-3.03950085E-04	 4.43807014E-05	 2.22107740E-05	-1.47597651E-05	-2.01289922E-05
 9.300000E-01	-2.06769990E-03	-1.75917398E-03	-3.00783873E-04	-5.09128565E-04	 4.60220281E-05	 1.75561571E-05	-1.90984522E-05	-2.58233977E-05
 9.350000E-01	-1.93041927E-03	-1.62375685E-03	-4.26508786E-04	-6.83464896E-04	 4.20570020E-05	 1.89868997E-05	-1.03151356E-05	-1.66804537E-05
 9.400000E-01	-1.87490417E-03	-1.54468777E-03	-5.77760922E-04	-8.62940483E-04	 4.00177619E-05	 2.41442721E-05	 1.17882235E-06	-5.75577403E-06
 9.450000E-01	-1.82724551E-03	-1.44292038E-03	-7.29758727E-04	-1.03594888E-03	 4.41011665E-05	 2.68051693E-05	 5.56909923E-06	-7.14567814E-06
 9.500000E-01	-1.66794399E-03	-1.26493111E-03	-8.52353053E-04	-1.07456952E-03	 4.61087894E-05	 2.47102238E-05	 3.30109661E-06	-1.67714986E-05
 9.550000E-01	-1.43312333E-03	-1.02527716E-03	-9.47619570E-04	-1.06314647E-03	 3.91450523E-05	 1.95044844E-05	 5.78392978E-06	-1.05079449E-05
 9.600000E-01	-1.26128386E-03	-8.19034892E-04	-1.05283195E-03	-1.01922830E-03	 3.16660268E-05	 3.02903952E-05	 2.33931914E-05	 2.99171467E-06
 9.650000E-01	-1.08855109E-03	-7.71472803E-04	-1.07529230E-03	-1.02343724E-03	 1.06325637E-05	 6.39950151E-06	 2.23134988E-05	 3.06297875E-05
 9.700000E-01	-9.04840871E-04	-6.54103433E-04	-1.05497154E-03	-1.04327303E-03	 8.06995975E-05	 1.85622941E-04	 1.49695793E-04	 4.38093766E-05
 9.750000E-01	-1.16772542E-03	-6.20964903E-04	-2.76317217E-04	-2.67360298E-04	-3.37845768E-05	 3.32948604E-04	 4.40815708E-04	-2.52586802E-05
 9.800000E-01	-5.57965937E-03	-6.71406105E-03	 2.95683436E-03	 6.57179672E-03	-3.91947969E-06	 2.89612513E-04	-6.94936912E-06	-8.54196599E-04
 9.850000E-01	-3.55783848E-04	 3.44895152E-03	 3.95372166E-04	-1.97817037E-03	 2.82949374E-04	-2.48630336E-03	-1.99808725E-03	 7.34848536E-04
 9.900000E-01	 2.61882950E-04	 5.42546660E-04	 6.51369820E-04	 6.80552175E-05	 8.18146445E-04	 1.04088014E-04	-8.48224469E-05	 1.04451004E-04
 9.950000E-01	-5.26112831E-04	 4.28717881E-03	 6.66734497E-04	-2.16347230E-03	-7.41072523E-04	-6.93180853E-03	-6.18572247E-03	-1.89919114E-03
 1.000000E+00	 0.00000000E+00	 0.00000000E+00	 0.00000000E+00	 0.00000000E+00	 0.00000000E+00	 0.00000000E+00	 0.00000000E+00	 0.00000000E+00
