r	R 13/13	R 14/13	R 15/13	R 16/13	I 13/13	I 14/13	I 15/13	I 16/13
 0.000000E+00	 0.00000000E+00	 0.00000000E+00	 0.00000000E+00	 0.00000000E+00	 0.00000000E+00	 0.00000000E+00	 0.00000000E+00	 0.00000000E+00
 5.000000E-03	-1.03215448E-30	-5.78416945E-32	 1.23842567E-30	-2.75963685E-31	 9.69645265E-28	-2.96040692E-28	-7.38358042E-28	-2.10460035E-28
 1.000000E-02	-9.82655446E-29	 1.38692586E-29	 6.17033703E-29	-1.47402839E-29	 5.69924740E-26	 7.92626100E-27	 4.65651464E-26	-2.80825583E-26
 1.500000E-02	-2.77743597E-27	 5.47719569E-28	 9.40050175E-28	-1.65644271E-28	-6.60510997E-25	 9.04413746E-25	 2.60927552E-24	-6.34551161E-25
 2.000000E-02	-3.81530425E-26	 7.14457807E-27	 5.86285967E-27	-3.75185886E-28	-5.09864629E-23	 1.93722126E-23	 4.56981995E-23	-6.02988606E-24
 2.500000E-02	-3.13468193E-25	 4.65280448E-26	 8.18523238E-27	 4.12303415E-27	-9.00566785E-22	 2.09322194E-22	 4.49092626E-22	-2.88134285E-23
 3.000000E-02	-1.78250084E-24	 1.78975422E-25	-9.48669182E-26	 2.50669261E-26	-9.09340062E-21	 1.44241965E-21	 3.02357058E-21	-4.14524782E-23
 3.500000E-02	-8.26682886E-24	 3.67930800E-25	-4.21311804E-25	 1.09881725E-25	-6.43898287E-20	 7.04765490E-21	 1.54945245E-20	 4.26836217E-22
 4.000000E-02	-3.52773656E-23	-2.72699912E-25	-1.61001710E-25	 5.89496488E-25	-3.53063022E-19	 2.55172810E-20	 6.44633393E-20	 4.07718121E-21
 4.500000E-02	-1.39112118E-22	-6.79418657E-24	 2.99848161E-24	 2.68577459E-24	-1.59177003E-18	 6.69930285E-20	 2.27183385E-19	 2.16748253E-20
 5.000000E-02	-4.95456740E-22	-4.29074363E-23	 1.44683048E-23	 1.07571628E-23	-6.14283656E-18	 1.00864599E-19	 6.98256450E-19	 8.75216747E-20
 5.500000E-02	-1.60405854E-21	-2.00060736E-22	 5.43791228E-23	 3.99882457E-23	-2.08814110E-17	-1.27886170E-19	 1.90996514E-18	 2.94258880E-19
 6.000000E-02	-4.84007091E-21	-7.98678439E-22	 2.29942984E-22	 1.58690415E-22	-6.38678088E-17	-1.68668347E-18	 4.71435544E-18	 8.60422041E-19
 6.500000E-02	-1.39318532E-20	-2.82945530E-21	 9.21952505E-22	 6.03944636E-22	-1.78644234E-16	-8.03939396E-18	 1.05916114E-17	 2.24298137E-18
 7.000000E-02	-3.81189807E-20	-8.81209030E-21	 2.66090387E-21	 1.84188418E-21	-4.62805604E-16	-2.88319585E-17	 2.17381068E-17	 5.29117490E-18
 7.500000E-02	-9.72837757E-20	-2.44415880E-20	 5.20261040E-21	 4.40835974E-21	-1.12178735E-15	-8.81559280E-17	 4.06522638E-17	 1.13893930E-17
 8.000000E-02	-2.29403490E-19	-6.15980222E-20	 5.60729098E-21	 8.27673405E-21	-2.56502116E-15	-2.41318110E-16	 6.83942691E-17	 2.24248050E-17
 8.500000E-02	-5.00319633E-19	-1.43040587E-19	-5.69651804E-21	 1.12627405E-20	-5.57019530E-15	-6.06863714E-16	 9.99305829E-17	 4.01943794E-17
 9.000000E-02	-1.01592661E-18	-3.10566458E-19	-5.01198109E-20	 6.77398572E-21	-1.15528504E-14	-1.42465947E-15	 1.13730613E-16	 6.44736187E-17
 9.500000E-02	-1.93964026E-18	-6.38138232E-19	-1.67727318E-19	-1.93366603E-20	-2.29932203E-14	-3.15661452E-15	 5.08655887E-17	 8.83177000E-17
 1.000000E-01	-3.52287170E-18	-1.25724597E-18	-4.22260410E-19	-8.90153209E-20	-4.40908138E-14	-6.65466051E-15	-2.23979637E-16	 8.81587504E-17
 1.050000E-01	-6.16207094E-18	-2.39437617E-18	-9.10855927E-19	-2.36952504E-19	-8.17394637E-14	-1.34313385E-14	-9.91222813E-16	 4.76437805E-18
 1.100000E-01	-1.04454231E-17	-4.38200245E-18	-1.82462445E-18	-5.57481272E-19	-1.46944446E-13	-2.60830166E-14	-2.79217697E-15	-2.91009772E-16
 1.150000E-01	-1.71223047E-17	-7.65679365E-18	-3.53378709E-18	-1.26766322E-18	-2.56832122E-13	-4.89343827E-14	-6.61735455E-15	-1.05680562E-15
 1.200000E-01	-2.70768694E-17	-1.28193259E-17	-6.59828602E-18	-2.71747958E-18	-4.37445381E-13	-8.89973934E-14	-1.42033368E-14	-2.77505655E-15
 1.250000E-01	-4.13977088E-17	-2.07157022E-17	-1.17589206E-17	-5.40131565E-18	-7.27543438E-13	-1.57363120E-13	-2.84873253E-14	-6.30577544E-15
 1.300000E-01	-6.14844860E-17	-3.25241437E-17	-1.99738360E-17	-9.99523581E-18	-1.18363122E-12	-2.71170290E-13	-5.42840450E-14	-1.31210646E-14
 1.350000E-01	-8.92060259E-17	-4.98415493E-17	-3.24752275E-17	-1.74381248E-17	-1.88654493E-12	-4.56346113E-13	-9.92729046E-14	-2.56558351E-14
 1.400000E-01	-1.26948668E-16	-7.44987975E-17	-5.09568673E-17	-2.92415048E-17	-2.94989925E-12	-7.51346430E-13	-1.75407945E-13	-4.78203042E-14
 1.450000E-01	-1.77326953E-16	-1.08197366E-16	-7.77375430E-17	-4.78145183E-17	-4.53074540E-12	-1.21217287E-12	-3.00895517E-13	-8.57343982E-14
 1.500000E-01	-2.42820140E-16	-1.52133846E-16	-1.15664486E-16	-7.66325630E-17	-6.84275283E-12	-1.91897555E-12	-5.02923132E-13	-1.48763219E-13
 1.550000E-01	-3.25504500E-16	-2.06803247E-16	-1.67808792E-16	-1.20048936E-16	-1.01720580E-11	-2.98454165E-12	-8.21354876E-13	-2.50952454E-13
 1.600000E-01	-4.28251629E-16	-2.74246037E-16	-2.36449822E-16	-1.81243713E-16	-1.48966461E-11	-4.56518593E-12	-1.31362208E-12	-4.12979366E-13
 1.650000E-01	-5.58544542E-16	-3.60602635E-16	-3.22263712E-16	-2.61029569E-16	-2.15091106E-11	-6.87436723E-12	-2.06113575E-12	-6.64769368E-13
 1.700000E-01	-7.28619099E-16	-4.69970982E-16	-4.26235035E-16	-3.63533087E-16	-3.06430390E-11	-1.01994658E-11	-3.17755416E-12	-1.04895915E-12
 1.750000E-01	-9.48150236E-16	-5.96543085E-16	-5.51350949E-16	-5.00098697E-16	-4.31030230E-11	-1.49221603E-11	-4.81930321E-12	-1.62542950E-12
 1.800000E-01	-1.22377163E-15	-7.33982038E-16	-6.98752631E-16	-6.78647002E-16	-5.98979074E-11	-2.15425715E-11	-7.19862987E-12	-2.47712471E-12
 1.850000E-01	-1.57203237E-15	-8.89675802E-16	-8.63471073E-16	-8.93782218E-16	-8.22811949E-11	-3.07086291E-11	-1.05995382E-11	-3.71739333E-12
 1.900000E-01	-2.02625962E-15	-1.08024873E-15	-1.03731875E-15	-1.13413839E-15	-1.11795113E-10	-4.32504738E-11	-1.53976110E-11	-5.49930141E-12
 1.950000E-01	-2.63149903E-15	-1.32205615E-15	-1.21354848E-15	-1.39066756E-15	-1.50315769E-10	-6.02192702E-11	-2.20838737E-11	-8.02724491E-12
 2.000000E-01	-3.44220638E-15	-1.63044180E-15	-1.38658141E-15	-1.65521908E-15	-2.00103397E-10	-8.29316126E-11	-3.12926613E-11	-1.15710671E-11
 2.050000E-01	-4.52280886E-15	-2.02142776E-15	-1.55065841E-15	-1.91733490E-15	-2.63856305E-10	-1.13019420E-10	-4.38341091E-11	-1.64830501E-11
 2.100000E-01	-5.94820464E-15	-2.51715958E-15	-1.70103901E-15	-2.16080873E-15	-3.44766295E-10	-1.52484430E-10	-6.07313832E-11	-2.32180673E-11
 2.150000E-01	-7.80610785E-15	-3.15325251E-15	-1.83711638E-15	-2.36164754E-15	-4.46572838E-10	-2.03756113E-10	-8.32623052E-11	-3.23569235E-11
 2.200000E-01	-1.02001626E-14	-3.99095032E-15	-1.96951474E-15	-2.48675715E-15	-5.73624681E-10	-2.69756039E-10	-1.13005116E-10	-4.46327011E-11
 2.250000E-01	-1.32556362E-14	-5.12883482E-15	-2.12909054E-15	-2.49777621E-15	-7.30942374E-10	-3.53966722E-10	-1.51889396E-10	-6.09606379E-11
 2.300000E-01	-1.71191063E-14	-6.69018976E-15	-2.37033802E-15	-2.36894099E-15	-9.24281923E-10	-4.60504213E-10	-2.02251368E-10	-8.24713945E-11
 2.350000E-01	-2.19487252E-14	-8.80491449E-15	-2.77144142E-15	-2.10160258E-15	-1.16020436E-09	-5.94196504E-10	-2.66893600E-10	-1.10547548E-10
 2.400000E-01	-2.79106964E-14	-1.16201756E-14	-3.43904036E-15	-1.72159998E-15	-1.44614971E-09	-7.60666883E-10	-3.49149222E-10	-1.46863394E-10
 2.450000E-01	-3.51839186E-14	-1.53104114E-14	-4.51051959E-15	-1.28289911E-15	-1.79050399E-09	-9.66415836E-10	-4.52948937E-10	-1.93427667E-10
 2.500000E-01	-4.39585725E-14	-2.00340278E-14	-6.13165534E-15	-8.92741614E-16	-2.20267363E-09	-1.21890647E-09	-5.82889628E-10	-2.52628145E-10
 2.550000E-01	-5.44189823E-14	-2.59202897E-14	-8.45718054E-15	-7.13000041E-16	-2.69316235E-09	-1.52665142E-09	-7.44304586E-10	-3.27277929E-10
 2.600000E-01	-6.67468769E-14	-3.33584179E-14	-1.18301652E-14	-8.86450666E-16	-3.27364290E-09	-1.89929558E-09	-9.43332196E-10	-4.20661909E-10
 2.650000E-01	-8.12221716E-14	-4.32491205E-14	-1.69219709E-14	-1.55024001E-15	-3.95705586E-09	-2.34771011E-09	-1.18698612E-09	-5.36583601E-10
 2.700000E-01	-9.82726709E-14	-5.62022892E-14	-2.42259347E-14	-3.08443544E-15	-4.75772579E-09	-2.88409619E-09	-1.48323067E-09	-6.79414417E-10
 2.750000E-01	-1.18230043E-13	-7.16415704E-14	-3.35195747E-14	-6.12907465E-15	-5.69147011E-09	-3.52208058E-09	-1.84105262E-09	-8.54142316E-10
 2.800000E-01	-1.41156781E-13	-8.90642962E-14	-4.46789715E-14	-1.10960100E-14	-6.77573508E-09	-4.27681975E-09	-2.27053209E-09	-1.06641941E-09
 2.850000E-01	-1.67177187E-13	-1.09657766E-13	-5.86725886E-14	-1.80176267E-14	-8.02973055E-09	-5.16509846E-09	-2.78290462E-09	-1.32260152E-09
 2.900000E-01	-1.96776541E-13	-1.34829606E-13	-7.65149233E-14	-2.70592592E-14	-9.47456359E-09	-6.20542404E-09	-3.39061285E-09	-1.62977801E-09
 2.950000E-01	-2.30497074E-13	-1.64116485E-13	-9.78722691E-14	-3.86486065E-14	-1.11333919E-08	-7.41814728E-09	-4.10737809E-09	-1.99581113E-09
 3.000000E-01	-2.68578937E-13	-1.96538054E-13	-1.22102749E-13	-5.29843643E-14	-1.30315043E-08	-8.82551922E-09	-4.94822639E-09	-2.42935076E-09
 3.050000E-01	-3.11158074E-13	-2.32726689E-13	-1.49767093E-13	-6.99320747E-14	-1.51965944E-08	-1.04518453E-08	-5.92954639E-09	-2.93985989E-09
 3.100000E-01	-3.58607625E-13	-2.73917806E-13	-1.81738252E-13	-8.93890845E-14	-1.76591480E-08	-1.23237375E-08	-7.06920359E-09	-3.53766304E-09
 3.150000E-01	-4.11490362E-13	-3.20202319E-13	-2.17815683E-13	-1.11353951E-13	-2.04526792E-08	-1.44702859E-08	-8.38661301E-09	-4.23396749E-09
 3.200000E-01	-4.70328738E-13	-3.71321258E-13	-2.57462579E-13	-1.35787032E-13	-2.36142223E-08	-1.69234201E-08	-9.90291882E-09	-5.04093809E-09
 3.250000E-01	-5.35611360E-13	-4.28061961E-13	-3.01023388E-13	-1.62738637E-13	-2.71846173E-08	-1.97181013E-08	-1.16410616E-08	-5.97169801E-09
 3.300000E-01	-6.07974080E-13	-4.91804835E-13	-3.49349804E-13	-1.92574322E-13	-3.12087743E-08	-2.28925137E-08	-1.36258525E-08	-7.04031631E-09
 3.350000E-01	-6.88218589E-13	-5.63615687E-13	-4.03130740E-13	-2.26023437E-13	-3.57360801E-08	-2.64884084E-08	-1.58841927E-08	-8.26187184E-09
 3.400000E-01	-7.77117586E-13	-6.44559008E-13	-4.63404635E-13	-2.64190785E-13	-4.08205490E-08	-3.05512431E-08	-1.84452143E-08	-9.65248015E-09
 3.450000E-01	-8.75331862E-13	-7.36203609E-13	-5.32104928E-13	-3.08571872E-13	-4.65211191E-08	-3.51303575E-08	-2.13404441E-08	-1.12293380E-08
 3.500000E-01	-9.83635843E-13	-8.39514961E-13	-6.10809905E-13	-3.60674378E-13	-5.29017981E-08	-4.02790379E-08	-2.46038972E-08	-1.30107333E-08
 3.550000E-01	-1.10279494E-12	-9.53866423E-13	-6.99799655E-13	-4.21536983E-13	-6.00320450E-08	-4.60548978E-08	-2.82723825E-08	-1.50162104E-08
 3.600000E-01	-1.23260151E-12	-1.08021819E-12	-8.01593591E-13	-4.92475545E-13	-6.79871189E-08	-5.25201941E-08	-3.23856715E-08	-1.72667175E-08
 3.650000E-01	-1.37177343E-12	-1.22449535E-12	-9.23988173E-13	-5.76276399E-13	-7.68487804E-08	-5.97423085E-08	-3.69866162E-08	-1.97847837E-08
 3.700000E-01	-1.51980205E-12	-1.39235388E-12	-1.07354718E-12	-6.75823356E-13	-8.67064637E-08	-6.77946130E-08	-4.21214017E-08	-2.25947824E-08
 3.750000E-01	-1.67797816E-12	-1.58219936E-12	-1.24801603E-12	-7.91580379E-13	-9.76577266E-08	-7.67568285E-08	-4.78394786E-08	-2.57229535E-08
 3.800000E-01	-1.84847975E-12	-1.78804328E-12	-1.43974044E-12	-9.21966540E-13	-1.09808332E-07	-8.67151761E-08	-5.41935299E-08	-2.91973077E-08
 3.850000E-01	-2.03332780E-12	-2.00553763E-12	-1.64280999E-12	-1.06550446E-12	-1.23272878E-07	-9.77631433E-08	-6.12401533E-08	-3.30477672E-08
 3.900000E-01	-2.23274651E-12	-2.23657677E-12	-1.85951817E-12	-1.22339063E-12	-1.38175961E-07	-1.10002791E-07	-6.90410729E-08	-3.73065079E-08
 3.950000E-01	-2.44469752E-12	-2.49162358E-12	-2.10307802E-12	-1.40100675E-12	-1.54652543E-07	-1.23545054E-07	-7.76633735E-08	-4.20078259E-08
 4.000000E-01	-2.66863731E-12	-2.77807913E-12	-2.38232244E-12	-1.60290179E-12	-1.72848451E-07	-1.38510277E-07	-8.71794615E-08	-4.71880493E-08
 4.050000E-01	-2.90760595E-12	-3.08691586E-12	-2.68618342E-12	-1.82635413E-12	-1.92921424E-07	-1.55029226E-07	-9.76674484E-08	-5.28856939E-08
 4.100000E-01	-3.16476263E-12	-3.40287778E-12	-2.99670110E-12	-2.06451721E-12	-2.15044005E-07	-1.73244396E-07	-1.09211423E-07	-5.91415190E-08
 4.150000E-01	-3.44048536E-12	-3.72135563E-12	-3.30891245E-12	-2.31397809E-12	-2.39403725E-07	-1.93309324E-07	-1.21900394E-07	-6.59976811E-08
 4.200000E-01	-3.73107431E-12	-4.05531867E-12	-3.63969694E-12	-2.58006179E-12	-2.66201161E-07	-2.15386825E-07	-1.35826754E-07	-7.34965959E-08
 4.250000E-01	-4.02978109E-12	-4.43416972E-12	-4.02594430E-12	-2.87809766E-12	-2.95652581E-07	-2.39651902E-07	-1.51088041E-07	-8.16816772E-08
 4.300000E-01	-4.33596301E-12	-4.87153809E-12	-4.48306027E-12	-3.21789904E-12	-3.27994076E-07	-2.66295651E-07	-1.67789206E-07	-9.05983089E-08
 4.350000E-01	-4.65889823E-12	-5.33487034E-12	-4.96973513E-12	-3.58709178E-12	-3.63481576E-07	-2.95525381E-07	-1.86042553E-07	-1.00293659E-07
 4.400000E-01	-5.00245541E-12	-5.79407281E-12	-5.45194798E-12	-3.97212053E-12	-4.02391586E-07	-3.27565066E-07	-2.05967609E-07	-1.10816353E-07
 4.450000E-01	-5.35654311E-12	-6.27856377E-12	-5.97010621E-12	-4.38640049E-12	-4.45023619E-07	-3.62656957E-07	-2.27691308E-07	-1.22216073E-07
 4.500000E-01	-5.71498426E-12	-6.82290381E-12	-6.56609313E-12	-4.84720284E-12	-4.91702247E-07	-4.01062926E-07	-2.51348050E-07	-1.34543072E-07
 4.550000E-01	-6.08660285E-12	-7.39624745E-12	-7.19936535E-12	-5.34181248E-12	-5.42779531E-07	-4.43065776E-07	-2.77079543E-07	-1.47847447E-07
 4.600000E-01	-6.47717967E-12	-7.95668784E-12	-7.82069258E-12	-5.85052437E-12	-5.98638669E-07	-4.88970786E-07	-3.05034231E-07	-1.62178011E-07
 4.650000E-01	-6.87769452E-12	-8.52559361E-12	-8.46109138E-12	-6.38180509E-12	-6.59697078E-07	-5.39106685E-07	-3.35366405E-07	-1.77581019E-07
 4.700000E-01	-7.28121809E-12	-9.13676596E-12	-9.16239000E-12	-6.95138157E-12	-7.26412558E-07	-5.93828944E-07	-3.68236269E-07	-1.94099142E-07
 4.750000E-01	-7.69341009E-12	-9.76675452E-12	-9.89429674E-12	-7.55068602E-12	-7.99286787E-07	-6.53521119E-07	-4.03808928E-07	-2.11769911E-07
 4.800000E-01	-8.11414760E-12	-1.03943237E-11	-1.06351757E-11	-8.17255243E-12	-8.78866035E-07	-7.18595234E-07	-4.42253614E-07	-2.30624579E-07
 4.850000E-01	-8.52806424E-12	-1.10732663E-11	-1.14574821E-11	-8.84362821E-12	-9.65745428E-07	-7.89495827E-07	-4.83745251E-07	-2.50688226E-07
 4.900000E-01	-8.93153423E-12	-1.18360572E-11	-1.23986868E-11	-9.58107171E-12	-1.06057328E-06	-8.66705305E-07	-5.28467118E-07	-2.71980543E-07
 4.950000E-01	-9.34512043E-12	-1.25859470E-11	-1.33354630E-11	-1.03442394E-11	-1.16404897E-06	-9.50745087E-07	-5.76611590E-07	-2.94515774E-07
 5.000000E-01	-9.77234040E-12	-1.32522510E-11	-1.41903593E-11	-1.11039833E-11	-1.27691934E-06	-1.04217680E-06	-6.28380961E-07	-3.18302621E-07
 5.050000E-01	-1.01789224E-11	-1.39715182E-11	-1.51440099E-11	-1.19230225E-11	-1.39997867E-06	-1.14160921E-06	-6.83991960E-07	-3.43345598E-07
 5.100000E-01	-1.05429410E-11	-1.48981073E-11	-1.63819778E-11	-1.28757942E-11	-1.53406689E-06	-1.24970335E-06	-7.43677945E-07	-3.69644459E-07
 5.150000E-01	-1.08830310E-11	-1.59604551E-11	-1.78078494E-11	-1.39457958E-11	-1.68007065E-06	-1.36718173E-06	-8.07695166E-07	-3.97196501E-07
 5.200000E-01	-1.12134562E-11	-1.70262321E-11	-1.92666790E-11	-1.50910669E-11	-1.83893245E-06	-1.49484367E-06	-8.76331016E-07	-4.25998660E-07
 5.250000E-01	-1.15154683E-11	-1.81448956E-11	-2.08315417E-11	-1.63389092E-11	-2.01164576E-06	-1.63356589E-06	-9.49899830E-07	-4.56041510E-07
 5.300000E-01	-1.17640563E-11	-1.94598605E-11	-2.26793274E-11	-1.77510070E-11	-2.19924107E-06	-1.78429229E-06	-1.02873131E-06	-4.87299336E-07
 5.350000E-01	-1.19510498E-11	-2.10321334E-11	-2.48783029E-11	-1.93570107E-11	-2.40280847E-06	-1.94805403E-06	-1.11317491E-06	-5.19727309E-07
 5.400000E-01	-1.20902478E-11	-2.27624829E-11	-2.73027441E-11	-2.11299798E-11	-2.62351474E-06	-2.12599411E-06	-1.20361356E-06	-5.53265911E-07
 5.450000E-01	-1.22039748E-11	-2.43933712E-11	-2.96520003E-11	-2.29930631E-11	-2.86259621E-06	-2.31937309E-06	-1.30046668E-06	-5.87840150E-07
 5.500000E-01	-1.22733103E-11	-2.58313785E-11	-3.18439170E-11	-2.49204916E-11	-3.12137520E-06	-2.52958896E-06	-1.40419246E-06	-6.23353533E-07
 5.550000E-01	-1.22375969E-11	-2.74401944E-11	-3.43206858E-11	-2.70147501E-11	-3.40126343E-06	-2.75818246E-06	-1.51528554E-06	-6.59682989E-07
 5.600000E-01	-1.20861332E-11	-2.94698677E-11	-3.73440293E-11	-2.93436502E-11	-3.70378990E-06	-3.00685096E-06	-1.63426816E-06	-6.96665684E-07
 5.650000E-01	-1.18698906E-11	-3.14183256E-11	-4.03136674E-11	-3.17900291E-11	-4.03061140E-06	-3.27743874E-06	-1.76165967E-06	-7.34074141E-07
 5.700000E-01	-1.15858690E-11	-3.27580897E-11	-4.26683443E-11	-3.42411536E-11	-4.38347730E-06	-3.57190786E-06	-1.89795278E-06	-7.71603409E-07
 5.750000E-01	-1.11610944E-11	-3.38555028E-11	-4.48681860E-11	-3.67760801E-11	-4.76427644E-06	-3.89240063E-06	-2.04363777E-06	-8.08872811E-07
 5.800000E-01	-1.05639222E-11	-3.52858575E-11	-4.75376545E-11	-3.95050455E-11	-5.17505670E-06	-4.24129984E-06	-2.19924157E-06	-8.45440774E-07
 5.850000E-01	-9.82088002E-12	-3.68514443E-11	-5.04157783E-11	-4.24041903E-11	-5.61797180E-06	-4.62123208E-06	-2.36534101E-06	-8.80811737E-07
 5.900000E-01	-8.94089369E-12	-3.79983594E-11	-5.28938522E-11	-4.54097109E-11	-6.09523986E-06	-5.03507486E-06	-2.54256533E-06	-9.14431593E-07
 5.950000E-01	-7.89980103E-12	-3.85626515E-11	-5.48181215E-11	-4.85240043E-11	-6.60912747E-06	-5.48598961E-06	-2.73161395E-06	-9.45688450E-07
 6.000000E-01	-6.66817625E-12	-3.88012648E-11	-5.64810919E-11	-5.18046649E-11	-7.16195124E-06	-5.97746633E-06	-2.93326730E-06	-9.73901956E-07
 6.050000E-01	-5.23373160E-12	-3.91965508E-11	-5.83869974E-11	-5.53281300E-11	-7.75604979E-06	-6.51335155E-06	-3.14839433E-06	-9.98314271E-07
 6.100000E-01	-3.61775666E-12	-4.01277901E-11	-6.08872262E-11	-5.91479798E-11	-8.39378354E-06	-7.09791615E-06	-3.37798086E-06	-1.01808310E-06
 6.150000E-01	-1.85397618E-12	-4.15524955E-11	-6.38716717E-11	-6.32839323E-11	-9.07752573E-06	-7.73591591E-06	-3.62315471E-06	-1.03227133E-06
 6.200000E-01	 3.87946533E-14	-4.32183398E-11	-6.70301312E-11	-6.77538023E-11	-9.80961975E-06	-8.43262177E-06	-3.88520454E-06	-1.03984394E-06
 6.250000E-01	 2.05087727E-12	-4.50230121E-11	-7.02238506E-11	-7.25820752E-11	-1.05923487E-05	-9.19387423E-06	-4.16560771E-06	-1.03966287E-06
 6.300000E-01	 4.17051087E-12	-4.71633546E-11	-7.36220148E-11	-7.77771067E-11	-1.14279271E-05	-1.00261972E-05	-4.46609852E-06	-1.03048825E-06
 6.350000E-01	 6.36517852E-12	-5.01533631E-11	-7.76934522E-11	-8.33014865E-11	-1.23183821E-05	-1.09368534E-05	-4.78876472E-06	-1.01102246E-06
 6.400000E-01	 8.57861498E-12	-5.43309142E-11	-8.26830680E-11	-8.90929589E-11	-1.32654084E-05	-1.19338956E-05	-5.13616589E-06	-9.79979023E-07
 6.450000E-01	 1.07860001E-11	-5.93319592E-11	-8.81345071E-11	-9.51487669E-11	-1.42702692E-05	-1.30263729E-05	-5.51153875E-06	-9.36145967E-07
 6.500000E-01	 1.30139667E-11	-6.46613234E-11	-9.35269308E-11	-1.01499251E-10	-1.53332899E-05	-1.42242515E-05	-5.91901743E-06	-8.78557418E-07
 6.550000E-01	 1.52748813E-11	-7.04525256E-11	-9.89873301E-11	-1.08077365E-10	-1.64534994E-05	-1.55383792E-05	-6.36390008E-06	-8.06736156E-07
 6.600000E-01	 1.75551760E-11	-7.69285118E-11	-1.04694691E-10	-1.14777870E-10	-1.76283952E-05	-1.69806332E-05	-6.85289632E-06	-7.20816424E-07
 6.650000E-01	 1.98950235E-11	-8.36481143E-11	-1.10197391E-10	-1.21651380E-10	-1.88536716E-05	-1.85644401E-05	-7.39483703E-06	-6.21889204E-07
 6.700000E-01	 2.23911073E-11	-9.02350179E-11	-1.15210325E-10	-1.28795748E-10	-2.01227152E-05	-2.03045824E-05	-8.00092273E-06	-5.12304675E-07
 6.750000E-01	 2.50945022E-11	-9.73290067E-11	-1.20484432E-10	-1.36074229E-10	-2.14265769E-05	-2.22169293E-05	-8.68441853E-06	-3.95579677E-07
 6.800000E-01	 2.80191506E-11	-1.05586101E-10	-1.26723315E-10	-1.43275260E-10	-2.27531930E-05	-2.43180347E-05	-9.46093785E-06	-2.76841262E-07
 6.850000E-01	 3.12731999E-11	-1.14282652E-10	-1.33270190E-10	-1.50541505E-10	-2.40871912E-05	-2.66258867E-05	-1.03492673E-05	-1.63184965E-07
 6.900000E-01	 3.50520259E-11	-1.21835019E-10	-1.38683837E-10	-1.58335759E-10	-2.54094240E-05	-2.91597108E-05	-1.13716132E-05	-6.40837177E-08
 6.950000E-01	 3.95409750E-11	-1.26962282E-10	-1.41850219E-10	-1.67102668E-10	-2.66957049E-05	-3.19387318E-05	-1.25537158E-05	 7.77145033E-09
 7.000000E-01	 4.49057027E-11	-1.29903777E-10	-1.43316472E-10	-1.76973810E-10	-2.79164416E-05	-3.49827683E-05	-1.39256693E-05	 3.59779974E-08
 7.050000E-01	 5.12428479E-11	-1.33199487E-10	-1.46112466E-10	-1.87541224E-10	-2.90357496E-05	-3.83119806E-05	-1.55225878E-05	-4.68721557E-10
 7.100000E-01	 5.85799291E-11	-1.38734092E-10	-1.52375897E-10	-1.98404657E-10	-3.00107494E-05	-4.19459444E-05	-1.73846447E-05	-1.28005329E-07
 7.150000E-01	 6.70877245E-11	-1.44447144E-10	-1.59951456E-10	-2.10093816E-10	-3.07907941E-05	-4.59025344E-05	-1.95567536E-05	-3.79047004E-07
 7.200000E-01	 7.71911558E-11	-1.48066665E-10	-1.66973215E-10	-2.23623851E-10	-3.13162365E-05	-5.01968922E-05	-2.20888764E-05	-7.93073663E-07
 7.250000E-01	 8.93744643E-11	-1.51806620E-10	-1.76955026E-10	-2.39325258E-10	-3.15171515E-05	-5.48406015E-05	-2.50366172E-05	-1.41793687E-06
 7.300000E-01	 1.03877804E-10	-1.57795661E-10	-1.92694140E-10	-2.56903946E-10	-3.13118923E-05	-5.98404917E-05	-2.84617106E-05	-2.31135575E-06
 7.350000E-01	 1.20676039E-10	-1.62246732E-10	-2.09368365E-10	-2.76346439E-10	-3.06054142E-05	-6.51966329E-05	-3.24320557E-05	-3.54255036E-06
 7.400000E-01	 1.40004787E-10	-1.60990908E-10	-2.22413099E-10	-2.98404707E-10	-2.92876350E-05	-7.08998786E-05	-3.70212968E-05	-5.19379479E-06
 7.450000E-01	 1.62708506E-10	-1.56631377E-10	-2.36695781E-10	-3.24205640E-10	-2.72317994E-05	-7.69301842E-05	-4.23088647E-05	-7.36176319E-06
 7.500000E-01	 1.89506778E-10	-1.52999799E-10	-2.57969332E-10	-3.53978611E-10	-2.42926418E-05	-8.32525738E-05	-4.83785453E-05	-1.01591119E-05
 7.550000E-01	 2.20276406E-10	-1.47670411E-10	-2.82475610E-10	-3.86593244E-10	-2.03051800E-05	-8.98135482E-05	-5.53166018E-05	-1.37152643E-05
 7.600000E-01	 2.54923195E-10	-1.36580200E-10	-3.04851460E-10	-4.21572386E-10	-1.50817815E-05	-9.65389990E-05	-6.32127237E-05	-1.81785528E-05
 7.650000E-01	 2.94313674E-10	-1.20505611E-10	-3.27849518E-10	-4.60328140E-10	-8.40944957E-06	-1.03328416E-04	-7.21581676E-05	-2.37184714E-05
 7.700000E-01	 3.38812302E-10	-1.00948424E-10	-3.53758667E-10	-5.02533809E-10	-4.96871583E-08	-1.10049957E-04	-8.22412296E-05	-3.05240433E-05
 7.750000E-01	 3.86715806E-10	-7.45934781E-11	-3.74611958E-10	-5.43376632E-10	 1.02631803E-05	-1.16534196E-04	-9.35436830E-05	-3.88033666E-05
 7.800000E-01	 4.36667978E-10	-3.80563305E-11	-3.83746306E-10	-5.79858186E-10	 2.28237136E-05	-1.22570039E-04	-1.06138699E-04	-4.87821214E-05
 7.850000E-01	 4.90461390E-10	 6.09764456E-12	-3.88564431E-10	-6.16251160E-10	 3.79528220E-05	-1.27896135E-04	-1.20081254E-04	-6.06975626E-05
 7.900000E-01	 5.50178026E-10	 5.40321378E-11	-3.97741345E-10	-6.56078001E-10	 5.60019111E-05	-1.32194242E-04	-1.35406955E-04	-7.47983252E-05
 7.950000E-01	 6.14287640E-10	 1.06809697E-10	-4.06049336E-10	-6.94230949E-10	 7.73632379E-05	-1.35082834E-04	-1.52137135E-04	-9.13498150E-05
 8.000000E-01	 6.79459236E-10	 1.67268939E-10	-4.03327101E-10	-7.23212513E-10	 1.02461167E-04	-1.36101346E-04	-1.70257171E-04	-1.10620305E-04
 8.050000E-01	 7.43829536E-10	 2.35426195E-10	-3.86783923E-10	-7.40257349E-10	 1.31749950E-04	-1.34710898E-04	-1.89713236E-04	-1.32864441E-04
 8.100000E-01	 8.06264286E-10	 3.09467791E-10	-3.57416296E-10	-7.44251286E-10	 1.65708958E-04	-1.30289828E-04	-2.10405589E-04	-1.58306972E-04
 8.150000E-01	 8.65004900E-10	 3.87894098E-10	-3.14467901E-10	-7.32516192E-10	 2.04825444E-04	-1.22142389E-04	-2.32179109E-04	-1.87106995E-04
 8.200000E-01	 9.20717203E-10	 4.70138312E-10	-2.60768486E-10	-7.07982633E-10	 2.49593107E-04	-1.09502521E-04	-2.54827985E-04	-2.19338935E-04
 8.250000E-01	 9.79175720E-10	 5.56081157E-10	-2.07639245E-10	-6.83822257E-10	 3.00538168E-04	-9.15133285E-05	-2.78109635E-04	-2.55009466E-04
 8.300000E-01	 1.04244078E-09	 6.43595885E-10	-1.60056246E-10	-6.62898920E-10	 3.58218288E-04	-6.72122070E-05	-3.01729920E-04	-2.94036681E-04
 8.350000E-01	 1.09945881E-09	 7.27539055E-10	-1.02286116E-10	-6.21694400E-10	 4.23208681E-04	-3.55315137E-05	-3.25329031E-04	-3.36211688E-04
 8.400000E-01	 1.13863355E-09	 8.04328737E-10	-1.89650428E-11	-5.41779010E-10	 4.96094679E-04	 4.66356176E-06	-3.48509217E-04	-3.81157394E-04
 8.450000E-01	 1.16382821E-09	 8.75245414E-10	 8.12745443E-11	-4.38469690E-10	 5.77431658E-04	 5.45112631E-05	-3.70849741E-04	-4.28254776E-04
 8.500000E-01	 1.18335091E-09	 9.40740597E-10	 1.83148195E-10	-3.31450817E-10	 6.67790880E-04	 1.15134531E-04	-3.91978443E-04	-4.76671402E-04
 8.550000E-01	 1.19336771E-09	 9.95293781E-10	 2.87418560E-10	-2.14854157E-10	 7.67771417E-04	 1.87648175E-04	-4.11564796E-04	-5.25355902E-04
 8.600000E-01	 1.18678531E-09	 1.03454856E-09	 4.00739713E-10	-7.97210328E-11	 8.77999385E-04	 2.73169976E-04	-4.29271066E-04	-5.72998238E-04
 8.650000E-01	 1.16717693E-09	 1.06168015E-09	 5.20136906E-10	 6.26366555E-11	 9.99150129E-04	 3.72877697E-04	-4.44669336E-04	-6.17995549E-04
 8.700000E-01	 1.13711113E-09	 1.07499605E-09	 6.39412984E-10	 2.03462176E-10	 1.13191138E-03	 4.87983881E-04	-4.57153242E-04	-6.58332892E-04
 8.750000E-01	 1.08203451E-09	 1.05788684E-09	 7.60471661E-10	 3.57731217E-10	 1.27692971E-03	 6.19537383E-04	-4.65986439E-04	-6.91455596E-04
 8.800000E-01	 9.90420362E-10	 1.00422259E-09	 8.89335329E-10	 5.31188671E-10	 1.43480713E-03	 7.68225138E-04	-4.70409934E-04	-7.14249208E-04
 8.850000E-01	 8.81216261E-10	 9.40088199E-10	 1.02523448E-09	 6.91326448E-10	 1.60614460E-03	 9.34263934E-04	-4.69676877E-04	-7.23077890E-04
 8.900000E-01	 7.73413316E-10	 8.79876959E-10	 1.15779053E-09	 8.11574957E-10	 1.79151326E-03	 1.11732814E-03	-4.62904500E-04	-7.13749372E-04
 8.950000E-01	 6.41212058E-10	 7.84925086E-10	 1.27470009E-09	 9.11328357E-10	 1.99135863E-03	 1.31639000E-03	-4.48841446E-04	-6.81380527E-04
 9.000000E-01	 4.47786031E-10	 6.20191192E-10	 1.37382501E-09	 1.00976685E-09	 2.20580921E-03	 1.52953527E-03	-4.25513568E-04	-6.20242936E-04
 9.050000E-01	 2.01391527E-10	 4.14610373E-10	 1.46370932E-09	 1.08154914E-09	 2.43479292E-03	 1.75372495E-03	-3.90426234E-04	-5.24105872E-04
 9.100000E-01	-6.63675172E-11	 2.18072600E-10	 1.54865026E-09	 1.09047164E-09	 2.67754150E-03	 1.98413750E-03	-3.40121861E-04	-3.86648351E-04
 9.150000E-01	-3.46190762E-10	 4.62799498E-11	 1.62381883E-09	 1.02913929E-09	 2.93435973E-03	 2.21414430E-03	-2.72848512E-04	-2.03370818E-04
 9.200000E-01	-6.44933405E-10	-1.11717852E-10	 1.66538093E-09	 8.94894787E-10	 3.20047159E-03	 2.43513135E-03	-1.78446214E-04	 3.17909527E-05
 9.250000E-01	-9.82212158E-10	-2.80192732E-10	 1.63959473E-09	 6.79024387E-10	 3.47709243E-03	 2.63661614E-03	-5.66146152E-05	 3.18505114E-04
 9.300000E-01	-1.36307791E-09	-4.56622640E-10	 1.51685454E-09	 3.73411994E-10	 3.75087717E-03	 2.80487545E-03	 1.16297334E-04	 6.61257156E-04
 9.350000E-01	-1.75529639E-09	-5.83703335E-10	 1.30264857E-09	 2.81523443E-12	 4.00224773E-03	 2.93023430E-03	 3.73420098E-04	 1.05102054E-03
 9.400000E-01	-2.13076857E-09	-6.10811299E-10	 1.02544750E-09	-3.76490619E-10	 4.23361992E-03	 2.99452277E-03	 7.05619662E-04	 1.46717233E-03
 9.450000E-01	-2.48935599E-09	-5.20239386E-10	 6.52158355E-10	-7.76267532E-10	 4.45195522E-03	 2.95641118E-03	 1.09022065E-03	 1.91402018E-03
 9.500000E-01	-2.85186052E-09	-4.20444941E-10	 1.81018651E-10	-1.07090681E-09	 4.61151873E-03	 2.87214083E-03	 1.58540069E-03	 2.23938522E-03
 9.550000E-01	-2.99187302E-09	-2.89210368E-10	-5.25576557E-10	-1.28539470E-09	 4.62636359E-03	 2.61851228E-03	 2.20729088E-03	 2.56250469E-03
 9.600000E-01	-3.13809129E-09	 3.60084611E-11	-1.37529522E-09	-1.25541807E-09	 4.62137660E-03	 2.23179735E-03	 2.93487968E-03	 2.71611164E-03
 9.650000E-01	-2.88771977E-09	-2.07262266E-10	-1.77052233E-09	-1.55400146E-09	 4.28863452E-03	 2.21085213E-03	 3.27876726E-03	 2.98435495E-03
 9.700000E-01	-2.56271138E-09	-3.86891544E-10	-2.02854557E-09	-1.85429776E-09	 4.14490731E-03	 2.25285323E-03	 3.71820249E-03	 3.34854078E-03
 9.750000E-01	-1.85589421E-09	 4.47885144E-10	-1.14976548E-09	-1.58496979E-09	 7.26594813E-03	 1.19698283E-03	-2.96092502E-04	 2.36711867E-03
 9.800000E-01	-2.91992036E-09	 2.83155176E-09	 6.84463593E-10	-3.74652189E-09	 7.48553830E-02	 3.28827371E-03	-7.29109113E-02	-1.61838219E-03
 9.850000E-01	-4.62840238E-10	 6.19022555E-10	-7.80389209E-10	 1.64768659E-09	 1.59101326E-02	-3.29139992E-03	 1.67436752E-02	-1.24716901E-02
 9.900000E-01	 1.25271430E-09	-4.94413996E-10	 6.02990073E-11	-1.19714200E-09	-2.31773267E-02	-5.55741799E-03	 3.95249707E-04	-5.73989537E-04
 9.950000E-01	-7.17043061E-10	-1.46173707E-09	-9.38515788E-10	-2.47964136E-09	-1.59171381E-02	 8.36410158E-03	-1.57378049E-02	 8.58837285E-03
 1.000000E+00	 0.00000000E+00	 0.00000000E+00	 0.00000000E+00	 0.00000000E+00	 0.00000000E+00	 0.00000000E+00	 0.00000000E+00	 0.00000000E+00
