l	m	n	kenc	ke	menc	me	vprlfnc	vprlf
   1	  13	  13	 1.143429E-02	 5.120709E-03	-3.857286E-01	-4.928188E-01	 5.605497E-09	 5.784074E-09
   2	  14	  13	 2.380141E-03	 2.271743E-04	-7.426299E-01	-1.011855E+00	 1.002533E-08	 1.068170E-08
   3	  15	  13	 8.538546E-03	 1.923445E-03	-3.230974E-02	 9.150834E-02	 5.799545E-09	 6.252033E-09
   4	  16	  13	 2.513551E-03	 1.295693E-03	-6.264617E-01	 1.000000E+00	 6.237786E-09	 6.037640E-09
   5	  17	  13	 2.006810E-03	 4.838273E-03	-1.593639E-01	-9.060356E-02	 3.171843E-09	 3.598160E-09
   6	  18	  13	 1.273279E-03	 1.146758E-03	-1.084821E-01	-4.203395E-01	 3.771990E-09	 4.189381E-09
   7	  19	  13	 6.743908E-03	 1.253252E-02	-1.365842E-01	-2.676818E-01	 3.278591E-09	 3.573305E-09
   8	  20	  13	 7.965781E-04	 5.556069E-04	-5.579966E-02	-2.732851E-01	 2.769776E-09	 2.964871E-09
   9	  21	  13	 5.896334E-03	 1.492767E-02	-7.029673E-02	-2.986993E-01	 2.585798E-09	 2.929336E-09
  10	  22	  13	 1.706987E-03	 1.659940E-03	-1.929708E-01	-4.533985E-01	 1.060258E-09	 1.206987E-09
  11	  23	  13	 3.382536E-03	 9.007011E-03	-1.297170E-01	 3.870857E-01	 5.878549E-09	 5.771984E-09
  12	  24	  13	 2.577610E-04	-8.237078E-05	-6.473070E-02	 1.446821E-01	 4.992748E-09	 5.987131E-09
  13	  25	  13	 1.208447E-03	 3.798280E-03	-8.931998E-02	-3.158076E-01	 8.549049E-09	 9.372865E-09
