r	R 13/13	R 14/13	R 15/13	R 16/13	I 13/13	I 14/13	I 15/13	I 16/13
 0.000000E+00	 0.00000000E+00	 0.00000000E+00	 0.00000000E+00	 0.00000000E+00	 0.00000000E+00	 0.00000000E+00	 0.00000000E+00	 0.00000000E+00
 5.000000E-03	-9.77657123E-25	 4.93383601E-25	 1.09303661E-25	 3.85009268E-25	 6.18677391E-24	-6.05219311E-26	-1.04272777E-24	 6.79008055E-26
 1.000000E-02	-1.89762524E-23	 3.32847370E-23	 1.17410891E-24	 3.98895402E-24	 1.11759734E-22	 2.05705767E-26	-1.55173061E-23	 3.60090826E-25
 1.500000E-02	-1.83882901E-22	 5.67586991E-22	 1.00811389E-23	 1.77432074E-23	 1.10188636E-21	-1.03841699E-24	-1.44328755E-22	-1.79231262E-24
 2.000000E-02	-1.04272928E-21	 5.30613861E-21	-1.69497929E-23	 1.23426932E-22	 8.25459849E-21	 5.20614473E-23	-1.01193645E-21	-4.65271523E-23
 2.500000E-02	-2.61782757E-21	 3.40808080E-20	-8.40665117E-22	 1.14580124E-21	 5.18939365E-20	 1.90333069E-21	-4.83467085E-21	-9.95700166E-22
 3.000000E-02	 6.66942807E-21	 1.60587732E-19	-3.07217955E-21	 1.05102050E-21	 2.76455678E-19	 2.06816589E-20	-1.07217715E-20	-2.05658396E-21
 3.500000E-02	 8.83960997E-20	 5.02548881E-19	-1.54566812E-20	 2.60293866E-20	 1.26509149E-18	 1.50193126E-19	-5.82144654E-20	-2.54138191E-21
 4.000000E-02	 3.97744504E-19	 1.08428424E-18	-1.13356076E-19	 2.07818432E-19	 4.86791437E-18	 7.67481430E-19	-3.66277776E-19	-2.44747039E-20
 4.500000E-02	 1.24515506E-18	 2.05907472E-18	-4.77699470E-19	 6.91470301E-19	 1.57761155E-17	 2.90015404E-18	-1.07960896E-18	-4.42154315E-20
 5.000000E-02	 3.57004100E-18	 2.53092901E-18	-1.68223533E-18	 1.92101739E-18	 4.51299240E-17	 9.17523997E-18	-1.82817940E-18	 1.12744554E-19
 5.500000E-02	 9.02728676E-18	-6.12330769E-18	-5.60898733E-18	 4.53657133E-18	 1.11787962E-16	 2.56541234E-17	 8.90579513E-19	 1.79230576E-18
 6.000000E-02	 1.69035284E-17	-6.95238560E-17	-2.12454008E-17	 8.13388535E-18	 2.17086131E-16	 6.58196262E-17	 1.72548874E-17	 8.69099855E-18
 6.500000E-02	 3.53202076E-18	-3.35716177E-16	-8.49063624E-17	 9.70091899E-18	 1.95307318E-16	 1.52553744E-16	 5.30486629E-17	 2.24503495E-17
 7.000000E-02	-1.56093969E-16	-9.95892060E-16	-2.57481663E-16	-1.05400008E-17	-7.86880085E-16	 2.57235715E-16	 1.22833227E-16	 4.85945856E-17
 7.500000E-02	-7.78236087E-16	-2.12084166E-15	-5.85443190E-16	-9.73475577E-17	-4.91171212E-15	 1.52586144E-16	 2.62209681E-16	 1.06662953E-16
 8.000000E-02	-2.44032630E-15	-3.54280963E-15	-1.05457231E-15	-3.02825257E-16	-1.63645101E-14	-7.87898963E-16	 4.62933457E-16	 2.23098849E-16
 8.500000E-02	-6.08484790E-15	-4.46616805E-15	-1.43569642E-15	-6.53318043E-16	-4.20470802E-14	-3.93421310E-15	 6.86089895E-16	 4.68559074E-16
 9.000000E-02	-1.28338449E-14	-3.92847898E-15	-1.38856182E-15	-1.10432861E-15	-9.11529114E-14	-1.15634574E-14	 7.49942731E-16	 9.33949734E-16
 9.500000E-02	-2.39934528E-14	-1.48044510E-15	-6.14693025E-16	-1.59320939E-15	-1.76570683E-13	-2.74112869E-14	 4.41472851E-16	 1.87601052E-15
 1.000000E-01	-4.07448851E-14	-3.70316733E-16	-9.54553191E-17	-2.48135230E-15	-3.18598147E-13	-5.73164409E-14	-9.93017328E-16	 3.39953061E-15
 1.050000E-01	-6.55112287E-14	-8.94280092E-15	-3.30779420E-15	-4.97047337E-15	-5.61316572E-13	-1.11905419E-13	-7.82425624E-15	 3.70505636E-15
 1.100000E-01	-1.08386271E-13	-2.10663533E-14	-8.11313048E-15	-8.92119551E-15	-9.98973932E-13	-2.16760256E-13	-2.82148636E-14	 1.08180265E-17
 1.150000E-01	-1.83607591E-13	-1.27269405E-14	-3.26419921E-15	-1.12432665E-14	-1.74179701E-12	-4.11708924E-13	-7.01494952E-14	-8.27657026E-15
 1.200000E-01	-2.98254583E-13	 2.11521787E-14	 1.56620443E-14	-1.01428499E-14	-2.88200939E-12	-7.39305210E-13	-1.43438622E-13	-2.21372839E-14
 1.250000E-01	-4.59004391E-13	 6.23338661E-14	 4.27046013E-14	-6.94635123E-15	-4.56683229E-12	-1.26062885E-12	-2.66325700E-13	-4.57414208E-14
 1.300000E-01	-6.75606149E-13	 6.86368871E-14	 5.90435259E-14	-8.49011819E-15	-7.05532921E-12	-2.07356180E-12	-4.71012386E-13	-8.91936444E-14
 1.350000E-01	-9.71083205E-13	-2.71512362E-14	 3.02836227E-14	-2.94022534E-14	-1.08284062E-11	-3.34186033E-12	-8.24246397E-13	-1.82408200E-13
 1.400000E-01	-1.43134400E-12	-2.08894118E-13	-2.88346715E-14	-6.67493121E-14	-1.67152620E-11	-5.35938895E-12	-1.44112201E-12	-3.73360510E-13
 1.450000E-01	-2.18242985E-12	-3.81081404E-13	-5.24009016E-14	-9.53924711E-14	-2.55973073E-11	-8.48958091E-12	-2.46367971E-12	-7.16474036E-13
 1.500000E-01	-3.34748218E-12	-4.34567861E-13	 3.70646422E-14	-7.76691598E-14	-3.82379548E-11	-1.31311798E-11	-4.05279481E-12	-1.26530961E-12
 1.550000E-01	-5.00242799E-12	-3.31842568E-13	 2.89451519E-13	 2.59803318E-14	-5.52475666E-11	-1.97668686E-11	-6.33529308E-12	-1.99826867E-12
 1.600000E-01	-6.86076344E-12	-8.80096197E-13	 1.76073804E-13	-2.14727162E-14	-7.73171989E-11	-2.88662138E-11	-9.45570552E-12	-2.93418840E-12
 1.650000E-01	-8.67529935E-12	-3.31670146E-12	-1.22563856E-12	-7.12196851E-13	-1.08536225E-10	-4.18816915E-11	-1.42341698E-11	-4.62700570E-12
 1.700000E-01	-1.15045704E-11	-6.55283423E-12	-3.18072371E-12	-1.75118367E-12	-1.57026531E-10	-6.23415295E-11	-2.23934804E-11	-7.97187203E-12
 1.750000E-01	-1.65508074E-11	-8.16020242E-12	-3.81579910E-12	-2.14934068E-12	-2.26378997E-10	-9.33312843E-11	-3.50715479E-11	-1.31045466E-11
 1.800000E-01	-2.28040134E-11	-9.43055370E-12	-4.07414529E-12	-2.31122303E-12	-3.15541371E-10	-1.35991305E-10	-5.25692651E-11	-1.98119938E-11
 1.850000E-01	-2.88909253E-11	-1.40233687E-11	-6.92863333E-12	-3.87036400E-12	-4.32846815E-10	-1.94364747E-10	-7.70468907E-11	-2.93345328E-11
 1.900000E-01	-3.55638443E-11	-2.27168356E-11	-1.31338765E-11	-7.38447213E-12	-5.96790047E-10	-2.77666382E-10	-1.13257731E-10	-4.41696531E-11
 1.950000E-01	-4.43283109E-11	-3.45970052E-11	-2.19842814E-11	-1.25772747E-11	-8.26416488E-10	-3.97070878E-10	-1.66882533E-10	-6.69840603E-11
 2.000000E-01	-5.70403458E-11	-4.86842062E-11	-3.24186671E-11	-1.88738294E-11	-1.14219327E-09	-5.65697114E-10	-2.44820541E-10	-1.00986233E-10
 2.050000E-01	-7.57092301E-11	-6.37078105E-11	-4.29413786E-11	-2.53623287E-11	-1.56267159E-09	-7.97215974E-10	-3.54765105E-10	-1.49787146E-10
 2.100000E-01	-1.01120348E-10	-7.92513699E-11	-5.29782513E-11	-3.16325175E-11	-2.10329280E-09	-1.10518619E-09	-5.04944285E-10	-2.17445203E-10
 2.150000E-01	-1.33385786E-10	-9.54262586E-11	-6.24761045E-11	-3.75045779E-11	-2.78126233E-09	-1.50546667E-09	-7.05211876E-10	-3.08882021E-10
 2.200000E-01	-1.70743361E-10	-1.14303857E-10	-7.37265759E-11	-4.44106803E-11	-3.61483406E-09	-2.01527016E-09	-9.66712161E-10	-4.29952360E-10
 2.250000E-01	-2.10975833E-10	-1.38519295E-10	-8.99858733E-11	-5.46638497E-11	-4.63474646E-09	-2.65897157E-09	-1.30519085E-09	-5.89698774E-10
 2.300000E-01	-2.55608050E-10	-1.66754485E-10	-1.09809337E-10	-6.73633568E-11	-5.88127110E-09	-3.46849232E-09	-1.74131121E-09	-7.99923111E-10
 2.350000E-01	-3.07330142E-10	-1.96678912E-10	-1.30052578E-10	-8.00819738E-11	-7.38722369E-09	-4.47465910E-09	-2.29589956E-09	-1.07212370E-09
 2.400000E-01	-3.65697642E-10	-2.29193352E-10	-1.51309029E-10	-9.28452974E-11	-9.18197342E-09	-5.70757128E-09	-2.99037212E-09	-1.41874582E-09
 2.450000E-01	-4.29818597E-10	-2.65060892E-10	-1.74476172E-10	-1.06370544E-10	-1.13021541E-08	-7.20145560E-09	-3.85002578E-09	-1.85616679E-09
 2.500000E-01	-5.04145631E-10	-2.99610881E-10	-1.94212997E-10	-1.17431030E-10	-1.37848703E-08	-8.99521649E-09	-4.90411127E-09	-2.40195760E-09
 2.550000E-01	-5.83511125E-10	-3.34406301E-10	-2.15133590E-10	-1.29530115E-10	-1.66486294E-08	-1.11310918E-08	-6.18271514E-09	-3.06603798E-09
 2.600000E-01	-5.99785604E-10	-4.15276453E-10	-3.13295181E-10	-2.03971257E-10	-1.99561686E-08	-1.36730272E-08	-7.72674150E-09	-3.86735759E-09
 2.650000E-01	-4.90124148E-10	-5.85742900E-10	-5.66599613E-10	-4.10732182E-10	-2.40704972E-08	-1.68424213E-08	-9.67563905E-09	-4.90776077E-09
 2.700000E-01	-3.98147349E-10	-7.55951999E-10	-8.24246191E-10	-6.29039524E-10	-2.94668082E-08	-2.09743972E-08	-1.22529592E-08	-6.33600286E-09
 2.750000E-01	-4.97282266E-10	-8.12982722E-10	-8.83117172E-10	-6.79042721E-10	-3.59581530E-08	-2.60658509E-08	-1.54841172E-08	-8.13793141E-09
 2.800000E-01	-5.94335566E-10	-8.58255740E-10	-9.33226780E-10	-7.18070736E-10	-4.31018285E-08	-3.18991468E-08	-1.92450108E-08	-1.02127024E-08
 2.850000E-01	-4.21670208E-10	-1.03878661E-09	-1.26658717E-09	-1.01192587E-09	-5.14143625E-08	-3.87784618E-08	-2.37274785E-08	-1.27165209E-08
 2.900000E-01	-1.91670534E-10	-1.25281632E-09	-1.67695652E-09	-1.38357537E-09	-6.17803974E-08	-4.73175100E-08	-2.93471291E-08	-1.59470563E-08
 2.950000E-01	-2.36070197E-10	-1.33883371E-09	-1.81367906E-09	-1.50310226E-09	-7.40045237E-08	-5.75292759E-08	-3.61597110E-08	-1.99136012E-08
 3.000000E-01	-4.00972394E-10	-1.36003180E-09	-1.81253636E-09	-1.48389039E-09	-8.74452519E-08	-6.90659862E-08	-4.39652949E-08	-2.44622994E-08
 3.050000E-01	-4.07104728E-10	-1.43399774E-09	-1.94741029E-09	-1.58513950E-09	-1.02347079E-07	-8.20690799E-08	-5.28574859E-08	-2.96862105E-08
 3.100000E-01	-3.85741544E-10	-1.51187241E-09	-2.09392590E-09	-1.69138500E-09	-1.19247350E-07	-9.69114513E-08	-6.30981722E-08	-3.57935396E-08
 3.150000E-01	-5.73261918E-10	-1.50845045E-09	-2.02148578E-09	-1.57163080E-09	-1.37955877E-07	-1.13537602E-07	-7.46840880E-08	-4.27740541E-08
 3.200000E-01	-8.58201101E-10	-1.45787902E-09	-1.82399749E-09	-1.31250002E-09	-1.58013370E-07	-1.31667334E-07	-8.74443382E-08	-5.05018649E-08
 3.250000E-01	-1.02108603E-09	-1.42327302E-09	-1.69699558E-09	-1.11362931E-09	-1.79555306E-07	-1.51385831E-07	-1.01430980E-07	-5.90243357E-08
 3.300000E-01	-1.04029552E-09	-1.39972061E-09	-1.65362995E-09	-9.99328164E-10	-2.02980181E-07	-1.72990413E-07	-1.16844414E-07	-6.84852627E-08
 3.350000E-01	-9.30526418E-10	-1.36813461E-09	-1.67053967E-09	-9.54201868E-10	-2.28570595E-07	-1.96763036E-07	-1.33886769E-07	-7.89980870E-08
 3.400000E-01	-5.48792820E-10	-1.35201551E-09	-1.86271362E-09	-1.10013502E-09	-2.56716602E-07	-2.23080139E-07	-1.52820245E-07	-9.07090391E-08
 3.450000E-01	 2.41561835E-10	-1.37830192E-09	-2.34938202E-09	-1.56963477E-09	-2.88276955E-07	-2.52628610E-07	-1.74107901E-07	-1.03926786E-07
 3.500000E-01	 1.20320726E-09	-1.39355528E-09	-2.93688506E-09	-2.17041359E-09	-3.24274647E-07	-2.86290771E-07	-1.98375727E-07	-1.19056262E-07
 3.550000E-01	 2.14431655E-09	-1.35150454E-09	-3.46826684E-09	-2.73952222E-09	-3.64921441E-07	-3.24522273E-07	-2.26016595E-07	-1.36265856E-07
 3.600000E-01	 3.91799572E-09	-1.38208006E-09	-4.64224791E-09	-4.04696713E-09	-4.10654213E-07	-3.67924499E-07	-2.57490491E-07	-1.55764742E-07
 3.650000E-01	 7.44221099E-09	-1.60670360E-09	-7.18653624E-09	-6.91368529E-09	-4.64726935E-07	-4.19041398E-07	-2.94494675E-07	-1.78712344E-07
 3.700000E-01	 1.14991440E-08	-1.85267667E-09	-1.01025539E-08	-1.01934080E-08	-5.31138640E-07	-4.81135701E-07	-3.39291647E-07	-2.06659746E-07
 3.750000E-01	 1.42466676E-08	-1.90328915E-09	-1.19215873E-08	-1.21678998E-08	-6.09465027E-07	-5.54215252E-07	-3.92020044E-07	-2.39649874E-07
 3.800000E-01	 1.55355801E-08	-1.77346886E-09	-1.25540215E-08	-1.27133784E-08	-6.97350416E-07	-6.36663993E-07	-4.51659870E-07	-2.76934085E-07
 3.850000E-01	 1.60863543E-08	-1.57043949E-09	-1.26005889E-08	-1.25144265E-08	-7.93594842E-07	-7.27766331E-07	-5.17779812E-07	-3.18136671E-07
 3.900000E-01	 1.78634911E-08	-1.49738303E-09	-1.35988802E-08	-1.33467744E-08	-8.98164884E-07	-8.27595049E-07	-5.90400686E-07	-3.63198684E-07
 3.950000E-01	 2.25806100E-08	-1.69874631E-09	-1.68385267E-08	-1.67167010E-08	-1.01634745E-06	-9.40061641E-07	-6.71995231E-07	-4.13872526E-07
 4.000000E-01	 2.72651758E-08	-1.89244183E-09	-1.99640902E-08	-1.98351158E-08	-1.15430494E-06	-1.07003600E-06	-7.65835222E-07	-4.72447805E-07
 4.050000E-01	 2.79149935E-08	-1.75264625E-09	-1.98910555E-08	-1.90294977E-08	-1.30817724E-06	-1.21492740E-06	-8.70349181E-07	-5.37728951E-07
 4.100000E-01	 2.57086737E-08	-1.37470828E-09	-1.75664887E-08	-1.54770016E-08	-1.47049872E-06	-1.36906276E-06	-9.81746510E-07	-6.06969555E-07
 4.150000E-01	 2.40903854E-08	-1.01920468E-09	-1.56706447E-08	-1.24086662E-08	-1.64043247E-06	-1.53212695E-06	-1.09983433E-06	-6.79810534E-07
 4.200000E-01	 2.76139139E-08	-1.05902049E-09	-1.77015777E-08	-1.38787528E-08	-1.82179461E-06	-1.70740782E-06	-1.22675542E-06	-7.57521564E-07
 4.250000E-01	 3.92419645E-08	-1.69351376E-09	-2.58262999E-08	-2.23985013E-08	-2.02904605E-06	-1.90571452E-06	-1.36932238E-06	-8.44934671E-07
 4.300000E-01	 4.94767289E-08	-2.21723548E-09	-3.27279587E-08	-2.93388048E-08	-2.27708524E-06	-2.13901085E-06	-1.53553408E-06	-9.47527931E-07
 4.350000E-01	 4.76349727E-08	-1.97663933E-09	-3.04279627E-08	-2.51731843E-08	-2.55142284E-06	-2.39802439E-06	-1.71999979E-06	-1.06078548E-06
 4.400000E-01	 4.46066492E-08	-1.85331441E-09	-2.74002617E-08	-1.97180396E-08	-2.83135089E-06	-2.66737533E-06	-1.91255248E-06	-1.17706989E-06
 4.450000E-01	 5.48197183E-08	-2.84001679E-09	-3.45246148E-08	-2.57554855E-08	-3.13507836E-06	-2.95922101E-06	-2.11996343E-06	-1.30153670E-06
 4.500000E-01	 6.64968512E-08	-4.06803551E-09	-4.26275898E-08	-3.25743895E-08	-3.48945324E-06	-3.29357539E-06	-2.35483336E-06	-1.44319827E-06
 4.550000E-01	 6.29888664E-08	-4.44138965E-09	-3.90995935E-08	-2.53242769E-08	-3.87767554E-06	-3.65956180E-06	-2.61082072E-06	-1.59671918E-06
 4.600000E-01	 5.53541532E-08	-4.80387746E-09	-3.25575402E-08	-1.39566840E-08	-4.27213312E-06	-4.03666158E-06	-2.87451796E-06	-1.75203848E-06
 4.650000E-01	 6.01732492E-08	-6.26385317E-09	-3.55478632E-08	-1.31408763E-08	-4.68842369E-06	-4.43468484E-06	-3.15080161E-06	-1.91296341E-06
 4.700000E-01	 6.75369688E-08	-7.94298421E-09	-4.01979678E-08	-1.39822796E-08	-5.15265851E-06	-4.87275284E-06	-3.45121945E-06	-2.08763332E-06
 4.750000E-01	 6.33451972E-08	-8.72853036E-09	-3.56717952E-08	-4.02749910E-09	-5.65150253E-06	-5.34351377E-06	-3.77189371E-06	-2.27184419E-06
 4.800000E-01	 6.29457298E-08	-1.00263446E-08	-3.41737347E-08	 3.08635385E-09	-6.16570497E-06	-5.83391131E-06	-4.10444843E-06	-2.45843555E-06
 4.850000E-01	 8.40844717E-08	-1.34939518E-08	-4.95282111E-08	-8.09251473E-09	-6.72910612E-06	-6.36661402E-06	-4.46094082E-06	-2.65639521E-06
 4.900000E-01	 9.89951406E-08	-1.67617531E-08	-5.94675531E-08	-1.22302222E-08	-7.38153576E-06	-6.97074584E-06	-4.85855779E-06	-2.87772356E-06
 4.950000E-01	 7.67335741E-08	-1.70340478E-08	-3.96340072E-08	 1.80343029E-08	-8.07218878E-06	-7.61256959E-06	-5.27792722E-06	-3.10644861E-06
 5.000000E-01	 6.18002510E-08	-1.83746871E-08	-2.65187444E-08	 4.09628059E-08	-8.73875380E-06	-8.24709943E-06	-5.69114381E-06	-3.32131712E-06
 5.050000E-01	 1.09332452E-07	-2.64211253E-08	-6.50682743E-08	 6.12424113E-09	-9.46815643E-06	-8.93788274E-06	-6.13456689E-06	-3.54733852E-06
 5.100000E-01	 1.76025171E-07	-3.76446195E-08	-1.19925051E-07	-4.55921196E-08	-1.03836272E-05	-9.78116585E-06	-6.66659037E-06	-3.82261749E-06
 5.150000E-01	 1.99391515E-07	-4.60009247E-08	-1.40189614E-07	-5.67166874E-08	-1.14463823E-05	-1.07566310E-05	-7.27728931E-06	-4.13556128E-06
 5.200000E-01	 2.11055303E-07	-5.51902000E-08	-1.53290850E-07	-5.79362385E-08	-1.25776652E-05	-1.18106238E-05	-7.93474907E-06	-4.46038857E-06
 5.250000E-01	 2.65344303E-07	-7.22620128E-08	-2.05760873E-07	-9.99376689E-08	-1.38348609E-05	-1.29883378E-05	-8.66352956E-06	-4.81085831E-06
 5.300000E-01	 3.53788811E-07	-9.79172888E-08	-2.91237089E-07	-1.73205406E-07	-1.53205532E-05	-1.43710246E-05	-9.50955069E-06	-5.21393574E-06
 5.350000E-01	 4.42484651E-07	-1.29080550E-07	-3.81059560E-07	-2.44529845E-07	-1.70748200E-05	-1.59905497E-05	-1.04881905E-05	-5.67694376E-06
 5.400000E-01	 4.83593408E-07	-1.58298420E-07	-4.32367099E-07	-2.68673317E-07	-1.90933151E-05	-1.78462640E-05	-1.15960271E-05	-6.19403434E-06
 5.450000E-01	 4.48076597E-07	-1.79744764E-07	-4.18494070E-07	-2.19075881E-07	-2.12577773E-05	-1.98595054E-05	-1.27878168E-05	-6.72728036E-06
 5.500000E-01	 4.45428922E-07	-2.11397819E-07	-4.39841799E-07	-2.01441026E-07	-2.34565338E-05	-2.19496101E-05	-1.40136676E-05	-7.23832312E-06
 5.550000E-01	 5.87081192E-07	-2.74837407E-07	-6.00114955E-07	-3.21122048E-07	-2.59198282E-05	-2.42793954E-05	-1.53538534E-05	-7.78114922E-06
 5.600000E-01	 7.06168250E-07	-3.41923994E-07	-7.42440213E-07	-4.12443228E-07	-2.89206669E-05	-2.70576843E-05	-1.69189170E-05	-8.42364374E-06
 5.650000E-01	 6.01957780E-07	-3.71421763E-07	-6.73214140E-07	-2.78786037E-07	-3.21584890E-05	-3.00799245E-05	-1.85995698E-05	-9.08200299E-06
 5.700000E-01	 4.59899688E-07	-3.94846442E-07	-5.68262773E-07	-1.05230926E-07	-3.52105074E-05	-3.30283879E-05	-2.02171157E-05	-9.63633624E-06
 5.750000E-01	 5.36623601E-07	-4.67106312E-07	-6.79400922E-07	-1.45505975E-07	-3.83499482E-05	-3.60919890E-05	-2.18568597E-05	-1.01436425E-05
 5.800000E-01	 6.89212629E-07	-5.63560569E-07	-8.67614762E-07	-2.53248793E-07	-4.20267149E-05	-3.96161766E-05	-2.36939205E-05	-1.07079736E-05
 5.850000E-01	 6.80451406E-07	-6.31065095E-07	-8.93576306E-07	-1.89427721E-07	-4.60745911E-05	-4.34971623E-05	-2.56738063E-05	-1.12822031E-05
 5.900000E-01	 5.62370172E-07	-6.76408569E-07	-8.06293820E-07	-8.74277547E-09	-5.01373600E-05	-4.74715631E-05	-2.76549794E-05	-1.17720540E-05
 5.950000E-01	 4.81919283E-07	-7.32828274E-07	-7.56245366E-07	 1.37260145E-07	-5.41904059E-05	-5.15224982E-05	-2.96209000E-05	-1.21612532E-05
 6.000000E-01	 5.31662500E-07	-8.26531839E-07	-8.47443636E-07	 1.47050437E-07	-5.83658042E-05	-5.57631537E-05	-3.16229192E-05	-1.24684619E-05
 6.050000E-01	 7.66501366E-07	-9.79305438E-07	-1.14966569E-06	-4.22030373E-08	-6.29699218E-05	-6.04677179E-05	-3.37964424E-05	-1.27478137E-05
 6.100000E-01	 1.09226749E-06	-1.17526635E-06	-1.56691089E-06	-3.27468652E-07	-6.83579171E-05	-6.59754196E-05	-3.63097380E-05	-1.30572745E-05
 6.150000E-01	 1.37978571E-06	-1.38266400E-06	-1.95755484E-06	-5.67426778E-07	-7.45487893E-05	-7.23595894E-05	-3.91942149E-05	-1.33767671E-05
 6.200000E-01	 1.64369666E-06	-1.60508712E-06	-2.33773854E-06	-7.78388162E-07	-8.14595660E-05	-7.96083248E-05	-4.24347512E-05	-1.36593904E-05
 6.250000E-01	 1.95599708E-06	-1.86630131E-06	-2.79331884E-06	-1.04044405E-06	-8.91472584E-05	-8.78311761E-05	-4.60718342E-05	-1.38783419E-05
 6.300000E-01	 2.41988271E-06	-2.20440075E-06	-3.45387070E-06	-1.46887730E-06	-9.77700868E-05	-9.72333074E-05	-5.01869214E-05	-1.40182630E-05
 6.350000E-01	 3.11367402E-06	-2.65295681E-06	-4.42112676E-06	-2.14879249E-06	-1.07729405E-04	-1.08237843E-04	-5.49534834E-05	-1.41039246E-05
 6.400000E-01	 3.86993367E-06	-3.16767824E-06	-5.49536097E-06	-2.88785119E-06	-1.19442715E-04	-1.21326498E-04	-6.05728521E-05	-1.41562006E-05
 6.450000E-01	 4.47811139E-06	-3.67992160E-06	-6.41465596E-06	-3.44700056E-06	-1.32749913E-04	-1.36522253E-04	-6.70487260E-05	-1.40887444E-05
 6.500000E-01	 5.06980781E-06	-4.22615550E-06	-7.33492096E-06	-3.97310910E-06	-1.47332339E-04	-1.53700180E-04	-7.43184102E-05	-1.37914828E-05
 6.550000E-01	 5.84933051E-06	-4.87401768E-06	-8.50710487E-06	-4.69505427E-06	-1.63384386E-04	-1.73177905E-04	-8.25050845E-05	-1.32556474E-05
 6.600000E-01	 6.68441822E-06	-5.57924183E-06	-9.75686432E-06	-5.46541275E-06	-1.81172714E-04	-1.95401941E-04	-9.18098390E-05	-1.25016743E-05
 6.650000E-01	 7.39120070E-06	-6.26838651E-06	-1.08365514E-05	-6.08126398E-06	-2.00414233E-04	-2.20417225E-04	-1.02319722E-04	-1.14702712E-05
 6.700000E-01	 8.23281629E-06	-7.01410410E-06	-1.20820672E-05	-6.86064120E-06	-2.20727971E-04	-2.48189993E-04	-1.14112390E-04	-1.01048388E-05
 6.750000E-01	 9.55065020E-06	-7.91989328E-06	-1.39278546E-05	-8.20537684E-06	-2.42523296E-04	-2.79457871E-04	-1.27581949E-04	-8.50218135E-06
 6.800000E-01	 1.10319323E-05	-8.87183508E-06	-1.59128406E-05	-9.70868026E-06	-2.66280866E-04	-3.15171411E-04	-1.43265050E-04	-6.82999113E-06
 6.850000E-01	 1.21536772E-05	-9.67747302E-06	-1.72840191E-05	-1.07083820E-05	-2.91254827E-04	-3.55122973E-04	-1.61303418E-04	-5.17581799E-06
 6.900000E-01	 1.28874172E-05	-1.02997332E-05	-1.79680636E-05	-1.11777443E-05	-3.16193385E-04	-3.98524791E-04	-1.81652367E-04	-3.62997281E-06
 6.950000E-01	 1.35122349E-05	-1.08059863E-05	-1.83313130E-05	-1.14843833E-05	-3.40190327E-04	-4.44968662E-04	-2.04508592E-04	-2.34728253E-06
 7.000000E-01	 1.49254929E-05	-1.13822367E-05	-1.95789632E-05	-1.28138377E-05	-3.62749812E-04	-4.94482498E-04	-2.30276285E-04	-1.55990662E-06
 7.050000E-01	 1.80558167E-05	-1.21641732E-05	-2.28836850E-05	-1.64005522E-05	-3.85109131E-04	-5.49313725E-04	-2.60278680E-04	-1.82009410E-06
 7.100000E-01	 2.17972940E-05	-1.28686165E-05	-2.66261010E-05	-2.07566202E-05	-4.08542736E-04	-6.12490742E-04	-2.96469071E-04	-3.95414988E-06
 7.150000E-01	 2.45598340E-05	-1.31737596E-05	-2.86321659E-05	-2.37246504E-05	-4.31006086E-04	-6.83183959E-04	-3.39561563E-04	-8.55049712E-06
 7.200000E-01	 2.78358267E-05	-1.31681426E-05	-3.08085842E-05	-2.73185590E-05	-4.49966267E-04	-7.59333404E-04	-3.89612433E-04	-1.60500444E-05
 7.250000E-01	 3.38876268E-05	-1.28831967E-05	-3.58185714E-05	-3.45988592E-05	-4.66327561E-04	-8.43815853E-04	-4.48631221E-04	-2.76351354E-05
 7.300000E-01	 4.06559470E-05	-1.21734264E-05	-4.07990770E-05	-4.25681282E-05	-4.80837268E-04	-9.40906166E-04	-5.19951737E-04	-4.53416659E-05
 7.350000E-01	 4.48973311E-05	-1.11318035E-05	-4.18432986E-05	-4.65796688E-05	-4.89331480E-04	-1.04723908E-03	-6.04088469E-04	-7.07563391E-05
 7.400000E-01	 4.94250683E-05	-9.44952623E-06	-4.23771992E-05	-5.07565090E-05	-4.87407089E-04	-1.15682409E-03	-6.99666388E-04	-1.04712666E-04
 7.450000E-01	 5.90320323E-05	-6.18880302E-06	-4.74049505E-05	-6.19985554E-05	-4.75697587E-04	-1.27379260E-03	-8.10020938E-04	-1.49501538E-04
 7.500000E-01	 7.13842122E-05	-1.56325230E-06	-5.37462475E-05	-7.65965739E-05	-4.54255369E-04	-1.40573093E-03	-9.41887592E-04	-2.09619357E-04
 7.550000E-01	 8.16693525E-05	 3.24713234E-06	-5.63645327E-05	-8.73089574E-05	-4.18020875E-04	-1.54918530E-03	-1.09717902E-03	-2.88835110E-04
 7.600000E-01	 9.22854388E-05	 9.20414148E-06	-5.76512237E-05	-9.77381561E-05	-3.61928013E-04	-1.69660353E-03	-1.27451292E-03	-3.89412692E-04
 7.650000E-01	 1.07964975E-04	 1.85152392E-05	-6.13182252E-05	-1.14673584E-04	-2.83198824E-04	-1.84953578E-03	-1.47752488E-03	-5.15762112E-04
 7.700000E-01	 1.25036017E-04	 2.92174719E-05	-6.40093176E-05	-1.32043894E-04	-1.76956106E-04	-2.01104430E-03	-1.71281634E-03	-6.75321933E-04
 7.750000E-01	 1.37194369E-04	 3.72801164E-05	-6.17951643E-05	-1.40416585E-04	-3.65542498E-05	-2.17005247E-03	-1.97822807E-03	-8.72636036E-04
 7.800000E-01	 1.50576108E-04	 4.71785117E-05	-5.89576891E-05	-1.49600088E-04	 1.41291905E-04	-2.31171946E-03	-2.26584472E-03	-1.10761128E-03
 7.850000E-01	 1.76136857E-04	 6.79554543E-05	-6.01385113E-05	-1.75424060E-04	 3.61157076E-04	-2.44117954E-03	-2.58332338E-03	-1.38749367E-03
 7.900000E-01	 2.09207083E-04	 9.59186409E-05	-6.16919630E-05	-2.09356941E-04	 6.35579681E-04	-2.56788370E-03	-2.94837140E-03	-1.72931170E-03
 7.950000E-01	 2.38078634E-04	 1.20112589E-04	-5.97364177E-05	-2.33807468E-04	 9.75057496E-04	-2.67719108E-03	-3.35922182E-03	-2.14144411E-03
 8.000000E-01	 2.63577541E-04	 1.40933650E-04	-5.60435516E-05	-2.50750982E-04	 1.38228725E-03	-2.74578765E-03	-3.80041610E-03	-2.62102635E-03
 8.050000E-01	 2.92211112E-04	 1.64832252E-04	-5.27135557E-05	-2.69618741E-04	 1.86190190E-03	-2.76035988E-03	-4.26415359E-03	-3.16809950E-03
 8.100000E-01	 3.24441767E-04	 1.91877582E-04	-5.02751580E-05	-2.90753270E-04	 2.42119566E-03	-2.70928054E-03	-4.74577356E-03	-3.78519090E-03
 8.150000E-01	 3.59972562E-04	 2.22065196E-04	-4.87672810E-05	-3.13833869E-04	 3.06407880E-03	-2.57899650E-03	-5.23868533E-03	-4.47256079E-03
 8.200000E-01	 4.10387344E-04	 2.76913094E-04	-3.94366033E-05	-3.51951213E-04	 3.79566548E-03	-2.36002349E-03	-5.74076789E-03	-5.23077321E-03
 8.250000E-01	 4.90114183E-04	 3.83102662E-04	-8.38044565E-06	-4.16371565E-04	 4.65745194E-03	-2.05144179E-03	-6.28294540E-03	-6.09134546E-03
 8.300000E-01	 5.78513219E-04	 4.95280220E-04	 2.24213680E-05	-4.80394703E-04	 5.72138330E-03	-1.63167038E-03	-6.90481370E-03	-7.10975317E-03
 8.350000E-01	 6.38223166E-04	 5.35312312E-04	 7.52119726E-06	-5.12422662E-04	 6.96309475E-03	-1.04537557E-03	-7.54251225E-03	-8.24098929E-03
 8.400000E-01	 6.87228604E-04	 5.52359784E-04	-2.56673800E-05	-5.34879478E-04	 8.27397198E-03	-2.69546462E-04	-8.08672417E-03	-9.35861315E-03
 8.450000E-01	 7.73771087E-04	 6.60257155E-04	-4.16536347E-06	-5.80109407E-04	 9.68604856E-03	 6.90674733E-04	-8.56291582E-03	-1.04673233E-02
 8.500000E-01	 8.91943956E-04	 8.27252729E-04	 4.69858124E-05	-6.38100250E-04	 1.13440314E-02	 1.87732399E-03	-9.05271780E-03	-1.16630276E-02
 8.550000E-01	 1.00646061E-03	 9.52066624E-04	 5.06015132E-05	-6.93437858E-04	 1.32486434E-02	 3.33422383E-03	-9.52165167E-03	-1.29078711E-02
 8.600000E-01	 1.12627225E-03	 1.08511784E-03	 5.29043976E-05	-7.42285127E-04	 1.53077606E-02	 5.05314567E-03	-9.90113296E-03	-1.40883251E-02
 8.650000E-01	 1.28569715E-03	 1.33897472E-03	 1.49876086E-04	-7.74010285E-04	 1.76210782E-02	 7.07826184E-03	-1.02346400E-02	-1.52299058E-02
 8.700000E-01	 1.47751360E-03	 1.59540840E-03	 2.10439030E-04	-8.19430812E-04	 2.03974994E-02	 9.54823267E-03	-1.05720582E-02	-1.64004875E-02
 8.750000E-01	 1.66143773E-03	 1.64802477E-03	 2.98779762E-05	-9.35613843E-04	 2.34403510E-02	 1.24271426E-02	-1.07543633E-02	-1.73649987E-02
 8.800000E-01	 1.83972850E-03	 1.76726058E-03	-6.49773365E-05	-9.91335396E-04	 2.63276338E-02	 1.54535140E-02	-1.06201080E-02	-1.78039180E-02
 8.850000E-01	 2.07951084E-03	 2.43654157E-03	 4.43166006E-04	-7.57480204E-04	 2.96284244E-02	 1.88976345E-02	-1.04292465E-02	-1.80152997E-02
 8.900000E-01	 2.44742946E-03	 3.24007940E-03	 9.71574133E-04	-5.14467818E-04	 3.45247526E-02	 2.36176456E-02	-1.04376714E-02	-1.83880847E-02
 8.950000E-01	 2.91577148E-03	 3.29002453E-03	 4.76163336E-04	-8.23254081E-04	 4.03172369E-02	 2.92974221E-02	-1.01818301E-02	-1.81820772E-02
 9.000000E-01	 3.34616236E-03	 2.92487949E-03	-4.52040934E-04	-1.35246109E-03	 4.49893838E-02	 3.43750228E-02	-9.14037416E-03	-1.64656891E-02
 9.050000E-01	 3.66737796E-03	 3.23589663E-03	-3.97933838E-04	-1.20117674E-03	 4.88926709E-02	 3.88518675E-02	-7.58634507E-03	-1.35674788E-02
 9.100000E-01	 3.99277677E-03	 4.27953260E-03	 5.67834860E-04	-3.51736405E-04	 5.41613026E-02	 4.43156415E-02	-5.84418639E-03	-9.93008578E-03
 9.150000E-01	 4.45589534E-03	 5.40619247E-03	 1.53352389E-03	 6.34676803E-04	 6.16573030E-02	 5.14448810E-02	-3.78357590E-03	-5.18893851E-03
 9.200000E-01	 5.27161681E-03	 6.13662725E-03	 1.76699496E-03	 1.04408650E-03	 7.11419875E-02	 6.00000254E-02	-8.81924704E-04	 1.40803881E-03
 9.250000E-01	 6.57223381E-03	 6.05414424E-03	 7.87107897E-04	 2.76448454E-04	 8.07855864E-02	 6.82492375E-02	 3.29866405E-03	 1.03209003E-02
 9.300000E-01	 7.63513233E-03	 5.66771351E-03	-2.49458963E-05	-3.38895685E-04	 8.71891009E-02	 7.32597618E-02	 9.24309275E-03	 2.09147374E-02
 9.350000E-01	 7.70517293E-03	 6.23691988E-03	 1.23840980E-03	 1.17673035E-03	 9.19182202E-02	 7.62848094E-02	 1.70867372E-02	 3.23013312E-02
 9.400000E-01	 7.86725259E-03	 7.51820271E-03	 3.17408616E-03	 3.23839572E-03	 1.00420740E-01	 8.11037490E-02	 2.72581040E-02	 4.59454362E-02
 9.450000E-01	 9.35156946E-03	 8.16956453E-03	 3.98848191E-03	 3.19319917E-03	 1.10882862E-01	 8.50501431E-02	 4.00378237E-02	 6.27810554E-02
 9.500000E-01	 1.11051639E-02	 8.15764443E-03	 3.86087041E-03	 1.31807519E-03	 1.16054621E-01	 8.52351892E-02	 5.60435667E-02	 7.54996866E-02
 9.550000E-01	 1.06021512E-02	 6.79308816E-03	 4.27818468E-03	 2.54953634E-03	 1.15391352E-01	 7.98251259E-02	 7.40506664E-02	 8.57713974E-02
 9.600000E-01	 1.03909504E-02	 1.32179393E-02	 1.20745834E-02	 6.34116637E-03	 1.15797692E-01	 7.07692651E-02	 9.48648041E-02	 9.34723653E-02
 9.650000E-01	 7.53203180E-03	 3.75948324E-03	 9.16863054E-03	 1.40148342E-02	 1.14768585E-01	 7.34872526E-02	 1.04133105E-01	 9.86688574E-02
 9.700000E-01	 1.67190882E-02	 5.16793155E-02	 2.60956467E-02	-3.90828558E-02	 8.99106435E-02	 3.43189130E-02	 9.20686898E-02	 1.05430762E-01
 9.750000E-01	 3.84620771E-03	 2.31935279E-01	 2.42339165E-01	-4.69468304E-02	 9.02288495E-02	 1.27298859E-01	 3.91785723E-02	-3.91105081E-02
 9.800000E-01	 6.99636900E-01	 1.00662872E+00	-5.77313736E-01	-1.03663803E+00	 2.08556084E+00	 2.64639298E+00	-9.98732335E-01	-2.25362153E+00
 9.850000E-01	-1.11653557E+00	-1.20069439E+00	 7.14207568E-02	 7.84465198E-01	 7.24241877E-01	-1.37352425E+00	-2.34580333E-01	 1.12383567E+00
 9.900000E-01	 1.08697060E+00	 6.98098563E-01	 1.38393877E-02	-2.89203574E-01	-1.22486228E+00	 1.27353055E+00	 1.28286098E+00	 2.20755650E-01
 9.950000E-01	 1.73550576E+00	 2.10766412E+00	 6.62805815E-01	 2.38072837E-01	-8.58188386E-01	 2.04177058E+00	 2.85541596E+00	 2.21563107E+00
 1.000000E+00	 1.95168414E+00	 2.57751928E+00	 8.79127949E-01	 4.13831633E-01	-7.35963758E-01	 2.29785058E+00	 3.37960094E+00	 2.88058952E+00
